129.43
127.45
126.59
125.8
125.66
127.58
128.39
130.83
126.58
126.9
123.8
121.85
122.39
122.8
127.08
121.21
122.21
123.95
130.72
130.69
127.15
131.3
127.92
128.32
133.57
136.48
135.63
136.46
134.18
136.92
137.32
145.41
146.12
150.45
153.96
158.76
162.48
162.34
154.31
146.1
142.01
135.36
140.34
140.13
143.94
140.29
138.02
138.29
132.75
131.95
132.02
132.83
132.51
135.39
136.2
145.97
141.48
139.47
139.6
139.31
139.14
139.14
133.83
124.35
118.62
118.59
128.74
125.42
128.93
133.4
126.47
129.9
128.21
126.87
130.8
130.01
131.51
133.76
135.29
143.39
139.36
136.37
136.1
132.5
128.71
128.07
125.05
117.36
109.59
107.01
115.41
120.0
118.82
118.83
113.18
115.68
118.44
116.95
123.97
112.51
122.47
119.72
129.63
132.2
135.06
136.11
134.31
133.03
130.4
125.99
126.82
117.86
111.47
100.88
101.52
98.41
99.52
102.39
100.94
110.62
112.63
116.73
111.84
110.03
102.65
112.13
103.71
125.29
119.92
128.79
123.32
125.82
119.44
118.41
109.89
110.01
105.12
102.32
97.3
96.41
95.69
91.69
89.43
88.7
89.96
87.74
90.86
93.73
93.4
96.47
101.9
110.14
113.02
129.41
123.01
121.73
126.96
123.68
124.78
122.02
119.46
116.67
115.38
113.59
104.76
96.84
86.26
86.78
84.63
85.47
91.84
85.69
80.34
90.22
98.18
104.58
114.33
128.55
131.33
138.76
140.29
138.06
138.13
134.66
135.34
120.09
124.1
119.28
109.79
111.33
103.77
103.53
103.07
98.92
104.15
95.43
89.53
92.04
106.68
128.04
127.45
141.75
140.57
138.78
130.87
125.28
137.56
141.14
127.32
111.31
109.04
104.31
106.47
97.48
96.21
97.31
78.05
77.71
74.34
74.84
78.5
75.11
85.0
99.19
94.05
96.92
91.74
90.39
94.14
94.62
97.65
87.2
82.14
78.17
90.4
82.07
80.29
83.14
70.95
76.52
77.41
74.41
80.98
72.91
81.03
80.38
82.76
102.46
94.97
90.51
97.57
93.04
88.58
93.41
102.64
88.88
86.44
81.98
89.05
92.2
88.15
83.15
79.24
77.5
92.72
93.37
93.64
97.66
90.54
93.74
110.99
135.89
154.43
121.96
180.18
181.08
182.14
182.25
178.77
180.23
169.93
160.55
152.91
147.11
136.29
122.3
113.28
105.17
103.07
108.15
101.02
110.66
109.68
100.45
121.14
142.1
145.79
170.25
188.7
187.66
188.25
193.07
195.34
185.76
179.0
164.29
148.54
145.89
139.27
109.48
108.22
113.91
109.33
105.96
101.66
112.74
110.05
107.67
114.57
144.95
161.41
180.32
178.07
172.45
171.82
178.47
170.8625
174.0825
171.1825
165.395
155.275
145.195
143.9325
128.1625
116.2925
114.175
114.295
112.9425
112.0525
114.3925
110.8475
113.5225
120.615
137.5575
146.35
160.5175
168.33
172.53
171.4025
168.9875
167.985
164.3225
156.385
146.9525
143.675
144.475
142.08
126.565
112.97
105.8225
103.51
101.35
101.2025
100.3625
103.105
101.61
111.2475
138.13
152.18
170.47
163.25
160.01
166.49
174.22
163.1
129.49
121.6
110.81
111.61
108.09
98.64
93.47
96.16
93.44
81.42
78.34
75.64
81.54
80.28
82.42
93.39
100.29
116.12
113.63
114.81
121.1
109.9
113.06
114.39
115.92
97.93
80.73
88.27
83.81
77.91
75.34
69.55
74.57
72.47
75.28
78.32
70.88
79.81
81.5
85.99
100.01
95.43
98.11
91.52
95.3
85.93
75.77
74.83
72.85
69.76
74.82
80.6
85.35
82.82
82.49
85.17
88.52
87.04
88.18
89.08
80.88
77.84
76.51
77.64
85.01
73.25
72.61
73.64
68.37
69.94
81.95
77.67
75.23
77.67
78.02
82.88
88.91
75.77
72.51
73.12
70.05
94.18
97.15
93.1
100.59
94.74
103.73
124.58
138.83
151.88
168.94
176.9
183.72
183.85
181.52
182.83
174.92
170.66
158.42
149.69
143.43
140.61
121.72
111.64
109.04
95.88
97.28
95.83
97.35
100.3
100.68
111.71
141.99
151.77
167.51
176.61
179.72
176.36
178.85
170.74
183.17
176.72
173.37
159.75
151.09
148.42
121.96
98.82
100.1
101.98
106.78
105.06
102.97
105.87
108.9
126.28
143.97
152.72
179.21
184.34
186.44
181.15
180.85
179.95
168.46
122.92
151.05
145.04
149.01
147.83
139.93
113.78
105.0
109.63
99.55
102.08
110.23
105.35
107.5
117.78
152.13
158.25
178.07
181.67
177.53
171.5
168.67
163.55
145.6
127.61
120.28
126.07
121.07
116.93
115.3
113.92
112.57
91.39
87.29
88.68
92.3
86.38
96.38
98.06
111.49
120.06
123.2
121.42
112.69
118.09
114.4
114.99
116.94
85.4
79.66
74.29
75.71
81.42
78.07
73.52
76.33
73.2
75.54
74.82
73.39
76.08
83.51
82.47
102.26
99.32
95.04
96.75
91.37
96.07
91.08
79.54
80.98
83.37
78.52
86.32
86.85
77.02
79.59
70.93
71.21
96.98
98.05
103.38
96.63
94.4
100.34
101.33
123.43
145.79
167.52
181.93
176.42
179.77
182.85
174.55
185.22
180.97
164.87
156.69
148.88
143.21
136.39
118.83
115.99
116.75
109.1
106.88
108.14
103.09
106.62
114.01
129.32
138.23
167.92
189.19
190.0
183.57
188.49
188.57
179.94
176.35
163.71
155.9
150.23
141.49
127.27
106.39
100.61
98.62
106.17
99.78
101.33
96.96
102.94
118.73
143.84
150.74
173.04
180.02
178.04
178.48
177.48
177.68
187.66
180.2
167.74
158.5
150.86
138.94
134.5
126.07
123.26
124.43
118.08
119.59
112.96
96.28
105.55
117.96
135.38
146.02
165.84
178.2
188.32
184.54
186.24
179.58
183.88
183.02
153.65
150.72
159.4
145.8
143.78
122.28
119.3
111.77
108.12
111.84
114.15
107.64
106.34
113.52
145.39
167.51
183.04
184.15
184.48
181.79
182.62
180.35
173.94
153.64
136.47
128.94
119.24
118.71
111.91
105.61
105.73
82.17
78.11
81.32
81.16
76.65
81.36
87.62
105.28
103.77
110.98
115.55
119.37
116.8
116.11
121.22
115.02
89.57
89.2
91.01
94.88
88.29
88.79
88.9
82.91
82.16
88.13
86.69
86.36
87.05
91.33
96.55
107.66
110.61
110.29
104.7
100.44
99.56
96.86
87.06
86.27
85.53
83.95
88.71
92.62
81.94
80.8
79.22
79.17
96.65
106.46
106.78
110.48
105.32
106.04
123.43
144.87
158.6
174.55
176.9
180.76
180.69
181.21
182.98
188.21
185.17
171.25
153.32
145.41
143.79
134.65
117.8
104.01
104.67
110.0
113.49
117.15
106.72
114.16
127.43
152.38
161.8
184.29
190.93
190.96
189.21
193.57
194.28
185.13
177.72
167.86
161.98
158.15
150.43
138.33
117.94
104.3
99.99
106.51
113.53
119.47
104.38
106.51
121.78
148.07
165.63
179.79
181.76
181.46
184.39
186.8
184.02
186.19
178.49
170.71
164.68
161.39
152.73
133.99
124.21
118.12
112.19
110.31
113.09
110.89
106.55
105.83
116.07
144.15
152.47
170.4
184.19
192.15
191.4
185.83
185.34
186.92
184.82
158.21
150.01
142.87
136.48
127.85
125.19
110.13
105.2
102.4
98.85
99.21
97.4
93.31
103.38
141.48
161.49
167.67
174.66
178.6
171.54
177.49
175.04
155.38
141.69
129.32
121.9
118.33
123.09
120.56
112.45
112.58
85.44
76.26
75.94
74.6
80.27
79.34
90.99
108.33
103.51
112.93
117.6
117.85
119.69
114.23
113.61
102.98
91.4
82.99
89.4
83.4
87.54
85.11
77.16
79.71
74.37
79.48
76.81
77.87
81.37
79.82
88.38
113.39
110.05
114.28
108.44
108.79
110.26
90.27
85.23
83.78
80.36
84.32
82.07
84.09
87.62
84.53
78.24
83.25
117.63
108.19
105.48
109.5
106.58
99.54
114.86
136.61
159.58
180.02
180.9
180.49
180.63
180.47
181.87
178.0
182.22
174.89
147.77
150.11
151.11
126.73
112.0
104.43
113.1
115.95
114.32
112.5
100.72
98.97
116.21
123.36
129.65
171.58
187.71
186.24
184.97
187.02
191.33
192.08
181.18
168.98
151.75
149.84
142.72
125.49
118.99
107.35
101.97
105.33
109.23
95.2
94.8
96.97
103.47
131.85
154.17
171.49
184.76
183.67
177.49
184.47
169.22
178.41
175.35
169.51
157.73
153.37
145.49
124.55
101.39
99.83
98.17
102.01
103.03
103.28
98.44
101.37
110.27
130.0
138.57
170.31
183.9
186.13
186.2
184.03
188.01
183.28
173.89
162.28
149.93
147.8
134.43
124.57
115.65
106.03
104.73
103.85
100.05
97.72
91.78
98.62
103.35
142.48
161.18
169.52
178.64
179.42
179.96
169.86
160.4
154.47
140.55
136.44
131.57
129.2
128.7
120.27
121.31
115.38
97.95
84.79
77.79
82.15
80.92
85.01
89.0
106.89
107.86
108.15
115.59
117.3
115.89
117.0
115.91
104.39
86.0
90.25
87.48
93.04
84.21
82.04
81.64
76.54
78.31
78.3
75.95
78.02
75.03
79.1
82.37
83.94
77.09
118.1
111.39
114.47
114.66
121.71
130.56
120.83
120.78
124.0
120.64
121.59
90.76
82.12
81.05
81.63
111.36
126.98
122.38
130.14
117.46
101.71
117.0
135.99
166.29
183.18
187.43
189.51
193.73
193.54
189.31
189.83
188.39
176.86
160.12
155.37
143.27
126.56
124.78
108.81
118.03
116.52
105.59
114.92
110.95
103.77
117.89
143.35
152.68
181.64
182.5
194.29
189.2
187.9
190.58
180.69
178.24
163.56
154.38
157.43
140.63
133.62
121.35
120.82
111.91
104.86
112.73
114.45
117.87
106.05
111.22
140.73
150.25
173.02
177.59
183.62
188.33
179.6
173.47
183.75
180.09
173.23
149.87
152.28
143.15
130.61
120.34
111.75
113.74
114.38
115.96
109.45
99.94
107.82
115.17
145.05
164.99
182.33
189.41
189.53
184.11
189.58
185.75
177.37
180.21
155.36
145.47
139.11
138.3
129.64
104.85
98.91
95.15
102.85
108.12
99.42
98.09
98.78
108.74
141.76
148.15
170.34
167.49
170.46
160.83
155.92
157.29
146.6
138.23
121.12
103.1
109.34
109.48
107.27
101.68
102.29
80.46
70.23
67.7
73.98
68.93
74.81
92.9
100.88
108.16
118.19
116.94
114.86
113.45
118.58
122.2
108.53
109.46
79.34
70.96
77.42
76.11
72.74
71.85
66.58
68.24
71.01
66.73
71.27
67.91
77.11
77.72
92.35
101.02
101.59
100.4
102.71
101.9
85.31
73.86
72.08
73.16
72.71
72.58
76.99
76.75
75.02
74.79
71.02
91.48
106.2
103.23
109.22
102.0
112.72
114.54
135.95
158.62
178.56
175.66
189.0
189.11
193.45
186.14
183.41
190.84
174.2
151.49
152.91
147.03
136.51
125.0
127.13
124.6
129.65
127.82
131.81
130.4
130.32
135.68
162.87
173.48
192.46
196.62
191.74
184.95
188.6
185.46
188.72
181.63
157.68
149.04
143.12
139.71
133.71
116.73
102.4
102.68
116.99
116.97
111.15
104.26
107.72
115.08
137.68
143.6
168.43
174.92
176.66
168.52
172.31
167.61
175.46
169.03
155.27
145.4
139.94
141.89
127.74
121.0
119.11
122.09
116.99
111.2
112.45
104.48
103.79
120.2
145.02
156.32
173.77
175.13
182.59
187.69
178.86
181.19
181.82
178.43
152.77
140.25
139.47
136.31
123.1
111.33
108.03
101.21
101.02
104.62
96.43
99.15
102.5
109.32
146.76
155.48
170.17
169.03
167.22
170.75
170.43
164.91
112.29
139.96
126.84
124.74
121.44
118.69
120.87
115.95
113.74
97.55
90.63
86.54
92.64
89.18
93.01
113.41
119.61
121.67
123.33
119.48
122.48
118.88
125.13
124.6
122.75
118.23
103.77
92.24
90.12
89.31
92.6
84.14
84.89
83.98
79.76
84.25
81.99
83.85
85.47
85.92
108.77
102.61
111.31
113.76
107.29
106.92
103.39
93.79
87.54
81.92
80.12
80.38
83.05
85.74
84.55
75.54
75.67
103.16
102.88
105.18
98.55
95.35
101.85
104.02
134.84
154.4
184.19
201.28
203.23
199.89
201.23
193.61
189.09
184.17
175.61
163.42
167.2
161.46
146.64
134.38
134.41
134.95
124.62
131.58
123.23
123.61
128.63
128.18
149.88
160.73
180.9
198.42
197.39
190.09
196.36
204.08
186.73
184.67
177.12
153.73
155.05
151.68
148.07
130.81
124.62
122.29
126.45
120.03
122.25
116.69
114.69
128.41
152.74
166.22
189.92
189.66
189.32
185.38
193.35
177.25
175.67
175.32
170.39
156.27
158.55
145.36
128.61
114.84
112.69
112.75
111.24
115.07
122.63
117.47
116.36
131.17
151.16
156.61
173.6
182.19
192.63
174.73
172.59
178.39
167.38
152.06
142.22
132.01
127.84
123.36
113.99
105.06
99.73
95.39
100.29
97.76
97.52
95.73
99.17
110.28
135.63
146.67
157.5
158.73
158.77
153.58
150.76
147.34
124.7
113.11
100.21
97.36
104.49
103.29
105.87
101.65
96.83
88.61
71.83
71.75
72.33
71.79
77.14
90.83
107.02
104.34
102.07
95.03
102.81
93.26
106.65
100.23
99.38
104.01
98.76
83.96
80.63
74.34
80.17
68.72
70.02
70.07
68.61
71.36
66.92
71.86
70.89
77.94
90.38
99.91
100.95
98.26
99.71
93.4
88.36
71.83
70.24
77.2
69.02
73.52
73.98
74.59
77.53
68.14
72.04
88.11
96.01
91.57
100.57
98.74
102.17
102.23
97.07
99.86
114.82
103.73
119.4
121.63
118.55
110.52
113.03
110.2
112.62
103.35
103.55
104.34
102.08
97.12
89.05
96.47
101.99
96.11
96.85
103.4
105.07
115.09
102.44
103.92
121.82
120.12
119.1
121.94
121.13
116.07
84.16
107.27
112.09
103.88
105.34
104.24
101.31
97.57
96.03
97.17
100.13
90.95
84.0
86.21
90.8
92.03
97.28
98.56
108.79
117.82
110.4
113.41
115.14
118.32
111.2
114.03
104.23
101.23
104.48
102.56
104.41
89.15
94.75
94.72
95.42
97.61
93.15
94.2
99.9
99.94
105.08
115.09
116.89
127.73
126.63
126.37
125.25
120.49
124.8
117.8
113.77
107.49
112.75
113.92
106.67
107.06
105.15
108.77
97.5
98.04
101.63
92.24
98.04
95.47
92.67
103.88
115.36
114.16
115.78
114.52
116.43
114.47
106.04
113.43
102.0
104.63
113.99
112.28
111.42
98.67
108.18
85.42
69.16
70.38
67.47
72.76
71.17
86.83
93.64
90.82
100.21
94.77
95.24
98.76
99.28
98.75
91.1
75.27
73.64
71.77
80.03
75.91
77.5
71.04
68.9
72.49
70.02
68.24
72.33
65.65
71.8
75.09
93.93
93.19
95.07
91.68
98.33
95.44
81.29
75.75
73.27
72.2
72.9
71.09
78.24
76.8
76.11
73.29
69.85
114.63
98.07
91.02
91.47
85.77
96.32
101.0
120.09
142.51
164.49
180.02
179.39
167.31
168.34
163.76
180.97
197.01
183.57
165.53
145.11
143.7
138.8
114.74
110.14
110.14
110.44
110.46
104.13
95.65
107.38
117.0
128.88
138.67
160.27
187.57
167.4875
167.975
190.31
197.25
202.41
184.92
180.64
157.47
145.86
136.12
124.55
110.12
111.93
101.74
101.92
102.78
101.76
98.19
102.9
101.46
120.32
146.49
156.9
169.18
173.64
181.35
180.74
178.31
180.79
178.46
160.9
145.07
149.91
147.8
141.77
122.3
111.25
114.46
111.99
104.09
113.07
105.82
101.82
108.68
138.35
159.03
184.35
186.7
190.28
193.0
187.46
195.73
182.31
167.98
142.37
140.54
139.03
131.58
132.37
117.05
113.92
112.41
118.39
111.78
115.03
105.87
102.48
110.42
130.66
150.91
164.15
170.95
166.69
160.65
156.03
156.04
142.5
122.45
113.38
108.53
104.39
104.88
104.53
99.45
95.16
77.05
66.67
68.5
69.1
72.32
68.52
77.23
104.37
113.0
113.72
121.26
112.39
115.85
115.51
107.59
102.81
99.06
81.73
74.01
75.7
79.73
73.64
72.11
71.01
72.08
72.6
68.51
75.2
67.76
70.12
72.48
89.69
92.94
90.29
84.64
87.63
85.18
79.48
66.91
68.59
69.14
64.3
70.06
70.39
71.92
72.6
72.2
74.65
116.3
103.66
93.76
95.3
93.7
96.48
97.19
123.8
143.17
163.48
190.18
177.19
175.22
167.41
169.46
188.72
182.0
175.7
147.0
151.66
147.01
130.41
123.55
117.43
118.46
113.81
116.53
117.11
99.47
102.98
104.1
130.54
142.22
158.98
175.98
180.3
174.83
182.87
183.15
183.02
176.85
160.38
140.59
137.0
133.13
119.41
120.31
119.19
107.08
107.54
107.68
103.73
100.2
97.62
105.22
139.18
141.24
171.43
176.5
175.15
173.21
171.06
171.92
177.18
180.05
170.47
150.08
155.87
142.01
126.4
121.09
103.27
109.46
112.49
103.26
108.27
99.79
95.5
110.61
129.76
142.91
165.42
178.11
189.66
185.24
193.38
199.13
195.4
189.37
159.42
143.76
140.68
132.02
120.58
106.39
93.22
92.19
100.51
90.82
96.26
99.02
104.93
105.56
139.81
147.24
162.23
166.95
167.66
159.31
157.25
155.43
147.75
119.6
111.64
111.14
111.99
113.02
109.91
101.65
101.86
83.41
69.25
68.84
72.62
71.39
72.95
77.59
76.55
99.53
104.71
103.74
106.7
111.83
109.87
110.55
102.07
82.8
75.3
70.55
77.55
78.41
67.66
72.17
71.22
71.73
66.45
71.68
70.83
70.73
72.01
77.1
111.0
97.14
93.25
94.27
94.97
97.44
81.39
72.96
74.13
70.8
73.49
75.27
78.45
72.38
73.28
72.57
70.54
116.96
106.8
103.52
101.47
91.86
97.07
104.48
130.03
142.98
177.02
188.72
185.25
184.24
179.25
185.73
202.1
187.34
181.63
159.87
155.64
159.02
136.79
116.86
115.17
115.28
115.33
114.03
111.05
105.95
109.04
112.03
113.47
138.85
162.55
174.19
187.79
193.73
196.6
197.81
193.85
185.48
164.39
157.82
160.24
148.56
129.23
121.51
122.4
119.45
112.23
103.87
105.74
102.07
98.37
103.4
131.47
147.72
178.4
188.77
172.44
184.16
172.35
186.81
195.2
181.31
182.76
152.96
148.36
142.09
124.62
109.74
110.66
109.89
106.27
100.34
105.01
103.01
110.39
118.43
131.74
146.02
158.07
174.09
187.92
175.0
172.86
173.58
180.82
172.73
146.02
133.34
139.67
133.52
115.17
101.35
97.68
92.67
96.95
100.62
104.76
96.79
104.27
104.75
132.31
144.87
157.41
152.86
156.21
154.19
148.09
150.5
132.36
106.35
103.97
98.08
100.79
101.9
100.02
93.58
100.3
77.78
68.54
69.34
69.69
68.0
72.99
74.89
69.31
76.46
94.49
93.4
101.15
99.79
100.56
103.13
93.12
79.03
75.23
69.69
78.81
78.13
70.42
69.73
71.74
65.73
70.88
70.28
69.59
67.95
72.39
73.04
108.92
97.95
92.71
91.46
89.99
91.23
79.7
70.66
73.83
71.94
68.4
74.37
78.41
74.42
72.77
69.97
70.98
120.03
108.83
93.79
91.78
88.82
94.58
98.92
130.91
156.72
175.48
188.68
168.87
158.73
161.31
178.39
192.36
191.28
167.06
139.7
142.39
137.5
119.36
107.74
114.19
118.89
114.75
121.23
112.9
106.98
96.37
117.93
141.53
142.04
165.47
174.8
186.14
175.61
178.35
175.61
174.41
165.38
148.23
140.21
134.59
131.72
120.19
110.89
110.48
108.05
103.56
109.63
101.72
92.51
96.84
100.85
129.43
155.26
181.31
170.77
165.3
173.86
168.16
167.83
180.48
179.62
168.15
145.01
137.51
135.91
117.66
103.74
105.45
102.45
95.91
101.19
97.21
98.23
106.45
116.16
137.56
150.15
165.73
173.96
174.13
186.23
185.79
183.44
169.33
155.87
142.03
133.96
131.67
133.11
120.45
105.62
113.56
109.22
104.43
109.2
94.93
93.98
98.51
108.18
127.45
147.46
157.35
160.81
162.09
160.77
150.48
145.86
125.28
117.3
110.5
102.76
104.09
101.28
105.82
96.45
98.84
78.68
68.49
72.31
69.67
73.23
71.63
83.29
99.53
105.94
113.73
117.62
118.64
127.62
124.96
117.07
116.45
93.45
73.45
67.24
76.31
76.4
72.36
72.57
68.22
73.34
69.13
71.02
71.34
68.55
70.94
73.77
67.75
73.42
70.63
71.44
74.46
69.1
74.49
71.2
75.91
71.84
72.13
74.74
73.95
78.78
74.84
68.8
71.94
119.84
113.93
102.3
96.51
93.92
96.2
100.12
132.79
146.13
168.3
190.15
179.59
185.61
177.71
187.8
175.29
170.57
151.84
140.07
138.12
136.34
120.89
108.15
113.21
112.17
115.07
107.53
111.81
111.39
111.37
114.15
132.69
143.8
160.44
174.19
192.55
180.46
178.52
184.15
178.52
167.16
155.31
142.96
132.76
135.25
119.72
117.64
113.79
110.32
117.12
115.12
110.92
117.21
115.75
110.18
129.12
144.18
159.43
162.49
166.32
162.91
159.93
157.71
171.95
170.46
155.05
144.92
146.31
142.11
130.37
127.08
126.01
131.08
128.3
109.11
109.25
109.66
114.21
119.84
140.37
156.12
165.79
176.12
174.45
170.87
179.41
181.97
169.92
160.56
148.33
135.4
139.38
132.38
123.49
111.7
103.75
99.77
100.69
103.17
107.86
104.52
104.06
114.1
137.91
157.09
164.69
165.63
164.44
155.64
157.41
147.61
127.5
118.17
110.13
102.29
100.38
102.15
102.14
99.47
96.22
78.15
65.78
69.79
63.57
68.05
69.73
71.21
79.0
105.26
108.01
111.35
110.67
108.47
110.22
105.94
106.0
103.46
91.48
75.46
82.62
79.55
80.07
74.54
75.76
74.32
74.82
77.68
73.84
76.68
78.02
80.41
76.3
77.51
79.83
74.28
79.66
75.81
78.12
76.68
126.41
110.53
102.25
103.66
106.14
77.4
79.53
78.28
75.1
124.39
124.88
101.73
97.71
91.83
100.94
100.87
128.8
142.43
164.08
180.75
179.49
175.47
176.33
173.17
186.79
178.26
165.85
148.35
149.52
151.06
130.24
120.94
118.03
117.45
114.57
117.49
114.62
114.32
117.06
116.79
133.43
142.84
165.57
181.04
184.77
176.41
171.36
176.91
168.48
159.76
151.36
141.86
138.5
134.41
125.48
110.44
110.36
94.96
101.74
102.44
106.2
103.93
101.42
99.46
122.77
141.08
157.29
166.21
164.78
162.9
162.58
158.04
171.27
164.98
157.29
145.35
147.22
139.86
124.22
124.58
118.5
118.81
119.86
114.8
119.02
115.71
100.45
111.09
125.89
150.74
153.25
161.33
174.05
172.86
173.44
174.72
162.13
157.24
141.94
136.78
132.95
139.68
123.2
118.35
113.16
113.84
110.8
115.65
115.44
105.58
100.07
108.53
135.0
157.23
166.5
171.1
172.52
161.76
163.67
162.1
133.45
122.98
108.65
102.79
113.43
118.89
111.03
102.31
113.14
87.11
72.27
69.01
70.72
70.36
74.47
73.48
69.2
86.91
100.58
106.5575
107.9375
108.2725
108.3575
106.525
103.7575
98.4425
89.0725
82.6125
82.365
83.31
81.32
78.4075
78.6475
79.2175
79.225
79.4325
79.4875
79.2925
81.3975
87.55
93.1025
92.7525
91.17
89.3125
89.335
90.2
107.17
103.07
105.58
107.73
106.81
111.42
111.0
99.77
84.92
75.42
76.87
87.49
105.66
106.54
111.72
109.67
112.64
106.02
128.74
148.92
157.72
164.22
163.63
162.79
166.09
162.71
164.44
164.46
146.79
137.57
138.73
136.14
135.39
123.8
125.43
132.01
123.29
131.94
124.87
123.23
123.74
124.56
120.79
139.43
165.91
162.8
172.54
163.54
166.46
169.54
159.76
158.23
147.22
142.3
128.47
127.63
120.91
111.82
120.81
116.33
108.82
116.77
120.83
117.72
118.48
121.77
131.87
138.2
158.83
164.23
167.26
160.91
167.97
159.61
164.75
166.99
151.74
143.94
139.27
140.97
133.77
130.07
124.56
127.42
127.94
126.41
121.17
118.63
119.23
120.88
128.74
143.93
160.38
167.49
170.33
123.53
166.33
125.7
162.06
155.49
142.82
133.13
133.84
128.11
123.1
116.77
103.25
105.59
106.21
106.81
115.05
118.17
115.97
116.58
127.7
148.62
164.03
165.25
159.33
159.05
158.78
115.61
143.17
140.44
132.08
124.88
113.93
88.49
53.73
79.33
109.5
85.45
72.27
69.01
70.72
70.36
74.47
73.48
69.2
86.91
100.58
109.71
115.24
117.09
113.97
106.5
106.17
104.05
82.41
78.38
78.1
83.58
77.28
75.27
74.78
75.57
74.18
75.68
76.01
75.32
74.91
76.44
75.78
76.89
76.19
77.4
76.42
77.68
76.59
77.53
128.66
131.44
108.52
111.88
111.11
87.69
76.57
76.97
77.58
129.96
117.76
103.69
114.14
114.96
105.37
107.5
130.78
145.49
154.91
170.42
157.49
158.59
159.93
170.39
162.22
154.38
142.96
128.02
140.19
136.85
109.93
115.04
121.22
114.51
112.04
111.51
115.8
110.91
101.24
111.81
123.76
134.61
145.47
171.75
162.88
160.4
161.58
160.71
163.05
154.65
143.48
135.88
131.36
132.68
119.84
100.22
101.26
105.02
92.65
97.63
103.48
99.02
95.01
101.9
128.66
143.89
146.97
154.81
152.19
148.42
154.64
153.21
150.19
148.26
132.22
126.97
134.24
133.81
126.33
109.71
117.38
114.59
117.83
119.41
119.63
111.26
113.89
103.75
136.05
154.19
153.19
154.21
153.65
161.81
161.9
151.39
152.07
147.49
133.75
128.95
129.42
137.55
110.12
103.83
99.03
103.1
95.21
105.64
106.57
108.75
95.79
99.84
126.32
147.57
143.47
166.57
164.94
160.73
161.87
157.77
142.3
139.12
135.79
132.59
133.84
130.59
128.94
129.43
125.11
108.48
105.85
100.78
105.32
103.11
109.24
102.78
100.25
103.22
118.99
124.32
122.47
122.18
124.26
119.82
123.64
117.21
100.8
93.77
81.39
83.95
81.15
79.02
79.02
77.6
79.9
80.24
85.8
89.22
88.56
89.8
86.5
90.96
80.61
79.36
76.19
80.13
77.61
80.52
114.3
117.58
110.76
113.77
110.34
101.73
83.48
77.15
73.7
109.65
111.98
112.03
104.5
107.09
100.34
105.97
107.07
112.25
130.25
144.4175
152.43
141.76
146.9
138.85
134.77
127.03
122.71
111.96
114.19
117.07
104.72
104.6
99.51
109.84
107.49
106.79
111.59
104.21
106.87
109.07
110.81
118.41
130.43
139.67
137.43
139.85
137.4
130.61
123.98
119.58
113.88
106.18
106.23
110.11
108.41
108.3
103.96
98.42
102.09
103.99
105.72
104.44
105.06
105.1
111.24
122.33
126.5
129.98
130.7
123.48
133.07
127.73
123.23
120.48
111.06
106.98
109.36
112.65
102.59
99.62
100.83
102.79
102.59
103.13
105.35
101.69
102.46
108.83
117.64
123.05
131.07
130.49
133.52
131.66
130.74
133.94
119.5
113.61
110.31
103.94
102.47
106.39
101.76
99.23
102.29
101.25
95.31
103.32
103.35
102.99
108.6
105.07
111.38
114.4
121.48
128.43
128.53
120.31
128.85
127.64
116.41
115.07
102.16
94.53
98.47
98.94
100.25
94.1
99.4
88.17
81.74
82.62
80.85
84.87
81.7
87.03
85.33
82.83
94.51
98.65
99.21
96.66
99.0
102.81
99.17
95.85
82.87
78.68
72.88
69.54
70.26
64.51
67.14
66.29
76.81
79.18
76.63
83.84
77.28
82.89
78.83
80.07
71.73
67.81
68.02
65.49
68.67
65.24
102.1
100.2
99.97
96.08
101.63
86.5
74.08
64.0
68.19
89.38
101.02
93.45
97.89
94.52
99.35
100.43
103.26
116.11
132.44
126.15
129.08
126.59
136.83
126.69
122.97
117.2
115.58
105.07
107.1
103.24
101.12
99.63
96.21
100.98
100.23
96.47
101.54
99.91
97.17
105.77
108.53
119.73
121.2
128.94
125.6
124.93
125.91
120.71
120.54
120.85
110.65
106.22
108.2
110.52
100.58
100.76
97.3
98.12
95.65
94.44
102.56
101.4
98.99
103.58
107.87
110.96
120.26
131.49
127.71
127.37
129.11
121.32
123.76
119.33
111.18
103.94
105.17
106.5
101.28
100.66
103.43
105.19
103.48
104.11
101.76
103.58
104.43
108.2
116.89
119.36
119.93
129.23
129.55
123.99
128.07
123.56
125.91
123.15
112.52
108.28
109.58
108.83
96.73
97.39
97.78
94.73
97.73
96.75
94.37
98.16
100.86
103.21
107.15
121.11
123.2
124.04
124.27
123.45
122.48
119.18
115.66
110.94
106.33
100.75
99.41
106.83
101.35
97.73
99.74
82.26
79.84
72.06
69.97
64.65
68.87
75.3
76.98
77.76
84.92
96.88
96.1
95.79
93.64
97.72
94.09
91.75
77.21
64.76
67.01
70.97
67.39
65.35
65.6
64.9
66.97
63.23
65.73
63.65
67.22
67.59
65.63
65.32
67.4
64.51
68.31
64.54
68.4
65.03
113.76
102.0
101.26
100.49
97.76
83.54
73.58
66.32
64.44
65.66
62.64
66.72
63.33
66.3
62.23
64.25
63.65
62.82
65.69
64.16
66.2
64.01
64.06
64.99
65.91
67.51
66.58
63.0
65.02
65.75
64.11
63.74
62.28
117.98
127.96
100.37
95.9
98.14
98.52
101.18
111.49
118.43
128.3
128.9
134.25
130.5
126.77
124.84
121.71
121.21
116.21
112.56
111.89
115.27
102.56
103.32
99.53
98.53
96.93
92.39
99.46
95.38
96.03
98.39
105.31
114.82
122.29
120.74
126.73
119.99
128.65
127.8
122.86
109.19
96.59
93.03
92.54
95.28
92.99
90.02
88.52
88.76
92.01
92.3
89.21
84.59
86.28
81.32
87.71
99.17
105.28
107.85
115.32
107.54
109.39
109.67
111.73
111.89
107.93
100.43
99.75
99.69
97.31
94.69
93.97
92.01
90.17
89.58
91.08
90.39
91.43
87.74
89.43
98.31
113.31
119.12
122.2
119.1
117.47
118.26
116.51
113.14
105.14
101.04
102.47
103.87
103.31
101.79
101.94
86.83
71.4
68.75
68.3
68.39
68.41
95.43
95.66
94.02
93.04
95.37
96.37
96.92
98.07
100.0
100.63
100.96
83.02
66.89
67.46
71.22
71.58
69.34
68.5
67.95
66.85
66.2
67.28
67.19
66.2
114.88
113.36
97.75
97.68
100.12
98.27
99.01
101.63
96.5
97.48
101.41
78.73
64.06
64.22
69.27
71.37
71.18
70.45
122.33
123.38
102.46
101.02
99.82
98.53
94.87
103.17
112.56
120.32
131.31
132.41
123.22
134.47
133.34
125.16
118.91
111.04
102.64
101.69
107.17
107.34
104.77
101.3
102.06
101.67
99.9
102.79
98.37
98.95
96.45
103.04
114.98
124.0
125.87
126.71
127.51
130.75
134.38
121.29
118.07
112.21
105.76
105.1
108.42
106.13
103.44
101.93
98.68
97.89
96.42
99.64
97.91
95.84
93.33
100.75
121.73
130.64
136.47
138.29
132.53
131.7
132.79
138.87
134.42
125.33
121.38
118.1
119.67
118.58
110.68
106.85
106.58
106.57
104.29
104.85
98.62
96.79
93.56
103.93
118.38
130.84
138.91
135.37
127.89
129.0
128.31
127.77
126.55
117.85
110.01
107.58
110.44
110.1
108.89
104.51
106.44
103.6
106.38
104.89
104.57
104.32
101.83
105.95
124.59
135.99
140.97
145.37
141.66
137.55
143.79
142.75
135.58
120.14
110.62
101.49
105.32
103.33
102.86
99.47
83.38
69.49
66.87
64.19
65.83
66.57
101.53
98.6
94.44
100.67
110.38
110.51
111.0
109.47
109.93
100.36
101.97
99.82
99.96
101.09
92.65
76.09
74.89
75.36
73.68
73.31
74.64
74.84
74.44
73.9
117.39
111.84
101.69
101.32
101.94
104.39
104.77
101.96
104.08
102.24
105.26
102.21
105.14
105.33
94.54
79.67
74.07
76.33
122.11
113.29
109.15
109.06
107.79
96.52
93.59
110.59
131.87
134.66
141.03
146.01
149.67
152.62
152.04
143.97
147.36
136.26
121.76
119.95
126.69
108.88
105.18
104.09
104.28
102.0
101.83
106.32
106.15
101.7
98.43
121.16
143.68
153.9
161.94
155.88
153.29
148.99
155.69
145.69
139.17
136.02
118.48
131.22
136.63
126.47
106.64
103.66
102.0
104.88
104.92
111.14
115.12
114.07
106.11
120.64
135.5
139.13
145.46
145.1
135.71
133.9
135.17
135.5
133.45
124.13
118.65
124.12
120.59
113.82
111.79
103.16
103.79
101.63
101.49
105.27
103.24
100.86
100.85
104.45
113.36
119.59
135.32
137.41
134.41
134.57
137.43
137.7
135.23
123.91
118.2
117.76
120.94
112.67
100.82
98.14
96.21
97.02
95.7
98.58
101.72
96.37
93.64
112.2
125.77
134.53
140.13
138.3
134.49
136.92
136.74
136.88
131.46
125.21
105.65
102.58
102.78
101.21
100.88
99.11
83.35
66.89
65.31
65.12
65.33
65.49
107.32
108.64
113.96
114.38
112.39
113.72
114.79
110.86
107.19
100.15
97.91
99.33
99.7
78.74
67.08
67.63
66.04
66.03
66.26
64.78
65.4
64.93
65.08
65.11
114.14
108.92
98.99
98.93
96.75
95.86
96.8
96.86
96.75
96.85
97.98
97.03
96.78
78.97
67.36
75.17
79.75
79.86
133.13
134.79
113.54
112.35
104.97
101.07
97.27
102.07
114.62
121.87
127.99
126.85
124.45
126.23
125.38
123.96
122.68
114.25
106.67
102.65
108.58
109.89
105.92
104.47
105.69
104.42
103.34
107.67
108.51
107.99
108.43
120.94
134.16
142.34
144.58
144.83
141.99
142.76
137.79
138.18
141.01
133.16
124.46
120.64
123.12
121.71
108.39
104.61
104.97
105.64
100.43
100.09
103.0
107.99
108.43
120.94
132.3
140.09
138.31
134.96
130.69
130.99
125.9
120.47
116.09
109.0
105.54
102.35
105.91
111.53
118.65
117.48
118.17
116.1
112.34
107.08
101.47
101.06
101.91
108.4
113.22
121.27
130.9
134.71
132.2
130.83
130.25
129.68
127.66
120.6
115.4
117.83
124.1
122.77
118.6
117.48
118.17
116.1
112.34
107.08
101.47
101.06
101.91
108.4
127.71
144.61
148.01
145.37
132.41
131.26
131.98
138.4
124.76
115.6
105.63
107.26
125.59
120.38
121.23
121.12
99.9
83.15
126.68
112.9
113.54
110.47
93.16
93.08
92.38
93.1
94.37
96.38
97.57
97.92
97.31
98.42
98.4
99.2
100.15
101.62
104.43
103.53
94.75
69.77
65.58
65.44
65.34
64.78
65.53
65.2
113.53
106.33
102.94
101.36
100.42
100.92
99.53
99.25
99.05
98.09
98.93
100.35
75.88
62.43
66.72
67.85
66.85
66.08
117.12
125.85
103.24
107.22
110.21
109.69
109.35
121.98
135.39
146.8
151.37
152.36
146.64
145.64
136.45
138.04
142.21
132.0
123.5
122.17
123.44
118.24
105.47
105.23
106.79
104.87
104.78
106.42
104.01
107.99
108.43
120.94
132.3
140.09
138.31
141.5
145.54
145.33
143.49
143.2
139.55
132.56
126.81
130.25
131.13
124.96
123.22
119.59
121.87
117.37
112.69
109.77
103.85
100.94
98.47
116.58
130.53
139.3
143.79
144.8
141.78
140.65
140.35
143.5
142.81
130.13
123.7
121.99
127.15
124.02
112.47
102.21
102.8
102.4
103.15
104.96
104.1
102.98
104.37
122.33
137.68
146.85
146.44
147.98
143.21
143.99
144.53
144.38
144.74
136.9
130.57
127.94
125.37
125.05
122.97
121.58
118.69
108.3
111.12
110.88
106.54
103.51
103.24
115.67
127.71
144.61
148.01
145.37
132.41
131.26
131.98
138.4
124.76
115.6
105.63
107.26
125.59
120.38
121.23
121.12
99.9
83.15
126.68
112.9
113.54
110.47
93.16
93.08
92.38
93.1
94.37
96.38
97.57
97.92
97.31
98.42
98.4
99.2
100.15
101.62
104.43
103.53
94.75
69.77
65.58
65.44
65.34
64.78
65.53
65.2
113.53
106.33
102.94
101.36
100.42
100.92
99.53
99.25
99.05
98.09
98.93
100.35
75.88
62.43
66.72
67.85
66.85
66.08
117.12
125.85
103.24
107.22
110.21
109.69
109.35
121.98
135.39
146.8
143.27
145.58
135.77
136.87
138.38
133.4
131.58
125.87
117.81
121.51
125.49
124.76
117.57
114.48
114.24
109.33
107.23
108.91
111.48
108.93
108.14
116.5
125.43
131.54
136.7
137.29
129.04
130.27
129.97
128.39
138.06
139.36
132.67
131.81
134.85
130.31
110.8
113.33
109.35
103.82
105.62
108.42
109.73
105.97
104.15
120.38
140.16
152.79
153.08
153.09
152.23
148.61
149.51
147.88
145.97
137.66
130.88
126.93
130.41
124.8
112.31
108.9
109.43
107.81
107.95
113.24
107.81
106.48
108.86
125.06
141.36
152.87
154.6
156.05
145.84
148.0
148.06
144.55
148.01
144.41
137.42
132.69
134.51
127.14
124.19
117.76
87.11
72.72
69.22
67.56
67.94
67.79
67.09
67.47
67.65
69.04
68.61
69.33
69.83
69.44
69.51
69.03
69.12
68.73
67.86
67.62
71.74
67.37
67.09
66.61
66.35
66.74
114.19
140.22
147.64
122.79
110.31
107.28
106.78
106.09
104.66
105.1
106.11
107.12
104.51
105.5
106.06
105.36
105.75
105.54
108.15
104.62
97.06
76.8
66.53
66.8
66.34
67.07
68.77
68.87
117.94
117.1
104.41
105.84
105.32
104.42
104.99
104.64
104.13
104.31
104.95
105.74
106.36
103.01
92.47
73.68
69.71
68.39
110.69
105.28
98.56
99.58
100.77
100.98
104.25
108.69
115.02
125.01
129.09
129.81
130.05
129.82
128.12
126.59
124.34
119.46
116.35
113.74
114.42
109.27
106.26
104.53
107.96
104.45
105.39
106.28
105.56
105.55
108.05
112.9
118.78
121.0
129.68
132.75
129.88
131.53
130.4
134.28
135.41
127.73
121.07
118.26
115.69
110.67
107.7
105.63
102.84
108.22
108.18
108.74
111.56
102.54
105.03
114.24
126.38
134.23
140.53
137.88
136.82
138.88
138.97
137.42
136.97
127.17
121.61
121.9
124.03
111.65
106.11
101.55
101.74
105.13
108.29
109.77
109.84
108.84
110.12
113.42
122.05
126.38
132.17
135.16
138.89
137.12
134.48
132.48
128.17
124.5
119.64
120.96
121.65
113.17
109.75
107.59
106.38
106.02
105.18
106.04
99.16
100.01
102.42
104.22
114.1
123.49
129.44
129.82
128.34
129.18
133.29
128.62
124.45
118.65
112.34
112.79
107.27
108.56
107.33
103.91
100.24
100.24
99.42
99.34
101.13
100.25
101.14
101.61
101.43
102.03
104.7
105.97
109.62
109.77
110.26
108.94
108.11
109.09
108.55
108.16
110.32
104.41
102.13
100.56
100.58
98.27
98.73
99.36
99.74
99.89
100.98
100.15
99.04
98.27
102.0
101.94
102.97
103.76
104.83
104.71
104.77
105.76
106.1
104.85
105.71
102.5
101.97
101.18
101.4
100.61
98.88
101.26
102.07
100.49
104.04
107.82
116.31
122.61
125.47
131.16
132.38
130.83
127.37
125.47
124.86
120.39
114.12
111.67
114.31
111.21
107.33
106.31
106.13
105.67
102.84
104.6
104.09
105.44
104.63
108.08
118.14
129.05
132.82
128.58
127.15
130.2
131.81
128.28
124.07
119.8
112.08
109.63
115.31
110.93
109.0
108.24
109.09
106.69
104.71
106.93
104.31
103.36
107.12
110.39
119.33
127.54
139.02
132.16
132.8
138.97
139.82
134.95
133.59
126.67
121.55
118.23
121.72
114.8
112.34
109.59
107.99
104.75
103.82
102.05
100.56
102.95
106.47
110.45
118.81
124.63
130.46
128.22
125.22
124.79
125.74
123.58
120.58
115.0
111.44
108.77
113.48
110.23
109.75
110.71
108.29
106.39
104.26
106.62
102.53
102.54
104.46
108.1
116.52
129.92
132.24
129.18
132.45
138.55
137.91
127.81
126.22
121.45
111.38
111.87
115.08
109.47
109.8
106.21
103.27
101.46
101.28
100.59
100.63
101.38
101.27
101.86
101.99
102.66
78.41
107.34
106.94
106.77
108.88
108.45
109.69
111.34
111.25
107.78
114.67
106.77
103.89
103.39
102.21
100.95
100.75
99.89
100.14
101.34
100.38
100.89
101.69
103.03
104.85
108.21
105.62
107.04
106.72
106.86
106.85
108.12
107.36
108.66
112.75
107.82
105.86
102.61
105.17
102.87
100.79
100.79
102.06
102.49
105.69
109.34
117.87
126.21
132.09
135.04
131.64
131.25
131.46
133.63
129.11
123.53
118.28
114.65
116.34
108.51
108.45
104.59
105.05
104.18
102.0
103.27
101.9
103.71
104.95
108.13
117.47
122.82
128.79
132.19
130.59
133.29
133.73
131.02
127.41
123.04
116.23
113.37
116.21
111.66
117.26
115.95
114.59
111.29
110.21
110.25
102.51
101.8
105.29
108.09
114.76
121.5
122.59
125.76
126.55
129.28
130.69
130.56
123.52
117.62
114.06
112.39
112.93
109.06
107.17
104.28
104.31
101.82
100.82
100.44
101.73
101.11
102.49
105.4
113.09
124.27
128.77
128.98
126.98
132.38
133.12
128.59
126.46
122.56
116.55
111.78
111.97
110.88
108.12
108.15
107.67
107.5
104.46
104.0
104.4
105.25
106.12
110.83
118.75
124.05
135.8
123.69
117.83
120.64
122.52
128.09
127.34
118.95
113.37
111.85
113.85
110.34
105.49
103.65
103.16
102.01
101.07
101.42
100.23
101.85
101.81
102.97
102.59
102.54
103.62
104.93
105.89
106.07
104.87
105.56
106.35
104.58
105.72
107.37
110.09
104.63
103.03
102.01
102.21
99.75
99.65
99.1
99.45
100.69
100.39
100.99
101.19
100.36
102.63
102.95
103.73
104.19
105.12
103.74
104.95
104.19
106.47
105.0
109.13
104.93
103.93
103.29
103.28
101.1
100.47
100.71
99.27
100.5
102.8
107.09
113.53
119.66
129.8
134.68
136.6
137.73
136.74
131.97
129.4
126.28
120.09
117.72
119.97
113.85
111.44
110.97
109.02
105.4
105.61
107.08
105.44
105.0
106.26
110.47
119.15
130.3
132.66
126.98
130.62
135.23
135.46
133.79
131.66
122.11
114.43
113.27
114.19
111.27
110.71
109.34
106.27
103.89
102.49
104.16
101.28
104.52
104.99
108.57
118.71
124.81
133.18
130.41
126.46
128.25
131.26
132.19
121.19
105.77
110.4
115.0
116.93
105.46
103.54
102.1
102.8
100.92
100.57
99.71
98.9
101.2
102.79
105.62
118.34
128.31
137.03
137.48
132.41
136.34
136.39
137.87
136.5
133.02
122.89
117.9
121.98
112.92
111.36
110.15
107.12
106.8
105.84
103.58
102.94
104.2
105.98
108.84
119.24
130.38
129.61
125.33
126.58
125.84
126.44
124.57
120.0
112.7
107.9
109.39
108.86
101.55
101.85
100.63
99.59
98.77
97.91
96.29
95.91
97.51
97.51
98.68
98.6
100.17
100.89
101.06
100.07
103.62
105.4
104.95
106.21
106.7
108.82
108.9
112.9
106.45
104.39
103.84
102.41
102.43
100.63
100.96
98.78
100.31
100.35
101.13
103.17
103.59
105.24
107.28
106.7
107.39
107.51
109.8
108.77
109.46
111.1
109.37
112.69
108.74
106.54
104.68
104.99
102.43
102.45
101.83
102.74
103.2
104.73
108.32
123.27
132.47
134.63
133.9
122.58
128.94
134.68
137.05
131.18
124.54
119.19
117.2
119.39
117.53
124.11
118.89
119.29
108.08
101.54
106.3
103.8
104.2
108.54
110.22
130.14
138.57
142.38
143.79
143.72
144.24
144.51
136.74
131.56
126.76
121.6
129.67
130.03
119.41
122.09
115.8
118.58
112.56
113.64
103.75
104.54
105.31
107.54
111.22
129.06
137.92
137.73
147.32
139.05
145.25
143.7
136.59
133.92
125.45
119.94
118.82
123.29
116.52
115.45
115.85
109.11
116.02
110.86
106.89
102.61
108.39
109.39
110.03
129.83
136.61
147.17
152.15
145.42
142.92
139.77
141.1
135.38
132.73
124.23
116.13
116.42
110.36
106.95
108.32
105.58
104.26
107.24
104.06
102.64
105.08
109.82
111.92
127.39
132.05
144.76
140.37
139.55
137.09
138.21
136.04
136.23
127.0
110.24
116.32
115.94
105.67
108.33
106.6
99.96
103.64
102.6
101.96
101.85
103.24
102.69
102.26
101.86
103.14
104.59
104.09
107.97
104.94
106.77
106.85
110.23
107.37
112.05
110.39
113.93
105.84
106.64
106.41
101.95
104.29
105.3
103.65
103.5
102.94
105.39
105.37
111.18
108.47
112.01
110.67
103.77
110.69
107.1
112.86
108.57
110.06
108.48
113.62
114.75
111.42
105.04
107.51
107.8
103.79
109.03
103.13
109.01
111.01
109.49
114.86
124.8
138.49
148.5
141.4
142.4
144.24
153.83
155.56
146.36
139.21
131.33
134.16
136.34
131.25
123.47
125.25
124.48
116.99
110.4
116.0
113.23
109.37
117.34
126.49
149.05
159.19
165.84
157.76
163.81
164.6
170.3
164.12
162.11
151.26
135.72
137.67
143.02
122.8
113.81
108.21
107.1
104.79
104.08
108.72
113.07
113.35
116.91
123.22
147.05
160.21
161.9
155.96
155.19
147.59
146.58
141.09
138.04
124.66
123.44
127.47
123.28
118.18
117.66
113.27
115.96
111.69
114.75
113.68
109.38
116.03
119.26
126.03
151.7
153.14
154.5
160.96
155.92
159.97
154.09
158.27
152.17
151.33
147.99
146.61
137.16
133.18
133.47
136.33
123.19
121.84
116.05
119.64
116.88
107.94
112.4
112.19
132.49
149.26
147.38
151.73
150.76
154.65
158.19
152.56
143.87
133.9
114.7
116.58
117.8
113.8
110.26
111.99
111.52
106.3
109.64
109.64
105.55
109.04
108.26
110.22
122.94
128.57
133.11
132.41
118.09
120.31
116.78
119.42
120.38
116.36
120.05
115.14
120.32
112.88
112.01
107.51
114.62
114.46
109.78
113.93
111.89
110.88
115.45
110.78
115.61
116.16
113.86
118.64
114.91
119.69
109.16
113.26
116.88
110.4
118.73
126.32
128.28
126.35
124.75
119.47
119.9
120.33
119.22
114.62
123.49
130.68
139.47
141.49
157.42
159.84
161.44
171.35
166.19
172.6
162.24
168.13
155.15
152.05
147.02
143.95
144.96
140.6
135.55
131.45
129.35
120.43
118.28
122.63
113.27
108.73
119.3
131.57
146.25
152.26
164.97
176.5
189.43
157.01
155.3
138.47
137.27
138.96
128.17
124.52
116.74
114.06
116.01
109.31
109.98
105.25
104.51
114.77
107.51
107.27
113.96
105.61
120.44
133.16
142.74
138.95
145.0
151.89
147.61
135.98
130.28
119.25
114.32
116.74
122.34
111.71
110.54
111.99
116.67
125.05
128.7
125.42
118.89
109.93
113.92
128.71
165.96
184.75
197.78
203.91
202.21
207.84
207.34
195.57
179.98
155.22
145.62
136.48
128.6
125.53
119.68
122.11
122.35
118.45
120.19
120.31
123.77
114.15
121.01
127.88
145.59
164.69
178.2
189.79
168.27
177.07
181.12
166.78
154.81
123.24
116.47
113.46
118.36
118.54
110.93
112.83
107.02
106.84
111.62
109.19
109.78
109.23
110.73
105.44
108.73
112.24
111.09
112.96
109.81
114.5
115.46
109.12
113.81
111.76
115.98
114.94
118.76
112.99
108.58
107.17
107.64
108.24
106.3
107.14
105.58
106.3
108.09
106.91
107.3
110.24
111.05
111.43
111.48
112.86
113.26
114.34
109.67
112.6
114.16
113.11
117.98
113.67
111.25
109.44
110.54
117.3
117.98
125.44
117.01
114.23
121.19
121.83
143.48
160.46
170.47
183.97
190.32
198.81
200.06
207.01
204.07
196.3
160.07
149.45
151.41
138.04
129.75
134.01
129.11
129.63
126.58
125.74
127.87
125.41
128.93
138.87
165.95
189.06
195.87
199.4
198.71
200.68
207.98
188.4
210.22
197.32
177.79
162.99
152.64
135.7
132.44
131.24
125.66
126.95
123.94
122.08
124.89
115.05
109.26
125.75
155.88
179.54
187.37
199.17
197.48
201.42
203.66
208.41
207.69
204.42
183.67
165.17
155.06
144.67
133.53
129.52
130.19
130.12
127.79
126.52
126.88
125.21
137.09
142.21
166.85
182.26
191.42
200.02
202.63
210.85
216.02
189.17
202.48
166.77
151.78
155.82
146.57
138.08
128.99
109.39
105.92
105.07
104.97
110.13
110.81
115.01
115.3
130.21
155.04
163.58
173.85
182.78
175.78
175.43
180.79
171.05
150.24
139.58
123.68
116.49
118.56
113.93
110.61
107.23
105.94
105.21
104.91
103.07
105.54
107.17
106.8
118.72
132.77
135.81
138.64
139.29
142.48
145.93
147.41
146.18
141.18
134.33
131.16
136.93
134.24
129.64
129.13
126.65
126.06
127.36
125.08
123.53
128.58
125.01
130.86
124.22
128.08
127.51
129.43
131.55
133.78
129.7
131.46
136.27
132.94
132.38
133.97
128.97
133.99
129.46
127.22
126.87
126.7
124.46
127.73
124.19
124.67
131.03
132.49
141.49
161.43
174.09
187.81
196.78
196.17
198.55
202.94
209.21
209.86
200.54
177.63
164.94
172.89
160.48
131.32
120.1
125.95
121.87
124.78
130.98
132.11
123.96
129.23
148.01
162.67
189.75
206.79
204.57
201.39
202.68
208.7
206.15
205.0
195.83
193.67
191.38
165.21
145.11
140.19
131.47
127.13
127.92
128.33
125.92
121.55
109.26
117.64
131.1
160.75
182.86
194.07
210.87
208.25
208.13
202.99
203.97
208.4
200.37
179.38
168.41
155.84
140.6
128.78
129.77
130.25
127.91
125.5
124.48
120.46
114.78
115.54
137.63
171.85
192.13
206.63
206.6
204.11
206.18
211.32
203.07
201.12
195.39
178.21
160.2
133.5
123.12
116.26
118.93
115.15
123.06
118.35
116.05
118.16
119.87
112.15
131.36
153.3
169.33
176.67
192.8
177.64
177.61
183.98
169.95
158.42
142.14
123.71
119.84
119.54
110.95
111.4
109.94
106.35
106.57
107.51
103.1
110.15
101.94
108.29
108.36
106.7
113.1
113.7
112.86
111.01
114.23
109.44
114.63
115.31
109.27
113.04
117.31
117.97
113.68
111.37
111.78
111.98
111.56
112.28
104.47
111.93
112.77
113.01
110.38
105.34
112.18
114.84
111.62
117.44
119.26
116.96
119.19
117.95
116.38
119.27
121.01
116.79
114.27
115.74
113.51
86.84
74.13
73.37
74.17
73.77
75.06
76.06
72.92
72.54
72.97
74.52
74.04
74.4
74.59
74.2
74.04
73.71
73.42
73.63
79.69
80.17
74.63
74.64
74.62
118.44
140.97
135.44
130.22
123.51
120.02
128.69
141.58
190.56
204.88
203.41
205.79
207.75
208.22
207.09
203.83
203.29
193.14
191.79
193.05
177.21
156.9
137.3
122.03
110.56
114.13
106.01
120.84
119.22
129.39
141.73
145.12
176.4
192.38
211.08
208.49
210.49
210.68
205.28
211.06
184.96
200.47
190.1
176.56
170.14
145.16
132.06
125.29
130.58
128.17
121.54
132.9
126.01
123.51
128.12
141.88
175.96
201.97
211.55
208.68
204.52
206.03
209.32
209.61
204.04
186.18
171.97
161.96
147.77
144.15
131.35
132.73
129.97
126.67
120.0
120.81
112.14
108.88
112.48
132.61
157.85
180.57
181.58
196.01
191.03
196.98
199.1
193.44
188.54
156.34
121.48
126.49
121.27
115.7
111.9
110.38
104.8
102.57
106.47
107.72
100.95
108.4
110.39
117.27
125.55
130.75
135.75
137.78
132.47
132.95
134.96
133.11
134.09
126.06
125.9
126.86
129.3
123.91
118.44
116.47
119.12
117.47
116.59
116.5
114.51
119.47
123.68
121.11
121.52
124.05
121.12
120.06
126.37
126.12
123.55
124.98
124.14
126.56
128.36
135.18
125.85
123.37
120.88
119.67
123.19
130.67
124.76
121.44
121.86
116.62
121.9
129.56
159.11
184.09
192.48
204.43
209.71
207.25
207.03
206.68
204.1
195.12
188.54
190.43
175.41
152.97
142.66
139.3
137.26
132.62
129.11
126.56
124.06
126.25
131.32
142.03
175.67
200.41
209.57
211.71
210.42
212.18
204.5
207.43
208.52
202.66
182.49
169.53
154.95
145.94
130.77
133.65
120.03
126.01
120.99
120.86
112.32
113.27
111.62
127.55
168.47
183.53
194.26
211.83
205.85
210.2
209.27
205.53
210.06
198.89
181.45
171.92
160.31
149.81
134.37
133.34
130.79
133.74
132.01
130.05
127.25
132.58
130.2
145.3
183.09
196.66
205.99
210.0
207.98
216.47
209.38
210.16
206.71
184.68
172.85
168.28
148.43
146.34
137.59
129.13
133.7
127.85
125.58
126.21
127.46
126.18
131.27
136.97
166.4
175.34
178.76
189.32
180.04
181.64
173.97
171.21
159.05
153.23
117.64
119.14
113.94
114.44
102.81
109.22
102.46
103.08
103.55
105.62
104.83
106.45
109.2
107.66
112.27
118.35
118.52
120.31
122.96
128.43
123.54
126.02
121.99
121.54
122.04
127.74
127.03
128.8
118.17
119.84
119.41
118.62
120.08
117.74
114.9
119.47
119.7
116.7
122.21
121.08
118.69
119.03
118.5
122.58
128.82
123.72
124.54
125.79
124.19
129.88
128.07
121.57
122.49
115.19
123.38
118.3
120.24
116.37
112.93
118.39
113.18
129.93
161.55
188.75
193.46
207.35
185.79
207.25
207.8
206.82
202.25
197.98
172.56
159.51
165.75
147.64
133.61
116.88
120.38
120.42
120.07
124.1
125.47
122.93
131.3
138.5
163.75
190.96
198.41
204.69
203.88
206.93
200.96
199.46
199.6
195.59
177.71
153.79
140.27
126.95
113.16
114.78
112.18
108.21
118.64
117.97
116.7
118.88
116.19
131.65
154.75
173.94
179.14
191.55
190.97
202.76
197.62
198.4
199.17
185.62
180.04
163.74
140.01
131.91
125.17
121.46
117.47
126.98
125.36
121.89
117.34
115.67
112.73
127.62
165.81
179.23
179.14
191.55
190.97
202.76
197.62
198.4
197.95
187.42
179.34
161.93
147.08
136.97
138.15
130.64
124.62
125.22
123.44
119.28
109.81
102.92
106.32
117.9
150.15
165.08
167.48
181.79
174.68
190.52
202.53
187.84
177.58
169.95
130.29
124.46
116.76
113.24
105.53
103.28
99.69
104.4
100.83
98.05
100.55
99.6
104.46
101.1
104.75
104.76
110.1
107.03
115.84
118.59
112.78
113.67
109.07
110.45
110.59
114.81
113.75
110.09
101.67
104.18
104.88
102.45
102.9
100.35
97.04
102.31
107.03
100.39
101.86
104.03
103.4
103.06
105.31
109.28
109.08
105.86
112.19
108.11
109.55
115.52
116.19
109.17
104.46
103.94
102.23
100.55
101.52
111.09
115.92
123.67
124.66
128.76
155.7
181.22
186.78
210.18
169.0
212.37
208.61
210.71
213.53
201.94
189.09
175.18
172.64
155.21
143.43
138.97
136.81
136.42
133.39
128.46
119.88
130.23
133.98
141.6
174.94
196.73
205.13
211.6
206.5
208.42
212.47
212.37
213.99
200.48
196.3
179.6
156.78
143.65
126.82
138.93
128.47
130.35
130.15
124.48
116.45
128.7
135.09
140.55
165.19
184.9
193.78
209.3
206.86
210.78
207.12
209.47
204.95
197.64
196.72
168.65
152.48
144.85
132.1
131.34
128.43
126.29
130.53
130.71
133.96
143.5
136.49
138.61
165.4
173.08
185.32
183.49
181.88
191.02
195.13
193.06
186.83
168.22
161.11
150.69
144.82
140.74
137.66
130.87
129.38
126.78
129.72
124.74
119.08
120.32
123.05
125.41
139.15
160.69
167.45
172.18
170.34
173.72
170.33
162.71
155.31
122.86
117.39
122.68
112.75
116.15
110.57
113.41
104.61
110.63
107.08
110.34
111.33
114.27
114.55
119.7
120.03
119.92
119.49
121.08
120.93
119.85
113.56
110.78
111.35
105.79
111.57
109.43
111.73
109.54
110.62
112.37
107.88
109.76
107.97
107.92
109.72
112.69
113.82
106.92
105.16
103.23
99.45
101.44
100.7
103.6
102.49
102.8
105.1
103.46
103.24
108.09
111.42
110.83
122.11
120.14
123.88
124.24
125.62
114.81
113.08
115.0
120.54
127.35
154.96
183.05
188.38
200.58
206.02
211.94
211.87
207.79
203.22
191.73
166.8
166.76
168.11
158.92
141.48
141.6
135.38
138.12
139.63
136.3
133.08
130.28
130.71
138.51
161.71
188.75
194.94
201.22
202.91
209.64
206.28
200.78
191.46
176.8
161.81
156.35
145.71
145.77
134.83
131.11
127.13
135.71
135.74
133.25
133.61
138.85
145.5
135.53
149.95
162.86
177.22
192.85
187.24
187.46
179.0
190.65
189.41
189.0
170.91
157.44
146.96
130.83
126.88
132.28
136.4
138.0
133.1
130.81
128.87
133.27
131.4
147.79
163.32
178.43
194.03
194.85
196.66
187.54
197.49
181.41
182.92
184.62
164.34
147.54
146.86
139.88
122.03
118.97
111.47
112.27
118.74
120.65
117.48
114.95
120.94
122.71
138.93
146.92
162.62
180.23
172.97
171.99
176.24
179.31
169.41
138.91
120.65
116.48
118.41
112.02
114.31
110.32
110.08
111.89
112.3
111.81
110.89
112.92
115.61
108.47
108.69
106.39
107.08
108.03
113.4
116.28
117.81
113.63
116.48
107.06
107.1
112.8
107.7
112.21
107.5
109.53
104.83
113.69
114.18
109.31
111.65
116.14
116.15
103.93
104.47
102.91
105.6
102.82
102.61
104.14
102.67
104.96
104.09
106.47
112.72
112.3
113.53
112.43
109.14
107.58
110.47
108.55
110.39
117.24
126.17
114.78
117.33
117.04
129.84
131.0
134.82
138.02
141.56
150.2
142.78
140.37
140.87
133.26
126.04
123.72
125.73
121.89
121.95
123.01
112.84
111.15
110.24
113.47
109.1
116.26
121.33
117.0
126.75
132.81
139.43
130.71
128.12
130.52
130.29
132.51
131.22
125.96
113.18
114.26
111.18
106.81
106.36
102.72
105.62
101.12
99.56
105.67
100.65
105.49
114.89
128.25
139.55
173.49
184.85
214.19
209.71
215.33
217.41
215.15
209.93
201.16
170.24
155.77
147.08
129.68
122.55
119.56
127.56
125.43
124.06
130.32
130.22
128.3
119.39
132.16
161.13
182.02
203.32
200.15
204.21
205.81
197.56
207.31
212.5
167.28
157.12
151.37
151.13
139.39
121.38
106.38
99.86
101.9
105.41
117.1
105.73
107.01
114.31
124.6
147.28
168.88
178.03
180.88
176.42
178.79
172.72
175.61
161.4
153.38
142.31
133.78
123.98
123.79
120.08
110.64
110.99
105.66
105.88
110.01
108.67
107.67
115.26
108.39
109.61
107.55
108.7
106.18
109.71
105.43
103.76
106.1
108.75
100.06
102.05
103.87
107.19
98.98
96.44
97.52
100.6
97.1
101.32
103.09
100.52
105.94
112.34
103.61
96.08
99.44
98.49
95.77
96.34
96.09
98.34
97.72
97.86
97.71
103.37
102.64
106.72
101.14
97.88
102.66
100.62
100.58
100.04
110.67
106.14
104.11
118.67
129.71
159.84
182.15
188.15
204.03
202.46
206.6
199.83
203.1
200.53
191.55
165.13
158.47
151.68
139.72
119.15
105.42
116.64
122.19
129.53
121.61
127.6
126.42
138.57
141.29
161.87
185.94
203.74
204.22
205.47
207.71
205.63
202.27
191.82
188.3
165.35
146.09
142.51
131.28
117.31
111.7
111.71
123.43
126.6
125.41
125.52
122.4
132.46
138.99
152.19
162.06
170.27
183.22
183.55
189.16
193.61
189.48
180.8
170.24
160.83
150.22
147.34
134.86
129.79
131.54
134.15
133.85
134.49
129.48
127.76
132.07
134.97
141.65
154.66
171.98
176.6
174.22
173.73
174.28
166.81
165.9
169.43
148.21
147.69
142.05
143.35
136.35
124.4
116.33
114.17
116.54
116.01
125.25
129.47
122.26
122.71
132.33
142.42
156.58
161.45
162.73
155.2
158.0
153.77
149.01
139.88
125.79
128.36
123.34
122.51
120.52
118.66
118.56
115.72
112.67
112.21
111.79
110.18
119.2
122.87
118.54
117.31
118.29
116.54
120.01
119.44
115.89
114.91
108.22
107.91
102.87
109.82
109.67
110.31
112.46
110.7
109.19
111.2
111.39
114.0
114.4
115.99
116.61
118.03
106.97
98.17
98.58
99.32
97.64
100.68
103.86
105.8
103.96
101.96
103.14
107.43
111.41
114.21
117.6
126.24
122.81
126.97
127.72
128.94
124.25
116.89
120.35
126.89
137.47
157.07
168.14
171.61
172.68
172.68
178.09
172.97
171.99
170.25
168.22
157.44
149.54
152.22
136.13
131.48
130.07
133.47
131.49
131.93
133.04
135.4
142.85
149.55
155.78
166.6
171.87
180.93
188.66
183.24
176.8
168.36
168.69
171.51
165.25
156.38
153.84
144.39
135.72
132.92
133.89
130.52
131.62
129.08
132.61
133.73
139.42
151.66
152.89
160.94
156.76
160.49
159.57
164.52
168.52
166.22
167.42
162.87
155.76
143.78
143.62
134.06
120.93
113.36
110.13
117.92
114.78
113.08
112.66
121.69
125.26
134.02
139.23
155.09
157.37
171.53
169.68
166.27
166.8
171.41
162.5
157.26
151.65
150.98
133.13
130.92
121.39
116.35
116.77
114.43
110.64
118.49
111.25
118.9
123.0
129.05
134.47
146.02
148.45
148.76
157.21
149.62
155.13
143.63
147.94
147.3
133.71
132.7
121.12
117.82
117.26
114.7
107.77
109.56
112.75
114.05
112.3
113.9
117.64
118.31
113.58
106.03
104.86
104.67
100.99
104.75
102.74
102.25
101.66
101.67
103.8
106.02
110.43
103.47
111.2
103.08
105.6
107.82
111.17
111.31
111.43
114.82
115.99
117.08
112.38
106.8
104.43
101.28
102.17
100.36
104.9
108.07
101.98
102.73
107.34
111.39
108.68
108.29
110.22
109.79
106.67
105.86
113.78
113.93
113.21
119.17
125.87
127.22
139.54
151.94
161.97
159.36
160.81
160.85
155.86
154.56
151.96
154.36
147.63
142.65
140.28
134.87
129.99
119.44
119.45
122.73
120.84
123.79
117.41
116.35
106.24
113.79
125.45
139.91
157.92
166.43
179.43
182.37
173.89
170.23
184.35
179.98
167.73
152.52
145.23
131.83
127.55
110.3
104.89
103.58
103.91
103.54
114.48
117.37
111.07
115.55
131.9
156.01
171.35
166.26
170.78
165.72
171.9
182.1
173.89
172.05
167.81
156.9
147.84
145.14
134.33
128.44
126.48
131.54
128.45
126.27
130.26
132.08
136.29
142.41
147.25
157.18
170.88
175.68
178.54
174.5
178.71
172.94
168.16
167.69
160.47
157.38
147.5
143.07
139.11
127.6
124.56
122.56
125.39
125.46
124.77
118.61
118.35
127.09
137.27
152.21
163.79
168.21
161.14
159.65
158.47
155.65
150.71
140.38
129.7
116.0
110.29
112.36
110.11
108.03
106.98
104.44
106.24
104.6
105.43
107.68
110.95
114.42
117.36
120.06
117.97
119.06
116.48
116.14
110.1
99.97
100.42
100.98
96.15
98.42
97.26
96.56
98.77
99.1
98.74
100.65
99.57
104.14
103.45
99.99
106.29
107.23
100.75
97.42
91.45
93.4
93.72
91.61
87.32
90.51
88.05
90.86
90.71
94.98
91.26
97.72
96.76
104.32
113.74
113.63
118.1
118.85
122.76
112.75
114.65
130.06
136.61
153.09
163.4
170.15
166.45
162.24
160.97
168.99
166.26
161.89
160.62
144.18
139.5
139.4
134.29
126.7
128.78
129.24
135.51
129.83
132.59
132.01
126.08
136.92
144.47
161.83
177.32
178.83
184.33
182.1
182.02
182.14
181.95
173.2
171.82
157.09
156.9
135.13
134.07
120.39
113.34
105.91
107.5
106.61
110.91
113.54
106.37
107.33
104.12
99.15
101.64
96.73
97.78
97.57
100.45
98.8
89.35
86.25
89.55
89.3
91.77
91.23
94.86
95.57
95.52
110.57
120.79
121.64
123.0
127.61
131.54
138.14
145.77
159.84
185.26
183.22
183.0
175.99
175.15
168.6
160.2
154.53
151.11
141.69
147.11
130.17
131.56
122.58
117.71
117.73
123.64
121.17
124.05
115.81
113.81
123.55
132.83
154.16
166.85
162.6
166.5
165.02
166.87
155.14
155.56
151.49
142.5
126.3
123.46
114.17
102.87
102.13
100.06
98.33
100.68
100.86
99.67
101.08
104.83
111.99
109.74
103.68
102.27
99.6
96.28
99.58
99.3
97.9
96.36
97.17
96.7
99.93
102.56
105.16
100.47
102.62
101.87
105.07
105.88
104.17
105.23
103.23
110.07
115.18
112.66
105.63
107.24
106.3
104.32
102.93
105.55
104.73
105.9
105.86
106.86
109.48
108.24
108.9
105.86
107.52
105.39
107.97
116.52
121.16
123.37
111.21
117.14
132.11
152.41
167.05
180.44
182.51
190.59
192.94
200.44
195.01
188.29
194.75
177.59
163.76
166.7
160.71
151.1
144.59
141.84
137.88
136.47
140.21
137.73
135.73
128.41
142.7
159.99
173.35
189.3
188.31
185.83
189.8
180.19
183.76
180.98
179.07
167.36
156.56
158.21
149.89
134.42
134.56
131.28
129.78
130.58
130.84
129.57
126.6
122.04
129.72
143.15
164.31
178.16
182.71
178.9
178.09
182.32
173.34
172.26
166.03
169.99
158.49
160.75
152.9
133.95
123.11
126.03
128.51
123.66
122.2
134.2
135.87
133.34
143.51
155.26
167.24
178.6
183.2
185.82
181.46
177.83
166.88
164.12
164.49
151.25
158.42
153.39
140.71
131.12
128.34
121.95
116.71
115.59
114.99
118.44
115.41
115.08
125.82
137.31
152.55
159.92
163.2
156.16
149.88
151.89
150.94
148.38
142.25
133.03
123.87
114.39
109.15
104.73
100.47
103.35
102.56
104.04
100.84
100.29
101.67
105.35
110.24
106.82
109.19
117.89
118.18
121.83
122.98
116.74
118.41
116.7
122.48
113.52
101.31
105.14
105.49
101.79
95.43
97.84
98.16
102.32
100.23
100.37
102.77
106.68
110.9
107.99
101.56
98.55
94.57
98.28
99.83
96.4
96.18
95.78
97.01
99.64
103.53
103.83
104.66
100.09
96.77
102.05
106.69
110.6
111.91
118.26
111.05
109.61
127.99
138.95
150.53
163.66
169.44
168.43
160.96
164.37
168.68
173.43
162.14
169.04
149.26
151.88
132.7
129.03
124.68
122.54
124.44
126.03
120.14
123.36
121.05
113.64
124.07
136.66
154.69
167.76
173.24
167.62
163.74
170.38
166.79
163.21
166.66
168.09
147.78
144.99
129.91
124.16
120.28
112.88
120.73
124.53
123.95
120.12
112.5
105.25
120.35
139.19
154.54
163.68
164.8
162.26
165.68
153.49
159.58
150.92
145.25
141.54
142.16
137.7
135.73
118.2
110.32
108.62
102.29
95.29
91.26
95.28
95.12
97.03
103.26
101.84
96.71
94.35
91.97
90.4
92.27
92.08
89.67
89.33
88.73
90.45
94.62
97.92
99.29
93.09
91.73
94.69
94.09
94.73
95.25
95.89
99.52
100.27
106.08
107.59
104.21
105.59
104.23
104.85
95.44
93.68
91.91
92.22
95.59
100.03
102.87
105.21
103.61
101.94
97.18
92.02
108.52
114.43
113.76
114.8
117.56
121.22
125.83
125.05
119.81
114.55
111.77
114.83
113.36
109.61
111.37
107.81
105.62
112.89
119.38
121.87
118.46
114.19
114.41
115.68
116.34
117.16
114.92
118.33
118.88
118.68
129.0
131.83
122.8
117.32
117.0
117.69
116.16
116.11
113.86
113.8
110.28
118.05
123.65
124.3
124.95
121.14
121.11
121.75
121.65
124.19
125.98
122.05
123.51
125.81
142.29
160.89
169.57
185.8
196.49
192.05
187.98
184.26
185.21
186.73
179.48
169.93
159.85
158.62
156.08
139.36
136.21
134.1
133.92
136.32
135.81
143.17
143.69
146.23
158.38
167.39
177.35
195.46
195.44
193.02
181.05
187.8
179.13
181.69
178.42
171.62
161.52
157.25
154.28
138.21
123.6
116.84
119.68
122.28
123.27
128.21
122.15
125.21
139.7
158.44
178.87
186.69
188.54
189.01
180.31
181.96
184.48
177.98
172.69
170.0
157.38
151.12
142.51
130.24
126.25
128.79
125.99
125.41
125.41
122.91
119.09
123.71
139.4
155.82
169.31
180.9
191.87
190.63
178.35
172.48
175.27
173.35
164.42
159.92
147.88
145.85
138.78
131.23
125.64
119.07
112.41
114.22
122.9
119.31
115.93
113.92
125.38
142.05
156.32
170.74
175.31
176.81
170.52
168.46
161.38
156.88
162.78
154.22
131.61
125.45
115.73
108.05
104.09
105.01
105.88
108.19
105.68
110.59
113.09
116.42
120.5
121.33
115.58
112.0
110.46
111.81
106.06
105.49
105.41
101.87
102.67
105.76
108.18
108.61
108.31
106.64
105.63
107.03
106.93
106.31
107.65
107.63
109.69
115.09
116.91
116.44
111.54
109.81
104.87
103.54
101.36
99.42
99.21
97.94
100.15
105.22
103.81
109.39
106.16
102.85
103.42
109.96
109.69
105.17
104.77
115.69
122.06
125.06
138.36
145.81
154.35
165.28
172.22
171.07
169.04
163.88
163.96
159.44
161.52
146.76
137.24
135.97
120.26
120.92
120.34
118.3
119.68
121.13
127.27
129.13
117.79
115.04
125.52
140.61
158.26
177.21
175.35
167.63
171.62
168.96
169.85
176.23
167.98
158.46
150.43
153.39
143.8
134.38
113.89
109.44
104.14
112.16
111.13
117.22
118.97
115.16
126.65
141.6
154.15
163.36
173.47
174.14
167.84
167.68
166.68
165.68
159.78
152.52
145.58
147.57
141.57
134.4
122.81
122.38
125.26
119.15
119.47
118.23
113.15
119.56
129.2
141.45
157.24
158.76
165.44
166.38
171.26
168.33
163.06
148.37
142.6
143.24
143.14
153.37
151.72
133.78
124.74
124.97
120.17
119.57
121.04
124.23
112.65
109.44
123.98
135.11
150.89
153.19
160.52
167.66
163.14
169.21
166.33
153.22
148.44
143.85
139.49
119.61
113.02
108.27
108.5
110.07
109.17
103.59
106.87
110.75
110.64
110.61
116.28
121.12
129.97
130.9
134.17
133.27
130.45
125.82
126.84
132.05
127.43
114.74
117.62
119.65
122.86
116.83
115.7
116.87
116.44
112.29
114.15
118.94
119.33
117.43
127.23
128.16
120.24
120.98
118.83
119.15
116.67
114.82
113.94
114.93
113.91
117.28
119.93
120.16
122.18
121.45
119.1
119.24
124.13
128.64
130.56
134.25
133.94
131.89
141.08
145.27
150.68
165.11
168.49
162.08
157.46
151.61
152.4
153.62
146.15
140.31
139.94
140.36
139.69
133.36
132.01
133.38
133.98
134.93
136.44
132.73
131.07
133.93
145.2
145.6
150.6
162.2
165.28
161.41
156.18
157.5
157.44
153.44
151.94
139.68
136.96
136.12
136.35
135.32
133.68
134.13
133.65
136.43
137.07
139.84
140.26
139.63
152.6
156.2
157.65
165.76
166.74
168.45
163.5
152.88
157.94
154.15
149.42
139.02
134.45
130.85
132.89
130.41
129.49
132.77
136.34
137.29
139.78
139.3
139.26
137.9
149.27
150.21
155.64
161.54
161.14
158.38
161.73
161.33
150.47
147.21
142.69
130.14
128.82
130.12
129.94
125.56
128.17
127.68
123.45
124.54
127.21
134.93
138.79
134.85
146.67
153.3
156.98
160.3
157.39
151.76
151.44
146.87
145.79
145.17
127.56
118.48
119.1
121.63
123.94
120.37
118.5
118.16
116.13
116.77
117.21
118.42
118.24
119.22
126.63
128.09
122.95
119.23
121.55
121.83
115.72
118.12
118.95
116.78
114.87
115.27
119.13
120.89
123.33
117.6
117.69
120.13
117.22
118.05
121.07
119.04
121.64
124.67
132.16
128.51
122.48
121.71
117.93
114.49
113.61
109.45
111.16
108.39
109.16
111.88
118.19
119.11
117.63
115.03
116.66
121.06
122.85
124.48
127.63
135.14
135.02
135.21
139.56
140.31
145.09
145.42
143.22
141.67
139.12
139.64
138.65
139.79
135.78
127.97
127.57
128.69
128.85
127.57
126.68
129.41
130.42
135.9
136.84
141.04
136.54
126.18
136.88
137.03
141.72
149.86
148.11
147.81
147.23
148.39
144.14
141.75
142.38
133.35
138.83
141.82
141.29
134.13
133.54
132.14
126.26
119.67
121.46
119.64
118.15
122.26
133.94
130.97
137.79
142.29
139.45
140.6
139.41
134.2
133.65
134.26
126.46
125.14
138.47
139.63
137.19
123.22
120.5
120.45
116.71
108.9
110.93
112.39
110.06
107.65
117.66
114.55
104.74
99.22
98.25
97.92
97.33
95.79
100.86
101.38
96.78
100.56
106.44
104.96
107.9
97.65
95.77
95.29
96.49
95.46
99.22
98.26
98.63
98.77
106.29
106.67
101.0
100.24
106.15
104.5
102.49
103.6
104.3
101.82
102.42
104.89
111.63
111.56
114.49
114.17
115.28
112.86
118.34
121.61
125.48
124.48
127.3
128.81
136.6
136.66
131.17
128.83
128.34
125.38
126.29
125.93
124.79
124.47
119.83
122.18
127.48
131.15
133.97
129.7
129.06
125.07
127.89
128.06
129.53
129.64
129.61
131.79
139.09
138.8
134.13
130.47
127.77
127.07
129.4
124.78
123.4
119.83
120.22
122.23
124.84
128.91
129.68
128.21
128.61
130.7
128.98
128.8
130.22
131.82
134.14
133.78
144.93
150.08
152.23
156.64
156.78
154.28
147.54
145.86
145.52
139.47
135.34
131.93
128.01
126.75
126.73
122.12
124.98
135.22
132.92
131.96
131.16
132.35
129.3
128.73
142.03
146.39
145.65
154.63
155.19
155.96
149.91
145.7
146.39
143.48
142.9
137.36
132.91
133.81
132.98
131.43
134.24
134.78
132.58
131.57
132.48
134.07
135.13
138.43
148.84
154.96
169.72
164.47
155.79
154.68
152.15
142.37
141.99
138.97
131.45
125.25
127.23
128.04
131.23
128.3
127.06
124.17
125.34
130.02
130.2
128.76
129.78
133.26
143.98
146.11
147.13
150.81
146.82
143.14
140.69
137.16
131.68
128.15
127.28
120.47
127.02
123.88
126.09
125.75
118.36
118.45
