9.0576
8.51075
9.5547
8.919925
8.3662
9.0713
11.2754
12.746075
15.77635
15.320325
15.414075
16.773425
17.30665
16.27635
13.4297
16.29005
19.018575
19.0928
18.38475
18.2334
12.821275
5.372075
5.13965
5.236325
5.3672
4.98535
4.219725
4.189475
4.2041
4.386725
5.88085
11.07325
12.62305
12.0381
14.728525
13.121075
12.481475
12.501
14.40235
13.73535
13.51075
12.908225
6.809575
5.042
4.9082
4.60745
5.21875
4.683575
4.785175
5.366225
4.760725
4.78515
5.298825
4.799825
4.708025
5.921875
8.29005
9.081025
8.80665
9.454125
9.2676
9.641575
9.6504
7.105475
6.876
4.443375
3.514675
3.51955
3.324225
3.22655
3.114275
3.157225
3.140625
2.999025
3.51075
3.974625
4.922875
3.869175
3.9336
3.680675
6.14845
7.4004
6.968775
7.0703
7.5586
7.934575
10.06835
10.4375
11.07225
7.278325
6.182625
6.540025
5.859375
6.8164
7.3838
6.747075
7.576175
6.07715
4.655275
5.46385
4.903325
4.553725
6.05665
14.858425
16.616225
17.37305
17.49805
17.766625
18.68945
19.33205
14.695
18.7422
18.916025
17.9375
17.303725
15.1836
8.0537
5.9668
5.5254
4.8877
4.76075
5.792975
5.02245
5.73535
6.356475
5.758775
9.50095
16.097675
16.4531
17.105475
17.1797
16.52
19.107425
17.50685
17.574225
18.724625
13.58
19.16015
17.9785
18.8506
13.54785
8.173825
7.89455
8.166025
7.76855
8.9248
7.9248
7.882825
8.1748
8.880875
10.18555
18.23925
17.9375
18.458025
17.000975
16.25295
14.816425
13.500975
15.718775
18.288075
17.11035
17.0342
16.255875
17.0537
14.1348
11.613275
12.83595
13.065425
13.4629
15.267575
16.93555
16.849625
16.721675
16.7832
18.662125
13.485
19.3623
15.255
18.167
17.16405
14.1375
13.0325
12.63
15.4756
13.95705
14.75295
11.8174
11.787125
8.592775
6.99805
6.977525
6.974625
7.1377
7.818375
6.8594
7.13185
7.27735
7.481475
9.1699
12.563475
13.823275
13.305675
16.62695
18.255875
16.79005
11.044925
11.456075
12.028325
10.7578
10.454125
6.009775
4.763675
4.749
4.83595
4.696325
4.788075
4.458
3.89065
4.1592
3.778325
4.3262
4.129875
3.7207
4.357425
7.9248
8.776375
8.5469
8.63865
8.7832
8.24805
8.37305
8.394525
9.6416
7.3711
5.85545
6.136725
5.805675
5.4131
5.475625
5.596675
6.0088
6.3467
6.425775
6.208975
6.54295
6.4795
6.08985
6.311525
10.45605
10.722675
10.826175
10.176775
9.901375
10.1162
10.116225
11.73145
11.399425
7.957025
6.286125
7.2041
5.7627
3.8672
4.0498
4.3418
3.79885
6.874025
7.13185
6.6084
6.745125
6.870125
8.91015
16.033225
16.2549
18.498075
14.775
15.65
16.505
16.5875
15.4925
18.737325
15.936525
13.6797
15.381825
16.1211
8.91895
7.9248
7.41015
7.640625
7.747075
8.56155
7.51855
7.582025
8.303725
8.598625
10.538075
18.46
18.679675
18.82325
18.592775
18.598625
17.22755
16.820325
17.170925
17.69725
16.3076
16.093775
13.9785
15.691425
11.2959
9.855475
10.4824
10.611325
9.80175
9.85545
10.0879
9.876975
9.8174
9.85155
11.39455
18.8213
18.0537
19.06155
16.1125
18.52345
17.8965
18.252925
16.685
19.276375
15.6875
15.0775
14.375
18.24805
14.18555
11.110375
10.9785
11.9219
10.102525
7.678725
7.591775
7.727525
8.0293
8.0752
12.87695
17.669925
18.269525
16.812525
17.98635
16.8916
15.8711
14.21095
15.334975
15.020525
17.771475
15.85155
12.7344
12.176775
8.330075
7.611325
7.291025
6.7451
7.34375
7.232425
6.942375
7.11035
7.12405
7.4043
8.949225
14.13185
13.524425
16.5205
14.90625
14.882825
15.752925
14.159175
13.404325
13.708025
14.099625
13.795925
8.62305
7.07715
7.430675
7.169925
7.467775
7.363275
7.513675
7.936525
6.9463
7.02635
7.31055
7.54295
6.994125
7.60645
10.63475
11.924825
12.23535
11.84865
11.938475
11.55955
11.832025
12.409175
11.26855
8.0586
6.782225
6.4219
7.08595
6.916025
6.77345
6.148425
6.499975
6.5752
7.4424
7.591775
7.878925
7.1504
7.4043
6.97755
11.0049
12.263675
12.212875
11.93655
12.19335
13.718775
14.317375
14.191425
16.3203
12.555675
10.441425
10.3828
7.334975
7.659175
7.890625
7.814475
7.38965
7.955075
7.90235
7.63675
7.842775
7.69925
9.620125
16.453125
16.280275
15.241225
16.6553
17.53905
16.73925
17.484375
15.97
16.2725
16.913075
14.187525
13.792
14.067375
10.33985
9.805675
9.02445
9.786125
8.932625
10.399425
9.3701
8.999025
9.44725
8.8955
11.4287
13.963875
15.611325
14.792975
16.157225
16.278325
13.826175
13.2881
9.419925
9.0996
9.267575
8.58595
8.131825
8.375
4.44435
3.368175
3.23145
3.16895
3.199225
3.370125
4.11035
3.4746
3.0742
4.752925
9.58985
12.8047
13.4512
13.2666
13.720725
12.5459
11.58205
13.00585
13.271475
11.956075
12.44435
11.35935
11.3623
11.312525
7.569325
6.224625
6.39355
6.474625
6.72265
6.891625
7.235375
7.019525
7.17775
8.13965
9.29885
14.8174
14.17775
13.936525
13.540025
13.826175
13.132825
10.416025
10.207025
11.213875
12.568375
8.68455
8.9512
8.2373
5.028325
4.7842
4.084975
3.3838
3.241225
3.80175
3.934575
3.936525
4.7881
3.8789
5.557625
9.92675
9.365225
10.620125
9.4082
9.60645
9.577125
9.56055
10.29395
9.548825
10.495125
9.139625
6.1836
4.4873
5.41015
4.03515
3.661125
3.9961
3.573275
4.4629
3.563475
3.614275
3.72265
3.649425
3.543925
3.457025
7.241225
8.320325
8.98925
8.5283
9.0625
8.98535
9.022475
9.019575
8.76465
5.346675
4.458975
5.515625
3.96095
4.41795
4.08985
3.6094
3.38675
4.278325
3.927775
3.80665
3.8203
3.7676
3.9248
3.9873
7.814475
8.5
8.648425
9.75195
8.684575
9.28125
8.92775
9.303725
8.931675
5.692375
4.60255
5.283225
4.200175
3.82225
3.983425
3.695325
3.9629
3.98925
3.79395
3.96975
4.76855
3.791975
3.9717
3.917
4.08885
7.4248
8.85155
8.474625
9.0459
8.817375
8.975575
8.15625
8.067375
5.11815
4.09665
4.596675
5.471675
4.350575
4.090825
3.770525
4.3672
4.666
4.19825
4.27735
3.852525
3.960925
5.734375
9.88965
9.73535
13.997075
15.73535
14.994125
14.190425
15.44435
13.97755
14.122075
12.56445
10.3623
9.5664
9.383775
5.688475
4.47365
3.900375
4.66015
4.651375
4.271475
4.10355
4.01855
4.24905
4.4629
5.5332
10.5166
9.7959
11.520525
11.622075
12.134775
12.29395
12.934575
14.430675
12.167975
12.19925
11.938475
11.12305
10.200175
6.2412
3.961925
4.9502
4.308625
4.1924
3.614275
4.359375
3.9424
4.404275
4.810525
6.640625
9.392575
9.9043
12.686525
12.780275
14.098625
13.96385
14.1543
14.296875
14.175775
14.27345
12.727525
9.837875
9.752925
6.7334
5.800775
5.9287
6.083
5.721675
5.836925
6.2246
5.090825
5.96485
6.34375
6.976575
11.1094
11.64355
12.595675
12.129875
12.820325
13.5254
14.06835
12.696275
11.890625
10.949225
10.261725
6.346675
5.255875
5.153325
5.0166
4.812525
5.2959
5.14355
4.961925
4.6074
4.982425
4.5371
3.732425
4.86815
5.10645
8.553725
9.400375
9.629875
9.0293
9.969725
10.328125
9.60645
9.657225
9.673825
6.328125
4.7754
4.71875
4.5
4.71485
5.954075
5.24025
4.94435
4.333975
4.26855
4.236325
4.502925
4.0586
4.44045
4.3594
7.512725
8.941425
8.5918
9.038075
8.8701
9.612325
9.38575
8.6494
9.5537
5.541025
4.180675
4.6543
4.0039
4.483375
4.418925
3.978525
4.435575
4.362275
4.125
4.5039
3.96095
4.520475
6.3086
9.302725
10.765625
13.469725
13.68945
14.91895
16.67675
16.80955
15.0625
15.682625
13.272475
12.811525
9.518575
9.616225
5.58885
4.727525
4.513675
4.2031
4.40915
3.864275
4.09865
3.7832
4.022475
4.48925
6.955075
9.291
10.46585
11.914075
12.900375
11.28905
12.446275
11.492175
13.8516
12.749025
13.23535
9.7129
8.75585
8.801775
5.2285
3.973625
4.730475
3.907225
3.848625
3.967775
4.075225
3.72755
3.956075
3.660175
7.2666
10.403325
11.12205
11.770525
14.374025
16.017575
16.6006
16.157225
16.521475
16.560525
14.744125
11.45605
10.688475
11.9619
8.5752
7.13965
7.027325
6.924825
6.871075
7.9209
6.947275
6.8721
7.359375
6.9082
9.35935
12.080075
12.101575
14.276375
15.461925
15.000975
15.164075
14.837875
13.485325
13.758775
13.077175
12.5498
11.455075
11.029325
7.9531
6.173825
6.1582
6.346675
6.582
6.552725
6.427725
6.2871
6.62015
6.55275
7.876975
14.565425
12.917975
12.597675
13.46095
12.98045
12.313475
12.520475
12.502925
13.385725
11.617175
10.306625
7.663075
5.7793
6.033225
5.796875
5.878925
5.730475
6.858425
5.73925
5.87795
6.059575
5.65235
5.7119
5.965825
5.786125
9.023425
10.2246
10.540025
10.288075
10.376
10.195325
11.138675
10.429675
10.180675
6.88085
5.7373
6.803725
5.732425
5.7461
5.77345
5.3965
5.2178
5.458
5.5332
5.419925
5.541
5.386725
5.37695
5.23145
8.874025
10.125
10.2373
10.28125
9.96875
10.4014
9.909175
10.599625
10.334
7.094725
5.938475
6.0039
6.7461
5.351575
6.05175
5.817375
6.0078
5.892575
5.979475
5.88085
5.8633
5.483425
7.667975
12.119175
12.2412
13.451175
14.432625
14.449225
14.881825
14.881825
14.1133
13.178725
13.809575
11.74805
11.541025
10.55565
7.717775
5.56155
5.5996
5.856425
5.35155
6.06055
5.84375
5.8174
6.4795
6.352575
7.625
11.43945
12.688475
13.427725
15.091825
14.898475
14.177725
15.625
16.7461
15.681625
14.123025
11.191425
10.171875
10.77345
8.19725
6.026375
6.019525
6.041025
6.225575
7.022475
6.218775
6.8291
6.186525
6.826175
9.353525
12.851575
14.7041
14.489275
14.146475
14.365225
15.40235
16.122075
15.05665
13.5166
13.06935
11.57325
10.86035
10.338875
8.323225
7.39455
7.8584
6.9541
7.208025
6.6924
6.796875
7.5342
7.138675
6.8213
12.47755
11.13475
13.286125
13.311525
15.806675
14.33105
14.4668
14.59085
14.55175
15.3008
13.60545
12.964825
10.50685
10.251975
6.4619
5.811525
5.1094
5.200175
5.000975
5.13185
4.984375
5.110375
5.112325
5.466775
9.541975
11.73535
12.290075
12.28515
12.76175
12.442375
12.0127
10.67775
10.799825
10.4385
10.302725
9.376975
5.4551
3.980475
3.46095
3.696275
3.6836
3.7334
3.44335
3.951175
3.587875
3.581075
3.68555
3.487325
3.578125
3.3467
7.196325
8.083
8.09765
8.2217
8.263675
8.312525
8.2373
8.164075
8.11235
4.71485
3.328125
3.645525
3.63475
3.580075
3.428725
3.42185
3.5713
3.43265
4.224625
3.374025
3.5752
3.702125
3.6543
3.466775
7.08205
8.1123
8.25975
8.208
8.2334
8.0293
8.91015
9.921875
9.71195
6.23535
4.9502
5.2539
4.549825
4.760725
4.4004
4.493175
4.906275
4.700225
4.58985
4.70215
4.61035
4.627925
6.40235
13.62205
18.07325
18.09865
17.38965
17.3877
16.4531
17.328125
16.6094
16.34085
13.855475
14.004875
13.882825
13.862325
9.82615
8.54785
8.51855
8.772475
9.2793
8.6094
8.56155
8.624025
8.55275
8.77345
13.406275
18.379875
18.134775
13.695
14.3875
14.005
17.488275
18.204125
16.79785
16.334
15.25975
14.620125
13.5625
13.43945
10.719725
9.88575
10.7715
9.76075
9.872075
10.07325
9.904275
9.83105
9.8633
9.865225
11.13475
18.88575
17.301775
17.034175
16.930675
18.43945
15.340825
15.313475
15.9629
14.370125
13.97265
13.567375
12.43945
12.401375
8.96875
8.112325
7.832025
7.9424
8.0625
8.023425
7.91895
7.879875
7.78905
8.291975
10.26465
14.74315
17.55665
17.297825
13.68
18.9971
14.424825
14.8545
15.609375
13.6494
12.58105
11.9453
8.95705
8.7803
5.211925
3.7822
3.8252
3.934575
4.266575
4.16015
4.0166
4.40235
4.273425
4.163075
7.502925
12.124025
11.5205
12.458
12.937525
12.275425
11.79885
11.634775
11.151375
11.05565
11.28125
9.3408
6.12695
4.4004
4.39355
3.822275
4.1289
3.715825
3.562475
3.54005
3.934575
3.463875
3.4746
3.642575
3.564475
3.81935
7.068375
8.192375
9.032225
8.522475
8.65235
8.75
8.432625
7.709
7.1748
5.283225
4.319325
4.000975
4.423825
4.0674
3.844725
3.68165
3.811525
4.045875
3.46485
3.935525
3.311525
3.9668
3.655275
3.62305
7.46975
8.56155
8.492175
8.9209
8.4834
8.6006
8.58105
8.419925
8.9873
5.6631
4.30175
4.62695
4.268575
3.6963
3.38575
3.855475
3.64355
3.6289
3.9707
3.56835
4.00685
3.91895
5.5469
9.8779
14.0381
14.6045
17.100575
15.6201
14.8838
14.162125
13.626975
13.52145
11.9463
10.915025
10.29785
10.282225
7.351575
6.840825
6.79785
6.48045
6.57425
6.4277
6.3799
6.287125
6.4053
6.32715
7.8457
12.3965
13.5
15.211925
14.07225
13.374025
12.374975
13.962875
14.786125
14.30665
11.901375
10.668975
10.187475
8.09475
6.104475
4.78515
4.714875
4.846675
4.834975
4.66015
4.69045
4.557625
4.71775
4.733425
6.972675
11.5088
13.4121
13.2725
13.2832
16.243175
15.39455
15.09765
14.375025
14.24415
13.949225
14.4414
11.4209
11.863275
7.37405
6.382825
6.397475
6.3496
6.3213
6.048825
5.8545
6.016625
6.1631
6.17775
8.265625
12.322275
14.443375
15.457
13.65625
15.69825
14.81445
16.277325
16.423825
15.79295
14.609375
11.8047
11.00585
10.765625
8.388675
6.476575
5.836925
5.991225
5.7998
6.737325
5.79785
6.13185
5.8252
5.859375
7.48635
12.163075
13.505875
13.933625
13.480475
13.43945
13.0205
12.24415
12.80175
12.839825
11.00585
10.5215
6.877925
6.583
5.3721
5.293
5.26855
5.208975
5.096675
5.255875
5.34765
4.88575
5.1924
5.429675
5.1592
5.20605
7.739225
8.1963
8.590825
8.52835
9.175775
9.17385
9.7168
9.09375
8.625
6.0088
5.82325
5.191425
5.26855
4.775375
5.26565
4.8838
5.2666
5.550775
5.07325
5.41505
4.701175
4.8174
4.9961
5.2588
8.374025
10.30175
9.376975
8.19045
8.336925
8.76855
8.53125
9.34275
8.765625
7.1416
5.781225
5.888675
6.28415
5.476575
5.1836
5.059575
4.957025
5.993175
4.96975
4.918925
5.053725
5.38185
7.599625
11.73435
11.736325
13.94335
15.208025
14.49805
14.912125
15.145525
15.60545
14.833975
12.70215
10.131825
9.161125
9.17775
6.456025
5.46875
5.36425
5.3965
5.405275
6.480475
5.507825
5.278325
5.41115
5.79005
7.14845
12.2627
14.17385
16.94725
16.554675
15.449225
14.924825
13.124
13.309575
14.539075
12.62695
10.4717
9.6992
9.5586
6.147475
4.8076
4.625975
4.8008
4.734375
4.765625
4.66505
4.644525
4.76465
5.3252
7.314475
11.0557
12.47755
13.04395
14.6045
13.326175
14.6377
14.44725
14.6553
13.437525
11.0459
9.56935
9.7002
9.400375
6.719725
5.440425
5.1504
5.31055
5.1338
5.235375
5.31055
5.0752
5.3076
5.22755
7.34375
11.5547
11.8535
12.166
12.43555
12.4463
9.919925
9.914075
10.578125
10.095725
10.504875
8.8291
8.26075
7.901375
5.5049
4.609375
4.726575
4.35255
4.34475
5.400375
4.359375
4.418925
4.558575
4.50295
4.48045
4.5957
4.23635
7.202125
8.1328
8.92285
8.330075
8.522475
8.09765
8.374025
8.174825
6.263675
4.682625
4.3203
4.9297
4.658225
4.242175
4.30175
5.2236
4.46
4.320325
4.31055
4.3789
4.59765
4.42675
5.37695
7.955075
8.4131
7.629875
7.933575
8.655275
8.526375
8.39745
9.094725
7.790025
5.2285
4.62795
4.477525
4.85745
5.032225
4.9004
4.974625
4.584
4.4121
4.329125
4.822275
4.73145
4.3379
4.414075
5.2305
8.04785
9.630875
8.828125
7.875975
8.3467
8.28515
8.33205
8.805675
8.309575
6.209975
4.9834
5.054675
5.11135
4.689475
5.0039
4.386725
4.396475
4.5039
4.53905
4.667975
4.35155
4.919925
6.653325
11.392575
13.2568
12.6748
14.042
12.3174
12.4492
13.0762
12.98535
12.45215
10.6289
8.43065
8.30275
8.951175
4.9248
3.9199
3.718725
3.87795
3.680675
3.695325
3.85645
3.9082
4.789075
4.195325
5.705075
10.625975
12.5547
12.733425
14.6621
12.708975
11.72265
10.91895
11.3711
11.7959
9.578125
8.787125
7.86135
7.769525
5.251
4.213875
4.14745
4.16895
4.208975
5.29295
4.29395
4.14745
4.434575
4.50195
6.842775
10.1836
12.319325
12.368175
14.593775
13.098625
13.620125
13.063475
12.8799
12.1045
10.946275
9.29005
8.480475
7.855475
5.4668
4.376975
4.443375
4.32715
4.5244
5.2256
4.3008
4.469725
4.486325
4.7588
6.558575
10.35545
13.394525
13.3877
12.372075
13.39355
12.4336
12.1748
12.641625
10.9746
10.352525
9.49805
8.459
9.31835
6.084975
5.13475
5.0459
4.794925
8.414075
9.4922
9.58105
4.989275
4.995125
5.673825
6.180675
11.21385
10.82325
11.7852
11.8408
11.16995
10.339825
9.3135
8.71385
9.5713
8.770525
8.86525
6.408225
4.978525
4.852575
4.836925
5.0625
4.876
4.75585
4.773425
4.8955
4.803725
4.88675
4.834
4.8379
4.76075
7.015625
7.94045
7.772475
7.942375
8.013675
8.1953
9.4336
9.4873
9.504875
6.176775
4.769525
4.64455
5.5244
4.743175
4.60255
4.780275
4.71875
4.67185
4.645525
4.7744
5.61035
4.592775
4.6133
4.638675
8.250025
9.4219
9.598625
9.3711
9.36525
9.375975
9.54785
8.584
7.8623
5.471675
4.813475
4.894525
5.466775
4.66505
4.6172
4.669925
4.70315
4.749025
4.748075
4.609375
4.5879
4.690425
6.46775
10.72655
13.00975
11.762675
12.3672
13.094725
13.18165
11.8721
12.3379
12.15625
11.409175
11.17285
8.878925
8.77345
5.083
3.7451
4.173825
3.774425
3.833
3.9824
3.940425
5.0293
4.086925
4.31935
6.52735
11.1836
11.26175
13.704125
14.1162
12.6631
11.90625
12.040025
10.43555
11.926775
10.95705
9.263675
8.374
7.982425
4.3174
3.6719
3.509775
3.622075
3.37305
3.58495
3.5332
3.354475
3.478525
4.16895
6.469725
10.7832
11.681625
12.631825
12.402325
12.477525
11.647475
10.3584
10.69825
10.3213
10.081075
8.929675
7.3535
7.0381
5.390625
3.634775
3.78225
3.603525
3.485375
3.66015
3.7285
3.60155
3.7129
3.8203
7.232425
11.7666
10.760725
11.49805
13.096675
10.782225
10.546875
11.19045
12.0117
12.7705
12.1738
10.4531
7.787125
7.375025
5.100575
4.01955
4.165025
4.2539
4.91115
4.03905
4.2334
3.940425
4.02735
4.909175
6.2217
10.659175
10.471675
12.1631
12.548825
12.4629
12.8506
11.807625
12.990225
11.277325
8.72265
8.7842
5.47855
3.79395
3.854475
3.59375
4.416975
3.838875
3.968775
3.95315
3.9541
4.064475
3.872075
3.934575
4.188475
3.95605
8.111325
8.36425
7.9375
7.1162
7.308575
7.1338
7.14065
7.2549
7.10155
4.0098
3.904275
4.126975
3.884775
3.879875
4.154275
4.0049
4.76855
3.952125
4.032225
3.935525
4.13575
3.974625
3.89355
4.76175
7.1631
7.05665
7.5586
7.080075
7.420925
7.29885
7.297875
8.52735
8.0127
4.658175
4.622075
4.511725
4.085
4.0801
4.256875
3.977525
3.933625
4.0088
4.274425
4.075175
4.07715
4.4834
6.76075
8.740225
12.03515
14.962875
15.970725
14.02445
11.924825
11.722675
14.1953
14.109375
13.64845
10.625025
8.719725
8.614275
5.186525
4.565425
6.193375
5.13575
5.59085
5.323225
4.605475
4.7295
4.7969
5.425775
7.30955
10.018525
11.8262
15.3496
16.330075
18.078125
17.411125
16.299825
15.926775
14.10255
13.539075
11.020525
8.02245
7.72265
5.304675
4.282225
4.1953
4.2217
4.213875
5.185525
4.322275
4.36425
4.1094
4.734375
7.58985
10.80175
12.19045
14.588875
13.8789
16.181625
13.58205
15.410175
14.19435
13.818375
12.166025
12.50295
10.28905
10.3057
7.910175
6.8506
6.740225
6.697275
5.984375
7.12015
5.9951
6.5664
6.212925
6.720725
7.6924
10.671875
12.820325
15.139675
14.929675
14.4707
13.671875
15.353525
13.051775
12.217775
12.030275
9.607425
8.31055
8.0576
5.894525
4.512725
4.346675
4.441425
8.944325
9.3545
8.828125
8.99415
9.013675
8.791025
8.443375
12.952175
12.042
13.12595
13.575175
12.761725
11.85255
12.9707
12.8047
9.3213
9.821275
9.997075
7.2998
5.9922
5.421875
6.17285
6.653325
5.997075
5.8213
6.0088
5.479475
5.612275
5.667975
5.7373
5.68945
5.3252
8.22265
8.782225
9.447275
9.037125
8.967775
9.192375
9.155275
9.74805
10.3389
8.07715
7.017575
6.625025
6.564475
6.036125
6.009775
5.953125
5.66505
5.1328
5.18165
5.0381
5.070325
5.23435
4.9424
5.9121
8.5752
9.88185
9.7168
10.054725
10.013675
11.0996
9.8506
10.027375
9.544925
6.5752
5.3906
5.025375
6.8623
5.125
5.778325
4.973625
5.26175
5.0879
4.9736
5.28615
4.532225
5.2041
6.3535
10.9834
13.096675
13.551775
13.5488
14.538075
11.5498
11.1455
11.782225
11.3623
10.97265
11.8594
9.459
9.495125
6.614275
5.2324
5.3877
5.29885
5.093775
4.860375
5.208
5.26955
5.08885
4.751975
6.1748
10.905275
12.1875
14.608425
13.136725
12.536125
13.3877
11.6797
12.0908
11.555675
12.127925
9.864275
9.550775
9.2666
6.312525
5.5713
5.46485
5.431625
5.337875
4.8467
5.263675
5.042
4.919925
5.059575
6.9033
10.7705
13.142575
13.064475
11.888675
11.4707
10.31445
11.3008
12.03515
11.85255
10.7129
8.95215
7.961925
7.4707
4.978525
3.61525
4.8125
3.7129
3.782225
3.71485
3.774425
3.68845
3.82325
3.922875
6.2959
10.632825
13.044925
12.920925
12.098625
11.220725
10.72365
11.08495
12.603525
12.88965
10.539075
8.958025
7.50685
7.5244
5.3125
3.7705
4.6416
4.2041
4.52245
3.629875
4.501975
3.69825
4.26955
3.9951
6.060575
10.019525
12.48535
14.613275
14.4326
12.701175
11.0332
11.398425
11.34765
11.0625
11.598625
12.6504
8.874025
5.856475
4.666025
5.30955
5.4492
5.7715
4.698275
4.91895
5.8252
5.178725
4.5674
4.803675
4.750975
4.6572
8.4258
9.17385
8.8213
8.2627
9.062475
8.458025
8.567425
8.6016
8.754875
6.388675
6.0
4.84865
5.0078
4.95705
4.798825
4.806625
5.10255
4.882825
4.941425
4.8037
4.7461
4.724625
4.63965
4.744125
8.81445
9.140625
8.542975
8.4004
7.96875
8.1416
9.239275
8.3916
8.4795
6.291025
5.49415
5.54885
5.1465
4.765625
5.2041
5.1338
4.8887
4.79785
4.863275
4.671875
4.735375
4.930675
6.470725
11.346675
16.851575
18.7578
19.057625
18.46385
17.85155
12.726575
12.513675
11.31835
10.667
10.540025
9.384775
8.75585
7.06835
5.0713
5.792
5.0449
5.099575
5.208975
5.44825
5.86525
4.99025
5.185525
6.810525
10.6709
11.84375
14.066425
14.30665
13.314475
11.723625
12.4824
12.469725
12.958
13.357425
11.386725
10.959975
10.19435
7.86135
6.8037
5.880875
6.3535
5.527325
5.83985
6.06445
5.5342
5.89065
6.5176
8.588875
13.945325
16.9121
15.075175
16.1992
16.326175
15.863275
14.786125
13.982425
13.77735
14.2676
14.0508
12.0254
10.95995
8.494125
7.338875
8.240225
7.45605
7.564425
7.613275
7.572275
7.546875
7.50585
8.248075
10.36425
14.142575
16.08105
15.8164
15.3711
15.38085
14.9951
14.520525
14.105475
15.300775
15.2764
12.6904
10.127925
9.49705
7.25685
5.80175
6.14355
8.205075
11.4287
10.32425
10.36035
10.541
10.552725
10.7266
12.6914
12.663075
12.58105
12.862325
12.978525
12.840825
13.052725
12.231425
13.1875
15.632825
12.913075
9.99025
4.807625
3.667975
3.751925
3.678725
3.39455
4.2207
3.924825
3.24805
3.276375
3.54785
3.290025
3.418925
3.332025
3.6455
6.516625
6.9346
6.822275
7.030275
7.361325
6.689475
7.25685
6.583025
6.884775
4.6338
4.79785
3.39065
3.48925
3.753875
3.453125
3.583
3.372075
3.340825
3.353525
3.3799
3.267575
3.2949
3.436525
3.2822
6.927725
7.95705
6.63475
6.65725
7.6025
6.792
6.720725
7.037075
7.583
4.9668
3.56055
3.569325
3.49905
3.263675
3.541025
3.598625
3.44725
3.381825
3.42675
3.4297
3.1963
3.46095
5.514625
11.3164
15.99805
13.66405
14.618175
13.4258
13.3086
12.035175
12.242175
11.9844
11.17385
9.10645
7.229475
8.1045
4.88575
3.389675
3.582025
3.467775
3.599575
3.5205
4.18065
3.431675
3.4492
4.309575
7.4473
15.596675
14.750975
15.6836
16.432625
13.365
13.07
16.697275
16.791025
13.590825
11.6504
9.411125
8.170925
9.016625
5.338875
4.762675
4.332025
4.345725
4.5918
4.741175
4.3916
4.334975
4.40625
8.07715
12.98435
17.600575
12.63
13.045
19.26565
17.123075
14.3877
13.30955
11.822275
12.5625
10.737325
10.079125
10.161125
10.94725
6.931675
6.1455
5.687475
5.7744
5.607425
5.93165
5.78515
6.028325
5.771475
5.690425
7.446275
12.615225
12.130825
13.21875
11.5039
13.298825
12.032225
9.8252
9.31055
9.27345
8.7012
8.01855
8.468725
7.282225
5.138675
4.291025
4.100575
4.204075
4.123025
5.32225
4.298825
3.9678
4.173825
4.169925
5.7832
10.953125
9.40235
9.8213
10.186525
10.830075
10.38185
10.894525
10.06055
9.496075
9.43655
9.146475
6.38965
5.7881
5.1035
5.5918
4.9463
5.138675
5.092775
5.1963
5.059575
5.150375
4.886725
5.265625
5.095725
5.0615
8.549825
10.51465
8.547825
8.724625
8.2246
8.862325
8.33495
8.51075
9.250025
7.132825
5.938475
6.062475
5.666
5.38575
5.25585
5.3701
5.442375
5.43065
5.6211
5.25685
4.83105
4.91505
4.998025
5.226575
8.846675
9.81445
9.9834
9.63575
8.992175
8.965825
9.954125
9.935525
8.9531
6.436525
5.2666
4.995125
5.19825
4.892575
4.98925
5.307625
4.90135
5.245125
4.88085
5.062525
5.07225
4.8877
6.578125
10.64455
11.805675
13.54785
14.2451
15.042
14.4717
12.71095
13.26855
12.413075
11.194325
10.458025
9.5381
9.5381
5.83205
4.517575
4.75
4.48145
4.686525
4.5225
4.65725
4.81055
4.49315
4.70215
7.738275
10.58105
11.792975
14.35645
14.1133
12.2539
12.870125
11.41895
12.4922
12.1338
11.870125
9.1416
8.4297
7.5586
5.374
4.6807
5.10255
4.3379
4.1455
4.178725
4.144525
4.099625
4.243175
5.1162
5.913075
11.89455
12.239275
11.93655
11.886725
11.675775
12.457025
11.597675
12.039075
12.77735
10.6006
9.1748
8.782225
9.6875
8.5127
10.5625
8.6807
10.219725
8.909175
4.951175
5.769525
5.339875
5.1299
5.7168
7.738275
12.02245
12.465825
13.243175
16.11035
16.277325
15.78225
13.128925
12.385725
11.477525
11.625
10.152375
9.0254
8.983425
6.6592
5.280275
5.552775
5.377925
5.185575
5.208025
5.25095
5.13965
5.3877
5.52345
7.3623
10.167
12.5742
13.796875
14.968725
16.021475
14.8496
13.5957
13.7822
12.427725
8.907225
9.173825
5.532225
4.158225
4.067375
4.26855
4.073275
4.25
4.22265
4.1211
4.22755
4.005875
4.162125
4.342775
4.31935
5.08495
7.3418
8.986325
8.9668
9.018575
8.764625
7.7539
8.5088
7.733375
7.930675
5.116225
4.360325
4.3125
4.4307
4.13865
4.21975
4.2051
4.196325
4.3057
4.2002
4.3047
4.48535
4.36035
4.3994
4.289075
6.672875
7.56055
8.313475
7.66505
7.89845
7.583025
7.575175
7.555675
8.137725
6.56445
4.388675
4.334
4.92675
4.37695
4.708025
4.1006
4.99805
4.375975
4.170925
4.513675
4.2217
4.4707
5.653325
11.75975
12.30075
13.342775
13.8379
15.955075
14.18555
13.2832
13.901375
13.175775
11.008775
10.028325
8.598625
8.28905
5.898425
5.028325
4.714875
4.837875
4.90725
4.8496
4.697275
4.7305
4.638675
4.836925
6.89355
11.393575
10.1504
13.28515
13.49805
12.83595
13.1641
12.958025
13.350575
11.84275
11.179675
10.108425
8.8916
8.93555
6.9375
5.061525
5.386725
5.1045
5.2676
4.814475
4.884775
4.9043
4.83105
5.417
6.66015
11.4258
12.368175
15.101575
15.020475
15.082025
12.46875
11.8037
10.5957
11.068375
11.0205
10.32715
9.671875
9.3428
6.924825
6.03615
5.8379
5.96195
5.8555
5.928725
5.8252
5.98635
6.094725
5.95605
7.78125
14.1377
13.15335
15.12695
14.79785
13.605475
12.3291
13.63575
12.2471
14.569325
11.4746
10.61815
10.296875
10.8496
7.942375
5.939475
5.83105
6.0459
6.06055
6.0625
6.155275
5.9922
5.87205
6.11135
8.151375
12.047825
13.04495
14.034175
13.442375
12.716775
12.145525
11.9668
13.612325
13.158225
11.7998
11.66895
7.24125
6.19825
6.096675
5.902325
5.91115
5.957025
5.89745
6.030275
5.915025
6.04885
5.831075
5.958
5.8799
5.937475
9.47265
10.728525
10.910175
10.725625
11.01365
10.68555
11.535175
10.76565
10.399425
7.2627
5.87795
5.9297
6.088875
5.907225
5.92385
5.9043
5.8633
6.083025
5.9209
5.93945
5.9043
6.0498
6.004875
5.922825
9.4746
10.866225
10.584
9.6416
9.3535
9.30175
9.37305
9.4541
9.2949
6.65915
6.068375
5.97365
6.08595
6.0459
5.837875
5.86525
5.87695
6.15625
6.18555
5.882825
5.87405
5.8467
5.76855
6.1367
5.966825
9.624025
11.28905
11.370125
10.541025
10.92675
10.765625
10.4883
10.1504
7.548825
7.230475
6.014625
6.144525
5.9531
6.20315
6.0752
6.179675
5.983425
6.886725
6.161125
6.209975
6.13865
7.742175
12.725625
13.60745
14.0996
14.75585
14.30175
13.916975
13.428675
11.7383
11.24515
11.95215
11.291025
10.78615
9.9248
7.2705
6.37305
6.0625
6.0967
6.2793
6.08595
6.201175
6.099625
6.166025
6.3164
9.063475
14.67285
13.02345
15.576175
16.127925
15.517575
15.373075
13.79005
11.13185
11.034175
10.2334
9.846675
8.613275
7.553725
5.375975
4.138675
4.05275
4.06055
4.0713
4.164075
4.257825
4.380875
4.8828
4.443375
5.351575
10.380875
11.85255
11.903325
11.963875
11.855475
12.199225
12.8711
12.17675
11.9824
11.361325
13.18555
12.057625
11.47755
9.4297
7.166
8.08985
8.472675
8.199225
8.47265
7.27635
8.24025
8.153325
7.9199
9.5547
11.784175
11.46585
13.55665
12.613275
12.0664
11.798825
11.200225
11.730475
11.33495
11.708975
10.26465
6.333
3.99415
4.461925
3.776375
3.736325
3.703125
3.8506
3.71975
4.511725
3.8623
3.73635
3.6963
3.786125
3.62305
7.326175
8.612325
8.32715
8.278325
8.459975
8.22655
7.7422
7.13085
7.1338
4.7207
3.62015
3.625025
3.662125
4.647475
3.71485
3.6123
3.749025
3.612325
3.622075
3.7168
3.642575
3.745125
3.67775
3.64455
7.286125
8.396475
8.63185
8.9414
8.30955
7.19825
7.18455
7.226575
7.29985
5.24315
4.6592
5.7041
5.04785
4.89845
4.7461
4.957025
4.881825
4.879875
5.70605
4.8662
4.777325
4.80565
6.11035
11.592775
11.4883
12.706075
12.885725
12.8174
11.32325
10.655275
10.832025
11.315425
11.0381
9.970725
14.534175
13.35155
8.612325
5.0498
5.31445
5.06835
4.9336
5.240275
5.0752
3.95215
3.58985
3.805675
6.0547
10.8379
10.91015
11.0752
12.530275
11.7119
10.753925
11.9131
10.282225
10.5928
9.880875
9.11915
8.85645
8.177725
5.7217
5.592775
4.81445
4.719725
4.89845
4.898425
4.8418
5.598625
4.976575
4.83495
6.38085
10.3633
9.49415
9.653325
11.166025
10.95705
10.8125
12.2715
14.5332
14.3213
14.83985
14.35745
13.42775
12.854475
10.1338
4.7002
4.7285
4.7002
4.8779
4.83495
4.66895
4.75975
4.749025
5.14845
6.250025
9.991225
10.274425
9.3789
10.4121
9.8799
10.0176
9.72265
9.434575
11.2832
9.119175
9.211925
7.471675
7.011725
4.457075
3.663075
3.73925
3.846675
3.782225
3.811525
3.6836
3.834975
3.849625
4.249025
5.44825
8.232425
10.342775
10.2285
11.03905
10.9336
12.36035
10.97265
11.08985
10.35745
11.023425
8.394525
4.756825
3.901375
3.719725
3.828125
3.69825
3.7373
3.838875
3.909175
4.62595
3.952175
4.084
3.918
3.95215
3.8584
7.940425
7.28125
7.28515
7.383775
7.284175
7.27735
7.130875
7.1377
7.1338
3.76075
3.78515
3.947275
3.7705
3.83495
3.929725
4.0039
4.2461
4.039075
3.890625
4.1543
4.0586
3.927725
3.8418
4.020525
7.550775
7.90915
7.221675
7.10155
7.099625
7.0674
10.2373
11.46485
10.501975
6.835
5.410175
3.794925
3.854475
3.907225
3.94435
3.915025
3.92285
4.0342
4.080075
3.9121
3.914075
4.1133
8.387725
8.639675
9.328125
9.99315
15.56445
12.77735
12.375
11.530275
12.11525
14.01465
10.33205
12.739225
13.215825
12.750975
9.398425
9.127925
6.802725
4.5254
4.72655
4.677725
4.50685
4.424825
4.5635
4.982425
7.480475
11.249975
10.905275
12.00295
11.20995
11.292975
13.83595
12.728525
12.897475
13.3047
12.88185
14.41505
12.47365
13.41405
11.72755
10.437475
11.29005
10.39355
10.4541
10.127925
5.6709
5.721675
5.742225
5.456075
7.052725
9.76465
10.258775
10.3594
12.167975
13.3633
13.123025
14.29005
14.91895
15.207025
15.851575
14.1504
13.929675
15.0879
11.379875
7.46875
7.018525
7.004875
6.9912
7.26465
7.1738
7.12795
7.16795
7.646475
9.18065
12.539075
11.608425
13.15625
13.75685
13.063475
13.75295
13.3613
15.76365
15.168925
12.965825
11.2793
8.719725
9.859375
6.375025
5.1582
5.050775
5.3291
5.449225
6.217775
5.14455
5.23925
5.367175
5.58985
8.01955
11.891575
11.302725
11.516575
11.0039
13.042
12.46095
10.336925
11.5127
10.271475
11.047875
9.22365
7.054675
5.3926
6.76465
10.489275
10.311525
10.329125
8.955075
5.25
5.208
4.57325
4.7295
4.566425
4.482425
4.510775
8.063475
9.345725
9.246075
9.446325
9.8203
7.77735
7.863275
7.726575
7.811525
5.28905
5.426775
4.565425
4.51075
4.5127
4.6504
4.4551
4.577125
4.7041
5.53615
4.588875
4.6914
4.708025
4.532225
4.6172
8.189475
10.201175
8.66505
8.001925
8.355475
7.990225
13.02245
13.9746
13.813475
10.642575
9.6504
9.308625
10.19825
9.27345
9.288075
9.250975
6.007825
4.666025
4.70215
5.5371
4.7246
4.80275
6.64745
9.7012
9.75195
10.456075
11.198275
12.01465
12.8457
12.18555
12.629875
12.245125
14.441425
12.541025
14.873025
15.241225
11.33985
10.299825
10.215825
6.70315
5.746125
5.8672
6.666025
5.755875
6.043975
6.110325
7.5088
12.875025
10.835925
12.913075
12.1299
13.39745
12.72265
13.1621
11.18165
11.595725
12.42285
10.959
9.6045
10.6924
10.792975
9.586925
9.59275
10.1758
10.1924
10.1621
6.6797
5.402325
5.418975
5.547875
7.440425
12.03905
12.672875
12.0596
12.92285
12.94435
12.5176
13.24705
12.334975
14.841825
12.7305
10.912125
14.8965
10.441425
9.72755
9.480475
9.569325
5.916975
4.774425
4.6992
4.6582
4.782225
4.69045
5.6709
6.532225
11.0791
10.449225
10.433575
13.520525
12.9033
12.13185
10.873075
10.70995
10.33595
9.1289
8.701175
7.93655
7.6289
5.33105
4.4043
4.458975
4.30175
4.359375
4.3047
4.457975
4.427725
4.35255
4.49905
5.9668
9.6035
10.181625
10.4922
11.4414
10.268575
10.482425
10.421875
10.107425
11.896475
10.89455
11.884775
6.48145
7.9209
7.955075
4.392575
4.54005
4.435575
4.5205
4.4326
4.361325
4.52345
4.388675
4.3662
4.463875
4.3506
7.9248
8.990225
9.564475
7.606475
7.7002
7.572275
8.8506
12.2842
12.286125
9.92775
8.945325
9.146475
9.14745
9.06445
9.0703
9.02245
8.984375
9.13965
8.9668
9.136725
9.08595
9.2002
6.7793
4.624025
7.867175
9.107425
9.07225
7.847675
12.81935
12.02345
12.125975
7.680675
7.46775
5.495125
5.08595
9.382825
8.99415
9.79785
8.9463
8.8799
9.1572
9.028325
8.63675
8.75195
8.765625
6.425775
6.67185
11.251
12.6045
12.777375
14.96875
15.5996
15.26465
15.599625
15.42485
15.791025
12.66405
12.453125
10.84275
13.888675
8.98925
5.3623
5.2461
5.259775
5.357425
5.13965
5.08105
4.912125
4.953125
5.258775
6.11425
10.424825
9.667975
10.05275
11.445325
10.853525
11.698225
10.209
9.701175
12.33695
11.1377
10.437525
8.807625
8.306625
5.805675
8.198275
9.691425
9.8418
9.82325
5.952175
5.511725
4.467775
4.417
4.4121
6.037125
10.2871
9.383775
11.05565
11.769525
13.0244
11.5967
11.741225
12.249
11.201175
10.0879
9.5488
8.50195
8.804675
7.64355
5.3008
5.44045
5.447275
5.3838
5.274425
5.0547
5.2842
6.191425
5.22365
6.593775
14.359375
14.339825
14.186525
12.9525
19.1709
15.085925
14.20215
14.7295
10.667975
9.7793
9.05275
8.2344
6.80565
4.313475
3.41015
4.190425
3.375
3.46095
3.6914
3.5371
3.375
3.637725
4.295875
5.1621
9.1172
9.4209
9.750975
9.1699
9.563475
9.842775
9.93555
8.487325
8.134775
7.78125
7.050775
4.36425
3.392575
3.4287
4.232425
4.923825
4.967775
4.58595
3.34765
3.3164
3.473625
3.4512
3.502925
3.437475
3.39845
5.853525
6.625
6.6221
6.688475
6.66895
6.82325
6.750975
6.583025
6.871125
4.3877
3.4873
3.50295
3.4502
3.418
3.47265
3.288075
3.5586
3.314475
3.431625
3.392575
3.51075
3.536125
3.3125
3.26565
5.66015
6.64455
6.5049
6.555675
6.49705
6.700225
8.13475
8.84865
9.075225
5.979475
5.044925
4.426775
4.1123
3.824225
3.744125
4.224625
3.699225
3.826175
3.6338
3.7881
3.9238
3.734375
5.676775
8.74025
8.196275
11.383825
13.41995
11.43945
10.375
10.674825
9.52635
10.0967
9.882825
11.872075
13.469725
12.4756
7.088875
4.11425
4.33495
4.251
4.33005
4.374025
4.153325
4.486325
4.506825
4.330075
5.5703
8.57325
8.725575
9.8506
10.35255
11.009775
10.9004
10.8584
12.032225
11.0293
11.146525
10.651375
8.39355
8.842775
8.303725
8.5547
5.386725
6.238275
5.357425
5.334975
5.411125
5.423825
6.2832
5.23535
7.06935
12.9287
13.265625
11.230475
12.43265
13.27445
11.61815
12.205075
13.567375
13.21875
11.81545
12.041975
13.44045
12.291025
8.4375
6.6992
5.96485
6.73145
5.960925
6.1748
5.9326
6.234375
5.99415
6.40235
7.4336
10.31835
10.342775
10.955075
12.782225
13.129875
12.095725
11.1494
12.9922
11.774425
10.223625
9.274425
9.300775
9.21975
6.978525
6.005875
6.060525
5.93945
6.125975
6.0576
5.93165
6.132825
6.055675
6.190425
7.6328
10.8379
10.3584
10.416025
10.53125
10.77635
10.58495
10.559575
10.989275
10.024425
9.9629
9.46485
6.4375
5.6426
6.493175
5.506825
5.5039
5.4795
5.4385
6.250025
5.537125
5.496075
5.571325
5.452175
5.515625
6.346725
8.0459
8.72755
9.0244
8.752925
8.62305
8.699225
8.774425
8.71775
8.917
6.548825
5.510725
5.47755
5.452125
5.370125
5.40335
5.3955
5.65625
5.42775
5.441425
5.4541
5.613275
5.574225
5.447275
5.613275
8.748025
8.7539
8.655275
8.616225
8.728525
8.728525
8.721675
8.811525
8.6924
6.2793
5.491225
5.4834
6.168925
5.373075
5.468775
5.33985
5.40625
5.475575
5.843775
6.4746
5.670875
5.630875
7.059575
10.292
11.44825
12.624025
14.3994
13.71975
13.305675
13.305675
11.94435
12.016625
12.48145
10.9717
14.272475
13.403325
7.3584
5.479475
5.39355
6.200175
5.50195
5.5713
5.550775
5.5752
5.8008
5.732425
7.218775
9.93845
10.4414
11.81935
12.475575
11.190425
11.208
11.61135
11.86035
10.45705
9.8086
9.127925
8.8203
8.3789
6.151375
5.230475
4.9551
5.01955
5.3164
5.17775
5.036125
5.05175
5.07325
5.3672
6.605475
11.098625
10.6807
13.627925
15.899425
14.65135
13.7881
11.082025
9.916
11.53905
9.583975
11.63085
13.181625
13.292
11.38575
5.380875
5.441425
6.37695
5.5801
5.4619
5.659175
5.500975
6.3994
5.884775
8.341825
11.193375
11.7793
14.7002
15.36915
13.6953
12.75685
11.8496
11.08205
11.203125
11.5215
8.982425
9.79005
9.804675
5.332025
4.535175
4.497075
4.423825
5.2588
4.480475
4.58495
4.503925
4.608375
5.46095
6.49415
8.850575
8.757825
8.796875
9.713875
10.125975
10.6162
10.4336
11.3711
14.107425
12.26855
7.528325
5.33495
3.66405
3.64845
3.772475
3.607425
3.625
3.62795
3.7246
3.65625
4.352575
3.8135
3.635725
3.698225
3.65625
6.1133
7.041025
6.93165
6.890625
7.6289
9.041975
11.31445
11.043975
11.2246
8.729475
7.89845
7.784175
4.7217
3.54885
3.61325
4.473625
3.6055
3.742175
3.655275
3.834975
3.61815
4.496075
3.5293
3.72265
6.00585
7.02735
6.811525
6.88185
6.841775
7.674825
6.8252
8.957025
11.00975
8.680675
7.7842
5.599575
3.593775
3.7803
3.612325
4.024425
3.6582
3.836925
3.783225
3.8457
3.59375
3.695325
5.3379
7.78615
10.8135
10.05665
11.664075
11.321275
11.630875
11.36425
9.878925
9.617175
8.76465
10.670925
9.25195
10.6338
8.8164
4.242175
4.2881
4.37305
4.3496
4.21095
4.2451
4.231475
4.201175
4.452175
6.89455
10.965825
10.906275
10.865225
11.056625
10.811525
9.542
10.605475
9.7041
10.71095
14.081075
12.62305
10.004875
11.79785
9.986325
8.4785
8.622075
8.3457
8.416975
8.463875
9.653325
8.924825
9.000975
8.92385
10.692375
13.58885
8.632825
10.679675
11.570325
13.355475
12.196275
11.375
11.79395
13.407225
10.950175
13.352525
12.263675
13.007825
6.94045
4.132825
4.3252
4.4082
4.446275
4.31835
4.37305
4.20115
4.3584
4.291
6.001925
8.69335
9.21095
10.61525
11.36035
11.208
10.244125
9.9375
10.434575
10.03905
9.4707
8.4629
8.392575
8.115225
5.71875
5.1807
4.700175
4.97755
4.31055
5.47755
5.413125
5.798825
4.7744
4.98145
5.81835
9.2461
9.97755
9.681675
10.007825
12.05665
9.840825
8.541975
9.870125
8.3701
7.606475
7.816425
5.497075
3.697275
4.08985
4.42575
4.921875
4.736325
4.37695
4.28615
4.30275
4.315425
4.715825
4.792975
3.954075
4.6338
7.02735
7.83495
7.933575
7.699225
7.824225
8.012675
7.3262
7.85255
7.215825
5.200175
3.972675
4.2129
5.070325
4.454125
3.740225
3.1182
3.90625
3.36035
3.752925
3.62695
3.771475
3.445325
3.58985
3.8203
5.918975
7.141575
7.0283
6.6172
7.417
6.333975
9.486325
8.278325
7.241225
4.0547
3.7207
3.220675
3.955075
4.07815
3.6328
3.597625
3.5088
3.787125
3.25685
4.1494
3.2715
3.60545
6.0
8.6914
9.563475
11.1367333333
13.271475
12.493175
10.875
11.68165
10.865225
11.342775
10.54395
8.601575
11.2373
10.692375
7.721675
4.291975
4.872075
4.1455
4.10255
5.69825
4.3545
4.643575
5.095725
5.018575
6.1621
10.439475
9.20966666667
11.355
11.7575
12.4648666667
13.313475
12.357425
11.789075
11.7666
11.9375
11.844725
8.2666
8.207025
6.3701
5.230475
4.9365
4.7832
5.583
4.72265
4.776375
5.0254
4.83595
4.683625
6.228525
8.47365
9.340825
9.22265
10.447275
10.053725
12.1533
13.737325
11.767575
12.247075
12.93555
11.4961
12.924825
14.0205
8.203125
5.0586
4.820325
4.807625
4.94435
5.30665
5.31055
5.209975
5.10645
5.16405
11.52245
15.103525
14.5957
15.5371
15.227525
15.857425
16.71585
17.7793
17.638675
17.651375
17.37795
15.06935
14.8828
14.06055
10.081075
8.651375
9.090825
8.86035
9.40725
9.40625
9.26075
9.3301
9.29685
9.764625
11.079125
15.342775
15.45995
14.2666
15.61915
13.87695
14.72855
15.776375
13.16405
10.365225
10.657225
8.298825
4.49805
3.126975
2.987325
3.44235
2.9756
2.743175
3.1836
3.229475
3.14355
3.508775
3.471675
3.5127
2.924825
3.4834
5.61815
7.562525
6.31055
7.45605
7.21095
7.774425
7.3125
7.84085
7.832025
4.478525
3.04885
3.342775
3.306625
2.51075
3.017575
3.73535
3.12015
3.62305
3.62305
3.009775
3.23925
3.1377
2.919925
2.845725
2.958025
7.4004
7.6963
7.7803
7.418
7.527325
7.983425
8.277375
7.91505
8.04885
3.25585
2.774425
2.773425
3.576175
3.35255
3.323225
2.962925
4.01075
3.12695
3.360375
3.28125
3.588875
3.346675
7.328125
9.1963
9.528325
12.18165
12.983375
11.68945
11.812475
11.53125
11.345725
12.35255
11.1084
12.22365
13.792975
13.06445
9.742175
9.115225
3.594725
3.685525
3.703125
3.772475
3.888675
3.64355
3.75095
4.4072
5.30175
9.4375
10.293925
10.35645
10.400375
10.3418
11.932625
11.81835
12.037125
12.400375
11.57615
12.4336
12.930675
13.08495
9.4453
8.035175
8.107425
8.2588
8.403325
8.619125
8.458025
9.251
8.517575
3.4473
5.8877
10.057625
9.79005
10.4541
12.69335
13.065425
13.296875
14.750975
14.833
14.274425
15.206075
13.8516
14.753925
13.7334
8.592775
8.2578
8.16505
8.185575
8.3262
8.447275
8.19045
8.164075
8.32715
8.36035
10.131825
13.95605
14.709
17.052725
15.747075
15.459
14.992175
15.261725
13.245125
9.94045
10.783225
13.5703
8.932625
8.899425
5.400375
3.749025
3.8281
4.5371
3.867175
3.783225
4.79495
4.055675
4.039075
3.843775
6.234375
8.6377
9.344725
9.1543
10.753925
10.02445
8.72265
9.58105
9.019525
8.75975
8.70705
8.666975
3.3916
3.30175
3.31835
4.0537
3.4785
3.166975
3.151375
3.152325
4.0166
3.2959
3.142575
3.1533
3.07225
3.10745
6.3496
6.783225
6.5049
6.3418
6.377925
6.52635
6.500975
6.3672
6.333025
3.046875
3.23635
3.11915
3.250025
3.165025
3.25
3.212925
3.9082
3.261725
3.167975
3.086925
3.111325
3.298825
3.090825
3.07715
8.404325
7.813475
7.591825
6.5908
6.62695
6.38575
6.502925
6.266625
6.47755
3.62695
3.617175
3.4043
5.915025
3.502925
4.207025
3.492175
3.6133
3.490225
3.3799
3.5039
3.41015
4.52245
8.001925
11.187525
11.534175
11.7256
13.870125
13.4961
14.25295
13.159175
14.201175
13.19725
13.125975
12.413075
12.13085
12.17285
7.94335
6.990225
3.31055
4.253925
3.48145
3.36425
3.457025
4.36035
3.343725
3.459975
5.586925
8.87305
7.8252
11.561525
10.20805
11.298825
9.41795
9.765625
8.678725
8.285175
11.34085
9.5596
6.48635
6.9795
3.070325
3.229475
3.632825
3.342775
3.12305
3.477525
3.813475
3.583025
3.5459
4.1758
7.081075
7.5713
7.55175
9.833
14.669925
16.063475
15.23635
13.60355
13.321275
10.5791
9.07615
8.28615
7.292
7.30275
8.713875
6.300775
3.610375
3.5967
4.291025
3.05665
3.895525
3.0254
3.758775
4.0586
6.416025
8.306625
7.958025
9.668
9.3086
9.69335
8.686525
8.686525
9.55175
10.5957
10.009775
9.3418
7.208
7.02635
3.440425
3.70995
3.7959
4.08495
3.787125
3.327175
3.374025
4.793925
3.790025
3.26075
5.573275
8.272475
9.0586
11.820325
13.3955
13.15625
12.65625
12.0371
12.151375
15.484375
13.5586
11.66505
7.477575
7.20605
6.374975
7.33885
6.72755
6.5078
7.8789
7.37695
7.214825
6.583975
7.05275
7.131825
6.476575
6.6631
10.41115
10.304675
11.4258
10.157225
11.343725
10.173825
10.33495
9.712925
10.292975
6.82225
7.223625
7.486325
7.42385
7.06055
7.3623
7.408225
6.900375
6.72855
7.41115
7.273425
6.46875
6.29885
6.7539
6.3711
10.669925
9.7422
9.7158
10.368175
10.458975
10.1963
9.938475
11.2666
11.791975
8.597675
8.2373
8.909175
8.291025
8.414075
6.661125
7.239275
8.128925
6.8291
6.6709
6.79785
7.314425
7.0127
14.05665
18.61135
17.6299
18.190425
14.7129
13.130875
12.694325
12.2539
12.06835
12.2656
12.193375
18.013675
17.322275
17.9873
11.082025
6.5225
7.17385
8.024425
6.58985
7.122075
7.061525
6.774425
7.14845
6.968775
10.642575
11.4463
12.737275
9.7197
9.48145
12.3164
8.87695
8.807625
8.208
8.45215
8.932625
7.8584
6.999025
6.6035
4.69045
4.4043
4.22265
4.026375
4.2881
3.4336
3.324225
4.107425
3.9209
4.03225
6.436525
8.051775
8.704125
9.176775
9.60645
9.556625
8.6963
8.985375
8.674825
9.224625
14.449225
14.316375
14.4287
14.067375
10.284175
10.517575
7.302725
4.2705
5.23635
4.4209
3.98145
3.8008
4.511725
4.863275
6.521475
9.36425
9.796875
9.219725
11.555675
10.139675
10.193375
9.822275
11.252925
10.7998
13.52245
15.992175
13.5703
14.06545
10.12985
4.43165
8.1133
10.35355
4.2334
4.74705
4.40235
4.321275
4.5498
5.2207
6.39355
8.9756
9.201175
8.756825
10.230475
9.655275
8.958025
10.20705
10.53515
10.0176
8.78715
8.330075
2.648425
2.8086
2.883775
2.8252
8.531275
8.325175
4.104525
3.068325
3.128925
2.991225
2.140625
3.8135
2.8633
2.826175
6.637725
6.3887
6.2627
5.757825
6.322275
6.3848
6.083975
6.333975
6.415025
2.986325
2.7334
5.33105
7.782225
5.546875
2.83105
2.84765
2.93555
2.883825
2.86035
2.520525
2.607425
3.104475
2.581075
2.93555
6.96975
7.292
7.4004
7.587875
7.748025
6.590825
6.0049
6.268575
6.302725
3.03515
2.31055
5.958
9.192375
8.673825
7.065425
8.4053
9.209
8.68945
2.90625
2.56445
3.092775
2.69725
4.869125
7.08985
7.333
9.9131
16.0225
15.2178
14.500975
14.981475
14.64355
14.2334
13.3994
13.3662
14.823275
13.41895
10.26075
6.86915
4.011725
4.141575
3.611325
3.609375
3.940425
3.908175
3.70215
4.443325
6.420925
8.70115
7.535175
8.64745
9.801775
8.6504
10.286125
10.217775
9.9424
10.12205
10.532225
8.688475
6.49415
6.27245
3.09665
3.2256
3.60935
3.534175
2.653325
2.925775
3.1924
2.7998
2.86425
3.526375
5.222675
7.359375
7.338875
7.625975
8.189475
7.935525
9.037125
7.140625
9.124975
10.02735
7.658225
7.6133
6.6914
6.002925
3.29885
3.333025
3.201175
3.449225
3.12795
2.62305
2.8291
2.868175
2.93165
2.93265
2.697275
3.293925
3.21485
5.35155
6.291025
6.1592
5.995125
6.184575
6.71095
6.7881
6.220725
2.750975
2.941425
3.421875
3.33985
3.313475
2.6328
3.442375
3.311525
2.874025
3.080075
2.639625
2.53905
2.488275
4.006825
5.982425
7.24415
6.566425
6.58885
5.798825
5.905275
5.93555
6.705075
7.2295
6.013675
7.323225
3.982425
2.86425
3.15235
4.036125
3.209
2.84865
2.8672
2.689475
3.321275
2.605475
3.10645
2.653325
3.270525
3.008775
6.00195
6.536125
6.28905
5.6416
6.5078
6.5908
6.28025
5.888675
6.225575
2.81445
2.602525
2.89455
2.819325
3.487325
3.467775
3.10645
3.312525
3.0303
3.4717
2.679675
2.740225
3.01565
3.269525
3.07815
6.230475
6.7412
6.278325
6.8096
6.629875
6.24805
6.33105
6.19925
6.75785
2.5664
4.072275
3.082025
3.440425
3.025375
7.533225
9.05665
9.364275
9.747075
9.587875
9.500025
7.983375
3.3672
5.6377
7.615225
7.550775
8.373075
11.23435
9.068375
9.655275
11.72265
8.962875
8.862325
13.101575
14.055675
9.619125
12.0498
9.80955
3.9922
3.460925
3.28125
3.6914
3.925775
3.237325
4.0332
3.169925
3.627925
5.226575
9.375975
8.201175
9.4707
10.73535
9.6914
10.549775
11.555675
9.601575
9.665025
10.684575
7.9541
6.041025
5.669925
2.8799
2.622075
3.22655
2.291
2.715825
3.13475
2.62305
3.3125
3.0576
3.86135
5.96875
9.38085
9.0547
8.937525
10.2627
10.418925
8.2871
8.340825
10.098625
9.604525
8.8672
11.36525
13.7197
14.81445
8.909175
4.044925
4.2627
4.292975
3.51565
3.75975
3.385725
3.97265
3.76855
4.4551
5.850575
8.995125
8.2363
9.871075
10.85155
9.77345
10.583
9.65235
9.63185
9.747075
8.38085
7.902325
7.271475
6.774425
4.012675
3.351575
3.405275
4.998025
3.927725
4.07715
3.9004
4.132825
4.917975
3.717775
5.705075
9.583025
9.048825
8.699225
8.546875
10.424825
9.79005
8.0625
9.3838
8.7334
8.61425
6.619125
2.109375
2.909175
2.030275
2.0215
2.01955
2.99025
2.1416
2.224625
2.06055
2.001975
2.105475
2.98535
2.11525
1.9727
5.343775
5.2285
5.608425
5.36135
5.45215
5.44825
5.25095
5.50585
5.251975
2.020525
3.099625
2.026375
2.14845
2.21875
2.404325
2.175775
2.166025
2.893575
2.04295
2.16015
2.303725
2.150375
2.150375
2.0039
5.26955
5.223625
5.284175
5.205075
10.13185
9.9795
5.2793
7.63575
7.506825
2.122075
3.043
8.01855
3.726575
3.51855
3.71095
3.4922
3.5205
3.929675
3.4912
3.384775
3.2822
3.247075
5.708
9.005875
10.272475
11.389675
14.405275
12.315425
13.86425
12.77345
12.79395
11.2998
7.29005
12.417
11.8506
11.25195
7.923825
7.8584
9.08495
8.295925
8.62305
7.16605
3.54005
3.310575
3.590825
3.504875
5.193375
7.787125
7.80665
7.793925
8.30665
13.551775
14.272475
13.1758
13.1299
13.5918
13.486325
12.209
8.924775
7.417
5.63575
6.92385
6.894525
7.8408
7.655275
7.49415
7.49415
7.48635
7.571275
7.586925
10.4043
12.72755
12.88085
10.9961
11.46485
15.83105
13.833975
14.3662
14.129875
13.2705
12.566425
12.038075
11.74315
11.81935
9.27245
4.92285
3.695325
3.740225
3.8838
3.944325
3.76075
4.851575
3.751975
3.809575
6.017575
8.4141
8.72655
10.115225
9.09865
9.3252
9.391625
10.53125
9.380875
9.37015
9.32325
9.205075
6.90235
7.213875
4.126
4.2793
4.03125
4.2627
4.1162
4.289075
4.13085
4.18945
4.099625
5.29885
6.250975
8.86915
8.4092
8.8535
8.9717
9.2715
9.465825
8.81935
8.671875
8.677725
8.21875
8.59865
3.555675
3.751975
3.383825
3.2012
3.2246
3.20215
3.413075
3.196275
3.166025
3.430675
3.25
3.21095
3.195325
6.640625
8.788075
6.5
6.502925
7.404275
6.5127
6.45605
6.5293
6.5791
6.480475
3.451175
4.26175
3.297875
3.2119
3.2002
3.301775
3.245125
3.55275
4.034175
3.20605
3.4258
3.424825
3.560525
3.24315
3.276375
6.411125
6.493175
6.5469
6.56935
6.62695
7.0293
7.069325
9.8418
11.272475
8.128925
6.528325
3.357425
5.43165
8.11425
7.92775
8.148425
8.129875
8.00585
6.75585
3.2051
4.1084
3.99415
6.451175
8.81835
8.1602
11.037125
13.555675
13.2324
14.99315
10.883775
13.0586
9.6455
9.209975
8.967775
7.26075
6.784175
3.449225
3.462875
3.5293
3.56835
4.228525
4.047825
4.49025
4.086925
3.090825
3.083025
5.704125
7.18555
8.17775
8.920925
10.89065
9.9336
9.35255
9.0166
9.3301
8.839825
9.001925
9.49415
7.4082
7.176775
3.376975
3.395525
3.413125
3.5205
3.458025
3.309575
3.39065
3.55275
3.4287
3.663075
5.83985
8.71485
7.67285
8.30665
12.17385
9.14845
9.429675
8.582025
8.697275
8.9336
8.315425
7.72855
6.820325
6.56545
3.23145
3.48535
3.14355
3.2881
3.3672
3.31445
3.404325
3.447275
3.291025
3.645525
6.096675
7.7031
7.4004
7.7002
9.6123
8.3389
7.78415
7.19335
7.17285
8.173825
8.37695
7.615275
7.3584
7.208
3.958025
4.001975
4.37205
3.8779
3.9707
3.982425
4.8125
3.963875
3.91505
4.0039
6.01955
8.0303
8.18165
9.4414
8.195325
8.405275
7.565425
8.12695
7.578125
7.4707
7.167975
6.675775
2.92385
2.919925
2.7158
2.8535
2.870125
2.6953
2.7793
2.792975
2.961925
2.8828
2.8594
2.82715
2.920925
3.464825
6.0703
6.2129
6.048825
6.030275
6.243175
6.12405
6.0625
6.004875
6.082025
2.832
2.79005
2.899425
2.76175
2.65235
2.710925
2.855475
3.55955
2.7832
2.649425
2.703125
2.732425
2.716775
2.857425
2.903325
6.268575
6.132825
6.111325
5.933575
6.995125
6.0371
5.96775
6.03225
6.14455
2.824225
3.576175
2.70705
2.862325
2.71385
2.783225
2.721675
2.660125
2.6045
2.878925
2.714825
3.16015
3.4209
5.761725
8.30565
7.87305
7.58005
9.0166
8.3203
8.4004
8.537125
8.907225
8.44725
7.795925
7.426775
7.7549
6.664075
4.5127
3.2129
3.250975
3.249
3.34765
3.93555
3.21095
3.092775
3.21875
3.27635
4.631825
10.00295
7.0996
7.6455
8.61425
8.444325
8.547875
7.34765
7.20995
9.800775
7.235325
7.47655
6.765625
7.137725
3.730475
2.9453
2.9297
2.740225
2.863275
2.75195
2.88475
2.8584
3.178725
3.197275
4.291025
8.691375
8.54295
8.762675
8.2178
7.2041
7.486325
6.878925
6.482425
6.784175
6.01955
5.517575
5.476575
5.60255
3.8965
2.2959
2.3076
2.361325
2.342775
2.386725
2.472675
2.275375
2.338875
2.313475
2.245125
2.259775
3.2422
5.191425
5.53125
5.486325
5.631825
5.485375
6.3418
5.617175
5.60255
3.0996
2.35255
2.28515
3.084975
2.3584
2.405275
2.364275
2.364275
2.3428
2.38965
2.2754
2.36815
2.2744
2.37205
2.43845
2.298825
5.161125
5.65335
5.4824
5.5039
5.708975
5.6572
5.571275
6.455075
3.1289
2.313475
2.61035
2.439475
2.4922
2.4385
2.4326
2.3535
2.5908
2.259775
2.2705
2.319325
2.316425
2.499025
3.08885
4.788075
5.7412
5.70315
5.5957
5.68065
5.597675
5.639625
5.5537
5.71095
3.075225
2.361325
2.292975
2.414075
2.36035
2.7588
2.516625
2.45705
2.505875
2.441425
2.433575
3.202175
2.29005
2.260725
2.351575
4.9248
5.7383
5.61915
5.62695
5.620125
5.638675
5.837875
5.601575
5.59375
3.094725
2.265625
2.372075
2.302725
2.421875
2.56835
2.328125
2.465825
2.5293
2.4922
2.34765
2.4785
3.2471
6.305675
10.0078
8.8926
8.6221
9.143575
8.708
7.4141
7.046875
7.1289
8.722675
7.6748
5.9502
5.625
5.3164
1.875975
2.08885
2.003925
1.999025
2.078125
1.997075
1.9248
2.041
2.08105
2.44335
4.743175
6.7246
10.23145
12.108425
10.582025
7.84475
7.99415
7.975575
8.7168
7.33105
7.344725
8.447275
6.271475
6.125
2.556625
2.49905
2.492175
2.611325
2.45115
2.364225
3.2256
2.455075
2.4043
2.6924
5.0664
6.751975
7.16115
6.9756
7.782225
8.075225
8.335925
7.680675
7.27735
8.1172
7.917
7.8125
6.498025
6.38085
3.084975
3.020525
3.175775
3.67285
3.455075
3.157225
2.8252
3.232425
3.102525
3.1172
3.11815
3.0713
3.048825
5.0547
6.425775
5.89355
6.75195
6.000975
6.091775
6.626975
6.8672
2.996075
3.46385
2.896525
3.627925
2.7666
3.221675
3.320325
3.2715
2.8633
2.8213
2.9463
3.125
3.1582
4.06055
2.451175
2.56935
5.338875
5.9453
5.86425
5.9336
7.5459
5.957025
5.70995
6.202125
2.5244
3.003925
2.5957
2.62305
2.923825
3.150375
3.3291
2.586925
3.090825
2.727525
2.559575
3.0752
2.9336
3.35545
3.30275
5.9619
6.130875
5.7373
5.95605
6.080075
5.8496
5.7529
6.0537
6.58885
2.6719
2.65625
3.2471
2.5459
2.883825
2.82325
2.993175
2.657225
2.71585
2.768575
2.61525
2.546875
2.60255
2.9375
3.206025
6.34475
5.822275
5.86035
5.990225
6.6348
6.693375
5.867175
5.897475
6.0918
2.6123
2.5918
3.277375
3.44335
2.8877
3.272475
3.666
2.980475
3.00585
2.73535
3.28515
3.2988
2.907225
4.92775
7.77245
6.688475
8.4844
9.14355
9.72265
10.332025
8.511725
8.3252
9.090825
8.872075
8.8926
7.430675
6.09865
2.309575
3.261725
3.403325
2.690425
3.230475
3.179675
2.7881
2.833975
2.65135
4.010725
6.708
9.1621
9.2246
10.516575
9.3301
9.7676
10.0723
8.888675
8.0078
8.499025
8.4287
7.92675
8.876975
9.066425
5.7637
6.1123
6.057625
6.458
5.243175
5.492175
5.37695
5.324225
6.095725
5.504875
9.338875
11.62305
10.4746
12.0625
10.24805
10.9336
9.769525
8.719725
8.437525
8.561525
8.3467
9.818375
7.550775
6.49315
3.573225
3.117175
3.386725
4.0215
2.99025
2.907225
3.23535
3.53125
3.5254
3.652375
7.15915
8.558575
9.3457
9.833
11.890625
10.065425
11.16895
8.721675
9.429675
9.6172
8.30955
7.603525
7.45605
8.0303
3.816425
4.396475
3.725575
4.17675
4.428725
3.501
3.98045
4.113275
3.4473
4.12205
7.9873
9.895525
11.133775
10.008775
10.15235
9.486325
8.3916
8.5
7.849625
9.559575
7.076175
7.160175
3.150375
2.984375
3.1748
2.82815
3.9668
2.82325
3.122075
3.480475
2.63965
3.5752
3.38575
3.638675
2.842775
3.25
6.11525
7.676775
6.1172
6.142575
6.51855
6.768575
6.131825
6.41895
6.33595
2.82715
2.829075
3.4385
2.687525
4.203125
3.62205
2.745125
3.416025
3.2119
2.63085
3.338875
3.236325
2.9629
3.043
3.26465
6.631825
6.086925
7.573275
6.932625
6.904325
6.151375
6.304675
6.3633
7.1963
3.8926
3.2256
2.807625
2.989275
2.959
3.06055
3.27345
4.04395
2.69335
2.961925
2.983375
3.106425
3.702175
5.199225
8.670875
8.830075
8.785175
8.364275
9.0996
9.8379
6.957025
7.7744
6.9297
6.793925
6.9043
6.84865
8.35935
3.71585
3.929675
4.4209
6.48925
6.480475
6.846675
6.427725
2.906275
2.942375
4.309575
6.996075
8.90625
8.4414
8.311525
9.227525
9.8457
8.73535
9.119125
7.541025
7.4834
8.616225
7.06345
6.986325
6.436525
3.97855
3.052725
3.18165
3.246075
3.257825
3.957025
3.120125
3.166025
3.09475
3.417
6.412125
8.55275
9.124025
8.714825
10.150375
10.09765
10.70705
11.7793
12.43065
10.89845
8.32325
7.931625
8.122075
7.96095
4.862325
4.8457
4.772475
4.795875
4.701175
5.094725
4.703125
5.54885
5.083975
4.8369
7.59965
9.742175
11.374
8.530275
9.1758
8.139625
9.31935
7.522475
10.663075
10.396475
10.410175
10.26465
8.505825
8.1221
5.03905
4.708025
4.7578
4.848625
4.9082
4.957
4.7676
4.801725
5.693375
5.303725
8.35255
11.520525
12.835925
13.5625
12.5371
12.4131
12.30175
11.50585
10.746075
10.780275
10.2539
12.208
7.74805
6.61425
4.781275
4.8711
4.69045
4.8828
4.853525
4.701175
4.695325
4.763675
4.745125
4.71485
4.780275
5.5498
8.311525
8.2041
8.0703
8.10645
8.39745
8.2041
8.0879
7.98635
8.084
4.78515
4.89065
4.8877
4.723625
4.897475
4.83495
4.713875
4.770525
5.523425
4.88575
4.79395
4.724625
4.7539
4.708
4.957025
8.184575
8.0879
8.0293
8.145525
8.0547
8.144525
8.23535
8.3057
8.36425
4.8877
4.7158
4.787125
4.85255
4.96095
5.70215
4.9297
4.859375
4.87795
5.06155
4.9502
4.7578
4.8789
5.67775
4.8799
4.77735
7.6377
8.7158
8.41405
8.285175
8.1826
8.317375
8.143575
8.2041
4.88185
4.938475
4.710925
5.65625
4.76955
4.718775
4.904275
4.993175
4.8799
5.199225
5.907225
4.934575
5.196275
7.6709
11.4209
12.797825
13.93655
15.080075
15.200175
14.582025
13.3496
12.7344
15.6836
16.8213
17.360375
14.875
15.093775
11.74805
11.286125
11.404325
11.365225
11.295875
11.41115
11.334
11.37205
11.4004
11.69045
14.458
17.617175
16.1875
16.716825
14.120125
14.7002
12.099625
11.916
11.9629
11.55275
11.585925
12.268575
10.90235
10.448225
6.818375
6.9033
6.9248
6.977575
6.98535
6.9375
6.845725
6.870125
7.73435
7.041025
9.4717
11.587925
12.417975
12.966775
13.49905
14.511725
13.7168
12.78615
11.166975
14.299825
15.813475
14.568375
14.378925
13.706025
8.661125
5.52635
5.39845
5.389675
5.3701
5.520525
5.407225
5.4375
5.459975
5.499025
8.507825
11.86425
13.56445
18.875975
12.0375
18.03515
16.693375
18.32225
18.0176
17.431675
13.043975
12.038125
7.4795
8.2451
7.568375
7.367175
7.354475
7.6045
7.3389
7.67775
7.417
7.3594
7.43945
7.341825
7.456075
7.40625
10.6973
11.2588
12.544925
11.53125
12.407225
12.235375
12.2549
12.245125
12.323225
7.542
7.5039
7.38185
7.57225
7.509775
7.3408
7.3789
7.344725
7.36135
7.5469
7.595675
7.32615
7.37695
7.39745
7.28125
10.800775
10.79785
10.818375
10.996075
11.747075
10.915025
10.999025
10.93945
10.99805
7.6133
7.60255
7.380875
7.51465
7.362325
7.366225
7.501
7.589825
7.66405
7.51955
7.49125
7.445325
8.2285
10.1826
12.13575
13.982425
14.5801
16.2393
17.0508
18.393575
17.802725
17.4629
17.73435
16.7217
13.21875
10.86525
12.37795
7.4043
7.412125
7.2324
7.45505
7.441425
7.362325
7.307625
7.538075
7.34375
7.5957
10.686525
11.85255
12.769525
13.1719
14.7041
14.033225
13.555675
15.264675
15.3711
19.06935
11.9825
17.8096
16.730475
17.645525
13.0967
13.674775
13.340825
13.356425
13.5957
13.04005
12.8584
13.159175
13.99805
13.6123
15.551775
17.31155
18.028325
16.916025
13.5498
14.853525
14.53125
14.252925
13.513675
13.9541
13.8877
13.067375
12.348625
11.81155
8.186525
8.1592
8.242175
8.074225
8.043975
8.236325
7.901375
7.859375
8.613275
8.030275
10.58205
13.4746
13.83105
14.734375
16.95605
16.041025
18.230475
14.58595
14.96095
13.79885
19.081025
18.74805
18.0088
17.655275
13.459975
11.072275
11.199225
11.163075
11.17285
11.073225
11.1328
11.166025
11.126
11.766625
14.1006
16.967775
17.3965
16.350575
16.938475
15.6182
15.835925
13.911125
13.268575
12.59865
12.241225
11.777325
8.26855
7.33985
7.263675
7.273425
7.3252
7.3877
7.215825
7.2451
7.41895
7.287125
7.23245
7.384775
7.46485
7.23535
10.619125
10.6504
10.83595
10.891575
10.941425
10.8701
10.775375
10.75195
11.525375
9.108425
8.932625
8.889625
9.007825
8.89355
8.094725
7.384775
7.201175
7.37205
7.43065
7.329075
7.28905
7.24315
7.298825
7.2539
10.708
10.6504
10.79495
11.531275
10.640625
10.854475
10.669925
10.789075
10.6797
7.30565
7.278325
7.30665
7.296875
7.38575
7.4541
7.369125
7.42775
7.4619
7.363275
7.329075
7.382825
7.43845
9.693375
13.5215
13.295875
14.04395
15.74025
14.50195
12.42775
13.31545
8.28615
8.389675
8.629875
10.2285
10.03615
9.00975
5.739275
5.7627
5.876
5.7295
5.634775
5.705075
5.4922
5.625975
5.524425
5.3164
7.495125
12.005875
11.89455
12.041
10.98145
10.250025
8.99315
9.8281
11.406275
11.54005
11.85645
10.88085
10.0576
10.195325
6.511725
6.293925
6.4502
6.434575
6.3887
7.118175
6.289075
6.363275
6.826175
6.581075
8.09865
10.246075
9.3135
10.705075
11.442425
11.620125
10.912125
9.729475
9.8428
9.5078
11.409175
8.701175
7.749025
7.7002
4.50685
4.605475
5.865225
5.45705
3.6748
3.671875
4.71095
4.00685
3.792
4.125
6.8994
10.306625
11.26955
11.4121
11.684575
11.765625
10.901375
10.3213
9.292
9.78615
14.06155
14.05275
13.148425
13.298825
9.568375
9.5674
9.4492
9.2871
9.49025
9.298825
9.26175
9.255875
9.43555
9.401375
11.9795
14.39945
16.0254
14.660175
11.588875
12.039075
11.33105
10.0049
9.75
10.017575
9.036125
8.763675
6.5303
6.324225
6.3545
5.6914
4.396475
5.223625
4.5283
4.494125
4.4746
4.51075
5.355475
4.396475
5.260725
4.405275
7.71875
8.4453
7.645525
7.59865
7.7715
7.774425
7.64355
7.592775
7.6748
8.778325
4.376
4.372075
4.3672
5.44335
4.3379
4.334
4.375
5.149425
4.3291
4.49415
4.35255
4.366225
4.31055
5.1592
7.741225
7.791975
7.564475
8.77445
9.00585
8.103525
8.77345
8.026375
8.717775
4.450175
4.3457
4.50195
4.5459
4.47755
4.547825
4.291025
4.590825
4.4082
4.4756
4.380875
4.48045
4.752925
6.5801
9.376
8.73535
9.71485
11.567375
10.71875
10.591775
10.0869
10.165025
9.76565
10.190425
9.548825
8.8389
8.798825
5.5957
5.6201
6.28615
5.295925
5.230475
5.340825
5.45995
5.48145
5.45215
5.711925
7.3037
10.09375
9.93555
9.757825
9.13185
11.27345
10.3379
10.93455
10.99315
11.509775
11.5537
9.119125
8.794925
10.402325
5.03515
6.71095
5.5762
6.208025
6.38185
4.6963
4.890625
5.35645
5.633775
5.64845
7.520525
10.245125
10.66895
12.651375
12.7461
11.653325
12.590825
11.9873
11.7578
11.80955
10.353525
9.388675
7.444325
7.773475
4.661125
4.081075
4.810575
3.7549
4.6992
4.9492
4.945325
4.522475
4.091825
4.545875
7.3877
9.69335
9.162125
10.324225
11.42285
10.968775
11.10055
9.8135
11.130875
10.277375
9.5586
9.475575
12.541975
13.144525
9.886725
9.11915
9.083975
9.4004
9.859375
9.324225
9.751
9.499025
9.6709
9.6465
12.125025
14.446275
13.902375
14.82815
15.0293
12.14455
14.93945
15.571275
14.34965
11.276375
8.91015
9.09865
6.91505
6.223625
5.1035
4.280275
3.901375
4.337875
4.3721
3.814475
4.99805
3.8965
4.28025
3.823275
3.7373
3.74125
7.066425
7.208025
7.021475
8.8086
6.789075
7.37795
7.503925
7.48045
8.453125
4.21775
4.375975
4.5176
3.87305
4.042025
5.655275
4.368175
4.004875
4.4746
4.307625
4.13185
4.3535
4.3457
4.038075
3.66015
7.2969
7.9043
7.590825
7.153325
7.6045
6.938475
7.5547
7.255875
7.24415
5.2285
3.944375
3.882825
4.750975
3.91115
4.76365
5.320325
4.458025
4.455075
4.443375
3.5225
3.859375
4.88185
7.67675
9.49805
10.68655
13.653325
13.4385
12.936525
14.509775
11.27735
11.7334
11.908175
11.88575
9.7881
9.832025
11.85255
9.49025
7.28715
7.6748
7.689425
7.666975
7.9463
7.276375
6.02245
5.56835
6.080075
8.58885
12.508775
11.303725
13.166975
13.6162
13.38575
12.67285
13.1338
10.52245
9.833975
13.362325
14.800775
13.427725
13.626925
10.0752
10.0293
10.31935
10.1963
10.07325
10.38575
10.109375
10.0703
10.18655
10.56445
12.7676
15.8789
16.31545
16.155275
18.01955
15.9912
15.7373
12.102525
11.676775
10.830075
12.335925
10.5918
9.971675
9.0332
5.846675
5.67285
5.72755
6.755875
5.74805
5.78225
5.865225
5.688475
5.8125
5.768575
8.651375
10.755875
11.1211
12.7842
13.1377
12.969725
12.41505
12.504875
11.4248
11.1035
13.074225
12.907225
11.879875
11.61915
8.9004
8.096675
8.0254
8.0762
8.874025
7.99805
8.14455
8.290025
7.9131
7.917975
12.97755
12.87205
11.751
11.66505
13.3379
13.0244
12.212875
10.5039
9.46875
9.60645
8.28615
10.3633
6.48145
7.59765
7.378925
6.2998
6.2705
6.2832
6.218775
6.246075
6.342775
6.28615
6.26075
6.2295
6.3545
6.592775
9.49805
9.44825
9.47755
9.9424
9.4902
9.4961
9.42675
9.46485
9.501975
6.31445
6.324225
6.20605
6.2969
6.36525
6.635775
6.395525
6.73925
6.23635
7.324225
6.68555
6.61815
6.8076
6.36525
6.46875
10.263675
9.576175
10.01075
10.2002
9.93065
9.710925
9.946275
9.718775
10.156275
6.457025
6.352525
6.87795
6.4004
6.9883
6.883775
5.97465
6.92775
6.419925
6.492175
6.865225
6.4199
7.333975
9.939475
9.17285
9.33595
9.11035
10.225575
11.41115
11.83595
9.926775
8.84375
9.3086
9.500025
11.513675
9.684575
7.1592
4.0117
5.664075
6.539075
5.607425
5.81835
6.0371
5.691425
6.161125
5.53415
6.227525
8.417
11.46975
11.782225
11.79785
10.180675
10.7168
11.18945
10.0889
9.326175
10.2002
12.054675
10.859375
9.9375
9.6748
6.866225
5.958025
5.811525
6.431675
5.86035
6.097675
6.336925
6.119125
6.6367
6.611325
8.376
10.06055
10.2129
9.7031
9.5459
10.43555
9.913075
10.2334
9.87695
8.570325
8.057625
7.524425
7.43065
6.957025
4.603525
4.875975
4.800775
5.4072
4.8711
4.58695
5.830075
4.882825
4.4658
5.0508
7.4619
9.45505
10.994125
9.83495
10.290025
10.4287
11.488275
9.907225
9.959975
10.01465
10.7793
10.854475
9.417
10.172875
6.38575
6.27735
6.053725
6.379875
6.259775
6.327175
6.084
5.380875
6.04395
6.0332
8.7871
11.21875
10.191425
11.02835
10.9004
10.324225
8.820325
9.0918
9.977525
8.611325
8.151375
7.50585
4.1289
2.64355
3.534175
3.765625
3.4541
2.9619
3.905275
2.9258
3.715825
3.923825
4.221675
3.5703
2.9131
3.12305
6.616225
6.16505
6.6787
6.4697
6.211925
6.68555
6.441425
6.60545
6.6289
3.292975
3.347675
3.8242
3.273425
2.8506
3.3799
3.357425
4.00195
3.2617
3.879875
3.0293
3.26465
2.9082
3.25295
3.632825
6.156275
6.6504
6.276375
6.759775
6.361325
6.780275
6.843775
7.29395
6.206075
3.6328
3.244125
3.024425
2.603525
3.397475
3.792
2.7334
3.433575
3.332025
3.231425
3.87305
3.048825
3.3008
5.436525
6.648425
7.347675
9.507825
12.272475
11.8076
11.23245
9.762725
8.57325
10.041025
8.4551
8.9365
7.10545
6.2207
3.667975
5.140625
4.86815
4.9668
5.1875
3.254875
3.00195
4.304675
2.640625
3.492175
7.162125
10.9365
11.992175
12.542
12.6914
12.2832
12.67285
11.472675
11.701175
12.2793
12.792975
11.855475
13.183575
12.8926
9.7422
7.993175
8.666975
7.8877
8.0557
8.841825
8.0791
6.2334
6.244125
6.2998
8.5918
11.447275
12.0918
11.9121
11.609375
12.573275
11.420925
12.217775
11.037125
10.770525
10.26855
9.788075
11.941425
11.03125
6.7959
7.642575
7.634775
8.332025
7.726575
7.39845
8.36425
7.251975
7.25585
7.582025
10.7578
11.470675
12.606425
13.493175
14.2432
15.99415
14.125
13.461925
11.553725
11.822275
11.7998
11.556625
12.4053
11.4785
7.826175
7.69825
7.76955
8.0137
7.86425
8.014625
7.86135
7.82325
8.0625
8.124025
10.287125
13.013675
13.029275
13.260725
15.144525
13.431625
12.71385
11.436525
10.0254
9.48535
9.431625
9.32815
5.9043
5.797875
5.90135
6.15625
5.846675
6.722675
6.12305
6.147475
6.163075
6.8252
6.03905
5.85255
5.91405
5.959975
9.6074
9.667
10.58205
10.8506
10.983425
11.732425
10.826175
10.90135
11.14455
7.64065
7.56155
8.51565
7.7588
7.7295
7.750975
7.845725
7.875975
8.657225
7.881825
7.684575
7.749025
7.8633
10.480475
11.84085
11.93065
11.54005
12.375975
12.425775
12.397475
13.2891
12.6504
8.953125
7.838875
7.517575
7.13965
6.5742
5.7539
5.51755
5.557625
5.62405
5.876925
5.671875
5.812525
5.5791
7.317375
10.37015
12.9258
13.97365
13.458975
14.067375
13.0
13.643575
10.995125
10.561525
10.58105
11.166025
9.502925
9.256825
8.782225
5.14745
6.041025
6.608425
5.82225
4.3174
3.9902
4.174825
3.932625
4.78515
4.11815
7.176775
9.2871
9.580075
10.8164
11.37595
11.72365
11.679675
12.307625
11.870125
12.741225
11.6387
11.781275
10.215825
10.146475
5.38085
4.360375
3.44335
3.54785
3.752
3.564475
3.4873
3.78125
3.614275
3.698225
8.458975
8.714825
8.481425
9.669925
11.323225
10.73925
10.959
11.3125
10.349625
10.4375
9.0254
8.247075
8.2832
8.540025
3.7617
3.21975
3.3623
3.2412
3.1699
3.08595
3.11915
3.3623
3.336925
3.351575
8.440425
9.193375
10.6719
10.40625
12.449225
11.112275
14.0547
12.4121
11.259775
11.34475
11.80565
11.14845
11.1914
10.312525
4.307625
3.551775
3.61915
4.51365
3.500975
3.581075
3.715825
3.815425
3.50685
3.600575
8.9424
9.070325
10.8867
10.915
11.167
11.08985
12.084975
10.039075
10.6709
9.70995
9.665075
8.250025
3.555675
3.1875
3.1992
3.028325
3.095725
3.04005
3.041
3.1621
3.194325
3.134775
3.132825
3.92675
3.0869
2.951175
10.060575
7.850575
8.68165
8.032225
7.912125
7.60645
7.711925
8.690425
7.9141
3.86915
3.25975
3.226575
2.909175
2.90625
3.04495
3.096675
3.096675
3.0176
3.006825
3.209
3.14355
3.2129
3.233425
3.108375
9.2246
8.0547
7.730475
7.952175
8.175775
7.787125
7.76075
7.6289
7.7744
3.559575
3.24705
4.076175
3.017575
3.03615
3.01465
3.070325
2.906225
2.9492
2.901375
3.0215
3.032225
3.474625
8.5957
8.6875
9.891625
11.180675
9.800775
9.87205
9.00295
10.04395
10.9668
9.86525
9.29395
9.2598
7.07715
7.2129
3.028325
2.48045
2.161125
2.22365
2.3086
3.08495
2.3369
2.264625
2.252925
3.251975
7.823225
12.8125
14.2002
14.988275
14.9795
12.94335
12.261725
12.051775
10.6465
10.180675
8.599625
7.97755
7.46385
7.435525
3.01855
3.403325
2.666
2.525375
2.526375
2.45605
2.826175
2.469725
3.3486
2.68555
7.3076
8.42285
9.34765
10.8994
11.20995
10.401375
10.16605
9.055675
10.2256
10.53615
9.588875
9.700225
7.8701
8.011725
3.514625
2.919925
2.98535
2.896475
2.961925
2.90625
3.017575
3.0752
3.103525
3.167975
8.03025
9.375975
10.031275
11.578125
12.66405
10.898425
10.252925
9.238275
9.33105
10.253925
9.12305
9.583
7.9092
7.811525
4.115225
3.005875
3.0
2.999025
3.73925
2.8916
2.89745
2.94335
3.80955
3.0742
7.84765
7.783225
7.09765
8.730475
9.142575
10.4746
9.004875
8.6211
9.096675
9.1045
8.579125
8.4463
4.4541
3.010725
3.323275
3.16015
3.0342
3.72755
2.818375
2.8672
2.861325
2.881825
2.833975
2.89745
2.857425
2.834975
6.258775
6.492225
6.292975
6.1465
6.13965
6.261725
7.13575
7.776375
6.23635
2.92775
3.04005
3.10155
3.1211
3.03025
3.065425
3.029275
3.085
3.053725
3.167975
3.01955
3.125
2.820325
3.18945
3.007825
6.116225
6.4121
6.40235
6.739275
6.653325
6.634775
6.339825
6.4961
6.21775
2.997075
3.058575
2.855475
2.88575
3.032225
2.912125
2.826175
2.82815
2.98145
2.947275
2.92285
2.805675
3.071275
7.46095
7.5869
7.3838
8.71485
11.2256
10.17875
10.457025
9.7539
9.293
9.997075
10.39845
9.4043
7.698225
7.199225
4.33885
3.70995
3.780275
4.985325
4.53615
4.1914
3.9873
3.870125
3.5049
4.50975
9.184575
8.5156
9.184575
10.680675
8.949225
10.98245
9.019525
9.572275
8.07715
10.688475
11.6465
10.897475
9.0635
8.93065
6.152325
5.7705
6.521475
5.784175
5.406225
5.03615
5.815425
6.495125
5.3662
6.06055
10.5381
9.51075
9.788075
9.4961
10.874025
11.37305
8.964825
8.903325
8.06055
9.44725
8.5293
7.526375
8.221675
6.9541
5.219725
3.60255
3.971675
3.14455
4.29785
3.16405
3.546875
4.4365
3.25295
3.474625
10.225625
9.139675
8.231475
9.2666
9.144525
10.7207
10.194325
14.958025
16.5459
11.555675
10.3252
9.0615
7.8135
7.539075
4.775375
4.402325
4.3926
4.130875
4.495125
5.322275
4.112325
4.50685
4.4951
5.125975
9.6377
9.705075
9.507825
13.579125
12.83985
10.7002
11.519575
9.956075
9.80955
8.830075
9.71485
9.42285
4.874025
4.458025
4.883775
4.922875
4.531275
4.91895
4.87405
5.075175
4.771475
4.86425
4.927775
4.8877
5.64255
4.866225
10.6699
8.175775
8.04785
9.2334
7.7383
8.1787
7.949225
9.07425
8.957025
5.13675
4.8789
4.862275
4.857425
5.0752
5.0713
4.891625
4.460925
4.51855
4.866225
4.996075
4.72755
4.958025
4.890625
4.582
10.5654
9.1963
9.421875
9.616225
8.7002
9.024425
9.2295
9.43555
9.75295
5.48635
4.63085
4.95995
4.516625
4.777325
5.7539
4.820325
4.85935
4.85255
4.8164
4.791
4.8164
5.83985
8.872075
10.503925
11.411125
11.658225
11.091825
12.98925
13.2295
10.51075
10.774425
10.47265
10.583
9.120125
8.11035
8.765625
3.445325
3.1504
3.1279
3.284175
3.3672
3.21385
3.99315
3.162125
3.12305
3.4912
7.669925
8.1621
10.044925
11.3457
13.02345
11.6797
10.780275
9.6875
11.19825
10.878925
11.221675
10.4756
9.89355
10.680675
5.521475
5.8252
5.026375
5.095725
5.186525
5.162125
5.101575
5.136725
5.08595
5.234375
10.06835
11.232425
11.6299
12.037125
10.400375
10.981425
10.637675
9.846675
9.9258
11.84375
11.564425
9.1914
9.422875
8.35935
4.16115
3.719725
3.6738
3.8076
4.019525
3.74025
3.884775
3.730475
3.7881
3.733375
8.01075
9.3125
9.4912
10.965825
11.4004
10.5879
9.8037
9.44435
10.488275
10.832025
12.39455
10.7881
10.398425
10.44045
6.78125
5.30665
5.3916
5.318375
6.1416
5.28325
5.3389
5.3789
5.31935
5.400375
10.1504
9.834975
10.565425
10.5752
9.78125
9.667975
9.589875
9.090825
10.097675
10.09965
9.3672
9.539075
3.942375
3.40135
3.44045
3.344725
3.336925
3.35645
3.34375
3.332
3.41895
3.324225
3.398425
3.3965
3.3389
3.4883
9.21095
7.541025
8.108425
8.109375
8.2168
8.259775
8.06545
8.1045
8.282225
3.94825
3.2881
3.2383
3.440425
3.33985
3.27735
3.363275
3.285175
3.33205
3.320325
3.351575
3.33105
3.345725
3.3125
3.345725
9.3584
8.15135
8.350575
8.192375
8.1338
8.072275
8.2119
8.27735
8.208025
3.631825
3.323275
3.390625
3.536125
3.390625
3.2793
3.304675
3.428725
3.300775
3.45995
4.4043
3.417
3.773475
8.893575
9.776375
10.84375
10.877925
12.037125
13.326175
12.952175
12.611325
12.8242
11.667
11.470725
10.52245
9.3203
8.514625
4.598625
4.244125
4.253925
4.183625
4.1914
4.171875
4.17675
4.275425
4.168925
4.459
8.31445
9.90625
11.56545
11.353525
12.727525
11.824225
12.236325
11.196275
12.86325
18.340825
17.474625
16.976575
14.94725
15.35645
12.003925
10.996125
12.08985
11.215825
11.04785
10.978525
10.96585
10.943375
10.989275
11.1377
15.7461
17.235375
17.584975
18.51955
11.92
19.12305
17.392575
11.71975
11.4678
11.142575
11.338875
10.409175
9.125025
9.6621
4.507825
4.092775
4.063475
3.9541
4.265625
4.289075
4.3584
4.16795
4.151375
4.84865
10.73925
10.888675
10.423825
12.508775
13.412125
11.8877
11.56935
11.623075
10.5879
13.38865
18.169925
16.7793
15.16605
16.058625
12.559575
11.70705
11.6172
11.503925
11.5381
11.4971
12.38475
11.539075
11.504875
11.713875
15.4238
17.412125
17.3125
17.966825
11.465
19.132825
18.726575
17.80565
18.107425
16.778325
17.669925
15.126
5.636725
5.217775
5.191425
5.1621
5.314475
5.43555
5.224625
5.208
5.38185
5.206075
5.4248
5.3086
6.0166
5.1787
11.769525
10.3545
10.287125
10.0557
10.039075
10.265625
10.019525
10.25095
10.25
6.70705
5.458025
6.65725
5.1953
5.211925
5.1914
5.213875
5.4336
5.196275
5.220725
5.423825
5.207025
5.177725
5.3252
5.426725
11.55565
10.04395
9.8545
9.5742
9.60155
9.64455
9.695325
9.6172
9.56935
5.35645
4.8916
4.772475
4.819325
4.9326
4.941375
4.870125
4.809575
4.8096
5.08885
5.1172
4.93455
5.96485
8.6504
10.580075
11.375975
11.66115
11.652325
12.6582
11.947275
11.62405
12.042
11.420925
11.98925
10.2168
9.7412
9.591825
4.9082
10.75
10.8125
10.986325
11.197275
11.041975
5.605475
4.58985
4.849625
4.9043
9.594725
11.4785
10.76855
12.51365
13.607425
11.846675
14.338875
18.070325
17.092775
15.79395
17.12595
15.0918
14.916025
15.136725
11.184575
8.6885
3.83495
3.71095
4.000975
3.697275
3.715825
3.8418
3.6094
3.889675
7.31935
10.963875
10.726575
12.686525
11.554725
11.64065
11.283225
10.71095
11.561525
10.390625
12.7363
12.91115
11.30175
10.921875
7.312525
5.148425
5.0586
4.288075
4.269525
4.324225
4.1914
4.240225
4.213875
4.464825
8.22755
9.873025
10.7959
10.6172
11.6631
12.5381
12.795925
10.958975
11.086925
12.975575
11.791025
11.972675
14.6865
16.426775
11.6455
11.4834
11.521475
11.444325
11.34765
11.4863
11.661125
11.59865
11.61425
11.33105
15.95215
16.5547
13.96975
11.271475
11.58595
12.4834
12.3574
11.958025
10.371075
9.632825
8.518525
8.33985
4.23245
3.612275
3.59475
3.663075
3.64065
3.65235
3.558575
3.67675
3.8447
3.664075
3.6084
3.6611
3.634775
3.50295
8.9824
8.43165
8.30275
8.366225
8.318375
8.2549
8.210975
8.314425
8.1914
3.74415
3.7578
3.483375
3.659175
3.5166
3.613275
3.59375
3.64745
3.6289
3.625975
3.680675
3.600575
3.5039
3.701175
3.600575
9.541975
8.2793
8.565425
8.559575
8.680675
8.54495
9.836925
10.0332
10.094725
5.60645
6.000975
5.499975
4.6172
4.0713
3.84475
3.860375
3.8213
3.9092
3.96875
3.843775
3.71975
3.877925
8.6045
10.454125
11.672875
12.0244
12.0049
12.459975
11.3594
11.2881
10.2295
9.896475
9.517575
9.309575
10.078125
10.0996
5.903325
3.78615
3.82715
5.185575
5.095725
4.842775
4.577175
4.5039
3.809575
4.07225
7.46875
8.401375
8.69045
11.34275
10.416975
11.599625
11.4502
11.343775
10.666025
10.3623
12.382825
12.296875
10.749025
10.54785
6.686525
6.38575
6.265625
6.2588
6.2754
6.0547
6.0332
6.088875
6.1406
6.148425
7.936525
10.5039
10.8301
12.0352
11.1582
12.95215
11.175775
11.958025
12.66015
11.511725
11.044925
10.417975
9.314475
8.929675
4.129875
4.10255
4.194325
4.095725
4.0508
4.0752
4.183575
4.19435
3.9844
4.353525
8.51175
8.178725
10.217775
11.534175
11.518575
12.33595
11.685575
11.357425
11.75295
12.232425
16.759775
17.27735
15.6289
14.95605
11.151375
9.8457
9.8506
10.070325
9.950175
10.174775
10.270525
10.083
10.0967
9.9414
13.626
15.695325
15.4971
14.06445
10.7002
10.3535
10.138675
9.519525
9.664075
11.47365
13.23245
12.4082
4.564425
3.94825
4.893575
3.709
3.457025
4.624975
3.856425
3.92385
3.46975
3.487325
3.7422
3.6719
3.4766
3.5498
9.28905
8.29395
8.60155
8.333975
8.32325
8.973625
8.2705
14.446275
14.419925
9.875975
9.682625
9.779275
9.6611
9.690425
9.739275
3.45995
3.472675
3.491225
3.3076
3.483425
3.48635
3.375
3.42185
3.563475
9.6699
8.167
8.16895
8.4414
8.30175
8.116225
8.0967
8.153325
8.19335
3.768575
3.261725
3.257825
3.521475
3.493175
3.38185
3.54685
3.3037
3.400375
3.529325
3.4287
3.377925
3.418925
10.162125
10.42775
10.127925
10.6504
11.64745
11.741225
11.2373
11.265625
11.50485
11.05275
11.681675
9.9004
13.6836
15.19435
10.794925
10.625025
10.645525
10.550775
9.0088
4.16505
4.165025
4.14455
4.1836
4.541
14.582025
16.024425
17.033175
16.779325
16.99025
11.006825
11.708025
11.1963
12.0869
13.61815
17.928725
16.932625
16.31445
15.695325
10.490225
9.458
9.419925
9.605475
9.669925
9.53515
10.30565
9.544925
9.59375
9.937525
15.157225
16.2666
16.4541
17.6133
15.638675
12.14845
11.797875
13.15335
15.97265
17.05665
13.603525
12.1543
10.618175
10.418925
6.95705
11.7119
11.19435
11.337875
11.22165
9.78905
5.09865
5.182625
5.17385
5.074225
9.303725
10.6299
10.980475
12.829075
13.054675
12.480475
11.360375
12.08595
12.4297
14.205075
18.407225
16.725625
16.799775
16.216825
11.212925
11.6621
10.713875
10.4873
