96.15
95.96
96.7
97.27
98.44
102.18
106.58
108.95
109.24
111.24
111.58
123.42
112.67
100.95
113.01
98.25
90.62
92.31
91.95
91.29
91.72
94.03
95.44
96.87
163.72
171.9
163.11
165.65
167.99
174.47
185.78
200.62
214.67
226.76
222.49
216.62
215.58
214.3
206.13
190.77
163.47
143.69
115.79
106.92
106.99
108.78
109.23
115.4
107.08
104.05
105.31
106.19
110.31
110.87
116.07
115.0
116.82
127.08
130.15
133.57
134.52
130.89
123.58
115.38
102.14
93.76
95.12
94.23
95.43
96.65
99.12
98.48
100.41
102.47
105.59
105.9
106.43
108.43
110.19
112.23
112.83
123.29
127.95
130.6
130.24
129.06
125.65
118.36
104.24
94.64
91.99
92.7
92.13
93.41
93.47
93.57
95.25
97.12
97.32
97.08
115.76
171.16
159.28
176.76
192.38
210.03
220.28
233.69
241.53
242.65
236.67
215.81
193.32
153.41
116.26
104.74
103.76
102.94
101.17
101.6
95.85
94.98
95.19
94.89
96.37
110.1
156.6
169.72
188.41
202.17
221.21
232.4
244.53
239.68
236.01
222.76
200.19
160.37
109.94
95.23
94.59
91.45
91.41
93.52
91.53
91.53
89.66
89.64
89.59
104.39
145.78
154.0
177.87
200.6
190.78
220.14
242.39
239.13
236.36
218.08
201.44
167.1
111.49
97.78
94.48
91.31
90.84
91.78
115.91
112.17
108.89
108.12
108.6
114.05
125.92
145.07
167.58
181.22
192.51
190.93
205.88
204.03
219.84
195.55
183.9
151.14
115.51
108.35
103.9
100.18
101.35
103.97
96.78
94.64
93.07
93.86
93.96
111.12
130.09
143.08
165.79
184.58
196.71
210.5
213.5
211.74
216.69
206.26
179.82
147.27
116.42
106.58
101.27
98.12
98.73
97.64
92.17
90.8
89.3
89.83
90.48
91.02
89.0
89.83
90.83
95.73
101.31
94.47
102.35
94.34
95.82
97.43
89.55
90.57
87.59
88.3
89.65
88.82
87.73
89.34
87.45
90.11
89.19
88.83
89.64
90.01
89.07
90.57
91.03
101.09
100.77
112.47
122.34
123.64
119.34
107.42
96.53
90.63
89.58
88.96
88.86
89.5
87.86
89.0
89.96
88.91
90.09
89.99
91.54
102.07
139.16
149.41
169.41
198.62
202.36
213.69
213.96
219.52
213.77
197.09
178.89
151.58
117.84
113.36
109.45
103.56
102.72
103.21
98.4
94.83
94.31
94.77
94.78
104.54
132.03
145.1
169.27
180.05
194.09
191.86
200.79
202.31
218.34
211.43
179.73
151.87
124.08
112.35
110.37
105.77
103.55
106.05
99.97
97.2
96.84
96.92
97.12
106.73
140.04
154.4
174.34
197.5
215.09
221.08
229.21
228.51
218.8825
208.3625
188.805
155.095
122.4125
104.9425
98.955
94.89
94.5225
95.5975
97.665
96.115
94.5225
94.6725
94.31
97.8075
116.805
123.8025
144.2
169.135
188.6525
198.035
202.355
203.43
206.0925
200.6525
185.56
157.5375
121.3125
104.1975
98.535
96.6
94.68
94.32
97.5375
97.135
94.79
94.44
96.0525
102.4025
118.615
146.54
162.98
190.56
204.05
218.34
223.57
216.76
216.62
208.79
182.43
145.71
115.78
108.08
108.84
101.78
101.61
99.71
94.21
91.1
90.6
91.3
92.24
92.73
93.86
93.93
94.75
108.09
119.68
127.24
128.52
128.39
127.17
118.44
104.08
91.28
92.71
91.66
91.63
92.04
92.25
91.92
90.39
91.06
92.67
92.65
92.8
91.96
92.19
93.58
97.94
106.83
119.06
126.58
132.53
126.31
120.31
116.15
102.37
93.34
91.95
91.73
93.19
91.67
91.2
92.74
92.22
91.28
91.76
91.12
91.63
91.41
91.27
91.47
90.52
102.59
113.51
121.46
123.64
121.15
116.09
111.34
100.93
90.15
90.19
91.04
88.98
89.77
88.47
89.35
89.06
87.71
87.17
87.43
89.36
95.61
137.05
145.11
169.04
188.08
194.86
218.95
225.64
219.68
219.06
213.25
190.41
150.7
113.19
107.21
100.85
97.8
97.14
98.19
92.23
89.3
88.56
89.29
89.42
94.26
125.85
137.25
161.56
180.51
200.25
217.52
224.51
229.45
234.38
230.17
198.76
161.93
124.81
108.77
103.19
98.58
96.72
96.37
90.73
87.79
87.97
88.54
87.84
91.68
128.79
141.99
159.99
188.01
209.85
221.87
226.31
222.26
221.42
213.53
189.07
153.68
117.89
106.33
100.62
97.21
96.91
97.98
93.68
89.96
89.22
89.86
90.6
96.23
138.93
158.12
172.79
195.85
204.68
207.71
205.83
206.75
207.72
196.26
170.53
138.93
108.92
101.3
97.97
96.42
95.98
96.19
90.28
86.35
85.1
85.53
86.79
85.91
85.64
86.42
88.2
102.45
114.75
122.22
124.74
126.11
121.48
112.88
103.6
88.3
88.18
87.02
86.22
86.18
86.07
85.29
87.09
86.84
86.32
85.45
85.78
85.36
84.97
85.69
86.55
94.64
106.84
119.6
119.44
125.58
111.83
101.45
96.12
87.82
89.2
88.72
87.37
88.4
87.66
86.93
87.35
86.99
87.73
86.78
86.99
96.77
126.73
137.39
158.02
173.52
185.16
190.79
204.44
202.65
201.07
189.49
167.3
149.92
117.76
113.04
104.91
100.17
100.62
99.85
92.73
89.38
89.38
89.35
87.67
94.57
128.51
140.45
153.06
176.32
188.64
209.81
214.97
215.35
223.57
213.75
203.34
162.06
118.94
109.56
106.56
99.5
99.37
98.15
93.24
91.63
91.22
91.58
91.39
96.12
124.92
132.89
157.57
187.5
207.3
225.83
232.8
241.67
239.84
211.74
185.71
156.17
120.33
111.18
104.87
100.77
99.35
97.78
93.18
92.47
93.12
91.7
91.82
96.6
125.66
136.97
153.66
180.99
192.06
188.58
197.05
194.32
197.82
192.73
173.7
149.78
115.61
107.07
104.71
98.29
100.16
101.1
92.51
91.5
90.22
91.42
92.37
97.78
127.21
134.92
148.77
164.83
163.43
163.39
163.01
160.65
165.64
158.5
146.42
121.51
106.83
103.44
99.14
45.35
92.26
94.745
91.01
87.46
86.5575
86.65
58.82
87.41
87.89
87.84
87.91
90.77
94.29
96.62
95.57
94.38
92.4
100.94
94.09
89.59
88.76
88.18
88.32
89.29
88.35
88.82
90.24
88.6
89.0
89.59
88.91
89.39
89.34
90.12
92.26
94.72
102.62
123.02
126.83
127.53
124.34
117.61
106.8
90.96
89.63
88.33
88.69
88.49
88.22
89.3
88.22
88.43
88.79
88.32
89.12
97.19
130.74
140.85
165.16
186.35
198.24
216.56
219.31
215.26
222.31
217.22
192.25
148.95
115.42
108.11
101.66
98.35
97.02
98.05
91.34
90.79
89.63
89.41
89.5
93.02
125.38
136.27
156.53
185.66
198.36
216.07
232.65
230.31
237.85
219.23
202.07
158.51
118.31
107.48
100.18
96.75
95.68
96.1
92.26
91.09
88.88
87.61
87.67
95.08
121.02
135.51
155.54
186.78
208.24
219.26
228.96
230.04
233.7
235.14
209.61
165.95
127.3
113.91
107.86
102.2
99.64
97.6
92.24
89.8
89.32
90.65
89.32
95.21
119.64
136.1
161.31
186.56
206.47
226.34
241.49
246.17
244.68
234.81
214.15
167.85
126.2
112.95
105.24
101.26
98.21
99.37
94.67
91.85
90.91
89.41
90.44
95.31
122.69
127.2
150.62
178.27
197.64
211.47
223.02
228.21
236.98
232.26
208.5
167.99
123.79
113.35
106.27
100.27
96.7
96.55
91.2
86.76
87.66
88.37
87.41
87.24
88.2
87.07
90.46
104.62
115.62
123.25
126.04
127.63
126.63
123.36
111.33
96.52
94.06
91.21
91.39
90.44
90.98
89.99
89.48
89.79
89.58
89.32
88.35
88.32
89.01
87.83
93.41
110.57
122.16
127.66
131.87
131.79
129.9
126.12
113.75
100.77
95.91
94.64
92.68
93.46
91.5
91.73
90.77
91.14
89.98
90.58
91.29
98.61
130.95
143.24
163.0
203.05
222.09
236.94
249.4
250.21
256.25
249.98
226.65
181.64
134.32
119.04
113.55
104.02
100.25
102.12
95.37
93.51
91.32
90.88
92.48
96.59
130.26
140.09
158.74
191.22
212.04
233.41
242.3
245.99
256.32
252.14
224.81
182.46
134.7
121.7
115.43
110.74
109.75
108.04
102.41
99.94
98.58
97.46
99.1
104.79
132.87
143.32
161.44
191.0
213.77
231.53
242.96
244.09
255.08
240.38
213.08
172.33
139.7
127.17
117.15
112.0
107.63
109.17
107.24
104.43
103.46
101.9
99.09
103.74
116.81
129.11
160.89
186.65
217.71
231.65
219.55
201.91
197.15
189.41
170.45
135.48
117.51
111.77
101.25
96.3
94.99
94.27
91.47
89.84
88.38
89.72
86.98
92.83
120.54
128.1
154.63
177.54
203.37
212.51
222.12
221.25
228.33
222.51
197.12
158.82
118.4
108.79
104.16
99.96
97.63
98.0
91.9
89.66
90.52
89.48
89.25
87.23
88.77
87.84
95.21
108.63
111.52
120.21
131.28
133.19
125.5
109.53
101.13
96.35
94.17
92.64
93.0
93.22
91.26
91.15
89.58
87.92
88.06
87.68
86.61
87.41
89.21
89.82
89.87
94.03
99.13
109.34
127.39
132.05
111.2
115.74
109.78
100.11
93.83
93.24
92.66
90.35
90.46
89.88
88.4
87.51
88.17
87.54
87.73
94.84
131.04
138.04
162.84
192.65
208.56
228.68
242.5
237.55
236.75
235.6
207.96
170.94
123.6
115.25
107.31
102.24
100.11
102.99
94.71
92.24
90.99
89.47
89.88
94.51
120.83
127.19
152.51
184.56
205.77
217.99
227.96
227.48
230.97
223.63
199.4
161.73
121.34
111.21
99.72
98.45
100.84
97.29
90.71
89.39
87.75
88.68
87.76
94.4
113.21
126.7
158.98
187.01
204.58
217.7
225.56
237.46
238.93
229.37
202.72
161.11
116.64
107.28
100.88
98.0
97.08
97.97
92.62
90.11
88.14
87.34
86.61
90.66
119.96
128.3
150.23
172.53
195.12
204.41
219.62
217.28
214.28
213.91
200.81
167.32
124.52
107.24
102.14
97.95
97.37
95.67
91.21
88.39
86.88
86.16
86.97
91.97
117.6
122.19
147.82
170.44
177.51
190.28
201.84
204.68
207.69
196.12
178.26
145.16
111.76
102.73
95.88
95.62
98.71
97.06
92.66
87.41
84.57
85.08
84.98
83.79
84.02
83.56
89.67
95.93
108.82
122.69
121.8
124.97
120.31
113.11
110.27
96.24
93.29
91.13
90.67
88.22
89.97
86.73
86.37
85.64
85.38
86.44
84.73
85.76
84.73
87.07
88.07
99.78
104.92
120.47
126.26
112.07
108.72
99.23
91.23
92.42
91.95
89.1
90.1
89.22
89.07
88.29
88.43
87.29
86.77
87.36
87.64
95.06
130.57
144.09
164.72
198.39
201.37
199.33
199.81
206.8
205.71
204.86
166.39
149.71
115.65
105.23
102.94
97.03
95.82
96.21
91.02
86.69
87.63
89.01
87.27
91.39
120.43
137.73
156.64
185.87
207.75
224.38
235.81
229.6
229.7
214.5
197.31
153.46
111.35
100.9
96.15
94.72
95.74
95.42
89.91
85.55
86.6
85.49
87.12
92.76
123.67
139.46
168.7
193.25
207.61
225.31
214.92
221.06
225.71
217.14
196.3
158.96
113.5
100.17
94.09
91.16
94.05
91.91
86.62
81.66
82.09
81.33
83.32
86.0
117.46
132.11
160.35
198.43
214.79
223.48
228.2
228.15
229.24
221.79
199.57
158.44
113.78
97.11
92.19
90.01
90.65
92.72
84.85
81.67
79.78
80.66
80.44
86.61
112.32
120.31
150.45
176.5
196.37
208.56
217.76
220.78
220.82
161.22
192.45
152.28
111.6
99.26
98.46
93.11
93.36
91.84
87.47
84.31
82.3
83.62
82.7
82.14
83.99
85.0
84.66
93.11
99.64
100.72
98.42
90.1
90.17
93.08
90.57
89.37
88.64
86.77
87.28
84.19
82.4
84.51
85.26
85.61
84.25
83.52
83.56
83.51
82.96
83.18
83.88
90.68
102.25
114.21
110.92
109.57
108.91
112.64
101.29
97.79
88.23
88.78
87.18
85.71
87.22
84.73
85.47
84.89
84.86
84.26
85.41
91.23
135.06
140.75
165.16
177.9
196.56
191.22
190.75
184.24
180.42
177.47
159.59
135.64
105.06
96.9
94.49
89.54
88.92
88.6
82.59
82.17
81.4
81.26
79.87
86.39
131.87
143.68
173.97
198.19
213.76
218.14
207.87
198.48
182.29
176.91
158.39
134.12
105.06
96.6
94.18
87.88
88.57
87.94
82.3
79.63
78.9
78.98
78.13
83.71
129.32
141.24
169.77
195.15
219.12
228.68
231.86
226.32
223.33
216.25
188.24
146.1
106.53
93.85
90.96
89.86
93.1
92.38
85.36
81.52
80.61
80.96
80.09
84.32
121.46
144.83
172.77
193.54
220.35
225.61
230.9
229.49
238.23
224.62
196.51
154.34
112.51
96.17
90.52
89.11
89.09
88.23
85.29
81.34
82.08
80.98
81.35
85.78
110.21
120.32
146.42
174.38
196.61
209.97
215.57
219.01
219.74
211.93
194.66
161.2
115.92
102.12
94.65
90.11
88.71
90.18
84.0
80.54
79.6
80.27
79.77
79.15
78.39
78.98
90.66
103.13
115.42
122.65
125.69
127.62
126.2
120.57
113.7
99.31
88.85
87.69
87.53
85.67
85.7
84.94
84.65
83.08
82.78
82.65
83.21
81.81
81.72
81.64
120.23
131.21
140.83
149.51
155.79
159.96
161.47
158.88
152.26
136.42
102.15
95.14
94.95
92.81
92.88
92.39
91.29
91.73
90.55
90.83
92.16
102.89
113.85
130.49
164.45
191.87
191.4
229.24
236.12
245.92
246.8
243.9
217.98
180.15
125.25
107.78
105.15
100.07
98.66
96.05
89.48
88.55
88.01
86.59
86.66
95.53
121.02
134.92
164.63
199.94
220.66
239.24
252.63
254.87
249.98
253.06
236.44
195.67
116.58
95.5
90.26
67.2
89.6
86.16
83.8
81.43
81.81
80.59
80.16
92.73
129.19
133.18
171.37
199.4
228.86
239.53
239.38
246.57
244.42
253.96
226.77
194.46
117.59
95.0
88.4
85.92
87.3
87.13
130.47
117.63
108.6
105.69
104.34
103.61
127.3
142.66
169.65
190.57
205.26
233.83
226.25
242.89
263.54
231.73
200.08
168.88
121.38
102.79
98.48
97.86
99.65
97.07
92.7
89.36
88.69
87.5
89.78
114.05
123.57
134.1
168.56
198.5
218.93
240.82
247.76
246.7
248.92
244.95
222.6
185.81
119.95
104.21
102.36
100.06
99.21
100.03
91.71
88.06
87.57
85.99
86.87
85.35
84.38
84.08
95.22
110.43
122.52
128.21
132.53
134.66
130.82
123.33
111.4
102.6
95.53
94.75
93.59
93.75
89.83
89.65
89.26
89.34
88.62
87.21
86.84
86.0
86.69
86.09
99.13
112.58
122.96
130.16
135.17
137.47
137.93
130.52
122.4
107.47
95.94
93.97
94.49
92.76
91.91
90.11
89.85
87.41
86.6
85.96
87.37
92.52
156.58
162.45
192.0
229.45
252.89
268.92
280.98
286.97
288.64
280.9
257.34
210.71
139.44
121.17
109.25
101.32
100.76
99.14
97.12
93.58
91.12
91.04
91.78
95.71
151.2
158.87
190.72
231.21
229.82
265.8425
280.2875
285.16
290.91
286.2
261.79
207.65
141.98
122.14
115.87
106.44
104.81
105.45
98.5
96.68
96.93
96.17
97.35
101.89
171.12
176.18
191.44
221.28
231.39
240.36
259.99
246.83
235.56
213.24
188.53
160.36
126.77
113.61
110.63
107.25
105.04
104.57
97.69
93.99
92.81
90.55
95.32
98.89
139.32
154.4
177.77
200.37
208.88
209.75
213.77
223.19
206.73
221.79
209.23
168.73
125.29
111.84
106.54
102.94
103.3
100.1
93.26
91.19
89.11
89.59
89.36
95.97
129.23
140.35
167.37
200.84
218.78
232.93
242.08
247.32
242.34
235.82
215.26
177.45
128.26
116.99
109.62
103.81
104.03
103.69
98.21
95.62
94.16
93.03
93.51
92.44
93.29
91.33
107.24
123.35
133.19
137.15
144.25
145.89
145.65
139.89
130.91
114.34
101.5
99.11
99.43
98.24
97.79
97.73
96.82
94.46
95.59
93.0
93.79
91.45
91.66
91.1
107.76
122.05
131.95
137.92
141.97
145.92
144.16
142.44
131.29
114.71
107.2
103.16
99.65
97.65
98.69
96.94
96.31
97.19
95.35
95.91
95.59
104.28
150.61
164.11
194.63
229.31
249.8
267.04
279.72
281.13
280.02
266.07
252.56
206.54
142.35
121.85
113.98
107.79
106.08
105.11
100.82
96.49
95.31
93.93
93.43
98.32
136.51
146.99
178.56
216.88
234.44
249.85
260.76
267.05
273.46
262.73
237.42
198.29
136.71
117.58
115.44
108.97
105.3
103.68
99.37
94.77
95.3
92.97
92.53
97.26
137.8
148.45
181.53
216.6
245.32
266.61
270.61
274.87
287.7
282.83
254.78
207.52
142.19
121.21
113.33
106.09
104.61
101.96
98.29
94.53
93.24
91.73
91.61
98.76
145.21
159.09
188.03
222.97
240.68
265.06
279.26
279.74
284.05
279.64
251.66
210.46
144.45
122.06
115.82
106.01
104.56
105.31
97.15
94.7
92.3
92.72
93.08
97.1
143.05
149.18
185.94
219.44
245.48
254.11
266.05
276.31
280.62
281.72
263.19
221.41
148.02
128.29
123.79
111.82
107.71
106.8
97.11
93.6
91.88
91.41
90.52
90.72
89.59
92.74
108.05
121.53
131.48
138.85
147.38
149.8
149.34
146.4
140.59
124.22
109.55
106.15
101.38
100.41
99.62
98.71
95.98
93.8
93.19
92.06
92.11
91.16
91.52
92.88
103.69
116.72
134.33
142.09
146.65
149.02
153.04
150.36
138.6
125.32
110.62
107.17
103.78
102.03
101.43
99.21
97.62
97.75
97.05
96.78
97.08
103.21
182.51
184.66
206.35
247.51
274.18
293.9
300.18
322.76
321.71
302.32
280.47
237.92
165.23
141.39
130.68
119.89
114.59
108.21
102.54
98.21
96.02
95.07
96.14
100.34
155.47
166.88
190.33
222.43
247.75
273.04
292.42
297.94
319.05
303.9
277.99
225.54
154.3
130.64
122.83
109.5
106.29
106.91
100.85
97.7
96.05
95.99
95.06
98.78
160.79
171.29
205.57
245.78
270.04
282.77
288.55
296.58
301.03
293.84
258.75
211.25
146.74
127.12
116.82
108.53
105.67
105.17
101.04
97.24
96.5
95.73
95.46
98.95
146.83
157.22
184.27
209.61
234.8
253.46
263.79
267.61
279.43
269.48
246.02
204.45
138.12
120.09
111.25
110.19
106.16
105.44
99.5
97.26
94.76
93.65
92.47
99.16
135.56
142.86
175.69
214.96
231.7
245.64
246.14
255.43
256.22
244.2
231.05
194.14
135.92
118.68
112.56
105.67
104.23
101.68
96.28
93.13
91.55
92.92
90.77
91.62
92.91
95.9
112.05
125.23
132.97
137.51
146.62
145.75
147.3
137.46
137.59
116.9
105.23
104.94
101.17
98.5
99.13
98.47
97.76
96.18
96.52
94.86
93.47
93.84
92.71
97.76
112.11
125.15
134.52
139.46
144.72
141.51
137.58
145.2
133.68
122.94
108.78
106.94
101.97
100.38
100.37
98.4
97.64
95.54
96.72
94.91
94.04
101.42
143.92
162.27
190.75
228.19
251.85
266.25
275.17
276.56
279.2
270.75
237.97
193.6
144.27
123.42
113.7
106.65
105.15
104.83
94.97
93.2
92.87
90.81
90.83
97.75
131.77
149.54
184.76
224.88
244.34
259.8
274.57
274.35
280.01
265.92
238.04
196.25
139.11
121.66
113.25
107.36
104.73
103.8
97.73
95.21
93.01
92.64
93.26
100.63
137.56
149.29
185.55
227.29
240.76
252.89
258.67
261.36
264.6
247.55
225.88
181.21
126.46
114.54
104.07
101.64
101.25
98.75
93.33
91.54
90.6
90.29
89.95
95.38
126.17
141.79
176.29
209.92
230.37
250.79
255.67
260.84
264.79
259.03
233.65
192.19
138.29
119.38
112.32
105.42
100.3
99.93
96.16
92.82
91.72
91.61
91.3
96.49
129.24
142.16
181.68
209.59
233.2
248.97
255.84
259.12
264.77
257.55
231.41
192.77
138.99
125.75
119.17
112.01
110.85
109.69
102.7
97.27
94.89
95.43
95.63
94.69
93.41
97.51
110.04
120.26
128.65
135.15
133.64
136.47
135.86
126.98
131.63
120.19
108.25
106.85
107.05
104.9
104.53
103.33
99.71
98.78
101.14
98.98
97.03
97.83
99.48
98.51
113.63
130.55
142.19
145.22
149.0
155.85
152.73
145.77
131.47
123.37
111.46
107.97
107.06
104.66
102.03
103.29
102.88
101.63
99.09
97.72
97.17
106.9
156.18
176.96
214.02
254.2
266.12
283.38
289.11
295.06
303.69
293.21
268.4
220.14
156.5
138.34
127.75
116.78
112.77
113.83
106.55
103.04
102.39
101.88
100.48
108.4
148.17
168.46
223.18
248.89
272.85
282.65
296.14
302.24
311.72
294.89
272.99
227.71
161.78
143.62
135.9
124.51
120.41
118.4
108.7
105.75
103.56
103.76
103.69
108.98
155.57
167.52
201.1
238.57
250.79
270.51
277.44
279.68
280.49
269.66
241.17
196.02
137.34
124.52
116.4
111.06
108.12
105.04
100.02
96.1
96.11
98.54
97.7
103.2
126.91
142.55
175.0
210.22
232.3
252.9
246.01
241.82
245.67
240.12
222.41
180.74
130.01
121.16
111.54
105.64
103.82
101.39
97.21
93.19
92.93
92.64
92.2
98.09
122.74
135.53
168.88
202.45
218.0
234.59
233.97
238.93
246.92
238.97
217.62
180.01
132.54
123.36
114.45
108.39
105.68
105.94
99.74
95.78
94.61
92.77
92.21
94.14
92.17
98.33
114.34
127.19
136.28
144.28
148.55
153.83
158.86
150.5
144.0
128.67
111.05
110.77
104.96
104.33
102.23
103.19
101.17
99.28
96.74
96.26
98.05
96.2
93.77
103.73
120.09
131.02
141.01
151.12
159.68
160.78
161.49
157.12
148.35
133.39
117.4
116.65
108.71
107.45
104.04
101.86
101.87
100.69
99.05
98.0
98.63
108.08
160.28
179.28
209.55
237.72
260.01
283.39
291.95
300.26
298.6
298.22
273.22
228.8
162.96
150.14
140.21
120.57
114.01
114.31
107.9
104.33
104.66
101.78
100.97
105.05
149.35
167.23
202.6
239.07
260.1
278.11
288.39
294.17
295.84
296.98
262.07
207.07
152.55
134.6
126.74
113.49
111.08
110.49
104.53
100.82
99.15
98.03
97.87
102.91
145.68
165.08
197.02
241.19
257.59
275.06
278.38
278.73
286.6
285.68
261.12
210.74
149.24
130.59
122.72
111.14
109.41
107.36
102.65
100.73
98.61
98.62
98.28
105.11
142.89
159.5
196.08
227.76
238.6
259.25
259.66
267.55
274.04
276.38
242.11
195.57
144.43
128.91
120.88
110.43
109.49
107.66
103.04
96.69
94.26
96.9
96.44
102.04
140.03
149.41
164.93
185.94
199.98
231.48
231.41
206.15
237.81
234.41
213.77
173.09
133.2
121.04
116.38
108.84
108.6
105.88
100.73
93.77
95.63
95.24
94.26
94.37
95.57
102.1
117.55
126.98
126.8875
132.8025
134.2425
135.425
136.925
131.965
124.6175
110.985
98.12
96.01
95.7075
93.68
93.1
87.875
85.125
86.1175
88.285
89.085
91.05
90.4425
89.7675
92.455
100.985
110.3825
118.655
123.125
139.77
135.04
131.63
130.96
107.69
102.9
103.34
100.26
100.05
95.18
95.09
96.09
95.05
95.45
93.04
93.75
95.99
105.2
135.62
159.86
188.6
228.81
242.99
252.96
263.75
271.16
276.81
266.64
242.97
201.1
143.72
130.5
118.73
113.15
109.46
107.76
102.6
99.58
97.11
95.7
96.89
103.25
145.71
170.65
212.88
248.3
273.56
284.73
290.12
299.09
302.23
296.72
275.42
230.01
164.65
137.87
129.81
114.99
110.38
110.25
106.7
104.3
103.33
101.69
100.57
105.91
166.36
187.45
215.43
254.96
273.11
289.27
302.52
309.33
315.67
311.36
280.69
234.02
166.9
147.05
140.38
122.81
117.29
113.38
107.4
102.8
103.03
102.9
98.37
107.13
156.77
180.32
217.45
253.81
275.81
299.73
230.07
313.08
242.75
315.42
289.01
239.35
170.54
148.02
139.02
120.12
114.68
111.29
104.24
103.08
100.58
100.06
100.72
107.7
159.51
180.51
209.18
245.97
270.35
286.24
302.57
233.98
237.35
309.45
275.67
240.75
175.63
147.34
105.24
91.79
114.04
113.53
103.34
93.77
95.63
95.24
94.26
94.37
95.57
102.1
117.55
126.98
146.17
159.42
158.44
164.98
162.43
160.77
154.26
139.44
123.11
123.53
117.06
113.12
112.22
109.21
110.35
103.58
106.01
103.61
102.27
100.58
99.26
109.49
124.42
138.03
147.49
158.74
160.72
169.16
166.52
162.69
157.1
133.72
120.12
121.59
117.47
112.71
110.17
112.82
113.2
110.49
105.27
103.62
106.05
112.25
201.7
208.94
246.31
275.15
288.29
293.53
290.02
282.89
272.77
249.99
236.43
202.74
146.54
126.96
119.9
109.15
108.16
108.58
106.59
101.85
104.05
100.54
102.76
108.09
155.97
166.32
189.8
233.8
245.18
258.36
267.55
281.76
265.61
280.49
252.32
210.88
154.61
138.93
129.29
120.41
117.73
118.57
109.73
102.66
102.22
101.97
100.87
109.56
155.99
180.51
209.71
241.53
257.48
280.42
273.41
280.72
271.86
286.23
252.29
216.11
155.17
133.71
122.17
113.51
111.61
112.49
106.0
102.25
101.49
97.45
97.09
104.67
143.07
169.89
207.84
238.4
239.49
250.28
257.57
259.39
273.05
267.79
245.2
200.2
146.94
126.86
118.41
109.89
106.84
109.81
102.89
100.48
99.59
98.06
97.69
102.01
134.26
153.91
185.41
208.37
211.15
210.94
204.45
210.31
206.15
222.1
201.44
163.64
128.63
116.71
109.0
106.73
105.23
104.39
98.03
96.08
96.13
95.05
96.79
96.23
92.76
102.85
118.49
129.11
138.62
141.42
143.33
144.01
145.85
141.24
131.08
118.66
105.1
100.43
101.93
100.52
101.02
99.29
98.92
97.37
98.81
98.28
99.06
98.82
94.85
107.91
120.59
131.4
141.2
148.09
152.27
153.97
151.51
125.88
72.53
56.0
92.81
106.37
89.94
103.87
102.69
104.93
103.18
89.74
105.27
103.62
106.05
111.9
144.57
192.83
225.57
205.39
267.555
293.53
290.02
282.89
294.93
307.58
295.82
238.67
173.63
151.55
138.93
124.91
120.86
116.69
112.34
106.06
105.72
106.03
106.36
123.21
160.81
182.71
234.26
270.36
283.71
284.7
283.34
291.33
295.69
284.52
266.06
215.06
139.29
114.54
105.96
103.48
105.34
102.67
103.52
102.26
100.15
101.16
101.04
121.55
166.78
181.37
222.19
254.77
271.46
285.84
290.31
301.0
298.65
290.71
277.14
234.2
139.55
114.1
107.48
101.92
100.18
101.07
173.14
158.72
136.86
132.17
128.08
134.17
147.63
171.31
212.55
246.17
269.45
280.24
280.69
273.31
283.7
270.08
239.05
194.51
135.19
120.56
115.74
112.15
115.3
113.03
110.58
105.99
104.35
106.43
105.86
140.57
140.4
153.11
201.55
215.18
224.72
235.08
238.53
212.85
220.57
205.32
174.25
157.68
123.73
114.37
110.97
109.12
109.85
108.96
106.94
104.99
101.84
102.28
101.28
103.15
104.86
106.44
126.28
142.44
139.75
134.35
138.61
129.02
145.12
130.35
136.96
119.38
109.79
105.96
106.85
106.14
106.22
105.07
105.91
105.94
104.93
104.19
105.4
104.49
106.16
110.91
127.89
139.44
146.08
153.99
153.42
155.53
158.15
153.29
143.17
127.15
115.36
113.19
109.24
109.74
109.94
106.45
109.23
108.88
105.23
106.81
109.02
116.58
166.93
190.03
230.53
261.96
271.75
285.4
298.12
296.8
307.37
293.09
267.77
229.73
170.35
141.57
128.12
115.28
114.88
115.3
111.8
111.22
111.48
107.55
111.3
112.61
145.35
166.38
211.23
247.62
265.01
284.97
290.41
298.64
297.21
288.41
267.96
224.99
141.78
116.03
110.23
107.01
105.06
106.25
102.37
100.27
101.92
97.59
97.62
117.7
154.62
171.34
207.06
241.02
272.26
286.48
295.59
308.05
297.49
303.42
275.49
227.11
144.57
120.25
115.08
112.38
108.43
110.01
168.56
154.3
138.3
136.08
131.41
137.16
146.64
171.72
218.15
240.3
258.83
285.07
283.18
294.96
300.46
290.09
252.25
217.51
144.27
121.9
121.63
114.01
115.28
115.56
109.06
106.31
104.05
104.61
104.62
142.78
147.07
155.51
178.99
215.9
250.35
255.17
263.22
266.7
261.84
256.24
228.13
187.59
126.74
116.57
117.63
111.46
107.63
109.73
103.5
103.01
103.42
102.27
100.35
103.65
100.19
110.71
127.19
135.14
142.63
151.96
152.49
154.24
149.38
141.57
140.66
128.82
109.05
109.11
109.66
105.47
108.83
106.21
104.86
105.71
103.15
101.91
103.72
101.91
99.5
113.51
126.8
134.96
139.47
125.75
141.16
161.73
151.62
153.04
145.3
134.77
122.38
110.7
110.4
110.95
107.06
109.05
105.33
106.19
107.15
103.89
105.25
103.64
102.51
116.13
128.61
139.14
153.47
161.35
163.37
166.56
168.68
161.48
155.34
144.92
128.67
123.31
116.75
117.65
115.04
111.8
112.99
109.86
110.95
110.89
107.83
137.29
195.53
203.7
243.88
267.56
291.86
302.35
312.47
313.97
326.07
319.0
287.58
234.04
153.32
120.36
117.4
113.07
109.47
107.1
108.66
105.4
103.07
106.44
103.59
127.08
179.04
186.73
226.61
249.96
277.35
296.84
307.34
313.67
325.78
323.98
286.17
235.67
143.76
117.27
112.39
109.08
105.34
106.19
165.8
153.39
138.12
131.84
121.99
127.62
138.53
174.15
223.02
262.69
284.31
300.74
310.26
328.85
324.22
327.22
304.04
260.41
163.19
138.81
133.18
126.23
123.02
125.52
118.83
114.3
113.96
111.17
108.53
168.48
167.39
184.23
240.23
274.53
303.8
318.68
318.86
333.2
330.38
327.06
309.12
258.35
167.26
138.58
135.66
130.69
127.12
128.39
121.59
114.53
118.02
115.21
111.49
113.99
110.94
125.22
136.82
147.43
159.67
169.04
173.97
180.36
183.16
184.49
175.4
166.77
154.33
147.68
139.2
133.8
126.2
121.61
125.19
121.74
118.06
116.8
118.63
112.94
114.02
127.76
140.13
156.82
166.33
174.35
183.53
193.97
197.09
202.78
199.94
180.87
169.49
159.15
151.78
138.2
132.39
132.15
124.64
119.3
119.92
118.55
155.3
208.85
181.07
214.95
260.75
304.65
330.48
355.77
363.76
373.91
369.34
364.42
343.38
298.47
184.15
155.64
147.4
147.08
137.69
135.65
134.8
126.74
120.72
118.79
115.83
141.37
194.58
215.53
253.63
286.86
310.87
332.22
344.38
362.04
361.92
350.07
326.99
279.29
168.63
127.46
130.59
122.86
120.91
120.04
121.13
115.7
106.45
105.27
102.22
131.05
186.84
199.84
235.7
274.15
297.94
317.26
325.41
343.14
344.55
344.15
317.04
271.15
166.59
129.49
130.14
120.7
116.77
117.22
181.47
162.24
141.42
136.94
132.14
129.03
139.06
182.34
227.36
266.67
293.97
305.21
301.33
298.39
277.34
275.08
253.54
217.41
150.65
133.88
131.7
126.25
129.02
127.76
116.24
113.41
113.5
114.26
113.49
179.75
181.85
181.64
220.32
237.42
253.1
250.46
245.51
264.11
280.42
262.96
255.77
199.62
147.32
136.07
133.11
127.73
130.97
131.35
122.6
117.58
115.52
114.6
115.86
115.4
116.08
120.07
134.77
144.58
146.93
155.88
161.94
158.89
165.86
155.57
149.73
132.59
125.36
122.17
120.17
117.19
114.71
117.37
112.75
111.15
110.2
109.89
111.04
106.8
110.93
125.08
137.54
151.0
159.05
166.45
169.48
176.31
177.48
177.28
170.1
170.8
150.6
137.64
131.12
123.93
121.27
119.81
117.56
115.17
113.77
114.87
148.87
205.43
181.1
204.83
241.93
273.43
302.82
331.55
344.87
360.67
377.65
344.21
331.45
293.84
188.43
158.14
154.74
146.57
146.94
143.63
136.48
132.03
132.21
130.32
132.57
175.36
248.62
235.75
255.95
271.13
289.17
291.24
294.97
308.51
335.92
314.86
284.08
255.74
161.24
131.63
130.89
128.86
127.2
126.48
127.21
125.17
128.62
125.84
123.01
164.45
247.17
226.63
251.33
278.8
299.7
316.45
329.38
340.42
337.99
331.83
312.94
277.17
173.0
138.42
136.11
132.26
126.14
125.75
220.58
201.36
176.07
171.31
165.92
167.02
177.72
205.32
252.86
285.82
312.73
328.6
333.34
339.55
345.45
350.82
321.53
277.73
177.78
141.19
135.87
132.82
130.22
129.15
123.59
120.6
118.34
118.64
119.47
192.44
188.63
198.31
247.42
271.69
297.75
312.07
322.43
326.13
337.85
348.96
320.17
278.15
180.06
146.82
142.78
136.82
135.07
134.73
128.54
124.5
123.3
120.53
119.61
119.05
116.85
129.98
144.13
155.67
163.93
172.55
180.12
190.23
189.83
193.36
192.01
179.24
164.49
155.46
150.42
142.21
135.53
133.69
130.16
129.14
126.98
123.29
122.71
120.7
123.01
136.13
151.87
165.28
171.87
183.15
198.97
209.58
212.88
211.52
211.49
197.94
181.16
166.58
160.01
148.6
145.21
141.78
136.95
136.74
133.22
133.7
178.96
263.11
220.07
246.72
292.48
329.91
357.44
374.27
389.44
387.4175
392.2325
384.9
390.21
335.56
204.8
167.9
169.42
157.56
155.1
148.49
139.28
139.01
136.25
130.88
129.15
171.67
244.55
253.73
298.6
332.58
357.14
377.94
395.88
408.8025
412.7275
405.59
388.26
334.23
195.81
150.55
144.43
141.56
137.8
135.49
132.6
131.54
127.48
123.59
122.16
171.67
244.55
253.73
299.72
334.79
375.39
390.845
409.4325
418.46
420.8575
423.6125
401.18
351.69
201.83
152.84
150.38
143.58
142.32
138.41
260.46
235.11
205.49
186.07
177.23
173.18
190.81
227.99
289.71
331.26
363.02
378.62
411.805
411.5575
421.805
422.1825
393.52
354.49
209.59
168.54
163.99
158.69
154.68
138.41
260.46
235.11
205.49
186.07
177.23
173.18
190.81
227.99
283.12
318.77
340.87
365.63
378.02
384.34
391.23
386.84
362.02
320.84
198.89
159.2
157.41
150.37
144.33
137.51
129.55
125.34
123.19
120.25
121.54
118.48
119.19
136.67
150.77
160.35
170.52
182.06
192.49
205.52
209.99
216.33
215.67
200.25
185.19
172.12
161.44
148.67
142.84
142.36
141.18
139.62
138.49
133.56
133.99
132.91
131.57
146.8
162.15
175.21
189.65
199.74
214.54
223.59
227.09
220.62
215.69
206.03
187.04
175.06
173.35
157.42
150.42
146.28
147.33
145.09
141.9
138.02
180.03
261.84
223.46
258.47
305.36
335.05
356.79
370.58
389.96
383.8375
386.125
376.3425
373.49
322.75
203.36
167.9
164.59
156.51
151.78
150.37
146.19
142.22
134.71
134.67
124.52
171.67
244.55
253.73
299.72
334.79
375.39
393.73
388.36
391.3525
407.15
401.03
382.5
335.11
195.89
149.19
149.91
141.62
135.96
136.87
133.75
129.26
130.25
127.36
124.78
164.88
252.84
252.79
297.02
342.35
372.77
390.0
394.61
415.3075
406.905
406.4625
389.44
343.8
198.35
155.02
149.31
143.87
141.23
141.36
253.0
226.74
196.91
187.14
182.57
185.75
202.84
241.7
289.03
336.35
358.3
376.1
386.8
385.3025
386.915
395.315
376.69
324.59
206.25
165.68
164.19
163.85
161.6
157.78
147.59
139.26
139.65
139.74
137.69
239.21
228.32
253.27
300.62
333.4
346.25
363.44
371.93
387.18
393.93
390.5
362.78
320.21
203.36
166.42
160.35
158.72
157.95
157.2
149.82
143.67
142.66
142.91
143.28
143.2
141.97
149.01
156.76
155.45
165.78
193.33
204.43
212.78
216.89
218.79
209.8
197.07
190.72
174.48
159.81
154.84
151.21
148.09
146.4
147.73
147.71
146.25
145.81
139.89
139.02
155.26
172.6
186.66
197.58
210.19
218.32
218.48
215.01
220.94
217.09
207.5
190.75
170.62
169.49
165.17
156.71
152.62
151.73
148.57
144.85
145.37
191.47
286.03
239.37
276.01
326.15
359.64
377.45
391.52
382.165
381.53
385.2475
382.63
367.3375
362.22
310.48
292.8
263.76
248.39
210.55
185.54
192.42
190.76
189.75
185.09
187.1
208.51
249.57
272.95
317.54
348.53
376.48
390.44
361.835
366.8725
374.815
382.8025
382.34
332.33
275.81
249.23
244.3
234.37
199.83
189.95
186.99
185.11
174.48
177.7
172.82
195.46
224.06
251.31
300.62
330.61
351.62
359.85
379.46
391.73
373.3175
388.92
358.13
315.72
266.91
245.36
225.23
222.38
185.9
178.91
178.65
173.84
168.54
167.6
168.15
183.48
210.81
237.48
281.29
311.71
340.57
354.78
367.66
374.82
382.88
377.98
343.1
305.48
264.6
231.38
221.52
210.41
181.0
165.04
172.09
172.53
170.43
165.44
167.65
177.97
197.92
188.64
189.34
196.42
204.73
221.88
221.23
239.01
224.29
234.48
253.17
239.17
225.27
211.36
202.23
199.9
175.11
166.69
164.58
166.99
162.69
162.74
158.41
156.86
156.11
176.3
197.77
214.3
210.46
214.54
242.89
239.17
256.02
248.19
247.48
229.46
223.55
202.65
196.31
188.87
186.59
181.63
176.58
179.02
173.17
170.05
167.22
168.04
165.29
167.03
187.4
215.9
237.38
224.92
244.59
238.39
210.28
215.29
222.32
217.66
207.37
189.29
175.36
171.38
172.43
165.28
161.87
161.67
161.54
163.86
157.13
180.2
205.76
222.64
267.09
302.18
312.01
352.77
359.26
367.35
373.73
366.59
350.05
312.44
282.66
254.2
229.52
214.22
183.84
176.45
170.93
171.42
171.19
170.42
169.51
183.5
219.36
244.14
299.13
326.06
358.88
376.94
389.71
379.13
386.39
374.6
365.13
329.59
285.99
254.34
229.14
195.26
174.61
171.51
169.59
168.69
158.09
158.54
151.61
171.93
204.49
232.1
288.48
320.03
352.77
371.41
382.91
384.3
393.11
380.63
361.97
319.64
279.65
251.05
226.28
190.42
173.52
163.68
159.38
150.44
143.06
141.38
141.18
154.98
192.03
208.78
249.19
282.82
297.14
322.58
341.86
354.99
347.28
356.44
335.21
278.52
235.06
211.58
198.84
160.4
146.56
143.93
139.5
135.1
131.28
131.42
131.38
151.85
180.16
207.06
249.91
287.65
311.51
325.14
333.14
336.68
336.83
333.29
312.22
281.08
235.81
221.81
204.28
170.64
156.13
156.17
152.24
152.21
146.35
150.8
147.67
147.49
145.33
160.2
177.3
197.23
217.91
227.63
232.66
238.93
242.5
235.6
241.03
225.1
209.61
193.83
179.02
181.05
171.24
165.46
161.2
154.45
155.88
151.83
147.5
137.7
138.13
160.18
170.66
191.18
208.95
223.38
232.97
243.38
246.83
254.96
242.29
216.5
202.96
195.15
189.43
174.83
175.45
178.51
178.35
170.2
167.24
167.29
165.97
188.98
229.15
239.8
267.43
299.68
343.14
366.8
381.89
393.87
381.26
395.24
365.25
324.79
277.79
248.21
226.22
191.06
171.76
174.41
175.36
174.72
169.08
167.7
165.35
186.29
225.54
229.91
271.16
320.69
348.99
371.9
390.2
396.28
392.38
385.1525
382.35
322.81
293.24
249.68
220.7
189.93
176.46
175.5
177.14
171.45
171.47
164.03
161.88
178.32
211.13
238.53
282.59
320.45
346.71
368.72
367.83
374.84
382.66
380.54
360.17
320.49
275.56
249.21
228.03
195.25
177.87
180.65
170.88
168.86
164.71
165.04
162.92
185.58
219.48
240.5
285.27
329.44
349.15
366.84
376.07
387.07
392.41
387.02
372.19
318.68
276.12
250.27
234.15
192.0
180.85
177.78
177.04
171.02
170.48
166.27
166.63
186.96
217.54
221.12
246.26
284.28
285.75
273.59
272.98
299.76
311.06
305.81
281.23
248.9
217.67
201.1
188.57
169.95
156.57
159.38
151.55
132.33
150.05
151.79
142.7
142.96
140.94
144.95
164.76
178.07
147.79
218.47
220.11
235.99
203.62
197.86
196.67
177.93
172.21
168.85
163.45
156.52
151.08
151.21
149.06
138.09
140.51
139.5
134.8
136.98
142.09
148.4
163.82
181.84
207.51
213.84
212.75
218.16
225.35
228.89
229.35
201.11
180.95
178.97
178.22
171.15
164.49
165.63
160.01
151.96
150.92
151.92
149.14
160.31
183.01
206.34
256.79
297.73
322.69
335.18
351.96
358.94
365.45
356.86
342.13
302.58
258.3
223.72
209.44
174.15
158.89
161.8
159.62
149.32
155.53
152.76
145.81
162.69
195.6
231.75
275.74
311.34
342.99
356.83
363.71
356.59
369.82
362.57
356.76
305.88
253.96
222.25
208.36
177.23
163.27
163.49
164.65
151.34
150.4
146.83
139.31
150.95
184.01
214.78
253.73
291.29
333.52
345.36
349.59
360.52
368.3
365.04
343.97
298.9
259.15
206.98
191.87
182.78
172.96
162.64
161.05
152.91
144.11
147.12
138.33
152.51
188.81
209.47
254.09
292.54
321.06
347.92
353.47
366.56
371.92
366.05
347.33
302.17
263.52
204.07
179.43
181.76
180.11
167.06
171.48
166.73
157.38
164.91
159.66
176.88
213.79
222.78
248.56
272.01
287.09
306.97
318.33
333.49
344.34
338.63
317.69
276.16
248.07
199.12
177.84
171.43
168.29
162.24
162.97
153.77
151.84
147.52
148.45
145.68
144.51
149.99
168.82
192.23
204.11
224.39
237.31
235.59
243.61
250.09
238.38
230.31
211.55
196.67
182.74
170.99
162.88
161.01
155.93
155.65
151.16
143.83
143.8
142.6
141.2
145.94
158.26
171.92
202.69
226.12
245.47
253.6
254.17
246.55
239.19
220.88
210.7
197.88
183.31
177.93
170.05
170.32
170.35
164.36
159.55
160.07
151.2
165.05
197.8
225.4
266.55
313.22
337.44
352.53
370.51
374.11
375.95
379.99
349.04
302.06
256.02
208.55
185.35
180.66
177.97
169.16
171.23
168.7
158.57
158.83
161.01
169.84
214.12
234.31
270.83
303.56
344.82
346.58
352.76
370.44
375.76
374.78
344.55
279.73
249.68
206.72
190.74
188.33
183.95
171.6
173.46
173.61
163.8
163.41
160.08
165.89
200.77
223.48
250.21
274.8
302.89
313.99
330.84
331.2
352.33
362.89
327.19
296.15
242.91
200.37
173.82
167.75
165.7
163.12
155.4
160.54
156.98
149.2
147.76
162.0
192.35
219.73
268.0
305.2
328.27
352.09
358.8
373.62
380.83
364.98
340.46
295.44
260.21
209.5
183.47
183.14
187.49
174.32
171.76
173.6
168.11
164.17
164.26
173.66
207.24
235.76
272.0
306.61
331.73
355.64
363.97
369.78
382.81
360.43
278.04
210.47
206.17
172.06
150.88
152.01
156.64
151.79
145.53
147.56
145.66
141.24
141.51
146.37
141.88
143.63
166.32
183.96
194.73
214.71
233.04
235.05
237.49
242.16
235.34
218.53
205.4
191.97
179.83
171.03
168.19
163.23
161.16
161.89
153.27
151.31
150.56
144.38
146.87
164.27
181.26
199.13
221.2
233.0
244.34
248.78
251.9
248.74
243.7
225.23
211.96
195.28
183.95
170.87
162.79
163.18
159.92
151.8
156.3
149.74
142.41
159.54
198.35
220.56
270.43
313.48
340.66
355.91
360.9
356.86
389.69
385.34
357.17
313.71
269.33
213.61
179.51
171.58
171.84
159.85
162.09
164.56
154.83
155.08
153.64
159.6
194.55
225.75
276.67
314.95
351.01
376.02
393.72
401.98
411.4475
400.89
381.33
323.65
278.2
219.15
192.21
184.86
168.6
183.4675
55.46
169.99
156.23
156.72
154.99
169.89
198.06
226.02
275.91
314.85
354.34
374.93
387.26
388.98
403.0025
399.0425
378.27
331.11
283.17
227.68
200.18
191.53
193.3
184.36
178.44
180.45
180.57
173.29
175.31
193.55
226.08
245.64
272.11
298.34
315.88
346.35
353.25
351.7
327.63
369.03
355.9
304.18
260.56
210.8
187.57
184.21
179.44
176.04
169.4
166.53
167.2
162.6
156.06
173.84
212.27
226.81
270.14
294.39
316.43
345.99
348.99
377.52
379.87
345.6
309.15
255.98
216.46
187.02
168.18
165.38
163.95
156.48
159.03
154.6
154.56
153.78
153.13
149.93
148.5
160.06
178.73
197.89
218.53
234.56
239.17
247.56
251.12
258.77
250.39
230.62
216.57
204.6
196.91
189.94
184.52
182.9
177.52
171.9
167.91
170.39
168.9
161.27
160.09
175.29
191.66
205.5
227.68
248.32
257.19
270.78
274.52
272.9
265.56
249.04
228.5
220.4
203.9
193.53
185.54
180.5
176.82
170.98
175.54
171.12
166.17
175.85
220.0
229.37
261.12
293.16
344.67
353.1
364.78
370.49
389.53
366.61
349.89
304.17
265.18
215.79
190.5
186.85
188.83
185.55
179.16
174.45
176.82
174.65
172.11
181.92
220.92
234.63
291.05
304.99
292.67
287.83
298.02
306.6
334.51
314.4
300.49
279.37
246.0
201.51
182.44
176.52
163.13
159.72
159.52
155.33
155.09
152.14
154.65
166.44
199.16
219.3
268.13
318.38
332.8
360.57
370.32
381.8525
379.1825
389.7
373.24
323.68
273.43
225.62
199.24
196.06
195.9
187.34
182.92
178.9
175.54
173.09
169.78
182.32
217.67
245.96
289.96
329.08
360.36
374.225
400.2775
408.265
412.8225
406.7075
392.28
334.31
289.29
232.71
203.31
198.83
195.09
188.23
183.57
184.33
182.87
181.82
174.4
192.62
234.54
241.32
294.77
331.57
354.5
373.81
395.63
393.0125
404.08
411.085
385.35
342.65
287.67
237.77
215.11
201.51
202.69
201.43
193.56
186.29
181.54
179.65
175.27
174.46
168.99
183.22
207.75
233.07
243.43
260.95
279.92
292.13
294.03
295.89
289.29
273.29
250.68
232.96
217.92
209.5
204.57
201.58
195.14
187.06
184.64
180.46
178.6
178.85
173.53
190.32
214.1
239.38
252.6
267.32
280.2
285.65
286.7
285.1
282.26
276.97
254.04
236.39
229.51
214.74
213.21
209.5
202.6
198.11
192.86
185.51
183.82
195.27
230.02
252.89
295.63
338.14
357.86
383.06
392.16
353.595
367.7025
392.78
362.54
325.04
295.23
243.49
217.46
218.19
207.59
200.25
187.43
184.79
179.46
172.88
161.24
171.85
205.22
241.35
278.55
321.97
347.74
359.98
366.98
375.25
391.17
382.86
355.88
316.33
276.66
225.42
201.54
195.65
189.21
182.87
177.48
176.98
165.31
162.03
151.83
162.8
200.13
231.09
270.69
307.06
330.06
346.64
356.88
375.63
380.37
372.92
361.59
315.88
268.67
221.47
209.92
201.02
194.88
186.7
186.0
180.45
178.68
164.24
162.15
168.96
203.14
233.29
278.14
320.56
354.15
365.51
378.32
390.02
365.465
389.81
363.33
292.78
272.8
218.52
191.66
187.73
184.24
178.92
174.28
173.94
167.82
160.66
153.6
167.07
202.9
226.16
279.26
318.92
341.92
353.71
351.73
345.01
356.29
350.2
330.39
290.37
283.38
227.07
203.78
198.98
192.75
182.59
185.84
183.0
177.89
172.89
175.78
171.68
167.62
172.31
199.96
217.43
230.5
238.98
245.6
263.8
264.3
256.47
254.57
238.93
215.19
205.88
198.39
185.48
184.99
183.14
174.06
173.36
169.64
164.67
161.64
162.22
159.39
158.26
182.71
209.88
227.31
229.96
249.85
260.35
265.05
257.86
250.79
240.78
222.83
206.51
194.94
186.54
185.97
178.27
181.85
177.3
167.36
164.72
164.8
170.58
208.39
230.92
277.85
324.57
344.54
353.54
366.33
382.92
381.0
363.11
338.38
287.99
248.92
217.17
193.37
183.73
182.13
178.86
174.81
174.28
176.45
172.95
168.61
175.95
204.37
223.18
266.48
290.75
316.37
314.13
325.42
355.38
362.96
343.03
291.76
247.71
224.21
195.65
175.34
171.11
169.44
167.25
163.44
154.28
150.8
150.91
150.43
161.22
189.37
212.35
267.08
304.71
337.89
345.61
359.25
356.39
361.05
368.99
349.74
302.93
250.71
212.61
191.39
188.41
185.75
174.72
169.38
164.44
162.42
161.91
160.35
169.62
194.94
215.69
266.14
311.32
335.28
355.77
366.63
385.62
377.82
339.63
292.4
227.82
223.42
189.49
174.93
171.88
174.94
170.98
163.93
163.76
154.18
149.31
142.34
157.09
181.76
206.86
247.69
282.23
300.16
323.96
336.47
349.12
365.07
354.31
325.66
284.46
239.16
202.9
182.51
176.42
173.62
171.04
167.49
164.88
158.56
160.16
150.91
148.5
141.88
151.41
173.04
199.0
218.3
230.58
238.79
252.26
264.58
265.6
252.59
238.28
222.87
201.08
180.26
167.98
168.01
166.51
162.72
162.74
155.07
153.21
151.25
151.61
144.11
159.06
170.25
199.51
216.1
225.07
233.2
243.76
251.61
250.54
243.61
227.1
215.01
197.97
183.84
181.42
175.53
170.68
166.89
162.73
163.07
158.98
154.44
157.8
194.63
218.54
269.36
310.89
331.34
342.67
353.34
365.86
378.41
370.78
347.05
301.9
253.54
216.63
72.59
141.84
141.525
140.955
139.6275
139.1525
138.815
139.5125
138.0475
145.8325
175.9125
200.4375
229.1225
14.62
298.29
314.12
333.66
338.87
345.47
356.91
313.47
268.46
225.46
200.86
175.12
176.17
176.62
165.73
168.33
164.87
162.94
155.25
153.48
171.73
195.69
212.31
246.16
266.83
287.37
307.72
320.68
315.76
334.65
327.45
316.83
280.27
229.31
193.34
166.86
166.58
160.42
159.17
151.3
145.96
146.58
141.22
141.04
148.46
180.7
205.81
238.95
271.99
299.52
290.16
311.63
316.96
294.52
324.88
304.09
243.5
209.21
179.21
157.31
147.27
147.62
149.55
141.89
144.34
140.77
138.22
137.52
148.83
175.03
189.51
242.08
271.72
290.55
308.18
313.02
317.16
317.62
303.43
264.43
226.03
199.94
175.59
165.38
158.67
155.07
148.82
145.22
146.59
137.82
141.36
141.82
133.89
134.48
139.88
147.86
158.05
168.81
179.25
205.63
203.62
211.89
208.46
199.03
181.63
168.44
162.36
159.35
152.19
152.59
149.87
152.43
140.63
142.44
143.6
138.23
138.31
133.52
147.99
163.86
181.45
206.01
216.69
222.73
230.22
242.34
235.27
223.35
204.33
189.65
178.97
173.26
170.48
165.13
155.16
160.28
157.99
153.78
139.22
146.33
150.01
159.92
161.04
166.48
191.59
207.01
220.66
207.71
199.47
188.68
194.67
207.71
194.4
186.17
169.7
157.24
156.92
148.04
152.59
143.43
141.87
143.79
138.43
144.66
155.03
183.34
197.34
242.37
289.91
297.52
304.16
327.21
350.32
349.46
332.88
322.1
285.65
231.72
207.77
181.82
169.54
164.08
164.4
163.0
160.6
161.43
152.84
150.19
165.77
198.23
207.78
244.31
263.52
264.85
282.81
299.93
316.1
314.98
319.51
291.01
234.54
220.75
191.42
166.5
164.8
163.68
160.65
157.7
153.04
157.76
148.0
152.13
159.15
198.1
210.62
241.96
266.96
277.52
296.73
295.52
296.93
294.99
285.58
270.31
232.99
201.03
170.35
149.75
141.33
148.22
146.07
143.25
133.92
128.87
133.33
127.16
138.0
164.64
188.51
230.19
267.41
286.11
302.4
311.22
328.0
340.02
329.12
308.04
270.84
236.97
188.68
172.77
165.91
163.28
156.05
157.73
151.59
152.57
151.38
146.3
142.4
146.01
142.75
166.69
186.56
206.36
216.5
232.4
236.87
246.07
244.49
236.71
221.77
208.85
196.34
188.73
176.91
176.2
174.26
163.33
163.64
159.43
154.24
152.67
148.98
148.66
155.56
174.66
203.35
210.85
225.16
239.99
245.42
247.95
244.45
229.75
208.91
195.1
188.92
169.91
167.54
156.64
151.66
151.09
151.26
143.42
145.96
141.35
153.07
183.74
201.31
239.8
276.17
301.87
317.22
332.66
338.23
347.96
340.53
313.88
271.0
235.18
186.97
161.72
157.41
159.66
154.13
149.42
152.31
147.63
150.38
145.71
154.99
185.68
205.88
247.63
273.51
301.71
310.93
320.07
322.41
321.61
310.0
289.23
249.23
217.96
178.92
165.18
158.97
158.42
147.03
142.28
133.56
134.69
132.27
131.13
148.08
174.37
195.15
248.16
284.11
299.25
312.42
324.71
320.84
329.51
323.31
291.63
264.03
219.37
180.72
164.01
159.29
149.61
142.87
140.58
135.54
135.22
131.44
127.75
141.03
168.9
184.88
227.12
259.33
303.53
307.65
311.0
320.61
331.6
317.13
295.68
248.27
212.05
177.34
162.82
153.57
153.44
148.86
143.73
138.1
131.58
133.69
127.84
133.53
159.39
179.78
225.73
260.14
284.32
294.15
308.6
315.02
311.46
307.93
292.01
252.54
213.62
177.91
162.68
154.94
154.4
142.94
135.0
129.72
125.8
127.71
122.01
122.03
122.52
127.27
147.4
168.05
186.2
200.93
212.03
218.3
225.35
222.85
214.94
195.33
176.82
170.66
168.37
166.65
164.83
156.85
156.8
155.55
152.99
148.41
142.45
138.32
140.34
146.31
160.71
182.97
201.76
212.13
218.73
225.84
233.03
231.28
217.67
198.11
184.67
173.11
168.7
162.45
159.79
159.79
155.92
155.21
157.31
158.51
158.82
167.5
200.48
220.24
249.01
273.12
277.69
282.41
286.59
272.85
276.35
249.35
231.35
201.38
193.24
160.18
145.59
139.53
136.77
136.73
135.18
137.0
132.32
131.49
132.31
143.99
181.46
190.16
217.87
243.52
283.33
295.73
298.28
303.22
317.63
298.82
277.81
246.44
208.68
172.58
154.16
147.16
143.58
143.45
136.83
129.41
130.95
127.38
124.59
134.37
167.38
182.99
224.41
263.06
282.3
303.59
317.23
322.9
327.36
315.11
294.67
243.53
211.28
178.69
165.99
155.86
152.32
155.24
147.6
143.72
141.75
140.87
138.02
143.62
172.51
190.39
231.62
265.79
282.3
303.59
317.23
322.9
327.36
315.11
305.94
272.12
226.84
186.95
168.37
162.12
161.65
154.74
152.38
141.08
144.28
139.97
138.22
142.38
172.37
187.84
226.35
265.16
287.5
301.49
312.48
320.98
326.96
323.34
295.99
249.93
218.26
186.11
165.07
157.95
156.27
156.49
150.53
143.02
140.52
141.28
137.27
136.59
130.34
134.39
156.93
178.59
202.45
208.29
216.45
222.85
225.97
225.93
216.61
198.73
181.42
172.13
162.33
158.64
162.36
158.2
149.95
145.77
136.75
137.89
131.87
129.26
122.46
130.85
150.08
165.02
185.37
202.1
217.12
225.0
228.79
228.63
214.32
198.54
180.24
174.73
161.87
159.97
155.81
152.76
143.59
142.81
141.33
138.31
131.84
138.99
167.07
189.11
236.98
280.74
300.99
316.3
341.29
350.39
348.74
332.56
303.61
257.56
213.54
180.24
163.55
159.05
156.22
149.93
146.93
139.62
141.77
138.2
136.84
143.26
172.47
186.51
224.08
261.9
287.86
306.0
324.72
328.72
333.47
325.39
308.54
259.51
217.52
185.32
165.96
160.46
156.26
152.05
148.22
142.88
139.84
136.39
135.0
142.67
172.43
188.77
228.05
270.72
304.05
318.39
327.7
342.05
353.0
334.56
310.06
264.07
213.69
183.41
164.9
156.55
149.76
147.0
145.65
138.01
135.18
125.94
127.75
135.56
164.3
179.65
220.97
256.99
286.94
304.85
314.2
327.35
342.14
328.53
302.71
254.87
219.98
187.28
168.54
159.43
154.81
158.66
149.08
137.95
135.72
134.86
127.35
132.62
156.66
172.33
210.26
241.7
264.57
280.88
284.86
289.54
306.78
290.81
263.91
226.72
193.95
166.54
145.35
133.98
130.55
124.01
121.04
118.31
114.52
113.74
110.1
105.89
106.28
110.88
123.99
145.71
160.48
173.7
184.72
188.55
187.34
186.62
177.68
156.77
146.99
137.29
133.45
125.93
124.35
123.53
116.63
119.42
121.75
117.92
114.97
117.36
116.12
114.72
118.97
142.7
161.28
183.42
190.51
197.3
194.23
199.05
178.78
161.28
150.25
141.76
138.76
138.21
134.63
129.82
127.88
123.71
124.03
121.94
117.28
123.01
161.55
176.3
211.0
255.59
241.19
265.77
268.46
275.97
282.15
274.67
244.38
200.39
173.56
148.27
134.1
124.05
128.33
123.44
124.76
119.37
118.71
121.85
118.13
122.23
149.23
163.26
189.98
227.09
233.83
248.76
224.52
218.75
227.18
218.61
198.41
163.45
137.71
127.86
117.67
114.26
111.62
110.23
110.98
109.72
106.34
101.76
105.5
110.43
136.78
150.02
190.93
221.58
252.2
257.77
251.14
263.15
265.33
254.59
224.83
193.47
165.65
144.44
120.87
118.21
119.45
123.5
115.97
113.78
111.28
107.49
106.7
113.8
138.76
155.16
201.13
233.61
255.34
268.45
275.68
281.92
286.8
268.58
242.95
211.85
174.78
154.24
137.77
128.53
125.51
123.65
125.17
118.94
120.02
116.12
119.08
121.02
143.72
163.13
208.24
239.46
259.06
262.96
278.24
287.52
285.3
277.96
249.55
208.69
183.28
158.92
143.25
135.15
133.78
132.75
129.22
123.13
124.76
125.95
121.62
117.99
118.72
121.19
129.33
148.23
151.03
162.58
167.54
178.61
189.09
188.07
184.27
167.84
150.69
148.24
141.14
141.34
144.15
141.74
128.65
131.22
126.84
120.27
118.02
115.94
121.08
119.73
138.73
157.2
176.53
188.33
196.11
200.49
207.26
200.7
190.99
170.95
157.77
149.55
147.52
143.33
141.78
135.31
131.37
130.17
128.81
123.65
124.96
128.58
156.23
165.5
220.58
253.9
272.33
283.17
290.72
298.63
303.43
287.92
270.41
224.26
192.61
171.02
155.21
145.7
144.73
138.88
134.35
129.31
127.73
127.31
124.36
127.06
152.35
172.85
215.48
256.21
283.37
294.17
311.15
322.02
321.71
306.24
286.47
239.39
199.72
174.51
154.6
147.37
141.24
137.14
137.43
132.63
130.51
124.32
123.8
129.2
153.01
171.36
223.66
256.81
278.15
299.14
305.01
319.14
325.07
309.81
290.77
241.4
199.59
168.13
153.71
145.94
139.59
139.02
132.79
130.46
122.98
121.5
118.73
128.76
151.66
164.75
211.04
246.03
276.83
302.78
283.51
276.46
274.65
265.26
245.27
215.39
187.16
162.3
143.6
138.69
141.2
138.36
132.47
127.94
131.67
127.63
122.92
128.6
155.17
164.0
206.73
233.05
245.39
270.35
268.02
276.13
251.05
222.75
206.58
182.03
159.43
142.24
127.43
122.13
124.56
124.53
119.71
115.55
119.01
116.57
112.07
112.54
113.52
114.74
114.79
131.01
142.2
148.82
145.08
134.93
165.9
162.23
154.57
132.86
129.95
125.31
124.38
117.94
121.15
121.09
120.31
114.3
117.3
115.05
114.94
111.64
112.05
112.69
125.08
140.9
159.27
172.01
174.87
170.75
165.13
155.54
142.89
136.54
128.84
121.32
123.09
121.62
120.62
123.31
120.77
123.25
120.59
117.67
117.89
127.84
156.06
172.45
216.08
254.44
267.14
289.27
277.36
272.63
289.49
270.05
233.22
196.48
171.9
146.7
133.35
133.82
130.08
128.71
124.17
126.9
124.73
125.65
121.04
130.41
155.11
174.88
199.28
235.91
251.32
258.81
255.28
233.26
249.88
233.37
209.91
181.26
153.64
129.05
119.01
118.29
114.83
113.12
111.92
112.63
111.04
107.79
107.53
113.83
140.71
155.43
172.62
209.77
237.33
239.12
226.66
232.78
233.58
237.31
219.73
178.87
145.55
123.07
112.31
109.37
106.96
105.0
104.29
101.89
102.87
100.46
100.68
108.18
128.7
144.47
177.63
213.34
226.63
256.52
260.48
257.65
259.92
249.25
227.47
181.0
153.02
128.81
116.68
114.7
113.03
112.01
108.32
107.28
108.63
106.49
102.23
107.52
127.4
138.64
180.64
211.22
223.11
240.69
246.95
249.87
251.48
233.78
213.35
184.5
154.46
130.46
121.49
118.98
116.41
110.95
109.47
110.1
106.36
104.02
103.65
105.42
106.09
103.91
118.01
137.81
151.68
162.59
170.49
175.76
175.8
168.63
161.89
143.5
134.48
127.47
121.3
123.19
117.75
113.19
115.03
111.95
111.06
108.95
105.33
108.27
109.74
111.1
120.56
142.12
142.5
148.56
156.46
168.82
168.64
152.82
142.35
137.66
129.86
124.85
121.1
119.1
119.68
119.86
113.71
111.94
112.26
108.68
110.75
115.56
138.53
155.62
192.21
222.29
251.65
270.12
273.26
280.76
286.58
269.86
244.34
202.41
166.75
144.24
127.78
126.18
124.09
115.58
115.3
111.25
111.49
109.24
104.72
112.2
134.9
147.22
192.34
230.23
253.93
268.47
277.38
278.45
269.48
267.32
233.32
193.94
163.66
134.46
127.98
123.08
119.06
117.68
113.7
113.43
110.8
107.0
105.42
111.07
134.73
150.46
179.22
199.69
216.83
231.96
229.2
248.75
254.83
252.75
227.77
196.49
159.84
135.13
127.35
123.73
119.06
117.94
117.71
113.53
111.49
109.17
110.05
118.84
138.55
154.27
183.77
218.65
234.12
243.08
236.86
234.36
232.53
236.48
211.58
170.9
142.48
124.48
113.32
110.01
112.05
114.65
109.37
104.95
105.88
102.0
100.84
105.12
126.38
137.43
165.48
194.67
204.79
226.34
234.45
238.91
230.88
217.49
189.1
165.72
139.81
122.73
113.23
108.16
105.19
105.92
102.09
100.36
101.31
99.15
99.63
98.96
99.62
99.38
111.35
122.31
135.37
144.89
152.69
151.56
150.5
145.88
135.65
119.79
114.38
111.85
109.87
107.06
105.11
101.61
100.83
99.41
98.72
98.42
96.81
97.14
100.03
99.18
110.39
125.33
137.06
146.23
151.66
154.51
154.33
149.91
135.28
125.16
116.82
113.09
110.06
109.44
106.48
105.37
103.29
101.91
100.74
100.08
99.71
105.28
124.44
140.23
176.26
202.94
229.73
240.78
258.01
263.97
268.01
259.36
231.15
196.15
162.34
138.0
120.33
116.24
114.61
113.72
109.85
110.08
106.85
105.64
105.25
110.15
137.91
143.79
180.9
213.86
236.19
256.66
270.95
268.32
263.97
238.65
210.52
168.32
139.18
122.2
110.73
108.13
107.75
106.22
103.9
103.56
101.76
102.19
100.57
103.89
125.86
143.5
156.8
173.12
199.29
224.57
224.84
202.79
211.55
201.33
182.62
150.19
128.38
114.25
104.84
102.71
102.36
103.63
103.12
104.08
100.12
99.35
102.06
110.72
130.95
147.54
175.13
195.78
196.68
223.49
218.3
221.86
217.84
206.96
187.81
146.43
123.6
111.58
102.24
100.33
99.43
98.44
97.23
97.37
97.89
102.75
104.9
110.19
128.97
142.92
168.94
192.35
204.74
208.84
214.88
217.47
213.22
201.87
178.0
141.52
124.23
110.87
102.2
97.84
99.25
99.11
97.66
96.55
96.27
95.75
95.78
98.67
101.49
101.53
107.37
118.13
128.85
135.27
140.11
141.67
138.97
131.97
118.9
110.64
105.92
106.46
103.38
99.94
99.87
98.57
97.87
97.03
98.17
97.16
97.87
98.31
98.15
97.22
107.41
121.27
132.56
142.16
143.95
148.95
146.96
138.45
126.22
115.14
108.24
105.54
102.4
100.51
101.74
98.12
97.33
96.63
96.62
95.08
96.45
104.78
122.66
133.29
162.13
200.33
222.35
235.48
247.29
246.69
247.29
234.9
212.24
167.75
140.94
123.5
112.59
109.15
106.74
105.81
105.64
103.38
102.39
101.9
102.94
105.58
120.86
140.23
161.48
178.43
185.32
194.94
213.43
214.21
219.61
208.07
182.83
154.3
127.37
113.2
104.9
100.52
99.06
97.84
98.08
96.88
97.81
98.85
100.78
106.35
118.45
119.53
127.18
135.02
142.97
149.06
153.23
151.88
148.05
140.55
121.33
111.34
105.7
100.09
96.27
95.58
96.63
97.4
99.72
99.72
104.32
104.76
104.49
111.83
135.99
160.72
180.96
200.99
209.63
215.37
229.5
212.53
226.41
216.89
188.68
156.45
130.28
114.97
104.71
101.9
99.94
99.45
99.21
98.65
99.2
98.0
97.71
101.98
124.81
134.44
163.46
182.37
200.72
216.93
217.89
226.53
223.12
210.21
185.72
157.27
132.84
117.29
109.34
103.08
102.15
101.62
98.58
99.16
97.18
96.1
96.36
95.66
99.06
103.44
109.53
119.68
127.98
137.38
141.7
143.18
139.64
141.45
137.34
121.45
112.74
110.37
108.59
109.05
108.82
108.87
108.66
108.1
107.51
109.18
107.33
107.95
108.15
104.18
104.58
108.84
123.21
112.8
111.09
111.77
112.32
112.87
109.14
103.31
101.37
103.17
101.95
101.56
103.27
103.2
102.84
104.49
103.09
105.97
107.64
113.74
131.49
145.84
173.53
181.56
197.09
205.09
219.0
223.66
197.9
188.09
172.19
142.66
123.76
111.69
104.98
107.37
107.44
107.56
108.39
111.31
111.29
114.27
116.11
124.18
147.48
157.81
189.69
210.23
219.08
222.48
224.73
233.03
231.84
216.89
190.77
159.01
138.0
119.59
109.74
107.43
107.82
109.49
111.98
111.7
112.87
116.15
117.66
125.91
156.97
166.08
183.8
203.71
212.2
222.99
232.0
233.71
229.83
212.33
183.99
152.71
131.03
117.68
112.01
107.58
106.95
106.77
106.25
106.89
108.57
109.88
113.55
120.28
144.9
153.99
177.94
201.13
214.23
223.69
234.25
237.94
240.1
231.66
199.62
166.09
138.62
124.07
113.9
107.81
109.8
107.29
106.72
104.63
104.73
104.58
103.29
113.64
134.48
140.35
166.7
189.41
203.51
216.38
221.98
222.52
229.13
215.91
189.72
156.45
131.29
121.79
115.59
112.19
110.78
108.79
107.48
107.16
103.98
105.69
105.17
104.38
104.66
103.23
111.76
127.15
136.3
141.74
146.34
148.97
146.9
137.23
129.38
123.16
116.74
109.75
106.92
102.99
103.86
103.82
101.08
101.04
101.06
102.11
101.66
102.24
101.66
100.73
107.36
122.31
132.88
139.91
147.22
148.98
147.29
138.36
126.25
120.27
114.16
113.03
108.06
104.42
105.16
103.21
103.23
102.58
104.02
102.46
104.2
109.51
133.24
143.83
170.21
201.56
217.86
229.0
233.6
235.6
234.82
226.35
201.23
170.09
143.57
125.19
115.91
115.7
113.65
112.84
112.71
111.47
109.83
108.71
110.42
114.68
130.68
143.31
169.61
193.39
211.21
224.58
232.7
236.09
243.01
233.06
200.82
161.71
136.42
123.89
117.99
116.05
114.17
113.51
110.98
112.84
110.38
109.73
109.8
117.4
131.95
137.22
153.96
167.01
174.2
180.03
188.46
170.26
166.78
154.59
147.98
131.46
120.34
110.19
110.01
107.67
109.07
108.4
106.45
106.9
105.79
107.87
107.05
108.94
114.96
116.92
120.13
125.49
125.84
129.51
125.25
146.24
138.88
130.02
112.98
110.48
107.67
106.3
105.03
106.61
109.21
108.51
109.67
111.18
112.0
116.15
116.88
121.79
130.4
132.79
132.48
139.61
143.27
146.53
150.04
148.76
145.45
137.04
125.42
118.51
114.14
110.24
108.57
108.83
110.63
111.19
113.2
115.13
118.29
118.59
118.55
121.59
122.12
124.97
125.94
131.58
137.68
143.57
147.06
147.38
140.48
128.59
115.37
109.23
106.56
109.01
106.25
108.84
107.05
107.95
110.78
114.16
115.56
116.36
120.73
123.72
124.54
128.26
127.14
136.85
139.23
144.17
146.97
147.78
144.37
133.18
116.13
111.07
111.47
110.0
110.27
110.03
110.17
114.98
117.1
120.17
124.44
125.97
130.36
138.68
160.01
177.89
196.49
209.22
219.93
221.04
227.2
228.22
216.51
208.69
180.45
151.24
129.54
124.73
122.07
120.11
120.5
122.01
124.45
126.46
128.95
132.67
135.69
142.42
163.05
177.73
188.08
207.09
215.84
218.45
208.88
230.14
230.19
211.96
188.17
154.6
133.79
120.63
114.04
111.02
111.69
112.81
113.38
114.58
114.6
121.25
125.23
133.53
157.54
175.38
187.42
199.72
212.86
224.93
229.51
227.34
224.27
213.98
188.93
153.08
130.48
118.08
114.81
111.26
110.32
111.31
113.43
111.72
111.6
111.46
117.28
127.0
149.65
160.07
179.22
198.9
217.49
228.74
237.06
238.48
237.06
215.51
186.43
152.29
127.83
118.64
113.28
111.04
110.34
114.54
107.28
107.53
107.6
109.88
109.09
117.09
136.72
148.26
170.45
192.54
200.31
201.48
210.39
207.46
195.15
183.81
168.87
142.19
121.61
112.25
111.02
108.72
106.17
106.67
106.84
106.8
107.0
107.67
108.2
109.28
112.35
116.52
118.2
128.64
137.65
144.63
146.86
146.05
143.22
137.83
124.07
116.94
115.75
113.81
112.98
109.18
109.64
109.15
109.3
109.83
109.23
108.71
110.17
110.63
113.27
116.8
116.66
128.79
140.39
146.89
148.96
152.39
140.99
118.86
118.5
117.16
111.98
110.65
107.81
109.76
108.26
110.51
107.92
107.95
109.98
108.62
109.9
113.3
127.61
142.78
161.46
188.83
219.11
224.0
229.55
232.16
231.18
223.24
195.46
154.3
132.89
120.99
112.71
111.52
111.39
111.26
105.77
106.02
103.89
104.59
106.41
110.31
129.55
143.52
170.53
192.03
204.9
223.88
231.79
233.72
225.93
220.84
197.07
161.32
137.45
117.84
111.14
110.27
110.31
109.11
109.97
109.22
108.84
107.73
109.58
114.88
131.48
148.94
173.02
196.95
205.98
207.63
218.14
214.9
211.75
202.16
186.04
151.1
127.78
114.97
112.95
108.41
108.93
110.38
108.31
108.21
108.91
108.65
109.43
117.17
133.79
150.62
169.65
193.92
218.82
229.02
226.71
233.1
228.68
220.95
196.36
153.99
130.69
116.99
111.5
109.23
106.92
111.53
107.33
107.48
106.12
106.28
107.29
112.12
126.09
137.78
153.84
166.42
170.44
175.16
187.63
181.98
174.25
166.66
159.43
139.48
123.7
113.72
111.08
109.91
110.22
108.23
109.19
110.77
109.51
110.31
114.72
115.54
116.34
117.32
121.79
118.94
125.99
131.6
135.29
137.96
123.34
119.16
118.33
117.78
117.66
120.03
121.26
122.73
123.7
124.97
125.87
125.47
127.33
128.55
131.23
130.2
133.61
137.31
137.71
144.88
152.31
156.27
158.17
154.59
147.8
139.31
125.8
116.58
116.02
115.7
118.43
119.68
121.53
123.96
125.0
127.81
129.8
129.27
129.22
137.88
167.68
176.37
189.79
194.43
196.75
205.86
207.34
203.35
210.19
197.59
188.26
157.17
138.73
126.26
120.92
119.64
122.68
123.33
126.28
127.64
128.61
129.79
136.44
146.41
180.28
191.92
213.1
223.27
225.5
227.49
229.77
225.83
226.62
210.88
187.75
161.64
141.73
123.29
117.7
116.1
118.08
122.04
126.13
125.93
130.79
130.95
135.56
150.9
184.64
200.46
216.97
218.95
221.68
225.62
225.91
230.85
229.88
214.41
191.08
157.74
139.8
121.8
118.53
116.72
117.74
122.34
124.53
125.97
128.84
132.54
135.67
147.47
187.31
199.65
216.43
223.78
223.26
227.34
231.16
228.37
225.77
206.46
182.97
155.6
142.87
128.04
120.25
118.72
118.43
118.45
118.21
121.1
122.15
124.0
130.06
141.48
173.55
180.89
194.08
197.74
202.25
218.32
220.04
227.51
219.48
206.38
174.43
151.45
141.73
120.04
110.14
108.49
108.2
108.96
108.44
109.27
109.81
110.25
113.09
112.54
114.33
114.64
116.84
122.66
119.9
119.0
116.36
115.97
112.73
114.32
113.02
108.09
106.54
108.09
107.31
108.81
109.86
109.28
110.66
111.19
111.44
114.06
114.4
116.71
117.4
117.69
117.24
122.47
133.45
139.48
145.53
141.46
132.93
129.37
113.21
107.73
105.41
105.71
106.81
105.44
106.44
106.2
108.96
107.31
110.33
113.02
115.32
128.84
166.12
174.14
180.22
194.87
207.68
207.83
212.65
198.63
193.08
182.48
166.75
141.38
134.21
120.07
113.09
112.5
113.69
115.36
114.46
115.69
115.02
116.4
118.65
129.86
165.37
170.15
176.74
184.37
186.66
184.51
185.39
187.65
179.46
173.2
157.91
143.97
131.23
116.58
112.6
111.78
111.93
112.63
111.01
111.47
110.99
111.46
112.07
117.53
143.12
146.18
163.98
172.6
172.23
172.45
170.96
189.88
170.18
154.41
140.27
129.04
122.65
112.32
109.71
106.23
104.77
105.62
106.19
105.16
106.51
106.3
107.41
114.89
126.67
123.7
124.64
125.07
130.78
144.02
139.72
140.47
128.56
127.53
118.48
115.08
111.38
109.28
104.88
105.78
106.21
105.64
108.07
110.17
109.11
112.3
112.75
118.95
138.67
131.39
131.72
142.44
151.13
151.25
148.86
155.93
153.89
141.44
123.23
118.08
116.96
108.47
107.41
110.45
113.06
116.83
117.76
120.37
121.44
123.35
124.96
127.2
128.85
131.48
129.55
138.79
144.02
140.24
147.69
144.77
139.99
130.92
116.47
110.84
112.15
115.43
115.54
117.87
119.81
122.03
123.35
125.01
126.81
127.76
130.26
131.79
133.07
133.1
135.39
142.9
143.43
144.46
145.37
143.93
139.46
131.62
117.46
113.07
110.72
110.09
112.34
115.62
118.23
119.48
123.07
123.19
127.22
129.0
132.72
149.09
189.58
191.41
195.81
199.61
207.93
219.64
219.38
201.79
198.01
188.28
166.36
143.87
136.5
122.21
114.7
114.56
114.5
117.99
117.62
117.7
119.03
121.31
120.33
130.42
165.79
170.55
183.33
191.63
208.55
195.99
210.32
213.89
210.68
192.56
164.0
142.93
134.8
121.78
117.01
115.01
116.27
115.41
119.0
120.44
123.45
125.48
129.75
143.62
185.94
185.92
192.06
199.8
207.6
211.84
213.78
209.6
203.36
191.25
168.09
148.27
133.23
121.55
115.96
113.77
115.05
116.6
119.38
123.44
122.61
127.31
131.75
145.01
183.86
186.72
194.37
200.52
203.86
204.24
204.1
203.53
198.32
178.83
157.32
136.85
129.83
118.95
115.02
28.02
112.29
113.35
