46.5
43.5
45.0
45.75
45.25
54.75
68.5
88.5
108.5
120.5
133.0
129.25
123.0
115.75
112.5
112.0
104.25
90.75
79.0
73.75
57.0
57.75
57.5
49.75
48.25
46.0
45.5
44.5
44.5
54.75
69.75
95.5
102.75
109.5
113.5
107.0
108.0
109.75
106.25
103.25
96.0
81.25
60.5
57.75
59.0
52.25
48.0
48.5
45.5
46.25
44.0
43.25
44.75
44.0
44.0
44.75
61.25
60.75
60.25
58.75
59.75
61.0
59.5
59.25
58.0
59.75
40.75
41.0
42.0
40.75
42.75
42.5
43.5
43.5
43.0
42.75
42.75
43.25
42.5
43.5
61.25
60.5
60.25
60.25
60.0
60.5
59.75
60.5
60.0
59.5
41.0
39.75
41.0
40.75
40.75
40.0
41.5
40.25
41.25
40.0
41.0
51.5
66.5
85.0
104.0
106.0
109.5
115.75
105.75
111.0
119.5
106.0
98.5
84.25
77.25
69.25
53.0
50.0
51.0
49.0
45.25
43.5
42.0
44.5
40.75
53.0
79.5
87.25
107.0
113.5
114.25
108.75
110.0
113.25
109.25
109.0
99.75
83.5
77.75
75.5
63.0
54.5
56.25
50.25
45.75
44.5
43.0
43.5
44.75
54.5
69.75
91.25
101.5
116.0
109.5
110.0
114.75
113.75
112.0
113.0
109.5
85.75
75.75
70.5
54.5
47.5
48.25
43.75
45.0
43.5
43.0
42.75
42.5
53.25
88.0
83.25
100.5
111.75
119.5
109.5
117.0
112.25
114.5
110.75
99.5
86.25
81.25
75.0
57.5
56.5
53.5
48.75
45.75
44.0
42.75
43.5
42.0
54.5
63.75
87.0
97.75
107.0
112.5
112.0
118.25
115.75
113.0
104.75
91.0
79.5
60.5
54.75
57.0
51.75
47.75
47.25
48.0
45.5
45.25
44.5
45.25
44.25
45.5
44.0
61.75
59.25
61.0
57.25
59.5
58.5
59.5
60.75
60.75
59.25
43.25
44.0
43.0
44.25
43.25
43.0
42.5
43.75
42.5
43.25
42.5
42.75
42.5
42.25
62.75
58.75
59.0
59.25
61.0
62.0
62.0
62.25
64.0
61.25
43.75
42.75
43.5
43.5
42.75
43.25
43.25
43.5
43.25
43.25
43.0
53.75
68.5
94.0
120.25
114.0
115.5
118.75
115.0
122.75
119.25
108.5
107.0
84.5
78.0
77.0
61.5
57.5
56.0
49.0
47.5
47.25
46.25
45.5
47.0
52.75
73.75
88.5
103.0
115.25
118.0
134.0
117.0
118.75
117.5
108.25
101.75
90.0
79.25
78.5
59.5
57.0
54.25
52.5
48.75
49.25
48.0
47.5
48.75
53.25
70.25
87.75
110.25
109.5
111.25
109.5
112.5
110.0
109.5
105.25
104.5
91.0
77.75
73.0
54.25
58.5
50.75
51.75
45.0
45.5
43.5
44.75
44.25
54.25
68.75
86.25
101.5
108.25
106.75
112.25
105.5
112.5
106.25
103.0
95.75
82.0
77.5
74.25
59.0
56.0
51.25
47.5
45.75
45.75
44.25
45.5
43.75
55.25
67.0
82.0
99.25
106.5
102.5
103.25
109.5
101.25
103.0
110.0
88.75
80.0
58.25
54.75
55.5
49.25
45.25
45.0
47.0
45.0
43.5
43.25
43.5
42.25
42.75
42.0
61.25
61.25
61.25
60.0
58.0
55.25
57.75
55.5
56.25
56.25
43.0
40.25
41.5
41.0
41.5
40.75
41.0
41.75
40.25
41.0
40.5
41.0
40.25
41.0
59.75
57.5
57.5
59.0
58.75
58.5
59.5
59.25
58.5
58.75
43.25
43.0
42.5
41.25
41.25
40.5
41.5
41.75
43.0
43.0
43.0
43.0
38.25
73.5
97.0
104.25
102.5
103.75
102.0
103.25
108.5
103.0
91.0
77.5
72.75
70.25
57.25
58.75
53.75
42.25
39.75
37.25
38.0
38.0
38.0
38.0
60.0
82.5
100.5
107.5
109.5
110.0
116.5
114.5
113.0
106.0
97.5
84.5
77.5
76.75
53.75
53.25
49.5
41.0
38.5
39.5
37.0
37.0
37.0
37.0
40.0
55.75
99.75
109.75
109.25
108.5
112.5
113.75
111.0
100.0
98.5
76.25
68.25
68.25
49.25
47.75
44.5
40.25
39.0
38.25
41.0
41.0
41.0
41.0
48.5
81.75
97.25
106.0
112.0
110.0
102.75
107.0
104.0
107.75
101.0
93.25
78.75
72.75
55.75
49.25
53.0
47.0
39.25
36.0
38.0
38.0
38.0
38.0
38.75
86.5
100.0
104.25
100.5
103.75
101.75
105.25
104.5
101.0
85.75
78.0
59.0
53.25
51.5
51.0
45.75
42.0
43.25
41.5
37.5
37.75
37.75
38.0
38.0
38.25
58.0
63.75
61.75
62.75
62.5
61.5
61.5
63.0
61.75
63.5
36.5
35.75
37.75
39.25
39.0
39.5
40.75
41.5
38.5
37.5
38.75
38.25
37.25
39.25
62.75
65.75
67.25
65.5
64.0
64.75
64.5
63.25
63.25
64.0
37.0
39.5
40.0
38.75
39.0
38.0
37.75
38.75
38.0
38.25
38.0
51.25
64.25
71.0
71.0
69.5
71.25
69.5
68.5
69.75
70.25
68.75
70.25
66.25
65.25
65.5
47.25
47.25
43.5
38.75
38.0
39.25
37.75
37.5
38.75
50.75
66.75
84.5
102.5
114.25
115.5
116.75
116.0
114.25
117.0
112.75
106.0
91.25
84.25
82.0
65.0
60.0
54.0
53.25
48.0
45.25
41.25
41.5
40.25
56.75
72.25
83.0
97.25
109.0
117.5
120.0
112.75
128.0
117.0
116.5
103.5
88.75
84.0
78.75
60.5
58.0
51.75
45.25
41.75
40.25
41.25
41.0
41.0
56.75
72.75
85.75
100.0
106.0
115.0
113.0
112.0
108.75
108.75
110.75
103.0
89.0
83.5
80.5
60.25
64.0
53.75
43.0
43.75
42.0
39.5
40.5
39.75
55.75
81.0
93.25
102.5
111.0
111.0
108.5
115.0
117.5
113.5
109.0
101.5
89.0
65.5
60.75
59.5
49.75
42.25
42.25
42.5
41.5
41.5
41.25
40.5
41.75
39.75
40.75
72.25
79.25
73.5
72.0
72.25
76.0
74.25
71.5
70.5
69.75
40.5
41.75
40.25
41.0
40.0
40.75
40.25
40.25
40.5
39.5
40.25
39.5
40.0
39.25
66.5
69.0
69.25
69.25
69.25
69.75
69.75
70.5
70.5
69.25
43.0
41.0
39.75
39.5
41.0
40.0
40.0
40.5
40.25
40.5
39.5
55.0
78.0
93.5
106.25
114.75
117.75
119.0
114.75
112.25
115.0
123.0
106.25
92.25
85.75
80.0
62.0
56.5
50.0
44.5
45.75
41.25
40.5
40.75
40.5
54.0
69.0
87.75
102.75
107.25
119.0
114.75
119.0
121.25
113.5
114.0
111.75
95.75
86.25
79.75
60.25
57.5
58.5
44.75
42.0
41.5
41.0
40.5
40.75
55.0
76.0
87.0
103.75
117.75
118.0
116.5
120.25
121.5
116.5
109.25
99.5
87.0
83.25
78.5
66.75
64.0
59.0
45.0
42.25
42.5
41.0
40.25
40.0
55.0
73.5
91.5
105.75
111.0
115.5
116.5
115.75
122.25
111.5
110.75
104.0
92.25
84.0
80.0
60.25
57.25
49.5
44.25
42.5
41.5
40.75
41.25
41.0
56.5
71.75
96.5
106.0
107.75
115.0
111.0
112.25
113.0
110.0
109.75
94.75
88.0
62.25
57.75
57.75
51.75
44.0
51.5
40.75
40.75
39.25
40.25
39.75
39.0
39.75
39.0
63.75
61.25
62.0
62.75
64.0
63.5
62.5
62.5
63.25
64.5
41.0
40.75
40.0
40.75
40.25
40.25
40.75
41.0
40.0
40.0
39.5
39.5
39.25
39.5
66.25
66.0
67.0
70.0
69.75
68.0
67.5
68.25
70.0
67.75
43.5
42.5
40.75
39.5
39.25
39.5
39.25
39.25
39.0
39.75
38.25
53.5
71.0
93.0
108.0
106.75
121.5
117.5
122.75
112.0
115.25
111.5
99.0
94.75
84.5
75.75
57.75
56.5
55.25
45.0
44.0
41.5
39.75
39.25
37.75
53.25
68.75
89.75
105.0
119.5
117.0
117.75
120.25
128.25
118.0
117.5
108.5
94.0
87.0
90.0
72.75
61.75
63.0
46.5
50.0
42.5
41.0
40.25
40.0
48.25
79.25
97.0
112.5
117.75
130.5
127.5
129.0
122.25
118.75
120.25
108.0
104.0
90.5
86.0
69.0
63.25
58.25
49.5
49.0
43.0
42.5
44.0
43.75
50.5
86.5
97.75
107.5
112.25
114.5
113.75
104.0
105.75
105.25
102.75
96.0
85.5
84.25
74.75
69.0
56.5
52.0
50.75
47.75
49.75
47.25
46.25
45.0
53.0
70.5
87.5
98.25
106.75
109.75
105.0
102.5
105.75
97.25
93.0
88.75
84.0
65.75
55.75
54.25
52.25
51.5
45.5
43.25
41.0
40.25
39.75
40.25
39.5
39.75
39.75
56.25
62.0
60.75
62.0
62.5
62.75
62.75
63.25
61.25
62.0
47.0
41.0
42.0
41.25
40.25
40.0
41.0
41.0
41.75
42.0
40.75
41.0
40.5
41.0
57.0
61.75
67.0
64.0
66.25
68.25
65.75
66.5
65.5
65.0
47.75
41.25
42.0
41.5
42.0
41.75
40.5
40.25
41.0
41.5
39.0
47.5
67.5
85.0
103.25
112.25
118.0
115.75
113.0
110.25
108.25
108.0
104.5
89.5
82.0
77.5
60.5
53.0
50.25
42.25
41.5
40.5
40.5
39.5
39.0
45.25
70.25
93.25
104.0
120.75
123.0
120.5
116.5
115.5
113.0
112.25
105.0
90.25
86.5
82.75
70.0
63.5
59.25
48.75
46.75
47.5
44.0
43.5
42.0
50.5
83.5
95.25
107.5
114.5
124.0
117.75
117.75
120.0
118.5
111.5
105.75
93.75
88.0
85.5
69.5
62.75
58.25
45.75
45.5
43.25
42.25
42.5
41.5
47.25
85.5
92.0
105.0
108.75
106.5
121.25
110.5
110.5
108.0
111.0
109.75
94.75
85.75
81.75
66.75
62.5
52.25
44.25
43.25
42.5
41.25
41.5
41.75
50.0
74.75
98.0
105.75
123.0
115.75
115.0
116.5
110.5
111.25
105.0
96.5
91.25
68.5
60.5
63.5
53.0
43.75
43.5
42.5
41.25
41.75
39.5
40.75
40.5
38.75
40.0
60.25
71.5
75.5
69.75
67.0
67.75
69.75
68.0
68.0
67.75
47.75
40.25
40.75
39.5
40.75
39.5
40.75
40.5
40.25
41.0
38.5
39.5
39.25
39.5
60.25
69.75
70.5
67.5
67.25
67.75
67.0
67.75
66.0
65.0
45.75
39.5
39.25
39.75
39.5
39.25
39.25
38.25
40.0
39.25
38.75
45.5
78.5
94.0
108.25
117.75
121.0
119.0
111.5
114.5
107.25
114.25
105.25
95.75
81.75
79.25
66.75
60.5
56.0
48.25
45.0
44.25
41.75
41.5
39.75
48.5
75.75
96.5
113.0
116.0
119.0
115.0
117.75
112.75
112.5
110.0
105.25
90.75
83.5
82.0
66.5
61.75
55.25
46.5
45.25
44.5
44.25
43.75
44.0
50.75
68.75
86.75
99.25
107.5
120.0
124.75
111.75
112.0
116.25
110.25
101.5
85.25
79.5
76.75
63.25
55.0
52.25
45.5
40.75
41.75
40.75
41.25
40.25
48.25
68.5
97.0
108.75
115.0
117.5
119.5
124.5
122.25
118.0
126.75
122.25
96.75
87.75
88.75
73.5
61.0
53.75
48.0
46.75
44.25
43.75
43.75
43.0
50.25
77.75
100.25
112.5
115.5
110.25
111.75
110.0
110.0
105.75
103.75
99.5
88.75
72.0
66.25
63.25
56.5
49.75
45.25
46.5
44.5
44.25
43.75
43.75
43.75
44.75
43.0
68.75
78.5
75.5
71.5
73.75
77.75
80.0
82.75
75.0
70.25
50.25
43.0
43.0
43.75
43.75
44.75
41.75
43.5
42.5
41.75
42.5
41.5
41.5
41.5
63.25
71.5
71.5
71.25
71.75
70.75
72.5
71.25
70.75
72.0
50.0
45.0
43.25
42.75
44.25
42.0
44.5
42.25
43.25
43.5
42.75
50.5
80.5
95.5
108.25
111.25
115.75
120.5
120.75
112.75
113.75
108.5
104.75
89.5
86.5
81.0
67.5
62.25
60.0
48.5
49.0
44.25
44.5
43.75
43.75
49.0
70.5
96.75
108.25
117.25
117.75
118.75
112.0
111.25
115.75
103.5
98.25
94.0
83.25
76.5
62.25
55.5
53.0
46.25
46.5
44.0
42.25
42.75
42.25
49.0
78.25
84.25
96.75
104.75
111.0
110.0
117.0
108.5
109.0
103.5
96.0
85.0
82.75
80.5
62.5
54.75
52.75
50.0
44.0
42.0
42.0
40.75
41.25
47.25
67.25
79.0
92.5
96.75
101.25
99.5
100.25
98.75
102.5
94.5
90.0
78.75
80.0
77.25
66.5
56.5
52.0
44.5
59.5
63.75
62.5
61.75
62.25
62.0
63.5
62.5
66.5
65.75
67.5
66.75
67.75
66.5
67.75
66.5
67.5
66.25
66.25
65.25
65.75
65.5
65.25
64.75
47.25
40.5
41.25
40.25
41.0
39.5
40.75
40.25
59.5
65.5
67.75
66.25
67.25
67.0
67.0
66.0
66.75
66.25
46.25
41.25
40.75
42.0
40.5
42.0
41.25
41.5
41.25
42.0
40.25
41.25
40.75
40.75
62.5
74.0
68.75
69.25
69.0
77.0
76.0
73.0
68.5
67.5
49.0
40.5
41.75
41.5
40.25
42.5
41.0
42.0
40.5
40.75
40.25
49.5
85.25
104.0
109.5
118.0
121.0
118.0
115.5
114.5
114.0
116.0
111.5
91.0
85.5
91.0
67.75
61.0
58.25
46.5
44.75
39.5
42.5
42.75
42.25
49.0
73.0
96.5
103.75
116.5
116.0
124.75
117.25
118.75
118.75
115.5
101.25
89.0
78.75
73.75
64.75
62.75
57.25
50.0
47.5
48.25
47.5
49.25
47.0
53.0
70.5
87.0
104.0
105.5
112.5
116.5
114.5
112.25
108.5
104.75
101.0
87.5
81.0
76.25
68.5
64.75
60.0
48.25
48.25
46.75
46.75
45.5
46.5
50.0
71.75
95.75
101.25
113.0
113.0
112.5
111.0
113.25
111.75
112.5
99.5
88.5
82.5
79.25
71.0
64.75
57.75
52.5
53.0
48.25
44.5
44.5
44.0
49.75
78.5
100.75
103.5
108.75
113.5
112.0
121.0
115.25
110.75
102.75
100.25
83.5
70.5
65.75
66.0
61.0
56.0
56.25
49.25
47.0
45.5
44.5
45.5
44.0
45.75
65.25
79.75
78.25
78.75
74.5
74.75
71.75
70.25
79.5
69.25
70.25
67.5
64.25
48.25
47.5
47.75
47.5
46.5
46.25
47.25
47.25
46.25
45.75
46.0
62.5
77.25
78.0
73.75
69.5
70.25
68.5
71.5
69.5
67.5
71.0
68.5
59.75
46.75
46.5
45.0
45.25
46.5
44.5
45.5
44.75
45.0
49.25
71.25
82.5
98.0
104.5
107.25
106.5
103.75
101.75
106.75
104.25
103.5
87.25
82.25
82.0
74.75
68.75
68.25
57.25
55.75
53.5
53.25
54.0
52.5
58.25
68.25
88.0
110.25
112.0
120.0
115.25
115.75
111.25
112.25
111.75
99.0
87.75
89.5
84.25
79.25
76.5
67.0
60.75
58.25
52.5
49.25
50.25
50.0
52.75
68.5
85.25
102.0
113.25
115.75
115.5
119.75
116.25
116.0
118.25
102.25
89.0
85.5
83.5
77.5
77.25
72.5
64.5
59.5
56.5
54.75
54.5
55.25
59.5
73.0
86.0
104.5
111.0
125.25
116.75
107.0
116.0
112.0
114.0
107.0
91.5
86.0
83.0
78.5
74.75
74.75
59.75
58.25
54.5
52.75
51.5
52.5
55.5
70.75
91.0
105.0
108.0
112.75
115.5
112.75
108.0
105.75
100.75
95.5
86.75
72.25
69.5
70.0
62.75
55.0
51.25
46.0
45.75
44.25
45.5
44.75
45.75
45.0
45.25
62.0
72.5
70.0
68.25
66.5
67.25
66.0
67.75
67.5
66.5
51.5
45.0
45.75
45.75
46.5
46.25
45.75
45.25
45.75
45.25
44.0
45.75
44.75
46.0
59.75
75.0
70.5
68.0
74.5
76.0
75.5
74.5
73.5
71.0
54.5
47.25
47.0
46.5
46.0
44.75
45.75
45.75
50.5
50.25
48.25
53.75
80.0
116.75
113.75
128.25
124.0
121.0
121.75
120.75
119.75
119.25
112.75
101.5
95.25
91.75
78.5
72.75
70.0
52.75
51.75
51.75
48.5
50.5
49.25
58.5
84.75
103.25
116.75
122.0
124.5
129.25
124.75
119.5
110.25
111.5
118.0
93.5
88.0
83.75
72.25
69.5
65.5
50.5
51.0
47.25
46.5
46.5
46.5
51.25
71.75
86.75
106.5
116.0
114.5
114.5
117.25
112.25
117.0
108.25
101.75
94.0
84.5
79.5
78.0
66.5
61.25
48.25
48.25
47.75
45.75
46.5
45.5
51.75
75.75
90.0
110.25
116.25
121.5
129.0
116.5
116.75
111.25
108.25
103.75
90.5
84.75
82.75
72.25
63.75
57.5
49.25
50.25
46.25
46.5
45.0
46.0
49.5
73.25
85.5
97.25
115.75
110.5
115.0
115.75
116.5
111.75
106.5
97.0
89.0
71.75
66.0
64.75
61.5
50.5
47.75
46.5
46.0
46.0
44.75
46.0
44.5
46.25
44.25
64.25
74.0
68.5
67.0
67.25
69.75
75.25
77.75
72.75
72.0
52.0
49.25
47.5
45.75
47.75
47.0
47.25
46.5
47.75
45.5
47.0
45.25
46.25
45.0
60.5
68.25
68.25
65.5
70.25
68.25
67.25
65.0
65.25
65.0
49.75
43.75
45.5
43.5
44.5
43.25
44.5
44.25
43.75
43.75
43.5
48.25
66.75
77.75
97.25
102.25
110.5
108.5
114.0
110.25
107.0
104.0
94.5
84.25
77.25
73.5
66.5
61.75
57.25
45.75
43.5
45.0
43.5
44.75
44.5
49.25
67.25
86.5
103.75
115.5
122.25
117.25
116.75
115.75
119.75
114.5
100.5
86.0
82.5
84.75
73.5
65.75
65.25
51.0
47.0
47.75
45.25
45.25
45.5
50.75
73.75
81.75
104.5
132.75
116.25
115.0
123.75
123.25
113.5
107.25
99.75
91.5
90.25
85.25
76.0
63.5
63.25
49.75
49.0
47.75
46.0
45.75
46.0
51.25
70.75
89.5
110.0
111.5
113.25
120.25
112.25
109.25
115.5
108.25
117.25
102.5
83.75
86.25
77.25
69.0
62.5
51.75
49.5
49.25
46.0
47.0
46.0
51.0
71.75
83.5
107.5
105.75
112.75
109.25
106.75
106.0
103.25
101.25
94.5
88.25
72.75
70.25
67.0
58.0
50.75
50.5
49.25
47.25
45.5
46.0
47.0
45.75
45.5
45.0
65.25
69.25
75.5
73.75
68.25
65.0
66.25
68.0
66.5
66.5
47.75
47.0
46.75
47.0
46.0
47.25
46.25
46.75
46.5
45.25
47.25
44.25
45.5
45.25
62.25
71.0
67.0
65.5
64.75
66.25
63.75
67.5
66.75
67.25
50.5
42.0
43.25
42.0
43.25
42.25
42.0
43.0
42.0
41.5
41.0
48.0
78.25
93.75
108.5
122.5
112.75
116.5
119.5
111.25
119.25
113.75
105.5
103.0
88.5
84.0
74.75
72.0
72.75
57.5
56.0
49.0
48.0
47.75
48.25
52.5
75.75
87.25
103.0
122.25
117.75
126.5
127.0
117.75
120.5
117.25
111.5
89.25
89.0
84.5
91.25
76.0
71.25
58.5
55.0
49.75
50.0
48.5
49.0
57.25
75.25
84.75
109.25
114.25
113.0
112.0
119.75
119.75
120.5
117.75
111.25
89.0
82.5
78.5
71.5
67.5
65.5
51.75
51.25
49.5
48.75
48.75
48.5
54.5
77.25
86.25
106.0
109.5
114.0
112.0
120.0
114.75
113.0
107.0
104.25
88.5
85.0
81.5
72.25
69.25
66.25
66.0
52.0
48.5
47.5
47.25
47.0
53.0
76.5
85.75
99.25
114.0
114.25
110.25
112.25
104.75
106.5
102.5
100.0
90.5
77.75
77.5
73.75
66.5
56.25
53.0
52.0
54.0
52.25
52.5
52.0
52.0
51.0
50.5
69.75
76.25
73.75
76.0
73.75
75.25
74.25
74.25
75.5
75.5
58.5
53.75
52.25
51.5
51.25
53.25
53.0
51.0
52.5
51.5
52.5
53.25
50.75
50.5
68.75
74.75
75.25
79.0
80.25
77.25
76.5
77.75
79.0
77.5
59.0
51.75
50.25
51.0
50.75
51.25
51.0
51.25
49.75
51.25
51.0
56.75
81.5
89.25
101.5
105.5
115.0
113.0
103.5
98.5
100.5
100.25
93.5
79.0
74.25
73.5
62.5
60.25
56.75
52.0
52.25
49.0
48.0
47.0
48.5
52.0
66.0
84.0
108.75
106.75
110.0
105.75
108.25
101.5
104.25
103.0
98.25
84.0
77.5
72.5
63.75
60.75
59.75
50.0
50.25
50.25
48.25
49.25
47.5
53.75
78.25
93.0
105.25
107.0
106.0
119.75
115.5
116.25
109.75
107.75
89.75
78.5
77.75
73.75
66.5
62.5
62.0
62.25
60.75
54.0
52.5
52.25
51.5
55.0
63.25
78.25
97.25
109.5
100.75
97.5
103.5
110.5
100.5
97.0
99.75
90.5
83.75
78.0
79.5
73.0
65.5
59.75
56.5
49.75
48.0
48.0
47.25
54.25
64.75
80.0
93.25
100.0
106.5
98.0
97.25
99.25
96.25
95.25
87.75
79.25
72.25
64.75
66.5
64.5
58.5
58.25
55.25
47.5
44.25
44.25
45.5
43.25
45.0
52.25
62.75
63.25
62.75
64.75
64.5
63.5
66.25
64.0
63.5
64.75
47.75
47.0
46.25
45.0
46.75
45.25
46.25
46.0
45.5
46.25
44.5
45.75
45.5
45.5
63.0
69.25
73.0
66.5
64.75
67.0
68.0
65.5
66.0
65.75
52.25
48.25
48.75
45.25
45.75
45.75
46.0
45.25
44.5
46.75
44.25
51.0
76.75
88.75
98.25
104.5
110.25
110.5
104.5
108.5
104.5
105.75
93.5
90.75
86.5
77.25
76.25
73.25
66.75
60.25
57.75
53.0
50.75
52.0
51.0
57.75
78.25
92.5
99.75
103.5
107.5
109.75
112.5
112.0
103.25
102.75
104.25
84.5
83.75
80.0
75.5
68.25
62.0
54.25
52.0
48.5
47.75
45.75
45.75
51.5
71.75
88.5
97.5
103.25
106.25
105.75
105.75
107.75
109.5
110.0
94.75
86.0
78.5
78.0
72.25
67.25
68.25
56.5
53.5
49.0
47.75
49.25
47.0
53.5
72.0
85.0
97.0
104.0
107.5
109.25
109.25
104.25
104.0
104.0
96.0
84.0
78.75
78.25
70.75
70.5
61.0
52.75
51.0
49.0
46.75
47.0
46.75
52.0
70.75
82.75
100.0
98.0
105.25
101.5
101.75
103.25
103.5
101.0
91.25
87.0
73.0
70.5
70.0
66.25
61.25
52.75
50.0
42.5
43.25
42.25
42.0
42.0
43.0
42.0
56.75
63.25
64.25
63.75
64.5
64.75
65.0
64.75
64.5
63.25
48.75
43.25
43.25
42.25
43.5
43.5
44.25
45.0
43.75
42.25
42.75
41.5
43.0
43.0
58.25
65.75
62.5
63.0
62.0
59.75
59.0
60.0
59.25
60.25
48.75
43.25
47.75
44.0
44.25
43.5
45.5
42.5
42.5
40.5
42.0
47.5
71.75
82.25
92.25
112.0
111.5
106.5
101.0
118.75
114.25
111.75
107.75
95.5
84.0
80.5
73.25
67.25
64.75
46.0
46.0
46.0
44.75
43.75
46.0
51.0
71.0
81.5
97.0
105.5
114.0
106.0
104.75
110.0
108.75
109.5
101.75
100.25
96.5
89.25
81.25
70.0
65.75
50.25
48.5
49.75
47.75
46.5
46.0
53.5
75.75
89.5
100.25
105.0
115.75
120.0
114.25
111.75
114.5
114.75
104.5
93.0
85.0
79.25
74.75
70.25
64.75
46.75
46.5
44.5
44.75
44.75
44.5
51.25
75.75
83.0
98.25
111.25
113.75
114.0
109.25
109.0
116.0
106.0
101.0
88.0
82.0
81.25
68.25
68.25
58.75
48.5
47.5
45.25
45.25
44.0
47.25
53.0
80.0
97.5
108.5
111.5
116.75
113.75
115.5
109.25
109.5
106.5
98.75
84.25
77.75
73.25
71.5
62.0
45.5
47.25
45.75
45.5
45.75
44.75
46.25
45.5
44.5
44.75
61.75
71.0
69.75
71.25
69.75
70.75
68.25
69.75
69.5
70.0
50.0
45.0
44.75
45.0
44.0
44.25
45.0
43.25
44.5
44.75
44.0
45.0
44.0
44.0
60.75
70.5
70.5
72.5
74.25
70.5
69.75
68.0
68.25
68.25
50.5
46.75
46.0
46.25
44.25
44.25
45.0
44.75
45.25
43.25
44.25
50.25
73.0
74.0
73.75
75.75
74.5
75.5
75.0
77.0
74.0
74.75
74.0
71.75
74.0
73.25
63.25
59.25
56.5
43.25
42.0
43.25
43.75
43.5
42.5
50.5
71.25
86.25
106.25
108.5
117.5
123.5
118.0
120.0
122.0
117.0
109.25
90.25
85.75
85.5
75.5
70.75
63.5
48.5
47.25
46.0
45.25
45.0
43.75
50.75
70.25
88.25
104.75
113.5
123.5
124.0
117.75
136.75
124.75
125.75
119.5
93.25
86.0
84.75
76.0
68.25
59.75
45.25
44.5
43.25
43.25
43.25
43.5
50.75
80.25
105.75
117.75
125.25
125.75
131.0
124.75
121.75
125.25
130.25
112.75
95.25
90.75
83.0
76.25
72.5
63.0
45.75
45.5
44.5
44.0
44.5
44.25
50.75
68.0
84.5
100.5
108.5
107.5
111.75
112.25
111.0
106.0
102.25
98.75
88.0
72.5
63.75
61.25
57.75
48.75
46.0
45.25
45.75
42.75
42.75
43.75
42.25
44.25
42.0
58.5
62.25
64.25
64.0
67.5
67.75
68.5
66.25
67.0
66.25
57.25
43.5
41.75
42.0
41.75
41.5
42.5
41.5
42.0
43.0
45.5
43.25
43.75
43.0
57.25
64.0
66.75
68.75
68.75
68.0
67.0
67.25
68.0
66.75
41.5
41.5
42.75
42.25
42.0
41.25
43.5
42.25
40.75
42.75
43.0
50.0
68.25
83.75
97.5
105.5
106.25
111.75
121.25
112.5
112.0
111.25
103.5
87.25
85.5
88.0
76.0
68.0
68.0
47.5
44.5
44.25
42.25
43.25
41.25
49.75
67.0
85.25
109.0
126.25
126.5
130.5
132.75
123.0
134.0
118.75
110.25
95.75
89.75
90.0
84.25
76.25
68.25
47.25
48.25
46.5
46.0
45.25
44.5
52.0
69.75
77.75
98.25
113.25
112.5
111.0
112.75
111.75
109.5
104.75
99.25
87.0
79.0
70.25
68.0
63.0
57.0
47.0
44.75
45.75
45.25
46.25
46.75
52.0
63.25
84.5
99.75
105.0
107.0
120.25
109.0
113.25
115.5
109.5
97.25
86.75
77.75
71.25
66.75
61.75
59.25
44.5
44.75
44.75
45.5
45.0
45.5
49.5
63.75
78.25
102.5
108.25
116.25
111.75
109.25
117.25
110.0
104.5
92.75
80.75
68.75
64.75
67.5
59.25
48.0
50.5
47.0
45.75
46.0
45.75
45.75
45.25
45.25
43.75
58.75
62.0
64.25
60.0
60.5
60.0
60.5
60.5
58.5
59.75
47.75
44.5
43.75
43.75
42.75
44.25
43.5
43.5
43.25
42.5
43.5
43.5
43.5
42.5
55.0
59.75
59.75
59.25
60.25
57.25
58.75
62.5
62.25
60.5
47.75
43.0
43.0
44.5
43.0
43.25
42.25
43.75
42.25
43.75
42.75
45.75
62.5
86.0
111.25
120.25
130.0
128.5
124.75
124.75
116.5
122.25
109.25
85.75
82.0
74.25
69.5
64.75
59.75
54.5
48.25
42.0
42.25
41.75
46.0
52.25
66.75
86.25
105.25
111.25
113.5
115.5
109.0
116.75
109.5
108.0
101.5
85.75
85.75
80.25
68.5
64.25
58.75
51.5
46.25
45.75
45.5
45.0
45.5
52.0
64.5
95.5
99.75
101.0
107.25
109.25
115.0
113.5
113.5
113.5
117.5
95.75
89.5
82.5
73.25
62.0
60.75
51.5
48.25
47.0
43.5
43.5
45.0
49.5
81.25
78.5
97.5
107.25
111.25
108.5
107.5
115.5
119.25
117.25
110.5
93.0
87.0
83.0
66.5
66.75
56.25
52.25
48.25
46.0
46.25
46.25
46.25
49.25
63.75
81.5
102.0
106.25
107.25
113.25
116.25
116.5
118.5
112.75
104.25
93.75
83.0
71.75
70.0
61.5
53.75
48.0
48.25
49.5
47.75
47.25
46.75
46.5
46.75
47.0
57.75
65.5
67.75
72.75
75.25
73.0
73.0
72.75
71.25
70.0
51.25
46.75
46.75
47.0
46.75
45.5
47.25
45.25
47.0
45.25
46.75
46.5
45.5
47.0
56.25
61.5
57.75
60.25
61.75
61.75
66.0
65.5
67.0
65.75
50.0
44.75
45.25
45.25
45.5
45.0
45.5
46.0
45.25
46.5
43.25
51.0
71.5
81.25
101.5
103.5
114.25
112.75
111.5
118.25
120.25
127.25
114.0
91.25
84.25
81.5
66.0
61.5
58.75
51.0
47.5
46.5
45.0
43.75
45.0
50.5
64.5
79.75
99.0
114.0
119.25
120.0
121.25
117.0
118.5
114.0
106.0
91.25
91.75
86.75
72.25
62.75
59.0
50.25
46.75
46.0
46.0
46.0
43.75
50.75
67.0
83.5
101.25
102.75
107.75
110.5
114.0
122.0
119.25
109.0
101.75
92.75
81.0
73.25
69.0
63.25
57.5
46.5
44.25
44.5
46.0
44.5
44.0
51.75
66.5
81.5
101.75
114.0
117.5
118.0
119.75
120.75
118.5
113.75
108.5
96.25
88.25
83.75
72.25
60.5
56.25
45.25
44.5
45.25
46.5
44.5
47.25
50.0
68.0
81.5
98.75
120.25
117.0
136.75
116.5
115.25
108.0
112.5
106.5
101.5
80.0
70.75
69.25
64.25
52.25
51.25
50.5
47.75
47.25
48.5
48.0
47.5
47.5
47.25
59.75
66.25
71.75
72.5
75.25
73.75
73.0
74.75
72.25
69.25
55.0
49.25
49.5
48.0
50.0
48.75
48.75
48.5
48.5
48.0
47.5
48.25
47.5
47.75
59.0
67.25
75.5
76.25
77.75
77.0
76.5
76.25
74.75
70.25
54.25
47.75
49.0
47.0
47.5
46.75
46.75
47.0
47.25
48.0
46.25
51.0
73.75
86.75
108.0
112.75
120.75
131.75
113.25
116.75
114.0
113.5
101.75
89.0
84.25
80.0
75.25
62.75
64.0
55.0
46.0
46.5
46.75
48.25
47.0
53.25
68.0
85.5
125.75
120.25
116.5
112.75
111.25
119.25
117.5
108.75
100.25
90.0
86.5
77.5
68.0
60.75
54.75
49.0
45.25
47.25
44.75
46.25
45.0
51.5
70.25
78.75
106.5
119.0
113.0
115.25
121.0
117.75
111.0
106.25
105.0
88.5
79.75
74.75
69.75
62.75
60.25
46.5
48.0
47.25
47.25
47.5
47.25
54.0
68.75
83.75
103.0
113.25
117.25
117.5
117.75
115.25
112.0
103.5
96.5
82.0
79.5
69.25
64.0
59.75
55.75
48.75
48.25
45.5
46.75
44.75
46.25
49.75
65.0
80.25
97.0
106.0
112.25
109.0
106.75
105.5
105.25
103.5
101.0
85.25
73.75
67.75
68.5
62.5
51.0
52.0
49.25
49.25
47.0
48.75
47.5
47.75
48.0
48.0
59.5
66.25
66.5
70.0
72.5
70.5
69.5
66.75
66.0
64.0
50.0
47.0
45.25
47.75
46.5
47.75
46.0
47.0
46.0
48.0
47.0
47.0
46.5
46.75
60.75
67.5
69.5
68.25
68.0
65.5
69.0
66.0
68.25
67.25
52.0
45.75
53.0
46.25
48.0
46.5
48.0
46.5
47.75
47.25
47.5
51.0
73.5
91.5
107.25
109.5
114.0
113.25
125.0
110.75
110.0
107.75
100.0
90.75
79.5
76.25
68.5
65.25
61.5
49.5
47.0
46.25
49.0
44.0
46.75
51.75
73.5
88.25
111.0
112.25
129.0
118.0
111.0
117.5
115.0
110.0
101.5
88.25
88.75
82.5
70.25
64.75
62.25
52.0
56.75
49.0
47.25
47.5
46.25
53.25
71.0
91.25
105.75
110.25
117.25
118.75
109.75
112.75
109.75
109.5
103.0
90.5
82.75
82.25
67.75
61.25
59.0
48.75
50.25
49.25
48.25
47.0
48.75
52.5
72.5
88.0
108.0
109.5
109.0
123.25
116.0
110.25
107.25
104.5
102.0
88.5
79.75
73.75
63.0
60.75
58.0
50.75
49.25
46.5
47.5
48.0
47.25
53.0
72.5
87.5
103.0
110.25
112.75
113.75
106.75
110.25
104.25
95.25
93.0
87.0
69.25
62.25
61.75
59.0
51.75
50.0
51.75
47.75
48.5
48.25
46.75
48.0
46.5
48.25
63.25
65.75
68.0
63.5
65.0
64.0
65.0
65.0
64.75
68.5
49.5
45.0
44.75
43.75
45.75
45.75
46.75
46.5
47.25
47.0
47.0
46.75
47.75
47.5
59.75
65.25
63.25
64.75
64.0
64.25
63.75
66.0
63.5
64.5
48.75
45.75
45.75
46.75
47.0
45.25
46.25
45.25
44.25
44.5
45.5
49.5
72.5
83.0
105.0
107.25
116.75
113.75
112.0
118.25
118.5
115.0
102.5
90.25
85.25
80.75
68.25
63.5
60.25
53.25
51.0
49.0
47.25
47.75
46.5
50.75
72.5
86.5
107.75
118.0
116.25
120.5
111.5
115.0
120.75
108.75
100.5
87.25
83.25
79.75
67.0
64.25
55.75
48.5
47.25
45.75
46.75
46.5
47.5
52.25
76.0
85.75
113.25
110.75
118.5
115.25
112.5
111.75
112.25
116.0
100.5
92.0
88.0
81.5
66.5
62.5
60.5
51.25
49.75
48.75
46.5
47.0
47.75
52.25
71.75
92.5
110.25
109.25
121.5
111.0
111.0
115.5
122.25
108.5
118.5
91.75
84.0
76.0
67.5
63.5
56.75
50.0
44.5
44.75
45.0
44.5
44.0
49.5
69.25
86.25
100.5
104.25
113.5
106.25
111.75
105.0
104.25
104.0
87.75
80.75
66.0
60.75
61.0
56.75
46.5
48.25
46.5
45.5
44.25
46.25
43.75
44.75
46.5
45.75
59.0
62.75
63.25
63.25
60.25
61.0
61.25
60.25
60.5
59.0
49.25
43.0
45.5
44.75
45.0
46.25
46.0
45.0
45.0
47.0
45.0
45.75
45.0
46.5
56.75
60.0
59.25
60.0
59.0
59.75
58.25
60.25
60.25
60.75
46.5
44.25
44.75
43.5
44.0
43.5
44.5
43.25
44.5
42.25
42.0
48.75
64.0
78.5
103.0
105.0
108.0
115.75
107.0
110.25
108.75
110.25
100.25
85.0
77.5
74.5
68.75
64.75
61.25
49.75
48.5
46.25
45.0
46.25
46.25
50.75
70.5
84.5
99.75
115.25
117.25
111.75
108.0
103.0
104.5
107.75
105.0
88.75
81.0
78.0
73.75
68.5
64.0
53.5
52.0
50.0
51.5
52.0
52.25
57.75
74.25
95.5
106.5
105.5
106.75
114.0
104.75
109.75
106.5
112.5
96.75
86.75
80.0
76.0
71.5
67.75
66.0
52.25
50.25
47.0
44.5
45.75
45.5
48.0
67.25
80.0
109.5
113.25
108.25
109.25
113.25
107.25
107.5
103.25
93.5
93.25
80.0
77.75
71.5
62.25
56.0
50.75
48.0
48.0
47.75
46.75
47.75
52.0
69.25
82.0
98.5
100.5
103.5
106.25
101.25
106.25
102.75
98.0
91.0
80.5
68.0
64.75
67.75
63.25
53.0
49.5
46.0
45.5
45.0
43.75
43.75
44.5
43.25
43.75
55.75
58.25
59.0
59.75
61.75
62.25
60.0
60.0
60.5
59.5
48.75
44.0
44.25
44.75
44.0
45.0
44.75
44.5
44.75
46.5
45.75
47.0
45.25
45.75
55.25
60.25
61.0
59.75
59.75
60.0
60.5
62.5
59.75
60.75
46.25
45.0
45.5
45.25
45.75
44.0
44.0
44.25
44.5
44.25
45.5
49.0
64.75
76.25
107.5
112.333333333
125.25
108.75
108.75
115.25
109.75
118.25
111.5
103.5
90.25
84.0
67.5
62.25
59.0
50.0
48.75
48.25
48.5
47.25
45.25
56.75
70.25
90.0
102.333333333
111.855
116.3225
118.666666667
119.25
113.0
112.0
108.0
99.5
87.25
85.0
83.0
71.0
69.75
64.5
51.75
50.5
49.75
48.5
48.25
49.0
54.25
73.25
89.75
104.0
111.25
115.0
121.25
120.75
118.25
114.25
117.0
102.75
98.25
84.75
85.25
74.0
71.5
64.75
55.75
52.0
49.75
50.75
49.5
49.0
53.75
70.5
88.25
106.5
110.75
113.5
118.5
111.5
113.75
115.0
111.0
97.0
90.0
89.75
82.5
68.25
67.75
59.25
51.25
52.25
51.5
50.5
50.5
50.5
55.5
73.0
92.75
102.75
118.25
120.25
114.0
115.75
123.25
109.5
111.25
87.75
80.5
72.5
77.25
69.0
66.25
56.25
54.5
55.5
49.75
49.75
49.25
51.0
48.5
51.25
50.25
61.75
68.0
67.25
67.5
66.25
66.5
62.75
65.0
62.5
66.0
54.75
52.25
52.75
51.5
51.75
51.5
51.5
50.375
50.375
49.5
50.25
50.5
50.25
50.25
49.5
60.0
64.75
65.75
64.5
64.0
65.0
66.25
63.25
63.25
63.25
52.25
47.5
48.25
47.5
47.5
49.25
47.5
48.5
48.0
49.5
50.0
53.0
71.0
89.5
109.0
120.25
118.5
114.5
109.5
114.0
111.5
106.0
104.5
86.25
82.0
76.5
67.25
63.25
59.5
51.0
48.5
50.25
47.25
46.25
47.25
52.25
69.5
82.0
111.25
110.5
113.25
112.5
113.5
117.5
109.25
108.25
109.75
87.25
80.0
80.5
73.25
70.5
64.25
53.5
52.5
53.0
50.0
51.5
51.75
55.75
75.0
93.75
110.5
111.5
119.0
124.25
120.75
121.25
123.0
110.0
109.25
88.75
82.75
82.75
77.25
70.5
67.5
51.0
50.0
48.75
48.0
49.0
48.0
55.0
78.5
90.5
107.5
115.0
116.0
127.5
115.0
121.75
110.5
101.25
93.0
86.25
78.75
73.0
61.75
58.25
54.75
49.25
49.5
44.75
46.25
44.0
46.25
49.5
63.5
82.25
94.0
104.75
108.25
107.5
101.25
118.25
114.25
99.75
90.25
79.25
65.0
60.75
57.25
55.5
51.0
51.75
51.0
49.25
48.0
47.75
47.75
47.5
46.25
45.0
55.0
61.0
59.25
60.25
58.25
61.75
60.5
64.0
59.75
61.5
52.25
48.0
46.75
45.75
48.75
47.0
48.0
45.25
45.25
47.0
47.25
47.0
46.5
45.75
54.25
60.0
60.75
60.0
61.5
59.5
61.0
62.25
60.25
58.5
48.5
45.75
46.5
44.0
43.75
46.5
44.75
47.0
45.25
45.0
46.0
47.75
62.0
71.75
101.0
102.5
116.0
115.0
112.5
108.75
112.5
99.0
98.25
84.0
79.75
75.25
64.5
63.5
62.75
54.75
48.75
48.75
46.0
48.0
45.75
49.75
61.75
80.25
97.75
109.25
110.75
116.0
115.25
113.75
115.0
109.5
101.5
93.5
77.5
76.0
66.75
62.75
59.75
66.25
47.5
48.25
48.25
48.5
49.75
51.25
69.5
81.75
95.0
109.25
114.75
125.25
112.75
113.0
116.5
110.5
104.0
92.0
79.75
78.5
70.0
66.0
62.5
55.5
54.25
50.0
50.25
48.25
50.0
51.25
64.5
78.75
108.25
112.25
122.5
121.75
110.25
108.5
107.5
110.75
94.0
78.75
75.0
70.5
65.5
63.75
59.25
52.25
49.25
48.5
45.75
47.0
45.75
49.0
60.75
77.0
92.75
98.75
107.75
103.0
105.5
111.0
119.75
99.5
94.5
87.5
65.75
59.75
57.0
54.75
52.25
47.75
50.25
45.5
46.5
46.75
46.25
46.25
46.5
49.5
60.25
62.0
61.5
62.25
59.75
62.5
59.5
60.75
58.75
59.25
53.5
49.75
50.5
49.5
49.25
49.75
50.25
50.25
49.25
50.25
49.0
50.75
48.5
48.75
53.25
55.5
56.0
58.25
56.5
57.75
57.25
56.5
59.5
58.75
51.75
48.75
48.25
48.75
48.75
48.25
49.5
49.25
48.0
49.0
47.5
50.0
60.5
77.0
101.75
103.25
112.25
108.25
103.25
103.0
95.0
64.0
53.75
46.0
44.25
42.75
37.25
34.25
35.5
32.5
32.75
31.25
30.0
29.25
30.25
31.5
37.25
47.75
56.0
63.5
65.5
68.25
74.5
66.0
62.0
66.75
58.0
56.75
50.75
46.0
41.75
38.25
36.25
36.75
33.25
33.25
31.5
33.0
30.5
34.25
41.0
49.0
58.25
61.75
68.0
68.75
69.25
64.25
65.0
63.75
58.75
52.25
42.25
40.75
37.75
35.25
33.5
30.5
30.75
29.75
28.5
30.5
28.25
31.75
36.25
44.75
61.5
61.75
66.5
71.0
62.75
61.0
61.5
68.25
61.5
51.5
47.75
43.5
38.75
35.5
33.75
33.0
31.5
30.0
30.25
30.75
28.25
31.5
38.0
47.0
54.25
59.0
70.0
64.5
64.75
65.0
66.0
58.0
55.75
48.25
44.5
42.25
39.5
38.0
35.5
34.5
34.0
32.75
31.25
31.75
31.5
32.75
31.25
32.0
36.25
37.5
37.5
36.75
38.0
37.5
38.25
38.0
37.25
37.25
39.0
34.25
32.25
33.25
33.0
32.0
32.75
32.0
32.0
30.0
29.5
31.0
29.75
30.75
32.75
35.25
35.5
34.5
35.5
59.75
61.5
59.5
60.25
62.5
54.25
53.0
51.25
53.0
52.0
53.0
53.5
53.5
53.25
52.75
53.5
55.0
69.75
84.25
100.5
107.5
112.0
114.25
109.25
113.5
109.75
111.75
96.0
88.0
78.75
77.75
68.75
73.25
62.0
59.5
58.5
53.0
51.25
51.0
53.0
54.5
64.0
81.25
106.75
102.0
119.75
107.5
106.5
110.5
108.25
103.5
101.25
97.5
86.0
74.5
68.75
62.75
60.75
55.25
56.25
53.25
49.0
48.75
49.75
52.0
62.25
73.0
97.0
100.75
98.75
108.75
101.75
96.75
95.5
88.5
78.0
68.75
71.25
69.0
61.25
59.0
58.5
54.25
51.25
49.75
47.75
47.75
49.0
49.0
56.5
56.75
57.25
57.75
57.25
56.25
57.25
56.0
57.25
57.5
57.5
57.75
57.0
58.0
51.0
50.25
49.0
47.5
48.25
46.75
47.5
48.0
48.0
51.25
56.0
56.0
56.5
58.0
58.5
57.5
60.0
57.0
58.0
60.0
57.5
58.5
52.25
51.0
50.75
50.25
48.0
47.0
48.25
47.75
48.25
47.5
48.0
46.25
47.75
48.0
50.75
53.5
53.0
53.5
54.75
53.0
53.75
52.75
52.75
55.0
49.5
49.5
49.75
49.0
50.25
48.25
50.5
49.75
49.25
49.0
47.75
49.5
49.0
47.25
50.5
53.25
53.5
55.25
52.25
52.0
53.25
50.75
52.0
52.25
48.75
47.0
46.25
48.0
47.0
47.0
48.5
45.75
47.0
46.75
47.5
50.0
60.25
78.0
111.5
114.0
120.75
113.0
110.0
120.5
109.25
107.0
101.5
87.75
84.25
80.25
68.5
65.75
62.25
57.5
54.5
56.75
54.25
55.25
54.0
57.0
67.0
83.25
103.25
115.25
114.25
118.5
110.5
112.25
114.0
105.0
107.5
85.0
75.75
77.5
67.75
61.75
61.25
66.0
58.75
57.5
52.0
52.75
51.75
56.5
70.0
76.75
99.25
110.25
107.75
110.5
108.75
105.0
102.25
101.0
99.25
85.5
72.0
74.25
69.25
66.25
62.25
57.0
53.75
51.0
50.5
51.0
49.5
54.75
67.25
81.5
90.25
103.0
108.0
113.5
103.25
109.25
103.5
97.75
99.0
88.0
74.75
70.75
66.25
60.0
63.5
55.5
56.75
54.0
51.25
51.75
52.25
53.75
64.75
82.0
96.0
97.5
99.0
99.0
99.25
108.5
98.75
99.5
90.75
82.5
72.0
62.25
64.25
57.25
52.5
51.75
50.5
50.0
48.5
48.5
48.5
48.25
48.75
50.5
57.75
56.75
59.0
60.25
67.75
61.5
60.75
65.5
61.75
58.5
51.0
48.75
48.25
48.0
48.0
49.0
47.25
48.0
48.75
49.0
49.75
49.0
49.5
49.0
57.0
58.5
57.75
58.75
56.25
57.25
56.0
58.25
59.75
58.0
51.25
50.25
49.5
48.75
50.0
50.5
50.5
52.0
50.0
51.0
49.75
52.0
64.5
77.5
93.25
109.75
111.25
109.5
110.0
107.25
104.0
108.0
95.75
87.0
81.5
75.5
68.25
65.5
63.75
58.0
60.5
54.75
47.75
50.25
49.0
53.25
64.5
86.75
99.75
107.5
115.75
121.0
108.25
111.75
108.75
107.75
97.25
84.5
76.25
69.75
75.5
64.75
63.5
57.5
57.0
52.0
51.75
52.25
51.75
55.0
77.75
89.25
102.75
112.25
116.75
122.0
114.75
114.75
112.75
111.5
103.5
88.25
82.0
75.75
65.5
61.25
64.0
53.5
51.75
51.25
49.75
50.25
49.0
52.25
65.75
85.5
104.25
109.5
116.0
111.5
111.25
107.75
113.75
105.0
101.5
85.75
83.0
80.25
63.25
62.5
57.75
57.25
56.0
52.25
51.0
50.0
50.25
56.75
66.25
87.0
93.75
105.0
106.0
107.25
108.25
102.25
101.0
103.75
89.75
79.75
67.25
59.75
61.0
59.25
54.75
53.25
53.0
50.25
50.25
49.0
48.25
49.0
48.5
50.0
59.75
62.25
61.25
61.75
63.5
62.75
61.5
59.75
62.5
60.0
51.75
49.25
50.0
49.5
49.5
49.75
49.5
49.25
48.25
49.25
48.75
49.25
48.5
49.25
57.25
59.5
63.75
60.75
64.25
61.75
64.0
63.0
64.5
65.75
54.25
49.25
51.75
51.0
52.0
50.75
52.25
50.25
50.25
49.0
51.25
52.75
67.0
96.25
100.75
104.25
107.75
119.25
110.5
111.0
107.0
107.75
92.0
83.25
79.0
76.75
69.75
68.25
64.5
61.75
58.5
52.75
51.25
52.25
52.5
53.5
70.5
81.5
101.75
103.25
109.0
116.25
115.25
116.25
105.75
100.75
96.25
83.0
76.25
73.5
62.75
62.25
56.25
52.75
55.0
50.5
49.0
48.75
48.5
51.0
65.5
84.5
96.0
98.75
105.5
110.75
102.25
107.5
102.5
100.25
100.5
78.5
80.0
68.75
60.0
63.75
54.25
49.75
50.5
49.5
49.75
50.25
50.5
51.25
66.5
85.0
102.0
102.25
103.5
100.75
101.0
107.25
102.5
99.75
97.0
82.25
78.0
73.75
60.75
66.25
58.0
53.5
51.5
49.5
50.75
51.0
50.75
55.0
68.25
93.25
92.5
98.0
106.5
104.5
101.25
101.0
100.5
98.0
88.5
81.25
66.25
60.75
57.75
56.25
53.25
50.0
51.75
51.0
48.5
48.5
48.5
49.25
49.0
48.0
55.5
58.25
59.5
57.75
58.25
58.5
61.25
70.0
61.0
60.25
53.5
49.25
48.0
49.5
48.75
48.5
49.75
48.5
48.5
50.25
50.5
48.5
49.0
49.25
57.75
58.0
60.0
61.0
59.0
59.75
59.25
60.0
60.5
61.75
53.0
49.75
49.5
50.0
49.5
52.5
54.0
53.5
54.5
53.5
54.5
55.0
69.5
79.25
95.25
98.5
100.25
99.5
96.75
100.0
98.0
97.75
95.0
86.5
80.5
76.75
65.75
64.75
62.25
58.25
55.0
52.25
52.0
52.0
51.0
54.25
60.0
81.25
95.5
98.0
94.25
100.25
99.0
95.0
94.5
91.25
81.5
75.75
74.75
74.25
65.0
61.25
59.75
57.5
58.25
56.75
57.5
57.0
57.25
58.75
64.5
73.0
79.5
87.25
85.25
83.0
80.25
79.25
69.5
67.75
66.5
73.0
70.25
66.75
60.5
60.5
68.5
60.5
54.5
54.25
51.5
54.5
51.75
53.25
52.5
53.0
51.5
56.75
51.0
50.25
51.25
52.5
51.5
54.0
51.5
53.0
52.5
54.0
52.25
52.75
52.5
52.25
53.25
51.25
52.5
50.25
53.0
52.75
52.75
51.5
53.0
51.25
52.75
53.0
52.25
53.5
50.75
50.5
52.5
52.25
51.75
54.25
53.75
53.5
54.25
54.0
52.5
54.25
53.5
54.25
53.75
54.0
54.75
53.25
57.0
60.5
57.0
58.0
58.25
57.25
58.75
57.0
58.25
57.25
55.5
52.0
52.25
51.25
52.0
52.75
50.75
51.5
52.0
50.75
51.25
52.5
52.25
51.25
57.25
57.75
56.25
57.25
56.5
59.0
61.0
58.75
57.0
59.5
53.5
52.25
52.5
52.5
50.75
51.0
51.25
50.5
51.25
51.0
50.25
54.25
70.5
74.75
88.75
94.0
99.0
96.25
100.5
102.75
97.75
98.0
83.25
75.5
75.0
72.0
62.25
59.75
58.75
56.75
55.0
53.0
53.25
55.0
55.5
56.25
63.25
87.25
88.25
89.25
101.5
101.0
97.75
101.25
99.5
95.0
86.75
81.25
76.75
70.5
64.75
59.75
59.0
58.0
58.0
58.25
54.25
55.0
55.5
55.5
64.25
79.25
95.5
95.5
102.75
100.5
91.75
91.5
85.75
76.75
70.5
69.75
66.25
67.75
62.5
60.0
57.25
55.25
54.25
51.75
52.0
52.75
53.25
53.5
53.0
52.75
51.75
51.25
52.25
50.75
52.25
52.25
52.5
53.75
52.0
53.75
51.25
51.0
51.5
52.0
52.25
51.25
52.0
51.75
56.75
51.75
50.75
51.0
51.75
52.75
53.5
54.5
55.5
55.75
56.0
54.5
56.5
54.25
55.0
55.0
54.75
53.5
52.75
53.25
53.0
53.5
52.25
53.25
53.5
54.0
54.25
53.0
54.0
52.25
56.5
58.5
58.0
57.25
59.0
58.5
57.5
59.5
58.75
60.5
54.5
54.5
52.5
53.25
53.25
52.75
54.0
51.75
52.25
52.5
52.25
52.5
49.5
52.5
54.5
57.0
59.25
56.5
58.75
57.75
56.5
57.25
57.0
58.5
52.5
52.5
51.25
51.25
51.75
51.75
53.0
52.0
51.25
52.5
51.5
53.75
62.5
89.25
116.5
117.0
120.5
117.0
120.75
116.0
113.25
122.5
104.75
90.5
82.0
78.0
68.25
62.75
60.75
58.75
55.5
54.25
53.5
53.75
52.25
55.75
63.75
76.0
95.5
126.25
125.25
124.25
124.5
122.0
123.5
119.25
112.5
99.25
94.5
86.75
83.75
76.5
86.5
81.25
76.25
74.0
70.75
71.0
70.5
71.75
76.0
98.25
118.25
128.75
127.0
122.0
119.5
116.0
114.25
119.5
113.0
100.5
95.75
84.75
82.5
80.75
78.5
77.75
76.75
75.75
74.75
75.75
74.75
75.25
82.25
108.75
117.25
120.75
134.5
125.5
129.5
111.0
111.5
116.5
114.5
89.75
80.25
78.0
76.25
66.25
66.0
65.5
66.75
66.0
62.25
60.75
63.25
63.0
68.5
83.0
103.75
109.75
117.25
120.25
124.5
131.75
118.75
111.75
106.75
91.75
85.25
77.5
77.0
78.0
78.25
72.0
59.75
52.0
50.5
50.75
51.5
51.0
52.25
68.75
76.5
74.5
75.5
74.5
76.5
74.0
73.5
74.0
73.25
61.0
56.25
55.5
52.5
52.5
53.25
53.0
70.0
71.5
71.5
70.75
70.5
71.0
70.25
71.25
73.75
73.75
72.25
71.5
72.0
71.0
73.25
72.0
72.0
73.75
73.75
73.25
71.5
70.25
70.5
69.5
73.0
69.25
69.25
69.75
70.5
69.5
77.0
95.25
112.25
125.75
121.0
123.0
119.25
119.25
116.0
116.0
104.5
98.0
87.5
84.75
81.0
77.25
73.75
74.5
73.75
70.5
71.0
71.25
72.25
71.75
77.25
102.0
114.5
135.75
131.5
129.5
130.0
127.75
124.75
116.25
112.0
103.75
94.5
88.25
84.5
83.25
83.0
78.0
74.5
73.75
74.5
74.25
71.75
72.25
82.25
94.25
116.25
124.5
120.75
129.25
123.75
121.5
117.0
113.5
108.5
100.0
88.5
84.5
82.75
84.75
79.0
73.25
71.75
69.0
69.5
68.75
69.5
68.25
74.25
91.5
110.25
125.5
128.0
120.25
122.5
115.75
113.25
124.25
103.0
93.0
91.25
88.0
79.75
77.0
75.75
70.0
58.25
51.0
47.25
53.25
48.25
54.25
73.25
86.75
105.5
116.0
121.5
124.25
121.5
116.5
112.75
110.0
102.5
91.75
82.0
74.75
74.75
63.25
54.75
52.0
52.5
47.75
48.25
47.5
47.5
48.0
47.5
51.0
63.5
67.75
67.5
66.0
69.75
70.5
72.25
68.0
70.0
70.25
56.25
50.75
47.75
47.0
48.0
48.0
46.75
48.75
47.25
47.25
48.0
48.25
46.75
51.0
63.5
67.0
68.25
66.5
67.0
66.75
66.0
66.75
66.0
69.75
57.5
50.0
48.75
46.5
48.5
46.0
50.75
51.25
52.75
53.0
51.25
52.75
52.0
52.75
53.5
59.5
54.25
58.0
58.5
59.75
61.25
55.0
53.75
55.0
54.5
51.5
53.75
53.25
53.25
53.25
48.5
49.0
48.75
48.0
46.5
52.25
72.5
90.0
107.0
119.0
124.0
124.0
123.0
125.75
123.5
127.25
113.75
105.0
90.0
85.75
77.0
73.75
70.0
55.75
51.5
52.5
51.0
51.25
51.5
55.0
76.0
98.0
122.25
114.75
122.75
132.75
125.0
124.25
125.0
121.0
109.75
104.25
90.5
84.5
74.75
72.0
65.25
56.0
53.5
50.5
49.25
48.5
49.75
53.75
72.25
96.25
117.75
126.25
121.25
124.0
122.0
119.0
115.75
116.5
108.25
102.5
97.0
85.75
77.0
74.0
66.0
55.75
60.5
49.75
49.25
49.5
50.0
54.0
73.75
86.75
111.25
122.75
118.75
119.5
120.25
127.25
110.5
112.25
100.25
88.5
79.0
70.75
70.5
65.0
55.0
51.5
50.75
49.5
49.5
48.5
48.75
48.75
48.25
50.75
63.25
67.75
68.75
69.25
68.75
65.5
66.5
65.0
65.25
66.0
54.75
50.5
47.0
46.75
48.0
47.75
49.0
46.5
49.0
48.25
47.5
47.25
47.25
49.25
62.75
67.25
67.0
67.5
67.75
71.0
70.5
68.0
66.0
68.25
59.0
51.25
47.0
48.25
46.75
46.75
47.0
48.25
47.75
49.0
49.0
52.75
71.5
89.25
107.0
112.75
116.25
117.25
124.5
119.5
122.0
113.0
102.25
95.25
92.5
86.25
76.75
71.75
65.5
54.5
53.25
48.5
48.5
47.75
48.25
52.5
71.0
89.0
120.5
117.0
125.75
131.0
129.25
133.5
127.0
119.75
111.5
100.5
96.25
86.0
77.5
77.0
66.0
54.0
59.0
57.5
50.0
49.5
49.5
56.0
72.75
112.0
112.25
130.25
127.5
123.25
119.75
133.5
123.0
119.25
109.5
101.0
92.0
86.25
77.75
71.25
69.25
55.0
56.25
56.25
51.5
50.0
50.0
54.5
70.0
90.5
124.75
120.25
124.75
121.25
121.0
122.5
117.75
122.25
112.5
99.5
89.5
91.25
78.75
70.0
58.5
53.0
51.5
52.0
49.75
51.75
50.0
54.0
75.5
101.0
114.0
114.75
125.0
129.0
118.5
128.75
119.25
120.0
107.5
95.25
83.5
77.75
72.75
70.25
57.25
60.75
53.5
52.25
52.25
52.5
50.75
53.25
52.5
58.25
72.25
77.25
76.75
79.75
85.75
76.5
75.75
74.0
60.75
58.25
58.0
56.0
50.25
51.0
50.25
52.0
51.25
50.25
50.25
51.75
50.75
51.25
51.0
55.25
66.75
71.25
71.0
72.5
71.75
73.0
72.5
74.0
72.5
72.5
59.25
53.5
50.75
51.25
51.25
51.25
50.5
50.5
50.5
51.0
50.25
55.5
89.5
97.5
114.5
123.25
130.0
128.25
119.75
122.5
125.0
114.5
105.25
96.5
90.25
85.25
73.0
70.25
64.75
50.75
49.5
50.25
47.0
49.0
48.75
54.0
85.75
91.75
113.0
126.25
124.0
121.0
126.0
124.0
125.25
116.25
110.0
97.5
92.25
89.25
78.0
74.75
65.75
53.25
54.75
52.75
51.75
52.25
51.5
55.75
77.25
101.0
105.0
114.25
116.5
125.25
118.75
127.0
121.0
118.25
111.0
95.75
92.25
89.25
79.75
79.25
69.75
58.75
54.5
53.0
52.25
51.75
50.5
55.75
73.5
91.75
108.5
113.75
117.0
123.75
112.75
118.0
115.5
108.0
99.0
90.75
87.0
86.25
74.5
71.5
63.0
53.0
52.75
51.5
52.25
52.0
51.25
57.75
78.0
93.0
103.25
111.5
111.75
114.25
111.25
113.25
113.25
110.25
95.25
86.25
77.0
73.0
68.75
66.0
54.0
52.75
52.0
51.25
51.0
50.5
51.25
51.25
51.5
53.25
68.0
71.0
70.75
71.25
69.5
69.75
69.25
70.5
70.0
69.0
60.25
54.5
51.25
51.0
50.75
51.0
50.0
51.0
50.5
51.0
48.75
52.75
50.5
51.5
65.5
68.0
70.75
70.0
69.5
71.25
71.5
72.5
71.5
71.25
58.25
53.25
51.25
50.25
48.75
49.25
49.25
50.0
49.5
49.75
49.25
53.0
78.0
93.75
115.0
122.25
133.5
121.75
125.0
124.75
122.75
114.75
108.0
94.75
96.5
84.75
77.0
70.25
65.25
53.0
54.0
56.25
50.5
50.75
50.0
55.0
75.75
93.5
112.25
121.5
127.75
130.0
130.5
125.75
119.25
133.25
110.75
94.75
93.0
84.75
75.75
78.25
69.75
59.5
56.25
52.75
52.25
51.5
51.5
56.75
74.75
102.0
113.0
116.25
121.75
117.75
123.5
125.5
131.25
118.25
109.5
90.25
90.75
88.0
79.0
74.5
69.25
55.75
53.5
52.75
50.25
50.25
49.75
54.75
73.0
92.75
111.0
123.25
122.0
120.75
122.25
128.0
122.25
118.5
115.75
104.5
95.75
84.5
80.25
75.0
68.5
57.75
56.5
56.25
53.5
54.0
53.75
58.5
77.75
99.75
112.0
121.75
131.75
118.5
116.0
122.75
113.75
108.0
100.5
88.75
78.25
75.0
72.0
68.5
55.0
54.0
52.5
50.5
50.0
52.0
52.0
50.75
51.0
54.0
66.5
69.25
69.75
69.0
70.5
74.75
70.75
71.0
69.5
68.25
58.0
51.0
49.0
49.5
49.0
49.5
48.75
50.25
49.0
50.25
50.25
48.5
49.0
53.25
65.75
68.75
69.25
70.75
76.75
71.75
72.25
71.0
71.0
70.25
58.0
53.0
49.0
50.0
50.75
50.25
50.25
51.0
49.5
51.0
50.5
54.25
78.75
91.75
111.25
117.75
126.75
120.5
124.5
121.75
119.75
122.5
111.5
98.0
97.75
90.25
79.25
79.0
70.5
59.25
56.5
52.25
52.75
51.75
52.5
56.0
79.25
90.0
125.5
119.5
119.75
130.25
126.75
118.75
115.25
114.75
107.0
94.5
89.75
89.25
79.75
79.75
73.75
55.0
54.0
52.5
52.75
54.0
53.25
57.5
75.5
98.75
110.0
125.0
131.0
124.5
125.5
125.25
124.25
123.0
108.0
98.5
92.25
89.25
77.5
72.5
68.5
56.75
53.0
49.75
49.0
47.75
48.5
51.75
71.5
92.75
109.0
118.0
119.0
121.0
120.0
124.0
118.25
111.25
103.25
91.5
92.75
90.0
88.25
80.25
69.5
62.5
57.5
57.25
55.75
57.25
56.5
60.0
76.25
92.75
103.75
113.25
113.75
126.5
124.25
117.0
114.25
113.0
102.0
89.5
80.25
73.75
73.75
67.5
56.75
56.0
54.75
53.0
53.25
51.75
51.0
53.25
51.25
55.0
67.5
72.5
73.0
73.25
71.5
70.5
74.75
72.5
71.0
71.5
57.5
54.0
51.5
51.5
51.75
51.0
49.75
51.0
51.25
51.5
50.75
51.5
51.75
53.5
67.25
69.75
69.25
71.5
69.25
71.25
69.25
69.75
71.0
71.0
59.5
56.0
50.75
52.5
51.5
51.75
50.25
52.25
51.25
51.5
52.25
54.75
75.0
92.0
119.5
123.25
126.5
123.75
129.0
124.0
122.5
120.0
109.75
103.25
100.0
90.0
81.0
85.25
72.0
58.5
52.75
53.75
52.25
51.75
53.5
57.5
73.75
94.75
113.75
130.5
123.5
123.5
126.5
125.5
120.25
119.0
109.75
98.25
94.25
92.5
83.0
72.5
68.25
60.0
55.0
50.5
50.75
49.75
49.75
53.25
70.75
95.25
119.5
126.0
129.25
121.75
126.5
126.0
124.0
125.25
111.0
97.75
93.0
83.0
76.25
72.75
68.5
56.25
55.0
52.75
50.75
51.0
51.5
55.25
75.75
92.25
114.75
119.25
134.75
128.25
133.25
124.5
119.0
114.75
104.75
95.5
91.25
87.25
80.5
74.5
68.25
59.0
57.25
56.5
54.25
52.25
52.5
55.5
75.0
92.75
112.25
119.5
121.5
125.75
131.5
125.0
116.5
112.25
102.5
88.75
90.0
72.75
67.25
62.0
49.75
50.25
48.5
53.75
47.25
48.25
46.75
47.5
47.75
49.5
61.75
67.75
69.25
69.5
67.5
69.5
71.5
70.5
69.75
67.5
57.0
52.5
51.0
47.5
47.75
47.0
48.5
46.75
48.25
47.0
48.75
47.25
46.75
50.0
64.5
67.25
70.5
72.25
70.75
71.25
70.5
69.5
69.75
70.25
63.0
56.75
51.25
56.25
49.75
51.0
48.75
48.25
49.25
47.5
49.75
52.0
70.25
86.5
108.5
115.0
121.25
115.5
118.0
116.75
114.0
117.5
103.5
102.0
88.0
83.75
70.75
70.75
65.75
54.75
51.5
49.75
46.0
48.5
49.25
53.25
72.25
95.0
109.25
114.5
121.5
124.5
123.0
116.75
111.75
95.75
91.0
88.75
84.25
83.0
73.0
71.0
67.5
51.5
50.25
49.5
49.0
47.75
49.25
51.75
71.5
92.5
116.75
124.75
114.25
125.5
113.25
126.75
125.25
120.75
108.25
98.0
91.5
86.5
81.0
72.5
66.25
53.25
53.25
52.0
50.0
51.75
51.25
54.75
71.75
99.75
119.5
127.25
122.75
124.5
132.5
125.25
125.5
118.0
108.25
96.5
88.25
87.25
75.0
71.5
63.75
53.75
52.0
49.25
49.25
48.5
49.0
52.75
73.25
90.0
105.0
115.0
112.5
111.0
113.0
119.5
110.5
106.75
106.75
92.5
77.75
69.25
61.25
56.0
46.5
42.75
43.75
43.0
42.5
42.25
42.75
43.75
43.25
51.0
64.25
68.5
66.75
68.75
69.75
71.75
70.25
70.75
67.5
69.75
58.25
53.25
44.75
45.5
44.0
45.75
43.5
44.5
44.5
44.75
44.5
44.75
54.5
64.5
68.5
71.0
70.5
70.0
71.25
71.0
69.5
68.0
68.75
57.75
53.0
43.75
44.25
43.25
44.25
43.25
44.75
42.25
45.5
43.5
47.25
69.25
86.25
105.25
116.75
114.75
123.5
117.0
110.75
111.5
115.75
102.5
91.25
85.0
82.0
60.75
55.5
56.25
44.5
44.25
42.75
44.0
43.5
43.0
44.75
66.75
92.5
111.0
119.0
122.5
121.75
120.5
125.5
121.0
111.0
106.5
88.5
81.0
77.0
68.25
58.25
56.25
48.25
48.5
47.0
45.25
45.0
44.75
48.5
65.5
92.25
110.25
121.5
119.75
118.25
117.75
119.0
117.25
118.5
103.25
91.25
80.5
78.75
62.75
56.75
57.5
46.5
43.5
45.0
42.25
43.5
42.75
46.5
63.75
93.75
109.75
129.25
126.75
116.75
120.5
112.75
115.25
106.0
97.0
102.5
84.0
76.25
60.5
55.25
51.0
45.5
44.0
41.0
41.5
41.0
41.0
44.0
60.0
83.0
104.25
114.0
114.25
112.75
110.75
111.25
105.0
105.0
94.5
84.5
71.75
67.0
64.0
54.0
48.0
42.75
41.5
43.5
42.0
42.75
42.0
43.5
41.5
51.5
64.5
67.5
69.25
66.75
65.75
64.5
65.0
63.5
66.5
64.5
56.0
49.5
41.5
39.75
41.5
40.5
42.0
41.0
43.0
43.25
43.5
42.75
43.25
52.25
62.5
64.25
66.0
65.75
64.75
66.5
72.75
67.5
67.5
69.0
57.25
50.5
40.0
40.75
41.0
41.75
40.0
41.75
39.25
41.25
38.25
43.5
75.25
79.0
96.25
105.0
108.75
112.25
108.25
109.5
109.0
112.0
103.25
94.75
82.0
77.5
62.25
56.75
54.0
45.5
41.75
40.5
41.75
42.0
42.25
45.0
64.25
82.5
108.0
110.25
113.5
111.75
109.5
118.0
118.75
112.0
101.5
89.0
84.75
79.75
65.75
61.5
58.25
49.75
46.0
45.75
45.75
43.5
46.25
47.5
67.75
87.75
106.25
119.0
111.75
111.75
112.75
112.75
112.5
110.0
101.25
85.75
81.5
75.75
63.0
60.5
54.0
45.75
45.25
44.25
43.75
42.25
42.75
46.75
63.25
84.25
105.0
111.0
114.5
121.25
113.25
111.0
114.0
113.25
100.75
90.5
85.25
85.5
67.5
64.5
60.5
48.75
49.25
46.5
45.0
43.5
45.0
47.25
65.5
88.0
104.0
104.75
104.75
107.75
104.5
105.0
105.75
103.0
92.25
86.75
74.0
66.0
56.0
53.25
46.75
47.5
46.25
44.75
43.5
44.0
42.5
42.0
44.5
50.75
67.75
70.25
69.5
70.25
71.5
70.5
69.25
71.0
70.0
70.0
58.75
50.5
43.0
42.75
43.5
43.75
41.0
43.75
42.5
43.75
42.5
44.0
42.0
51.75
66.0
71.75
72.0
74.0
73.0
72.5
73.75
71.5
71.5
71.0
62.25
52.75
45.5
44.0
42.0
44.5
43.0
43.75
42.75
43.75
43.5
46.0
64.0
88.25
114.5
120.0
123.75
122.5
128.75
125.75
127.0
115.75
108.0
96.75
87.5
80.75
66.0
61.5
60.0
48.25
52.5
44.5
43.25
43.5
42.0
47.0
65.25
97.0
123.0
124.5
134.25
133.5
125.25
132.0
122.0
116.0
108.75
97.5
91.75
88.0
71.25
61.5
60.5
59.75
45.0
44.25
43.5
43.25
43.75
45.75
66.75
90.0
119.25
125.25
127.25
123.5
125.75
124.75
123.0
120.75
115.0
107.75
89.5
80.25
63.75
62.75
60.75
46.0
43.0
42.25
42.25
42.5
42.0
46.5
66.75
96.25
112.5
122.75
124.25
124.25
126.25
131.25
124.5
118.5
110.5
100.0
92.5
85.0
67.25
66.0
60.75
48.25
47.0
45.5
42.75
44.5
43.25
48.75
67.0
102.5
106.25
117.25
114.75
114.5
124.0
114.75
123.25
112.25
105.75
90.25
82.5
79.5
68.75
55.5
47.75
46.75
41.75
43.25
42.5
41.25
41.75
42.75
41.25
51.75
65.5
69.25
71.5
69.75
71.5
72.0
71.0
70.5
69.5
67.25
55.75
49.5
42.5
41.5
43.75
41.75
42.5
42.5
43.25
42.25
42.5
41.5
41.75
49.25
63.0
68.0
67.75
69.5
69.5
71.25
69.25
69.0
79.5
68.25
58.0
51.0
42.75
40.5
40.5
40.0
41.25
41.5
42.5
41.5
41.0
44.5
62.0
85.0
111.75
116.25
119.75
118.25
120.5
118.5
117.5
109.25
105.25
95.25
85.25
82.5
64.0
60.25
58.25
49.25
45.75
42.75
41.75
44.5
42.75
48.0
64.5
100.5
111.25
116.5
126.0
131.75
116.25
122.5
117.5
115.25
102.75
91.75
86.75
80.25
64.0
59.75
55.75
48.25
43.25
47.75
42.5
43.0
42.25
45.25
63.25
86.5
115.5
126.25
116.0
115.25
121.75
129.0
120.25
127.25
109.75
100.75
91.25
92.0
70.5
62.5
58.75
48.0
45.25
41.75
41.0
38.75
42.5
45.0
62.0
91.25
104.75
112.0
120.0
124.25
116.25
119.75
116.75
116.5
107.5
96.0
82.0
75.25
56.0
56.25
48.75
45.25
42.5
41.0
41.25
41.75
41.75
43.25
66.75
90.25
99.5
110.0
114.0
108.75
108.0
108.25
110.75
104.25
94.25
81.75
72.0
67.25
57.0
53.25
44.75
43.25
43.0
40.25
41.5
43.0
40.75
40.75
42.25
50.5
60.0
65.75
65.75
64.25
63.5
65.5
65.0
70.5
65.5
64.25
54.5
49.25
39.25
38.5
39.5
39.0
41.5
41.75
41.75
42.0
40.75
41.0
40.0
49.25
61.25
64.25
62.5
64.25
62.0
63.0
62.75
62.0
64.0
63.75
55.0
49.0
40.75
41.75
42.25
42.25
41.75
40.75
42.75
41.0
41.5
44.75
60.75
80.5
107.25
110.25
121.0
132.5
123.0
133.75
115.25
113.0
111.75
92.5
88.0
87.25
60.25
58.5
55.0
46.75
48.75
44.5
40.25
36.5
40.0
44.5
58.75
88.25
107.5
116.75
116.0
117.75
128.25
125.75
121.0
123.25
104.5
98.0
88.75
83.5
67.75
58.0
54.5
44.5
44.75
41.0
41.5
43.5
40.75
46.0
58.0
88.5
107.0
118.5
119.5
116.75
122.5
121.5
116.0
114.0
104.5
93.75
85.25
71.25
58.0
53.5
51.0
45.0
41.75
42.0
41.25
41.0
40.75
43.25
58.75
81.0
120.0
122.5
126.75
124.5
114.25
121.25
117.5
123.25
114.5
92.5
82.0
73.5
59.0
58.5
51.75
52.0
46.0
42.75
43.75
43.75
42.25
43.75
65.25
82.75
100.5
109.25
108.5
111.25
110.25
115.5
112.5
105.75
92.0
82.75
68.25
71.75
56.25
51.75
45.5
44.25
43.5
43.5
42.75
42.5
43.5
42.75
42.0
53.75
64.0
63.5
64.25
66.5
65.0
66.25
66.5
70.5
63.5
62.75
54.5
49.5
41.0
42.5
40.25
39.75
41.25
40.25
41.0
40.5
40.75
40.0
40.5
50.5
57.25
59.5
59.75
65.25
60.5
62.25
62.75
63.0
62.0
64.5
58.75
50.75
42.25
40.5
40.25
39.25
39.25
38.75
38.75
40.5
38.75
45.25
68.5
82.5
105.25
108.0
107.25
108.0
109.25
113.5
117.75
111.75
103.25
96.75
82.75
75.0
60.75
54.0
54.5
46.5
44.0
41.75
40.75
40.0
41.25
44.25
62.0
91.75
105.75
120.75
122.5
127.25
125.75
125.5
127.5
121.0
115.25
102.0
91.5
84.25
62.5
63.0
56.5
44.5
41.25
40.25
39.75
39.0
38.75
43.25
57.0
96.25
105.75
117.5
119.0
126.5
120.5
123.5
126.25
131.75
120.5
105.75
87.75
78.25
60.25
57.75
56.25
45.5
41.25
40.75
39.5
40.0
38.0
42.25
58.5
78.5
106.75
121.25
117.25
118.25
124.5
124.75
118.5
120.0
112.5
102.25
92.0
81.75
63.75
60.5
52.25
42.75
42.5
41.0
40.5
40.75
39.25
42.0
60.5
84.0
98.0
119.0
110.5
113.5
118.0
117.0
115.0
110.0
103.0
91.0
79.75
71.0
61.75
54.75
42.5
40.25
40.0
41.0
39.25
40.5
40.25
39.25
41.0
49.25
61.5
66.5
67.25
66.25
67.0
70.5
70.25
69.0
70.5
71.0
56.75
49.75
39.75
39.0
39.0
39.5
39.0
40.0
39.5
39.0
40.75
39.5
38.75
49.0
62.0
63.5
65.25
64.0
63.5
65.25
64.75
65.0
65.25
66.25
55.0
49.0
39.25
40.25
38.5
39.0
39.75
39.75
41.5
40.25
40.75
44.25
64.75
87.25
115.0
118.75
120.75
119.75
121.25
134.25
122.75
117.0
106.75
105.0
85.25
80.5
65.5
63.5
59.5
47.5
44.75
44.75
43.75
43.5
44.0
46.75
76.0
95.5
114.25
128.25
130.75
130.5
125.5
124.5
125.75
120.75
118.25
99.75
98.75
86.75
69.0
62.0
59.25
45.75
46.0
42.75
41.5
42.5
43.25
46.75
64.75
88.75
111.5
121.5
125.75
124.75
122.5
123.5
126.75
121.0
112.25
96.75
87.25
80.0
68.25
64.75
60.75
48.75
47.5
45.0
44.75
44.5
44.75
47.75
67.5
92.0
111.25
117.25
123.25
123.25
124.75
122.25
129.5
113.5
104.25
93.5
83.25
76.0
60.0
57.75
58.25
47.0
45.0
44.5
43.0
43.5
43.75
45.5
63.25
86.25
106.75
114.25
116.0
120.5
114.5
113.75
112.75
116.5
105.5
87.75
78.25
71.75
63.75
57.5
46.25
44.75
43.5
44.0
41.75
42.0
42.5
42.0
43.0
52.25
65.5
69.25
67.25
68.0
68.5
68.5
66.5
69.0
70.0
72.0
60.25
52.25
41.25
40.25
41.5
41.25
39.75
42.5
43.0
42.5
43.25
42.75
42.5
52.0
65.5
70.75
68.25
68.75
69.25
69.0
67.0
70.0
76.25
78.75
63.25
53.5
40.75
41.5
40.0
40.75
40.0
40.5
43.25
40.25
42.0
44.75
62.75
84.0
110.5
110.25
119.75
114.5
118.75
123.25
119.5
114.75
113.75
98.25
85.75
79.75
61.0
59.75
55.75
51.0
45.25
43.0
42.0
42.5
42.5
45.75
64.5
95.0
111.5
118.75
121.0
121.5
123.5
123.0
125.0
113.0
102.5
89.5
79.5
74.75
62.5
58.25
55.25
45.5
43.75
42.5
43.0
42.25
41.5
45.0
60.75
86.0
113.5
116.5
135.25
118.5
117.0
115.75
118.75
120.5
102.5
93.25
84.75
78.0
59.75
56.0
52.0
43.5
42.0
41.5
41.0
40.75
41.25
43.75
62.0
85.75
107.75
118.5
116.0
119.5
113.25
113.75
113.0
112.5
105.25
102.5
88.25
79.5
57.5
52.25
47.25
41.25
