18.5
18.0
16.25
18.0
19.25
19.75
19.5
20.25
21.5
23.25
25.5
24.5
23.75
24.25
24.0
22.25
20.25
17.75
17.25
18.0
18.25
18.75
17.75
19.0
18.75
17.5
15.5
16.5
19.25
19.25
19.5
19.75
22.5
22.5
22.5
25.75
24.0
23.25
24.0
22.5
21.75
20.0
19.5
18.75
18.5
19.0
18.5
18.75
18.75
17.0
16.25
16.0
16.25
15.5
17.0
17.25
17.25
17.5
17.75
17.75
16.75
17.25
16.75
18.0
17.25
17.75
17.75
17.75
17.75
16.0
15.25
16.0
16.0
15.0
16.5
16.5
16.0
18.0
17.5
17.5
18.5
17.5
17.75
17.25
17.75
18.5
17.25
16.5
17.0
16.5
15.25
14.5
16.25
15.75
15.5
15.25
16.25
17.5
17.5
16.25
19.0
18.5
20.5
20.75
24.0
24.75
26.25
25.75
24.0
24.25
25.5
25.75
21.75
19.75
21.75
19.75
20.25
20.0
20.0
19.75
20.75
19.0
17.25
17.25
18.25
18.75
20.0
20.0
23.5
25.25
25.5
26.0
24.75
25.75
23.75
22.5
20.25
18.5
18.0
19.5
19.5
20.75
21.25
20.25
19.25
19.25
16.0
17.75
19.5
19.0
20.75
21.25
23.25
23.75
26.0
26.75
24.25
26.75
25.0
26.0
23.0
21.5
21.5
20.5
20.75
19.5
20.0
21.0
20.0
18.75
17.5
17.25
19.25
19.75
19.75
21.0
23.0
25.5
25.75
26.25
26.25
29.5
26.25
26.5
23.5
20.5
19.5
16.75
17.5
16.5
18.25
18.0
18.25
17.5
15.5
14.75
20.5
20.25
21.75
20.75
24.5
25.25
26.0
26.0
23.0
21.75
22.5
22.75
22.0
19.25
19.0
18.25
19.0
18.25
18.5
18.25
18.5
17.5
15.75
17.25
17.75
17.75
17.75
16.75
17.5
16.75
17.25
16.75
18.0
19.5
18.5
18.25
16.75
15.25
16.0
13.5
15.0
15.0
15.25
14.25
14.5
15.0
14.75
16.0
14.75
14.5
15.25
17.25
16.5
16.0
16.25
16.75
17.25
16.25
16.5
16.25
16.0
17.5
15.25
16.0
16.75
18.25
17.25
16.25
15.25
14.75
13.75
17.25
18.5
19.75
18.75
20.25
23.75
25.0
26.25
26.5
29.0
32.0
30.5
25.5
27.0
23.0
23.0
20.75
21.75
20.75
19.75
19.0
21.25
19.75
16.75
19.5
20.0
20.25
20.25
19.5
23.5
26.0
26.0
26.75
23.75
27.5
26.0
25.0
21.5
20.5
19.0
19.25
18.75
18.75
20.25
19.0
19.5
20.25
17.75
19.75
20.0
21.75
20.25
20.5
22.5
25.25
24.0
25.0
25.0
23.5
23.5
23.25
21.75
20.0
21.25
20.0
19.5
19.75
18.75
18.0
18.5
18.75
18.0
18.0
18.75
20.75
19.75
20.25
22.5
22.0
23.0
22.75
23.0
24.5
23.5
22.25
21.75
21.25
19.5
18.75
19.0
18.75
18.25
19.0
19.5
19.0
16.75
15.5
18.25
21.0
21.0
22.0
23.75
27.0
27.75
27.75
26.5
25.75
25.0
22.75
20.75
19.5
19.0
18.75
17.0
18.0
18.5
18.0
16.0
15.0
13.25
13.25
13.75
16.5
16.75
17.25
17.75
17.0
16.75
18.25
16.0
15.75
16.25
16.0
16.0
16.25
15.75
16.25
17.0
17.25
17.5
17.75
16.25
12.75
13.5
13.0
14.5
16.0
16.25
16.25
17.25
16.25
16.5
15.75
16.25
16.25
17.0
15.5
14.25
15.0
14.5
13.75
14.5
14.25
13.5
15.0
14.75
14.25
14.75
15.75
17.75
17.25
16.0
16.75
19.5
22.75
21.75
21.0
21.0
23.0
21.5
20.25
18.75
17.5
16.25
15.75
17.25
17.5
17.25
16.5
16.75
15.5
12.5
15.75
17.25
18.0
18.75
17.75
21.5
22.25
22.5
21.0
22.5
23.75
22.25
22.5
21.25
20.25
18.25
18.25
17.5
18.75
16.25
16.5
17.0
17.25
15.5
15.75
17.5
17.0
18.5
19.0
24.25
24.5
26.0
25.0
24.25
23.0
22.0
21.75
21.25
17.75
17.25
17.5
19.0
18.0
17.5
18.25
18.5
18.0
13.5
16.0
17.25
17.0
16.5
17.0
21.5
22.75
21.25
20.75
21.25
21.75
21.75
21.0
20.0
18.25
17.0
16.25
16.0
16.75
16.0
16.5
17.25
16.75
15.0
15.25
17.75
21.75
21.5
21.0
25.0
26.5
26.0
25.25
18.5
26.25
26.5
20.5
17.75
17.25
18.0
16.5
16.75
16.75
16.75
15.5
15.75
15.5
13.0
13.5
13.0
12.75
13.5
13.5
13.75
14.25
14.5
13.25
13.75
13.0
14.0
12.5
12.5
12.25
13.0
12.25
12.75
13.5
13.25
13.5
13.5
13.5
13.25
13.5
13.0
12.75
12.5
12.5
13.25
13.5
12.5
14.0
13.5
13.25
14.25
14.5
14.75
12.75
13.25
13.0
13.0
14.0
12.5
13.25
12.5
13.75
13.25
13.25
13.25
12.5
12.5
12.75
13.5
12.5
12.75
12.25
13.5
13.0
12.75
13.25
13.0
14.0
12.5
12.5
14.25
13.0
12.75
12.75
13.75
12.75
13.5
17.25
21.25
25.25
25.5
27.75
32.5
33.75
33.0
26.38
25.36
30.5
29.0
28.75
26.75
25.0
24.0
23.25
23.5
19.75
24.5
26.0
23.0
18.25
19.5
18.0
18.25
18.5
18.75
25.75
32.5
30.25
32.75
31.0
27.0
28.4775
30.5
30.0
30.0
27.5
24.25
19.75
24.0
23.5
24.0
23.5
21.0
16.0
13.25
15.25
17.25
19.25
19.25
22.25
24.25
23.5
21.25
21.25
23.5
23.0
30.75
27.75
28.75
30.25
22.0
19.5
17.75
16.5
22.5
25.5
23.5
20.25
15.25
18.25
17.0
25.5
19.75
22.5
26.75
31.0
29.25
31.5
28.1675
32.5
32.5
33.25
28.0
28.0
25.75
22.25
23.75
23.75
16.5
17.0
20.25
22.75
20.75
22.0
15.75
15.5
16.25
18.75
22.25
21.75
21.75
21.75
21.25
22.5
22.75
22.0
22.5
16.5
15.0
18.25
25.0
22.0
18.75
15.25
21.0
19.5
15.0
15.5
18.25
22.5
25.5
22.0
24.5
21.75
22.75
23.75
22.0
22.25
23.5
24.75
26.5
24.0
20.25
21.75
13.75
16.0
12.25
15.25
16.0
14.75
15.25
16.5
17.5
19.0
19.0
19.75
21.0
25.75
28.75
28.0
22.75
25.5
32.25
28.5
27.25
22.5
16.0
16.0
19.25
17.75
19.75
16.5
20.75
19.25
13.5
15.75
18.5
16.25
25.75
21.5
29.75
25.25
29.5
22.0
21.5
30.75
33.5
32.5
25.5
26.5
23.5
23.25
21.75
15.75
19.75
16.25
22.0
17.5
14.5
15.0
23.25
25.5
19.75
26.0
30.25
29.5
27.5
28.5
31.75
30.25
24.75
23.75
16.75
19.75
15.0
20.75
18.5
15.75
15.25
14.75
14.75
17.0
15.5
15.25
15.0
15.5
15.25
20.0
28.25
32.75
30.25
33.0
28.5
31.0
24.0
24.0
27.25
26.0
21.0
16.0
16.5
16.25
16.25
16.5
16.25
16.25
17.75
16.5
16.0
18.75
20.75
26.75
24.75
28.0
31.5
31.25
31.0
31.25
31.25
24.25
25.5
19.75
22.75
18.0
19.25
19.0
18.0
17.0
18.5
18.5
13.75
13.25
15.0
12.75
16.5
18.75
15.25
16.75
15.0
17.5
16.0
19.25
20.25
15.5
15.25
16.0
17.0
15.5
18.25
16.0
15.25
15.0
12.75
12.75
13.25
12.75
14.5
13.25
14.5
16.25
17.25
18.0
15.5
20.5
14.25
16.25
17.25
18.75
16.0
18.5
14.5
17.0
13.75
13.25
12.75
14.0
12.75
13.5
13.75
17.75
16.0
20.25
24.0
19.25
20.5
20.5
23.0
28.25
25.5
20.25
21.0
20.5
19.5
16.75
17.0
16.75
19.25
18.25
17.5
16.25
16.25
16.0
15.5
18.0
15.0
18.25
20.75
24.75
22.5
28.75
27.75
25.25
25.25
21.25
25.5
27.75
26.75
25.25
24.5
19.25
18.5
21.5
18.25
19.75
19.75
19.5
14.75
18.75
18.0
17.5
17.0
22.75
24.25
30.75
25.25
32.0
29.5
33.0
24.5
22.0
19.5
19.75
22.0
17.0
16.5
17.0
17.0
17.75
24.0
18.25
15.25
18.0
20.5
24.25
19.5
24.0
25.0
29.0
24.0
22.5
23.0
25.25
26.75
25.5
19.75
21.75
20.25
23.25
20.75
18.75
18.75
18.5
18.5
17.5
13.75
15.25
18.25
17.5
19.75
22.0
23.5
23.25
23.0
23.0
21.0
24.5
21.0
19.5
23.5
20.25
24.75
19.0
19.0
16.25
18.0
18.5
18.5
18.25
14.25
15.25
16.0
13.75
15.5
17.5
18.25
16.5
16.0
17.25
17.25
16.25
18.25
15.75
17.0
17.0
13.0
15.0
15.25
14.5
12.5
12.5
14.75
12.25
12.75
14.25
14.0
13.75
14.25
14.0
14.0
14.75
15.75
16.5
15.5
16.5
15.75
16.75
16.25
17.75
19.0
15.5
13.75
14.75
12.0
14.25
12.5
12.25
15.0
14.5
16.0
17.0
17.0
20.25
28.25
29.0
32.25
28.75
29.75
27.25
28.9425
27.75
21.25
18.75
18.25
19.5
23.0
18.5
15.75
17.0
22.5
19.0
14.5
16.0
20.0
17.0
18.25
22.75
21.75
29.0
27.25
25.5
26.25
26.25
23.25
24.75
28.5
22.75
21.0
16.25
16.0
15.75
23.0
23.5
20.0
15.25
12.75
13.25
16.0
18.0
17.5
16.75
19.5
24.5
31.75
29.0525
32.5
29.0
31.0
27.25
23.0
24.25
24.75
24.25
23.75
19.0
16.0
19.0
23.25
20.75
12.75
15.75
20.25
19.0
16.5
16.75
26.75
27.5
24.75
30.5
20.75
21.0
21.75
21.25
20.0
16.25
22.25
23.0
16.5
16.0
23.75
16.25
18.75
20.5
14.5
14.75
15.75
19.25
19.0
24.5
24.25
24.75
27.25
30.75
23.5
25.25
28.0
26.5
28.75
24.5
23.25
24.75
24.5
24.25
24.0
18.75
16.75
20.5
17.25
15.25
13.5
19.25
18.75
20.25
19.5
17.25
25.75
26.5
28.0
20.5
20.75
20.75
20.25
24.0
23.25
17.25
15.0
19.0
15.75
20.75
17.5
16.5
17.75
19.5
16.0
18.75
21.5
18.5
15.25
19.5
23.25
23.75
25.25
18.25
16.0
19.0
15.75
18.75
23.25
13.75
16.5
19.0
16.25
14.25
16.0
12.0
18.0
14.25
15.5
20.0
20.75
23.0
32.0
26.6775
28.25
32.25
31.75
28.0
28.66
28.0
29.25
21.25
16.25
21.5
22.5
23.75
19.5
18.5
23.25
21.25
14.75
15.25
15.75
16.5
15.5
23.75
30.5
29.6275
33.0
30.21
33.5
29.25
32.5
32.0
30.5
26.5
28.0
17.25
16.5
21.25
25.5
23.0
16.75
16.25
16.5
15.5
17.5
20.25
22.0
25.5
28.5
21.75
22.75
23.25
30.0
24.5
21.5
27.75
29.25
25.75
26.5
27.0
24.5
19.0
17.25
21.0
17.25
21.25
13.75
16.0
19.75
25.0
22.25
25.0
28.0
27.5775
26.8825
30.0
31.25
28.5
27.345
26.705
29.0
26.25
26.5
23.5
23.75
23.5
20.0
15.75
16.0
17.25
18.75
17.25
16.75
20.25
25.25
24.75
25.25
26.0
31.75
29.25
31.5
25.5375
28.5
29.0
24.5
25.75
23.5
23.75
17.5
20.75
22.0
23.25
21.0
14.75
14.0
19.5
19.0
19.75
21.5
17.5
21.75
20.0
21.75
20.5
19.75
19.75
18.25
21.75
21.0
16.0
14.25
13.0
11.5
12.25
12.75
12.75
11.5
13.5
13.0
16.25
14.0
12.5
18.5
17.25
21.0
21.75
21.25
19.5
18.25
19.5
14.25
23.25
18.75
20.5
23.0
21.5
21.25
21.5
22.0
20.25
13.25
13.25
14.75
21.25
22.0
19.5
20.25
24.25
31.0
27.675
33.0
28.7275
31.5
28.75
22.75
19.25
22.75
26.0
26.25
19.25
17.75
15.5
23.25
22.75
24.75
21.0
19.25
22.75
20.25
23.25
25.75
28.5
25.5
24.5
31.0
26.5
23.0
21.5
26.75
24.0
26.75
18.75
18.5
16.5
17.5
15.25
18.75
18.5
17.75
17.0
16.25
17.0
19.0
19.25
22.25
25.0
23.0
27.5
29.5
24.25
28.25
27.25
22.0
22.75
21.5
23.0
24.0
19.25
18.25
18.0
19.5
17.75
16.0
17.5
13.0
16.5
17.25
17.5
17.0
18.5
27.75
25.25
26.5
25.5
23.25
23.25
20.0
20.75
29.25
24.75
22.75
17.75
17.25
17.5
19.0
15.25
15.0
15.0
15.0
16.0
12.5
11.75
15.75
14.5
19.25
15.0
16.0
17.0
14.0
17.25
16.75
16.25
17.75
15.5
15.5
12.5
15.5
18.75
14.75
14.75
17.25
17.0
14.0
15.25
14.25
14.0
18.75
17.0
19.25
17.25
17.0
16.75
16.5
17.0
18.25
17.25
17.25
16.75
17.25
18.0
16.75
17.25
17.0
16.75
17.5
16.5
15.25
15.75
15.25
14.5
15.75
17.25
17.0
19.75
22.5
23.0
23.0
22.25
23.0
24.25
23.5
23.75
21.25
20.75
20.25
20.5
20.5
20.75
19.75
20.5
20.5
23.5
21.25
18.5
20.75
24.5
23.75
28.34
29.93
33.5
31.5
31.2975
32.0
28.3725
30.0
21.5
20.5
19.75
23.75
21.25
19.0
19.0
20.75
18.0
18.5
16.75
21.5
29.0
26.75
26.5
26.0
28.025
29.0
28.5
27.25
27.75
27.48
29.25
25.75
24.5
21.25
22.75
22.0
18.75
17.5
19.0
23.75
20.5
13.75
17.75
18.25
22.75
17.5
20.5
28.5
30.0
27.36
29.25
27.5
31.75
32.0
30.5
29.5
23.25
21.5
22.5
21.75
23.25
18.75
16.75
17.25
17.0
14.25
16.75
18.0
18.25
21.5
21.5
29.25
29.5
27.8
28.515
30.75
30.0
30.25
28.25
25.75
27.5
24.5
26.0
25.5
25.75
23.75
18.5
18.75
19.5
16.0
21.5
25.5
26.0
20.0
19.5
24.75
23.75
26.0
28.75
21.75
25.75
25.75
25.75
24.0
22.75
21.0
15.75
18.25
18.25
24.5
22.0
18.25
15.0
13.0
14.75
17.25
15.5
14.25
16.0
16.25
18.0
16.75
16.75
17.0
17.0
15.0
20.0
21.0
22.0
21.25
19.0
13.75
13.25
17.0
13.5
14.0
16.25
16.5
14.0
16.5
13.5
15.0
18.25
19.25
20.75
18.5
20.0
20.5
14.5
14.75
24.0
24.5
23.0
19.5
20.75
14.5
14.5
17.0
14.5
18.0
15.25
14.75
18.5
17.25
19.75
18.5
22.0
26.75
27.5
28.75
21.25
24.75
25.25
25.25
23.5
23.25
23.0
21.25
21.25
21.75
15.75
16.5
15.75
16.25
15.0
15.0
17.25
16.75
16.75
16.0
18.75
25.5
30.25
24.25
29.75
29.5
29.25
20.25
19.75
18.75
16.0
15.25
16.25
14.5
18.25
17.5
15.0
15.25
14.0
13.0
12.75
17.75
22.75
22.5
22.5
24.0
20.5
24.0
30.75
23.5
27.0
24.75
22.25
21.0
16.25
15.0
15.5
15.5
19.25
20.25
21.0
20.25
19.25
13.75
15.0
15.5
15.0
21.0
22.25
26.25
28.5
23.75
19.25
21.0
25.75
24.25
20.25
19.75
21.0
24.5
24.25
23.25
23.5
23.5
23.0
21.75
20.75
18.5
14.25
14.25
20.0
19.5
19.25
18.25
18.5
25.75
26.5
27.5
20.5
22.0
26.75
24.0
23.25
18.0
17.0
16.0
16.25
15.0
18.5
21.0
21.25
13.0
12.75
12.75
16.25
15.75
14.25
14.75
17.75
21.0
21.75
21.5
18.5
15.5
15.25
14.75
15.75
16.75
21.25
20.75
21.75
14.25
15.5
19.75
15.75
15.75
17.5
16.75
15.5
19.0
20.5
15.5
15.5
22.75
19.0
21.5
24.5
18.25
19.25
22.0
21.25
18.0
13.5
13.5
17.75
17.5
18.5
17.5
17.75
14.25
16.25
15.0
20.0
22.25
24.0
30.0
29.5375
31.205
31.38
31.75
32.32
29.75
31.5
24.0
25.75
23.25
20.25
21.5
24.0
23.75
22.5
16.5
14.75
15.75
16.75
22.5
22.0
24.0
26.25
28.5425
30.875
31.905
32.25
30.75
33.25
30.6375
31.0
30.1875
24.75
24.0
23.25
18.0
17.75
16.5
23.75
18.5
14.25
14.5
14.75
19.0
27.75
23.75
25.75
27.2575
29.5
30.2025
30.6175
28.0
30.6125
33.25
27.25
23.75
24.75
19.0
21.0
16.25
19.0
21.5
21.5
21.0
15.5
13.0
14.5
16.25
23.25
20.5
23.75
27.0
28.31
29.0
30.75
31.0
29.565
31.0
27.5
27.25
22.75
23.5
23.25
17.25
18.0
18.25
17.75
21.75
19.25
14.0
14.0
18.5
18.25
19.0
18.25
23.75
30.5
29.75
26.575
26.4
30.75
29.0
26.75
23.0
17.75
18.0
20.0
22.5
16.5
18.5
21.75
17.5
17.25
14.5
14.75
17.5
19.25
22.75
20.25
22.5
23.0
22.75
23.0
22.75
23.25
22.25
20.5
23.5
23.0
21.5
18.25
14.25
14.75
15.75
22.0
19.25
18.75
20.0
19.0
16.75
13.5
19.75
21.25
16.0
14.75
19.75
18.75
15.5
16.0
15.25
20.75
21.5
19.25
15.5
13.0
12.25
12.25
13.25
12.25
12.0
15.0
15.5
20.25
17.25
18.0
17.0
18.25
26.0
26.25
28.75
29.25
27.0
33.25
32.5
27.5
26.0
22.25
21.0
21.5
14.75
15.0
15.5
15.0
15.5
15.25
12.75
12.25
17.5
16.5
16.5
21.0
29.0
29.085
30.44
32.5
28.25
28.25
29.4925
29.0
29.5
25.75
24.0
23.75
20.25
17.75
17.5
17.5
20.0
21.5
19.75
15.0
16.5
22.25
22.25
24.5
30.25
27.98
33.25
32.5
32.0
31.5
32.75
33.5
29.25
25.75
28.0
23.5
27.25
26.75
24.5
19.75
22.25
23.25
24.0
23.0
23.5
25.75
20.5
28.0
30.25
30.25
31.75
29.335
33.5
32.75
33.5
26.25
27.0
24.5
22.0
20.75
24.25
18.5
20.75
23.25
19.75
17.25
15.0
20.75
22.75
23.0
20.25
19.25
29.5
30.75
29.75
32.25
32.25
27.995
27.78
28.5
24.0
22.5
18.5
19.0
18.0
19.5
19.25
24.75
21.5
19.25
21.25
18.0
19.0
21.0
21.0
25.75
27.0
20.5
23.75
29.25
26.5
27.5
29.75
30.0
29.0
23.0
25.75
26.25
19.0
23.25
23.25
18.5
19.0
22.75
18.25
23.75
21.0
20.5
24.0
21.5
18.5
21.75
24.25
27.25
27.25
20.0
20.5
27.5
23.75
23.75
23.0
20.25
17.0
20.5
18.0
20.75
18.25
15.5
19.5
16.25
18.75
30.0
25.0
28.5
25.4225
27.6875
33.5
29.25
29.285
30.4275
30.33
28.44
32.5
26.75
19.5
18.5
18.25
19.5
16.75
17.25
17.25
17.25
18.25
17.5
21.0
24.5
20.5
24.75
33.0
33.0
33.5
31.75
29.57
32.0
29.7375
29.4
29.0
24.25
24.5
23.0
19.0
24.5
21.5
18.0
20.0
22.25
17.75
15.75
17.5
19.5
20.25
22.5
30.5
33.0
32.25
30.25
30.5
30.6075
33.25
31.75
29.5
22.75
23.0
18.0
20.25
23.25
22.75
18.25
16.75
18.5
13.0
14.5
17.75
20.75
22.0
26.75
30.25
28.0
31.5
33.75
29.6125
33.75
32.0
32.25
26.5
27.25
18.5
17.5
17.5
20.5
20.75
16.0
17.0
15.5
15.5
17.5
16.0
22.25
19.5
25.75
30.75
33.0
28.5
33.5
27.25
31.25
27.0
31.25
27.5
18.75
22.25
22.5
21.75
22.0
22.5
21.25
19.25
14.75
13.0
14.0
12.75
18.75
13.25
15.25
14.5
14.5
17.25
21.25
19.25
17.25
20.5
21.25
20.5
21.0
21.0
21.0
22.25
16.0
14.25
14.0
13.5
14.75
16.25
13.5
15.5
16.0
13.0
14.5
16.25
20.0
20.75
21.5
20.5
21.25
19.0
17.5
17.5
16.5
15.25
15.75
16.5
21.0
14.0
16.75
14.0
16.0
15.25
16.5
21.25
21.75
23.25
19.0
28.5
31.75
29.25
28.5
33.5
26.9925
32.25
26.5
27.0
23.5
19.5
17.25
16.5
19.5
24.25
19.25
18.25
16.0
16.0
17.75
22.0
25.75
20.5
20.25
30.25
29.5
32.5
31.5
31.0
33.5
30.1575
29.7375
32.5
25.75
23.0
24.25
24.75
24.75
17.75
18.0
22.0
22.0
19.75
19.5
17.75
18.25
24.0
26.0
30.25
27.25
32.5
31.0125
30.5325
30.3325
30.0
31.0
29.5
25.25
23.0
20.5
22.75
21.25
20.75
20.5
18.0
19.5
13.5
15.75
21.25
22.5
20.25
22.0
30.25
31.25
26.42
31.5
32.25
28.75
29.975
28.8675
21.75
22.5
22.25
17.0
16.5
17.0
19.75
22.5
22.25
16.75
14.0
14.0
16.75
20.0
19.0
20.25
24.75
24.75
28.25
29.63
32.25
29.25
28.0
26.75
25.0
17.0
16.0
17.0
17.75
20.75
16.0
19.25
18.5
16.5
14.5
17.0
16.75
17.0
19.0
18.75
17.5
22.0
18.25
19.0
21.25
23.0
23.75
20.75
22.25
20.25
22.5
23.75
23.0
21.75
15.25
13.25
18.0
15.0
17.0
14.25
17.5
17.0
18.5
20.5
17.5
19.0
20.25
14.5
16.75
14.0
17.75
21.5
15.5
19.25
13.75
18.75
15.5
20.25
14.25
14.5
16.75
14.25
12.75
19.25
19.5
22.75
19.75
27.0
31.0
31.75
28.5725
29.0975
31.25
33.75
30.72
27.0
24.5
24.25
22.75
21.5
16.25
16.5
20.0
18.25
15.5
14.75
15.0
20.0
16.25
21.75
23.5
25.25
29.75
28.75
29.5
32.75
32.25
31.25
31.25
30.2725
32.0
25.75
25.75
25.5
22.5
21.75
23.25
17.5
20.5
23.75
16.75
17.0
23.75
27.25
27.75
27.0
30.5
29.0475
30.385
30.9625
33.5
30.4525
30.4775
33.5
32.75
27.0
23.75
24.5
24.0
19.75
22.5
23.75
20.0
23.75
20.25
18.25
20.0
25.25
29.5
20.75
24.75
33.5
28.755
29.4
29.7275
30.495
33.25
32.25
31.25
27.0
24.25
21.75
24.0
21.75
18.0
20.25
23.25
22.25
18.0
21.0
20.25
25.25
28.5
27.75
27.75
30.25
29.5
29.75
28.75
26.4625
29.5
25.75
26.75
22.75
18.0
22.0
17.0
19.75
18.75
20.25
18.25
19.75
16.0
13.25
15.0
17.5
19.25
19.25
19.5
17.25
20.75
18.0
22.25
19.5
20.25
20.75
16.25
21.5
22.25
16.25
15.5
19.5
21.5
16.5
16.0
20.25
22.5
22.5
18.5
19.25
17.5
17.0
19.0
15.5
17.0
20.75
25.5
24.0
23.25
26.5
27.0
25.25
26.5
17.25
15.5
13.75
15.25
19.0
15.25
13.0
13.75
17.75
18.25
25.25
23.0
26.0
27.5
31.5
33.75
29.29
29.0075
30.75
32.25
30.25
32.75
25.75
21.25
17.0
17.25
23.25
24.75
23.5
23.25
24.0
20.0
15.5
17.75
24.0
23.25
20.0
23.25
27.0
29.5
31.75
31.75
33.0
32.0
32.25
30.0
25.25
23.5
24.25
19.5
18.25
16.5
17.75
17.5
16.5
17.75
14.25
16.0
22.0
24.75
26.5
28.5
30.75
31.5
31.75
27.5
28.75
28.75
32.0
29.5
23.75
19.75
17.75
18.0
17.0
17.25
18.0
22.25
22.75
15.75
17.25
23.75
26.0
23.25
19.0
22.75
23.25
24.5
24.75
25.25
29.5
29.0
28.0
29.75
24.25
20.0
17.75
16.75
16.75
18.25
23.5
20.75
15.75
15.25
16.5
15.5
25.0
20.75
19.5
21.0
29.75
22.5
28.0
29.5
25.25
29.75
32.0
28.0
20.75
18.0
18.0
22.0
23.25
22.5
22.5
22.25
21.25
15.0
15.75
15.0
22.75
21.0
17.75
17.25
17.5
21.5
26.5
19.0
18.0
17.5
24.0
24.5
21.5
15.5
16.75
17.0
21.75
15.75
17.0
16.75
15.0
16.25
16.75
15.5
16.0
15.25
18.25
20.75
15.75
14.5
15.5
15.5
21.75
22.25
21.0
19.0
15.0
19.0
24.5
18.75
18.0
14.75
14.5
20.75
15.0
16.75
16.75
15.25
20.5
17.25
18.5
17.25
15.0
17.0
21.5
23.0
24.25
19.5
16.75
21.75
20.75
18.5
14.25
15.25
14.75
19.0
16.0
17.5
16.0
17.25
15.25
19.5
24.75
25.75
25.0
29.0
31.0
32.75
29.705
29.43
30.31
33.5
33.25
30.75
25.0
20.5
25.75
25.0
22.0
18.0
16.75
18.0
17.25
17.5
16.5
16.0
22.0
21.75
27.0
31.0
32.75
26.0
27.75
26.25
29.0
31.25
26.0
28.75
23.5
18.5
17.5
22.25
18.25
16.25
20.25
15.75
16.5
15.0
14.75
15.25
22.75
25.25
27.0
32.0
28.5
29.0
33.25
29.6425
30.7225
30.9875
29.9275
28.965
24.5
23.5
23.0
24.25
21.5
24.25
19.0
23.5
17.5
14.75
15.0
17.25
20.75
20.0
18.25
22.75
22.5
23.75
25.5
27.0
23.5
23.5
23.25
24.5
21.0
20.75
22.25
19.5
21.25
20.75
20.75
20.25
21.0
17.75
16.0
15.75
17.75
18.5
15.75
17.25
16.75
15.5
20.0
22.0
17.75
17.5
20.0
19.5
17.5
17.0
18.5
19.75
19.0
18.25
16.5
17.75
17.0
17.75
16.75
17.5
18.0
18.0
20.75
25.0
26.25
24.25
21.5
20.75
20.5
18.5
21.0
19.5
20.75
21.75
17.5
19.25
16.25
15.25
18.0
14.0
15.5
16.25
17.5
18.0
19.5
24.5
22.25
22.0
26.5
27.0
29.0
24.25
28.0
28.75
27.25
29.0
28.75
27.25
27.0
19.5
17.75
18.0
20.0
19.5
17.25
15.5
15.75
17.75
19.25
25.0
19.75
22.0
26.25
31.0
25.75
27.0
31.0
28.54
28.0
24.75
24.0
19.75
18.75
22.25
16.25
19.5
16.5
19.0
16.75
15.0
17.75
19.25
22.75
20.5
23.75
24.0
23.25
28.25
25.25
24.0
25.25
25.75
23.5
24.0
20.5
18.75
17.5
16.25
15.75
17.75
16.75
16.25
15.25
13.0
14.5
17.0
16.25
17.5
18.75
22.25
20.75
23.75
22.75
25.75
25.5
28.0
24.25
25.25
21.25
17.0
16.5
16.0
16.0
16.5
16.75
16.0
15.75
13.0
14.25
17.0
17.75
16.75
18.0
19.75
23.0
26.75
23.5
22.25
22.5
23.0
19.0
19.5
17.25
17.5
16.75
17.0
16.0
16.5
17.0
17.25
15.5
13.0
12.5
13.25
13.0
14.25
15.25
14.75
15.0
15.0
14.5
15.25
17.75
15.5
16.75
18.5
15.25
14.5
13.25
13.0
13.5
14.5
13.5
13.75
12.5
12.75
14.0
13.5
13.75
14.5
15.25
14.25
16.25
16.25
16.0
16.25
15.25
16.75
15.0
14.5
15.25
12.75
13.25
13.25
13.25
13.0
12.5
13.0
13.25
13.75
14.75
16.75
16.5
18.5
17.0
20.25
21.0
23.75
23.25
23.25
24.5
25.25
25.25
23.5
20.0
20.75
20.5
18.5
18.5
16.25
16.75
17.5
16.75
13.75
15.25
16.75
17.25
17.75
17.75
22.5
22.25
24.0
29.0
23.25
22.0
24.0
20.25
19.75
23.25
19.0
17.5
16.5
16.0
14.75
16.5
16.25
13.0
11.5
12.75
15.5
15.5
15.5
15.0
18.25
22.75
23.25
22.75
21.75
26.75
26.0
29.75
28.5
21.0
18.5
17.25
20.25
16.75
19.5
17.0
18.25
17.25
13.5
14.5
19.75
17.5
17.5
17.5
19.0
22.75
21.75
23.75
22.75
24.0
26.5
29.75
27.0
20.5
21.75
23.75
20.75
17.75
16.0
18.75
16.5
17.25
14.5
16.5
18.5
18.5
18.0
18.5
24.25
22.75
23.0
27.75
23.0
21.75
23.5
21.25
22.5
18.5
17.25
16.75
18.75
22.5
16.5
16.25
16.75
15.0
14.5
14.5
13.5
14.0
16.0
16.5
15.5
17.75
21.75
20.75
18.0
14.25
16.0
16.25
15.25
14.0
15.5
15.5
13.5
14.75
14.75
16.5
14.5
14.5
14.75
13.5
13.25
13.25
14.75
14.25
13.0
14.75
14.5
13.5
14.5
15.0
13.75
14.0
17.25
21.5
16.0
14.0
15.25
13.75
15.0
14.5
13.25
14.0
14.0
17.25
16.5
17.75
18.0
18.5
22.75
21.5
23.0
30.25
24.0
25.75
24.75
29.5
24.25
23.25
25.75
19.75
18.25
17.75
21.0
21.75
16.25
17.0
15.5
14.75
17.5
19.0
18.0
21.75
24.25
23.25
25.25
28.75
31.0
27.75
24.5
27.5
28.75
20.0
18.75
19.25
18.5
17.25
16.25
22.0
17.5
15.25
15.0
15.75
20.0
23.75
20.25
19.25
20.5
26.5
28.0
24.0
25.25
24.0
23.75
27.75
23.25
20.75
19.25
21.25
16.75
17.0
18.25
16.25
19.0
16.25
13.25
16.5
18.75
19.5
18.5
20.5
20.5
21.75
27.25
24.5
26.75
32.75
32.0
30.5
32.25
24.5
19.0
18.25
18.25
22.5
18.75
17.5
17.5
19.25
13.5
16.75
19.0
20.25
20.5
18.75
24.5
25.75
23.5
22.5
23.25
25.0
23.75
22.0
23.25
23.75
24.5
23.75
20.75
18.75
22.5
23.25
24.25
22.0
14.5
16.25
15.25
15.75
16.75
17.25
19.5
23.25
22.0
20.0
16.25
17.75
18.25
18.0
18.5
25.75
23.5
16.75
17.75
17.75
14.75
19.0
13.5
17.0
13.75
14.75
13.75
14.75
15.25
19.0
16.5
18.75
21.0
17.75
16.75
16.25
19.0
15.5
16.75
15.25
13.75
18.5
16.5
16.25
16.5
12.75
16.0
13.25
16.25
15.75
19.75
19.5
18.25
21.75
22.5
26.75
25.5
25.75
31.75
33.25
33.25
28.25
23.0
20.0
21.5
19.25
18.75
18.5
17.25
18.0
18.0
17.25
14.75
16.5
17.25
17.25
17.0
18.75
20.75
23.5
24.5
26.5
24.5
29.75
30.25
25.5
23.75
19.5
19.75
20.5
20.0
18.25
16.25
16.5
17.75
16.0
13.0
15.75
19.25
18.25
19.0
19.0
21.25
23.0
23.0
22.75
23.5
24.75
24.5
23.75
21.25
20.75
19.75
18.75
16.5
17.0
16.25
18.25
17.5
18.25
17.0
15.5
19.5
18.75
17.75
19.5
22.75
21.0
24.25
26.0
27.75
28.5
26.25
24.0
24.5
20.75
19.0
18.5
18.25
18.75
18.75
18.5
18.0
19.0
16.75
18.5
19.25
18.25
18.5
17.25
20.75
21.25
22.75
20.5
21.75
22.75
21.0
19.75
19.25
16.5
16.75
16.5
16.25
17.5
16.75
17.25
17.75
17.0
14.75
14.5
13.25
13.0
14.0
13.25
13.25
14.25
14.25
12.75
13.0
12.75
13.75
14.0
13.75
13.5
14.0
14.0
13.75
14.0
14.0
14.0
13.25
14.25
14.25
14.5
13.5
13.5
13.5
13.25
13.25
14.75
14.25
14.25
15.0
14.5
14.0
14.5
15.25
15.0
15.0
14.5
13.25
13.25
13.25
14.5
13.0
13.75
14.25
16.0
18.5
17.75
17.25
16.5
18.25
20.25
21.75
22.0
22.5
22.5
22.0
23.75
21.0
17.0
17.0
16.5
16.25
16.25
15.75
14.75
14.0
13.25
10.5
12.0
14.5
14.0
15.5
16.0
17.0
19.5
19.5
19.5
21.25
22.0
22.25
21.75
20.75
18.0
17.25
16.75
16.0
15.5
14.5
15.0
14.25
13.75
11.25
12.5
14.75
15.25
15.75
16.5
17.0
18.75
20.5
20.75
22.0
22.25
21.25
20.0
17.75
17.0
16.0
15.25
15.25
16.0
14.0
14.25
14.75
13.5
11.0
12.25
14.75
14.75
14.0
14.5
17.25
19.0
20.5
24.0
22.0
23.5
20.75
20.75
19.5
17.25
16.25
17.25
16.75
15.5
14.0
14.5
14.5
13.5
10.5
12.5
15.5
15.75
16.0
15.0
16.25
19.5
21.0
20.75
21.75
22.5
19.75
17.5
16.5
15.5
14.5
14.5
14.25
14.75
14.25
13.25
13.75
12.75
11.5
10.5
11.5
11.0
12.75
12.5
12.5
11.75
11.5
11.25
11.75
11.0
11.25
11.25
12.0
11.25
12.25
12.25
11.75
11.75
11.5
11.25
12.25
11.5
11.5
11.25
11.75
12.25
12.75
12.75
12.25
11.5
11.75
12.25
11.75
11.5
11.5
11.75
12.5
12.75
12.0
12.5
11.5
12.0
11.0
11.0
11.5
11.75
11.5
13.5
14.5
16.0
15.5
14.75
16.0
19.0
21.25
24.5
26.0
26.75
24.5
23.25
21.0
18.0
18.25
17.25
17.25
16.25
14.5
14.75
14.25
14.25
12.5
14.0
15.5
15.0
15.25
16.0
17.5
20.0
21.25
24.0
25.25
27.25
23.75
26.0
23.5
18.5
15.5
19.0
15.25
14.5
14.0
14.25
13.5
13.5
11.25
11.5
14.75
15.25
16.0
15.25
18.5
20.75
23.25
23.0
23.0
22.5
21.75
24.0
18.5
16.25
16.5
16.25
14.75
16.0
15.0
14.75
13.5
13.75
12.5
13.25
14.25
15.75
15.5
17.5
18.5
19.75
22.75
23.75
25.0
22.25
22.75
19.25
22.25
18.25
14.25
15.25
14.75
16.0
14.25
14.5
15.75
14.0
12.25
12.75
14.75
16.75
17.75
14.5
18.0
17.75
22.5
19.75
19.0
22.0
19.25
18.25
16.75
15.75
16.25
15.5
16.0
15.5
15.25
16.0
16.25
14.75
13.0
12.0
12.25
12.75
12.25
13.5
13.0
12.0
11.75
12.25
12.25
12.0
12.25
12.75
11.75
12.0
11.5
12.0
12.75
11.5
11.0
10.5
10.5
10.75
10.0
11.25
11.75
11.25
11.25
10.75
11.5
11.5
12.0
12.25
10.75
10.5
11.5
10.75
11.25
11.5
11.5
10.5
11.0
11.0
11.25
10.75
11.5
12.0
10.5
12.25
14.25
16.5
15.25
16.0
18.0
20.25
21.0
21.5
20.5
23.25
22.75
21.25
19.5
17.0
17.25
16.5
15.25
14.5
14.0
14.0
14.0
13.5
11.75
13.25
14.75
14.5
16.0
16.5
23.0
22.75
23.0
25.0
23.75
24.0
22.25
20.0
22.0
17.75
16.25
16.25
16.5
15.0
15.25
13.75
14.0
12.75
11.0
12.25
14.75
17.0
15.5
16.0
20.0
21.0
21.75
25.0
22.0
21.75
21.0
19.75
19.5
16.25
16.5
15.75
14.25
14.75
14.25
14.5
14.5
13.75
11.25
12.75
14.75
15.25
15.75
16.25
19.0
18.0
21.25
19.75
20.0
23.5
22.5
20.75
23.25
18.25
17.0
17.0
16.0
16.0
16.25
15.25
15.5
15.25
14.0
15.0
16.25
16.25
17.75
16.0
18.75
19.5
20.25
19.0
18.25
19.25
21.25
17.25
20.0
15.5
15.5
15.0
14.0
14.5
14.0
13.75
13.5
14.0
11.25
11.5
12.0
11.0
13.5
14.5
14.25
14.0
14.25
14.5
15.0
14.0
13.75
14.0
14.0
11.0
10.75
11.0
12.0
12.0
11.0
11.0
11.5
10.75
11.75
11.25
11.5
12.0
11.75
12.0
11.75
11.0
11.0
11.25
10.75
11.0
11.25
11.5
10.75
12.25
12.25
12.5
12.5
12.0
11.0
11.25
11.5
11.5
11.5
13.0
14.75
14.25
15.5
16.5
22.5
22.0
22.25
21.75
20.75
25.5
25.0
23.0
20.75
18.75
17.0
16.75
16.5
15.0
14.5
13.5
14.25
12.75
10.25
13.0
14.5
15.25
16.5
16.5
18.6666666667
20.925
22.07
22.3333333333
21.0
23.75
24.75
24.25
19.75
18.0
17.0
16.0
15.75
15.0
14.0
14.5
14.25
14.0
11.5
13.0
13.75
15.0
14.5
16.25
19.75
20.0
22.25
24.75
21.0
20.75
23.0
19.25
19.75
17.25
17.5
15.75
15.25
14.0
14.0
13.75
14.0
13.25
11.0
12.0
15.0
15.25
15.0
16.5
17.75
18.75
20.75
21.0
22.5
27.0
23.0
24.0
20.75
17.0
16.75
16.0
15.75
16.25
16.0
15.0
15.75
15.0
12.25
15.75
16.5
17.0
18.25
16.5
18.25
18.75
19.75
20.25
18.75
20.0
20.0
19.5
18.75
17.0
16.75
15.75
15.5
14.25
13.75
14.5
14.0
13.25
10.75
10.5
11.75
12.75
14.25
14.75
14.0
13.75
13.75
13.75
14.75
13.5
14.0
13.75
13.75
14.25
13.75
12.5
13.0
13.0
12.25
12.5
12.75
13.0
13.0
12.25
11.75
14.75
15.25
15.0
14.5
15.25
15.5
14.0
16.0
15.5
14.75
14.5
14.0
13.75
13.75
12.5
10.5
10.75
10.25
10.25
10.5
10.75
11.0
10.75
12.25
14.25
15.5
16.0
15.25
17.25
18.5
22.0
24.25
24.75
24.0
21.25
21.5
19.0
17.5
16.75
17.25
16.25
15.0
13.25
15.25
14.0
13.5
10.25
12.75
14.0
13.75
14.5
15.0
18.75
20.0
20.5
20.5
20.75
21.25
21.5
20.0
19.75
17.75
16.5
16.0
15.5
15.25
15.25
14.5
14.75
13.75
11.25
12.75
14.0
14.5
14.0
15.25
16.5
18.25
20.25
21.0
19.0
20.0
19.75
18.75
18.25
17.75
18.25
16.5
15.75
15.25
15.25
14.0
14.25
13.25
10.75
13.75
15.25
15.0
16.0
16.25
19.25
18.75
20.75
20.25
20.5
23.5
22.25
21.75
19.0
17.25
17.75
16.25
15.25
16.0
14.75
15.0
14.5
14.0
12.25
13.25
15.5
16.5
15.5
16.75
18.25
19.5
20.75
19.5
19.75
21.5
21.0
20.0
18.0
18.0
17.75
16.75
16.75
17.0
16.0
15.5
13.75
13.5
11.0
10.75
10.75
10.75
12.0
12.5
13.5
13.25
12.75
12.75
13.75
12.75
13.0
13.25
13.5
13.25
14.0
13.5
13.0
12.5
12.25
12.0
12.0
12.0
12.5
12.25
12.75
12.75
12.75
12.25
12.0
12.0
13.0
12.75
12.75
14.25
14.0
14.75
14.25
14.75
13.5
12.75
12.5
12.25
11.0
11.75
11.5
11.25
11.75
13.0
16.0
16.25
16.5
15.75
19.25
18.75
19.0
20.25
20.25
24.0
22.5
22.0
19.5
18.0
18.0
17.25
17.25
15.75
15.5
14.5
14.25
13.5
11.75
11.5
15.5
16.25
17.0
16.0
18.25
19.75
20.75
21.75
22.0
24.5
22.0
21.75
20.75
18.25
17.5
16.75
16.25
15.0
14.25
14.25
15.5
14.25
12.0
12.0
12.0
16.5
17.5
16.5
18.5
19.75
20.5
21.25
21.5
22.5
22.0
21.25
20.0
18.75
16.25
15.0
14.0
14.5
14.5
14.0
15.75
14.0
11.75
12.5
14.75
16.25
17.75
17.0
20.75
20.5
22.25
21.25
22.75
22.5
22.25
23.0
19.5
17.5
16.5
15.5
14.5
15.0
15.5
15.25
14.5
14.0
11.75
12.5
15.5
16.5
16.5
15.75
19.0
20.5
20.25
19.0
19.25
21.25
20.0
17.0
15.0
13.5
14.25
13.75
13.75
13.0
12.75
12.5
12.5
12.5
9.75
9.5
9.75
9.75
10.5
11.0
10.75
11.5
10.5
11.75
12.25
11.0
10.75
11.5
11.0
11.0
12.0
11.0
12.25
13.0
12.5
12.5
12.75
11.75
11.0
10.5
11.5
10.75
10.75
11.5
11.25
11.25
12.0
11.25
11.75
11.25
10.75
10.75
11.0
11.0
10.75
9.75
10.0
8.5
9.0
8.75
9.25
8.75
9.5
9.5
13.0
14.75
14.5
13.25
16.0
20.0
21.0
19.5
18.75
21.25
20.5
19.75
17.75
16.75
15.5
14.25
14.25
13.0
12.0
12.5
12.0
11.0
8.75
9.0
12.75
13.75
13.0
13.5
15.75
16.75
21.25
18.75
21.25
20.25
20.0
19.5
18.25
16.75
17.0
15.5
15.0
15.25
13.25
14.0
14.0
14.25
12.0
12.25
14.75
12.25
13.25
14.75
17.0
18.5
21.0
20.0
20.0
20.25
19.0
19.0
15.75
15.25
15.25
14.25
14.0
15.0
13.75
15.0
13.75
13.75
10.75
12.0
15.0
15.25
14.5
14.25
16.5
16.25
18.0
20.0
20.25
20.75
21.25
21.0
18.5
17.25
15.25
14.25
14.5
14.5
13.75
12.75
13.25
13.5
11.25
10.25
12.5
13.75
15.5
14.0
16.5
17.25
22.25
21.5
20.75
19.25
18.75
18.25
18.0
15.0
15.25
14.5
14.25
14.5
13.75
13.75
13.25
13.0
10.75
10.75
11.5
13.0
12.75
13.0
13.0
12.5
12.25
12.5
12.5
12.25
12.0
12.25
13.0
13.0
12.5
11.75
13.5
14.0
12.0
11.5
10.25
11.25
10.75
11.0
10.75
12.5
12.0
12.25
12.25
12.25
12.75
12.25
11.5
12.5
12.0
11.75
11.75
10.75
10.75
9.5
9.0
9.0
10.0
9.25
9.75
8.75
9.0
9.25
11.25
14.75
13.5
13.75
15.75
17.25
19.5
19.0
19.25
19.0
19.25
18.0
17.75
15.5
15.75
15.25
15.5
15.75
15.0
12.75
12.25
12.75
9.75
9.5
11.5
12.75
13.5
13.75
15.25
18.25
18.5
20.25
19.0
19.75
19.0
21.75
16.25
15.75
15.75
15.5
12.75
13.0
12.0
13.0
12.75
11.5
9.75
10.0
11.25
12.0
12.5
14.0
16.25
17.0
19.25
18.75
18.0
19.25
17.5
16.5
15.0
14.75
14.0
12.25
12.75
12.75
12.0
11.75
12.5
12.25
9.25
9.75
9.5
9.0
9.25
9.75
9.0
10.25
9.75
8.5
9.25
9.5
9.0
9.25
10.25
10.5
11.0
11.5
11.25
11.25
10.25
9.75
10.0
9.5
9.5
9.25
9.5
9.5
10.5
10.25
9.25
9.25
9.75
9.0
9.0
10.5
10.0
10.0
9.75
11.0
10.5
9.5
10.0
11.25
10.75
10.25
10.75
11.5
10.75
10.75
10.75
10.0
10.0
11.75
10.75
11.25
10.5
10.75
11.0
11.0
10.75
11.25
11.0
10.25
11.0
10.5
11.25
11.0
11.0
11.0
10.5
11.25
10.5
11.75
11.0
11.0
10.75
11.25
11.0
10.75
10.75
10.5
10.5
10.5
10.75
10.75
11.5
11.0
10.5
11.0
11.25
12.0
11.0
10.25
9.75
9.75
10.0
11.0
12.25
13.5
13.0
15.0
17.75
18.5
19.5
21.5
19.5
20.0
19.75
19.5
18.0
16.0
15.5
14.5
13.5
12.75
13.0
12.5
12.5
11.75
10.0
10.0
13.0
12.75
13.5
15.25
16.5
21.25
21.0
21.25
19.5
21.25
21.25
20.0
19.75
18.0
16.75
14.75
14.0
12.25
13.25
13.5
12.5
11.75
9.0
9.25
12.25
13.25
13.75
13.75
16.75
17.75
19.25
21.0
17.75
23.25
21.0
19.25
18.25
16.0
15.25
14.25
13.25
13.5
13.25
14.0
13.5
13.75
10.25
10.5
12.25
13.5
14.0
13.5
16.5
17.5
19.0
18.25
19.25
24.0
21.0
20.5
17.5
14.75
13.75
14.25
12.75
14.0
13.0
12.5
12.0
11.75
9.5
9.0
13.25
13.25
13.5
14.0
19.0
18.25
20.25
21.0
21.0
23.25
20.0
18.5
15.5
16.75
13.0
12.75
13.0
13.0
12.5
13.25
12.5
12.25
9.5
9.75
10.0
9.25
10.75
11.75
10.75
11.5
10.5
10.25
11.25
10.75
10.5
10.75
11.25
11.75
10.75
9.75
9.5
10.0
9.75
10.5
11.25
11.75
10.5
11.25
10.75
11.0
12.0
13.75
13.0
12.75
12.75
14.0
11.25
11.0
10.5
11.25
11.25
10.5
10.5
10.75
10.5
10.75
9.0
8.75
8.75
8.25
8.75
12.0
12.5
12.0
13.5
15.0
16.5
19.75
20.0
20.0
20.5
22.5
22.75
20.5
18.75
15.75
15.75
16.25
14.75
13.0
12.5
13.0
12.75
12.0
9.75
9.5
13.25
12.75
14.0
15.25
18.0
20.25
21.75
22.0
20.75
21.0
20.0
19.25
19.0
16.5
15.75
15.25
14.5
14.25
13.0
12.75
13.0
12.75
9.75
11.75
14.0
13.5
13.5
14.0
15.75
17.25
20.0
21.25
19.75
21.5
20.75
19.25
17.0
15.75
15.75
14.5
13.25
12.25
12.25
12.5
12.75
11.75
9.5
10.75
12.75
13.25
13.75
14.25
17.25
18.0
19.0
19.25
18.0
17.75
17.5
17.25
15.75
14.25
13.75
14.0
13.0
12.75
13.0
13.5
12.5
11.75
9.25
10.5
14.0
13.5
13.75
14.0
17.0
17.5
17.75
18.25
17.5
17.0
18.75
16.5
14.5
14.0
13.75
13.75
13.5
13.0
14.0
13.25
13.5
13.75
10.5
10.5
12.25
12.5
12.5
12.0
14.0
12.5
13.0
11.75
10.75
11.0
11.5
12.0
11.0
10.75
12.25
13.75
14.75
12.75
11.75
10.75
10.5
12.25
11.25
11.0
11.0
10.75
12.0
13.0
12.5
12.25
12.25
12.25
13.25
12.25
12.0
13.0
12.25
11.0
10.75
10.0
10.0
10.5
11.5
10.25
10.25
10.75
10.5
11.5
13.75
12.75
13.75
15.0
18.0
17.5
17.0
17.75
17.25
18.5
18.5
19.5
18.25
15.5
16.0
17.25
15.0
14.75
12.5
13.0
11.75
11.75
9.0
9.75
13.25
14.0
14.25
14.25
17.75
17.5
17.25
17.75
18.75
16.75
16.75
18.0
17.75
14.5
13.25
13.0
14.5
13.75
13.0
12.25
13.0
12.25
9.25
10.0
13.5
14.25
14.0
15.0
17.0
20.0
17.5
17.25
15.75
18.25
18.0
16.75
15.5
14.5
13.25
14.25
14.5
15.0
13.0
13.25
13.5
11.75
10.5
9.0
13.75
13.5
13.0
14.0
16.5
17.0
16.75
17.5
17.5
17.0
18.0
17.25
17.5
15.5
14.0
13.5
14.25
14.0
13.0
11.75
12.5
12.25
9.75
10.0
12.75
13.25
14.75
14.5
16.75
17.75
18.5
17.0
18.0
17.5
19.5
17.5
15.5
13.75
13.25
12.5
13.75
14.0
12.75
12.25
12.75
11.25
9.75
9.75
9.75
9.0
10.0
9.5
9.5
9.25
9.75
9.0
10.75
10.75
10.5
11.75
12.5
11.25
9.0
9.0
9.25
10.0
9.75
10.0
10.0
9.75
9.25
9.5
9.0
10.0
11.0
11.25
11.5
10.75
11.75
12.0
11.5
11.0
13.0
11.25
10.75
11.75
11.5
9.25
10.0
10.0
9.75
8.75
9.5
11.0
10.0
9.0
11.5
12.75
13.5
15.5
17.5
18.25
16.25
16.5
15.5
14.75
15.25
15.25
14.75
13.0
13.25
12.5
13.25
12.75
13.0
13.0
13.0
12.75
10.5
10.75
13.75
12.5
12.25
13.25
15.5
17.25
17.25
17.5
18.5
17.5
17.5
16.75
15.5
14.0
13.5
13.25
13.0
12.75
12.25
12.25
12.25
12.0
9.75
9.5
11.0
12.75
14.25
14.0
15.5
15.75
16.75
16.0
15.75
14.25
14.25
14.0
13.25
12.75
12.5
12.5
12.5
13.75
12.25
12.5
12.0
11.75
10.75
10.25
10.5
10.75
10.5
9.25
9.25
8.75
9.0
9.25
9.75
9.5
9.25
9.0
10.75
11.0
10.75
10.75
9.0
9.5
10.0
9.25
9.25
9.0
9.75
8.75
8.75
8.75
9.0
9.25
9.25
10.5
10.5
10.5
11.0
10.25
9.75
9.75
9.5
9.25
9.5
9.75
9.5
9.25
8.75
9.75
10.0
9.0
9.5
10.75
11.25
10.0
10.5
12.0
11.0
11.0
11.0
11.75
11.0
11.0
10.75
11.0
11.5
11.25
10.5
10.25
9.5
10.0
10.0
10.25
9.5
9.5
9.25
10.5
9.5
8.75
11.0
12.75
11.25
10.5
11.25
12.0
12.75
13.5
13.0
12.5
12.5
12.75
14.25
13.0
12.75
13.25
13.5
13.0
12.75
12.25
10.5
10.5
12.0
13.5
13.5
14.25
16.0
17.25
16.25
17.5
16.5
16.75
16.25
17.25
16.75
13.75
13.5
14.0
12.25
14.0
14.5
13.0
14.0
14.0
10.75
11.25
11.75
14.25
14.5
15.0
17.25
18.5
17.75
17.0
20.0
18.25
16.0
15.75
13.5
13.0
11.5
11.5
11.0
12.0
12.25
12.75
12.25
12.25
9.25
9.5
11.5
15.25
15.25
16.0
17.0
17.25
16.25
17.25
16.5
17.25
17.75
17.0
15.0
14.5
13.75
13.5
13.5
12.25
11.5
11.25
11.75
11.0
10.0
8.75
8.5
8.75
8.75
9.0
8.5
7.5
8.75
8.5
7.25
8.25
8.5
8.5
8.5
8.5
8.75
8.5
9.0
8.25
8.5
8.5
8.0
9.25
8.25
8.25
8.5
8.25
9.5
9.0
8.75
8.25
8.75
8.75
8.5
8.25
9.0
9.5
10.0
8.75
8.25
8.75
8.5
8.5
8.25
8.25
9.0
8.5
8.25
8.5
8.25
8.0
10.0
10.25
10.0
11.0
10.0
10.75
9.75
10.25
10.0
10.5
10.25
10.0
9.25
9.5
8.25
9.0
8.25
8.5
8.5
8.25
9.25
8.25
8.25
8.25
9.25
10.0
10.25
10.0
9.5
10.75
10.0
10.25
10.5
10.0
9.5
10.0
9.5
9.5
9.0
9.25
8.5
8.5
8.5
8.25
8.75
9.0
11.25
13.0
14.5
14.75
18.25
18.75
20.0
17.25
17.25
17.25
17.25
16.25
16.75
15.5
13.75
14.25
13.5
14.5
13.25
12.75
13.75
12.75
10.5
11.0
12.0
15.0
14.0
14.5
16.75
17.0
18.0
18.5
18.75
18.25
17.75
17.75
16.75
14.5
14.25
14.25
13.25
14.25
13.5
13.25
13.0
12.25
10.0
12.0
14.75
14.75
15.75
14.75
16.75
16.75
15.25
16.75
15.5
18.5
18.5
18.0
16.5
14.0
13.25
14.0
12.75
13.75
13.25
12.5
13.0
14.25
11.25
12.5
13.0
13.25
13.5
13.75
17.5
19.0
19.25
18.75
17.0
15.75
16.25
16.25
14.75
13.5
12.5
13.0
13.75
13.75
12.5
12.75
12.25
11.75
9.75
9.75
13.25
14.0
14.0
13.75
20.5
20.0
18.5
19.5
16.75
17.25
16.25
16.25
14.5
13.5
13.0
13.0
13.75
13.0
12.5
12.25
12.25
11.75
10.0
9.0
8.75
9.25
10.25
10.25
9.25
9.25
9.5
10.75
11.75
11.25
8.75
9.25
9.5
9.0
9.75
9.75
10.0
9.0
9.0
10.0
10.75
10.0
9.5
9.25
9.0
9.75
9.75
10.5
9.75
9.75
8.75
10.75
10.75
10.75
10.75
11.25
10.5
11.25
8.5
9.5
8.75
8.5
8.5
8.75
9.5
10.5
10.25
9.75
13.75
14.0
13.0
13.25
15.25
17.5
17.25
17.25
15.5
15.25
15.0
17.5
16.25
14.25
14.25
14.25
14.75
15.75
14.75
13.25
13.25
12.0
11.0
10.5
13.75
15.5
15.0
14.5
19.5
19.5
19.0
18.25
19.75
18.75
18.0
19.25
18.25
15.25
13.75
14.25
12.75
13.0
12.25
12.75
13.75
11.5
9.75
10.0
13.0
12.75
13.75
13.25
15.5
17.0
19.0
21.5
18.25
19.0
18.5
17.0
17.75
17.25
15.25
13.25
13.25
13.5
12.0
12.0
12.5
12.75
10.5
11.5
13.0
13.25
13.0
13.75
18.25
16.0
16.25
17.5
17.25
18.75
18.75
17.25
17.0
15.25
14.25
14.5
14.25
14.5
13.25
13.75
13.5
13.0
10.5
11.75
15.0
14.0
14.25
13.75
16.5
15.75
16.75
19.0
17.0
16.0
16.0
15.25
15.25
13.0
12.75
12.0
13.0
13.5
12.0
12.0
12.0
11.5
11.0
10.5
11.0
10.25
11.5
11.75
11.25
11.25
10.75
12.0
12.0
11.75
12.75
12.0
12.75
13.25
12.75
12.75
12.25
12.0
12.0
12.5
12.25
12.5
12.75
11.25
11.5
12.5
12.5
13.0
12.25
12.5
11.5
12.5
12.0
12.0
12.0
13.0
13.0
11.75
8.5
9.25
8.75
9.25
8.75
8.75
9.0
9.5
9.25
9.0
8.75
8.5
9.0
8.75
9.0
11.25
9.25
8.75
8.75
9.5
9.25
8.75
9.5
9.0
9.25
8.75
10.0
9.25
8.5
8.75
8.75
9.5
9.5
11.0
12.5
12.5
13.5
16.25
21.5
23.0
23.75
24.5
23.0
20.75
20.0
19.5
19.0
15.0
14.75
14.75
14.25
13.75
12.25
12.5
12.25
12.25
9.25
10.75
12.75
13.25
13.25
15.5
19.0
20.75
20.0
19.5
21.25
21.5
20.0
18.5
16.75
15.5
13.5
13.75
12.5
12.5
12.0
11.75
11.75
11.25
9.75
9.5
10.0
12.75
13.5
14.5
18.25
19.0
19.75
19.25
17.75
18.5
19.75
19.75
18.0
16.25
14.0
14.0
14.25
15.75
13.75
13.75
13.0
13.0
10.25
12.5
14.0
14.5
14.75
14.25
18.0
18.5
18.5
18.5
17.25
18.75
18.25
17.5
16.75
16.5
16.0
16.25
15.5
15.25
13.5
12.75
13.75
12.75
10.25
9.0
8.75
10.25
11.5
11.5
11.25
9.25
9.0
9.5
8.5
8.5
9.5
9.0
9.0
9.75
9.0
11.0
11.75
10.75
10.75
10.25
10.0
9.0
9.5
9.0
9.5
8.75
11.75
11.25
10.5
11.25
10.75
11.25
11.75
10.25
10.75
11.25
10.75
10.75
10.25
9.75
10.0
9.25
8.5
8.5
9.0
8.5
9.5
10.0
12.25
12.0
13.5
14.0
16.75
18.75
19.5
20.0
18.75
21.0
20.75
21.5
19.75
15.75
12.75
12.5
12.0
12.5
12.0
12.0
12.5
12.0
9.0
10.25
12.0
13.0
13.25
13.75
17.25
19.5
19.5
18.75
18.75
18.5
19.0
19.75
17.25
14.75
13.5
13.5
13.25
12.5
12.25
11.75
11.75
10.5
8.5
10.0
12.25
13.0
12.75
14.0
16.25
18.75
19.5
19.25
21.25
20.75
19.75
18.25
18.0
16.25
15.25
13.25
14.0
14.0
14.75
14.0
13.5
13.5
10.25
9.0
10.25
11.25
12.5
13.5
18.25
19.0
18.75
17.75
19.0
19.5
19.0
19.5
18.0
17.0
16.25
15.25
13.75
13.0
11.75
12.0
13.0
11.5
10.0
10.25
12.25
13.5
15.0
14.0
16.5
19.5
20.0
19.75
17.25
18.25
18.75
17.75
17.5
14.75
13.25
13.5
14.0
13.75
13.0
14.0
13.25
12.0
9.25
9.25
10.5
9.5
11.0
12.25
12.0
12.0
11.25
12.25
12.0
12.5
13.25
12.0
11.5
11.0
10.25
10.5
10.0
10.0
9.5
10.75
10.25
10.25
10.5
10.25
10.5
10.5
11.25
12.0
11.75
11.75
11.75
12.0
12.0
11.75
11.5
11.75
11.5
11.75
10.75
9.75
10.0
10.0
9.75
9.75
9.25
10.0
9.25
11.75
13.75
13.5
13.75
13.5
16.0
19.0
19.75
20.75
19.75
20.25
19.0
19.25
18.25
15.5
13.75
13.5
12.5
13.0
14.0
12.5
11.25
11.25
9.0
11.0
12.5
13.0
12.25
14.25
18.0
19.5
19.0
20.25
20.5
19.25
19.0
18.5
17.25
16.0
15.0
14.5
14.0
14.0
11.75
12.25
12.25
11.75
8.75
11.0
12.5
13.0
13.5
13.5
17.5
19.25
18.5
19.25
21.0
19.5
19.25
19.0
18.25
15.5
16.25
14.5
16.0
14.25
14.0
12.75
13.5
12.75
10.0
11.0
13.25
14.0
13.5
12.75
16.75
19.25
18.0
18.5
18.75
19.0
19.75
19.75
17.5
15.25
15.0
14.25
13.75
13.25
12.0
12.5
12.0
11.75
9.75
10.0
12.25
12.5
13.0
13.0
17.25
17.75
18.75
17.75
17.0
17.25
17.75
17.0
14.75
14.5
13.5
12.5
12.5
12.75
13.25
14.25
14.0
13.25
10.25
9.75
9.75
10.0
10.0
10.25
9.0
9.5
8.25
8.75
8.25
8.25
8.75
8.75
8.5
9.25
9.0
8.0
8.75
9.75
8.5
8.25
9.0
8.5
9.0
8.75
9.5
8.0
9.0
11.25
10.0
10.75
10.25
10.75
10.5
10.75
10.0
10.25
10.0
10.0
9.0
9.25
9.25
9.0
9.25
9.25
8.5
8.5
9.25
10.5
13.0
13.25
13.0
14.0
17.75
16.75
17.75
18.5
20.25
20.0
19.75
21.25
18.25
16.5
14.25
12.75
12.75
12.75
11.75
11.5
12.25
11.75
9.0
8.75
11.0
11.75
13.75
13.5
17.5
20.75
19.5
19.5
19.5
18.5
19.5
17.75
16.75
13.75
13.25
12.0
13.0
12.25
12.25
11.5
11.25
11.0
9.5
8.25
10.75
13.0
12.75
13.25
18.75
19.75
18.5
18.75
20.25
20.25
20.5
19.5
17.5
17.0
15.0
14.25
14.5
13.5
12.75
12.5
12.5
12.25
9.5
10.75
13.25
13.25
13.5
15.5
18.75
21.0
21.0
21.25
23.0
21.5
21.5
21.75
18.25
17.5
17.0
15.75
15.75
15.25
14.5
14.5
14.25
13.0
10.0
10.5
12.75
14.5
13.25
14.25
17.0
19.0
20.0
20.25
19.0
19.75
19.25
18.5
16.0
15.75
15.25
15.5
14.5
14.0
14.0
13.5
13.75
13.0
10.5
10.5
10.25
10.25
11.75
12.75
12.25
12.5
12.0
12.25
12.25
11.5
11.75
12.25
12.25
13.0
12.5
11.75
12.5
12.0
11.5
10.25
10.5
10.5
10.25
10.0
10.0
10.5
11.5
12.0
11.5
12.5
12.0
12.25
11.75
10.25
10.75
10.5
11.5
10.5
9.0
9.5
10.0
10.25
9.75
9.5
9.5
10.0
9.5
10.5
13.5
12.75
13.5
13.75
18.0
20.0
21.0
21.75
19.5
19.75
21.0
20.5
18.75
15.25
13.75
13.5
13.75
14.25
13.0
13.25
13.0
13.25
10.0
11.5
14.0
14.0
14.0
14.5
16.75
18.0
19.5
20.0
19.0
19.5
18.25
18.25
16.0
14.25
14.0
14.25
13.5
12.25
11.75
11.75
11.25
11.25
8.5
9.5
13.0
11.75
12.75
13.5
16.0
17.75
18.5
18.25
20.5
18.0
18.75
18.25
16.25
14.5
12.75
12.75
11.75
12.0
11.5
11.75
12.25
10.75
8.75
10.25
13.5
13.25
14.0
12.75
16.0
18.0
18.0
17.25
18.25
17.25
19.5
19.5
17.0
15.5
13.75
14.75
13.25
12.25
11.25
11.5
11.0
11.25
8.25
9.25
11.5
11.75
12.5
12.0
16.25
19.5
18.5
17.25
18.25
18.0
16.25
15.5
15.0
14.75
12.25
11.75
12.25
12.75
10.75
11.0
11.75
11.0
8.5
8.25
8.0
8.0
11.5
11.5
12.25
12.5
13.25
11.5
11.5
11.5
10.25
10.75
11.0
11.0
11.0
10.75
11.25
12.0
11.5
11.5
11.0
12.5
11.0
12.75
11.5
11.75
11.5
11.5
11.75
11.0
13.25
11.25
11.5
11.5
11.25
12.75
12.0
11.25
11.0
9.5
9.75
9.5
9.0
9.5
9.25
9.75
11.25
12.25
12.0
11.5
12.25
13.5
16.25
17.0
18.5
19.75
21.0
21.25
19.75
21.25
17.5
15.25
13.5
13.5
13.75
14.25
13.5
13.25
13.0
14.0
9.75
10.75
14.75
13.5
14.0
14.0
18.0
18.5
20.5
19.75
18.75
19.25
17.5
17.5
16.5
14.5
13.75
15.0
13.25
13.0
11.25
12.25
11.0
10.5
8.0
9.75
12.5
13.5
13.5
14.0
16.75
18.25
18.75
19.25
20.25
19.5
18.5
18.5
16.75
13.75
13.0
12.0
13.0
13.25
12.5
13.0
11.75
10.75
7.25
8.25
11.5
11.5
11.75
12.75
15.25
17.0
17.0
17.25
17.5
18.5
19.0
17.75
15.5
14.25
13.75
13.75
13.25
11.25
11.25
11.5
11.25
9.75
8.0
9.75
12.75
12.5
12.75
12.0
14.5
14.75
16.5
15.75
15.75
15.75
15.25
15.25
15.75
14.0
14.5
15.0
13.25
15.0
13.25
13.0
11.5
10.25
9.75
9.5
9.0
9.0
10.25
9.0
9.0
10.0
9.75
9.5
9.0
9.0
9.25
9.75
9.75
9.25
9.0
10.25
10.25
10.0
10.0
10.25
10.5
9.5
9.75
10.0
10.5
10.5
10.5
9.5
10.25
10.5
10.75
10.5
10.5
10.5
10.75
11.0
10.5
10.0
9.25
8.5
8.75
8.5
8.0
9.0
9.25
10.25
10.0
12.25
12.0
13.0
12.75
13.25
16.75
18.5
18.75
20.75
18.5
20.75
18.25
19.25
19.75
13.75
15.5
13.75
13.5
14.75
12.5
12.75
12.75
11.75
10.75
10.0
12.25
13.25
14.0
14.75
17.5
20.0
19.5
20.0
18.5
18.5
18.75
18.75
17.25
16.25
13.5
14.5
13.0
12.5
12.0
13.5
13.25
12.5
9.75
11.25
13.75
13.75
12.5
13.0
16.75
17.5
18.0
18.0
17.5
21.0
18.5
18.0
16.75
15.0
13.75
14.0
13.0
12.75
12.0
11.75
12.0
11.5
9.0
10.0
12.0
12.75
13.0
12.75
18.5
19.0
20.25
19.0
17.0
20.5
20.0
18.0
17.0
15.5
13.25
14.0
12.5
13.75
13.0
13.75
12.0
11.75
10.75
10.25
12.0
12.75
13.5
15.75
16.25
18.25
19.0
17.0
16.75
17.25
18.0
17.75
16.25
14.75
14.75
14.25
13.75
12.25
12.0
11.5
11.5
11.5
9.25
7.75
8.75
9.0
9.75
11.25
10.25
9.75
11.0
10.5
10.25
9.75
11.25
12.0
11.25
11.0
11.25
10.0
11.25
11.5
9.75
10.0
10.75
10.25
10.5
10.5
10.0
11.5
10.25
10.25
11.25
10.0
9.75
11.25
11.5
10.5
9.75
9.75
9.75
9.0
9.25
8.25
9.5
8.5
8.5
9.75
9.25
9.0
11.0
13.5
12.25
12.25
14.75
18.0
18.0
19.0
19.75
19.0
22.25
19.75
19.75
18.5
15.5
13.75
13.25
14.5
13.0
12.75
11.75
11.25
11.75
9.75
10.5
12.25
12.5
12.5
14.75
17.0
19.75
21.5
21.0
20.75
24.5
25.75
17.75
17.75
14.5
13.75
14.25
13.75
12.25
12.5
12.0
11.25
10.25
10.0
9.25
12.25
12.25
12.0
15.25
20.0
20.75
21.75
25.0
25.75
22.5
21.75
21.25
18.0
16.25
15.0
15.5
13.5
14.5
12.5
11.25
11.5
11.75
8.5
9.25
12.5
12.0
14.25
17.25
20.5
20.75
22.25
23.75
22.25
22.25
22.25
17.75
17.0
15.5
14.0
13.75
12.75
12.5
11.0
11.5
12.5
11.0
8.75
11.25
12.25
13.25
11.5
14.75
19.0
17.5
18.25
23.25
18.25
19.25
19.0
16.75
14.25
14.25
14.0
13.5
12.75
13.25
12.75
12.5
11.75
12.0
10.0
11.0
11.25
10.75
9.25
9.0
9.25
8.5
9.0
9.75
10.25
12.0
9.75
9.0
10.25
9.25
8.75
9.25
10.25
9.5
9.5
9.75
9.5
9.5
9.25
9.0
10.25
9.75
11.25
10.75
9.75
10.5
10.25
10.5
10.75
11.0
11.25
9.5
8.5
8.75
9.25
9.0
11.0
8.75
9.0
8.5
8.5
9.0
10.25
10.75
11.5
11.25
13.0
14.5
17.25
17.5
17.5
18.25
18.0
17.75
19.5
18.75
15.75
12.25
11.5
12.0
12.25
12.25
12.5
12.0
11.75
11.25
10.0
10.75
12.5
12.25
13.25
15.5
17.75
19.0
19.0
18.5
18.5
23.0
17.25
19.25
14.75
13.75
12.25
11.75
11.75
11.75
12.75
12.0
11.0
10.5
8.5
10.75
12.0
12.0
12.75
14.5
16.5
17.0
18.75
17.75
17.5
17.25
18.0
18.0
15.0
14.75
15.0
13.25
13.0
12.5
11.75
12.0
11.5
10.75
10.25
10.25
12.25
12.0
11.75
12.0
14.75
16.5
14.25
14.0
17.25
14.0
15.0
18.0
15.75
13.25
12.25
13.25
11.75
13.0
11.5
12.0
11.5
10.0
8.0
10.25
12.5
13.75
11.5
14.25
16.25
16.75
17.25
16.75
16.25
15.75
15.5
14.25
13.25
13.5
12.75
11.5
11.25
12.25
12.5
12.25
11.25
10.75
9.5
10.25
9.75
11.0
12.0
11.25
11.25
11.5
11.25
11.0
10.75
10.5
11.0
11.5
10.25
11.0
9.25
9.75
10.0
9.5
10.25
8.75
10.25
10.0
9.25
9.0
9.75
10.25
12.25
12.0
11.75
11.75
11.25
11.5
11.5
11.5
12.0
12.25
12.0
11.0
10.0
9.75
9.5
10.25
9.5
10.5
11.5
10.0
9.0
10.75
11.75
11.25
12.25
15.75
18.5
21.75
22.25
24.0
21.5
21.5
22.0
21.0
19.0
14.5
13.0
12.5
12.75
13.5
12.0
13.5
11.0
11.5
8.75
8.5
13.25
14.0
15.25
16.25
22.0
23.0
22.5
23.5
24.0
22.25
22.25
20.25
19.0
15.0
14.0
13.75
12.5
12.75
11.75
11.25
11.0
10.5
7.75
9.25
12.75
11.75
12.0
15.25
18.75
21.25
22.0
21.0
22.0
24.25
22.0
20.25
18.25
15.25
13.0
14.25
13.25
12.0
11.5
11.75
12.25
11.0
9.25
10.75
11.5
12.5
13.75
16.75
20.25
20.75
21.0
22.5
23.25
21.5
21.25
19.5
17.5
15.5
15.25
14.0
13.25
13.75
13.5
13.5
13.75
12.0
10.0
11.25
14.25
14.0
14.5
15.75
20.25
21.25
20.5
22.0
19.75
22.0
20.0
18.5
17.0
15.75
16.25
14.5
14.5
12.75
11.5
12.25
11.25
11.0
8.75
8.75
9.75
8.75
10.75
10.75
10.75
10.0
10.0
10.0
10.5
10.75
10.25
10.25
13.25
12.25
10.0
9.75
9.0
9.25
10.25
9.0
8.75
8.75
8.75
8.5
8.75
9.0
11.25
10.75
10.25
10.75
10.75
11.25
12.0
11.5
11.75
10.25
11.0
10.0
8.25
7.75
8.75
9.0
8.5
8.5
8.75
9.0
9.0
10.75
12.0
11.25
12.0
15.75
19.5
22.25
23.0
22.5
25.5
25.75
24.25
22.0
16.75
14.0
12.5
12.0
11.75
11.25
11.25
12.0
11.0
11.5
8.5
10.25
12.0
12.5
12.0
14.0
19.25
20.25
21.25
20.75
19.5
24.5
22.75
23.0
20.75
16.5
15.75
15.25
15.5
15.5
14.0
13.5
13.5
14.0
10.5
12.75
14.5
14.25
15.0
15.0
21.0
20.5
22.75
22.25
22.5
22.0
21.5
21.5
18.75
17.75
16.5
16.5
16.0
14.75
14.0
15.0
15.0
13.25
11.0
12.25
14.75
15.25
15.75
15.25
20.75
21.75
20.0
20.5
18.75
21.5
21.5
25.25
20.25
17.25
16.5
17.0
16.75
14.75
13.75
13.5
13.5
14.0
11.0
12.25
14.0
14.75
15.0
15.5
19.25
19.5
20.25
19.75
19.5
18.75
18.75
19.5
18.25
16.25
16.0
14.5
14.25
15.25
13.5
13.75
13.25
13.0
10.75
10.75
11.75
11.0
13.0
12.5
13.75
13.25
14.0
14.0
12.5
12.5
13.5
13.75
13.0
12.5
14.0
12.5
12.75
12.5
13.5
13.25
12.5
13.25
14.0
12.75
12.75
13.25
14.25
12.75
12.5
13.25
13.25
12.5
13.0
12.5
13.25
13.25
12.5
11.75
11.25
11.5
11.0
11.25
11.5
11.75
11.75
12.5
12.5
12.75
15.75
14.25
15.75
15.0
19.0
20.75
20.5
22.0
23.5
22.25
20.5
20.5
20.5
16.0
14.25
13.75
13.75
14.25
14.0
15.5
15.25
13.75
11.0
11.75
14.25
14.5
15.5
18.5
20.75
22.5
23.25
23.25
21.5
21.25
22.75
21.75
22.0
17.25
16.5
16.0
14.75
15.0
15.0
15.5
13.75
13.0
11.75
12.5
15.0
15.25
15.0
15.75
19.0
21.75
22.5
22.75
22.75
24.0
24.0
25.5
18.0
16.75
16.75
17.0
16.25
15.0
15.75
14.5
14.0
12.25
10.25
11.75
15.25
15.0
14.5
15.5
18.5
20.5
20.5
21.75
20.25
20.25
21.5
22.0
21.0
17.25
17.25
16.0
15.0
14.5
13.5
14.75
15.25
15.0
12.0
12.75
15.5
14.75
14.5
15.25
19.5
20.0
20.25
22.0
21.5
24.0
17.75
21.25
20.25
16.0
16.75
15.75
14.5
14.25
15.25
13.75
13.75
13.0
10.75
11.5
12.75
11.5
13.25
15.25
14.0
11.75
11.75
13.25
12.75
11.0
12.25
13.25
11.25
12.0
11.5
10.75
12.75
11.5
12.25
12.0
11.5
11.5
10.75
11.25
11.75
13.25
13.75
14.25
17.25
14.75
14.75
15.0
14.75
16.0
15.25
15.25
14.75
14.25
14.75
13.75
12.0
12.5
12.5
12.5
13.0
13.0
13.5
15.25
15.0
17.5
17.5
16.25
19.0
22.5
22.75
21.25
22.25
21.0
23.0
26.0
18.75
18.25
15.5
14.75
13.75
13.75
13.75
13.0
13.25
12.75
10.75
12.5
15.0
15.75
16.75
18.0
19.75
24.25
21.75
19.75
20.0
19.0
20.0
19.5
19.5
17.5
16.25
16.5
16.25
12.25
12.25
11.75
11.75
12.5
10.5
13.5
14.75
14.25
13.25
16.0
18.75
18.5
19.25
22.75
24.25
23.5
24.5
18.5
19.0
15.75
15.0
16.75
16.0
15.5
14.0
13.5
13.5
12.5
11.25
13.25
15.0
16.0
17.0
16.0
20.75
21.0
24.0
23.75
22.5
21.25
21.25
23.5
21.25
18.5
17.25
17.0
15.75
14.75
14.75
15.0
14.5
13.75
11.75
13.0
14.5
16.25
16.75
15.25
17.75
19.0
18.5
19.75
20.75
20.25
21.0
23.5
22.25
16.5
15.5
15.25
15.0
15.25
15.0
13.0
13.25
13.0
10.25
10.5
11.0
11.0
12.75
12.5
11.75
12.0
12.25
12.25
12.25
13.5
12.5
13.0
12.5
12.25
12.0
13.0
13.75
14.0
12.0
11.75
10.75
12.0
11.5
10.5
11.0
11.25
13.5
13.5
13.5
13.5
12.25
12.25
11.5
11.75
11.5
11.75
11.5
11.75
10.5
9.75
10.75
11.0
11.0
11.25
10.75
10.75
11.5
11.75
14.25
15.5
16.5
16.0
19.25
22.0
22.5
22.5
23.5
24.5
21.75
20.75
20.25
16.5
15.25
15.75
15.75
15.25
14.5
15.75
14.25
13.5
10.75
12.75
15.0
14.5
16.75
17.0
20.25
19.5
20.5
21.0
20.75
19.5
19.75
21.75
19.75
17.25
17.25
16.5
16.25
16.25
15.5
14.75
14.5
14.0
11.75
11.75
14.0
16.5
16.0
15.25
19.5
23.25
22.25
22.0
25.25
25.0
25.0
19.0
18.0
17.25
16.0
15.5
15.0
14.0
14.75
14.75
14.5
14.5
11.75
13.5
15.75
16.5
15.75
14.5
18.0
19.25
18.75
19.0
24.0
26.75
24.75
24.75
22.75
17.5
18.0
17.75
18.0
16.5
14.75
15.0
14.0
15.25
12.75
13.5
13.75
14.5
15.0
16.0
20.5
24.75
24.75
24.75
20.25
19.75
19.25
19.25
17.75
17.25
17.0
15.75
15.25
14.75
14.5
15.25
16.75
14.75
11.75
13.75
14.75
12.5
12.5
12.75
12.75
14.25
13.75
13.0
13.75
13.0
12.75
13.0
13.5
13.0
11.5
11.0
11.5
12.75
11.25
12.5
11.5
11.0
12.0
12.5
10.5
11.0
13.5
12.25
14.25
13.5
12.25
12.25
13.0
13.25
12.75
13.25
12.75
13.0
13.0
12.75
12.75
12.5
13.5
13.5
13.0
12.5
12.5
13.5
14.75
15.5
15.5
16.75
20.75
23.75
24.25
25.0
23.25
22.75
25.0
25.25
23.5
18.5
15.25
15.5
16.0
15.25
14.0
14.0
13.25
13.25
10.0
10.25
12.5
13.75
13.5
17.0
19.75
24.0
20.75
20.5
21.25
18.0
20.25
21.0
18.0
15.5
15.25
15.5
14.25
13.25
12.5
13.0
13.25
12.75
10.25
10.75
12.0
15.5
15.5
15.75
19.0
21.75
20.0
19.25
18.5
20.0
23.25
18.75
21.5
16.5
15.75
14.75
15.0
15.25
14.25
14.5
14.25
12.75
10.5
10.0
12.75
15.25
15.0
14.5
19.5
19.0
18.0
20.0
21.0
24.0
19.5
19.75
16.75
16.5
16.5
16.0
15.75
13.5
13.75
14.25
