745.5
727.0
725.5
725.25
723.25
734.0
756.25
801.25
851.75
877.5
892.25
892.75
889.0
896.0
897.75
859.5
828.25
798.0
782.25
758.0
730.0
760.25
745.25
746.25
746.0
731.25
739.5
733.0
728.5
737.75
758.0
800.25
848.0
885.25
838.5
820.75
830.75
838.25
817.75
793.75
776.0
759.0
735.0
714.75
695.5
686.5
719.25
695.0
665.25
698.75
709.5
726.25
728.75
728.25
733.5
732.0
731.75
697.25
704.75
694.5
704.5
711.25
709.25
712.25
698.75
707.25
698.5
697.75
689.75
678.75
689.25
699.5
724.0
727.75
728.75
729.0
713.75
714.5
731.0
742.5
744.5
749.5
764.25
726.0
696.25
704.5
711.25
713.5
706.0
708.5
695.0
684.75
695.5
695.75
687.25
681.5
681.75
665.0
657.75
658.5
660.25
676.5
701.5
726.0
780.0
802.0
841.5
816.75
832.5
856.5
856.25
802.5
787.75
761.5
742.75
737.0
720.25
701.0
695.0
683.75
693.0
675.25
671.0
671.0
686.5
716.75
745.5
731.25
785.0
831.0
838.75
826.0
822.25
841.25
843.25
798.25
777.75
756.75
740.5
721.25
707.5
703.75
703.25
695.25
694.5
682.25
667.5
670.25
670.0
690.5
717.75
744.75
791.75
821.5
843.0
838.5
849.25
848.25
828.75
817.0
793.5
774.5
752.75
737.5
717.25
707.25
709.5
700.0
691.5
690.5
686.0
683.25
675.75
675.5
710.75
751.5
815.0
821.75
844.75
833.75
850.25
856.25
845.75
815.0
801.75
768.75
754.0
745.25
719.25
700.5
701.0
699.0
698.0
688.0
686.75
682.25
677.0
686.5
749.75
758.75
843.25
885.5
880.75
867.75
862.75
836.25
817.5
800.25
773.0
754.0
730.5
700.75
695.5
687.5
678.75
677.75
679.0
737.5
723.25
734.5
734.75
732.25
743.0
704.0
684.75
689.5
688.5
692.5
690.5
701.0
692.75
698.0
704.25
725.0
713.0
710.75
706.25
697.0
694.75
625.75
705.25
680.5
677.5
683.0
683.75
678.25
683.0
672.25
684.25
690.5
685.5
687.25
686.0
686.75
696.75
699.0
694.0
691.0
685.25
700.25
681.75
678.75
682.75
671.5
672.0
681.0
669.25
662.25
676.25
688.25
699.75
746.25
783.25
797.75
817.0
819.25
808.25
813.75
799.0
770.5
748.75
734.75
722.75
694.0
689.5
703.25
696.75
696.0
688.25
678.0
671.5
666.5
693.25
697.0
723.75
736.5
781.75
817.25
818.5
835.0
803.25
783.0
784.25
756.5
731.25
711.25
698.5
673.25
654.0
670.25
688.0
703.75
702.0
701.75
697.0
703.75
695.5
706.0
735.5
754.25
773.75
751.25
785.25
782.75
795.0
811.25
812.5
774.25
749.25
733.5
710.75
681.5
673.5
668.75
716.75
714.5
714.0
700.25
700.75
690.0
694.75
704.0
722.75
753.0
778.75
792.0
849.75
849.25
797.5
801.5
805.5
782.0
781.5
777.25
725.25
741.5
727.75
720.5
730.25
715.5
719.25
710.5
712.25
707.75
706.0
725.75
754.25
757.25
776.75
784.0
810.25
809.0
811.25
797.75
797.0
759.5
737.0
710.75
701.25
668.5
660.25
649.25
637.0
668.0
688.0
722.25
703.25
703.0
702.5
700.5
708.0
702.5
649.75
661.5
680.25
688.25
678.75
685.25
681.0
681.25
681.25
666.0
664.0
661.75
658.0
663.25
662.25
659.75
682.5
669.25
654.5
645.5
652.25
658.75
672.75
653.0
670.75
666.75
659.0
667.75
674.5
666.75
683.25
678.5
674.0
663.75
657.25
669.5
653.0
645.0
648.5
652.75
653.75
645.0
649.0
642.75
655.5
648.75
679.5
695.5
721.5
760.5
791.5
806.25
822.0
830.5
831.75
809.5
784.0
759.25
736.5
723.75
712.0
696.5
687.75
677.75
676.25
665.25
667.5
662.25
662.25
665.25
689.25
713.0
753.5
785.25
816.75
820.0
820.25
844.5
833.75
831.75
829.5
809.25
773.0
729.0
690.75
688.75
679.75
671.0
671.75
664.0
668.5
665.0
657.0
675.75
694.5
714.5
765.0
803.0
835.75
830.75
823.0
831.25
836.0
797.0
770.0
759.25
718.5
707.0
706.75
683.75
686.75
709.0
678.75
674.25
670.75
696.75
702.25
728.75
751.75
721.5
779.25
810.5
848.25
834.25
825.5
832.5
828.25
789.75
755.75
741.75
724.75
701.75
691.0
697.25
689.0
678.75
673.25
668.0
669.75
661.5
668.0
679.0
701.25
713.75
747.5
762.5
788.25
831.5
836.25
842.0
854.5
833.75
816.5
784.0
770.0
744.5
679.0
672.5
667.0
670.0
668.25
669.0
659.5
656.0
653.25
657.0
660.75
665.0
669.25
667.25
678.0
691.25
710.75
729.25
726.0
738.75
731.25
722.0
726.0
717.0
686.25
650.0
660.5
653.0
650.25
656.0
653.25
662.25
660.0
667.25
675.75
665.75
658.25
682.5
684.25
727.0
730.5
737.5
731.75
728.75
732.25
720.25
719.0
709.75
680.25
676.75
663.75
664.25
654.25
650.75
650.5
649.25
645.0
641.5
645.5
654.25
670.25
722.5
740.75
745.75
767.5
751.5
749.5
752.75
749.5
746.5
737.75
727.25
676.0
668.5
660.5
667.0
655.5
655.75
652.75
658.5
654.75
667.75
706.5
716.25
757.0
818.75
822.0
815.5
819.25
838.0
832.0
813.75
785.0
762.0
730.5
703.5
689.5
685.75
689.25
695.0
689.75
681.75
670.75
667.0
676.0
682.75
710.0
722.75
755.75
808.25
831.25
861.0
871.75
875.75
877.75
853.75
831.0
808.25
781.5
769.0
747.5
690.5
683.5
680.25
681.25
675.5
671.5
666.75
630.0
661.25
699.0
715.25
777.0
804.75
868.25
893.25
892.5
891.0
876.75
872.75
881.75
829.75
788.5
779.0
763.75
756.75
712.75
693.75
680.75
676.75
660.0
672.75
675.5
695.25
703.5
729.75
769.25
863.0
887.75
903.5
901.5
922.0
894.0
846.5
832.25
815.5
780.5
768.0
740.5
743.25
728.25
729.5
705.25
663.75
663.25
667.25
664.5
672.75
673.75
670.0
683.25
747.0
756.5
759.75
756.0
755.25
755.25
721.5
694.75
694.5
688.0
682.0
670.25
675.25
669.0
667.0
663.0
661.0
660.0
661.25
669.75
667.5
672.75
676.0
682.5
680.0
683.5
685.75
697.0
694.75
685.75
698.75
698.25
693.75
690.0
685.75
664.75
664.75
673.5
671.5
678.25
665.75
667.25
670.25
662.75
687.25
724.0
712.5
776.25
800.5
842.0
843.75
878.5
902.75
902.75
867.25
825.75
783.25
742.5
717.5
693.0
692.0
690.0
677.75
672.25
672.25
675.5
677.25
680.0
686.0
719.0
742.0
773.0
805.25
840.5
848.75
836.5
857.75
879.0
825.75
797.0
784.0
749.25
717.5
709.75
687.0
684.25
680.5
676.5
673.0
682.75
676.5
676.0
680.5
714.25
732.0
794.5
806.5
855.0
867.5
871.25
890.0
910.0
881.5
861.75
831.75
808.75
775.25
742.25
702.25
692.75
678.75
681.0
677.25
678.75
671.75
674.5
686.5
705.5
728.75
781.5
820.5
856.5
885.0
893.25
884.0
844.25
805.75
793.0
779.0
741.0
716.25
700.75
696.0
697.5
694.0
689.5
688.75
686.5
693.25
683.0
695.75
717.0
717.75
777.25
881.25
898.25
900.5
905.5
906.25
890.5
857.75
833.5
823.75
785.25
716.0
702.5
680.75
676.25
683.0
691.5
686.75
684.75
685.75
668.75
671.25
669.25
677.0
685.25
691.75
701.25
702.5
704.25
721.0
715.75
712.0
702.75
695.75
699.0
679.0
680.75
680.5
664.5
673.25
665.75
668.75
660.25
665.25
682.25
701.25
685.75
682.25
696.0
698.0
698.75
696.75
694.0
691.5
705.25
721.0
694.75
686.75
685.0
682.75
679.75
675.25
683.25
679.25
674.0
676.0
672.5
672.0
671.5
681.5
721.75
714.25
787.25
800.25
830.0
841.25
855.5
838.25
828.75
819.0
795.0
767.75
754.75
727.5
706.25
696.75
695.5
687.5
690.0
678.0
678.5
670.75
675.0
688.5
713.25
737.75
788.25
819.0
819.25
842.5
874.75
895.5
880.25
859.25
833.0
812.0
788.75
775.25
741.25
698.75
696.75
681.25
690.0
684.25
697.5
686.25
688.25
699.75
727.75
730.75
775.25
811.0
843.75
869.0
898.25
906.5
897.5
874.5
844.75
822.25
802.0
793.75
759.0
716.0
689.0
688.5
692.5
688.25
688.5
680.5
676.5
694.0
710.5
732.75
808.5
819.5
849.5
828.25
829.75
843.0
836.25
804.0
804.5
779.5
753.75
727.0
719.0
714.5
710.0
698.75
686.5
687.75
685.5
684.5
683.75
687.0
717.25
736.75
796.0
809.5
835.75
833.75
844.5
864.25
843.0
815.5
807.25
812.0
775.0
736.5
702.75
703.5
693.75
688.0
696.0
691.5
685.5
684.75
699.75
701.5
726.75
708.0
735.0
749.5
769.5
771.25
766.0
788.0
772.75
746.5
705.0
690.75
683.75
694.0
689.75
674.5
668.75
679.5
672.5
667.25
679.5
662.25
667.0
679.0
671.75
682.25
691.5
705.5
709.0
704.75
681.75
681.75
691.5
694.75
707.25
725.0
713.75
731.25
676.25
683.5
671.25
673.75
670.75
667.0
678.0
670.0
674.0
681.0
712.0
702.5
775.5
823.25
889.25
894.25
882.75
898.75
879.5
858.5
846.5
770.25
735.5
716.5
702.0
697.5
682.25
698.5
678.5
682.75
677.0
677.75
683.75
689.5
720.0
727.5
771.5
814.75
847.75
891.0
889.5
911.0
893.25
871.25
841.5
828.0
797.25
777.0
763.75
752.75
699.0
688.25
683.25
674.25
675.25
676.5
679.0
692.75
715.75
727.0
775.5
802.5
838.0
845.25
896.5
917.5
899.0
852.0
842.75
821.0
787.5
769.5
750.0
696.25
697.0
675.25
691.0
677.25
674.25
664.75
686.0
688.75
704.5
719.75
760.5
791.5
841.25
854.75
835.75
856.25
831.25
829.25
792.0
770.0
729.75
721.0
712.25
689.75
696.5
697.0
691.5
677.0
673.25
674.75
677.25
685.25
712.75
726.75
794.0
808.25
863.5
853.5
875.5
898.5
885.75
870.5
853.5
795.5
765.5
740.25
729.0
721.0
695.0
677.25
655.0
648.25
649.5
647.75
641.75
651.5
653.5
647.25
651.5
671.25
709.25
727.0
721.0
723.5
728.25
727.5
722.0
719.25
709.5
715.25
702.5
712.75
671.25
648.75
652.75
646.5
643.25
637.0
629.0
633.25
644.5
654.75
661.25
680.0
705.5
677.25
703.25
718.75
680.5
678.25
687.5
710.75
685.5
698.0
679.0
666.0
652.5
654.5
651.25
643.25
632.75
645.75
645.25
658.5
680.75
703.5
812.25
864.75
887.75
892.25
877.0
891.0
887.75
863.5
816.5
795.5
755.75
749.75
722.0
679.5
661.25
657.0
643.25
637.5
647.0
647.75
649.75
649.25
677.5
723.75
817.75
859.75
897.5
886.75
898.25
903.5
899.5
859.75
820.0
788.75
762.5
712.0
671.75
672.25
658.75
653.5
662.25
644.0
642.75
654.5
640.75
659.0
696.75
731.0
781.25
821.0
843.25
855.0
865.25
857.5
847.0
811.75
777.5
751.75
732.75
709.5
692.75
689.75
688.25
677.0
674.0
660.0
657.0
655.75
661.25
671.75
700.0
727.75
769.5
811.5
875.0
896.5
903.5
911.5
908.5
869.0
820.0
809.0
761.0
748.75
702.0
662.5
656.5
663.25
661.5
648.25
654.5
632.0
638.25
653.75
676.5
717.75
769.25
824.5
833.25
903.0
908.75
897.0
888.25
860.0
825.5
789.5
762.5
742.5
732.25
715.25
668.0
659.75
652.0
644.5
638.5
641.5
640.75
654.25
654.25
660.5
677.5
695.5
726.25
728.75
734.5
736.75
724.0
725.25
688.25
675.5
670.75
671.0
661.0
650.25
660.5
656.75
654.75
644.25
643.0
643.25
653.0
652.75
653.25
656.0
665.5
675.5
704.25
732.75
733.75
732.25
740.25
742.5
737.75
744.25
726.0
723.75
707.5
708.25
681.5
659.5
652.0
641.0
647.25
640.75
647.0
665.25
683.5
724.0
834.75
872.75
884.75
911.0
891.25
854.0
833.75
791.5
761.0
752.5
751.25
742.5
706.25
678.5
663.75
659.5
659.75
654.5
653.0
637.5
640.5
662.5
681.25
727.0
789.25
821.5
835.5
840.5
849.0
828.5
829.0
800.0
770.5
757.0
731.5
714.0
695.25
681.75
679.25
667.0
660.0
661.5
659.5
659.25
655.0
670.0
698.5
744.5
788.0
824.75
845.25
849.75
837.25
850.75
840.5
825.75
799.25
757.5
746.0
712.75
693.75
680.0
674.25
667.0
661.0
659.0
648.0
654.75
647.75
662.5
692.0
726.5
779.0
809.5
834.5
840.25
838.75
830.25
807.0
798.25
757.5
736.5
711.0
691.75
669.5
650.25
654.0
648.0
645.0
642.5
639.25
638.5
641.5
642.25
651.25
675.25
696.25
706.5
719.5
720.25
716.0
710.25
709.0
704.25
670.25
683.75
666.5
670.0
653.0
637.5
636.25
640.75
647.0
641.5
630.0
646.0
637.75
639.5
645.0
644.25
663.75
670.25
672.75
677.25
687.75
681.25
687.5
684.5
691.5
682.75
673.25
664.75
668.25
661.5
651.5
642.5
639.25
638.5
644.5
644.25
639.5
636.5
646.25
646.25
659.25
671.75
674.5
669.25
694.0
693.0
698.5
678.25
677.5
670.25
664.0
668.75
670.75
660.75
655.75
642.0
637.5
634.5
630.0
639.25
647.75
647.75
665.25
711.5
757.25
791.25
853.25
803.25
868.5
909.25
856.5
851.0
831.25
794.0
730.5
697.0
677.75
667.25
662.5
666.5
650.5
652.25
655.25
645.75
657.75
650.5
684.5
718.75
772.25
816.75
822.5
847.0
843.0
833.25
851.0
804.25
783.0
757.25
718.0
685.0
667.75
660.5
655.25
653.5
657.0
666.5
657.0
652.25
649.5
657.75
699.25
717.5
803.25
803.75
827.0
838.0
869.0
901.25
881.75
876.75
826.0
793.25
778.0
743.25
710.25
682.0
675.0
676.25
663.0
652.25
658.75
659.0
656.25
676.5
704.25
719.0
769.75
807.5
892.5
904.0
911.5
926.25
908.25
893.5
861.0
820.0
796.25
758.5
741.5
744.25
688.25
675.25
672.5
663.25
664.75
657.0
663.5
662.0
695.25
733.75
791.75
830.5
856.25
853.5
856.0
879.5
910.75
875.0
823.75
800.75
781.0
754.75
735.5
721.25
707.75
674.5
650.5
669.25
652.0
666.0
658.5
646.0
652.5
662.5
668.75
682.0
694.5
743.0
758.25
740.5
701.5
699.0
692.5
691.25
720.25
713.75
680.25
677.75
668.0
663.25
656.5
654.0
647.5
646.5
652.75
664.0
661.0
659.25
675.0
694.75
687.0
686.75
696.25
707.75
699.0
706.0
689.0
719.75
710.0
674.0
670.5
664.75
659.75
651.75
653.5
654.25
654.75
658.75
653.25
662.25
694.5
731.25
798.75
831.75
869.75
871.0
866.25
865.25
867.25
845.25
798.75
764.0
737.75
727.5
693.5
689.75
682.25
672.5
662.5
660.0
664.0
655.75
655.25
653.5
688.5
731.25
796.25
836.0
854.5
847.0
860.5
838.5
856.0
809.75
777.25
744.75
727.5
708.5
690.5
682.25
671.75
674.5
672.75
659.0
649.25
665.25
662.0
670.0
695.25
726.75
803.0
826.75
851.25
840.25
843.5
869.25
883.25
859.0
838.0
785.25
779.75
751.0
708.75
678.5
672.0
669.25
666.0
654.25
661.25
665.5
663.25
672.75
694.25
742.5
823.0
838.75
858.0
888.0
918.75
928.75
916.0
884.5
840.75
811.0
798.0
774.75
719.25
688.5
689.5
683.25
677.0
688.5
686.25
674.25
678.25
687.25
724.25
746.5
813.25
846.25
860.25
905.5
933.25
937.5
922.5
896.25
842.25
818.25
781.75
759.25
706.5
681.25
679.5
659.75
656.5
659.75
666.75
661.25
649.75
658.75
661.75
667.5
678.0
673.5
710.75
709.0
717.5
733.5
770.25
767.0
763.75
758.0
733.0
723.75
719.25
669.25
673.75
656.75
654.75
656.75
653.0
653.75
650.25
655.0
666.5
663.25
678.25
728.0
752.75
753.5
756.5
761.75
750.0
760.5
751.75
750.75
748.75
751.5
745.75
732.5
726.5
721.75
709.75
673.0
663.0
673.25
659.0
677.75
707.0
749.25
808.0
875.75
903.0
928.75
934.75
931.25
900.0
881.5
865.5
825.25
800.75
789.5
753.25
754.25
734.75
732.0
720.75
721.25
719.0
716.25
715.0
729.0
722.25
738.25
807.5
877.25
918.5
922.0
911.0
923.0
924.5
890.25
849.5
822.5
796.0
779.75
741.75
694.0
679.0
680.5
669.0
665.0
671.75
670.0
663.75
677.5
712.5
756.5
783.5
865.5
900.75
899.25
906.25
911.0
902.5
866.25
835.75
811.25
793.75
771.25
744.0
686.25
689.75
684.5
677.0
670.25
662.75
663.75
666.75
678.25
702.5
716.75
776.75
820.25
912.0
918.25
921.0
931.5
933.5
883.0
861.0
821.25
794.75
761.0
721.0
695.5
691.75
674.25
661.0
669.75
663.0
653.75
661.25
682.75
713.5
740.75
793.0
824.25
862.25
863.75
857.5
887.25
885.5
847.75
818.5
790.25
755.25
733.5
712.0
704.5
700.0
663.5
648.25
649.75
643.5
638.25
636.0
644.5
646.0
649.25
688.75
734.5
738.25
748.25
744.75
740.5
742.25
741.25
731.25
726.5
722.0
724.0
709.25
714.5
699.5
673.75
638.5
634.25
632.5
633.25
625.5
639.5
648.25
650.5
656.0
676.5
665.75
672.25
660.0
673.0
688.5
707.5
701.25
666.0
652.5
660.25
659.75
653.5
651.75
636.25
639.0
631.5
636.75
628.75
633.75
644.5
687.25
713.75
761.75
785.25
797.25
803.75
850.75
850.0
843.25
832.25
793.75
759.25
753.5
715.0
670.25
654.5
653.0
645.5
637.25
636.75
634.75
644.0
651.75
652.25
683.5
710.5
778.0
801.75
846.5
834.25
886.5
888.5
861.75
853.0
809.0
775.5
724.25
690.75
680.5
658.75
667.25
668.5
660.5
652.0
652.0
639.75
643.0
657.0
693.5
713.25
752.0
801.5
818.75
848.75
881.5
897.5
896.5
855.25
829.0
794.0
784.0
758.75
711.0
669.0
672.5
662.5
641.25
634.0
640.75
653.0
655.5
666.75
682.5
723.5
772.5
793.0
848.25
885.75
906.75
933.0
870.75
863.75
832.0
806.0
773.5
749.0
727.75
709.5
667.5
658.0
643.0
641.5
637.5
638.25
648.5
656.75
693.0
724.5
802.0
810.5
880.75
880.0
879.25
902.0
890.5
876.25
819.0
790.75
768.25
744.75
723.5
676.5
666.25
650.5
647.0
643.0
647.75
638.0
649.5
641.5
645.25
648.0
663.5
678.0
721.0
734.75
742.25
735.25
731.5
733.5
728.25
710.25
676.25
671.0
664.0
658.75
647.75
652.25
638.25
650.0
654.0
642.5
636.0
633.75
638.75
650.5
682.0
708.0
735.5
731.5
738.5
720.75
734.0
725.0
709.5
715.25
721.5
733.0
725.25
689.5
673.75
657.25
667.5
702.5
686.0
651.25
672.0
689.5
742.25
722.5
787.5
810.5
837.25
905.5
887.75
883.25
882.5
866.75
831.25
804.5
771.5
760.0
703.0
677.0
673.0
664.0
649.5
647.75
648.25
644.75
645.0
660.25
683.25
737.5
781.5
792.75
833.5
843.75
862.5
889.25
871.75
868.75
837.0
823.5
784.75
754.75
696.75
680.75
669.5
668.5
650.25
651.5
649.5
651.75
648.75
663.25
697.0
729.5
779.25
803.5
879.5
889.25
897.25
915.5
919.75
878.75
841.25
800.25
776.5
753.75
736.5
701.25
681.5
668.0
657.5
659.0
653.25
645.5
649.0
664.5
701.0
744.5
791.25
818.75
887.0
896.25
892.5
900.5
897.25
859.0
826.5
804.5
772.5
741.5
716.25
692.0
669.5
670.5
659.25
657.75
654.25
659.0
641.75
662.0
691.5
723.0
786.0
815.0
871.75
895.25
881.75
895.25
878.25
868.75
836.5
803.25
768.5
741.0
716.0
681.0
670.25
653.75
650.0
647.25
640.75
639.0
649.5
635.25
647.75
654.5
666.0
670.25
687.25
721.5
733.5
733.0
731.75
725.75
720.0
707.75
710.25
710.0
672.0
660.0
653.25
643.25
640.5
649.0
642.0
642.0
635.25
640.0
653.5
652.5
665.75
668.75
677.5
723.0
724.25
733.0
733.5
736.5
735.0
725.25
724.25
679.0
665.75
654.0
652.0
662.75
650.5
649.75
641.5
629.75
636.25
664.25
686.75
726.25
761.5
802.0
844.5
835.5
853.5
845.0
839.5
819.75
811.5
781.5
723.25
695.75
673.25
658.75
662.25
660.75
659.25
654.75
645.75
645.0
645.75
660.0
691.5
735.75
778.5
804.0
839.0
837.75
830.5
824.75
867.25
834.75
812.25
782.0
765.0
731.5
675.5
668.25
647.0
644.5
644.25
645.5
634.0
632.5
642.0
659.5
688.5
740.0
776.75
811.25
870.75
884.75
879.75
902.5
896.25
863.25
833.25
806.75
775.75
745.5
695.5
671.75
677.5
665.75
660.5
665.25
655.0
655.75
661.0
675.75
714.25
747.5
794.25
796.5
838.25
849.5
881.5
920.25
885.5
864.75
826.75
808.25
783.75
741.0
702.25
685.75
679.0
661.5
665.5
655.5
646.5
646.75
648.0
655.5
700.25
735.25
779.5
821.75
873.0
895.75
895.25
889.25
901.75
847.0
814.0
790.0
764.5
760.0
737.25
701.0
677.0
665.5
659.0
657.25
647.0
650.25
648.5
643.25
658.75
662.25
660.25
672.75
690.25
708.5
746.75
732.0
749.25
728.75
720.75
717.0
722.75
711.0
716.75
710.25
662.75
653.75
650.0
646.5
642.5
636.0
637.0
640.0
636.0
651.75
656.5
659.5
671.75
681.75
718.25
725.25
685.75
684.75
695.25
673.25
673.75
668.5
662.5
661.25
649.75
654.5
661.25
654.5
646.5
643.25
643.75
660.25
689.0
718.0
780.0
824.25
840.5
855.0
905.0
905.25
893.5
873.0
839.0
814.0
778.25
764.25
711.0
683.0
678.75
672.25
665.75
665.25
666.25
671.75
658.5
672.0
698.0
741.0
802.25
826.0
851.5
866.75
862.25
860.25
897.5
873.0
845.0
802.75
767.75
719.0
702.0
688.0
680.5
663.0
658.0
664.25
657.75
654.25
652.0
675.25
705.0
740.5
788.5
827.25
848.75
895.0
904.5
911.5
927.5
879.0
844.25
822.0
786.0
766.75
730.25
694.75
699.0
680.0
680.5
660.75
665.25
653.75
660.0
665.5
696.5
725.5
776.75
818.25
861.5
881.75
895.25
897.75
885.25
874.5
840.75
811.5
784.5
765.0
748.0
717.0
682.5
672.0
673.5
666.75
656.75
659.0
660.75
665.0
697.75
738.75
792.0
812.0
840.75
844.5
855.0
864.25
857.0
868.0
821.0
788.75
717.0
703.25
678.25
675.25
664.0
661.75
653.25
652.0
652.0
656.25
654.5
659.0
666.0
671.0
683.75
702.0
693.5
699.25
700.5
697.75
707.25
717.5
727.75
727.5
744.0
702.25
686.0
692.0
676.25
664.5
661.25
672.25
656.0
662.75
661.0
661.5
675.75
674.5
686.75
700.25
694.0
727.25
746.5
764.5
758.25
757.5
744.5
742.25
735.75
743.0
741.0
726.0
728.25
699.75
676.5
662.0
654.0
654.0
659.25
664.5
701.75
726.25
785.25
824.0
854.5
900.5
894.25
906.5
904.5
861.0
799.75
766.0
743.75
717.75
686.0
683.25
670.25
669.25
661.25
670.75
660.75
649.25
659.75
675.5
707.25
729.75
795.5
820.25
846.75
867.25
875.0
844.75
849.75
835.25
803.75
798.25
730.5
706.5
696.0
670.0
674.75
665.5
660.0
658.0
655.25
640.75
651.75
654.0
694.0
758.75
797.5
823.75
861.25
859.25
862.0
884.5
895.0
852.25
812.5
763.25
748.75
695.25
675.25
661.5
669.5
665.75
658.75
655.75
656.25
654.5
655.25
666.75
698.25
737.25
792.5
804.75
852.75
841.0
867.75
914.25
824.5
801.0
769.0
745.75
725.5
694.25
675.0
675.5
655.25
666.0
652.0
645.75
652.25
651.0
654.25
663.75
676.75
716.5
792.25
813.25
836.0
836.75
835.5
845.25
861.5
826.0
805.25
760.0
730.25
691.5
699.25
677.75
666.25
672.25
650.0
656.5
663.0
647.25
644.25
655.75
658.75
673.75
662.5
670.5
678.75
689.75
691.0
694.0
716.0
706.5
701.25
686.5
684.0
665.25
667.25
647.25
644.25
639.0
646.0
650.25
650.25
654.5
647.5
660.25
664.0
654.5
657.0
673.75
669.25
712.5
729.25
747.25
742.75
736.75
725.75
721.25
710.0
708.75
704.25
666.75
659.25
656.5
651.75
646.75
648.25
647.5
646.75
639.5
659.25
679.25
674.5
688.75
701.5
717.25
724.0
718.0
734.25
757.5
722.75
723.75
700.0
678.75
666.5
664.75
651.5
666.75
653.75
652.5
651.5
661.5
658.75
658.5
691.25
741.75
776.25
824.0
843.0
848.25
884.5
912.5
903.25
867.25
823.75
797.5
753.0
741.75
683.0
665.25
672.25
648.0
655.75
650.25
649.5
658.0
651.5
669.75
695.75
726.25
779.5
825.75
841.75
848.0
860.25
878.0
852.25
829.25
789.0
763.75
743.5
731.75
717.75
695.5
685.25
670.0
666.25
662.25
658.5
652.5
653.0
656.75
689.0
738.75
791.75
811.5
851.0
862.5
904.5
910.75
905.75
878.5
837.25
811.5
784.0
756.75
724.5
677.75
680.5
668.25
653.25
643.0
644.0
650.75
644.75
664.5
690.75
727.5
790.25
811.5
861.5
866.5
853.5
871.0
853.25
808.5
776.25
762.75
727.75
697.25
691.75
677.25
676.5
671.0
675.25
670.25
666.75
661.25
666.75
664.25
665.25
673.25
677.25
686.0
688.0
684.75
694.25
698.5
739.25
750.75
734.0
733.75
708.5
693.0
661.75
671.0
654.0
655.0
653.0
659.75
648.25
652.5
652.25
651.75
659.5
662.25
660.75
669.0
675.25
698.75
710.5
713.5
751.5
738.25
744.25
738.0
711.5
706.5
683.0
681.0
665.5
672.5
659.75
664.5
654.5
652.25
649.75
673.75
696.75
752.0
786.25
836.5
862.5
841.75
846.25
863.75
898.5
849.75
812.25
783.0
733.75
721.75
700.5
683.25
669.0
668.0
660.25
662.75
666.25
672.5
660.25
672.75
712.75
756.0
813.75
822.0
837.5
851.75
868.25
863.0
864.25
827.0
788.5
767.0
723.75
706.25
694.0
675.25
672.5
678.75
672.5
663.0
670.75
660.75
659.25
671.5
698.25
741.75
809.5
820.0
869.75
844.0
859.0
867.0
862.0
830.5
788.0
774.5
753.5
752.75
730.5
754.5
754.5
744.0
736.25
736.75
721.5
731.5
718.5
729.25
752.25
805.0
840.5
817.25
839.25
828.75
837.5
859.75
853.0
826.75
781.5
771.5
738.0
732.5
705.25
735.75
757.5
737.5
746.75
726.5
727.75
721.5
711.0
734.5
753.0
804.75
860.0
873.5
860.25
824.25
834.0
833.5
839.0
823.5
768.25
748.0
713.25
698.75
715.25
708.25
718.25
732.5
709.25
709.0
706.75
721.5
710.75
711.25
723.75
720.25
715.25
693.0
685.75
715.0
712.5
712.75
701.0
686.25
690.25
681.0
680.0
683.75
669.25
661.25
659.5
659.75
667.75
650.0
643.5
640.5
640.75
640.25
636.75
655.25
644.25
657.0
678.5
686.5
680.75
675.75
680.5
680.75
666.25
678.5
681.75
676.25
688.25
677.0
678.0
678.5
663.25
664.5
654.5
653.75
652.25
664.5
696.5
759.75
768.5
835.0
854.75
858.5
876.25
873.25
846.75
832.75
812.0
775.25
733.25
721.25
721.25
695.25
728.75
740.25
729.25
726.25
732.5
726.75
722.25
724.75
752.75
811.25
832.25
826.5
869.25
873.25
856.75
881.0
867.25
841.25
810.5
758.0
738.5
733.25
722.0
716.0
705.75
696.0
682.0
681.0
680.25
669.0
672.0
682.75
722.5
774.25
810.0
858.0
874.5
901.75
896.0
887.25
926.5
879.5
848.75
800.25
762.0
731.75
715.5
702.0
693.25
685.5
677.5
684.0
671.75
679.0
695.0
717.75
754.5
831.0
831.0
843.5
874.0
868.75
869.0
874.25
887.0
875.25
810.25
777.0
753.75
729.25
715.0
722.0
695.5
691.0
679.25
683.5
669.0
662.5
674.0
677.25
709.0
763.5
816.75
832.25
865.5
856.75
879.5
878.0
859.25
879.0
801.0
769.5
734.75
722.25
701.0
696.25
681.25
681.75
684.75
687.5
677.0
679.5
658.75
677.75
669.25
682.25
697.25
705.5
704.25
712.0
713.75
716.25
729.0
730.25
723.0
705.0
702.75
698.75
691.5
694.75
682.0
687.75
672.5
675.0
668.25
660.0
666.25
662.0
665.75
675.0
685.0
692.5
701.5
720.75
716.5
707.75
710.5
707.25
714.25
698.0
694.0
716.0
694.0
688.0
680.0
670.75
672.25
669.5
668.75
656.25
681.5
709.75
765.5
823.0
825.25
839.25
870.25
871.75
867.0
872.0
871.25
834.75
801.75
778.25
743.25
718.75
705.25
706.25
706.0
684.25
680.0
678.75
688.5
665.0
672.75
675.5
711.5
765.5
819.75
857.0
878.25
883.75
882.5
887.5
897.25
840.0
806.25
771.75
742.25
721.0
709.0
699.5
695.25
695.5
681.0
671.0
671.0
673.5
672.25
682.25
713.0
765.5
818.25
833.25
877.0
860.0
875.0
886.0
861.0
851.25
805.5
784.5
759.5
738.5
711.25
710.0
705.25
691.0
681.75
687.25
672.5
664.25
671.0
685.75
712.0
771.75
811.5
838.0
870.75
849.25
860.25
875.5
899.75
874.5
835.25
792.0
764.25
740.0
721.5
694.25
688.75
673.0
684.0
680.75
669.75
671.0
665.0
678.25
703.25
767.0
822.75
841.0
866.0
880.0
915.25
935.25
920.5
897.5
837.75
807.0
787.25
712.0
692.75
670.75
667.5
677.75
652.5
655.75
656.75
657.5
649.25
648.75
663.5
665.75
663.75
671.0
671.25
707.75
741.0
739.25
736.5
746.75
734.75
733.25
728.5
696.25
666.75
654.5
663.0
652.0
640.25
638.75
646.25
638.75
637.5
641.0
644.25
663.0
663.25
668.75
668.0
701.25
723.0
719.75
724.0
726.5
719.25
731.5
730.25
706.25
672.5
657.25
657.0
647.75
644.25
640.5
646.25
637.0
641.5
657.5
694.0
733.0
784.25
814.5
859.75
831.75
858.5
871.5
865.5
825.25
794.0
783.25
745.5
729.0
707.0
728.75
744.0
749.25
744.5
739.75
741.25
738.75
732.0
735.0
758.25
821.5
887.75
901.0
927.25
861.75
847.75
875.0
881.0
827.75
791.5
762.75
741.0
731.75
703.25
684.75
688.5
675.0
662.25
674.25
653.5
653.25
647.0
655.5
693.25
761.75
819.0
822.75
848.5
840.0
829.75
864.75
866.25
833.5
797.0
756.5
743.0
719.0
704.0
689.0
690.0
690.75
676.5
676.25
668.0
664.0
660.75
678.25
702.75
755.25
804.5
837.0
868.0
872.5
859.0
860.0
858.25
830.0
785.75
766.0
737.25
723.75
692.5
678.25
678.5
666.5
668.0
686.5
656.5
676.75
684.0
725.0
757.5
818.5
870.0
889.75
912.5
919.75
913.75
912.0
933.5
886.75
831.75
812.75
782.5
762.5
738.75
724.25
726.75
714.0
711.0
732.5
718.75
710.5
708.75
710.25
728.0
735.25
735.25
748.5
746.75
766.75
766.25
740.75
714.25
743.5
751.0
761.5
751.75
739.25
731.25
736.5
742.5
729.25
724.75
725.25
723.25
724.75
728.5
727.5
721.75
739.25
727.25
736.0
749.0
756.25
760.25
725.75
736.25
741.5
737.25
727.25
720.0
746.75
738.0
741.5
746.75
743.25
734.5
730.0
729.75
708.75
716.5
734.5
752.25
815.0
869.0
899.0
931.5
891.25
872.0
880.25
871.0
844.25
809.25
770.0
758.0
738.75
709.5
697.0
692.0
673.0
658.25
662.0
662.0
660.75
653.75
654.5
694.75
753.5
811.75
811.0
856.0
836.75
873.0
863.75
863.0
851.0
798.25
771.25
736.75
715.25
689.5
671.75
677.0
691.5
698.75
684.25
684.25
682.75
705.5
742.0
772.25
806.0
871.25
872.75
865.0
875.25
871.75
885.75
887.25
864.5
821.5
800.5
763.5
740.0
748.5
750.5
749.25
744.75
739.5
731.25
725.75
720.0
718.75
737.25
756.0
816.0
874.0
887.25
930.75
876.25
884.25
879.75
873.5
848.75
824.25
775.25
748.25
739.75
761.25
762.0
757.0
759.0
752.0
748.0
731.5
731.5
725.0
728.75
759.75
811.0
847.0
893.0
919.0
865.75
866.5
858.25
854.25
837.25
786.5
767.25
729.0
750.25
751.5
748.0
731.25
736.0
723.5
713.25
715.25
715.25
709.5
715.75
721.25
727.0
737.5
745.5
747.75
691.0
700.0
696.5
695.5
714.0
713.25
704.0
692.25
682.5
669.75
701.0
741.0
731.0
722.0
724.5
711.75
705.5
706.25
706.0
710.75
722.0
735.25
731.25
669.0
683.25
686.75
689.25
704.75
707.5
706.25
701.5
698.75
715.5
699.5
681.5
682.5
679.75
692.0
669.75
673.75
665.0
659.25
679.0
696.25
735.0
797.75
819.5
874.25
855.25
864.0
882.0
860.5
835.25
812.0
776.5
762.75
738.75
721.5
700.25
701.75
694.5
688.25
676.5
686.75
664.0
684.75
697.0
732.5
796.0
833.25
837.5
876.0
906.0
897.0
891.25
893.5
863.5
748.0
785.5
762.25
759.0
741.25
711.75
692.25
693.75
716.75
761.75
752.25
737.0
731.0
749.75
770.25
811.5
884.75
893.5
861.25
879.5
844.75
877.75
886.5
868.75
833.5
794.5
779.5
750.25
727.5
708.5
718.0
729.75
762.5
758.5
753.25
747.25
745.5
749.75
765.75
806.0
868.75
869.25
871.25
882.0
880.25
887.25
908.5
853.5
814.0
780.0
752.5
729.5
716.0
703.25
704.5
696.0
699.5
678.5
673.0
676.25
665.75
694.75
704.5
745.75
792.75
822.0
883.0
857.25
851.25
868.0
879.75
841.25
800.75
763.0
741.5
712.5
702.25
683.25
673.5
674.5
663.25
709.25
721.75
728.25
712.25
722.0
733.75
748.75
740.5
747.25
749.25
733.75
698.5
704.75
711.25
716.5
716.0
697.0
690.0
696.25
721.25
745.25
741.5
734.5
734.5
725.0
719.25
721.0
720.75
720.5
732.75
737.0
734.75
729.0
669.0
701.0
696.25
700.25
712.25
715.75
702.0
709.5
715.75
710.75
695.5
704.25
693.75
695.75
686.75
676.25
681.5
671.75
674.75
718.25
768.0
772.25
830.0
833.75
858.75
851.25
877.25
878.25
899.0
876.0
849.0
818.5
796.25
775.25
743.0
737.75
766.0
780.75
779.25
764.0
764.5
757.25
749.75
761.25
782.25
821.75
878.0
900.25
907.0
908.5
882.5
888.25
906.25
876.25
832.0
797.25
782.5
765.5
732.0
717.0
705.25
743.75
759.0
755.75
750.5
735.5
731.25
740.5
780.5
805.5
865.5
894.5
947.5
878.5
850.0
862.0
877.75
852.5
820.25
794.75
769.5
752.25
741.0
711.0
715.0
696.75
703.0
695.0
694.25
690.0
694.0
689.5
710.75
774.75
827.75
845.75
871.75
880.5
908.75
922.0
920.25
888.25
841.0
806.5
770.75
741.75
729.75
719.5
705.0
700.0
692.25
680.5
718.75
716.0
708.5
730.5
744.25
790.0
819.75
830.75
882.0
882.25
886.5
888.0
874.5
877.75
831.0
799.5
766.25
733.25
730.75
708.75
703.75
696.25
687.25
682.0
675.5
672.25
679.75
676.5
689.5
686.75
686.5
707.25
734.75
742.0
749.25
753.25
756.5
750.0
751.25
752.5
735.0
728.25
702.5
700.25
711.25
727.25
751.75
747.25
746.5
731.0
725.0
728.0
739.25
755.0
755.75
762.0
751.25
760.0
765.25
769.0
780.5
792.25
778.5
772.25
751.5
740.25
728.25
730.75
728.75
735.25
710.5
712.0
719.25
713.25
702.5
752.25
799.25
848.0
882.25
895.0
921.0
931.5
932.5
950.5
968.0
934.75
861.75
827.0
803.75
777.0
762.5
768.75
768.0
763.25
798.0
789.5
776.0
768.0
772.0
780.0
817.25
843.75
920.333333333
905.12
924.2425
950.666666667
961.75
981.5
985.75
936.5
895.5
883.0
861.75
828.75
805.0
793.75
784.25
777.25
775.0
771.0
755.75
759.25
755.25
776.75
808.75
845.0
896.25
926.0
963.0
969.25
971.25
971.75
982.25
945.25
913.0
878.25
853.25
825.25
807.75
800.25
781.0
776.25
777.75
773.5
763.25
783.5
763.25
783.0
795.5
844.75
900.5
920.0
980.0
975.25
968.25
982.5
982.0
913.25
888.75
873.0
843.0
829.25
800.0
787.25
786.75
780.75
784.25
780.0
774.75
764.0
758.75
779.5
799.25
850.5
899.75
930.0
958.75
952.5
959.75
981.25
965.75
933.0
891.25
852.5
810.25
792.75
774.25
768.25
770.5
758.25
757.5
749.75
752.75
750.0
741.0
757.25
760.0
763.75
758.0
779.5
781.0
789.75
796.25
818.0
806.75
810.25
809.5
821.0
802.5
795.25
774.25
776.25
760.25
756.5
758.75
751.25
751.25
755.25
756.75
749.25
758.5
757.0
758.25
777.0
780.25
739.75
722.0
723.5
729.25
730.75
720.75
729.5
722.0
723.25
711.5
711.0
737.5
765.0
783.5
773.5
756.0
760.0
748.5
749.75
777.75
801.0
837.25
891.75
931.25
931.0
938.75
899.75
914.5
908.75
883.75
850.0
816.5
794.0
760.0
740.5
731.0
746.0
764.25
760.25
763.75
762.75
754.5
762.0
780.75
819.75
851.75
911.5
934.25
966.0
929.0
905.5
911.25
923.75
929.0
915.25
889.75
849.0
812.5
796.75
800.0
791.5
765.5
768.0
758.25
769.5
762.25
754.0
774.25
810.75
837.0
917.0
916.25
934.75
947.0
951.25
974.75
989.0
942.0
915.75
886.0
855.25
817.75
805.0
795.0
802.5
789.5
781.75
780.0
769.25
773.5
771.0
783.75
816.75
851.75
936.75
930.0
973.75
957.5
989.5
986.0
1007.5
992.5
934.5
917.0
857.0
795.25
832.25
821.0
817.25
856.5
837.5
840.75
762.25
760.0
817.5
838.25
871.0
902.25
894.0
937.5
970.0
955.75
955.5
966.75
959.0
938.75
902.5
874.5
835.75
805.75
777.0
766.25
762.25
768.75
766.25
755.0
755.5
758.5
744.5
749.25
764.25
766.0
768.25
778.0
785.75
783.0
789.5
794.0
795.75
789.0
803.0
797.0
783.25
782.75
771.25
776.5
766.75
764.25
777.0
758.0
771.5
765.5
751.75
763.5
786.5
774.5
765.5
773.5
791.25
789.5
797.75
808.5
806.75
799.25
809.0
807.0
788.0
780.75
778.25
780.75
785.0
778.25
766.75
765.0
755.5
750.0
746.75
751.0
785.75
845.25
886.5
911.25
936.75
958.25
962.5
960.5
954.25
929.0
898.0
864.5
832.75
809.0
789.25
779.25
768.5
762.0
763.25
769.25
764.0
760.5
753.75
754.0
789.0
841.0
900.25
919.25
942.25
955.25
948.75
952.25
957.0
915.25
893.75
860.0
831.5
811.0
802.25
789.0
776.75
782.5
773.25
777.0
760.5
761.0
752.75
773.5
816.0
857.5
917.25
936.25
954.75
936.0
933.25
953.25
948.0
942.75
886.0
854.25
837.0
808.0
794.25
788.75
781.0
769.5
762.5
775.5
758.5
758.25
750.5
776.75
803.25
829.75
923.25
927.0
982.0
955.0
951.75
967.75
949.25
927.75
906.5
868.0
840.25
810.75
795.25
786.5
775.75
767.5
774.25
767.5
763.5
753.75
750.25
766.25
802.0
843.0
906.75
956.5
954.5
973.75
959.5
989.0
970.5
955.25
888.5
882.25
846.0
811.75
789.25
772.25
759.0
776.0
762.0
758.5
758.75
747.0
751.5
749.0
762.25
764.75
763.75
769.5
781.75
790.75
774.25
783.5
779.5
779.0
782.25
787.0
796.25
772.5
761.5
756.75
747.75
750.0
747.5
761.75
753.75
753.0
736.75
744.25
759.75
751.25
750.75
768.5
788.75
805.0
808.0
812.5
804.5
793.75
795.25
801.25
800.75
782.5
778.75
766.0
767.75
761.0
768.75
753.25
746.75
749.0
733.25
755.0
788.5
833.0
877.5
906.75
962.0
955.5
961.0
965.0
967.5
956.25
919.25
868.0
844.5
824.5
800.0
802.5
784.5
788.0
762.0
770.0
763.75
766.75
763.25
784.5
794.5
850.75
915.0
934.5
962.75
970.0
984.75
986.5
994.5
958.25
916.75
878.5
870.25
813.25
810.0
806.25
788.75
805.0
784.5
783.25
775.0
763.5
758.5
767.75
805.0
855.25
916.5
950.75
967.75
955.0
971.25
969.25
960.5
948.0
915.5
883.0
845.25
811.0
807.75
808.25
807.0
794.5
771.75
772.25
760.0
753.5
752.75
767.25
783.5
844.25
904.75
943.25
986.0
988.5
988.25
1012.75
990.25
982.25
925.0
895.75
851.25
839.0
813.0
794.75
793.75
775.25
776.5
766.25
762.5
758.5
767.25
774.75
799.0
881.0
924.0
942.0
970.75
954.25
968.0
983.25
958.5
943.75
931.0
879.5
864.0
819.5
795.25
796.25
784.75
771.5
778.75
774.5
769.25
763.5
761.0
765.0
789.75
773.75
795.75
799.5
810.5
824.0
821.5
823.5
814.5
817.0
831.0
831.0
836.75
809.0
790.25
785.25
774.25
777.25
795.25
766.75
766.0
729.0
698.0
719.5
746.0
747.5
767.25
759.5
776.75
763.25
794.0
788.5
795.5
680.0
658.0
661.0
714.25
805.75
793.0
771.25
772.25
767.0
761.75
753.25
747.0
749.5
746.5
762.0
798.0
840.25
901.25
920.5
948.0
954.0
965.25
957.5
975.0
951.0
919.0
890.5
871.5
846.75
818.25
814.0
818.5
795.25
788.0
781.75
783.25
773.75
763.25
786.25
809.25
872.0
908.5
940.25
973.25
977.75
961.5
977.5
933.0
891.5
872.5
858.25
828.0
795.0
769.0
745.0
744.25
743.25
752.75
749.5
729.5
742.5
733.25
736.25
776.5
805.5
858.5
887.0
960.25
951.25
936.25
940.75
927.5
903.0
878.5
846.0
816.5
787.5
771.5
771.25
751.75
740.25
738.0
740.5
736.0
755.75
732.5
751.5
757.5
787.0
795.5
800.0
796.5
796.0
807.75
799.5
801.25
788.25
779.25
775.75
765.5
755.5
740.5
744.25
741.0
745.25
743.5
740.0
745.75
737.25
743.75
745.5
765.25
772.0
775.25
793.25
808.0
808.5
804.0
808.75
816.0
816.5
806.5
796.25
788.5
772.75
758.25
751.25
754.5
756.5
756.75
763.5
762.0
773.75
770.0
774.25
779.25
777.75
781.75
797.75
786.75
805.5
814.25
820.25
811.5
812.0
817.5
821.75
810.25
803.75
791.5
791.75
797.25
789.5
781.0
777.5
772.75
778.25
778.0
773.0
783.75
798.25
793.0
791.5
792.75
796.0
800.25
794.75
806.5
803.25
813.0
820.75
824.25
816.0
808.25
806.0
802.75
801.0
798.75
802.0
794.0
786.5
782.25
801.25
823.75
865.5
911.75
933.5
980.25
975.25
983.75
992.75
986.5
953.75
918.5
894.0
866.5
854.0
832.5
816.0
810.0
807.75
801.75
788.75
789.0
787.0
782.5
790.0
813.75
878.25
934.75
955.0
994.25
1007.25
978.0
981.25
985.0
962.5
926.75
895.75
859.5
850.5
834.5
813.25
810.0
792.75
785.25
795.0
798.25
793.25
799.25
801.25
835.75
869.0
936.75
949.25
965.0
971.25
962.25
988.25
988.5
967.25
926.75
891.5
857.0
826.5
808.75
808.75
806.0
792.0
785.5
787.25
781.25
767.25
771.5
782.75
801.5
844.75
912.25
916.0
951.5
967.0
962.5
975.5
947.0
937.25
885.0
865.0
838.0
816.0
792.5
785.25
789.5
783.0
773.0
771.25
766.25
767.75
760.75
773.25
811.0
846.5
908.0
925.75
950.25
944.75
964.0
966.0
976.0
952.5
894.0
863.5
844.75
802.75
800.5
790.5
779.5
782.25
771.25
764.25
751.75
764.0
755.0
748.75
755.25
762.5
768.0
782.5
796.0
807.25
802.5
809.25
811.75
826.25
816.0
807.25
792.5
776.25
773.75
770.5
768.25
764.5
769.5
746.25
749.5
747.0
738.25
759.25
761.0
768.5
781.5
767.0
775.0
790.5
796.25
790.5
788.5
791.25
796.75
787.0
801.25
795.0
777.75
768.0
771.75
770.25
759.25
757.75
762.0
751.0
755.25
779.0
811.75
852.25
915.25
925.5
977.0
967.5
958.5
966.25
925.5
920.25
910.75
862.0
835.25
820.5
814.5
792.5
776.25
770.25
763.25
766.0
765.75
750.0
749.0
770.75
796.75
831.75
908.75
917.25
949.25
944.25
951.25
947.0
952.75
926.5
887.5
865.25
847.25
824.5
795.5
781.25
774.5
768.75
756.5
757.0
755.0
763.75
751.0
774.5
803.0
833.25
890.75
926.0
945.75
958.5
957.75
954.75
965.75
924.75
901.25
865.5
843.5
836.0
806.25
792.75
791.5
777.5
768.75
769.0
765.5
745.0
743.75
775.25
798.5
854.75
905.5
931.5
974.75
967.5
971.75
966.0
970.75
933.5
891.5
863.25
855.75
827.75
802.75
787.5
787.25
780.75
771.5
765.75
752.25
746.5
753.5
776.25
805.5
849.75
902.25
925.25
947.25
962.25
947.5
962.75
971.5
931.0
904.0
880.25
838.0
814.75
794.0
791.25
784.5
781.5
760.25
768.25
744.75
751.75
752.0
767.5
786.25
781.5
778.5
784.75
796.25
811.0
807.25
813.0
803.25
816.75
784.5
785.0
780.5
808.0
791.0
785.0
790.25
768.0
759.75
762.75
767.0
753.25
751.25
756.75
768.5
763.5
765.5
787.0
796.5
805.75
814.25
799.0
795.75
778.5
754.0
773.75
771.75
756.25
741.5
743.0
742.25
729.25
728.75
715.0
690.75
685.0
688.75
705.25
793.25
854.75
902.0
961.75
972.5
987.75
981.5
983.75
975.25
941.5
913.0
885.5
861.75
830.0
800.0
800.75
707.75
771.25
763.25
775.25
763.25
751.5
759.25
760.25
774.5
832.5
845.0
920.5
945.0
953.0
945.5
967.75
967.0
935.0
897.25
874.25
837.25
813.75
797.25
778.75
784.5
768.5
770.5
754.25
743.5
750.0
749.75
769.75
800.5
825.75
901.25
906.0
948.0
965.0
938.5
971.5
978.75
946.75
893.75
873.75
834.75
805.0
782.75
772.5
755.0
759.25
749.25
758.25
745.25
754.25
746.75
766.75
782.0
831.75
891.0
902.0
966.75
961.0
952.0
955.5
956.75
945.25
905.75
874.75
854.5
812.75
780.5
774.25
771.5
766.25
747.5
760.0
752.75
743.75
749.0
764.5
803.0
848.25
903.25
906.25
962.5
952.25
946.5
958.5
957.0
923.25
884.25
848.5
818.0
799.25
777.25
766.25
765.75
764.0
754.25
755.0
750.5
767.75
745.75
769.25
768.0
774.75
776.25
791.5
806.25
803.5
806.5
804.75
813.5
808.25
829.5
809.75
795.5
765.5
769.25
766.75
763.25
751.25
758.75
749.25
760.25
762.75
750.0
754.5
767.75
771.0
775.75
773.25
801.0
790.0
798.25
806.0
793.75
788.75
803.0
782.0
796.5
792.5
770.25
770.5
774.75
769.5
760.5
752.75
758.5
762.75
747.75
750.75
797.5
844.0
886.75
927.5
970.75
958.75
965.0
979.25
969.0
926.5
886.0
869.25
846.0
810.5
770.25
769.25
754.5
760.0
747.0
756.75
749.5
760.25
750.75
764.0
785.25
835.25
892.5
918.5
955.25
946.75
936.5
939.5
945.25
912.5
874.0
843.5
825.25
789.0
770.25
764.25
756.75
750.75
762.0
748.0
746.0
743.75
739.5
761.0
807.75
827.0
876.25
886.25
918.25
897.0
894.25
864.5
848.25
828.5
800.75
785.0
764.25
752.25
741.25
745.25
736.5
742.75
743.0
744.25
732.5
735.25
738.25
743.0
766.75
768.75
768.5
770.0
781.5
776.0
781.75
789.0
800.5
789.0
781.25
771.5
765.5
768.75
748.25
753.75
748.0
739.5
737.0
737.5
737.25
743.75
747.0
742.25
766.0
775.75
796.25
796.25
804.25
819.5
822.25
821.0
812.25
819.0
798.25
779.5
780.0
760.25
761.5
758.0
754.0
741.5
729.5
745.5
739.5
733.25
745.75
754.25
760.75
766.25
749.5
753.75
739.25
741.25
767.75
778.0
782.25
768.0
778.5
776.0
789.5
755.25
759.5
762.0
755.25
752.25
746.75
748.25
748.0
746.5
739.75
751.75
757.75
763.5
764.5
777.0
760.5
764.0
766.25
762.0
779.75
767.0
769.25
763.0
769.25
753.0
747.75
749.5
748.0
741.5
740.5
733.5
747.0
737.0
734.25
739.25
790.25
818.25
877.25
886.75
922.0
927.75
938.75
932.0
946.5
906.0
875.75
836.5
816.25
789.0
785.5
775.5
775.75
773.0
771.0
765.75
761.75
767.5
775.25
768.25
803.5
850.0
887.25
902.75
949.5
937.5
942.25
949.5
949.0
904.75
862.0
841.0
810.25
797.0
780.0
771.75
755.25
753.5
760.5
751.25
762.75
762.0
778.25
779.25
805.5
845.75
893.0
907.5
946.0
913.5
905.25
935.0
903.25
871.75
826.5
812.0
779.0
767.5
745.0
747.25
744.5
743.5
737.0
743.75
735.5
740.25
732.5
752.25
776.75
767.75
794.25
785.25
785.25
802.25
789.25
787.5
780.5
793.5
781.5
788.0
771.25
755.0
754.0
742.25
752.25
747.25
744.5
734.25
735.25
745.0
740.75
759.0
760.5
766.75
784.5
819.0
815.0
841.25
836.75
827.5
837.0
839.0
794.5
774.0
776.75
767.0
756.75
746.75
773.0
752.25
751.25
741.75
743.5
741.25
744.75
740.5
761.5
765.5
760.0
770.75
765.25
783.0
778.75
802.5
775.25
786.0
771.5
770.75
776.0
755.5
748.25
752.0
744.75
747.75
733.75
747.75
734.75
755.75
744.0
750.75
760.75
764.75
754.5
770.5
771.5
783.25
786.5
793.0
814.5
790.5
780.0
785.5
800.0
768.25
768.25
763.75
762.0
757.0
752.5
759.5
748.25
751.5
760.0
761.75
808.75
837.25
907.25
935.75
991.0
955.5
953.75
983.5
963.25
941.25
897.5
875.0
843.0
817.75
800.25
798.5
785.75
775.25
776.25
771.0
767.75
758.5
761.25
782.75
808.75
854.75
905.25
928.25
955.75
949.5
959.25
962.0
956.25
939.5
898.75
867.75
833.25
810.5
802.5
782.75
777.25
773.5
776.0
774.5
763.25
763.25
752.5
773.0
825.5
836.0
893.0
938.5
966.25
960.25
992.5
1008.0
1015.0
969.0
917.25
878.0
858.75
826.75
800.25
803.25
788.75
794.75
787.5
785.5
797.0
801.0
793.0
812.75
845.5
891.75
933.5
940.0
949.75
969.5
985.5
982.0
976.25
956.75
912.5
860.5
839.5
806.5
788.25
765.0
771.0
765.5
765.25
756.0
756.25
765.25
753.75
767.5
806.75
839.75
907.5
932.5
956.5
987.0
970.5
960.0
972.0
954.75
921.75
874.75
839.0
810.5
779.25
782.25
776.0
772.0
763.25
765.0
768.75
762.0
763.0
768.25
775.25
772.25
778.5
776.0
811.5
808.5
830.75
808.5
825.75
807.0
825.25
814.25
813.25
789.75
777.0
780.0
773.0
763.5
763.75
751.5
755.25
759.25
763.0
767.25
767.75
775.75
762.75
782.5
781.5
806.25
810.5
809.75
806.0
801.25
796.25
816.5
810.5
790.75
786.75
767.5
765.0
753.0
760.25
761.75
765.0
759.5
755.0
772.0
800.25
842.0
883.25
921.5
951.75
961.5
973.25
1004.5
1003.5
975.25
938.5
897.0
862.25
828.75
813.25
797.5
798.75
798.5
788.0
789.0
786.0
787.25
781.75
781.5
810.0
855.0
918.75
943.25
971.0
982.5
996.0
1010.5
987.25
969.5
916.5
896.25
880.0
836.5
814.75
803.25
790.0
792.25
775.5
765.75
775.5
774.5
769.5
793.5
815.5
850.75
918.5
934.0
929.0
980.75
974.25
992.0
1005.5
956.25
905.25
882.5
843.75
834.0
806.5
798.25
798.0
778.0
777.75
761.0
768.0
766.5
763.25
769.75
810.75
857.0
903.5
946.75
1013.0
972.5
969.75
972.5
968.75
942.5
906.75
871.0
847.75
829.0
803.0
790.0
784.25
784.5
766.25
772.25
766.75
753.25
779.0
770.25
806.25
841.0
892.5
930.0
963.75
970.25
966.0
959.5
951.75
921.0
892.0
867.0
845.5
810.75
802.5
782.75
775.0
775.0
763.25
774.25
754.25
757.0
757.0
772.75
783.25
779.0
775.25
786.0
806.5
809.75
829.5
818.5
816.5
820.25
813.75
807.75
805.25
786.0
777.0
769.5
766.75
768.0
752.5
756.25
751.0
759.75
746.0
757.0
756.25
758.25
771.5
771.0
785.75
797.25
802.75
819.0
809.75
804.25
793.5
788.75
790.25
777.25
762.75
776.25
759.25
772.5
755.0
744.5
749.75
747.0
746.75
751.0
766.5
790.5
803.25
838.5
851.75
864.25
872.5
890.5
869.75
868.75
846.75
836.5
814.75
805.25
775.25
775.25
762.0
762.0
756.25
766.0
745.5
749.25
742.5
766.5
783.75
835.75
889.0
902.75
954.25
961.75
954.75
973.5
968.0
945.25
905.5
877.0
845.25
821.5
809.25
777.0
784.5
772.5
766.5
759.25
758.0
750.5
763.75
771.75
794.5
843.25
910.25
946.5
972.75
953.25
972.25
956.25
954.25
934.0
904.25
871.75
851.25
805.75
789.75
786.75
779.5
775.5
761.75
754.0
759.25
752.25
742.5
773.25
794.25
827.5
917.25
908.25
982.0
961.0
972.0
980.75
954.5
933.0
902.75
883.25
843.5
823.5
807.25
793.0
789.25
782.5
781.75
769.75
769.0
766.75
765.5
769.75
808.0
838.75
911.5
921.25
963.0
967.25
971.5
999.25
990.5
967.5
920.75
883.25
853.0
828.75
798.5
780.75
766.5
765.0
780.5
766.75
770.75
764.0
757.75
758.75
769.5
767.75
769.75
801.0
801.75
822.5
838.75
824.75
826.25
845.25
829.5
816.0
813.5
805.5
777.5
783.0
770.5
778.75
765.75
760.25
744.75
750.75
737.75
744.25
749.75
751.75
750.75
755.25
772.75
816.0
804.25
800.75
812.25
821.0
821.75
818.75
809.5
784.25
763.75
755.5
759.0
742.75
738.25
744.75
740.75
761.5
750.5
753.25
794.0
830.5
897.5
916.5
966.0
978.0
969.0
973.25
983.75
947.5
923.0
881.0
863.25
834.75
809.75
804.25
782.5
789.75
784.5
774.0
772.75
771.5
777.0
786.0
810.75
854.75
904.75
929.25
954.25
970.25
976.75
975.75
977.25
948.0
916.0
903.75
876.75
826.5
818.75
810.0
799.25
785.75
780.25
775.25
779.75
761.5
776.75
790.0
657.25
812.75
923.25
925.0
949.5
948.5
945.75
956.75
963.75
914.5
888.5
874.25
837.0
808.75
786.75
770.5
755.25
744.75
738.75
747.25
752.0
740.25
732.25
747.5
763.75
807.0
884.5
901.25
949.75
946.0
942.0
950.75
949.75
922.5
882.0
844.5
825.5
786.75
773.5
757.25
747.75
753.75
757.75
742.5
740.75
737.25
740.75
757.25
780.0
811.25
894.0
894.0
923.5
916.0
919.0
902.0
907.5
907.0
875.75
853.5
816.0
778.0
766.0
743.0
738.25
744.0
727.0
729.5
735.75
727.75
741.75
728.5
742.0
729.0
741.0
752.5
772.5
775.5
773.5
786.0
782.25
787.75
788.0
768.0
756.5
751.5
737.0
745.25
738.0
728.0
715.75
727.5
725.5
720.75
721.75
726.0
738.0
734.0
743.0
748.75
753.0
764.5
772.5
770.5
768.5
775.5
771.75
761.25
760.0
755.25
749.75
737.25
740.0
735.5
731.0
724.5
727.75
733.25
725.25
744.0
766.25
801.75
868.0
905.0
932.75
933.25
930.0
948.5
932.0
918.0
877.25
856.5
815.5
784.5
767.75
773.0
757.75
757.25
760.0
751.5
741.25
734.25
746.75
739.25
772.0
804.5
879.5
880.75
951.5
922.25
941.75
939.0
942.25
920.0
871.5
841.25
824.75
803.25
796.0
787.75
756.5
752.0
740.75
734.0
727.75
739.75
739.5
736.75
768.75
809.75
886.5
909.75
930.0
941.5
927.5
954.0
947.5
913.0
871.0
849.25
840.75
792.0
760.25
767.75
765.5
749.25
756.75
751.5
738.5
749.75
746.5
751.5
773.25
843.25
880.75
915.5
948.75
955.0
928.75
931.0
926.5
897.0
883.25
847.0
829.0
794.5
780.25
770.5
761.0
745.25
747.25
729.25
740.75
730.0
730.75
752.75
781.25
818.75
866.5
902.0
945.0
933.0
919.5
970.75
951.75
934.75
875.0
852.5
817.5
807.5
770.0
749.0
754.0
747.5
742.5
754.75
748.75
745.0
740.0
743.5
751.25
753.25
752.5
769.5
786.0
778.25
792.5
784.5
793.5
794.0
803.75
787.75
778.75
771.0
768.0
752.75
757.25
748.75
748.25
735.0
726.5
743.0
720.25
741.75
746.75
743.5
735.75
756.25
769.25
794.0
777.5
785.75
788.75
788.5
793.0
768.0
782.25
761.25
754.75
758.5
755.75
730.25
733.0
726.0
725.75
721.0
722.0
748.25
763.75
803.25
865.75
888.25
909.5
927.75
944.0
945.25
955.75
931.0
891.25
864.75
825.75
803.25
782.5
773.25
753.75
747.0
746.5
731.75
744.25
732.25
734.25
746.25
771.75
817.75
883.0
909.5
946.0
946.0
1003.25
984.5
941.25
900.0
866.75
862.0
827.0
800.75
784.5
769.25
758.5
747.25
738.0
735.25
741.75
736.25
730.5
745.25
778.75
820.0
878.0
902.5
922.25
930.0
952.25
951.25
953.0
928.75
894.75
854.25
821.75
791.5
787.5
781.5
781.25
759.25
750.75
759.25
749.25
748.75
743.5
766.0
782.25
829.5
887.0
913.0
932.5
939.75
942.75
947.5
949.75
914.5
973.5
921.5
869.0
850.5
832.0
828.75
808.25
816.0
791.25
808.5
798.5
770.0
764.0
785.0
802.25
849.5
897.75
907.0
931.25
938.25
942.75
946.5
939.75
910.75
886.25
843.0
827.0
789.5
764.25
753.25
752.75
739.75
741.5
732.5
742.25
742.5
731.75
744.75
758.75
761.75
775.0
799.0
807.0
824.0
825.25
832.0
817.0
809.75
816.0
804.5
797.25
778.25
777.5
770.0
767.25
755.0
754.0
753.0
752.75
748.0
739.75
754.25
759.75
752.5
757.75
781.5
787.75
790.5
800.0
795.5
791.5
800.75
788.5
805.75
799.25
778.5
763.25
763.0
759.25
747.75
749.5
748.25
740.0
743.25
744.75
754.75
776.0
828.0
882.0
920.25
935.0
941.75
948.0
939.25
938.5
916.0
884.25
858.25
846.25
827.0
793.75
789.0
773.25
767.75
758.25
757.25
750.75
750.5
746.25
761.5
781.5
835.25
886.25
897.75
965.25
952.25
954.75
984.25
960.5
948.0
890.25
885.25
840.25
814.5
791.0
769.25
771.25
766.5
754.5
761.25
747.5
757.0
758.25
769.0
797.75
839.5
912.75
921.75
944.25
959.25
976.0
986.0
975.75
947.0
919.0
900.0
868.5
842.0
817.25
808.5
795.0
791.0
777.0
781.0
771.0
771.25
780.25
791.0
819.75
860.75
931.0
945.0
985.25
977.5
971.75
986.0
976.75
960.5
922.0
882.0
865.5
828.75
807.0
792.0
786.25
793.5
778.0
773.75
773.75
776.0
756.5
782.25
804.25
855.25
901.5
923.25
968.5
967.5
966.75
968.5
965.25
925.75
880.5
859.0
827.75
812.0
774.0
766.5
761.5
749.0
748.5
747.0
750.75
746.25
744.75
748.0
751.5
752.0
759.0
769.5
786.75
785.25
793.0
812.25
801.5
813.75
802.5
799.0
787.25
779.0
768.5
768.75
766.25
761.5
745.25
756.25
754.5
746.25
745.0
755.5
769.75
766.5
773.5
793.5
795.25
804.0
806.25
811.75
804.25
807.5
817.75
816.0
818.5
804.0
787.5
785.75
785.5
769.0
765.25
767.5
755.75
773.25
770.25
797.0
810.75
861.5
934.25
948.25
983.75
961.75
969.75
963.0
931.75
933.0
908.75
876.75
854.0
811.5
778.0
780.0
769.5
773.75
744.5
754.5
737.25
746.5
738.0
761.0
788.75
813.25
884.75
905.75
925.25
920.0
936.25
946.75
934.5
913.0
876.5
845.75
827.0
798.5
781.0
782.75
774.25
763.5
749.25
743.25
746.5
736.75
742.0
769.0
787.25
822.25
886.25
916.75
941.25
929.75
945.0
950.75
967.5
908.5
883.0
856.5
834.0
806.5
776.75
786.0
777.25
755.75
767.0
758.0
758.0
762.25
748.25
777.25
796.0
837.25
896.5
922.75
969.5
960.75
955.0
964.75
975.5
940.5
894.25
858.75
837.0
794.75
791.75
781.25
777.75
772.25
770.75
758.75
767.75
755.0
762.25
777.0
801.75
828.25
902.0
926.0
977.75
968.75
969.0
979.0
976.5
929.25
908.5
858.5
846.0
805.0
789.75
778.5
764.0
761.5
764.75
761.0
751.25
752.5
763.25
770.0
784.25
771.25
785.5
792.75
810.75
819.5
812.5
797.25
809.0
815.25
814.75
821.25
811.75
787.25
792.5
782.25
774.0
792.75
761.25
759.25
751.5
748.75
747.5
744.25
770.0
752.5
771.25
767.75
790.75
787.5
788.5
789.0
795.5
789.75
787.75
789.25
789.25
782.75
780.5
767.0
774.5
758.5
743.0
746.5
742.25
732.75
743.25
769.5
791.75
829.0
900.25
910.0
957.0
946.0
931.25
939.0
953.25
928.0
892.75
849.25
831.25
803.75
792.25
771.25
770.0
755.5
754.5
749.5
746.25
738.5
746.25
772.0
792.75
816.75
882.5
905.5
949.75
942.0
939.25
935.75
942.0
912.5
891.25
852.0
828.75
816.5
797.75
779.25
776.5
763.0
751.0
761.5
753.5
752.0
748.25
770.25
801.0
841.5
898.0
918.75
967.25
963.75
966.5
975.5
957.5
931.75
902.5
873.75
849.25
825.25
803.0
792.0
791.0
769.75
768.0
760.0
759.5
752.5
759.25
777.75
795.5
848.0
915.0
944.5
960.0
950.5
974.25
972.0
943.5
923.75
891.5
860.75
856.0
811.25
794.0
784.0
779.0
760.0
760.25
780.75
737.5
746.0
742.75
763.5
788.25
831.5
891.75
924.75
939.5
938.5
956.5
938.25
927.5
915.0
888.25
855.5
815.5
789.25
775.25
761.25
770.75
765.75
754.0
740.0
732.0
737.5
729.5
735.5
741.25
751.25
759.0
770.5
785.5
782.25
804.5
793.5
781.25
783.25
801.0
807.25
791.0
779.5
775.25
763.5
751.0
745.0
742.5
737.75
736.75
751.0
745.0
743.5
748.75
753.0
766.0
775.5
787.0
788.5
801.5
793.75
789.25
792.25
802.25
792.5
774.25
771.25
762.5
760.5
743.75
743.75
730.0
736.75
745.0
736.5
745.75
796.25
828.75
863.5
907.5
927.5
939.75
890.75
882.75
876.25
847.25
803.75
784.25
758.0
744.5
717.75
735.0
755.75
765.0
743.75
743.75
743.75
732.75
732.0
752.75
783.75
825.0
896.25
903.0
938.5
883.75
891.25
896.0
884.5
853.5
833.25
803.5
773.0
749.75
722.25
736.5
761.25
763.25
749.5
745.25
730.25
729.25
736.5
738.75
783.75
817.25
891.5
916.25
941.0
899.75
897.25
908.25
891.25
888.25
851.5
815.0
784.75
752.25
734.5
740.75
759.25
767.5
767.0
755.5
758.75
737.0
744.75
768.5
777.5
823.5
884.75
910.5
941.25
922.25
889.75
892.25
876.0
858.75
828.75
811.75
770.75
750.75
739.0
739.5
724.0
723.75
705.0
694.75
697.25
697.5
678.0
699.25
741.5
822.0
887.0
927.75
907.0
897.25
904.5
896.0
903.0
855.0
818.25
810.25
768.75
751.0
755.5
775.5
772.75
754.75
751.0
739.0
736.25
741.75
734.0
733.0
748.75
747.0
759.75
775.75
775.75
754.0
742.75
734.5
725.5
731.75
734.25
726.75
743.75
711.5
701.5
706.0
687.25
715.25
752.75
740.75
736.0
732.25
739.5
740.0
732.25
740.0
728.0
701.0
701.0
710.0
712.0
725.25
745.25
727.25
716.5
734.75
730.75
735.75
740.25
740.0
732.25
728.25
731.75
703.0
696.75
702.0
696.5
704.5
730.75
791.5
828.0
853.5
879.0
891.25
903.75
883.25
891.5
864.75
833.25
862.25
820.0
807.5
777.0
773.75
752.5
755.0
730.0
724.5
731.25
720.75
718.0
739.25
770.5
809.5
882.75
912.25
945.0
920.25
955.75
952.75
950.25
928.75
919.25
855.0
837.0
814.5
790.75
783.25
765.5
753.5
738.25
738.75
727.5
730.25
735.75
749.75
784.0
822.0
857.5
924.75
928.25
935.0
933.0
954.5
938.75
914.75
890.25
859.0
822.0
800.75
786.5
777.0
765.0
782.0
764.25
751.25
734.5
740.5
746.0
760.0
780.25
826.5
883.5
915.0
942.5
927.5
934.25
939.5
889.75
865.0
837.5
819.25
805.25
794.0
770.5
758.0
757.25
762.75
758.5
753.5
749.0
741.25
754.25
754.25
769.75
822.75
882.5
901.5
945.5
939.5
951.0
888.5
880.25
857.75
805.0
772.5
760.0
736.25
754.5
758.5
754.75
755.0
746.5
736.5
718.75
728.75
721.5
726.25
733.75
749.5
757.0
772.75
765.25
774.75
780.5
783.5
789.0
796.0
795.5
781.5
772.75
767.25
750.25
727.25
734.75
742.0
728.5
734.0
731.75
726.25
731.25
722.5
726.75
731.0
746.5
757.5
769.5
774.75
784.0
783.75
774.5
783.25
786.0
798.0
763.75
766.75
766.0
764.0
751.0
744.75
741.5
734.75
729.75
721.0
734.5
741.0
774.0
827.75
868.75
904.25
916.0
916.5
924.75
948.75
929.25
895.5
871.25
843.25
821.0
790.75
793.5
777.75
760.0
757.5
744.25
750.75
738.0
726.0
730.25
740.0
766.25
841.5
880.0
913.25
945.75
948.25
938.0
942.75
954.25
922.75
899.25
868.75
834.75
804.0
788.75
774.75
754.75
756.5
752.5
739.5
736.0
731.5
728.0
745.75
772.5
821.25
885.0
919.25
941.5
949.0
923.25
954.0
947.25
943.5
888.5
857.5
828.0
806.25
776.75
766.0
761.0
753.5
738.25
740.25
723.5
731.75
724.0
736.5
760.75
815.25
884.0
920.75
942.25
942.5
938.5
966.75
950.5
905.75
883.75
843.25
833.75
802.0
778.0
773.5
768.75
766.75
757.25
736.0
741.0
743.0
736.75
756.25
780.5
837.75
884.0
910.75
943.0
956.5
947.25
963.75
946.75
929.25
882.75
867.75
833.0
798.75
776.25
772.5
751.25
748.0
730.0
726.5
729.75
734.75
736.25
739.25
740.75
742.0
757.5
770.75
786.75
788.75
805.0
800.75
805.25
804.75
806.0
800.75
790.0
778.75
771.75
760.25
753.5
746.75
756.0
729.0
718.5
725.75
738.0
740.5
744.75
742.0
747.5
764.0
778.25
773.25
767.25
775.25
761.25
709.5
743.5
717.75
732.0
725.5
737.75
777.25
747.75
752.25
739.0
727.0
738.25
733.5
735.5
749.5
775.25
805.0
865.75
894.5
937.5
949.25
908.75
907.75
893.25
874.5
853.75
801.5
786.25
762.25
769.25
796.75
777.75
774.75
766.0
747.5
748.5
752.25
747.75
762.75
789.0
835.75
901.5
894.75
920.0
867.25
861.0
882.25
884.25
845.0
819.75
797.75
766.0
739.5
733.5
726.25
718.25
699.5
692.0
685.0
685.75
680.25
679.25
683.75
719.0
769.0
812.0
863.0
894.5
877.5
873.5
891.5
935.25
935.0
919.5
881.25
861.5
801.25
777.75
755.5
746.0
743.5
724.0
703.5
706.5
689.0
684.75
727.25
756.5
835.75
906.75
854.5
897.75
912.25
904.5
912.5
913.0
897.25
872.75
819.25
795.25
753.25
736.25
748.25
775.25
757.0
752.0
747.75
739.0
747.5
726.0
745.25
788.25
838.5
883.5
904.5
932.0
947.25
946.0
961.5
925.5
916.0
883.25
834.75
815.25
813.0
768.5
757.5
732.75
737.25
729.75
732.25
726.0
722.25
739.75
734.5
747.75
753.0
756.0
798.5
788.5
801.25
788.25
739.5
741.0
729.5
739.5
725.75
727.0
715.0
752.25
759.75
762.75
759.0
761.75
736.25
733.25
722.5
727.75
739.75
739.75
751.0
752.25
775.25
778.75
779.5
743.5
745.75
724.25
706.75
735.5
722.5
730.5
770.5
772.25
760.5
756.0
749.75
730.75
732.0
729.75
724.0
728.0
737.75
780.5
823.75
871.25
904.75
938.75
937.75
943.0
935.0
949.25
919.5
885.75
864.5
835.75
814.25
793.25
789.5
773.5
759.25
758.5
752.75
742.0
747.25
727.75
744.25
792.25
828.5
899.25
909.25
961.75
941.0
914.5
957.25
961.25
918.25
892.75
846.0
829.5
805.25
800.5
772.5
765.5
756.5
762.75
744.75
747.5
734.25
723.75
762.5
791.5
848.75
897.75
902.75
953.75
949.5
924.25
961.75
966.0
898.5
884.0
881.0
856.75
818.75
785.25
779.75
765.25
764.25
757.25
772.0
756.5
751.5
748.25
743.0
796.0
862.5
888.25
927.0
964.0
966.25
946.5
948.0
946.75
928.5
892.25
861.25
831.0
807.0
782.75
786.25
779.25
758.0
748.75
743.25
744.0
740.25
732.75
748.0
788.75
844.0
888.25
917.5
962.75
933.0
937.75
913.5
887.75
868.75
814.75
771.5
755.5
721.0
706.75
689.25
679.75
700.75
735.75
724.25
714.25
730.5
709.0
734.25
730.25
742.25
750.25
698.75
706.0
710.75
725.25
707.25
709.25
701.75
704.5
691.5
687.5
688.75
695.25
689.25
708.5
698.0
688.5
667.5
666.0
669.0
674.25
658.25
682.75
673.75
691.5
698.5
702.25
699.5
718.25
724.75
727.5
742.75
745.25
725.0
717.5
714.0
709.5
695.25
710.25
684.75
685.5
677.25
680.25
667.75
667.0
699.75
759.25
827.25
849.5
845.25
884.0
887.75
887.25
897.75
900.5
855.0
831.0
793.5
778.75
756.5
752.25
729.5
737.5
708.5
705.5
726.5
748.25
751.75
737.5
760.5
792.75
819.25
863.5
863.75
908.5
887.0
858.75
881.25
887.25
864.25
841.5
822.5
795.5
759.25
726.0
746.0
748.0
741.75
726.25
718.5
711.25
702.5
696.0
709.75
769.75
789.0
845.25
848.5
907.5
879.5
896.5
911.5
903.75
880.0
855.0
821.75
783.25
759.5
746.5
759.0
755.0
736.75
734.25
717.5
696.25
715.0
712.25
713.75
753.0
785.25
838.5
875.5
920.75
913.25
894.25
892.5
885.75
880.0
855.0
824.25
784.75
754.5
720.75
707.75
708.5
715.25
715.0
698.25
699.5
692.25
682.75
712.0
734.5
777.25
828.25
864.25
925.75
892.0
898.0
900.75
914.25
863.0
871.0
825.25
787.0
739.75
743.25
717.5
724.0
725.75
707.5
686.75
689.0
706.5
687.75
678.5
714.0
678.25
691.5
697.25
740.75
753.75
741.0
746.5
760.75
749.0
736.25
715.0
707.5
700.0
692.5
703.25
694.25
696.0
692.5
682.5
674.75
670.75
666.25
698.75
708.0
735.5
734.75
707.75
704.0
721.25
728.0
736.5
723.0
710.5
707.75
709.75
723.75
735.5
749.25
719.5
736.25
740.5
730.0
724.5
715.5
714.0
733.5
745.25
763.25
822.25
870.0
898.25
904.75
885.5
910.0
913.0
909.25
911.25
861.5
845.75
831.5
789.0
784.0
759.5
748.75
762.5
746.0
743.25
740.75
727.75
740.0
745.75
772.25
831.25
882.5
903.0
945.75
921.0
932.25
924.0
942.25
912.75
884.0
863.75
854.0
820.75
818.0
790.75
778.0
782.0
774.5
750.25
761.25
763.25
754.0
769.25
819.0
844.0
888.75
911.75
935.5
971.5
939.5
934.75
947.0
938.0
885.5
832.75
824.75
817.75
801.25
787.75
771.0
774.75
763.25
763.25
757.25
755.5
760.75
768.5
797.5
843.5
900.75
918.75
965.0
954.0
914.5
914.5
914.25
880.0
852.5
827.0
798.5
792.5
774.75
802.25
803.75
798.25
780.75
779.75
785.0
786.5
784.75
792.25
821.5
849.5
903.0
878.0
894.5
907.75
905.0
892.5
897.5
900.25
856.75
856.0
840.5
820.25
803.0
789.0
784.0
761.75
759.0
648.75
797.5
762.25
756.0
761.5
769.5
788.0
665.0
648.0
696.0
751.75
748.25
752.5
751.5
757.75
756.0
753.5
739.25
742.0
726.5
725.0
719.25
738.25
768.0
764.25
754.25
762.25
770.25
753.5
764.75
769.25
777.25
730.0
728.5
751.5
743.0
742.25
737.75
734.25
754.0
762.75
750.25
754.25
750.25
744.75
735.5
727.25
741.75
774.5
773.25
768.5
776.25
782.5
819.0
869.75
882.5
888.75
924.75
922.25
918.75
902.5
894.0
872.0
845.5
806.0
773.0
754.0
746.5
744.75
737.0
720.5
700.75
716.0
711.0
716.75
699.0
737.25
796.75
812.0
853.5
850.25
874.0
883.75
879.75
886.5
890.0
869.5
841.5
817.0
791.0
770.5
746.0
743.5
741.75
718.0
701.5
701.75
687.5
688.75
723.25
768.75
799.5
835.25
848.5
866.0
858.25
882.75
887.0
882.5
882.25
866.75
821.0
795.75
762.25
737.5
734.5
732.25
735.0
716.0
704.0
699.0
685.75
677.0
675.25
724.75
789.75
845.25
863.5
866.0
929.0
901.75
910.5
893.25
908.5
868.25
827.0
797.25
774.75
760.0
739.25
728.0
741.5
717.0
