121.2
125.89413
120.0
119.0
122.9999
123.0
123.0
118.3
122.2
121.3
122.5
124.63325
126.29996
124.5
126.36661
124.8
124.19999
122.26674
123.5
120.3
120.26671
123.0
120.3
117.0
118.7668
119.5
119.5
109.95318
122.0
122.99997
121.5
120.8
118.50012
119.5
121.5
121.0
123.8
122.5
128.50001
126.2
127.5
121.09092
123.79994
123.20005
124.80004
122.20001
123.5
122.8
120.46664
121.5
124.30005
126.5
125.5
125.0
130.7
133.8
159.70004
198.3
204.5
205.5
214.70006
219.80004
209.2
204.99999
206.9999
201.36673
171.49998
157.8
145.5
137.7
134.00003
131.3
128.0
129.7
131.8
134.2
134.0
131.8
134.69995
141.79995
161.7
202.5
206.99994
206.0
209.7
204.50005
206.3
200.0
200.0
191.0
164.2
151.0
133.3
129.2
125.46662
125.99999
119.79999
122.43343
122.13348
120.23328
123.90001
123.23334
126.13339
131.29993
156.86669
190.76666
201.03327
209.5
208.00009
206.40009
204.2
204.8
202.52794
194.69995
164.03646
156.7
139.09095
133.14998
126.0
126.49996
119.69989
124.99995
122.0
127.0
123.5
125.80004
123.96676
133.79995
153.7
194.3
205.2
206.0
205.0
203.49994
202.36665
199.7
196.0002
190.73327
162.0
149.5
137.0
127.7
124.3
127.2
120.0
123.99998
121.30003
125.5
124.56668
124.7
125.5
135.0
159.0
192.0
194.49988
199.30001
200.19999
196.3
195.2
194.56651
184.8
180.2
155.0
147.80004
134.93349
128.2
125.0
125.5
121.8
124.0
122.5
126.7
120.00003
122.3
121.0
120.76362
121.35012
119.3
124.2
121.3
128.0
125.49995
124.58186
124.56671
124.3
123.0
122.69993
121.3
118.7
120.8
119.67278
120.24999
114.50006
120.00004
118.36361
121.35007
117.8
117.70003
120.50004
121.5
119.50006
122.8
122.00005
119.19998
124.90902
120.09998
124.5
123.30003
125.5
121.20005
122.86658
122.7
122.29982
121.70003
124.5
120.0
118.49995
120.8
119.5
125.0
122.5
126.00003
125.7
134.6332
161.0
197.0
207.79993
207.70007
206.76635
202.3003
206.0
201.00013
200.0
185.80004
160.50002
149.00005
133.2
127.19985
123.20007
122.3
120.50005
123.5
122.7
125.5
124.99999
124.5
123.5
131.50005
154.5
186.93339
206.5
203.33326
205.50002
201.5
196.94546
195.20013
194.26665
187.79994
160.36662
148.03334
133.03329
128.6182
127.16664
124.16685
120.50003
127.2
123.0
124.3
129.07795
129.7
128.3
141.23332
163.2
204.8
209.69996
207.33329
209.26647
209.5
202.5
200.93325
191.03361
186.7
164.3
147.70004
140.29994
131.2
129.0
124.0
122.5
124.3
123.7
129.8
127.7
127.5
128.8
137.0
159.2
195.99998
204.8
201.2
203.23638
198.43346
194.3
197.7
192.54541
190.99991
161.23636
151.93316
135.00004
130.8
127.0
125.0
121.2
121.8
122.0
129.7
125.5
124.5
125.5
137.0
161.43347
198.00008
200.80002
202.50002
208.0
200.50002
197.7
201.63318
193.5
185.5
160.5
152.5
133.49994
128.43332
127.5
121.7
122.8
123.0
124.2
126.3
125.5
121.7
124.3
122.7
126.29997
122.7
124.0
125.8
124.50008
125.5
124.73307
122.5
123.0
126.3
121.5
122.46652
123.5
121.5
120.7636
123.60003
118.2
119.8
121.0
128.7
119.5
120.0
122.06679
124.0
120.8
125.0
122.0
122.7
124.0
121.96373
122.40019
129.5
125.2
123.8
122.70002
124.8
126.0
122.49996
120.30013
123.8
119.2
123.5
120.8
125.7
129.63329
124.2
129.8
136.7
167.06647
202.00002
211.2
208.8
212.49991
208.00005
202.10909
203.6666
203.99992
193.79991
159.69994
154.0
135.3
129.5
124.0
126.7
119.8
125.2
124.0
128.5
125.3
129.7
126.3
137.7
161.5
201.0
211.5
215.3
212.40023
212.29993
204.2
201.79986
202.00007
197.03327
166.03348
153.0
141.29999
131.7
128.8
124.2
122.3
123.13345
124.14544
126.33327
126.66663
127.36668
129.63334
131.99998
159.49995
196.50013
201.83339
201.86663
204.36656
201.36669
200.63327
201.20005
195.1334
189.5668
160.89983
150.9001
137.56671
127.90003
123.99986
124.93326
121.16665
121.23327
125.60008
123.53312
126.36678
128.70007
126.06673
138.06677
155.96671
194.10017
207.46687
209.30006
205.33354
202.26679
200.93338
198.0666
195.93332
186.53322
165.49993
149.33333
138.6333
128.29997
122.63333
129.56671
120.43334
122.89985
122.99994
128.09993
125.56665
129.30005
126.80003
138.66662
160.36671
193.10003
201.83324
204.1
204.66662
195.36668
194.79982
193.49994
191.30001
183.2334
159.4333
148.53325
134.63321
128.90007
121.56675
123.36664
118.39992
123.39993
121.50005
124.73322
120.59997
121.23348
121.50014
122.16673
122.13329
120.76674
118.46654
120.46665
123.63334
122.66657
120.8333
121.56656
127.93346
126.50001
125.83345
126.96668
124.66665
124.9334
126.99999
133.20007
128.60005
131.63329
132.43332
134.09983
131.59999
129.1333
132.53343
130.63334
134.30008
130.93348
129.50008
127.73332
127.46675
125.33339
126.7333
125.73322
130.06671
125.76669
128.53322
128.33336
128.90006
124.8333
120.3333
118.36671
117.0
119.39999
115.89987
120.96648
122.16661
122.26661
124.69998
131.46669
157.90021
191.96681
200.80004
203.4333
203.9
198.33335
199.46659
199.19996
202.30006
196.0667
168.20004
152.26674
139.46668
132.76659
130.66658
128.00008
125.33332
127.99998
126.09996
129.69991
131.2334
129.16675
127.90012
136.1999
163.60017
195.23348
209.93344
208.73332
210.50002
206.06654
207.19994
202.64991
199.16663
188.63343
163.73326
154.90008
138.33341
135.30006
130.76677
128.63341
122.91991
126.55552
126.06671
124.66653
130.76687
127.06682
129.06649
136.73334
160.5335
182.36668
190.46662
190.96659
193.83341
189.43333
183.89978
183.90006
179.89998
169.59999
152.13312
145.76674
135.59994
127.39995
123.06655
122.16661
119.6334
125.30011
124.40006
124.29978
128.90007
124.80002
123.90009
126.00001
136.66661
139.36661
144.86674
146.36663
144.63337
144.70006
143.63339
145.1333
146.8
142.76667
148.29997
145.86675
137.89997
129.03319
127.53339
125.53343
119.49996
124.23328
124.76666
130.83316
122.66658
125.50002
125.4667
125.59997
138.96681
141.60008
141.76661
144.20002
147.50003
146.2667
148.73342
145.23337
146.69995
147.23341
145.46671
146.23334
135.1
131.03337
123.90016
126.06673
119.63329
126.93344
126.30017
125.5999
123.70007
123.70008
121.23329
126.5666
124.30005
124.56666
122.30003
125.30003
125.03329
128.66679
126.23351
124.50008
125.93346
124.40003
126.33346
129.90014
125.56673
126.33338
126.09995
121.03312
119.76647
122.2
124.13337
124.03309
125.70008
122.63335
121.66668
125.83332
122.06659
120.99993
126.06671
124.73335
123.70002
125.8666
125.30005
127.60014
127.8334
123.93345
128.46681
123.10009
124.76661
124.83342
126.99981
123.16663
122.13326
124.86675
126.76671
126.66664
129.03335
127.49993
129.26658
142.96666
159.73335
200.86682
211.5
213.13349
214.49997
211.26668
205.59991
204.63324
200.00006
193.13332
173.6333
158.16669
140.19995
140.40004
129.56664
128.66661
126.89986
129.60003
132.93342
130.9999
136.30015
130.73335
131.40013
140.29998
162.00021
201.60004
211.36663
213.96668
214.03348
211.76663
210.53341
202.29988
209.3
200.00019
170.99988
151.23333
139.93326
134.80004
126.86661
128.13337
121.2666
129.76671
125.36668
123.69981
132.93347
132.10008
132.33343
141.90007
162.43359
197.4669
209.93331
218.46677
211.73315
217.76668
209.73319
210.96684
208.23338
198.96659
172.8
156.90008
143.19998
131.43318
134.09997
129.00003
123.83328
126.36667
126.3332
126.09975
130.89999
129.33328
133.66671
137.96659
163.26672
204.2335
208.03319
210.40002
212.93324
211.13319
210.63342
202.6334
199.93327
191.23316
165.63342
152.53336
138.39986
132.36658
127.39985
125.56657
119.83994
126.12219
125.1334
125.66645
124.79988
125.76652
124.03322
138.33332
156.76675
188.66691
198.60017
201.39997
208.26682
198.96675
201.23336
193.66673
194.06649
191.20009
165.06675
150.63349
138.4666
128.99993
123.73332
126.56671
117.67992
125.60005
123.53339
128.23344
122.69995
125.5667
126.26667
126.23338
129.03351
119.83328
125.06665
127.2666
124.43333
123.63327
126.53333
125.63336
126.19991
121.79994
128.53333
122.56655
124.10007
123.69999
126.03327
125.49998
118.79988
125.08888
122.83342
128.4665
122.3667
122.06661
121.13323
124.93333
121.70002
124.86667
125.50012
126.6667
126.70009
128.20004
125.66658
122.5333
121.56669
125.56666
123.73333
120.43318
125.06657
123.76664
124.63336
123.89992
120.69989
123.93336
124.49991
128.06647
129.43341
129.7335
126.06665
136.73334
162.1668
196.59996
212.83325
211.43361
210.06677
214.46677
199.76663
201.76662
204.86653
197.06667
169.99984
151.39988
141.63328
133.76677
127.63347
126.59989
120.46651
122.83337
125.93331
127.53318
127.33326
125.39993
130.80006
135.86663
161.36685
200.83358
214.86654
209.3999
206.89993
207.49989
207.5665
200.4999
198.83338
196.19995
171.6665
161.1667
139.49989
132.43312
131.59997
126.66654
122.2
126.2667
129.33336
127.59996
127.56663
129.50004
133.53347
137.33341
163.26681
197.93345
204.5332
212.63321
210.59994
210.93341
203.73339
199.79996
195.83332
184.0667
167.46649
150.56659
144.06662
135.56671
128.49993
127.33341
122.46668
122.86657
127.43332
125.36641
129.36664
129.53329
131.5
138.2002
163.90019
197.30025
206.83354
213.59998
210.33346
204.96669
202.4667
204.29999
202.29994
191.79995
170.8665
155.13342
146.33336
136.73341
130.23331
129.9668
125.53337
127.06666
125.93323
129.63328
131.10005
128.39997
129.76661
138.20011
155.73325
195.89996
204.00002
209.8002
207.8333
204.19989
200.39998
201.06673
196.53335
192.40008
165.13326
153.96664
137.19986
131.39988
128.6
127.36675
122.13327
125.06646
126.06652
134.36653
134.23323
134.76665
135.10008
137.99996
135.43334
138.43324
135.23324
134.33315
136.46662
133.19999
133.66657
137.43329
137.9667
137.13349
138.63336
136.73343
136.40007
135.83336
135.70009
137.83336
131.90004
137.13338
134.93335
140.39994
136.89999
136.13338
136.16671
137.26666
136.06659
135.99997
135.33342
135.53338
137.56656
137.59994
140.1333
138.40004
138.83355
134.09995
135.49985
137.73328
137.56669
137.66671
139.89999
138.30008
132.99991
135.89996
135.33335
140.89982
141.70008
140.2667
142.66671
148.73341
168.90016
203.70002
207.7999
220.60006
214.99994
218.1001
210.16659
211.73328
208.63338
204.39998
177.70316
161.20009
146.96668
143.53344
137.9667
140.20007
132.47989
125.57778
125.83333
125.59985
125.5333
123.59983
125.93327
130.16664
162.80003
195.83325
207.96662
203.96664
209.56656
209.16664
205.30012
207.3001
202.26673
199.09996
167.06676
152.00007
138.1332
130.83332
125.03343
124.33329
121.09996
123.56659
124.86664
122.83317
126.59999
127.16675
126.36656
138.3334
157.63346
196.13332
212.60007
209.80011
209.70005
201.43325
203.23342
200.16671
198.96676
196.23344
165.06655
153.23338
138.06664
130.76664
125.56673
128.13336
122.80005
128.53335
127.46678
127.36656
127.90003
132.33338
128.86671
137.43337
162.00014
196.2335
207.93341
207.76679
211.36688
203.90004
205.70013
197.73336
190.09997
188.30015
164.59998
148.30006
140.23328
130.46675
124.70003
128.0667
120.13321
122.76659
125.16665
127.19986
128.7
127.00008
127.96671
135.10003
159.03341
192.4668
195.8333
204.73347
204.20005
200.26661
197.23328
193.93335
189.69995
183.43326
162.49999
148.23329
139.16674
126.06666
124.73336
122.96658
120.09994
122.43329
121.43326
123.93314
124.23335
122.39998
129.83335
128.86661
127.23322
131.8999
125.56666
124.23325
132.73333
129.40001
125.46664
122.89992
127.33339
128.26669
127.56668
125.0334
124.23339
123.70008
125.06681
122.39995
120.19993
122.03333
125.83344
124.66648
123.53335
124.53341
124.00009
125.13349
127.23336
120.33335
120.46664
119.73337
120.20005
123.06673
121.20009
122.56661
124.66669
125.26668
122.99998
120.83333
121.59998
121.39996
121.56669
121.3666
117.16662
122.53333
122.70001
124.43328
125.2333
125.19997
123.29995
132.03322
157.43336
189.39992
195.16664
199.06673
199.8
197.56679
196.40009
195.39999
202.93324
189.46666
163.03318
148.39992
140.13328
131.43337
124.96678
123.4001
116.6332
122.19993
122.49998
121.96635
124.36662
125.20003
126.90003
130.1667
155.03349
181.96674
190.46662
194.50001
194.26677
195.06653
193.30005
188.53332
179.53338
170.26659
149.19993
139.39995
127.56649
121.63335
116.93328
117.73337
113.29995
116.00001
118.09998
114.23323
117.06658
117.13341
114.06654
120.33333
132.83317
139.33325
139.0667
136.49985
140.16665
136.33333
137.06661
134.56657
136.56666
134.96667
137.73337
135.46653
124.33313
119.73326
118.03337
119.03339
111.36662
116.43337
114.46652
119.76662
117.20011
114.13324
117.63328
116.26661
130.63349
133.36674
138.26675
139.93343
137.43336
138.63341
137.13328
140.86668
141.93322
142.16662
144.00005
142.76678
130.1667
126.1001
120.03333
121.20002
116.89996
121.73328
121.19999
124.76665
120.93337
120.76669
121.63345
122.40004
135.26672
140.76679
138.93333
141.23342
134.20001
136.96671
136.30004
135.60003
135.49999
135.36674
142.00013
135.56672
125.83326
117.63334
116.76678
118.60015
109.86664
115.2334
116.53332
117.7999
116.16673
114.40003
117.99989
117.1334
117.16655
117.7666
118.06668
114.66668
115.93338
119.03335
112.66672
113.33325
119.23339
115.73337
121.86678
116.4334
116.83334
116.23338
118.10004
116.56669
112.16672
119.06668
118.33332
117.9666
118.63327
117.13334
113.29992
117.86669
117.66664
114.69986
115.69997
116.49986
114.19985
118.53325
116.16651
117.49999
116.89999
114.63326
116.29996
118.13326
115.43326
115.93316
117.66666
120.0
113.84992
115.09999
117.49998
119.29995
120.52009
115.05
126.40022
120.69999
136.8501
134.5
138.3333
144.23342
138.49998
143.35567
141.26669
137.55002
142.96001
141.63894
142.6001
143.01666
133.3
125.20006
122.03342
119.93316
121.39999
123.03332
121.4
125.86644
124.09996
122.69999
120.4
126.83333
147.16664
150.06664
154.56662
150.43343
152.53323
149.86655
152.26657
149.20004
147.99992
149.46666
144.16655
146.26658
136.09996
126.83326
125.06662
127.96669
118.03324
129.5
125.66671
128.53352
124.53329
123.59982
122.53311
131.66666
143.96679
153.50013
149.40001
150.80005
149.56664
148.20002
144.89996
149.33354
143.23346
150.76367
143.46659
143.49984
137.90008
130.2002
127.2669
124.6335
120.59999
123.63335
123.7
128.26642
121.96673
122.99991
122.89984
122.13323
139.23338
143.13343
144.46672
145.49989
141.06659
139.26655
137.83329
139.43338
135.93329
139.70006
135.5332
143.83336
127.86677
118.7667
116.63338
117.93324
111.26653
117.83333
116.20002
118.13301
116.56668
119.90002
115.2333
121.13335
130.00015
137.16664
139.59995
140.89979
141.66663
143.06654
138.36664
141.50005
136.16661
137.13335
139.56673
135.59996
126.89995
119.59987
116.06678
118.40011
111.56666
115.83329
113.69992
119.3999
117.66662
114.63335
117.50002
118.83313
117.16656
117.76669
119.70006
114.70005
117.6668
124.63335
119.96676
120.33331
123.76662
119.23332
125.26667
121.99996
121.90001
121.03326
119.99998
123.16664
117.03345
123.33342
121.03334
127.53323
122.36675
122.56665
123.10009
125.46671
123.83319
123.69997
123.93339
123.19997
121.36671
129.46683
125.00005
128.43344
125.66653
127.93319
128.26676
126.1333
123.29997
122.86664
124.30008
125.46673
119.3667
125.51665
122.69995
127.70909
129.26665
131.66675
132.76668
139.63343
165.00033
202.29997
212.23328
214.73343
216.56686
212.56675
215.33344
208.60015
205.66671
198.89991
173.16668
150.96673
139.73327
133.36667
125.8001
127.49993
125.02238
126.93333
127.63332
126.16652
132.30007
126.89993
133.53319
135.46655
169.43334
205.90017
217.80001
219.9334
214.33323
210.73339
210.60012
202.73325
203.4334
192.36664
167.03316
151.03316
141.19996
129.06661
127.89984
127.86662
128.66682
124.83326
131.23341
121.53316
134.29996
136.6334
134.46673
144.36669
163.56679
200.96665
216.8
210.46663
214.00004
210.79988
211.70004
205.66658
197.36663
189.33327
159.83325
148.03339
135.66664
126.9667
120.90003
122.3001
118.16676
120.53336
120.10006
123.49994
128.83347
123.73335
127.06667
137.40005
161.33338
203.56666
215.53345
218.59998
220.73346
210.89995
205.40006
209.00005
202.76668
190.69991
158.83307
150.09983
136.09999
125.16658
123.99992
124.06677
122.4002
120.66661
123.93343
124.93327
127.53334
124.16671
132.63328
133.20005
160.23333
198.10001
209.4333
207.53329
209.06679
198.83326
203.06659
204.23327
193.83324
188.09999
157.63344
148.53326
137.66664
124.63322
124.99996
118.89984
121.23349
121.1001
120.90002
122.63309
121.46662
121.39999
124.8001
122.96671
124.53346
122.66669
116.96667
123.06673
120.06664
122.20017
125.96666
121.99988
124.46671
121.93341
122.5001
118.83333
123.20014
119.96666
120.99994
122.36674
119.66689
120.63341
120.20004
123.0999
116.70005
120.29985
118.30001
122.46667
119.63329
114.13319
117.6333
120.8665
121.06664
118.8666
120.50007
121.06664
120.70001
118.93334
120.33335
121.03338
119.66674
122.86669
120.90007
122.06685
119.2
119.36662
121.53318
120.99982
124.76659
124.99997
130.60002
133.36671
161.43336
200.03343
209.96665
212.09994
209.13327
208.33329
207.23323
207.33337
204.6
196.63343
170.26651
153.99998
137.80006
130.26654
124.63323
126.10009
120.50012
129.56679
124.16675
128.26661
124.4334
133.3666
128.83327
136.6334
164.96684
205.80025
219.96678
219.73329
222.43334
218.8667
214.29995
213.23322
205.33339
200.43315
169.03311
155.99994
140.03334
133.26649
125.79992
130.03334
125.36669
127.83325
128.86657
126.19978
129.99998
135.90004
135.46671
139.86669
168.43333
204.06679
220.56673
217.70013
222.6334
210.43346
213.83331
204.53333
205.23315
192.76647
169.86659
151.46659
136.19992
131.46661
122.99986
124.06652
122.13344
122.63338
126.23328
122.96651
129.79986
126.80006
131.59997
136.46661
159.63336
197.30023
204.09996
207.03313
210.23339
206.16661
206.1334
201.36672
199.19999
193.16666
164.43322
151.26668
139.96671
130.86654
126.83354
124.6667
124.1001
123.30003
123.90002
126.26655
126.26673
128.33335
127.66671
134.80007
163.43351
191.8667
203.06665
205.29996
205.16657
198.93338
197.69991
191.4666
196.0665
185.73318
161.39988
143.76661
135.83336
128.23341
121.53323
124.40014
120.63352
122.40001
121.96665
126.43313
122.06676
121.06667
121.29996
123.59994
123.19994
121.96667
121.3334
121.30004
121.46676
126.53341
122.46658
124.00013
122.70007
121.60005
119.76665
120.33337
119.7333
119.96662
121.7334
119.33331
121.5002
120.73328
121.26665
125.29989
124.93343
117.89998
119.09998
120.39993
121.33331
116.66659
121.09994
118.9333
123.33336
119.13328
122.13336
122.86658
132.36684
124.13333
121.50014
122.16673
124.7667
119.83332
120.86677
123.30016
116.7335
119.13343
123.43343
124.06663
121.06671
120.16662
120.46677
118.96676
133.43338
139.03332
143.16671
142.29997
145.29993
143.96667
146.89987
145.60001
146.33321
142.23325
141.83326
141.33313
132.26659
125.26663
122.23328
122.19997
121.26674
122.69995
122.86677
124.93326
121.66661
122.19986
128.16671
127.96661
158.03336
196.66688
205.86656
206.23323
212.13344
211.23331
207.06644
207.66673
204.70007
200.53328
170.8665
157.26661
140.63329
132.8999
127.7666
125.49992
123.76666
127.66658
125.39982
125.03317
125.73319
129.06658
130.89983
136.63328
165.76669
203.56684
209.26663
205.49978
208.50003
206.33324
209.0667
207.03343
201.33328
194.83315
169.43323
156.63323
143.93336
132.23327
127.73314
131.96679
127.30012
131.0668
127.03342
128.56662
129.23329
129.76653
133.43327
141.3334
169.70011
205.06658
210.3334
208.23332
212.53336
208.90002
205.33338
206.3
199.19991
197.00006
168.89998
154.66664
143.20002
132.53326
130.26659
130.99998
126.3334
132.40004
130.93341
132.66662
132.96672
130.96669
131.96671
139.29987
164.56666
202.86672
210.66671
212.13326
206.10003
203.93332
202.43326
203.10005
201.86659
190.36649
164.20002
152.83325
139.69986
129.76653
127.79989
130.39995
123.60009
126.36664
127.13343
130.19985
128.03344
128.33334
126.83337
129.40004
125.06668
126.0666
127.3334
128.50001
128.60004
132.63342
129.63337
128.73328
132.96666
127.79989
132.73341
131.46671
129.76686
124.4666
126.6666
124.99992
127.80026
123.99995
127.13334
127.8332
126.76672
125.16669
127.76665
124.36663
129.90002
126.73329
129.83336
125.93349
127.7667
128.30017
126.43333
126.96661
126.56656
124.89996
127.46663
125.6333
129.60001
124.46662
125.73338
128.46672
122.90011
124.06671
125.70003
130.2999
130.7001
129.93351
133.46671
142.96676
169.36683
207.13333
211.76679
212.16641
213.86669
215.26666
211.23338
209.26675
203.06677
200.53316
172.9999
159.86668
144.03339
136.56659
130.90006
130.50009
126.80018
128.00005
127.46661
125.99976
127.39997
126.09994
130.16667
138.96677
163.33344
198.13352
210.09997
210.66669
215.16665
209.70012
214.50004
211.83332
207.40005
202.6
173.19985
164.0668
141.93339
136.56655
129.96667
127.19983
127.63339
129.03342
129.86665
122.69979
127.86658
129.79989
130.56655
135.79987
162.46656
199.33356
199.36666
202.76658
209.73321
204.46672
200.29991
203.0999
201.96659
191.91659
167.30002
156.30004
148.13344
136.60006
132.96672
130.6001
124.75993
129.00003
125.46666
125.96651
128.33333
127.66665
134.20009
136.66666
164.63361
195.5
200.26666
207.56657
205.26654
211.79992
207.4666
211.43334
205.9666
192.79995
167.69997
154.29996
144.26662
131.76657
125.86658
130.86669
125.03341
126.39993
128.26659
130.36662
129.40002
130.03337
134.40003
140.9
166.30003
198.13365
201.76671
198.86658
201.96663
200.19992
205.4336
197.36653
193.26658
185.43331
157.9999
150.09992
138.09998
127.79997
133.70008
132.10015
121.43995
124.52219
128.09998
131.39996
124.6333
127.13332
127.16673
129.7335
126.19996
125.86664
124.89993
129.4333
131.30011
128.30013
126.56663
128.76677
135.10003
127.49993
128.06684
124.70005
128.96659
125.46661
123.53324
125.66655
124.23347
126.86673
124.8666
128.13324
125.86671
123.1332
124.70001
128.03335
127.20011
121.73333
123.53332
123.19993
123.93336
128.30009
123.53343
125.03326
125.76668
125.69992
125.73334
125.46672
132.06674
125.00006
131.50013
126.96663
124.20009
128.46657
128.73342
125.96637
129.53317
135.33348
135.50001
134.0667
152.83338
160.23352
169.60009
200.56664
205.50003
214.53345
205.79989
201.76668
198.59999
194.53313
167.20002
157.43332
142.29989
138.59988
134.69985
131.39993
130.20018
130.83328
129.33332
132.89989
131.89996
135.46655
134.19981
145.10006
167.36679
199.96684
213.90008
216.33322
216.66665
215.96674
215.56665
207.3
208.86664
198.4999
172.19988
158.79999
142.53344
134.29989
128.69997
127.6334
130.80024
128.66677
130.36674
130.59988
131.30014
134.80007
136.40012
139.03337
146.43326
149.4001
155.03334
148.16669
150.46662
156.93339
155.7667
155.2001
150.43332
152.36664
150.36672
155.4668
136.23329
133.89993
131.06663
128.99996
128.86676
127.93328
132.00002
131.49981
132.96657
136.5333
138.89992
144.33328
168.50012
211.13333
217.36661
221.63333
223.6333
220.66668
208.16661
206.66664
206.46646
199.63328
171.59998
155.66665
141.86664
135.3
131.36673
132.9334
127.26693
126.79996
131.46667
125.6665
130.53328
132.79999
132.46672
138.39992
167.89999
202.53341
213.06659
211.03325
207.73333
212.20002
204.60002
198.56653
198.03321
189.16661
166.76671
155.66669
143.33344
133.16661
128.56666
128.23341
124.41822
126.39995
127.06664
128.56654
124.03325
124.09983
125.33329
126.39989
127.26658
122.79994
125.19985
128.96672
128.5334
128.86683
126.06664
127.26671
130.8668
130.56674
123.86673
126.59992
125.69994
124.9334
123.20006
125.23319
121.49998
124.80009
125.79999
126.99995
124.70009
123.73334
123.39999
126.93329
126.49998
124.73325
124.33323
125.76665
126.2001
128.5667
125.93328
131.86666
132.16667
126.40008
127.30007
125.46668
128.13341
125.36675
127.63351
126.33338
125.10026
123.63336
127.40031
126.36653
129.09999
129.30007
127.56665
136.69993
163.13345
197.96688
205.10006
210.66644
208.69988
208.4332
199.96667
202.73337
197.8999
191.76661
166.0332
152.26675
141.53331
133.89989
130.46665
130.9
124.93358
127.36661
125.53334
127.39988
129.76668
130.06665
130.69993
138.60001
167.83338
201.89995
208.96664
212.73344
210.26669
215.69993
209.89988
202.60018
202.79988
192.43311
172.70001
157.63339
141.00004
134.23324
130.53333
129.29996
126.70013
128.46669
130.76675
129.09984
136.36667
132.1333
135.16671
138.16673
166.23343
198.19995
213.00006
210.83352
211.16664
208.16671
200.96672
200.46677
202.00009
193.1
170.83333
152.66669
139.00002
133.6667
129.16676
127.63335
125.86682
126.23322
125.36665
129.66645
128.09988
133.46675
136.23337
140.96683
169.90015
203.23322
212.96672
210.63306
218.36666
218.36685
209.90013
211.36662
204.0333
198.26674
167.36654
153.29985
139.53311
132.06659
129.99996
133.16668
126.43339
131.73344
129.63343
128.39983
132.0
135.66668
132.86663
135.86668
166.3336
202.7336
205.6668
205.33352
205.03325
201.26662
198.16665
199.3666
196.86677
194.0002
163.79988
153.29992
139.36664
133.53339
127.53341
126.66665
124.20017
126.60001
129.06679
130.23318
124.1333
125.00003
127.0666
125.46664
127.99995
124.23332
133.53342
126.53337
128.6668
127.0668
134.46683
129.66667
131.60001
127.80009
126.73328
128.76659
125.69999
125.99991
127.86684
124.46671
127.86693
126.83332
124.83324
128.86647
125.93325
126.46656
131.3668
129.76671
130.60004
123.36662
127.83321
130.26663
125.5333
131.59989
125.36649
134.93331
128.46656
128.56651
130.30005
134.49997
127.86669
129.29992
129.36659
129.5666
127.73354
131.60005
132.53348
134.29995
133.00003
133.06665
133.06662
141.73341
167.90004
199.46671
211.59997
208.29985
215.46662
215.03338
204.73328
207.85461
206.53338
193.50006
161.53309
149.83316
139.79998
133.16667
123.73325
129.20001
126.83348
125.76657
123.89989
129.99979
128.96665
128.56677
132.73318
140.83331
164.80022
208.6335
207.56654
208.59996
211.13326
212.79992
206.96663
202.89999
201.83331
191.00003
161.96648
152.06647
140.13321
138.23334
128.03326
133.56667
128.93347
126.06662
131.76673
127.80003
134.36677
129.09995
135.46674
141.89988
166.73342
199.7334
210.80012
212.19982
215.16673
208.67996
210.49991
205.93332
204.40003
195.73325
169.36665
157.2334
142.16654
133.06657
134.00002
132.90007
130.63349
126.43326
131.76656
130.1999
134.1001
135.86683
136.56674
139.33341
169.53341
198.76679
212.20004
206.63342
220.26669
209.06658
210.00006
208.23323
202.79991
203.66656
168.73312
159.23334
148.00006
137.89996
137.06688
131.93328
129.5002
132.90003
130.13338
133.43314
131.06674
133.96664
132.50002
142.40007
165.03343
202.3002
204.93338
202.33332
202.49982
198.56649
195.83333
199.06673
190.26659
188.29998
165.96653
152.63323
141.26662
133.23329
128.76661
127.59986
123.26676
128.63336
127.79996
126.76641
129.63326
125.06666
132.46675
126.86663
129.23333
126.93325
128.73331
131.1332
128.62291
134.81349
131.29997
130.36662
135.00001
128.36678
131.70005
128.16672
128.33326
127.93325
128.03334
124.66661
126.46663
126.76659
126.83326
132.26654
127.3333
127.29983
128.76668
130.63332
126.00004
127.83326
133.66686
130.50003
130.43345
128.2999
127.49998
130.03328
128.26649
127.69989
131.16674
133.56661
127.66654
131.03327
130.76656
127.89999
129.46684
128.73338
129.16668
127.86643
130.69992
133.86659
135.20008
141.26667
173.40019
207.56673
216.90016
219.76679
217.00016
216.6667
214.69987
212.33331
207.39993
205.23338
173.19991
157.89993
142.60003
135.43342
134.96671
133.69999
128.66685
129.5333
130.76668
134.40001
131.26668
134.23334
135.40001
139.83336
173.66672
207.46677
214.33339
217.43335
216.83332
209.3666
212.16658
204.73328
204.16665
200.59992
167.99998
159.49996
140.40002
136.99995
129.80004
129.46665
127.73341
126.89989
131.63329
126.19982
134.2667
131.13337
135.23336
142.86678
167.96675
201.63337
206.69988
209.79981
208.235
204.6225
203.26
201.2675
198.2275
188.7225
170.85
153.965
140.865
133.9575
130.5925
130.11
127.5325
127.4675
128.9475
130.19
131.2875
132.3925
135.0325
143.3875
167.9525
203.05112
215.76663
216.69987
215.90006
220.16675
210.06674
209.26662
209.96665
202.00004
173.4332
158.33338
145.3333
134.0333
131.09984
131.3
131.10003
126.63322
133.33337
130.46631
135.89993
132.6333
138.19991
144.70003
169.93328
205.40014
205.23333
212.03308
209.76653
216.66677
213.10016
202.96651
202.13337
193.80006
161.53321
153.40008
137.73338
139.26675
129.49994
133.49996
127.06673
129.16661
130.89992
136.00001
134.22118
128.90005
133.43345
133.10005
131.76663
129.83334
130.59991
136.3334
134.86662
133.7667
133.00001
131.13334
130.66665
129.86661
134.25718
132.06678
130.39996
126.8333
130.7333
127.29999
124.96677
131.43327
130.86681
128.99992
128.30004
127.33332
126.66674
131.76665
126.2667
130.26661
126.66666
126.43339
126.13339
127.2666
124.60001
132.06674
126.86668
127.70001
128.30003
126.96673
127.39993
124.20006
127.90002
124.4334
121.90003
125.93329
124.79998
130.76659
128.20011
134.96668
134.33341
141.66667
167.03347
206.16689
208.16676
211.66664
210.73339
215.00011
204.00001
210.43332
208.16671
199.76665
169.69984
155.93315
140.63335
133.69996
134.76676
129.86673
130.9669
126.16674
132.80003
130.7666
134.40003
133.03337
132.20001
141.73344
172.66683
196.70011
202.93345
212.00002
214.53335
210.43339
207.09991
201.63327
199.7334
198.53336
165.99984
154.80004
140.09994
129.69984
130.23324
127.53339
128.13353
126.83345
129.06666
129.06661
130.36675
132.13334
131.4331
140.33328
164.80016
201.66678
212.36656
210.7
212.29989
202.03334
207.70005
207.6
203.99991
195.36654
167.86647
154.59993
139.4999
135.53328
130.79999
133.23342
124.40013
128.7999
129.73334
128.69986
132.36664
133.10014
134.5
141.76674
167.06682
205.23346
214.19988
217.96673
221.00006
207.93331
205.69987
203.80003
198.49991
192.89993
166.06659
157.63329
142.10011
137.4333
131.66665
132.60003
126.63353
127.73344
128.06666
129.76648
128.66673
133.49992
131.43332
139.9
166.70012
202.23346
200.46668
205.36667
212.40019
201.79985
198.0332
198.89997
190.69996
184.69998
160.43317
154.4333
138.93334
131.19989
130.9333
128.66677
128.2336
128.46674
127.80004
126.33314
130.20002
125.66675
127.33338
126.43336
131.16678
125.43328
125.59994
129.16657
135.43335
133.30002
130.36662
130.76668
132.89993
129.03333
128.86673
130.63338
128.50008
131.03332
129.80009
127.40004
126.0668
126.2625
128.07
126.9375
127.0125
127.4975
128.0475
127.06
126.095
126.215
127.0625
127.88
129.0375
128.4675
130.0225
130.37
129.665
129.7975
128.68
127.1375
126.6775
127.5125
127.5075
125.73
127.76675
128.83328
128.16672
131.03332
134.60016
138.56683
160.83347
198.80026
213.36672
210.86681
207.60674
210.49994
208.69976
210.3936
202.84368
198.39987
169.19988
153.86673
146.19993
137.26667
134.33325
134.43335
131.06658
128.76687
132.56674
133.0999
134.16679
134.73324
134.16663
140.23321
170.46675
203.76672
213.53328
217.60006
215.73329
207.93325
207.39991
207.00004
202.43335
198.26672
172.00005
155.93327
143.36669
138.40001
135.06683
134.63343
132.6668
128.06667
135.06656
136.26646
139.46676
134.76666
140.30008
145.0667
170.3334
198.53341
215.29999
218.96675
216.7
216.53308
207.69998
208.13345
200.6664
191.69988
170.59995
158.53338
144.66666
135.23335
136.53334
134.30005
132.66668
129.30029
134.73328
133.36657
136.56663
135.60001
138.29997
142.4667
167.73344
198.89989
210.20009
210.93333
210.29995
202.86659
206.56664
201.03332
199.2999
198.99982
170.33343
157.00008
143.99992
140.06664
133.7333
138.23335
135.53338
131.80033
132.6333
135.99991
135.70008
136.33341
140.30007
146.80013
169.56669
202.10008
209.43347
204.50001
202.46662
198.19996
196.96667
198.13341
193.60005
183.89997
162.43332
148.13323
141.86663
135.09991
132.63334
132.43333
133.76652
127.80001
132.26666
135.3664
131.20007
132.63342
129.29997
132.40001
130.1666
127.39993
126.90003
130.70013
132.23344
128.73327
129.53344
129.53328
132.5001
129.4111
130.76666
128.36665
130.70005
129.39999
130.63339
131.70015
129.99997
127.43333
128.46665
132.83317
128.80001
126.09991
130.69989
131.13328
127.76664
126.89997
125.23325
128.76655
126.49985
130.36659
131.76672
129.51996
131.80012
132.22789
130.36008
129.61662
127.675
129.13335
129.73329
129.53331
131.09084
125.30002
130.43332
136.13324
129.69996
135.66664
135.43328
141.9667
163.63334
203.23351
203.93321
208.63325
211.6667
204.5667
203.76661
205.2
201.73336
195.10001
171.66651
156.86656
140.0
132.23325
133.63321
130.5332
131.03332
128.44978
132.13328
135.16652
134.56668
134.43333
135.43327
140.69995
170.30017
200.93348
213.65004
217.70009
216.46663
213.70007
208.96662
210.93332
207.00019
195.86667
171.99985
159.16677
144.20016
140.63335
132.43321
137.73335
130.80001
127.73341
132.4333
131.83312
137.33342
137.60005
137.69995
142.53349
169.83344
205.26669
218.20019
215.3665
217.03325
212.03324
206.19986
212.69996
199.49997
200.2332
166.99993
157.1667
140.59991
134.79994
135.66662
134.2334
134.76663
124.9668
134.23329
132.73317
132.50008
137.7
135.26669
140.7
167.36684
200.2001
209.20014
207.83335
214.06669
209.79999
206.86654
200.96664
208.16667
198.13343
167.89991
155.53326
138.69994
136.20006
134.96676
132.89999
133.00005
127.23343
128.06651
132.29974
131.06673
133.26671
133.09998
136.89993
164.6668
192.53346
198.73328
203.13344
206.16674
200.43327
198.40003
195.09997
191.33346
180.59994
160.99998
147.36651
140.73339
130.86657
133.89987
129.36658
128.59993
124.9668
127.16662
128.09964
128.1999
127.30003
129.93334
128.44993
128.96662
128.26665
134.5002
128.0667
130.29994
132.16671
129.19994
128.49999
124.33322
125.10007
130.10017
125.26675
128.36005
129.80002
126.0
130.58328
128.54999
124.94288
131.01674
134.4668
126.13318
128.70005
130.70009
128.83329
129.0668
125.29995
128.93338
126.46668
125.70901
124.5666
127.86667
125.50002
128.4335
125.40003
127.11114
124.60002
123.6999
126.69999
124.58518
127.40005
127.39994
124.96675
125.23329
129.36651
130.33333
130.69991
132.46676
138.90001
163.83352
198.63324
205.86664
207.53335
212.83338
207.53331
208.03323
207.73344
200.73331
193.43323
165.96659
152.83339
141.20007
136.10005
132.0001
129.53328
131.40014
128.56689
129.90019
132.46661
132.36666
132.33329
133.2665
143.7667
166.13334
201.19991
203.66651
207.56651
206.23336
202.7
203.79997
201.76664
197.46677
189.99998
162.66636
149.36664
136.29994
129.59987
128.89992
126.23344
126.0999
124.83357
127.06673
129.43318
130.63351
131.10005
131.16678
138.73335
166.59995
199.83356
210.00003
209.43327
214.00026
207.80014
204.53344
202.46661
201.64858
194.63338
168.63319
156.00002
143.86682
132.53316
131.79992
127.86671
128.6332
124.5667
128.23337
131.73318
131.00004
129.1667
129.63332
139.13328
162.06667
201.80006
209.93328
208.76671
208.80011
203.99981
200.16654
200.93325
198.43329
195.6333
168.79999
151.86666
140.70002
130.73313
127.09997
129.13334
125.89989
122.36679
125.56657
130.56659
130.50006
128.46657
132.89991
139.0335
156.93335
193.23348
206.66685
204.96683
203.50005
200.83323
199.60001
195.10004
194.76643
183.99962
162.59989
151.29995
136.89996
129.99987
127.36662
129.69993
129.09994
122.80014
129.76668
131.86657
127.96669
128.53337
126.13328
129.73333
131.16664
125.76666
128.96669
130.63331
130.63329
131.73338
129.90003
129.59994
132.29999
127.59995
124.83324
126.63335
126.43341
128.93334
128.69991
129.56666
130.79997
125.30011
129.96665
131.43308
132.26666
127.39996
128.13331
127.66657
128.16663
127.56673
127.63333
128.79992
126.6999
129.06658
129.86671
126.50004
127.86659
126.59988
126.23336
128.69992
126.13336
129.06668
129.63331
132.46665
133.79998
127.46683
129.06664
133.06648
133.16674
133.40002
137.06673
140.60002
166.36668
203.90007
208.33334
214.30008
210.80003
215.63336
207.6333
206.1
201.86663
194.93331
169.63328
155.4667
142.90002
137.76661
131.76664
131.39997
128.06668
124.0668
129.76673
131.23324
131.69994
132.09996
133.69998
143.26675
170.60007
205.06664
216.50001
211.08009
220.29994
214.19988
209.73332
210.50005
205.63326
197.39984
168.59994
154.6333
140.03321
136.53326
132.16678
129.5333
132.90001
126.43351
130.56663
134.69985
131.26671
134.23333
138.16675
145.43348
168.06668
200.53323
212.40012
214.36656
222.30005
216.26663
209.76659
208.20005
210.36007
198.26669
171.13322
158.52002
142.66659
136.69998
130.96662
131.23327
139.26667
134.70011
137.29996
139.76645
140.36661
141.19997
142.16657
149.73331
175.53342
206.60002
215.76668
218.40001
215.23328
217.49992
211.46664
209.16663
207.86666
201.79998
173.89991
160.76666
149.5666
141.93325
132.19991
136.79997
128.99997
124.83339
131.23328
133.93323
133.36673
132.3667
135.33335
140.09999
165.73333
193.56665
200.83329
205.93332
203.7199
200.99994
201.86654
199.36669
194.59999
188.20003
164.9333
152.69992
139.66664
134.23339
130.46661
130.46658
128.23324
126.66676
128.30006
133.49989
129.23338
128.00004
129.19997
129.86663
128.43339
132.53338
139.9667
139.33342
136.86669
137.06668
135.56667
134.83332
134.80001
130.60006
129.76666
129.49998
129.96
129.43334
129.06671
128.33328
129.5
126.23348
128.83331
136.03315
129.99
118.44353
130.50006
128.86665
128.73329
129.36664
128.93339
128.50006
127.86675
125.76663
127.60001
127.66675
128.16671
130.16669
127.10005
127.60005
128.16678
126.30004
130.86666
128.59999
127.79996
127.99991
124.30001
129.79989
131.53314
135.00011
132.60001
137.33337
142.10005
168.66679
202.60006
218.73333
216.83329
220.46665
221.0334
217.50005
217.5667
212.8
205.33328
177.43323
163.89999
149.03999
138.96668
140.48006
134.28
140.29172
134.93354
134.83335
138.29987
140.56672
140.1667
141.60005
149.99999
176.23332
207.16669
218.90013
218.43332
221.40002
222.63331
219.96667
220.03332
217.87995
204.93324
182.49998
164.89999
150.00004
144.60001
141.55006
136.7334
136.7667
132.26684
135.7334
136.63317
135.49997
140.69996
142.50004
148.43345
177.00011
212.40004
222.76666
222.9333
222.63334
223.43331
221.8001
214.86664
211.7
205.87995
176.8799
160.99996
149.50007
144.16669
140.50004
136.6
137.19998
131.63352
134.60001
139.56651
137.03334
142.60001
145.46675
151.46673
174.63346
210.83342
218.86672
222.6333
219.83336
217.56662
218.8
215.93337
205.19997
189.26656
166.26662
156.23326
143.13324
139.5666
135.80002
134.26671
132.73336
128.06683
130.63337
135.99992
136.40008
132.90001
134.60006
143.10005
167.03335
198.99999
208.8667
207.80007
208.31997
205.2275
204.46664
202.73329
195.43328
185.79999
158.5999
149.00001
138.33335
132.50003
130.00001
126.36665
125.76671
122.43352
125.36677
128.96655
126.70003
126.33331
124.93334
125.3333
128.46672
124.43342
128.36672
127.49998
130.43336
131.43336
127.23331
126.19986
127.23329
125.73329
125.36665
124.03332
121.9
125.10003
125.86676
122.13324
125.43325
120.20011
123.19996
125.46647
123.33324
124.09995
125.79392
124.26674
123.93337
120.39993
122.93328
122.33329
127.23341
124.70003
126.36675
126.00006
136.6334
136.08001
133.73339
133.5334
135.1334
134.80002
134.6667
132.90003
133.60004
128.1335
130.60005
132.96657
135.93341
141.33339
141.1
147.56674
174.26684
209.70011
213.96666
221.36662
218.86672
214.00008
204.29994
209.40004
203.73344
197.26667
160.69992
148.1333
134.69999
130.5333
128.00001
126.52009
126.66665
123.90021
124.33338
126.93309
127.3
127.86663
128.06666
137.66667
166.23344
200.2335
212.60015
215.66659
207.06667
203.66667
206.0333
201.9666
197.09996
190.53334
165.03329
150.33342
140.63337
132.69997
129.59994
127.33325
128.43333
123.2112
131.25998
125.7
130.8
130.7
133.3
140.0
166.7
199.0
203.3
209.0
211.2
205.8
202.7
202.69092
201.5
192.84006
164.40001
151.3
141.2
133.8
130.5
132.2
133.63634
133.1268
137.74979
134.5
138.0
138.0
139.3
150.5
177.5
208.7
221.5
219.65642
217.2
214.5
214.5
208.3
209.7
196.0
170.8
159.7
145.5
139.0
135.8
133.7
129.0
134.0
132.0
137.67943
138.8
139.2
139.0
149.5
173.5
199.5
209.0
210.0
211.5
206.5
204.0
202.5
199.0
192.5
168.8
158.5
145.7
136.0
135.8
133.2
137.5
127.0
132.3
138.5
131.5
131.7
136.5
133.8
133.0
131.7
132.0
137.0
140.0
138.3
138.2
137.3
137.0
138.2
136.0
133.8
132.2
133.3
136.2
134.3
133.7
130.0
134.0
135.8
132.2
132.8
132.5
134.2
132.3
133.5
129.7
130.5
128.3
131.5
130.7
132.8
132.7
134.4332
134.7
134.0
136.8
136.7
137.5
137.0
136.5
133.0
135.8
140.7
139.0
140.0
141.0
150.3
174.7
208.5
218.0
221.5
222.5
219.0
218.5
217.3
207.5
205.0
169.5
156.7
143.8
139.0
135.0
133.5
131.5
125.2
130.8
134.7
134.8
132.7
132.5
137.3
167.7
200.5
207.3
212.2
211.0
208.0
207.0
202.3
198.5
192.0
169.0
157.7
143.8
135.7
130.8
131.5
130.5
125.0
130.2
132.5
131.0
131.0
133.8
140.2
169.0
205.0
210.8
213.5
214.0
209.2
207.3
208.7
203.5
196.5
168.8
155.7
143.3
134.2
132.8
132.2
132.3
125.7
131.5
134.0
132.5
132.5
135.3
141.7
167.3
202.0
215.5
215.2
219.3
215.7
208.0
208.8
202.7
195.8
168.2
155.5
141.8
138.7
136.5
132.0
133.0
125.3
130.0
133.5
132.7
132.8
136.0
142.0
168.7
195.0
207.3
209.7
209.5
203.8
202.7
202.0
200.5
194.8
169.2
155.3
145.5
140.5
140.5
139.0
138.7
133.8
138.5
143.2
138.8
139.2
139.0
138.8
137.7
140.0
142.0
140.0
141.8
140.5
140.7
140.5
140.0
139.0
137.8
138.5
138.2
137.0
135.8
136.5
137.2
132.8
135.7
142.0
139.0
137.5
138.5
138.0
136.5
138.0
139.0
136.8
137.7
138.0
140.3
136.7
139.0
132.0
137.5
129.3
126.7
134.5
130.0
130.3
129.2
127.5
130.3
132.2
133.8
134.7
137.0
140.5
170.8
205.0
214.7
221.3
221.7
221.3
215.2
207.3
208.7
198.5
168.0
154.5
145.0
136.0
132.5
132.8
131.7
125.8
130.0
134.7
134.3
134.2
135.8
144.7
175.3
203.7
213.0
215.5
218.0
210.0
211.0
204.5
202.8
196.0
171.2
157.5
144.5
135.0
134.5
135.0
133.8
128.2
132.8
134.2
135.0
137.0
138.3
140.0
171.2
202.3
210.0
218.2
217.0
211.49998
208.0
205.0
205.5
195.8
171.0
158.7
143.0
134.3
135.7
132.3
134.5
125.2
131.0
134.0
133.5
134.3
134.2
142.8
168.2
197.3
208.0
213.5
214.5
208.5
204.7
205.0
199.0
195.0
169.8
156.0
141.5
136.2
135.5
131.5
130.5
125.8
132.2
135.8
132.2
134.0
134.5
143.3
166.2
194.3
198.2
204.5
205.3
203.0
196.5
199.5
194.2
182.5
165.3
152.2
139.8
133.5
129.5
130.0
129.5
124.0
127.7
131.8
127.7
127.3
127.7
133.8
131.5
135.7
137.0
136.3
139.2
135.0
135.0
138.0
134.8
133.7
134.0
131.5
133.8
130.2
131.8
133.7
131.5
127.5
133.8
140.5
135.2
135.3
136.7
136.3
135.5
135.0
132.7
131.3
132.7
134.3
135.2
136.0
134.0
134.5
137.5
134.3
132.5
132.7
130.5
131.5
132.5
126.3
131.7
135.5
136.5
138.3
140.2
151.5
175.8
205.5
217.2
220.3
222.0
213.7
213.5
212.0
206.0
200.0
177.5
161.0
146.0
141.0
138.5
139.8
136.5
135.2
140.3
142.7
138.5
139.5
140.5
152.5
178.0
205.3
209.0
210.0
205.5
205.5
210.0
207.0
206.19999
199.0
171.0
159.3
144.7
131.5
133.5
135.5
133.8
128.7
132.3
136.5
133.7
136.8
142.0
149.7
175.8
201.5
212.0
216.0
223.0
218.2
213.0
211.8
210.2
196.8
172.7
156.8
143.0
138.0
130.7
132.3
134.2
126.3
133.5
138.0
133.7
134.8
141.7
153.0
173.3
201.7
206.0
213.0
216.3
215.5
206.2
208.8
204.7
195.8
173.5
160.0
148.5
137.7
136.3
139.0
139.7
134.3
138.0
142.5
141.5
141.5
144.0
150.2
175.8
200.7
209.8
209.7
209.3
211.5
199.5
187.0
184.7
177.0
163.0
158.5
146.8
141.2
138.0
138.8
140.2
135.0
139.5
142.8
138.7
140.5
138.5
139.8
140.5
138.7
142.3
143.0
143.0
140.2
138.8
135.5
137.7
134.8
135.0
136.2
137.5
139.5
138.3
136.2
137.0
133.0
140.0
142.3
138.5
139.7
140.3
140.2
139.8
138.0
136.7
134.3
136.2
133.8
134.5
135.0
134.7
132.3
132.0
132.2
133.0
130.8
135.2
136.0
136.8
131.67289
135.49998
140.29993
142.50001
141.70003
143.29999
147.0
173.20002
205.00003
210.49997
213.99996
223.30001
219.00003
220.49998
214.99996
215.19999
206.99997
192.74986
164.53334
147.24002
142.8
138.00001
140.14286
140.99999
133.44007
138.75002
142.49997
142.8
144.99999
142.5
146.31429
172.29994
210.24002
216.42858
222.49999
223.56
224.74283
224.80002
218.95385
217.29999
209.20004
179.4001
165.00003
150.36
145.05
140.39998
141.525
144.35999
136.3385
140.99996
143.99997
143.30004
143.5
144.69998
147.99997
176.00005
204.50005
215.5
217.49998
219.99998
217.99999
218.8
214.00005
212.19993
204.99993
178.79994
165.19999
151.29998
142.70001
139.00003
139.29998
139.99997
133.70003
138.49997
143.49998
140.80005
142.99999
143.69999
149.50008
171.50008
203.30002
215.00001
219.19994
215.50004
217.79997
216.00001
210.19997
208.80007
199.69995
173.99993
159.00001
145.49995
134.79996
132.70001
137.49999
138.30004
133.70007
137.5
142.29996
140.20004
141.79998
143.7
149.29999
171.70005
202.80006
212.50004
210.00004
209.69999
208.49998
203.0
193.80001
193.50002
187.49997
161.69994
151.79997
138.50006
131.50001
130.70003
128.8
128.99998
124.00006
128.19999
132.29994
128.50001
129.69997
128.79997
127.2
126.99998
127.99997
128.99999
130.50002
132.30002
132.99998
131.5
133.19998
134.49993
132.29999
131.49998
131.0
128.20006
128.49999
128.49998
130.80001
130.70004
125.30008
132.00004
132.99998
128.49998
128.50001
128.99998
129.50001
128.70004
127.80005
127.99998
127.19996
127.99999
130.99998
128.99997
129.00001
133.29998
130.69997
128.30007
130.20005
127.00003
126.30001
130.00003
128.70002
129.00001
127.1999
131.19998
134.80006
133.19997
137.3
138.20002
151.99994
175.3
208.69994
218.0
219.79999
219.49999
216.20001
214.00002
204.50004
204.5
197.80003
169.70004
158.80004
144.20002
134.50003
134.50002
134.0
132.95999
128.49236
134.50002
136.99994
135.49995
136.29998
136.7
142.79999
165.70004
202.00008
216.00003
214.50007
221.50001
208.80003
210.70002
200.80003
206.99996
196.19997
164.99996
153.0
135.80001
131.00004
129.20003
125.30006
127.69997
121.80007
127.69997
136.49996
134.29999
137.69999
136.5
146.99999
172.30009
200.20004
211.49999
220.29998
222.69999
212.8
210.0
210.70001
213.79997
200.99998
173.99995
158.00002
145.70001
136.49998
135.29998
135.19999
134.99995
129.80005
134.00002
135.49991
135.49997
135.99999
137.20003
140.5
167.30005
202.20002
215.29998
218.19995
218.3
207.7
206.99998
205.29998
205.0
198.19994
166.99997
153.79996
136.69997
130.49996
126.49999
125.49998
124.99997
121.00003
132.79998
131.69993
139.50002
130.50001
134.80001
134.99997
159.7001
188.80002
197.50002
202.00001
203.69997
198.00004
196.3
186.49997
188.00002
186.49997
163.19996
154.50002
142.50008
135.00001
135.30001
134.20002
136.00007
129.50002
131.79999
138.69991
131.29998
131.69995
132.3
130.49998
131.49998
131.49998
131.00002
129.00004
132.00002
130.70005
132.49999
132.49997
129.99998
127.49998
129.79998
130.69999
128.0
130.0
128.79997
127.69997
128.49998
124.30004
129.19997
133.49999
129.80003
129.20001
129.50004
127.80006
129.70003
126.00002
127.50002
126.49999
127.99995
126.80002
127.69997
129.49996
128.00002
126.30003
127.0
125.20004
125.50001
126.30002
126.7
125.49997
128.29997
124.00005
126.19997
131.29993
126.69998
126.79999
129.69997
126.29997
141.69996
144.0
147.5
148.99998
148.79998
149.19998
148.79998
150.70001
153.99997
150.5
151.49999
149.99997
139.99997
129.29996
129.49999
128.70002
129.0
124.3001
129.20004
132.79993
132.20003
131.79998
133.99997
134.50001
166.20007
194.99999
202.5
207.00002
209.99997
210.99998
207.25712
206.00002
203.99995
196.49997
172.99998
156.79999
142.20004
133.80002
133.20002
133.50005
132.99997
130.00003
134.99999
138.99995
138.00002
138.30001
138.49997
147.50003
171.00013
200.70002
204.80002
206.50003
209.99999
211.19999
207.00001
203.79995
200.99999
196.69996
171.79998
157.00001
141.99998
135.99994
132.19998
131.3
131.49996
124.70004
130.99997
134.99998
135.49998
134.8
138.69997
142.99998
166.50004
193.00003
201.79999
200.19998
199.00002
200.99999
200.30002
200.69999
198.30002
190.99997
171.19994
156.80002
142.19997
135.49995
132.49999
130.29998
131.99996
127.50003
130.49998
133.99998
132.5
132.69999
137.79999
139.19999
166.30003
188.20004
197.0
198.50003
197.49996
197.29999
197.19997
194.0
191.29999
189.70002
168.29996
154.49997
140.19998
132.99994
132.80002
132.19999
133.29999
128.20006
132.99998
135.49996
131.00002
130.29997
131.99999
131.00003
136.00005
134.50003
137.20001
137.50005
137.5
134.30006
137.50001
138.5
135.70001
133.50004
134.50006
133.5
133.99998
130.99998
132.49997
132.0
132.5
126.80006
132.0
136.19997
130.80001
132.20004
132.50001
130.30003
130.7
130.50005
133.80002
133.69997
134.29999
136.99999
135.20001
132.50001
132.8
132.00002
134.00001
131.19996
128.49999
131.29996
130.19998
130.30002
131.99999
125.70002
131.29998
137.19995
134.99997
136.79998
140.5
144.70003
170.00009
200.00002
202.29997
206.00001
209.49998
205.69999
204.00003
202.80004
203.19995
194.49998
173.50008
156.79997
142.19996
133.00001
131.0
129.49998
130.49998
127.50003
133.49999
137.79993
136.2
136.79997
135.70001
144.99996
172.80002
198.99998
206.00002
206.49996
202.50002
211.00003
209.00003
210.19999
211.49999
205.29993
179.99996
161.99999
147.99998
141.00002
137.7
137.99998
138.50004
133.00005
139.00003
142.49995
140.50005
142.00002
143.00004
149.50005
168.50006
200.00004
207.30003
210.69993
212.29999
212.00004
215.50003
212.69996
208.30002
202.19996
179.49996
163.79996
149.50001
142.19997
139.30002
136.70006
136.79997
130.69999
135.79999
141.69996
137.5
138.0
140.99999
149.30001
170.70003
199.50001
209.49999
208.99995
214.3
214.20001
210.00002
210.99999
207.30001
201.69995
176.49994
164.3
149.69999
143.0
139.79996
138.49998
138.19997
133.50007
136.80001
140.99999
140.2
140.00001
140.99998
144.79999
167.50005
198.00002
207.50004
207.99997
207.19997
203.49996
205.30003
206.0
202.99995
197.7
173.79993
162.19999
148.50002
141.79999
138.20003
138.30003
137.99999
132.20003
136.49997
140.29993
136.49998
138.49999
137.19995
135.49998
138.29998
138.70004
139.00003
142.80005
139.70005
138.30003
137.20005
140.30006
140.20001
140.99999
137.8
141.20001
138.00001
137.79999
137.49999
137.70001
137.00003
132.50009
135.30003
140.99998
135.20003
135.5
135.99999
132.99998
134.29995
134.20002
134.80001
137.00003
139.19996
137.50001
136.99998
137.50001
138.99997
138.99998
137.29996
138.19998
136.49999
136.50002
135.49997
136.80004
137.7
130.80004
135.2
139.29996
137.20006
139.30006
139.49999
145.70001
170.30004
204.00005
212.70002
211.99998
212.3
212.0
214.0
209.49996
205.70002
206.0
181.79995
165.69995
155.49997
148.29998
146.19999
147.00003
143.29997
139.20004
143.29999
149.69999
146.00002
147.5
148.50002
151.30002
174.00003
204.00004
217.00001
213.2
212.99999
208.5
207.8
208.19999
203.80003
200.19996
177.79994
164.49997
151.50002
144.70001
143.80001
142.7
142.50004
136.00009
140.00004
146.49995
143.5
144.00004
147.80004
149.20004
172.00005
198.50001
209.50001
209.00002
207.96001
208.63
206.62941
209.50006
210.29999
201.70003
181.30005
168.00002
151.5
146.50002
146.69999
146.29999
142.2
138.00002
141.99998
147.19993
146.8
147.69997
148.49996
152.29995
173.20003
199.00001
205.3
210.5
212.99997
204.99995
208.7
203.80001
206.20002
198.79999
174.19994
159.29999
142.99994
139.99997
140.2
136.80001
134.50002
129.20006
134.30005
138.69997
136.99997
138.50002
141.79999
151.00002
170.20001
198.00005
203.49998
206.49999
206.00001
202.30002
196.49999
195.70004
197.30004
192.69993
165.99996
154.79999
139.69994
136.29997
135.49994
136.20002
136.80004
132.0001
135.20003
139.00001
134.99999
136.30001
137.20006
135.80006
137.20002
134.29999
135.20003
135.50002
135.80005
135.5
137.19995
137.29998
137.19998
137.50001
135.3
136.70003
135.99998
135.30006
134.70004
133.80003
134.49998
128.50005
133.19999
138.79996
134.69996
134.79997
136.50003
134.0
134.69997
133.3
134.2
135.5
136.49996
137.50001
141.30003
137.20002
139.80004
137.00002
138.00003
136.50003
135.00004
135.50003
137.00003
133.50003
134.19997
129.30002
133.49999
138.49994
136.99997
138.2
140.80002
146.00002
176.50007
203.50008
214.99997
217.19998
217.80001
217.80004
212.79997
209.70004
210.0
205.80001
176.20006
160.50001
139.30004
137.0
136.20002
129.30002
119.99998
116.49232
119.3
127.20003
125.30004
128.69998
132.5
137.99997
163.80003
193.69998
195.99999
198.5
199.30002
196.50002
195.70002
195.5
190.49999
186.29998
161.99992
146.20001
128.50002
122.04001
121.99998
120.99996
121.99997
117.30004
121.50003
124.99996
122.99999
123.69998
127.49999
126.5
159.80004
188.00002
197.19999
199.8
198.00002
194.19998
192.8
195.50004
203.49998
198.49998
175.99995
159.70003
142.50002
140.30001
139.69998
135.79997
135.99996
128.85246
135.76272
139.69998
138.00004
138.30001
139.7
144.99999
170.80004
202.70006
207.80001
211.49998
209.99999
206.20001
208.80002
206.70003
202.99998
197.79998
173.19998
156.49998
143.29996
138.19997
136.79997
137.19997
136.29997
128.70005
138.49998
143.79994
141.00002
144.00005
147.50002
150.19998
170.30007
192.20002
202.79997
203.19999
206.80002
200.49995
201.99996
202.70005
200.29999
195.99998
171.99992
156.7
140.30005
138.69999
136.50004
134.99999
136.79999
131.00002
135.99995
140.19992
135.00003
137.30005
138.00003
137.20003
136.00004
135.80004
140.19999
138.99997
140.3
140.69997
141.3
140.00004
139.50005
135.70007
136.30001
138.0
137.49999
137.0
137.19999
134.99999
136.49998
130.50003
134.99997
139.99996
134.8
133.19999
135.00001
133.49999
132.79999
133.19999
134.99999
135.8
135.70002
136.80003
135.70005
136.5
136.79999
138.99999
136.99999
135.49999
134.69998
134.49998
134.49998
135.49997
135.99999
130.50004
136.80001
140.19993
139.49997
141.0
144.79999
147.00001
171.70004
203.50004
211.50001
213.00004
216.00003
214.29996
209.50002
207.70001
208.29999
206.64005
181.97139
159.99995
142.69998
138.29997
136.69997
136.29997
135.69998
131.50003
136.0
140.5
136.30006
138.20003
141.50001
149.80002
172.50001
197.50003
208.5
212.70002
211.99997
210.00002
206.00001
202.5
204.50003
199.99999
178.29993
159.19998
143.99997
141.49998
138.29999
138.5
138.69998
132.50004
139.3
142.69997
138.50001
138.80002
147.50005
147.00005
172.50007
198.50002
204.5
208.70003
209.30001
209.19998
207.30003
206.69996
206.3
202.69998
176.49994
161.99998
146.49999
142.49997
141.49999
139.5
138.99999
134.00003
138.79998
142.99993
139.70001
143.00002
143.50003
150.30002
175.2
204.0
209.50004
213.29995
213.20001
211.00002
207.79999
205.0
204.19999
201.99995
176.29996
158.99999
143.99999
142.99997
137.99999
139.5
138.99996
132.20005
135.79998
141.19993
140.00006
143.30003
143.50001
144.50003
172.20005
195.30004
207.20002
209.80002
213.49996
205.7
202.00001
200.8
192.99999
170.69997
158.8
152.19998
140.29998
138.99998
134.49998
136.49995
136.99999
131.50002
134.70003
138.99994
137.80003
134.19999
133.29999
133.19997
134.49997
136.99998
138.79998
140.50004
141.70001
141.49997
144.79999
144.20001
145.79999
141.20001
140.79999
139.49999
136.19998
137.50001
137.30003
137.20001
138.30004
131.70008
135.80002
141.99994
137.00006
134.20004
135.50002
135.30003
135.69996
135.5
140.49998
139.8
141.19999
140.99997
140.49995
140.29999
141.69999
140.8
141.70001
141.29997
138.69999
137.49999
136.99996
139.29997
137.20004
132.30005
136.19998
139.29995
138.70003
139.0
143.8
141.00002
172.19999
203.00005
213.5
212.30003
214.99997
215.50001
210.69996
211.0
209.5
202.49997
178.79994
159.49995
144.19998
140.0
139.00001
138.50002
138.00002
133.00003
136.80001
139.69993
140.79997
141.19999
143.49998
147.50002
174.80005
203.70003
211.50001
216.29998
218.99995
213.50002
215.70003
214.99999
209.80006
207.69998
180.99992
162.80002
147.00002
141.50003
140.99998
139.19996
139.50001
133.00004
141.00004
143.49999
139.50002
139.50002
145.00001
146.80002
170.00006
200.99999
209.99999
211.19997
214.80002
210.49997
209.7
209.5
209.99999
202.0
173.99995
159.79999
145.69998
141.50003
142.50002
139.79999
138.69998
133.50003
139.49999
141.49999
137.50008
141.50004
143.49999
148.30006
175.20007
195.50007
199.99997
203.50001
204.79993
202.49998
202.00001
198.5
196.49998
192.99998
167.69997
156.50002
140.30001
137.7
138.99996
136.00002
134.99996
132.80001
139.19999
146.3
139.70003
141.5
142.0
137.80005
148.99995
152.50004
148.00003
149.5
148.70001
149.00002
149.29999
148.99999
149.20003
148.49999
149.99999
149.00002
135.50002
137.00006
134.30004
134.69999
134.79998
131.00003
134.19999
138.99994
140.29999
140.00001
139.99998
139.99995
138.50001
136.70001
134.50002
136.30003
135.69998
136.00001
135.50002
137.00003
140.00006
136.49999
135.99998
135.80003
135.19998
134.99995
136.3
136.50003
134.69999
131.30004
136.99999
139.69997
135.30001
135.00003
134.00002
133.50001
132.49994
133.69997
133.49995
136.79998
134.19998
135.99999
136.99997
139.49995
139.50002
141.50001
140.0
139.99997
138.79999
142.99998
137.20001
139.99997
136.80002
132.00005
137.19997
143.29997
140.20005
140.80002
144.99997
147.5
171.19998
199.5
206.50003
206.30003
208.49996
207.70002
204.00002
200.0
204.79999
194.99999
176.19994
157.49998
139.49998
136.99996
135.79994
133.99996
134.69999
132.00004
137.29999
143.19998
140.99998
142.0
149.29997
148.7
174.50002
204.30004
211.7
213.30002
214.00006
209.70001
207.79997
202.19998
199.50004
197.0
171.29992
153.99998
140.50001
133.20001
132.00002
135.49996
138.79998
132.20004
138.0
142.79992
141.70001
141.8
145.19998
148.99999
174.00001
202.49998
210.00007
206.30005
207.70004
209.80001
204.50016
206.70007
205.50001
197.79999
172.99998
156.70007
138.00007
135.80004
132.99997
132.00002
133.72882
128.00001
133.50003
137.8
137.7
141.00002
141.79999
149.00003
170.70004
194.50002
206.76001
207.17141
210.30002
205.69998
204.79999
204.69998
203.0
195.8
172.49998
155.99999
141.69999
138.49998
139.29998
133.50003
134.20006
128.99993
133.50001
135.79996
134.69997
137.50001
137.80007
143.70005
167.80003
193.19999
199.80003
204.00002
203.69999
199.50002
199.3
199.7
199.79999
187.00003
168.19998
154.50001
137.99997
136.00004
134.30005
134.20004
135.00004
129.30009
135.50008
134.69999
133.30001
132.70001
134.50001
134.0
132.50002
133.00001
133.80004
136.50005
137.20002
137.8
135.99998
140.99996
141.7
135.99999
139.8
136.70001
142.49996
137.49997
139.49999
138.29999
137.49998
134.20004
136.3
145.6999
133.49999
133.30003
134.50002
133.70001
133.80002
133.70001
133.50004
133.0
138.8
137.99997
143.69997
139.79999
142.69996
140.99997
137.79995
135.99997
137.19998
135.49997
136.30001
138.19999
135.50003
130.80005
135.5
140.19998
137.50006
139.00003
144.5
142.00001
169.49998
198.8
209.70006
205.80002
208.49994
208.69999
204.99997
203.50001
203.99996
201.79998
176.69997
160.99994
142.99995
136.49997
137.80001
133.19997
134.99995
130.00001
134.99999
138.99996
137.49999
137.79995
141.69996
141.79999
168.50003
199.20001
202.00004
202.99998
208.5
205.50002
205.3
204.5
201.49997
200.69999
171.99993
157.79995
140.49998
137.5
138.19994
135.49996
135.79998
132.00005
136.49997
140.69993
139.29998
141.7
142.50006
145.29995
165.70001
194.50009
200.50002
205.99997
211.49999
208.50004
210.99998
207.79997
203.2
199.99997
177.49999
162.50001
144.3
141.5
139.20002
138.99992
141.8
132.29033
136.99999
141.29993
141.00002
143.20002
145.5
148.50004
173.00006
199.80002
210.70001
212.49995
209.29999
209.20001
204.30002
203.49998
202.69997
197.49995
176.79999
160.2
141.30002
140.19998
141.29998
137.19998
139.50001
135.00001
136.99997
142.99993
138.50003
138.50001
144.49997
143.50006
169.50002
197.99999
203.80002
208.70004
207.99999
203.79997
204.50002
201.70005
198.79999
185.49991
150.49995
139.69995
126.49996
122.79998
122.99997
121.19999
121.49995
116.80002
121.2
124.49994
120.29998
120.69997
120.49999
120.29998
118.99998
121.69998
122.49996
123.29998
125.19995
122.99998
123.29998
123.69999
124.30002
122.7
122.0
121.0
120.49997
121.79995
119.99999
120.19997
121.29999
116.70002
119.99997
124.49994
121.00001
120.00002
119.79999
118.69996
119.2001
118.0855
119.29999
117.19996
118.99994
119.50002
120.80004
122.49233
122.80005
120.2
121.79994
119.70002
120.50003
118.80003
119.69998
120.50003
119.99999
115.38464
122.00002
123.29999
124.70001
127.49998
129.79998
131.20003
158.50007
185.00002
191.99999
193.49999
196.00001
191.79995
191.49996
188.19998
187.49998
183.79994
158.19995
144.00002
130.79999
125.50002
123.20002
123.30004
123.2
117.30007
122.20002
126.99998
124.29999
127.99999
131.0
132.2
159.30002
185.20001
201.80003
210.20005
214.29996
208.20002
209.00003
206.99998
200.00005
197.49998
175.29996
157.7
141.8
139.19994
138.30001
137.50002
134.70003
131.00008
135.5
138.49997
138.00002
140.80002
144.2
145.00001
167.80009
200.0
203.19998
208.29996
211.5
206.69999
206.5
206.8
204.69999
196.99997
172.99994
158.80002
143.2
137.99999
136.80002
136.70003
134.80005
129.20005
133.00001
137.99995
136.50004
140.29998
142.69999
146.49998
168.00003
194.3
207.70002
208.00006
210.99999
208.00003
203.80003
203.49999
203.7
197.99999
174.5
160.50002
143.00006
138.00002
139.0
136.00005
138.99998
130.80002
139.70003
139.99993
136.50003
137.99998
141.49999
144.79998
168.20007
196.00007
201.50003
206.30001
204.49997
200.20001
197.29996
198.2
194.50004
191.5
170.79995
156.50003
138.70004
136.50005
133.30003
136.50002
135.69999
132.8001
134.20006
137.8
133.99998
133.19994
137.29999
132.5
134.99999
138.00002
142.99998
138.49996
136.99998
135.20002
138.99998
136.99999
137.29998
132.99994
133.7
134.79996
138.00003
130.70006
133.50005
133.0
134.00002
123.80006
118.00004
121.20002
117.79999
116.7
115.99997
116.49995
114.99999
118.29998
119.50001
117.69998
118.99995
118.99998
120.79996
118.69997
118.79998
117.19997
117.29998
118.2
116.5
119.29996
118.5
118.20001
118.30001
113.70003
119.49999
122.49999
121.00001
121.49996
128.99995
127.79999
153.70002
182.50003
188.99997
192.79999
194.49999
189.69998
187.79998
189.99998
186.20004
183.5
155.29995
142.20002
125.30004
120.50002
119.19999
120.99999
124.30001
117.50003
120.99999
124.19994
127.00004
124.50005
128.30003
133.00008
158.70009
185.30005
190.70008
193.29999
194.69998
191.29999
191.49998
188.5
189.99998
183.99999
156.69998
141.0
124.8
121.69996
121.79999
120.49999
119.99999
116.50003
120.70001
123.5
122.50004
121.30005
127.20003
127.50006
155.99998
183.50001
189.3
193.50002
190.99997
189.49998
187.69999
187.49995
183.3
180.19995
156.79993
141.00003
126.5
121.69999
123.49997
121.49999
121.99998
116.00002
119.99995
124.99997
122.00002
124.00003
126.50003
130.30002
158.2001
185.50006
191.99998
192.30002
191.69998
192.8
189.69998
190.50001
189.49998
194.30002
173.6999
156.80003
144.50002
139.0
138.69998
138.79999
139.70002
133.30002
138.49995
143.19996
138.80005
138.50002
139.69998
147.29997
172.20005
195.29995
205.49994
205.49996
207.0
202.74545
201.49999
196.49998
192.50004
189.79996
167.69999
154.79998
140.99996
136.20001
137.00004
137.5
139.3
134.70005
139.50003
143.99995
137.30001
138.20002
137.00002
138.80002
131.19999
135.99998
134.79998
137.19996
132.29998
137.20001
139.30004
137.70003
137.8
135.99996
135.69999
135.79995
138.19997
135.80001
136.20004
135.00002
136.8
129.00007
137.50005
138.19994
138.00004
136.80003
133.20001
136.30005
134.69998
135.29997
132.19998
137.5
138.00006
136.80005
134.50001
137.49998
139.19998
137.30006
137.00007
137.00002
134.49998
135.0
139.70005
136.30003
136.99997
133.50002
134.19996
141.29999
136.19999
140.8
143.99999
146.49999
169.20007
192.50007
207.80001
210.70004
210.30006
209.69998
205.99999
204.30002
205.70004
202.29998
178.99992
161.19995
138.5
140.49997
136.79996
136.99997
139.69997
130.30005
139.49999
140.19999
134.8
134.00004
132.70004
142.80002
164.50007
194.50007
205.20006
200.99999
201.49998
204.50006
203.80001
208.00001
202.20002
200.80004
172.19993
159.49999
145.49995
138.00003
140.49994
138.80003
136.69999
135.80005
136.99997
142.19994
140.99998
137.8
146.00001
144.19997
174.00001
193.80004
202.69994
207.29998
208.49997
207.20003
203.8
206.0
203.69996
201.00001
170.49994
159.29997
141.99998
135.00003
138.70001
134.50006
136.80002
128.70008
137.0
138.3
139.00006
138.70004
139.99998
144.80004
166.70009
197.50003
202.3
204.99998
203.20001
204.8
200.69998
202.3
200.70002
191.29994
173.19998
158.99998
137.80001
136.70001
133.79999
137.19999
134.49998
132.00008
134.99999
141.00003
136.50005
138.80002
139.20001
145.79999
171.20006
189.50004
199.00007
202.00006
201.29997
198.0
197.19996
194.49998
197.0
188.30004
168.19996
156.29997
142.20001
137.29996
138.69997
138.29998
138.19995
133.49999
138.5
142.80001
137.0
139.00005
137.50004
132.70005
135.30002
136.70003
138.30009
142.70003
139.00003
137.30005
137.0
136.69997
138.0
136.30001
137.69996
139.3
136.70002
137.29999
137.20002
138.80001
135.19997
131.50006
137.99996
137.49994
136.5
137.50002
134.30003
136.00005
137.20006
135.04618
138.99998
137.99995
137.7
137.99996
138.99995
138.29998
138.69995
138.49997
136.99996
136.50003
139.49998
137.79998
138.20001
133.5
137.39995
109.66154
114.69999
122.49993
120.00005
119.80006
117.70005
123.30007
147.50002
177.00003
197.2001
209.99997
208.49999
206.79997
209.49998
207.69995
203.5
200.79998
177.49991
163.69997
142.49994
136.79997
133.70001
132.79996
135.19996
132.00003
135.79999
142.99995
140.69997
142.8
147.00002
147.99994
171.20003
201.00002
208.80004
212.7
210.79994
209.20001
209.0
210.30002
208.7
204.99998
179.29997
162.49999
144.99997
142.19997
136.99996
139.80003
134.99998
133.50002
135.69998
145.49993
142.30001
136.69996
142.29998
146.7
171.30004
199.00002
205.0
203.20002
206.30001
203.19999
206.80003
206.19998
200.99998
197.80003
173.19994
154.99992
144.29997
141.19998
138.29998
137.99999
137.7
132.0
137.30001
138.69993
143.30001
138.69999
144.99995
146.00006
169.80004
196.50005
203.99995
206.70002
208.30001
198.70001
204.50002
204.80002
201.19998
194.3
171.69994
158.79998
140.19996
139.00002
140.50005
138.50002
139.00004
132.00005
137.00002
140.29999
139.49998
137.19996
140.49999
144.00002
170.30002
197.70002
201.50003
206.00002
208.29999
204.20001
202.50002
203.00002
201.30006
195.00001
165.99992
154.19999
141.49997
136.00002
136.8
137.20006
134.50004
131.80001
136.49998
138.69993
134.0
133.8
138.70003
136.00001
132.30001
132.70003
138.50001
134.00002
140.00002
139.30005
138.5
136.0
137.19995
140.00001
137.30001
136.20003
136.80004
133.00006
136.00003
136.70006
134.50001
131.30008
139.20003
138.49996
134.30003
133.20004
133.99998
133.29999
133.19998
133.80003
133.2
136.3
134.19997
138.00001
137.0
139.49997
138.49996
134.29998
135.70002
138.00002
135.00006
136.80004
137.69997
135.30004
135.50004
131.50006
135.70005
137.79999
136.20004
137.30001
142.69995
145.29998
171.20001
199.00004
205.00003
204.49998
206.99992
205.3
207.00009
203.70002
203.00006
197.79994
173.99989
156.70004
139.99996
137.79997
137.7
137.5
136.50002
132.50003
135.99998
143.29998
137.70004
138.5
140.00003
148.49999
168.30003
194.5
208.00001
196.50005
202.49996
201.99998
206.69997
204.80005
201.00009
197.19998
173.49998
157.30003
141.00002
136.19996
141.00001
141.99999
140.30001
139.00004
142.7
148.4999
142.62301
147.25426
148.70008
151.00005
174.3001
201.7
209.50001
210.5
207.8
204.5
205.2
209.00001
205.79997
195.69999
171.29996
154.20005
140.00002
134.3
136.70003
146.00004
141.00006
137.80008
146.20004
149.29998
141.70003
142.99997
146.79999
152.20004
176.00006
200.50009
211.8
212.99999
207.2
208.00005
203.5
206.99997
201.29999
194.99994
172.69996
155.79999
143.7
138.8
137.70003
135.50001
135.49999
131.80007
134.7
138.49994
135.49998
137.29995
137.19999
145.5
169.00002
198.80003
202.50001
207.20005
206.30002
202.00001
196.69997
189.49999
184.91804
185.08471
165.99995
154.79997
139.00001
135.50005
134.70007
133.30002
133.20002
128.30002
136.19993
139.29996
132.2
133.99999
135.80003
135.70005
134.80009
136.70005
138.30005
143.20003
144.49999
142.80002
145.7
139.99999
142.79996
142.19997
138.3
137.49995
134.0
137.50002
132.69998
131.5
130.79999
129.70004
136.00001
142.99995
139.79997
135.70001
136.99999
137.50002
136.50004
136.00001
138.80003
139.99997
139.99995
141.49997
143.69996
140.50003
145.30002
143.70002
140.79996
140.50001
141.70008
138.50004
138.99995
140.29999
137.7
136.80004
141.00005
142.32795
141.35593
139.18036
142.88134
151.80002
173.60657
205.11864
213.00005
217.30007
212.16398
213.80005
213.20004
213.05094
206.30008
196.42618
174.7119
158.00001
140.69996
140.00009
133.27875
138.10167
137.21317
135.00003
146.03054
139.5
143.00001
144.80001
146.00004
154.19996
179.80007
204.19995
211.41807
212.76923
214.70002
209.50005
206.3
203.0
207.4
199.53335
172.49999
152.69999
140.0
136.8
136.2
133.63635
133.38462
137.49999
141.49997
144.52615
143.2
143.30002
148.5
152.7
174.0
203.8
208.7
211.8
212.7
208.5
211.3
210.2
205.0
197.3
173.20003
157.3
145.2
141.8
135.5
138.2
131.80318
135.5
134.8
139.5
135.2
135.8
137.5
149.2
174.0
201.5
209.8
209.5
212.7
209.5
210.3
211.7
209.0
197.0
173.3
160.2
146.3
144.2
144.3
139.2
133.8
136.7
140.0
142.0
141.3
139.85446
141.96925
146.7
173.0
201.3
205.0
208.5
210.5
208.7
203.0
205.50003
200.8
192.2
167.5
155.8
140.0
137.0
135.2
137.8
131.7
141.0
141.8
145.2
140.3
140.72729
142.49995
138.64611
138.3
136.2
134.8
140.0
138.7
137.3
135.0
135.2
136.3
134.5
134.2
134.3
134.0
134.5
133.2
133.8
126.5
133.7
133.3
137.5
132.7
133.8
133.5
134.0
133.5
131.0
136.2
135.0
134.8
135.2
137.0
136.5
136.5
135.0
136.5
137.5
135.8
138.2
134.5
134.0
130.0
133.0
133.3
138.2
136.0
138.3
142.58183
146.58462
176.7
203.3
212.5
213.7
216.5
210.5
214.5
208.5
209.3
205.2
174.0
159.0
143.0
139.5
139.5
135.8
133.2
140.8
137.7
141.5
138.0
137.3
142.0
153.7
173.0
200.8
210.7
215.3
212.7
213.49999
207.5
209.8
204.76364
203.8
181.5
160.7
147.8
143.7
141.3
141.7
133.8
139.49999
139.0
142.7
141.0
142.90907
144.46155
149.99996
171.9428
197.19999
214.33848
216.92305
214.3
210.7
213.0
210.0
209.79994
204.5
179.5
165.7
150.8
146.0
144.5
143.2
137.5
141.5
139.5
144.5
140.5
141.8
147.2
155.8
180.0
205.5
213.5
216.2
215.3
215.5
210.7
213.8
206.7
203.3
181.5
166.5
150.5
146.7
145.8
144.5
137.0
143.0
141.7
144.3
142.0
142.00005
147.7
151.8
173.5
199.5
203.0
205.5
206.5
203.0
203.0
202.5
200.2
192.8
167.7
156.8
146.5
144.5
142.7
139.5
137.5
138.8
139.7
146.5
138.5
139.8
138.7
140.0
137.0
137.5
138.3
143.2
144.5
142.3
144.5
142.2
143.3
143.5
141.5
142.2
141.0
141.5
140.0
139.8
136.2
138.8
139.2
147.0
139.5
138.5
140.3
139.0
139.7
138.5
138.5
140.3
141.20007
143.0
141.0
142.3
143.0
141.7
141.5
141.5
139.5
143.0
139.5
138.8
134.5
139.2
137.8
144.0
139.2
138.0
139.0
140.5
153.0
151.8
150.7
150.5
153.0
153.8
152.0
153.7
155.3
156.7
154.3
149.7
139.3
137.7
140.5
137.0
135.5
138.5
138.5
143.5
138.0
144.0
144.0
155.0
174.8
204.0
209.7
210.5
214.3
208.0
211.5
210.5
209.2
199.3
175.7
163.5
148.0
144.3
142.7
139.8
136.0
143.2
141.5
146.8
141.5
142.5
141.2
148.0
176.0
206.3
215.2
215.5
217.5
216.8
213.0
214.7
213.00004
204.8
179.0
166.0
149.5
144.7
142.5
141.5
134.8
142.0
140.5
144.0
142.5
144.7
145.0
154.8
175.7
205.0
212.8
214.2
212.5
214.3
211.2
205.3
197.2
218.5
176.3
160.7
148.5
146.8
141.7
141.0
138.8
144.7
142.0
151.0
149.0
149.0
151.8
162.2
179.8
206.2
212.3
216.7
214.5
213.8
208.0
206.26222
206.94912
200.3
177.7
160.5
145.5
146.8
146.2
147.5
140.0
146.0
145.3
150.0
139.0
144.5
131.2
132.0
144.3
143.2
145.0
138.0
129.0
130.0
133.3
136.2
134.3
132.5
129.7
129.8
129.2
131.3
129.0
128.0
130.5
134.7
136.3
138.2
137.3
130.7
138.8
133.5
132.7
137.0
128.5
131.3
131.5
130.0
131.7
127.5
134.5
130.3
144.2
141.5
136.0
140.00022
138.3
137.7
135.0
139.8
141.7
145.0
144.3
146.2
152.5
160.5
180.0
204.5
217.8
220.0
219.2
216.8
215.2
215.3
215.5
206.2
180.3
163.7
148.5
146.8
141.7
143.3
134.7
140.5
137.8
143.5
140.0
141.2
142.3
148.7
175.5
204.5
210.5
218.3
219.2
215.8
214.99997
212.2
210.0
204.0
177.3
164.5
151.2
149.0
147.0
143.0
137.0
140.0
142.0
146.0
142.0
143.3
145.0
148.0
178.5
205.7
213.3
210.70009
212.3
211.5
211.7
208.5
208.8
205.2
182.0
163.8
151.7
148.8
144.7
146.0
138.5
143.5
141.0
145.5
141.5
142.5
146.0
157.5
176.5
204.5
207.5
212.8
215.0
212.2
210.8
211.5
208.7
202.0
178.3
161.0
148.0
143.2
141.0
141.0
133.5
138.5
137.5
143.3
140.5
140.2
147.5
154.5
179.0
205.0
213.0
211.3
218.87999
214.42108
204.0
199.5
197.3
194.2
168.79994
158.0
145.5
149.0
145.0
144.7
140.3
146.5
144.2
149.0
144.0
145.3
146.2
144.8
142.7
141.5
146.5
148.5
147.8
148.0
142.5
144.5
143.7
142.8
144.5
145.7
143.8
145.5
147.5
147.5
142.5
147.2
147.5
149.5
145.8
145.7
145.0
145.3
143.7
144.5
143.5
144.0
145.0
144.5
145.5
149.3
147.2
145.0
145.0
144.5
145.5
145.0
144.3
142.5
140.5
143.0
145.0
149.5
147.0
146.5
154.5
162.0
186.0
210.2
214.3
216.7
213.5
213.5
209.5
207.0
204.8
196.7
170.0
158.0
142.0
138.5
138.5
134.5
131.0
135.8
135.7
142.0
137.3
137.5
140.5
148.5
175.2
204.3
209.5
209.5
217.70013
213.0
212.3
208.2
204.8
198.0
176.7
154.5
139.0
143.0
136.5
138.0
129.3
136.2
138.0
142.5
135.5
140.0
139.5
152.5
176.0
207.5
209.3
212.0
216.7
211.5
209.3
209.5
202.0
195.5
175.5
155.7
139.8
139.2
134.5
138.0
131.5
135.5
134.0
138.5
137.8
135.7
140.0
145.5
173.8
200.0
209.7
211.0
217.3
206.5
212.2
208.0
208.8
198.2
173.3
158.7
142.3
141.0
138.0
136.7
133.3
138.2
137.5
144.8
139.0
141.2
145.8
149.7
172.8
196.2
200.3
205.7
202.8
196.7
199.5
189.8
187.2
185.5
161.5
150.3
138.0
136.7
132.0
135.0
128.0
131.8
133.7
138.30007
135.7
136.0
137.3
134.5
136.0
135.2
134.0
131.0
134.5
137.8
132.7
136.5
137.5
136.8
132.7
135.0
131.3
134.7
131.8
132.5
128.0
131.2
130.5
136.8
133.7
136.0
134.5
137.0
139.0
137.3
136.2
134.0
133.8
135.0
134.2
137.8
139.5
136.2
134.3
132.7
134.3
132.5
132.2
131.3
128.7
131.5
132.0
136.0
132.5
133.0
138.5
144.29998
168.7
200.3
206.7
208.3
212.2
207.5
209.3
208.7
210.0
200.3
173.5
162.5
144.2
139.5
137.3
136.0
134.5
133.0
136.7
136.8
140.5
142.7
142.3
154.5
179.0
200.5
213.2
209.0
212.5
212.0
210.8
209.2
204.99992
202.3
170.7
163.8
144.7
139.0
140.3
138.0
137.0
138.0
143.7
146.0
141.3
131.0
129.0
138.7
162.3
189.7
201.3
197.2
203.3
198.0
194.0
194.0
192.2
185.0
158.0
143.5
133.8
129.5
127.7
123.8
122.7
122.0
126.8
129.0
126.7
126.0
129.3
136.2
161.8
189.5
198.2
203.8
205.2
206.0
200.3
199.5
199.0
187.7
169.3
146.2
132.5
131.3
131.2
126.5
124.5
126.5
128.5
130.5
129.0
131.0
131.3
137.2
162.5
189.8
198.0
201.7
200.8
198.0
194.2
189.8
189.0
177.7
154.0
142.3
134.0
125.7
126.5
124.8
122.5
125.0
125.7
128.0
124.5
125.3
122.5
125.0
124.2001
123.8
122.7
126.3
128.7
121.5
124.5
122.5
125.3
121.2
122.0
123.8
127.5
127.2
124.0
126.8
122.0
123.0
127.2
128.0
125.5
122.0
124.5
122.5
122.8
126.0
124.5
124.2
125.8
126.7
126.3
126.5
125.7
125.5
127.5
123.8
126.0
129.7
125.0
127.0
120.5
127.3
123.7
128.5
127.8
126.5
131.2
140.8
160.7
193.5
212.8
213.5
216.5
212.7
209.0
202.0
193.8
184.7
159.3
145.0
128.5
137.0
136.2
136.0
130.8
134.5
140.7
147.8
144.0
144.0
152.2
152.5
182.3
207.5
212.0
209.7
217.0
207.3
205.7
202.3
207.2
194.0
170.3
154.5
141.2
141.5
133.8
142.70017
137.8
145.2
143.5
149.5
147.3
146.5
149.0
159.2
183.5
211.3
212.2
217.8
220.2
214.8
214.7
210.8
207.7
200.5
172.3
155.7
142.0
138.3
135.2
138.8
130.5
137.2
141.3
143.7
141.0
142.0
146.0
150.5
180.5
204.0
206.3
209.7
211.5
209.8
205.5
206.7
205.0
196.3
170.2
158.0
146.8
143.2
146.3
146.7
140.5
144.8
144.7
144.5
146.79999
143.2
147.5
153.8
180.0
209.0
214.2
225.8
211.5
215.0
209.5
201.2
198.3
184.0
158.7
145.3
132.5
133.0
134.0
129.0
128.7
130.0
126.0
135.0
124.0
126.5
127.5
128.0
126.0
130.3
130.2
130.5
130.0
133.3
147.7
143.3
147.2
140.0
143.5
142.5
153.3
151.5
150.2
140.5
141.0
146.0
140.5
152.8
140.5
142.7
152.5
147.8
157.7
152.5
158.3
163.5
159.04909
170.33916
166.5
167.5
172.5
164.5
169.0
166.3
168.5
168.0
166.0
163.5
156.2
153.0
157.5
159.5
158.5
158.5
161.8
157.2
185.3
213.5
216.2
223.0
223.0
218.3
212.5
206.5
211.5
203.7
175.8
162.2
148.5
149.3
143.0
143.0
139.7
145.0
144.0
150.8
143.2
147.3
152.7
160.8
187.2
218.3
215.2
217.8
221.2
214.8
216.7
211.5
210.80005
204.2
179.0
167.5
150.8
147.2
144.3
144.2
139.5
143.5
148.0
149.8
145.7
150.3
152.5
157.0
187.7
213.8
224.5
228.2
220.0
216.5
215.0
197.5
195.50002
189.3
161.2
153.5
132.5
131.5
131.5
127.5
125.0
126.0
127.5
129.0
129.0
128.0
130.5
138.5
163.3
193.0
195.7
198.54542
200.2
197.3
193.2
195.8
190.7
185.5
160.3
142.2
133.8
130.2
129.3
128.5
123.2
126.0
124.8
131.2
126.0
129.3
128.5
135.0
161.2
185.5
189.8
191.7
196.5
189.3
192.0
187.0
191.2
179.5
151.5
139.3
132.5
125.0
126.0
121.2
122.45887
123.35601
124.2
125.5
125.5
121.5
125.3
124.2
122.3
123.7
125.5
124.0
124.5
125.0
125.0
125.3
123.2
126.5
125.0
127.3
129.2
123.5
127.3
121.7
120.50018
121.5
123.8
129.0
121.2
123.5
122.0
120.5
125.5
126.0
125.5
123.8
124.7
124.3
122.7
125.5
125.5
125.3
122.2
122.5
125.5
123.3
125.0
121.0
119.0
124.0
126.0
127.2
125.8
127.7
127.5
136.5
164.8
188.5
198.0
206.5
204.0
205.7
195.5
198.8
189.7
180.0
153.3
138.7
123.0
124.5
120.0
124.3
117.7
127.8
123.7
129.3
123.5
129.2
126.8
143.7
167.3
193.7
199.8
204.0
203.5
199.7
198.5
198.0
192.0001
184.3
154.2
135.8
129.5
120.5
121.5
118.5
119.0
116.7
122.8
126.2
122.0
127.0
122.0
134.3
164.7002
200.3
200.5
209.7
213.8
200.0
199.2
201.5
201.5
190.3
161.0
156.0
135.2
128.8
126.20006
126.0
124.0
131.0
131.8
128.7
135.5
128.3
133.2
137.0
161.3
194.2
199.0
203.5
208.5
198.5
200.0
193.8
194.94547
187.63636
164.50898
146.76917
136.03642
127.66164
130.0
123.00004
124.70028
124.69091
134.95389
139.80001
136.20013
139.79997
139.59991
149.84
170.94549
196.29995
197.99998
202.70006
204.32727
196.33829
202.00011
200.29999
198.50005
190.20009
162.8002
150.2
136.0
135.5
138.0
141.0
134.0
138.3
138.5
140.5
136.7
137.0
139.8
135.5
125.2
125.3
121.2
125.3
122.5
128.0
123.0
124.0
121.7
122.5
121.00008
123.5
123.5
119.0
119.8
121.5
116.7
118.8
122.5
111.69984
118.0
121.8
116.7
120.8
116.2
121.3
119.7
123.8
123.7
125.8
123.0
122.2
124.5
122.0
125.3
124.7
124.8
124.0
121.5
120.0
122.7
124.5
121.0
125.5
123.8
129.7
138.5
161.5
193.3
197.2
204.5
202.0
202.5
195.0
201.3
204.8
191.39499
162.17146
147.23079
129.80012
130.4
126.35294
123.96926
116.7
123.3
120.5
125.0
122.5
124.0
125.5
132.5
163.7
187.0
197.3
201.7
196.3
196.5
201.2
193.5
192.8
181.7
156.0
137.0
128.0
124.0
119.8
122.5
116.7
121.8
120.7
125.3
123.2
124.3
126.2
132.8
166.2
187.8
195.49099
199.19998
196.7
198.8
189.20014
194.0
187.5
183.80005
158.0
144.7
125.3
127.0
121.7
121.5
115.8
120.5
118.2
125.3
121.2
123.5
125.5
134.3
161.5
188.0
193.5
198.2
199.0
198.0
197.0
196.3
189.2
184.3
154.0
137.5
129.2
124.0
123.0
119.5
118.3
118.0
121.0
123.2
120.3
123.7
120.8
139.5
160.2
180.5
186.0
190.0
191.5
188.8
196.0
187.7
185.5
174.0
147.0
138.3
122.5
120.0
119.5
122.2
115.8
120.5
120.2
123.5
119.3
119.7
116.99999
123.8
120.2
123.0
118.5
119.8
118.7
120.5
120.8
122.2
126.5
120.3
122.7
120.5
122.5
119.0
120.0
117.3
113.5
121.2
