105.8
104.1
102.9
104.1
104.7
122.8
145.7
189.9
268.9
321.7
362.8
376.3
373.6
367.8
365.7
370.1
354.0
317.8
261.8
202.9
152.3
135.9
120.5
122.3
110.7
110.4
106.7
107.1
107.8
121.5
151.7
195.6
260.2
315.4
347.5
357.3
368.8
355.7
359.5
355.2
350.4
326.4
276.8
201.9
147.5
127.8
119.7
121.3
112.6
108.8
106.8
107.3
108.0
120.8
148.9
194.6
274.9
329.8
367.6
360.7
351.4
348.7
357.7
352.9
354.6
326.9
278.4
203.1
156.8
128.2
123.2
126.7
118.2
109.1
107.8
107.9
109.9
120.7
153.6
197.7
272.3
338.1
373.4
385.0
385.8
377.9
377.9
365.9
356.9
330.5
285.7
220.1
161.5
135.1
119.8
130.2
121.7
113.0
110.9
113.1
112.6
127.7
154.9
198.8
270.6
325.0
348.2
363.5
361.7
359.4
360.9
356.3
351.1
330.1
275.1
202.3
152.1
132.9
118.1
128.0
111.2
113.1
111.8
112.2
112.8
109.4
113.5
124.4
143.7
156.5
147.6
151.4
159.5
152.2
154.5
151.8
146.3
145.1
144.9
129.7
128.5
108.8
106.4
108.4
111.4
108.6
108.0
108.1
109.1
108.1
107.8
109.7
126.3
130.0
141.3
143.4
146.1
152.4
157.7
157.8
160.0
157.5
142.6
134.4
127.1
109.2
107.3
109.0
112.0
108.6
109.6
108.9
112.3
125.0
156.1
202.5
299.7
367.2
396.1
384.7
381.7
372.2
378.5
378.5
386.3
353.2
304.4
231.0
172.1
139.7
121.0
129.2
118.5
117.1
113.9
113.9
115.9
126.1
158.0
202.4
296.0
358.3
391.9
398.7
402.8
381.2
387.8
383.5
373.0
350.0
296.1
218.3
168.5
143.0
135.5
127.8
118.4
115.8
116.7
118.0
121.3
129.6
161.6
209.0
266.6
310.1
340.0
359.9
352.3
342.3
341.3
344.2
351.7
330.5
284.6
218.7
164.9
141.0
123.0
125.2
112.1
112.6
112.2
111.1
115.9
123.1
151.8
199.8
271.0
330.1
364.4
374.3
379.5
354.3
353.7
351.0
346.3
317.7
272.6
201.7
155.0
136.6
123.1
123.1
106.4
105.6
104.7
104.4
107.2
118.1
148.4
191.6
244.0
296.5
333.8
354.5
335.4
327.1
329.3
320.9
328.2
297.2
249.3
191.4
152.2
124.7
108.3
117.2
103.6
104.2
102.4
105.1
105.6
102.5
102.5
116.3
138.8
138.2
140.2
148.2
147.3
162.4
139.0
132.0
135.4
133.7
132.3
128.8
108.3
100.1
96.0
98.5
98.1999999998
98.4
96.7
97.2
99.6
98.4
99.2
99.0
116.7
125.6
132.8
126.3
130.1
135.2
134.4
131.7
140.5
135.3
121.8
105.9
113.2
97.5
94.9
98.3
105.2
98.0
97.5999999999
96.7
98.5
116.9
140.8
183.9
275.1
315.0
351.8
355.6
343.5
341.6
345.1
348.3
335.4
299.7
258.8
189.7
138.9
117.8
108.4
115.7
109.2
101.3
103.2
102.0
107.0
109.2
143.0
191.4
266.0
318.2
353.4
353.9
334.0
320.3
314.4
320.2
325.4
306.3
251.0
178.5
138.6
120.5
111.4
113.0
103.9
100.7
98.5
100.6
103.1
110.9
141.5
183.3
244.2
285.1
318.6
330.8
326.3
326.0
333.5
324.6
319.7
298.5
253.3
189.2
151.0
137.2
117.0
116.2
107.6
104.6
104.9
104.0
107.2
115.8
143.1
191.3
238.9
278.4
310.3
315.8
320.0
312.1
308.3
310.7
307.8
292.9
246.3
192.4
151.8
132.8
115.1
117.7
103.2
103.5
103.1
102.1
105.4
115.8
142.5
180.4
218.0
261.8
282.4
293.8
294.4
285.0
288.0
290.2
294.2
269.2
227.6
166.6
124.2
108.4
104.0
107.1
99.0
97.9
97.3
100.4
99.7000000001
96.0000000001
98.8999999999
104.7
123.2
125.9
126.5
128.8
126.7
130.2
139.2
123.8
126.6
120.8
116.0
106.9
108.6
98.2999999999
95.2
96.7000000001
95.1
96.3
96.6000000001
95.5
96.5
97.8999999999
94.5
96.8
112.0
115.2
118.6
129.0
126.0
125.2
130.0
133.4
130.5
123.6
111.8
109.0
108.5
97.3
97.9
97.0
101.7
96.0000000001
95.6
96.1
100.7
113.8
146.5
183.3
241.6
272.4
302.7
314.7
323.9
311.0
308.7
310.9
298.1
273.0
229.8
167.7
133.0
119.0
114.1
118.6
106.1
105.5
108.3
107.2
111.2
117.6
159.6
159.8
199.0
249.2
270.1
276.3
278.4
267.7
258.1
245.7
238.4
213.0
155.4
124.5
106.4
101.9
99.3999999999
110.7
104.7
97.8999999999
97.8
98.6
99.5
97.4
97.7
115.6
150.6
163.7
162.9
166.8
164.9
165.1
166.0
164.3
166.6
164.9
144.1
120.3
102.2
101.4
102.0
115.1
105.4
104.0
101.6
104.5
105.1
99.6
100.4
117.9
165.5
166.7
161.5
154.4
153.9
153.9
157.7
154.3
165.3
160.1
142.4
116.4
104.4
100.2
99.3
104.7
105.0
100.8
101.4
100.3
102.9
98.6
99.5
118.8
165.5
172.8
173.9
166.8
167.5
162.1
163.1
163.9
165.5
160.9
149.4
120.9
102.1
99.9
97.6
103.4
101.3
103.2
102.2
105.7
107.4
102.8
101.5
107.5
126.7
126.2
132.4
136.0
128.2
127.8
135.7
127.5
125.4
114.1
111.1
104.3
106.9
100.6
95.1000000001
97.9
98.7000000001
95.6
97.7000000001
96.4
97.9000000001
97.5
99.0
98.6
108.0
120.2
120.0
121.6
124.8
117.7
118.1
120.4
125.8
118.8
106.9
97.2
111.2
97.0
94.4999999999
97.8
104.0
101.9
101.9
103.7
103.2
103.1
104.2
121.3
175.9
190.7
191.9
183.0
191.6
185.7
182.3
174.6
179.0
170.2
151.6
120.9
109.3
98.8
94.0999999999
100.5
103.5
105.0
105.0
104.6
106.7
104.2
102.0
118.9
175.6
177.8
181.3
179.2
175.8
179.6
177.1
168.9
168.6
166.3
155.2
126.5
113.8
103.1
97.7
103.2
102.1
101.1
102.5
102.0
101.8
101.5
97.5
116.0
169.1
180.9
172.2
180.7
173.0
174.2
177.4
175.7
169.2
170.7
152.2
120.2
107.3
105.9
96.8999999999
102.4
50.1
102.1
99.9
102.7
99.8
98.0
99.4
148.3
178.2
177.7
171.8
168.3
166.1
167.8
175.3
169.6
165.1
156.9
139.9
117.4
107.1
101.7
103.5
104.8
103.5
104.7
103.3
103.6
102.1
99.2
101.3
120.5
163.3
180.2
176.3
176.7
168.5
167.9
165.3
171.8
172.1
160.6
152.1
126.8
115.3
103.4
99.8
102.3
100.2
102.7
100.7
102.7
101.2
99.2
97.3
102.7
118.8
119.7
121.9
122.4
124.7
117.9
120.1
120.3
123.4
128.5
112.8
110.2
109.5
95.6
97.6
95.8
95.4
95.5
97.1
97.3
96.3
97.9
94.9
97.2
115.5
117.4
117.9
115.9
128.6
131.3
135.7
123.2
124.2
130.9
116.4
106.1
108.6
94.3
92.6
95.9
101.5
95.7
93.2
94.7
98.1
109.1
137.8
167.3
254.0
317.4
368.3
379.4
370.5
355.7
351.2
356.5
352.0
320.7
261.5
184.1
135.4
116.7
109.7
115.0
104.0
104.7
99.9
103.0
104.4
111.4
143.3
180.3
254.5
317.3
364.9
370.7
365.8
363.1
361.1
365.0
354.5
327.6
267.0
182.0
126.4
112.0
104.1
109.9
106.7
98.1
100.9
102.1
104.9
113.7
132.0
186.6
265.2
323.8
361.7
364.8
359.6
353.9
352.9
348.5
344.6
319.1
264.3
196.4
142.6
123.2
109.9
112.7
103.7
101.5
100.2
102.7
105.1
111.5
135.7
182.0
246.2
297.6
337.1
343.7
345.9
331.6
325.9
328.6
321.7
311.2
257.4
186.6
131.6
114.2
110.5
117.4
98.3
98.2
99.2
100.6
104.3
106.9
132.4
178.2
232.3
286.8
312.4
329.9
323.7
328.1
324.0
320.5
321.7
298.4
250.2
181.2
133.9
122.1
112.1
108.6
96.6
99.0
99.8
101.7
103.1
97.1
98.1
112.5
133.2
136.3
138.4
140.9
135.0
131.2
135.5
127.4
129.4
119.4
121.8
110.2
107.3
93.4
92.0
92.9
94.0
91.9
94.4
94.3
94.3
94.0
92.5
92.9
112.4
123.4
128.1
127.7
131.9
133.5
134.6
137.1
138.4
133.6
116.7
107.0
109.4
96.7
94.8
97.1
99.7
96.1
94.3
94.8
96.8
114.5
138.8
181.3
268.9
324.7
363.3
374.7
367.0
364.2
361.0
358.6
353.1
328.1
277.2
202.9
144.4
125.0
113.9
116.5
108.9
102.7
102.1
103.9
105.1
115.7
138.8
184.0
253.9
305.6
336.4
337.2
349.3
351.5
350.8
347.6
346.6
326.6
271.6
201.3
152.0
126.4
107.4
116.3
106.3
101.3
101.3
101.9
103.8
113.1
134.6
188.6
265.1
320.4
373.7
376.0
355.6
350.3
340.8
341.5
345.6
323.8
274.5
202.2
141.3
119.3
108.6
115.5
108.3
102.4
100.3
102.2
106.5
110.4
141.8
177.5
244.7
302.8
336.9
353.2
356.3
339.1
338.3
340.5
340.2
322.4
268.3
205.4
154.6
134.6
115.4
118.2
97.6
102.5
102.4
103.4
103.3
119.7
137.9
187.8
247.6
310.0
345.2
352.3
361.6
354.4
347.1
329.5
331.6
313.4
260.1
177.3
127.5
113.5
102.7
113.0
96.4
93.6
99.6
102.8
103.3
98.4
100.3
112.0
144.8
143.7
151.9
149.4
147.5
155.5
136.9
142.5
143.3
134.4
127.7
117.2
117.1
96.8
93.7
95.4
97.6
95.1
95.3
96.6
95.2
94.0
95.1
96.5
117.0
122.2
123.6
132.5
123.7
126.5
139.2
134.7
136.6
134.5
126.6
109.3
116.2
93.7
94.2
99.3
103.8
99.3
101.1
99.7
105.0
113.3
138.2
197.1
291.0
393.8
421.8
426.5
417.0
396.8
386.4
386.7
383.7
355.6
293.9
219.5
154.7
126.5
114.8
125.0
108.6
103.7
111.1
110.3
111.8
125.0
143.5
199.7
291.5
372.3
418.5
402.0
380.6
367.5
375.1
375.6
372.9
349.7
289.6
220.2
157.9
133.9
127.4
117.7
102.0
102.8
103.2
102.1
104.6
114.9
142.4
198.2
293.4
358.8
399.4
407.2
411.0
413.3
410.9
400.1
388.8
355.9
290.5
216.1
158.1
130.8
117.8
116.4
111.8
101.4
104.1
103.4
105.8
112.9
142.9
206.6
295.1
370.8
407.4
406.4
393.8
372.0
373.1
378.5
370.7
340.6
299.1
216.4
163.7
139.6
126.2
133.8
111.8
114.9
116.3
116.7
117.3
134.0
162.1
216.9
291.8
349.7
394.7
388.8
376.8
356.1
351.3
354.8
348.6
334.9
273.7
195.5
144.6
119.7
116.4
115.0
102.8
103.1
107.2
105.2
107.2
103.6
101.0
115.2
145.2
150.8
150.3
158.8
146.3
153.2
145.5
146.2
143.5
139.5
141.0
123.8
122.7
102.0
99.0
103.4
104.9
101.3
102.3
102.6
104.3
102.4
104.9
104.2
125.6
134.1
141.5
140.8
140.6
135.3
138.1
144.4
145.9
146.2
132.3
118.4
121.1
107.8
104.0
102.7
108.6
105.7
104.1
104.9
104.6
123.0
150.7
195.4
293.0
355.8
396.6
384.3
383.5
371.5
366.2
370.3
362.7
342.4
290.8
221.1
157.2
141.0
128.4
133.2
116.1
116.1
116.2
120.6
120.5
129.8
154.3
212.0
297.5
348.9
381.2
369.1
361.4
367.0
350.3
348.8
348.6
335.7
279.2
215.4
154.3
134.8
122.0
124.8
113.7
107.8
107.8
108.2
111.3
123.4
149.1
204.0
271.8
329.5
360.4
364.7
365.4
364.5
367.8
359.2
350.9
334.7
289.1
224.9
167.8
141.9
134.5
135.1
114.8
118.6
116.9
122.9
124.8
132.5
160.0
207.9
289.7
341.5
388.4
380.3
369.4
363.1
351.1
357.7
353.9
327.9
279.1
214.1
156.9
136.7
122.4
113.5
111.8
107.9
105.9
107.6
111.4
124.4
149.4
206.2
282.6
336.6
380.6
373.0
360.2
353.8
365.1
364.2
354.5
331.0
274.8
206.5
152.3
131.9
128.1
122.5
112.6
112.3
114.2
121.5
122.3
117.4
118.6
134.7
168.8
177.3
167.2
168.3
165.3
170.6
175.4
153.4
151.5
153.2
146.4
139.8
132.3
111.9
106.8
107.7
110.2
107.9
108.2
113.5
114.6
113.1
110.8
109.5
130.2
138.7
141.0
148.5
149.0
150.3
161.8
160.4
164.1
147.0
132.0
122.9
124.5
107.9
107.8
112.6
116.6
112.0
111.6
113.5
114.4
130.9
153.8
212.1
305.1
392.2
455.6
440.8
431.0
415.9
411.9
401.6
397.0
369.7
321.5
240.3
178.1
149.0
133.5
138.6
120.6
121.4
120.5
118.8
124.7
131.7
157.2
208.0
308.0
369.6
416.8
425.2
413.3
406.4
386.4
383.1
375.0
355.6
295.0
218.9
157.1
133.6
122.0
125.2
109.1
109.4
108.7
110.5
112.0
125.0
148.9
206.1
292.4
368.2
409.7
405.6
394.8
384.0
385.1
382.5
368.4
342.0
287.5
216.8
158.9
133.7
121.4
116.1
108.3
103.1
104.0
103.4
106.1
119.4
146.3
201.7
284.1
357.1
406.3
410.5
387.8
384.9
366.8
369.1
364.6
339.8
289.3
210.4
162.4
137.8
121.3
121.9
107.3
110.7
114.5
118.7
116.8
130.3
153.4
210.4
299.5
366.2
395.0
388.1
370.2
363.4
356.7
347.9
348.4
322.6
264.0
191.8
142.4
120.0
115.1
112.1
103.4
108.1
111.0
111.8
112.3
108.4
109.8
126.9
153.1
164.1
161.1
169.2
168.8
165.0
163.9
156.0
151.0
142.6
137.7
128.6
119.9
97.4
94.7
98.0
100.0
96.9
98.3
97.1
97.7
98.2
95.7
98.9
121.8
129.1
139.8
138.1
132.0
135.8
141.2
139.8
136.8
134.2
120.5
110.4
108.7
110.2
96.4
96.0
103.0
97.8
96.5
99.4
96.7
113.6
141.9
190.3
287.8
364.9
410.9
402.3
385.4
369.3
361.5
357.3
345.4
322.0
273.2
205.1
155.0
131.0
120.1
121.6
104.9
104.9
104.3
105.0
105.3
121.2
147.4
197.4
274.2
336.5
390.9
390.5
375.9
367.1
377.1
379.6
372.1
329.3
273.6
205.0
159.6
133.6
118.1
117.3
106.8
104.7
104.3
105.3
106.3
118.4
148.4
191.3
262.1
328.9
385.6
394.4
391.1
385.4
372.5
365.1
362.9
338.8
288.1
212.8
164.3
139.7
125.8
121.1
110.3
106.4
105.7
108.9
109.3
115.3
144.8
197.2
273.6
334.8
387.8
381.3
390.9
397.1
396.5
393.4
374.6
340.1
277.3
213.0
160.6
138.0
130.5
128.4
113.0
112.1
112.5
116.0
118.2
126.7
155.5
200.3
262.4
315.5
357.4
371.4
370.4
361.4
356.9
339.1
330.7
310.2
253.3
190.8
135.1
121.9
121.8
111.7
103.5
106.3
103.2
105.5
108.8
104.5
102.7
116.4
142.1
155.1
145.3
145.5
147.1
146.3
146.2
141.0
142.3
135.6
125.3
116.8
117.3
102.2
100.5
99.5
102.3
101.3
101.9
105.1
99.1
101.9
101.1
102.9
120.3
129.2
130.2
135.8
138.5
140.6
144.2
144.9
146.2
141.1
125.9
114.4
116.1
100.6
99.8
102.3
104.6
100.9
100.0
101.6
101.0
120.6
144.6
190.5
274.4
322.2
359.1
362.8
366.6
365.5
361.4
360.9
349.2
319.2
267.7
197.3
145.8
131.8
116.4
119.6
107.6
107.2
109.1
111.1
109.8
125.0
148.6
194.7
274.0
324.6
361.0
355.7
346.7
335.8
331.4
346.8
342.9
318.7
263.4
193.1
143.6
132.7
122.0
120.1
117.5
107.3
105.9
109.9
110.0
122.7
147.9
195.8
260.9
309.6
347.6
343.8
336.3
332.7
332.1
329.1
314.4
304.4
263.0
193.3
147.6
130.4
114.4
113.1
112.1
108.9
106.9
109.8
110.4
118.1
142.6
197.0
243.1
295.3
329.2
339.0
341.9
343.0
350.5
340.0
337.1
305.4
263.3
195.4
148.8
131.7
115.8
117.9
108.2
107.6
108.2
108.0
111.7
118.2
141.1
187.8
239.4
284.4
317.1
335.4
342.2
327.1
326.3
316.5
316.9
288.1
241.1
178.0
136.9
116.1
113.3
119.4
106.8
107.4
105.9
108.9
108.5
106.2
106.4
114.4
131.8
138.8
145.8
154.0
141.7
146.0
146.6
146.9
139.8
137.3
129.9
121.1
118.1
104.4
102.9
102.4
104.2
106.7
106.1
109.9
113.5
112.1
111.1
114.6
131.9
132.4
132.2
136.4
135.5
142.0
141.4
143.5
142.2
140.5
124.7
110.7
118.1
106.4
105.2
102.9
108.3
104.3
102.9
104.8
108.3
122.9
146.4
192.4
281.5
336.7
384.0
380.9
378.0
366.5
356.4
347.5
345.3
326.6
279.7
212.9
158.8
146.4
124.4
124.4
111.3
114.5
114.5
116.4
117.9
127.6
153.0
198.3
273.4
324.5
358.8
356.9
364.4
359.6
367.8
359.4
340.8
324.7
273.9
197.6
152.0
131.5
122.5
118.1
109.0
105.9
107.3
109.6
110.8
119.2
143.8
193.4
252.0
312.7
343.9
351.9
342.1
339.3
341.0
335.3
330.8
312.4
261.9
196.5
151.6
136.2
117.7
121.3
107.2
104.2
104.6
106.3
106.6
115.1
139.5
180.8
233.1
292.4
331.8
341.9
349.0
348.2
349.7
340.8
325.6
308.0
265.1
199.4
155.8
131.1
117.9
121.6
104.3
104.9
103.6
104.6
109.2
120.3
138.3
188.6
252.7
297.3
331.7
337.1
333.7
322.8
324.2
318.0
312.5
293.3
242.8
184.3
137.9
123.2
115.5
115.6
100.1
104.0
102.6
104.4
105.2
100.6
103.9
113.2
136.2
149.9
152.0
160.9
159.8
164.6
153.4
145.6
144.4
139.8
131.6
122.2
118.3
101.0
99.2
98.7000000001
100.0
100.3
102.6
101.6
103.0
101.4
100.3
102.6
117.6
123.1
133.6
141.6
141.4
139.1
143.4
145.9
143.3
137.7
128.0
116.3
117.0
100.5
99.1
99.3
100.2
98.0
99.0
102.0
105.8
116.0
145.4
192.0
254.3
316.8
369.2
372.9
364.5
346.9
341.9
334.8
331.6
311.2
257.7
196.8
146.3
124.2
113.8
114.6
110.4
100.9
100.1
101.4
102.8
117.1
139.0
192.3
261.7
317.3
351.8
341.9
341.5
343.9
337.8
336.2
330.9
307.4
261.0
198.7
155.8
131.2
120.7
121.4
107.8
108.1
108.5
108.1
106.6
117.0
143.6
193.0
258.8
309.7
349.6
359.0
351.1
346.1
344.6
337.7
339.6
311.8
263.1
201.3
156.3
130.6
116.7
117.0
108.2
104.4
101.8
103.8
106.8
120.0
143.5
194.6
247.8
301.4
339.0
344.2
335.4
337.1
338.1
331.8
320.0
294.6
251.7
189.8
141.9
126.3
114.3
115.4
103.0
105.1
103.2
104.5
107.1
117.5
145.0
187.2
228.9
291.8
325.0
326.3
333.7
338.9
336.1
335.8
322.5
286.6
233.6
172.5
140.6
120.5
110.1
115.5
103.0
102.2
101.3
102.4
102.5
101.6
99.2
108.0
124.5
135.5
138.7
142.9
144.8
143.6
136.1
136.8
133.8
128.7
130.7
124.3
118.0
102.3
97.7
99.3
96.2
97.2
100.5
98.1
100.3
98.7
101.1
99.5
117.2
124.1
124.2
135.2
139.3
144.6
145.9
150.6
150.3
141.3
130.2
117.9
117.2
100.0
96.8
98.7
106.6
97.3
97.9
100.2
102.0
117.2
142.1
184.4
243.8
299.2
338.2
354.9
359.4
356.1
349.4
345.7
337.4
311.8
260.2
200.2
151.8
134.8
123.0
119.1
108.4
106.3
106.4
106.2
105.5
117.0
139.9
187.5
236.8
294.3
326.6
329.5
334.6
345.9
333.4
334.0
325.6
300.6
251.0
186.2
149.5
132.2
123.1
119.9
109.3
105.3
105.7
105.9
107.3
119.0
146.1
181.5
235.3
294.0
326.6
331.9
335.1
331.9
328.9
329.3
330.6
308.0
259.6
200.8
151.5
135.6
119.0
119.2
103.0
102.9
104.5
106.5
106.7
120.1
146.0
173.8
213.1
276.3
319.3
328.4
329.4
323.9
316.2
319.2
324.4
297.3
260.1
193.2
162.4
146.5
122.8
113.4
103.7
102.0
103.1
102.7
106.2
119.8
143.2
173.9
221.5
269.7
311.2
329.4
327.2
322.7
322.8
313.3
309.6
292.8
234.0
172.4
133.5
118.9
108.8
109.3
98.2000000001
100.0
101.4
102.5
100.9
99.7
99.0
108.3
130.6
138.4
135.5
150.1
150.1
156.6
145.4
141.1
134.9
129.9
125.2
120.0
115.8
97.9
97.7
98.6
100.5
96.4
98.9
98.6
99.5
98.8
97.8
99.9
117.9
130.6
140.1
138.6
151.9
153.9
148.4
155.9
151.3
147.6
133.6
119.4
122.4
100.2
97.2
101.1
104.5
99.2000000001
98.2
100.9
103.5
114.9
146.3
184.9
263.1
322.2
364.1
378.1
356.8
361.7
357.5
356.3
347.6
326.5
280.6
214.7
165.8
144.1
124.0
122.5
109.0
110.8
109.3
109.5
112.4
121.6
145.9
192.6
257.3
312.6
353.1
343.2
340.1
328.2
339.9
338.0
331.9
309.3
266.6
201.3
155.4
142.0
121.4
122.9
108.7
107.6
107.0
110.5
111.4
119.7
144.7
189.2
246.1
300.4
339.0
338.7
342.0
332.6
343.2
332.2
327.3
295.5
256.8
204.6
168.4
137.1
122.3
116.5
110.1
104.6
106.0
105.3
108.8
117.8
143.9
184.0
245.7
308.1
351.4
359.1
359.4
357.4
349.4
342.1
332.9
312.4
272.4
216.3
172.1
151.6
126.9
123.7
111.7
111.9
112.9
112.8
115.9
127.9
152.3
191.2
259.2
303.6
348.4
367.6
353.0
339.7
336.3
335.1
332.7
305.0
253.9
189.1
152.4
134.9
119.5
114.9
103.9
104.9
104.9
107.7
108.3
106.1
106.1
114.6
133.1
152.0
152.6
170.0
164.1
160.9
178.1
162.4
160.9
147.4
138.7
124.8
125.9
106.5
104.1
105.8
106.1
105.3
106.6
106.9
107.5
104.5
107.5
106.3
127.6
144.0
139.8
147.5
148.6
157.9
156.8
159.1
151.8
151.3
130.4
120.1
122.8
104.6
101.8
104.7
109.4
102.7
102.7
104.3
105.1
124.9
147.3
189.8
260.6
307.6
341.8
351.3
342.6
335.7
338.2
330.8
327.5
301.5
260.6
206.3
158.1
131.1
122.8
125.5
109.9
108.9
109.5
111.0
112.0
124.0
147.2
185.2
245.4
304.0
336.4
337.9
336.9
331.9
341.8
342.3
334.1
308.4
254.1
196.7
151.0
129.5
117.3
113.4
106.5
107.0
107.8
108.9
108.3
121.8
145.4
189.4
242.3
303.1
333.7
343.4
354.3
334.9
329.1
332.8
330.0
305.6
261.2
199.9
156.1
132.3
127.2
117.6
107.4
107.1
107.5
107.3
110.9
121.0
144.5
193.8
236.9
308.0
345.2
339.9
333.3
329.2
336.4
339.5
323.3
291.0
252.1
197.4
153.0
137.5
122.4
115.2
108.4
105.2
106.9
107.4
110.2
120.8
138.7
182.8
231.0
283.7
314.7
317.1
317.2
313.2
319.1
315.3
310.7
290.8
248.0
178.8
143.6
132.6
114.2
116.7
103.6
101.9
104.5
103.5
105.9
99.2
102.6
109.1
131.3
153.1
152.4
156.9
159.6
156.9
158.5
147.6
134.9
141.7
126.0
114.6
118.6
104.5
101.6
101.4
103.1
103.8
104.4
104.0
103.6
105.1
101.5
120.8
129.2
133.7
148.4
154.6
159.1
155.5
154.5
148.5
145.8
126.2
119.1
105.9
101.0
101.0
101.6
103.5
100.8
102.8
106.0
119.3
140.5
156.2
248.0
291.1
331.9
336.3
330.9
326.0
337.5
331.0
320.7
294.2
244.5
194.1
148.0
128.0
117.6
116.5
108.2
104.7
106.2
108.7
108.6
120.7
146.3
181.5
229.2
275.6
308.2
325.6
333.1
324.8
320.6
322.4
307.1
282.7
241.9
186.9
152.3
133.8
126.5
124.9
107.7
103.7
105.4
106.5
110.5
122.0
144.4
178.3
225.3
274.2
311.6
314.6
311.0
308.2
312.1
313.5
300.0
274.6
223.1
174.5
144.4
128.8
115.3
114.1
107.5
107.6
103.6
102.8
105.8
105.3
101.1
122.5
156.0
181.5
195.6
198.4
205.8
208.9
204.1
200.2
211.3
194.4
177.0
152.8
120.5
110.0
106.6
116.7
105.3
102.8
107.3
105.4
108.9
105.6
102.7
122.7
153.7
169.9
175.4
179.9
178.9
194.0
189.0
182.7
187.5
177.9
156.4
134.1
123.3
105.3
101.7
105.9
107.6
106.0
107.1
106.2
108.0
105.8
104.2
109.0
121.5
128.6
132.6
127.0
132.7
137.2
132.4
135.2
129.3
126.9
123.5
112.6
121.6
102.7
102.6
104.6
104.5
104.3
105.8
105.7
104.8
104.9
104.6
102.9
123.1
134.1
132.6
135.9
140.6
141.7
142.4
138.7
138.9
137.0
120.9
108.0
116.0
103.7
102.6
104.3
103.1
104.2
102.7
104.4
104.2
103.9
104.6
123.4
170.4
167.2
174.5
185.3
188.7
192.7
179.0
177.4
176.6
180.2
166.9
144.4
137.3
109.1
104.8
108.0
108.5
107.1
106.5
107.5
107.3
105.4
103.2
123.3
164.0
182.0
200.0
199.6
211.6
216.6
207.0
194.8
189.7
187.5
170.7
143.6
140.2
117.4
107.0
107.5
106.8
106.1
104.8
107.5
107.8
124.3
143.4
165.9
208.6
252.4
282.5
299.2
309.9
301.4
293.6
296.6
286.7
281.8
235.0
181.2
146.1
130.3
112.8
118.3
101.2
98.7999999999
102.0
101.2
103.4
120.4
144.4
163.3
209.4
258.4
278.2
301.7
308.0
311.1
296.0
299.5
295.4
278.0
233.7
186.5
150.2
135.0
117.3
118.2
105.2
103.0
102.7
103.0
103.4
122.9
145.2
162.2
207.1
257.5
296.7
303.3
307.7
296.7
298.1
296.7
303.7
286.0
228.7
176.4
144.4
126.7
115.8
117.9
110.3
104.7
103.6
108.0
107.8
104.0
100.0
109.0
125.7
147.9
142.9
150.1
149.2
165.3
150.9
148.3
143.1
136.0
133.6
117.9
121.1
102.3
102.9
103.0
102.8
101.5
102.3
102.9
103.6
105.8
104.1
100.5
114.7
126.4
132.4
134.4
139.8
145.4
141.4
140.5
142.7
144.0
121.5
109.5
114.0
102.8
102.1
101.1
101.2
100.4
101.0
100.0
102.4
119.8
142.5
162.9
219.7
259.4
291.6
307.1
303.9
306.2
302.3
306.0
306.0
288.4
236.8
184.9
148.9
135.1
113.0
116.7
110.4
102.1
100.6
102.2
106.0
120.7
142.8
160.7
212.9
270.9
308.7
332.5
328.6
334.6
331.0
344.6
340.5
314.2
264.4
202.3
148.1
132.0
111.1
116.2
101.7
100.0
98.7
102.6
100.7
119.6
141.1
168.3
225.7
286.4
328.2
338.8
347.7
361.5
375.2
378.5
376.0
350.2
291.8
227.7
165.7
135.8
111.2
115.0
103.9
101.3
99.3
103.1
102.9
116.6
139.1
163.5
216.4
274.8
317.3
332.7
318.0
331.4
322.5
332.3
316.9
297.9
251.3
193.8
152.4
138.2
109.5
117.8
99.8
99.7
101.0
101.6
100.8
118.0
141.2
156.3
205.3
251.1
294.8
313.2
321.6
325.0
312.0
314.0
309.0
297.1
248.4
185.5
141.6
119.9
106.7
105.4
99.9
95.9
97.4
99.5
100.4
98.1
97.2
99.6
119.6
128.0
137.9
148.4
150.8
148.8
143.5
140.7
140.0
136.8
127.9
110.8
113.8
95.3
94.7999999999
96.3
95.4
98.1
96.0000000001
95.2999999999
95.7000000001
95.3999999999
95.4
93.1
109.0
117.6
119.7
122.4
129.4
137.3
134.6
133.0
129.6
133.4
119.8
104.2
110.6
98.9
97.5000000001
94.9999999999
97.0
97.4
96.0999999999
95.7
98.8
115.2
140.2
161.9
216.7
266.9
306.3
331.5
340.0
340.3
327.5
323.2
327.0
302.3
249.3
195.3
152.6
133.9
108.4
114.9
106.4
100.3
101.4
102.4
103.1
116.4
138.2
165.2
209.0
269.1
316.5
328.1
336.5
336.0
325.6
333.5
333.2
300.6
249.3
197.5
161.2
136.9
113.5
115.0
101.8
103.4
98.8
99.2
99.7
113.3
138.7
163.1
207.6
269.3
292.6
323.3
329.3
330.6
329.3
326.3
317.6
302.1
249.6
196.8
151.7
132.0
113.7
117.5
102.1
101.2
101.6
103.1
105.4
113.7
141.6
163.7
210.1
262.1
288.0
311.1
317.9
325.3
316.5
312.8
312.5
292.0
243.8
193.7
154.4
146.5
117.5
113.0
102.3
97.5000000001
98.6
98.8
98.8
119.7
138.2
159.9
208.2
260.7
301.3
303.9
307.2
322.7
316.1
315.3
312.5
286.5
244.9
188.4
142.7
128.4
108.0
111.9
99.7999999999
96.6
98.8999999999
100.4
98.5
95.7000000001
94.3
102.0
113.7
136.4
147.8
145.6
153.3
155.2
151.5
134.1
134.4
137.5
125.0
109.9
109.7
98.3
95.7
94.4
94.2
94.4
95.2
95.6
94.9
94.6
94.0
95.0000000001
108.5
116.3
123.0
133.8
129.1
126.3
136.6
141.1
142.2
134.1
126.1
106.1
108.5
93.1
91.7
92.5
93.8
95.9
93.4
94.0
96.5
109.6
134.9
160.3
217.4
272.2
295.5
310.7
329.4
328.0
327.8
322.9
312.8
283.8
245.9
189.8
149.0
125.0
112.0
116.8
100.6
97.5000000001
99.6
99.6
100.9
112.1
131.5
168.3
212.9
278.6
306.4
314.3
317.8
328.4
326.9
327.0
315.8
292.2
247.3
190.3
143.8
125.7
106.5
116.5
102.0
101.9
101.1
101.0
101.5
117.9
139.6
166.4
203.9
260.4
290.6
299.9
304.2
299.6
290.5
305.1
302.5
294.0
249.4
198.9
159.4
132.1
119.7
114.0
99.7000000001
96.7000000001
99.3
101.4
101.7
112.9
139.4
168.4
210.4
273.1
302.8
315.3
319.8
322.8
326.0
322.9
322.4
299.4
254.3
188.3
149.2
126.6
107.6
108.2
97.7
95.7
95.1
95.6
97.6000000001
109.2
135.4
157.6
196.4
251.6
287.4
317.1
321.4
319.2
317.4
301.9
310.7
288.4
244.5
186.3
147.5
127.3
117.3
110.0
101.4
93.7000000001
97.2000000001
97.5
98.6
95.4
94.7
99.5
111.2
121.8
126.4
135.5
126.7
136.5
137.5
130.4
132.3
129.8
115.8
100.1
106.6
95.6000000001
95.5999999999
95.7000000001
95.5
95.6
93.7000000001
94.7999999999
95.7000000001
96.8
94.6
99.5
119.4
126.1
130.3
135.2
132.0
132.5
137.9
135.1
144.6
138.2
129.5
111.5
111.8
95.1000000001
93.9
96.5
97.0
99.8
95.0
95.7
97.6
101.0
103.0
118.7
160.1
169.8
179.9
185.1
193.7
190.1
183.8
181.1
177.2
174.2
176.0
148.8
141.5
114.7
101.4
102.0
105.4
102.7
100.3
102.2
103.9
113.8
143.9
175.6
216.1
276.4
316.8
324.4
325.9
328.6
333.5
336.5
335.1
300.8
248.5
195.1
154.0
139.6
116.1
114.9
100.8
98.4
98.3
99.6
100.4
115.1
138.1
160.4
201.0
267.1
315.8
317.4
321.5
313.9
322.5
321.1
326.5
302.9
249.8
193.0
156.8
135.3
111.2
112.9
101.3
98.2
97.6
98.1000000001
99.5
114.2
134.9
157.0
204.1
267.3
300.5
309.0
308.5
319.4
332.3
321.2
319.6
303.4
248.6
193.3
156.6
130.1
111.5
113.1
102.2
99.2999999999
97.5000000001
98.4
104.6
112.2
134.9
157.8
218.5
259.3
280.6
287.9
292.6
295.2
309.5
312.7
323.9
299.8
247.8
188.8
142.6
132.4
110.6
115.5
99.1000000001
97.1
96.7
99.1
101.1
95.2
96.4
108.5
131.4
146.1
146.1
150.5
147.0
151.9
149.8
140.0
140.2
140.5
123.9
106.8
110.3
95.4
92.6000000001
95.5
94.9
91.3000000002
95.0
95.6
94.6
94.8
94.3
99.8
116.8
125.3
131.6
132.2
132.0
140.8
137.6
142.8
138.0
138.3
121.2
104.0
106.7
94.5
96.0999999999
93.9
96.4
96.4999999999
93.3
96.4000000001
94.5
114.4
135.8
167.3
223.6
274.7
315.9
332.1
325.4
334.6
341.8
348.4
348.9
319.3
263.0
190.8
153.5
144.5
111.6
114.4
99.4
99.55
98.155
98.72
99.8975
106.655
124.565
152.905
190.3375
242.7675
286.55
309.005
314.5575
316.2475
314.0125
313.9025
311.91
293.9025
256.9125
207.41
165.325
139.5375
118.96
111.2575
103.81
49.7877551019
94.1000000001
96.2
99.3
110.3
134.7
158.5
207.8
280.1
331.3
346.2
358.3
356.8
340.3
348.5
347.2
319.3
271.5
203.9
154.1
144.1
116.5
107.9
100.7
99.8
98.2
100.5
104.0
114.1
138.9
163.5
224.5
277.6
310.5
320.4
311.3
305.4
303.7
307.1
302.6
287.8
237.4
180.8
144.5
125.4
116.3
110.9
99.2
97.7
97.6
98.1
98.8
111.0
133.6
163.3
200.2
258.7
298.9
315.1
310.6
311.7
314.8
319.6
310.8
295.1
242.0
190.2
143.0
126.5
104.2
112.0
96.0
92.7
98.0
96.0
96.4
96.1
92.0
110.9
131.5
143.5
151.3
152.6
159.2
167.3
154.5
151.1
132.4
137.2
123.2
110.4
108.3
93.0
89.3
91.3999999999
94.1000000001
94.0
91.1
92.3
94.9
94.7999999999
90.5000000001
92.1
107.0
116.1
132.8
138.1
139.4
145.3
140.2
143.2
147.6
137.7
127.2
111.0
113.4
91.6
92.3
92.4
92.2999999999
96.0
91.3
95.5
95.1
113.3
132.1
160.3
210.1
263.7
298.8
329.2
324.6
322.9
319.9
318.2
321.3
303.8
249.9
185.4
149.8
127.6
112.3
115.8
100.4
97.7000000001
98.0999999999
100.2
102.3
109.4
130.2
158.5
201.3
265.6
312.0
331.9
320.3
330.1
323.9
312.0
323.6
293.5
249.7
195.1
145.7
129.4
115.1
111.3
100.5
100.3
98.3
99.7999999999
101.7
116.0
137.9
164.9
207.8
275.6
303.1
326.8
337.8
333.6
332.4
332.7
329.3
311.3
259.3
194.9
153.7
135.9
110.6
112.1
97.3
98.1
97.3999999999
97.5000000001
99.6
113.2
133.2
164.0
207.4
267.4
312.8
329.7
332.1
328.1
317.8
323.7
325.1
299.0
256.6
205.4
156.1
137.4
115.0
109.4
98.6
95.2000000001
96.9
96.3
95.8
112.0
137.0
160.9
206.9
280.4
316.1
330.1
327.9
318.2
321.0
334.5
321.7
295.7
257.8
182.9
141.6
128.1
108.8
106.4
99.5
95.1
96.1
96.9
96.2999999999
93.4
93.2
105.1
126.7
129.8
137.3
138.6
142.0
145.2
143.7
142.0
137.8
136.9
126.1
109.2
108.3
97.2999999999
93.0
95.0
92.4
91.7
95.5
92.3
90.2999999999
90.8
91.3
94.1
115.2
128.1
128.3
129.9
139.6
137.0
137.2
134.8
139.6
132.9
120.2
98.7000000001
106.8
90.3
92.5
91.0
93.8
94.2999999999
90.8
91.9
92.4
95.2999999999
94.4
104.6
153.5
166.6
184.1
196.1
206.2
205.6
208.1
201.5
201.4
196.0
178.4
140.9
133.1
112.3
97.5
98.0999999999
100.5
97.5
97.1000000001
98.6
100.1
105.8
133.0
166.8
216.3
272.9
310.6
331.9
332.5
324.8
313.0
324.7
320.6
287.0
235.4
186.5
144.8
136.5
119.6
105.8
100.1
97.6000000001
95.7
95.1
97.1
108.5
130.3
159.6
204.9
264.5
315.8
335.4
345.2
342.7
330.3
345.4
339.9
309.4
250.8
197.3
161.8
145.0
118.5
110.2
97.6000000001
99.2
95.4
97.7999999999
99.1
111.5
142.9
167.3
226.4
282.2
321.0
335.7
338.3
334.6
334.0
327.2
330.3
309.8
250.9
186.9
152.3
129.2
109.5
106.2
95.7
90.0
95.4
93.7
94.9
108.8
130.8
154.4
196.5
263.7
296.1
303.1
295.8
290.2
290.2
292.2
290.4
271.0
235.1
177.0
139.1
120.8
102.9
103.0
95.0
92.7
92.0
93.7000000001
95.4999999999
92.6000000001
93.2
99.4
113.5
128.2
147.0
145.1
156.2
155.6
152.7
144.1
139.9
136.6
122.3
115.3
104.5
96.0
93.2000000001
92.2
93.9
93.0
91.0
92.2000000001
92.8
92.2
90.3
95.2999999999
118.6
124.5
125.5
134.2
137.2
138.1
139.9
141.6
142.9
143.7
123.0
102.1
108.8
90.8
91.2000000001
92.0
91.5
94.6
91.0
92.7000000001
95.8
105.4
129.4
154.2
205.6
248.0
293.9
302.0
308.1
313.7
309.2
308.8
300.8
277.6
228.9
188.1
152.5
140.0
108.6
113.4
102.4
100.0
99.2
101.1
101.7
110.0
138.4
171.7
215.3
265.0
295.5
302.5
313.2
315.9
312.5
314.7
304.6
280.0
241.0
192.7
155.0
148.0
116.0
115.0
103.2
98.9
100.5
102.1
104.0
113.6
139.5
174.0
218.9
275.1
304.6
319.7
333.0
326.8
307.9
320.0
314.3
293.5
249.2
195.5
152.2
142.4
114.5
115.6
104.7
100.7
101.3
98.4
100.8
113.6
136.8
175.3
229.9
287.4
325.7
322.6
332.2
332.7
346.6
349.7
344.0
318.2
276.4
215.0
159.3
137.5
112.5
113.9
105.1
98.4
103.8
100.9
103.1
109.4
145.7
178.1
228.3
278.5
342.9
357.8
357.6
342.7
338.5
334.6
347.9
322.5
277.8
217.9
142.4
122.7
104.6
110.1
96.5
94.2999999998
96.5
97.0
98.6000000001
94.8999999999
95.1000000001
99.3999999999
126.1
144.8
148.7
152.5
154.1
163.6
162.0
143.8
141.8
142.2
134.5
120.2
111.9
95.2
91.7000000001
94.3
93.7999999999
92.2000000002
93.7999999999
93.4
91.7
91.1000000001
90.3999999999
90.2000000001
113.3
124.9
128.1
135.2
137.4
135.6
137.6
133.8
139.9
132.7
117.8
95.8999999999
105.6
90.7
93.3
91.3999999999
93.0
96.4999999999
90.7000000001
91.0
93.9
108.2
132.4
156.1
234.7
281.6
321.0
334.6
325.3
308.0
300.1
297.3
291.4
274.3
242.2
185.1
150.4
133.7
111.6
114.0
99.9
93.5
97.4
99.5999999999
98.6000000001
112.9
129.8
157.1
209.9
260.8
291.7
303.9
303.8
303.2
311.1
306.9
297.8
284.9
229.8
187.6
151.2
130.4
110.4
107.5
98.4
97.8999999999
94.7
97.0
97.5
112.5
129.1
162.5
212.0
259.3
290.8
305.4
304.2
313.3
298.7
300.7
305.3
286.6
251.6
196.1
155.5
133.9
116.8
107.9
99.6000000001
96.2000000001
97.4999999999
100.5
100.4
106.9
131.2
160.5
219.7
267.8
311.6
315.7
330.1
335.8
339.7
346.7
341.7
315.9
274.5
221.8
158.4
134.2
112.7
112.1
100.1
99.6000000001
97.3
99.5
100.8
107.9
133.5
173.1
240.5
267.3
298.5
321.3
321.4
335.0
349.3
357.7
343.9
322.8
277.5
214.9
159.6
128.6
105.4
109.7
99.1
96.4999999999
96.7
100.9
96.9
98.3999999999
96.4000000001
112.8
139.2
147.0
161.9
160.6
167.4
160.8
152.2
147.7
134.5
136.7
126.2
111.7
111.2
93.0
96.3
94.7
94.6
93.5999999999
95.2
94.4
94.4
92.0
93.7000000001
95.5
117.6
128.6
127.3
132.1
141.2
142.5
145.9
142.4
147.0
137.6
126.7
107.1
106.2
93.2000000001
90.3999999999
91.4000000001
91.5
93.2000000002
92.3999999999
92.3
92.5
107.2
138.3
163.3
219.1
246.8
279.5
298.5
305.8
294.8
293.8
298.0
293.6
276.4
231.0
186.7
148.0
126.9
105.0
108.1
99.3999999999
95.4999999999
96.3999999999
94.6000000001
94.3999999999
107.5
129.5
167.8
224.7
258.6
285.8
306.0
306.7
314.6
326.2
329.8
324.4
301.7
261.4
207.1
158.3
130.2
114.7
105.3
100.5
97.2000000001
98.9
97.2000000001
98.5999999999
107.2
135.3
174.4
233.9
266.0
299.7
312.7
329.6
340.3
344.5
358.8
351.1
329.6
288.6
228.4
162.1
141.3
114.5
110.4
99.7999999999
97.0999999999
99.1
101.1
101.6
108.9
139.4
182.1
235.8
278.6
311.3
326.5
329.1
318.6
324.4
340.8
338.9
312.4
264.2
203.8
148.1
131.5
110.5
107.5
97.5
96.3
96.3
98.7
96.6
111.1
137.7
177.4
232.1
261.9
284.3
302.2
305.6
292.7
293.3
301.7
307.2
286.6
241.7
188.7
138.3
125.3
103.4
111.2
95.9
95.2
95.2999999998
98.1000000001
96.2999999999
94.2999999999
91.3
107.6
127.2
125.6
134.1
144.6
137.3
139.6
140.1
136.0
138.0
134.3
120.8
109.4
111.2
99.0
95.0
92.0
94.2000000001
92.3
94.0
92.2000000002
94.0
91.5999999999
93.0
96.9000000001
122.8
135.6
139.8
144.8
145.6
140.3
145.0
141.6
143.8
144.2
122.9
112.2
111.0
94.7
92.9000000001
93.6
93.1
95.1000000001
93.8999999999
91.8
93.0
106.5
131.7
160.9
207.7
233.6
261.6
273.0
265.7
268.8
273.6
288.0
297.8
284.1
232.7
181.2
142.7
129.1
106.5
102.2
98.6
97.7999999999
94.8
96.7000000001
102.3
106.4
135.7
170.8
220.3
264.1
282.0
294.7
299.4
303.8
290.5
288.4
298.6
276.1
239.4
185.0
143.5
124.8
113.7
100.9
98.7
94.1
96.3
95.2
98.8
105.2
136.4
168.2
218.5
263.7
302.2
303.6
315.8
324.9
333.4
344.5
344.7
324.5
269.7
196.1
150.0
132.8
108.2
110.5
97.7000000001
98.2999999999
97.3999999999
96.3999999999
97.6000000001
108.8
138.4
169.8
234.5
293.0
317.8
338.3
336.7
349.1
353.9
357.6
351.6
328.6
283.6
210.6
153.6
134.3
105.5
106.7
97.9
99.7000000001
94.5
97.8999999999
94.5
106.2
137.9
182.4
235.9
258.5
291.6
326.6
334.9
344.8
359.9
359.8
348.1
317.3
262.3
195.3
137.0
124.4
106.1
110.5
100.1
97.5
95.3
98.0
97.8
96.1
93.8
111.9
146.0
155.8
155.3
162.7
153.1
168.6
170.9
161.3
155.0
153.7
140.0
119.1
115.6
95.8
94.8999999999
91.9
96.4
92.0999999999
94.4
93.5
92.6
94.1000000001
90.2999999999
98.2999999999
120.3
128.1
128.9
131.3
139.5
136.0
135.8
138.5
141.0
136.1
119.6
100.2
99.3
98.2999999999
90.1
95.2000000001
93.9
96.2000000001
92.0
92.4
95.2999999999
108.5
136.9
169.4
251.5
297.3
320.3
335.5
342.2
343.5
351.9
351.0
357.5
342.6
292.0
225.6
172.0
144.3
107.6
110.5
98.2999999999
98.7000000001
97.4
97.1
101.0
106.5
138.6
182.9
267.1
309.9
356.0
375.7
379.7
379.4
389.9
397.8
393.5
375.4
328.0
258.5
190.5
161.9
111.0
105.7
101.3
104.1
98.7
99.6
100.4
110.7
135.6
196.4
295.9
367.6
422.0
452.5
437.7975
434.4625
430.1275
440.0075
439.9825
441.5
385.6
282.2
208.9
173.8
118.0
122.7
109.7
102.7
108.0
106.5
105.7
116.9
139.0
206.6
311.9
359.4
389.6
401.3
405.2
404.5
411.9
428.6
423.5
383.6
336.5
256.2
185.9
143.1
118.7
110.0
104.0
100.8
100.8
97.2
100.2
107.3
136.6
193.9
286.6
322.0
356.0
373.4
382.7
378.3
391.2
393.1
393.1
353.4
300.1
222.6
163.2
124.8
104.8
114.4
99.9
98.7999999999
98.3
103.9
99.9999999999
98.8
95.6
122.8
169.0
179.8
184.2
194.4
190.8
200.9
203.6
185.8
189.9
174.0
163.4
135.9
118.3
100.3
96.7
96.4
95.9
96.8999999999
98.1
94.7
98.4
92.4
95.2
99.6000000001
123.3
131.3
131.2
139.8
137.2
144.7
147.7
146.0
149.5
142.8
122.4
106.1
112.3
95.8
93.9999999999
97.0
96.2000000001
98.3
95.6
92.3999999999
98.2000000001
111.2
136.4
179.9
270.1
314.8
340.4
345.0
352.4
357.5
364.7
364.8
360.2
339.9
294.1
224.3
151.9
127.2
107.8
107.1
102.8
96.5
96.2000000001
99.2999999999
101.0
113.5
141.0
188.0
261.3
297.5
333.5
338.1
352.8
356.6
361.2
365.3
359.6
337.0
284.6
205.7
145.9
127.4
105.3
110.9
96.9
96.0
97.2999999999
96.7999999999
100.2
107.5
139.2
177.0
250.9
297.2
327.6
316.9
314.7
311.7
319.7
327.0
322.2
278.8
236.0
178.6
138.5
119.4
105.4
110.0
99.2
95.6000000002
97.4
94.7
98.1000000001
108.9
134.7
170.3
229.3
283.3
296.5
307.9
322.3
312.0
311.5
317.4
311.5
292.1
260.6
202.5
156.0
134.2
109.8
109.5
103.8
97.0999999999
98.8
97.1000000001
101.5
110.9
136.4
179.9
252.8
299.3
321.6
347.2
366.0
368.8
372.0
381.0
383.1
353.3
299.7
233.8
176.6
149.2
104.3
107.7
97.3999999999
96.7
95.0
97.8
95.7999999999
94.7999999999
95.1000000001
121.5
169.3
172.3
179.2
186.1
193.8
208.5
178.2
173.5
164.6
163.9
149.0
117.5
113.6
95.7999999998
94.5
93.9000000001
95.2
94.6000000001
94.8
95.2
94.6
94.9
90.7
98.8
118.5
130.6
127.8
130.3
136.2
137.5
144.0
139.7
140.5
137.7
124.9
103.5
110.0
94.5
92.8999999999
94.3
92.3999999999
94.6000000001
92.1
95.7000000001
95.7
114.6
137.2
179.6
251.3
282.7
316.6
319.1
326.0
325.7
332.0
334.4
336.9
311.6
258.0
187.1
138.6
120.8
104.8
110.0
101.0
96.1000000002
97.5
96.6000000001
97.2999999999
111.9
129.6
177.7
231.1
288.4
317.6
324.6
333.3
325.7
328.2
333.9
337.0
327.6
278.2
209.0
151.8
124.7
111.6
112.7
99.4999999999
97.9000000001
99.7000000001
98.5
100.8
109.6
139.2
187.8
261.8
305.7
348.0
355.2
351.3
339.8
354.8
368.3
367.6
340.5
281.4
217.8
155.7
134.5
111.9
110.1
99.2
98.2999999998
97.7000000001
95.4
100.3
110.2
139.2
179.0
238.2
294.6
339.2
357.6
364.8
361.9
371.4
369.3
374.4
353.3
296.6
221.2
154.7
130.4
108.4
105.5
97.3
96.0
96.5
98.3999999999
95.8999999999
106.6
140.0
182.2
248.6
304.6
341.9
357.4
368.2
363.9
373.7
367.5
355.3
322.6
268.3
196.5
137.0
121.6
99.4999999999
112.2
93.3
92.6000000001
91.0
95.5
91.9
89.0
89.4999999999
107.3
137.5
151.7
154.4
162.7
155.7
152.0
153.0
154.2
162.7
162.9
135.3
108.6
109.1
93.5000000001
94.9
92.5
95.2
91.7000000002
92.5999999999
92.0
90.6
91.8
88.6000000001
97.2999999999
114.5
129.8
135.3
135.5
137.2
138.7
140.6
140.5
146.6
144.0
121.3
109.2
106.7
92.8999999999
92.0
89.6000000001
94.3999999999
93.4
92.5000000001
91.9999999999
91.8
107.7
129.8
181.1
258.8
294.6
312.0
336.0
350.0
361.7
367.8
371.4
370.5
348.4
292.5
214.3
145.8
123.1
108.7
106.6
102.6
96.6
98.3999999999
97.2000000001
98.7000000001
111.1
136.5
178.7
255.0
320.3
353.8
369.9
377.0
380.0
388.7
391.2
386.8
364.0
306.8
234.3
159.0
137.0
107.8
111.4
99.2999999999
96.6
99.0
95.5
99.1000000001
114.1
132.2
186.6
263.3
316.9
355.5
360.8
369.7
365.3
371.5
370.5
353.6
316.2
280.6
209.4
144.8
125.8
104.1
101.5
104.5
93.7999999999
95.7
97.4000000001
93.8999999999
111.2
134.8
172.3
246.5
287.7
312.6
327.7
322.1
325.9
333.5
336.8
336.2
311.8
270.9
200.9
148.4
130.7
104.6
101.9
96.5
92.7
94.0
94.1000000001
94.2
107.3
131.5
174.4
245.1
278.6
300.3
318.7
311.9
315.4
311.1
304.7
297.2
272.8
236.0
175.5
139.7
120.6
106.2
103.5
95.3
89.5000000001
92.7999999999
91.7000000001
92.7
92.0
88.1
105.6
140.4
148.2
152.7
164.8
161.2
157.6
153.2
154.3
136.7
125.9
115.0
101.9
110.3
90.8
92.7
90.4
93.4
89.6000000001
93.0999999999
90.9
91.4
91.0
89.3
95.3
115.8
124.8
125.7
136.2
134.5
135.5
139.4
136.2
139.9
134.5
119.0
99.0
101.4
88.7000000001
92.4
88.1
92.7000000001
93.0000000001
91.2000000001
89.9999999999
92.8
97.8
133.3
165.6
230.8
271.7
299.0
308.3
302.5
304.5
317.8
300.2
297.7
275.8
228.2
189.6
149.6
128.3
102.2
99.6000000001
99.5999999999
93.1
98.4
94.8
98.4999999999
105.7
132.0
162.5
227.5
271.5
301.1
311.9
310.6
307.8
301.4
303.6
302.1
283.1
235.1
183.4
143.2
134.0
109.1
104.5
98.0
94.8000000002
94.1999999998
94.3
96.0
110.2
131.8
155.8
225.7
264.9
300.9
312.7
313.2
305.4
312.3
306.8
300.2
282.2
249.5
192.2
153.3
133.7
109.2
109.5
94.5
93.1000000001
93.1000000001
92.0999999999
95.8
103.7
133.8
168.2
220.9
268.9
301.2
309.1
307.9
310.1
306.9
300.2
293.5
274.7
237.2
191.2
147.7
129.4
111.7
104.1
95.4
92.3
93.7
92.0
94.2
106.4
127.6
164.2
227.3
265.8
291.6
301.9
293.4
292.4
303.6
314.7
300.9
284.3
235.7
178.6
137.0
126.9
108.3
110.3
98.9
92.4
97.1
94.9999999999
97.5000000001
92.7
93.3999999999
107.1
134.2
143.6
140.0
142.7
154.2
161.6
150.4
148.3
137.1
133.0
121.1
110.5
101.8
93.4
91.0
92.9
93.0
91.7000000001
91.5
90.1000000001
90.7999999998
90.2000000001
88.1
95.1
117.7
126.0
137.5
139.7
137.2
139.5
144.9
142.8
146.0
144.9
130.5
107.1
107.0
94.5000000001
91.8
92.3999999999
93.7
93.9
92.3999999999
89.9000000001
94.5
106.7
136.4
174.4
246.3
293.8
339.3
345.2
356.6
360.0
357.6
365.0
353.6
322.6
263.6
186.1
136.5
123.9
107.2
100.9
101.6
95.0999999999
98.1
96.8
98.0
111.1
138.6
176.5
242.5
293.1
333.1
349.0
333.2
324.5
327.3
337.4
336.4
305.8
257.3
190.7
146.2
135.6
109.0
103.0
94.1000000001
96.6
92.5
95.0
93.6
106.6
126.9
175.9
239.8
277.3
309.3
332.3
327.5
317.9
330.7
335.3
335.0
291.5
233.3
180.4
147.5
127.8
107.5
103.5
99.0999999999
95.6
96.0
96.1000000001
98.2
106.4
133.7
177.7
238.0
264.8
282.5
299.8
301.9
318.6
331.6
345.0
335.0
300.5
262.9
198.1
142.5
122.7
108.0
106.5
97.7999999999
95.2
94.6
95.9999999999
93.6000000001
113.4
136.2
176.6
239.9
281.4
307.1
335.4
329.9
335.1
333.7
343.0
336.5
313.3
277.2
210.4
160.2
129.1
103.7
110.6
95.8
95.6
94.7
96.7
97.3
94.1
96.0
111.8
144.3
156.8
152.4
162.7
193.2
196.7
201.1
191.4
193.9
180.8
167.4
147.3
127.2
107.3
97.3
100.7
97.6000000001
96.5999999999
98.3
95.7
97.9
93.9
95.8999999999
97.9000000001
122.9
131.0
132.8
140.0
146.1
145.3
145.0
145.0
140.3
143.0
123.7
105.1
105.4
98.9000000001
94.3
98.3999999999
95.1000000001
96.7999999998
96.1000000001
95.9000000001
97.8999999999
113.2
142.5
191.9
277.1
313.8
348.2
357.7
358.6
361.6
363.7
367.6
371.3
341.7
282.8
207.2
148.4
132.7
113.1
108.2
102.0
97.9000000001
96.2
97.8
96.7
108.7
134.0
181.1
251.6
292.8
313.7
318.1
332.9
352.8
364.6
364.1
354.1
324.0
271.9
204.1
152.4
138.3
110.3
106.3
100.5
99.6000000002
97.5999999999
99.5
97.9000000001
113.6
138.0
184.4
248.9
294.0
317.1
321.1
348.3
363.1
374.8
366.6
353.4
328.6
276.5
215.9
151.5
129.8
104.3
113.0
99.3999999999
98.1999999998
97.3999999999
97.9000000001
100.9
104.6
135.7
180.7
256.1
290.3
330.6
340.0
340.2
328.1
342.5
339.1
343.8
321.5
269.3
210.4
154.1
130.1
107.8
107.2
102.9
98.4000000001
99.0
98.6000000001
102.4
110.5
131.8
181.0
240.3
288.2
322.1
346.1
341.8
347.3
340.0
326.0
325.0
302.0
253.1
189.8
146.9
133.7
108.7
113.9
99.0
96.5999999999
97.6000000001
97.8999999999
98.6000000001
93.4999999999
96.5
106.8
128.2
133.3
134.6
140.1
145.0
144.1
142.8
139.0
138.5
135.4
123.9
107.8
99.2
97.4
97.2
94.8999999999
97.3999999999
93.1000000001
97.7999999999
93.1
94.9
90.7999999999
94.2000000002
96.8999999999
121.7
126.5
128.0
130.4
138.4
134.2
140.6
141.5
139.0
134.2
122.3
103.6
110.9
93.4
95.8
91.9000000001
97.3999999999
95.3999999999
95.1
94.4
96.4000000001
107.7
143.2
163.5
235.4
281.7
312.8
325.4
331.6
327.8
330.6
324.3
324.0
299.2
252.1
197.0
146.4
128.6
110.4
104.7
100.1
97.0000000001
95.5
99.2
98.6
109.3
137.9
173.7
227.8
265.8
296.6
301.2
305.8
302.4
291.5
293.0
288.2
276.9
237.2
187.3
156.0
130.1
103.5
107.4
99.2
96.5000000001
98.2999999999
96.3000000002
97.2000000001
107.0
137.6
166.0
224.1
279.9
315.1
318.7
317.4
318.9
332.3
331.9
321.5
282.9
242.1
187.2
152.9
131.4
105.4
109.4
97.7999999998
97.0999999999
94.8999999999
97.1
96.6
108.3
132.1
177.3
240.1
280.5
301.7
310.0
321.2
325.9
331.8
337.0
337.2
301.0
260.0
195.6
153.3
135.0
106.5
118.1
100.8
98.8
99.4
100.1
99.7
114.9
141.6
181.1
230.6
281.0
325.0
342.5
343.7
354.1
362.5
372.6
371.8
333.2
279.0
220.4
174.3
144.9
113.4
110.8
103.7
98.7
100.9
97.2999999999
100.8
98.1
97.0000000001
114.6
137.5
153.0
153.3
172.8
179.2
185.5
187.4
177.8
182.1
182.2
170.4
155.0
150.9
126.1
100.8
99.7000000001
101.4
99.4999999999
100.1
97.7
101.2
96.8
99.3
101.9
124.2
131.6
135.8
142.4
141.9
149.9
143.5
146.7
143.3
145.8
122.2
110.9
115.9
98.0
98.3999999999
95.7000000001
99.9
96.9999999999
97.8
96.7
98.0
112.4
135.5
181.8
254.6
287.2
303.5
313.3
317.8
320.4
329.2
334.0
329.6
301.5
248.8
191.8
150.6
131.4
108.8
114.1
99.3999999999
97.6
97.7
99.3999999999
99.1000000001
113.3
135.1
168.1
228.8
274.7
327.1
334.4
321.4
311.7
309.5
316.3
318.9
292.5
254.8
189.9
157.4
134.8
114.0
107.6
100.6
96.7999999998
99.4000000001
98.9
100.2
117.1
138.7
182.3
241.1
266.2
305.6
310.9
307.7
316.0
323.7
315.7
311.7
281.5
233.7
189.1
152.1
136.9
109.4
114.5
97.2
98.2
97.4
97.2999999999
100.8
110.8
137.7
172.0
222.7
256.4
274.1
293.2
296.3
287.4
288.5
296.7
295.1
280.1
232.7
187.6
150.0
140.1
113.7
105.8
99.3999999999
98.3999999999
97.8000000003
97.5
97.4999999998
113.8
136.0
170.8
206.6
258.4
301.8
320.7
307.3
289.4
295.8
295.0
292.0
281.5
231.8
177.6
144.0
133.0
108.6
114.2
99.5999999999
97.6000000001
96.9000000001
97.9000000001
98.7
95.5999999999
97.6000000001
108.0
135.2
147.3
154.7
156.2
156.9
159.5
161.1
152.1
149.5
132.2
124.5
111.9
112.6
95.7999999998
95.8
98.8
96.3999999999
95.5999999999
94.2999999998
98.2000000002
95.0999999999
97.8999999999
96.1000000001
102.0
122.7
129.1
133.4
143.1
140.4
139.3
144.4
140.6
140.4
135.3
121.4
107.0
109.5
97.4000000001
93.0
96.0
94.7000000002
94.7000000002
94.7999999998
94.5
94.7
95.9000000001
98.6000000001
123.2
167.7
179.1
173.5
190.1
186.8
190.3
190.1
195.4
191.1
191.4
170.1
148.0
132.4
112.0
96.3
95.8999999999
99.5
96.2999999998
95.6000000001
94.7000000002
96.6999999997
109.3
135.4
167.3
220.0
267.1
307.5
308.7
313.0
311.8
312.1
304.8
299.2
285.4
244.0
186.5
148.3
130.1
106.0
107.0
99.8
96.2999999998
94.3
96.3999999999
96.0999999999
105.9
129.8
156.2
197.4
255.4
285.3
284.8
299.5
302.8
297.0
300.7
294.9
272.9
230.5
177.9
142.6
121.4
105.6
106.1
96.6000000001
96.4000000001
94.1000000001
95.6000000001
97.2999999998
104.2
126.4
151.6
188.6
238.1
267.3
273.5
276.8
278.7
280.8
279.5
280.5
265.5
218.0
171.6
133.9
124.2
105.4
101.4
95.2
92.2999999998
95.3000000003
95.0999999999
96.5
105.0
126.0
146.1
201.4
235.2
261.5
281.2
280.2
281.0
275.6
271.6
267.1
250.3
212.1
169.7
132.3
118.5
100.8
98.9999999998
95.3000000003
92.6999999997
91.7000000002
92.8999999999
95.0
91.8999999999
90.9000000001
96.4999999998
109.7
126.8
125.0
123.8
125.9
129.3
119.2
122.4
122.5
125.8
114.9
107.1
109.2
92.3999999999
89.7000000002
91.0999999999
90.7000000002
91.5999999999
91.0999999999
91.7000000002
93.1999999997
91.3000000003
89.8999999999
91.5
107.0
118.3
124.9
138.1
134.3
134.0
131.4
130.8
127.9
133.4
115.0
103.8
101.2
90.5
92.7000000002
90.7
92.3999999999
91.2000000002
92.1000000001
91.0
91.0
104.3
125.7
146.9
194.3
247.1
269.4
282.0
283.0
284.3
286.6
285.2
278.5
266.1
223.3
165.1
130.5
119.4
95.3999999999
106.3
93.8999999999
91.3
93.0000000002
93.8999999999
92.3999999999
104.7
126.2
156.9
200.0
245.0
272.7
286.6
285.2
290.7
285.7
288.3
283.3
265.5
221.9
181.0
139.9
125.7
96.8
96.5999999999
94.7
92.0999999999
91.5000000002
93.5999999999
93.5999999999
104.6
134.4
165.0
190.7
243.9
266.4
272.9
278.0
282.8
291.4
297.5
291.8
280.5
235.2
183.4
145.8
124.6
98.2
99.0
93.8
93.8
90.8
95.7
96.5
103.8
125.9
152.2
194.3
235.9
281.7
298.7
311.7
310.4
319.3
323.1
318.9
291.4
235.5
182.9
134.1
119.4
100.2
102.7
90.6000000001
88.6000000001
91.5999999999
90.6000000001
92.2
104.7
134.0
157.1
195.6
240.5
281.8
300.6
315.7
313.9
322.7
321.7
320.1
286.8
242.6
173.3
138.1
114.6
98.7999999998
102.2
97.9999999998
93.0000000002
94.8999999999
93.2
94.5
92.3
93.7
107.2
128.9
144.5
163.1
158.5
158.0
152.3
151.1
141.7
134.5
124.3
111.1
108.8
102.0
90.9999999998
89.5
90.8999999999
88.8
89.9999999998
88.5000000002
90.2
90.3999999999
87.6000000001
89.5999999999
91.7000000002
112.8
124.3
126.2
133.0
128.0
126.3
130.4
130.3
134.5
135.6
111.5
98.4000000001
100.0
90.2
87.8
87.8999999999
89.4000000001
93.1000000001
87.5
89.3
92.8999999999
106.1
132.6
160.9
195.5
235.8
266.1
278.2
280.8
292.6
289.0
288.0
280.8
258.4
216.5
171.0
135.1
120.2
109.4
108.4
96.4000000001
92.5000000002
95.8999999999
95.0
94.3
102.8
130.9
149.9
190.5
234.9
265.1
273.6
276.9
284.3
281.6
289.0
279.0
267.9
225.0
169.2
140.2
121.2
103.9
99.2
91.0
90.3999999999
92.1000000001
92.2999999998
93.4000000001
99.0999999999
131.8
159.2
193.4
240.6
259.6
278.2
279.0
275.2
283.5
283.0
279.3
264.7
223.5
179.7
141.0
129.6
106.9
102.1
91.3
90.7999999998
91.0
92.8
94.3999999999
109.6
134.2
154.8
189.1
226.1
261.2
280.4
292.4
295.1
296.5
301.3
297.5
263.7
223.5
171.7
139.7
125.7
109.8
106.6
92.9000000001
92.0
90.5000000002
91.8
94.5
107.5
136.4
163.1
193.0
230.8
259.2
267.0
274.6
274.2
269.5
288.4
278.9
276.1
230.2
174.9
133.1
122.4
94.5
104.7
92.7
87.9000000001
89.0999999999
91.3
90.3
91.0
88.8999999999
104.7
123.7
140.8
147.2
144.8
146.3
134.0
130.4
116.4
122.1
119.7
114.2
105.4
110.6
90.3
95.2
88.2999999998
91.3
91.7
90.7
90.3
90.1000000001
90.0999999999
89.9000000001
91.7999999998
106.5
122.2
124.5
133.8
131.1
135.2
132.1
134.0
133.1
132.6
119.5
105.7
108.7
89.5
91.2
89.6000000001
90.2
92.2999999998
89.5000000002
89.0999999999
93.2000000002
105.2
133.4
160.7
223.5
260.6
290.8
298.2
294.2
290.3
295.7
288.6
296.3
278.4
229.4
177.9
139.5
132.0
109.7
112.7
97.5
94.3000000003
93.4999999998
96.6000000001
97.0999999999
107.5
131.7
150.9
191.1
233.8
265.9
269.7
277.5
280.6
285.6
292.2
287.2
272.3
234.0
181.2
148.8
126.0
107.9
101.1
92.8
93.6000000001
90.8999999999
92.4000000001
93.6000000001
105.6
135.4
151.4
191.3
246.7
283.0
310.2
310.0
319.0
323.1
320.2
307.9
282.6
236.0
185.4
147.7
135.8
112.3
114.5
93.8999999999
93.7000000002
91.3999999999
94.5
94.6000000001
106.4
133.0
163.8
215.6
260.1
286.8
305.6
316.6
314.2
307.9
306.2
312.9
300.4
253.5
196.0
157.8
140.8
119.0
105.9
95.8
91.8999999999
93.0
95.2000000002
96.3
105.7
133.6
153.4
196.1
236.5
286.2
303.2
302.7
307.8
301.2
288.6
286.7
272.8
223.5
177.2
141.3
115.0
98.0
103.9
88.9000000001
87.3999999999
87.8
89.5999999999
90.1000000001
87.3
87.2
103.9
123.1
134.0
152.3
153.8
166.9
156.2
147.5
138.0
128.1
127.2
117.0
107.5
105.2
87.0000000002
84.7
86.4999999998
87.2000000002
87.0
88.9000000001
86.9999999998
87.4000000001
86.5
86.0999999999
93.7000000002
109.9
127.5
139.0
138.2
140.5
138.3
136.5
138.9
133.9
134.9
113.6
104.0
103.1
85.5999999999
85.6000000001
85.7999999998
87.3
85.5999999999
87.2
86.5999999999
90.1000000001
103.1
124.5
158.2
208.8
252.1
296.6
312.0
330.4
320.0
321.1
322.1
317.6
286.2
236.4
183.6
141.9
120.6
97.2
103.5
94.1000000001
83.4000000001
86.1000000001
85.7999999998
88.3
98.2
120.1
151.4
209.1
261.9
304.5
321.6
326.4
319.8
327.5
326.3
321.3
287.4
235.6
188.5
139.2
116.5
96.7
99.0999999999
86.1000000001
84.0
84.3
84.3
86.8999999999
95.9000000001
124.7
150.8
208.1
276.1
306.6
325.3
338.0
326.6
323.8
322.0
313.9
288.1
235.8
184.6
139.5
114.5
94.0
100.2
86.5000000002
83.4999999998
84.2000000002
84.2999999998
86.1000000001
97.5
120.6
150.5
191.3
254.0
293.2
308.0
316.3
318.0
329.3
325.9
319.0
288.0
236.5
180.2
141.7
117.8
94.6000000001
93.7999999998
84.9000000001
84.6000000001
83.5000000002
83.5999999999
85.5000000002
99.3999999999
120.6
149.6
192.0
240.4
281.7
301.2
305.8
306.3
315.6
316.5
312.6
283.1
225.4
164.9
120.9
103.5
94.3999999999
94.5
91.5
83.2
85.2
85.4000000001
85.6000000001
83.2
84.5
93.3
104.5
124.9
130.2
129.4
130.8
134.7
126.8
125.6
124.9
125.2
117.7
104.9
99.6000000001
80.0
80.5
80.8
80.8999999999
81.7
81.5000000002
81.1999999997
81.4000000001
80.9999999998
80.3999999999
87.7000000002
102.8
116.0
126.5
128.8
131.9
134.0
133.0
131.1
137.1
125.3
112.2
96.2999999998
99.6000000001
81.4999999998
80.3
82.1000000001
81.8
82.6000000001
81.2
81.5
84.5
99.0999999999
120.5
163.0
212.9
252.1
298.2
302.4
300.9
307.6
314.6
312.1
302.6
285.5
236.5
173.3
130.3
111.2
95.1000000001
99.0999999999
91.5
83.8999999999
84.2
83.0999999999
86.2
96.7
120.8
166.5
212.6
256.6
300.9
307.7
295.0
308.9
307.0
326.4
315.4
295.2
235.0
187.3
140.4
119.4
95.0
96.7999999998
85.1000000001
83.9000000001
84.1000000001
85.0999999999
85.8
98.3
126.2
161.4
206.7
254.5
295.9
306.5
311.2
305.1
303.1
302.8
301.0
272.0
230.1
173.3
133.6
114.0
98.7000000002
98.2
86.5999999999
84.8999999999
84.0999999999
84.6000000001
86.8
100.3
120.9
153.9
199.5
252.0
277.9
295.6
313.2
313.2
317.5
331.5
329.1
305.0
247.2
186.8
144.2
118.7
95.3999999999
94.2000000002
90.2
84.6999999997
85.3999999999
85.3
87.5
94.6000000001
121.8
149.8
195.9
247.3
289.8
310.8
325.6
326.7
304.8
311.8
309.9
288.6
239.1
174.7
135.4
112.9
95.8000000003
92.8999999999
85.7
82.7999999998
84.0
86.5
85.2
84.2
84.0
93.2000000002
111.5
138.9
137.9
144.0
140.5
141.6
141.7
139.8
136.0
127.8
116.0
101.5
94.3
84.0999999999
83.7000000002
83.3999999999
83.2000000002
82.3
83.7
83.5
85.1000000001
83.8
82.6000000001
90.0999999999
104.8
114.4
125.5
135.2
132.8
135.7
129.8
130.8
132.4
131.2
115.3
97.5
95.7000000002
80.1000000001
78.9999999998
81.1000000001
83.0999999999
85.4000000001
81.8
83.0
84.9000000001
101.0
119.2
153.5
207.7
246.8
288.5
303.4
300.0
299.4
297.7
299.0
291.1
275.1
230.9
175.4
136.1
107.9
95.4999999998
103.2
90.3
87.4000000001
88.0999999999
87.7
89.2
102.1
122.4
157.5
199.9
256.4
289.8
305.6
307.5
300.3
306.2
308.3
311.3
286.6
244.5
175.1
138.8
115.6
93.2
99.2
87.3
86.9000000001
86.0999999999
87.3
86.6000000001
98.8999999999
120.4
163.9
210.3
266.7
298.6
306.3
314.1
312.2
305.7
301.8
309.0
292.9
245.6
181.2
132.2
109.1
94.2
95.0
87.4000000001
86.3
86.7999999998
87.1000000001
88.3999999999
98.1000000001
123.8
159.9
203.0
271.6
304.5
316.5
321.2
320.3
316.2
311.3
316.5
297.4
252.6
185.9
130.2
105.5
99.7999999998
99.8
88.8
86.4000000001
88.0
87.5999999999
91.1000000001
100.3
122.3
160.7
214.3
273.1
308.6
307.5
314.3
319.2
311.2
300.2
296.8
279.8
229.8
176.9
134.2
108.0
93.3999999999
92.5
86.8999999999
83.6000000001
84.7
86.1000000001
86.0
82.8999999999
82.7999999998
94.8
102.4
122.6
136.1
146.0
141.1
139.4
132.4
135.1
136.3
126.0
126.8
119.9
109.9
83.7000000002
83.1999999997
83.4000000001
83.7
82.8999999999
83.0
82.8
82.4000000001
82.8
81.0
89.7
105.9
122.0
126.0
131.3
138.4
140.3
137.9
136.9
140.3
134.6
122.3
98.2
100.0
83.2000000002
82.7
82.9999999998
83.4000000001
83.8999999999
82.0999999999
84.8
85.8
95.6000000001
125.3
171.0
235.1
278.5
300.8
311.7
311.1
305.8
307.7
306.9
306.5
286.4
244.0
184.9
137.2
114.4
90.8000000003
99.7999999998
88.0
89.3
87.0
86.7999999998
89.3
101.2
125.4
161.7
215.9
279.1
311.7
322.7
323.1
314.6
310.5
296.7
296.6
285.2
245.3
189.2
149.7
124.4
101.8
103.2
93.6000000001
88.7999999998
91.3
91.6000000001
92.8999999999
105.6
129.9
164.7
212.7
271.7
306.0
324.9
325.7
323.4
324.9
319.1
313.8
295.2
254.5
188.6
150.3
125.0
98.9000000001
100.0
89.0
86.8000000003
86.0999999999
89.7
90.5
101.7
129.4
171.6
217.3
269.4
298.3
304.5
307.3
302.7
306.8
299.6
311.9
298.0
251.9
190.6
147.3
120.4
104.1
100.7
90.2
87.3999999999
87.8
88.4000000001
89.8999999999
101.6
125.1
160.1
202.1
265.3
294.6
303.9
318.3
314.5
311.0
307.8
300.4
280.5
236.5
172.2
138.8
114.1
90.3999999999
100.4
88.6000000001
84.7
86.2000000002
88.0999999999
89.3
87.7
86.3999999999
106.8
125.7
143.6
138.2
141.6
143.9
144.3
140.2
133.1
135.3
129.7
118.5
105.5
104.1
84.2
83.0
83.9000000001
85.3
83.5
83.1000000001
83.1000000001
82.8999999999
85.2
84.7
85.2
92.5000000002
106.7
113.8
116.0
119.8
127.9
138.5
139.1
139.6
140.2
136.0
115.6
107.7
102.9
100.7
85.3
82.6000000001
84.9999999998
86.5
84.2
84.2
84.7
86.8
99.8999999999
154.5
205.7
218.1
255.3
297.5
306.5
301.3
294.2
305.5
302.2
308.0
282.7
215.3
164.8
132.8
109.6
102.1
99.6000000001
90.2999999998
88.1000000001
88.5999999999
90.3
90.7000000002
106.0
161.3
206.3
233.7
280.9
314.3
325.2
318.2
312.3
314.4
317.4
323.9
313.3
266.9
197.9
150.5
128.0
101.4
99.3
87.7
87.0999999999
87.3
86.7000000002
88.5
97.3
126.6
167.2
221.6
274.8
313.0
323.0
318.8
317.2
314.1
316.3
323.8
295.4
256.0
188.2
142.5
105.8
98.6000000001
94.1000000001
86.3999999999
85.2
84.2
84.6000000001
86.0999999999
94.0
128.0
166.2
221.9
273.7
308.1
320.6
326.0
331.0
323.4
328.5
319.1
297.2
255.6
195.7
152.2
125.1
100.6
98.2
87.1000000001
86.4000000001
88.2999999998
88.8
88.8
99.5999999999
126.3
167.2
209.6
264.2
294.3
299.7
313.9
312.2
310.3
309.2
297.2
281.1
230.3
173.0
133.6
112.6
92.3000000003
100.6
85.7000000002
85.8
86.2999999998
86.8
86.0999999999
83.1000000001
84.9000000001
105.0
124.1
137.4
129.4
136.7
135.2
139.5
136.0
123.8
126.5
124.8
113.6
102.7
104.7
83.0000000002
83.0999999999
84.3
85.0999999999
86.8999999999
85.3999999999
84.5
84.2999999998
82.6000000001
83.6000000001
89.7
104.4
115.7
117.7
132.1
130.3
130.2
128.2
130.7
131.3
130.7
114.1
99.4999999998
102.5
83.5999999999
83.0999999999
84.2000000002
86.1000000001
83.5
82.2
82.3999999999
84.8
100.8
122.8
158.6
219.6
271.9
294.6
314.8
314.7
319.0
306.1
305.9
320.4
300.1
246.1
186.3
137.3
119.2
99.0
97.1000000001
89.0
85.5
85.7
86.8
88.8
96.0
124.9
156.4
215.8
282.2
312.3
317.7
314.6
322.4
315.8
324.9
318.6
305.0
257.3
188.0
144.8
119.1
98.8999999999
92.6000000001
87.2999999998
84.9000000001
83.5
85.2
86.8999999999
101.9
134.9
162.6
209.9
275.8
307.8
314.3
312.5
308.3
312.2
314.4
309.4
296.3
249.8
188.7
149.1
126.7
101.3
103.1
88.4000000001
86.9999999998
85.4000000001
87.2
89.0
99.6000000001
127.7
172.2
218.7
274.0
303.0
309.3
316.7
311.6
314.5
314.7
319.4
297.2
253.7
192.9
150.5
123.3
99.5
101.1
88.9999999998
87.0999999999
87.9000000001
87.5
88.9999999998
98.9000000001
127.0
168.3
215.9
266.3
298.2
314.1
319.7
322.3
321.0
322.4
326.0
305.7
245.0
186.0
139.9
119.3
98.5
100.7
86.4000000001
86.3999999999
88.6000000001
89.7
89.9000000001
87.3999999999
89.2
109.7
131.5
142.9
143.0
145.9
146.4
148.5
143.0
136.1
132.2
128.7
118.5
106.1
102.1
91.2
84.2
83.7
86.0
84.9000000001
83.9000000001
83.9000000001
83.5999999999
83.3
83.3999999999
91.9000000001
112.3
122.2
126.0
128.3
130.5
131.0
133.2
135.2
136.0
133.6
118.8
102.2
98.7999999998
88.3
85.5
85.2
86.8999999999
85.5
84.1000000001
84.5999999999
86.9000000001
99.8999999999
127.7
161.3
214.1
260.3
298.2
302.9
308.8
312.1
305.5
310.0
310.7
297.6
244.4
190.1
148.2
120.3
98.9000000001
102.5
91.8999999999
89.7
88.6000000001
89.5
90.6999999997
99.3
131.9
165.3
210.8
277.0
316.5
324.7
327.2
330.8
327.0
325.5
325.4
301.3
258.4
196.3
155.0
129.3
98.8
99.1000000001
88.9999999998
86.5000000002
85.4999999998
88.4000000001
89.8999999999
106.7
133.9
166.1
220.9
265.2
296.7
307.9
304.6
311.2
308.2
309.6
306.3
289.9
247.2
181.5
142.5
120.7
103.0
100.5
88.5000000002
86.7
86.9000000001
87.7999999998
89.3999999999
102.2
133.1
150.7
207.7
264.2
291.7
310.3
313.0
307.5
306.3
309.5
308.2
279.8
238.7
181.8
146.1
125.4
101.5
103.1
90.1999999997
87.4000000004
86.2999999998
86.3999999999
88.3999999999
99.7000000002
124.3
151.0
186.4
233.5
269.7
287.5
277.3
287.5
279.2
283.7
279.0
261.8
217.8
156.8
124.4
103.9
96.1000000001
98.7
87.2
88.8000000003
88.5
88.8999999999
89.2
87.7
89.2999999998
98.7000000002
110.2
119.1
125.6
127.3
121.9
129.9
123.6
119.8
114.5
116.5
115.2
99.5
95.1000000001
93.0999999999
85.0
85.0
86.4999999995
84.7000000002
85.8
85.3
85.8
85.9000000001
85.2999999998
93.5
114.5
125.4
127.1
133.3
133.0
136.5
135.5
134.6
134.5
127.0
111.5
96.3000000003
95.0
87.3999999999
84.1000000001
85.7000000002
92.0
84.8999999999
85.0
85.8999999999
88.3999999999
98.0
134.0
158.2
219.4
272.8
295.2
300.3
312.0
315.5
307.1
310.9
317.2
297.3
255.1
189.4
146.7
120.9
103.1
106.5
98.7999999998
94.8000000003
95.1999999997
95.7000000002
97.4000000001
108.7
133.2
165.4
214.6
272.3
300.5
311.8
321.7
332.8
331.5
326.7
322.2
305.3
263.2
198.7
148.7
135.1
106.6
108.9
98.3000000003
97.3999999999
96.0000000002
96.0999999999
97.0
112.3
136.8
155.5
196.7
266.5
302.2
314.6
310.8
316.8
322.1
316.1
317.7
301.3
262.1
187.7
146.2
127.4
103.7
107.1
99.9000000001
94.2
94.2000000002
94.8999999999
96.6000000001
111.6
128.9
155.8
199.2
274.7
301.7
299.7
299.7
298.3
299.8
298.0
285.1
270.4
230.8
179.7
135.2
117.5
108.8
107.2
98.3
95.8
96.3999999999
96.6000000001
97.3999999999
112.9
133.6
158.9
198.5
264.4
294.1
309.8
298.4
292.4
308.3
308.9
308.4
284.2
233.3
173.2
127.0
112.3
103.7
106.1
103.0
98.2000000002
98.8
98.7
100.2
97.4999999998
97.3000000003
105.3
128.0
145.6
149.3
154.1
148.9
152.2
141.6
136.7
140.8
142.3
133.5
130.7
123.2
100.9
99.1000000001
107.9
103.4
105.8
106.9
106.9
106.5
106.4
105.0
108.1
128.5
136.9
134.1
128.0
133.1
134.7
141.8
139.1
142.8
140.1
125.4
108.2
113.2
95.5
98.1000000001
98.5999999999
100.2
98.5
99.2
98.5999999999
101.0
112.5
133.0
165.6
256.9
315.8
351.7
381.7
385.5
379.5
373.4
378.7
374.3
336.2
284.0
208.0
146.8
123.1
109.2
114.0
102.9
98.5
98.5
98.3999999999
101.3
109.8
132.7
172.1
257.3
318.3
361.7
371.7
385.8
389.0
391.5
369.8
361.8
317.6
261.7
196.3
144.2
126.9
108.7
111.8
103.0
100.0
101.8
100.8
103.5
112.4
132.5
177.7
245.4
317.4
347.7
351.2
346.2
345.2
350.3
327.7
332.8
302.5
255.8
196.2
143.5
120.4
113.0
110.0
102.6
100.0
99.3999999999
98.5
100.1
112.1
134.6
172.0
235.7
298.9
330.6
339.3
339.8
335.1
335.5
336.0
330.2
304.5
255.7
195.1
141.9
121.4
110.6
109.0
98.6000000001
98.3999999999
98.3000000003
97.6999999997
100.0
110.1
136.1
168.9
218.3
279.4
315.8
332.8
330.9
328.3
313.8
311.1
301.1
275.0
232.5
170.5
123.2
111.6
103.1
107.0
96.0
97.2999999998
99.3000000003
99.6999999997
99.0000000002
97.9000000001
99.1000000001
105.1
123.8
134.7
132.6
141.2
142.4
137.1
137.8
133.9
137.3
131.0
126.9
119.2
111.7
97.2000000002
95.4000000001
94.7
96.4999999998
96.9000000001
95.5
95.1000000001
95.3999999999
96.1999999997
95.2
99.2
116.9
125.5
131.8
140.3
144.3
141.6
151.2
152.0
153.6
148.7
131.4
113.8
117.1
97.4000000001
94.5
98.1000000001
96.6999999997
96.2000000002
95.2999999998
95.8000000003
98.2999999998
112.1
136.8
169.6
239.4
285.8
339.1
352.1
350.0
347.9
341.8
341.7
343.0
315.1
264.1
194.3
142.1
125.4
107.3
112.2
