26.5
22.25
26.25
24.25
23.75
29.0
33.25
47.5
63.5
63.25
66.0
65.25
65.25
66.75
65.75
61.5
50.0
28.75
18.5
21.25
18.75
25.5
20.75
21.0
21.0
17.5
21.0
20.0
22.0
30.0
28.5
42.75
60.5
67.0
68.25
69.0
64.25
64.75
60.75
59.5
45.5
31.0
23.25
20.25
26.0
24.0
17.0
19.25
21.0
18.0
19.75
18.25
19.0
18.25
13.5
14.5
14.5
14.5
14.5
14.5
14.25
13.5
12.25
17.5
11.75
18.75
15.25
15.25
16.25
17.5
20.5
16.75
18.25
19.25
21.25
18.75
20.25
18.5
17.0
14.0
15.75
16.0
14.5
17.5
14.5
13.75
12.75
15.0
16.25
13.75
14.5
15.5
18.75
19.5
25.5
19.0
21.0
20.0
15.75
22.0
19.5
23.5
27.75
49.5
61.5
65.0
68.75
67.5
60.75
66.25
64.25
60.75
48.0
24.0
23.75
21.25
22.0
24.75
23.5
21.25
22.0
22.0
21.5
23.5
22.25
27.5
28.25
48.75
65.5
69.75
66.5
66.75
69.75
68.0
63.5
61.0
45.0
25.0
21.25
22.0
20.25
22.75
22.0
20.75
17.5
22.5
21.75
20.0
18.5
24.5
28.75
48.0
64.25
70.5
67.25
71.75
67.5
64.5
63.75
62.5
54.75
37.5
25.5
19.25
22.0
26.25
21.5
22.75
20.75
18.5
20.75
20.0
21.0
23.0
25.5
46.75
60.25
69.75
68.5
66.25
64.25
63.75
61.75
61.75
49.0
26.75
29.25
26.5
22.0
26.5
22.25
21.75
22.75
18.25
24.0
23.75
20.5
25.75
29.75
41.25
52.0
61.25
64.5
61.75
62.5
57.25
60.75
55.5
45.5
28.0
22.75
23.0
24.25
30.0
24.5
21.5
17.75
19.0
19.0
22.25
19.0
21.5
21.0
18.0
18.5
16.5
18.0
19.5
17.25
17.25
16.25
17.75
19.25
21.5
19.5
17.5
21.75
20.25
21.25
23.5
19.25
16.25
22.75
21.75
19.5
21.5
17.0
19.0
19.75
16.5
14.5
16.75
20.5
21.0
18.0
17.0
13.5
19.0
16.5
14.75
20.0
21.5
20.0
18.0
19.25
17.25
16.75
19.0
17.25
20.75
24.0
44.5
62.25
57.75
65.5
66.25
64.5
70.25
67.25
65.25
49.25
30.75
30.0
30.0
29.75
31.5
26.75
23.75
22.25
20.75
19.75
20.5
22.75
29.0
30.0
45.75
69.25
71.25
75.75
72.5
74.25
75.25
68.0
64.0
53.0
33.0
29.0
31.0
30.5
24.0
26.5
26.25
27.5
21.0
23.0
26.0
26.5
31.25
30.0
52.0
63.5
67.75
72.5
74.75
72.75
70.5
64.25
65.0
55.25
36.0
26.0
26.5
22.75
24.25
18.0
19.0
22.75
22.0
18.75
19.75
20.75
22.75
29.25
51.0
65.25
75.0
70.75
74.25
70.0
68.0
63.0
64.0
48.0
22.25
25.0
27.25
27.0
29.25
23.5
21.75
19.0
22.0
23.0
22.25
22.25
27.75
32.0
43.5
64.25
66.5
70.5
64.75
61.75
64.5
65.75
60.75
44.0
23.0
19.5
18.75
21.25
20.25
18.25
21.25
20.0
20.75
19.5
20.75
16.75
18.5
14.25
19.25
19.5
20.75
20.0
12.75
11.25
16.25
15.0
18.5
19.25
17.0
15.0
11.5
16.0
17.25
19.75
19.25
16.25
17.5
19.25
14.25
15.5
16.5
14.25
15.75
11.25
13.75
15.75
13.25
14.0
11.25
13.0
16.0
16.25
13.75
12.75
12.25
16.25
20.0
22.0
21.25
20.25
17.5
20.0
20.75
18.25
24.0
27.25
45.75
66.75
70.25
68.75
67.75
69.25
74.0
65.75
61.25
48.25
28.25
22.75
21.0
20.25
22.25
21.5
22.25
21.0
21.5
21.75
21.75
19.0
27.5
28.5
51.0
63.75
69.0
71.25
68.75
64.25
62.75
66.75
62.25
49.25
30.0
23.25
17.5
18.5
23.0
21.25
19.0
21.0
18.0
17.0
22.0
20.0
24.75
27.25
46.0
49.25
49.5
55.25
49.25
55.75
63.25
63.75
62.75
49.5
23.75
19.5
19.25
20.0
25.5
23.75
23.25
23.5
23.75
22.75
23.5
21.75
22.0
23.0
46.25
61.0
57.0
61.5
62.75
60.0
63.5
60.75
58.5
45.0
28.5
24.75
19.75
16.5
24.5
22.5
22.25
21.5
22.5
23.0
22.25
20.25
21.75
20.5
42.5
55.0
53.75
52.5
56.25
56.75
52.0
53.75
53.0
42.0
24.25
18.5
17.5
18.0
17.25
16.25
16.0
15.75
18.0
20.25
16.75
21.0
20.75
12.5
12.5
17.0
16.25
14.0
14.0
12.0
12.75
14.75
17.25
14.25
14.0
16.0
15.75
17.0
20.25
20.5
20.25
20.0
20.75
18.0
21.0
18.0
15.5
14.5
17.25
11.25
14.0
15.75
11.0
14.5
13.5
13.75
11.0
15.75
15.25
13.25
10.75
14.0
19.0
19.25
16.5
14.75
18.75
17.0
19.0
17.0
16.5
16.75
22.25
24.75
22.25
25.0
25.5
20.5
22.75
25.75
23.0
20.25
14.25
13.5
11.5
15.5
18.5
18.75
14.0
19.0
14.25
16.5
14.5
15.0
25.5
32.75
51.75
76.75
77.75
79.25
78.25
75.25
79.75
80.25
83.25
58.75
40.5
28.25
26.0
23.5
28.0
27.0
21.0
20.25
25.0
25.0
20.75
19.75
23.25
30.0
54.75
61.25
72.75
71.5
73.5
77.25
83.0
86.75
83.5
72.5
39.0
29.75
27.0
27.25
29.75
25.5
23.25
25.75
23.25
27.75
19.75
27.5
23.0
30.25
58.0
71.5
76.25
81.5
83.75
83.25
82.25
87.5
86.75
67.0
41.5
28.75
30.25
28.5
29.75
29.0
29.5
30.75
27.0
33.75
28.0
32.0
31.25
33.75
58.75
70.75
77.75
87.75
96.25
105.75
101.0
109.5
101.5
76.5
45.25
40.5
36.5
37.0
36.0
36.5
33.25
33.5
34.75
31.5
36.0
36.75
31.75
32.75
25.5
28.5
30.5
37.25
32.0
34.75
38.0
33.5
33.25
35.25
34.0
32.75
32.5
33.75
34.0
32.75
36.0
31.75
35.75
34.75
32.75
34.5
32.75
35.0
27.25
28.5
29.5
29.25
30.25
32.25
28.0
36.0
31.25
34.25
28.75
31.25
30.5
29.25
34.0
30.25
36.0
40.5
34.75
33.25
34.5
32.5
37.75
43.5
63.5
80.75
80.5
88.25
84.5
88.0
92.0
106.75
92.5
76.25
45.75
42.5
34.75
30.5
28.0
33.75
33.25
27.25
28.25
26.5
29.25
31.75
27.25
38.0
65.5
80.75
80.75
85.75
89.0
83.5
86.25
88.5
76.5
69.0
42.5
38.0
32.25
29.25
37.0
35.25
33.0
27.5
31.5
29.5
33.25
32.25
34.75
30.75
67.25
79.5
88.75
83.25
86.25
83.75
86.75
87.0
85.5
77.25
43.0
36.75
27.5
33.5
30.0
28.0
30.25
33.75
27.25
33.0
29.75
30.75
27.5
36.75
69.75
93.75
99.5
102.0
100.25
103.75
104.0
101.5
90.0
75.25
53.75
42.5
46.0
44.0
42.0
42.0
36.5
43.0
42.5
40.25
36.5
41.5
40.5
47.25
69.25
84.75
88.0
96.5
93.5
97.75
88.5
90.5
89.5
77.5
41.5
32.5
32.0
31.75
32.75
32.75
32.0
27.0
30.5
28.0
29.5
27.75
29.75
24.0
19.25
24.0
22.5
26.5
20.75
20.75
26.75
25.25
23.5
21.25
20.75
22.5
22.5
23.0
24.0
23.25
20.75
24.0
26.0
24.25
20.75
24.5
23.75
21.75
20.75
22.25
16.0
23.75
21.25
24.0
27.75
25.5
28.0
26.75
24.5
22.75
21.25
25.5
28.25
29.25
28.25
30.25
24.25
27.0
25.0
28.5
32.25
37.25
61.0
77.0
83.75
80.25
77.5
76.0
76.25
75.5
75.75
59.75
40.25
30.5
31.75
34.25
35.5
24.25
28.5
31.0
26.5
26.5
24.5
28.5
32.0
35.75
60.75
69.75
76.5
71.5
74.75
77.25
81.25
85.5
86.0
76.0
54.25
48.25
45.0
35.75
40.25
33.25
32.5
34.25
30.0
28.25
27.0
27.5
35.5
41.75
73.0
88.0
97.0
88.25
90.75
88.5
86.75
83.75
87.75
79.25
58.0
48.0
44.25
37.0
41.5
32.0
37.0
29.75
35.75
31.5
33.0
35.25
29.75
34.25
67.5
71.25
73.0
73.25
69.75
70.75
72.25
65.0
68.25
54.0
36.0
28.25
27.25
24.0
29.25
27.0
20.0
19.25
25.0
24.75
20.75
20.25
24.0
33.0
59.5
61.0
62.25
59.0
61.5
60.25
60.0
63.5
58.75
50.75
36.5
26.0
23.75
28.25
27.25
21.75
21.25
25.0
28.5
24.75
21.75
27.0
23.25
23.75
21.5
21.75
23.25
22.75
16.75
23.5
17.5
22.0
24.0
18.0
22.5
22.0
24.75
21.5
25.0
22.25
22.75
26.0
19.75
20.5
21.75
25.0
22.75
19.25
20.5
22.5
21.25
25.75
20.0
22.5
22.75
18.25
23.25
16.5
22.75
23.25
21.25
15.75
22.5
22.25
24.0
18.5
22.25
25.0
19.5
24.5
25.5
37.25
66.5
73.5
80.5
75.0
67.75
70.5
83.75
90.5
79.0
68.75
39.25
33.25
31.5
38.5
34.5
29.75
31.5
31.75
25.5
27.5
30.5
29.5
38.0
40.75
69.25
70.25
71.25
74.5
72.0
78.5
96.0
98.0
90.75
66.0
48.0
38.25
32.75
31.75
30.5
31.0
31.75
33.25
27.5
29.75
28.0
30.0
42.5
43.75
81.5
95.75
92.25
94.5
108.75
108.25
102.25
107.0
102.75
85.0
54.25
49.0
46.25
40.75
36.75
40.5
40.75
39.25
40.5
39.0
40.75
38.75
41.0
43.0
70.5
88.75
86.5
85.25
89.5
87.0
95.75
100.25
90.5
71.0
42.5
30.75
33.25
32.5
34.5
34.25
35.25
31.5
33.25
31.0
31.5
36.5
51.0
48.25
56.5
79.75
80.0
82.75
86.25
90.0
89.0
87.5
87.5
69.5
44.5
40.25
32.25
36.25
35.25
31.75
32.5
35.5
34.5
29.75
34.25
33.0
33.75
32.25
30.25
29.25
26.5
29.5
28.5
29.5
32.5
27.5
31.5
29.5
35.25
25.75
27.25
30.25
32.25
31.0
30.0
36.0
27.0
34.5
30.5
30.75
26.25
30.25
25.5
30.25
25.5
31.25
27.5
24.5
34.5
33.25
36.5
28.5
34.0
28.25
32.0
30.75
27.25
34.75
31.75
31.5
31.75
26.75
26.5
36.25
42.5
48.75
74.75
94.75
84.6625
86.115
85.0375
107.0
106.25
109.75
105.25
81.75
60.5
49.0
46.5
41.0
43.5
41.5
39.5
37.25
44.25
39.0
45.75
45.5
45.0
43.0
73.0
95.5
108.0
110.0
96.295
98.6425
109.75
100.4625
94.225
91.25
65.75
46.5
44.0
40.25
43.25
42.75
34.5
36.75
41.0
36.0
34.75
39.25
40.5
41.75
68.75
81.25
82.75
80.5
83.0
77.0
80.0
77.75
88.75
73.75
60.25
46.75
41.25
34.5
33.5
35.0
32.75
33.25
34.25
30.75
34.25
34.75
33.75
36.0
59.0
78.5
89.75
89.5
95.5
98.75
104.75
107.25
97.0
77.0
55.0
42.75
41.5
36.5
39.0
38.25
38.0
35.75
39.0
38.0
34.75
42.25
67.0
57.0
72.5
90.25
89.0
92.25
92.0
92.5
89.75
92.75
98.5
77.5
45.25
41.0
32.5
34.25
35.5
35.25
33.75
36.5
35.5
38.5
33.0
31.25
34.5
33.0
32.0
27.75
34.75
37.0
37.5
33.75
31.5
34.5
34.0
33.5
32.25
30.25
33.25
30.75
33.75
35.5
34.5
32.0
35.5
35.25
33.75
35.75
30.75
27.25
31.5
33.5
29.25
34.25
40.0
33.5
35.25
37.0
36.0
31.25
36.25
40.75
38.25
34.5
34.5
41.5
39.5
35.75
34.25
34.5
33.0
37.5
55.75
57.25
86.25
83.965
88.7625
92.4725
85.9175
103.25
96.5
92.75
85.75
79.25
54.25
43.25
42.0
37.25
40.5
45.5
37.25
37.0
37.5
33.25
38.0
35.25
47.5
45.0
71.25
79.25
87.75
94.5
90.25
95.5
101.25
93.25
79.0
68.75
52.0
39.75
28.0
29.0
30.25
31.75
31.0
33.5
30.75
30.75
32.0
33.5
36.25
35.25
63.5
75.75
76.0
73.25
77.0
80.0
82.0
65.75
67.25
61.0
44.5
35.0
31.0
32.0
30.75
29.0
32.5
32.25
32.75
27.5
29.25
27.25
31.25
36.5
53.25
60.25
70.25
71.75
75.75
69.25
74.25
76.25
73.75
54.5
35.0
30.75
30.5
28.25
26.25
25.75
22.5
23.5
23.0
23.75
26.0
26.0
24.5
26.0
31.5
32.0
33.5
33.75
32.75
32.5
35.25
36.0
33.75
32.5
29.0
26.25
23.75
27.0
24.5
28.25
23.75
24.0
28.0
27.0
23.0
29.25
20.0
23.5
24.0
20.75
22.25
24.0
24.5
28.25
24.25
26.5
25.25
27.75
28.0
29.75
26.25
22.5
23.75
29.0
26.75
32.25
25.25
23.25
30.75
31.25
26.75
25.5
24.75
26.0
30.75
26.0
27.0
25.25
27.25
29.5
26.5
22.75
29.25
42.75
28.25
30.5
31.25
26.25
23.5
27.25
25.5
32.0
24.0
27.75
47.0
31.75
73.0
84.0625
91.5225
93.9325
94.94
105.155
108.1125
106.1675
100.7225
107.25
69.75
59.75
55.0
54.25
48.5
49.5
47.25
48.25
50.5
45.75
48.5
47.25
50.25
58.25
79.0
95.0
92.0
87.0
94.75
88.5
95.5
97.5
81.25
69.25
52.0
45.75
40.75
36.75
37.75
35.75
37.5
35.75
33.0
35.75
36.25
31.25
53.0
35.5
61.75
78.75
87.0
82.75
83.75
89.75
100.25
101.75
92.5
77.0
58.25
42.25
34.0
31.25
31.75
38.5
34.0
30.0
34.25
31.75
32.5
32.25
41.25
53.75
68.0
89.25
103.5
107.5
97.25
91.75
105.0
103.075
105.75
78.0
50.5
41.75
34.75
34.0
36.5
34.0
35.75
40.5
33.0
37.75
35.25
32.0
39.25
53.75
77.0
81.75
84.75
84.5
80.5
96.0
87.75
97.5
87.75
74.0
41.5
37.0
38.5
33.25
35.25
34.5
34.5
32.75
34.75
37.25
31.75
38.0
31.5
29.75
33.25
28.0
30.25
30.25
34.0
31.0
30.0
27.75
34.25
35.75
34.25
43.25
49.25
32.5
37.5
31.25
28.5
31.5
36.25
29.25
33.25
36.25
36.5
31.0
32.25
25.0
29.75
31.0
34.25
28.25
35.0
30.5
34.25
34.5
32.75
38.0
44.25
24.75
26.0
25.25
31.75
34.0
22.5
26.5
26.75
29.5
36.0
36.0
57.5
63.5
76.75
77.25
75.25
74.25
75.0
79.75
69.5
59.5
33.75
24.25
26.75
24.75
24.25
20.0
24.0
25.5
23.25
23.5
24.0
26.0
25.5
30.25
48.0
64.0
67.75
70.25
73.25
68.5
70.75
68.25
68.25
63.5
40.0
33.0
24.5
25.75
32.75
32.75
25.75
29.75
25.25
26.75
25.0
25.75
24.5
35.0
50.5
70.5
67.0
68.5
83.75
79.0
80.5
74.25
70.25
61.5
38.75
28.5
21.75
28.75
27.0
25.25
22.5
22.75
21.5
24.0
24.0
22.75
25.75
30.5
52.5
66.5
81.5
81.25
83.75
78.0
79.25
81.75
83.75
67.75
38.0
36.0
30.0
31.75
27.75
32.0
34.0
29.0
29.25
28.0
29.0
31.0
42.0
36.25
51.25
64.75
74.25
74.5
76.0
78.25
88.5
87.25
79.5
68.5
47.0
29.5
29.0
29.0
27.75
24.0
25.5
26.75
26.5
28.5
28.75
25.0
26.75
28.0
26.0
22.25
25.75
26.25
25.5
29.5
31.0
26.0
28.75
25.0
29.25
34.75
28.75
26.5
29.0
25.75
30.25
25.75
26.5
25.5
27.5
27.75
29.25
21.25
30.0
27.0
25.0
31.0
26.0
26.0
31.5
32.5
28.75
36.75
28.0
29.0
23.25
30.75
30.0
29.5
30.75
31.5
36.75
30.0
35.25
37.5
57.75
55.75
100.0
89.35
97.415
102.8475
106.71
112.53
118.67
122.6075
122.265
113.84
83.5
70.75
69.75
67.75
68.5
65.75
66.5
65.25
62.5
62.75
66.75
62.25
79.75
69.75
95.75
88.2075
96.23
101.0625
99.845
103.2275
105.2225
108.8125
106.1225
93.0
64.75
45.75
47.5
42.75
43.75
44.25
39.25
40.75
38.75
40.5
40.25
39.5
61.0
55.5
74.75
85.25
94.0
102.75
96.685
96.3625
101.08
101.805
111.5
94.5
63.75
48.0
42.0
44.25
43.5
41.25
41.5
41.5
40.0
40.5
40.75
43.0
61.5
61.25
82.75
97.5
109.25
107.0
110.25
108.75
110.0
108.5
109.25
78.25
54.0
48.75
47.25
40.75
42.25
47.0
38.75
42.25
41.5
44.25
44.5
41.75
56.25
44.25
61.5
78.75
87.75
96.0
90.5
96.25
101.75
108.25
108.25
86.5
48.5
39.5
33.75
40.5
37.25
36.25
34.5
34.0
34.0
38.0
38.5
35.75
33.0
32.0
26.5
37.25
32.0
34.0
35.75
33.5
38.0
34.75
31.75
36.25
36.25
39.25
36.25
36.0
38.0
31.5
37.5
33.75
31.0
37.0
31.75
34.5
29.75
28.25
30.25
33.0
28.25
34.25
29.25
30.5
32.5
32.5
37.5
34.25
30.0
31.75
36.0
38.0
32.25
35.5
27.5
37.25
32.5
33.0
27.5
38.25
44.75
43.75
69.0
80.5
89.5
94.5
95.5
91.0
104.5
102.75
107.0
83.0
54.25
40.75
32.0
33.25
36.25
29.25
30.75
30.75
29.75
32.75
27.75
31.75
41.0
43.5
66.75
80.25
86.0
90.5
98.75
105.75
100.445
97.065
103.0
81.75
61.0
42.25
36.25
36.5
39.0
29.25
36.25
29.25
34.0
38.0
35.75
33.5
43.25
39.25
65.25
82.75
94.25
92.0025
95.5075
110.5
100.64
100.3425
110.25
84.75
59.5
46.0
41.25
45.0
45.25
39.75
43.25
45.75
41.25
40.75
40.25
37.75
48.25
45.5
67.25
85.5
97.75
109.5
108.25
100.13
99.0
99.0
96.75
87.5
54.0
45.5
39.25
40.25
42.5
36.25
39.5
36.75
38.5
36.5
33.75
35.5
52.25
61.25
70.5
99.75
108.5
105.25
106.75
100.75
111.5
108.75
110.0
88.75
49.5
44.75
40.0
39.5
41.5
36.5
38.5
33.0
37.0
33.5
32.75
33.0
32.25
30.25
33.5
34.0
34.5
36.0
41.0
37.5
39.0
40.0
42.75
34.5
40.5
38.75
33.75
36.75
34.5
34.75
34.25
37.0
30.5
35.5
34.5
30.75
34.0
35.0
32.0
37.5
38.25
34.0
41.0
47.0
43.75
47.25
41.25
41.5
43.5
42.25
43.0
43.25
42.25
41.5
41.75
41.75
43.5
38.0
43.0
41.75
55.5
67.25
93.25
81.22
88.545
93.32
92.1
92.8075
99.69
99.9525
96.87
94.75
59.75
46.25
41.0
42.25
42.25
47.75
40.5
42.25
40.0
42.5
35.25
40.25
57.5
42.0
69.25
79.5
91.0
102.25
93.17
101.75
97.7975
96.775
95.5075
84.5
60.5
52.75
45.5
41.0
38.0
33.5
34.5
36.5
38.25
38.0
36.5
36.0
54.0
48.75
81.5
96.25
110.0
96.5875
104.0
100.825
100.5475
100.835
100.7375
100.0
65.0
52.75
47.75
48.25
45.75
44.0
44.0
44.25
41.25
47.5
43.75
46.25
44.5
45.75
61.75
84.5
94.25
105.0
109.25
105.0
98.455
98.2
99.095
99.25
55.25
42.0
37.25
40.75
42.75
38.25
41.0
35.75
39.75
40.0
39.75
41.25
47.0
57.75
71.5
91.25
102.0
109.75
104.25
91.4025
96.6575
98.5475
85.5
65.5
47.0
36.75
36.0
34.0
39.0
35.0
34.25
33.75
32.5
31.0
31.5
31.5
31.25
29.5
28.75
24.75
31.5
26.75
29.75
31.5
32.75
30.75
29.25
30.25
30.5
29.25
29.0
30.0
31.5
32.25
33.0
29.75
28.75
32.0
28.0
28.25
29.5
24.75
26.0
31.25
28.75
27.75
34.0
30.5
33.0
34.75
32.75
36.25
38.5
31.25
34.75
35.5
34.0
32.0
38.5
31.75
31.25
34.25
36.5
38.25
52.5
58.5
85.75
98.0
106.75
102.0
98.0
100.0
104.25
109.75
103.75
97.75
81.25
63.75
62.0
58.0
58.5
59.75
56.75
52.25
51.5
47.5
44.75
45.0
38.0
46.5
70.75
78.0
88.5
101.0
101.25
92.75
105.0
104.25
104.25
87.0
54.75
40.75
31.0
36.75
34.75
34.5
29.5
27.0
32.5
33.0
29.0
35.75
45.0
39.25
64.5
82.0
89.5
101.5
102.75
107.25
99.165
100.695
97.475
86.25
58.25
38.75
35.75
39.75
37.5
39.25
36.0
33.75
33.0
33.5
33.25
39.25
42.75
38.0
70.25
81.0
89.75
89.5
100.25
106.0
91.205
93.6425
102.5
79.5
50.25
36.0
34.75
36.0
32.0
33.5
35.25
32.5
28.75
33.0
32.0
32.75
41.0
34.25
59.25
79.75
91.5
99.75
104.5
98.7725
99.3275
100.7875
111.5
82.5
55.0
42.75
39.75
38.75
40.25
33.75
39.5
36.0
35.75
35.0
34.75
37.75
35.5
32.75
31.0
31.5
36.0
31.5
38.5
39.75
36.75
42.25
38.5
40.0
40.5
40.0
36.5
35.25
37.0
35.25
35.25
34.0
38.25
36.25
35.75
30.75
34.75
32.5
33.75
33.0
31.5
29.0
33.75
40.75
37.0
35.75
32.0
29.5
33.5
26.75
32.0
29.25
29.5
33.25
29.25
31.5
32.75
28.0
32.75
27.5
43.5
53.75
76.0
81.92
87.13
89.025
90.31
96.0225
104.66
107.9525
108.605
99.8075
70.25
51.75
45.5
44.0
42.0
42.25
40.25
43.5
39.25
42.75
41.25
40.5
55.5
63.5
91.5
77.1375
108.75
109.5
93.3325
109.25
96.4175
98.995
98.0175
102.0
53.75
45.5
39.5
41.25
38.25
41.0
35.25
35.75
38.25
38.0
33.0
39.25
55.25
49.25
84.75
108.5
91.545
95.445
99.36
100.1475
99.5825
99.5425
100.525
93.1825
78.5
47.5
46.75
47.25
45.0
39.5
33.5
45.0
38.5
37.5
35.5
51.0
53.75
51.5
89.25
106.0
89.43
95.925
98.2
99.2025
100.3525
98.8025
96.2025
104.0
66.75
49.75
41.25
44.0
41.5
42.25
36.75
38.75
38.0
31.75
34.0
35.25
54.75
71.25
97.75
106.25
84.285
86.44
107.75
104.25
87.3925
107.75
108.0
88.75
52.0
33.25
33.25
34.25
32.75
35.75
32.0
34.0
35.0
32.25
31.75
31.25
29.25
34.25
31.75
37.5
40.75
38.25
42.25
36.75
33.25
34.25
58.5
59.75
39.75
31.25
36.0
37.0
36.0
37.5
36.5
35.5
33.5
35.75
38.25
36.5
33.25
37.0
35.5
38.25
37.25
35.75
36.75
39.25
50.25
66.75
64.5
56.0
45.75
44.25
41.0
44.75
48.0
44.5
43.75
49.0
44.5
42.25
36.75
43.0
44.25
57.5
86.25
109.5
87.11
91.29
90.6225
106.0
107.75
91.695
104.75
81.0
51.0
42.25
38.0
40.75
40.25
35.75
35.25
34.0
34.75
34.0
36.25
34.75
45.75
46.5
59.25
72.5
78.0
80.0
79.5
90.75
88.5
85.25
88.5
79.75
40.75
35.25
29.5
38.0
39.0
28.75
31.75
30.75
33.5
32.25
33.25
34.0
40.5
46.25
64.0
82.0
79.75
92.0
90.75
97.0
94.25
95.5
97.25
79.0
51.75
46.75
41.5
38.5
40.5
38.0
37.25
35.0
41.0
35.75
35.5
37.75
45.75
44.0
65.0
74.75
78.5
88.25
87.25
87.5
92.75
94.25
89.0
73.5
39.25
35.75
33.5
38.5
35.5
30.25
26.25
28.25
27.25
29.5
30.0
32.0
43.25
53.5
70.25
87.75
95.25
98.5
91.5
89.25
107.75
104.0
96.0
79.25
42.0
34.5
32.75
39.25
39.0
34.5
35.25
34.5
34.75
33.0
36.25
30.0
33.0
30.75
32.0
30.5
30.75
25.75
35.5
31.75
29.5
32.25
33.25
30.5
35.5
28.25
31.25
27.5
30.25
29.5
32.0
31.0
27.5
25.25
28.25
29.75
24.5
27.5
25.5
24.75
29.25
32.5
32.25
34.5
36.0
37.25
32.0
40.75
39.25
30.75
40.25
39.0
34.75
28.5
27.75
30.5
32.25
35.0
29.25
29.5
28.75
32.25
32.5
35.5
37.5
40.5
36.75
43.5
41.25
46.25
49.5
39.75
37.5
33.5
33.75
34.75
33.0
28.25
28.5
27.75
25.75
28.5
26.25
36.0
34.0
40.75
69.0
71.25
87.5
94.75
102.25
105.75
109.0
108.5
106.0
82.75
52.0
45.5
40.75
39.5
40.75
30.75
32.0
32.0
33.5
33.75
34.75
39.75
43.5
41.75
58.5
72.5
86.5
90.75
88.5
94.75
89.5
97.75
103.5
88.25
61.25
40.25
45.0
44.0
48.25
31.25
37.25
32.5
32.25
33.0
37.5
37.75
52.75
57.0
80.5
109.25
94.365
93.275
95.1025
100.6775
106.52
104.25
100.425
103.25
64.0
50.75
46.75
48.5
44.5
39.75
36.75
33.75
37.5
31.25
32.25
33.5
43.0
43.25
59.0
68.5
74.25
81.25
79.25
76.75
81.0
75.25
77.5
62.5
41.75
24.5
25.75
26.0
27.25
24.5
22.5
24.5
19.0
23.0
24.75
22.0
19.75
22.75
16.25
20.5
18.5
19.25
22.0
20.25
26.5
24.75
26.0
19.75
21.0
25.0
22.25
29.0
23.5
24.5
25.5
23.25
26.25
23.5
19.25
22.5
25.25
23.25
21.75
19.25
24.75
23.25
27.25
27.75
22.75
23.0
22.75
24.0
23.5
25.75
22.5
21.0
25.75
23.5
20.75
19.75
22.5
27.5
27.75
26.25
27.25
30.75
55.25
71.0
81.5
79.25
82.0
78.5
80.75
86.75
81.0
72.0
50.0
37.25
30.5
29.75
29.5
27.0
24.5
26.25
32.0
26.25
25.25
26.25
33.75
35.0
61.25
75.75
91.5
88.0
93.25
86.5
90.25
96.0
96.0
83.75
52.5
38.25
35.25
37.0
34.75
31.5
33.0
31.25
32.25
29.25
27.5
26.5
38.5
35.75
52.5
69.25
79.5
76.5
81.75
77.0
77.5
77.5
67.0
62.0
42.75
29.0
25.0
22.75
22.5
19.25
19.0
18.25
18.25
20.5
22.25
19.0
24.5
29.0
51.75
64.75
68.0
68.5
77.0
77.0
72.0
76.25
73.75
54.5
30.25
24.0
26.25
25.0
22.25
18.75
16.25
16.25
18.5
19.5
16.75
22.0
27.25
26.75
48.75
56.0
60.5
67.75
66.0
70.0
69.75
65.75
67.75
51.0
28.0
24.5
22.25
15.25
20.25
17.0
17.5
19.25
18.5
14.25
16.75
14.25
14.5
16.5
15.75
13.75
18.0
15.75
17.25
17.0
14.0
17.5
16.75
14.5
11.25
14.75
13.0
16.75
18.75
16.25
17.0
16.25
18.5
18.75
16.5
13.5
19.0
14.75
12.25
11.75
13.75
10.75
10.0
15.5
14.5
12.5
14.5
16.5
14.5
13.25
12.25
15.75
15.5
13.25
13.5
16.0
18.75
14.25
15.0
15.0
20.75
30.0
61.25
64.0
74.75
74.0
79.0
74.0
76.75
73.5
73.75
53.25
34.75
26.75
26.75
23.25
26.75
16.75
21.75
18.75
17.0
18.5
17.0
21.5
26.75
32.25
52.25
61.75
72.0
72.75
76.5
77.0
67.75
73.25
70.75
54.0
29.5
25.5
24.0
24.5
24.0
18.0
19.0
16.75
15.25
14.25
18.5
19.0
19.75
28.0
46.25
63.25
72.5
71.5
73.75
74.0
77.0
74.75
70.5
56.5
35.75
28.25
23.75
21.75
21.0
15.25
19.25
15.0
14.75
16.75
19.0
18.0
27.5
29.75
45.25
60.0
66.25
65.75
70.0
72.25
63.75
67.5
67.75
55.75
37.75
24.0
18.75
22.5
22.25
17.0
21.0
16.25
20.25
17.75
20.0
16.5
23.5
31.0
46.75
56.5
67.0
66.25
72.5
72.0
73.25
70.5
64.5
60.25
33.25
19.0
24.0
25.75
25.75
20.0
16.75
20.25
15.0
14.75
15.5
17.75
15.25
19.75
14.0
17.25
17.75
15.0
17.5
11.25
12.0
14.25
17.5
17.0
20.5
15.25
15.75
19.25
19.5
16.5
14.25
17.5
14.5
16.75
19.25
19.25
16.25
15.75
15.25
14.5
14.0
13.5
15.75
10.75
12.0
14.5
15.0
15.25
12.5
17.5
20.5
16.25
14.0
13.5
18.0
18.75
13.5
15.5
18.25
13.75
20.0
25.0
43.0
59.0
65.5
70.0
69.5
70.25
72.5
72.75
63.0
57.5
38.0
26.75
25.5
23.0
25.0
19.25
17.75
19.75
15.5
18.0
20.5
19.0
21.75
33.75
47.5
65.0
72.25
73.75
72.5
72.5
79.5
76.75
73.0
68.0
40.0
21.0
25.0
24.0
20.0
15.75
15.5
18.25
19.75
17.25
20.0
20.5
24.25
28.25
47.5
67.5
74.75
77.75
74.5
75.0
77.0
74.75
69.25
58.5
37.25
31.0
27.5
26.5
25.5
27.25
26.5
25.5
23.75
22.75
22.0
25.5
26.25
32.75
53.5
71.5
73.5
78.25
83.25
77.5
78.75
79.0
79.5
70.25
42.25
30.25
28.25
27.5
28.75
21.5
19.75
15.75
20.0
20.25
19.75
18.5
23.5
28.5
46.75
66.0
74.25
72.5
77.0
75.0
77.75
75.5
79.0
65.75
37.5
22.5
29.0
29.0
24.75
24.5
23.75
20.0
18.0
22.5
20.25
20.0
22.0
23.0
17.5
20.25
19.25
15.0
22.75
17.5
18.0
18.75
20.25
23.5
18.5
20.5
19.5
20.5
21.75
24.0
18.5
22.0
23.25
20.75
22.5
19.75
18.0
23.25
19.5
20.0
20.0
16.75
18.75
22.5
19.5
20.5
26.75
19.25
23.25
18.0
23.75
23.0
25.0
21.5
24.25
22.75
20.0
21.0
21.5
24.25
29.25
28.75
52.75
71.0
79.75
81.0
80.0
81.5
83.25
83.5
77.25
62.0
37.5
35.25
30.75
29.75
29.0
22.75
26.25
20.75
20.75
19.0
17.25
17.0
23.25
34.75
55.25
74.5
76.25
77.25
84.75
77.0
72.5
73.75
69.5
55.5
34.5
24.75
22.25
20.0
22.75
21.0
15.0
17.5
14.25
20.25
20.0
16.25
23.25
25.25
52.75
66.25
80.5
74.0
77.5
79.25
76.25
77.75
73.0
62.75
37.25
23.5
23.25
25.5
20.0
15.75
20.75
20.25
18.5
20.75
18.5
17.75
24.0
33.5
54.0
67.25
71.25
73.5
71.75
71.5
70.0
69.5
70.25
57.0
37.5
25.0
26.75
26.0
24.5
18.25
18.5
18.5
15.75
16.5
18.75
21.75
25.5
28.75
44.5
63.5
70.0
73.5
76.0
73.5
71.5
65.25
61.75
53.75
33.25
16.75
20.75
22.5
16.5
16.75
13.75
18.0
18.0
17.75
18.5
18.25
17.5
18.0
17.5
16.0
14.25
17.0
17.75
17.75
13.5
13.75
17.75
16.0
11.75
13.25
18.75
18.25
16.0
14.0
18.5
18.25
18.0
19.0
16.0
15.75
14.25
20.0
18.0
21.25
19.25
11.5
12.25
15.5
12.5
12.25
12.5
15.5
16.25
15.5
19.25
20.0
18.75
18.25
18.25
19.0
14.25
13.75
17.5
18.75
24.75
34.5
60.0
74.25
73.5
79.75
79.75
81.5
80.75
78.0
67.5
53.25
39.0
28.75
30.5
29.0
23.25
18.0
18.25
18.75
16.25
14.0
18.5
19.25
29.5
35.5
54.25
73.25
78.0
85.25
84.5
74.25
74.75
71.25
70.75
58.5
30.0
23.5
26.25
24.5
22.25
19.75
17.25
19.25
19.5
21.75
17.25
19.0
24.5
32.75
48.75
69.0
73.5
74.0
73.75
67.75
74.25
67.5
68.25
52.5
36.0
24.0
26.5
23.75
24.25
19.25
15.25
19.25
15.0
19.25
17.0
20.0
23.0
29.25
45.0
65.0
65.0
66.75
66.5
63.75
66.25
66.75
63.5
50.25
28.25
20.25
21.5
23.5
21.75
20.25
17.5
16.0
15.5
15.5
15.25
16.0
26.75
27.25
44.0
62.0
65.75
65.25
62.25
67.0
69.0
68.5
63.0
45.75
28.25
18.25
23.25
23.0
20.25
18.0
17.75
17.5
15.5
18.25
19.75
14.75
21.75
16.0
15.25
14.0
15.75
18.75
17.25
18.5
18.0
13.5
18.25
15.25
15.5
14.25
17.0
19.0
17.25
14.5
14.25
14.25
14.25
15.0
18.0
17.25
14.25
14.5
15.25
14.75
14.0
11.75
11.75
14.5
14.75
12.25
14.0
14.0
14.0
12.25
14.75
14.5
14.5
14.5
14.25
18.75
16.25
18.75
14.0
15.5
23.5
26.25
43.75
63.25
68.0
67.75
66.5
64.75
65.25
67.5
65.25
52.5
37.5
28.25
26.5
25.25
21.25
18.0
19.75
19.75
17.25
20.0
22.5
20.5
25.25
27.5
50.25
64.5
66.0
69.75
68.5
70.75
71.5
69.25
67.25
54.75
30.0
26.5
26.5
27.75
23.25
23.0
22.5
22.25
20.75
23.5
24.75
24.0
28.0
25.0
50.75
65.25
70.25
66.75
69.75
65.5
62.5
65.0
66.25
54.75
40.25
27.75
27.5
25.5
27.5
24.5
19.25
25.75
22.25
22.0
20.0
26.0
28.25
33.5
47.25
66.75
70.0
67.75
63.75
64.25
63.5
62.5
65.0
49.25
33.5
27.0
23.75
24.5
19.75
20.25
20.75
19.25
21.25
17.0
17.0
17.5
27.0
27.25
45.5
60.75
60.0
57.75
60.5
60.25
61.75
60.25
56.0
46.75
25.5
22.5
24.0
23.25
19.5
21.25
16.25
21.0
16.25
18.25
18.5
19.0
19.0
18.5
17.75
15.75
15.5
15.75
15.0
17.5
16.5
13.75
18.0
16.0
16.25
21.25
18.5
17.0
20.25
19.0
18.5
16.5
18.5
18.75
16.25
18.5
19.25
18.5
17.75
16.25
18.0
13.75
16.25
18.25
16.75
17.75
17.0
17.0
16.25
14.75
19.0
21.0
16.75
18.75
16.0
18.25
18.0
18.0
18.25
20.5
22.5
26.25
44.75
63.25
63.25
66.5
64.75
65.5
63.5
64.5
61.75
50.5
32.5
28.5
23.75
21.5
21.5
20.25
17.25
17.75
19.5
15.0
19.25
15.5
21.5
24.5
51.0
64.5
67.25
65.5
71.0
66.25
66.25
65.25
63.0
56.0
32.0
24.75
25.5
26.0
23.5
19.5
17.75
17.75
15.5
20.0
17.5
18.25
25.75
27.0
49.0
69.0
71.25
72.75
70.5
68.0
62.0
61.75
61.75
57.5
28.25
19.25
24.25
22.75
27.0
19.5
21.0
18.75
21.5
16.5
21.25
22.0
25.75
26.75
49.0
63.0
66.75
62.0
68.5
64.5
62.25
65.25
65.25
52.25
26.25
26.0
25.0
23.0
25.0
16.5
17.0
17.25
14.75
18.75
17.75
19.5
20.25
29.0
45.0
54.0
58.5
62.5
62.75
56.5
62.25
58.75
57.75
50.5
31.5
23.0
21.5
19.0
22.25
16.0
18.25
20.75
15.0
17.75
16.0
18.0
20.25
17.5
19.75
12.0
14.75
12.25
14.75
12.25
15.0
15.0
14.75
14.5
14.25
16.5
17.0
19.75
14.75
17.5
15.25
19.0
14.75
16.75
16.5
17.0
19.75
17.5
16.5
13.75
12.25
12.0
14.5
14.25
13.0
15.75
18.5
13.0
16.75
16.5
20.25
15.0
15.25
18.0
15.25
17.5
17.5
17.5
17.0
20.5
24.5
30.5
51.25
61.5
66.3333333333
67.75
65.5
66.25
69.75
68.25
62.75
52.5
29.25
22.25
27.0
23.5
22.25
19.5
17.75
16.75
17.0
17.5
17.0
18.25
21.25
23.75
49.25
57.0
68.0
69.9875
65.3333333333
64.5
67.25
64.5
64.0
51.0
31.75
28.25
27.0
26.0
25.75
19.75
20.25
20.5
22.0
18.5
21.0
19.25
29.75
30.25
52.5
50.25
49.0
51.5
59.0
69.5
68.75
69.75
64.75
56.75
35.25
27.75
26.0
26.5
24.5
17.5
20.25
18.75
17.0
19.0
16.75
19.75
27.5
29.5
44.25
60.0
68.75
67.5
71.75
64.25
67.5
68.25
62.5
55.0
31.25
31.25
23.5
25.25
20.5
21.0
21.5
19.75
21.25
22.5
18.75
23.0
26.75
27.0
49.0
60.25
68.25
69.0
73.25
65.25
69.75
65.5
61.25
52.25
26.75
24.75
23.5
22.75
21.0
17.0
16.0
16.75
15.5
17.5
17.75
20.5
17.75
18.0
17.75
12.5
15.25
12.5
16.0
15.25
16.5
16.0
12.25
14.5
16.5
17.25
17.0
18.25
16.0
15.5
18.0
15.5
17.75
17.75
17.0
17.5
17.75
17.5
16.0
16.75
18.25
14.75
20.25
16.25
17.5
19.0
18.25
17.5
16.25
20.0
16.0
19.5
18.0
18.0
15.25
17.0
17.75
16.5
17.0
18.25
17.5
21.25
31.5
50.25
62.25
67.0
68.75
65.0
66.25
62.0
60.25
56.25
49.75
31.25
27.5
24.5
26.75
23.75
19.75
19.75
18.5
19.0
20.0
18.5
20.25
28.5
37.0
53.5
58.0
59.5
58.75
61.5
63.75
56.5
58.0
57.75
49.25
28.25
27.5
26.75
21.0
20.25
19.0
15.5
18.75
16.0
18.75
18.75
19.0
21.75
29.25
48.25
60.5
63.75
67.25
67.75
71.25
70.5
67.25
64.25
56.25
38.25
24.0
26.75
28.5
24.0
21.5
20.25
21.25
18.25
19.0
17.5
19.75
28.0
28.25
52.25
62.0
64.75
64.0
67.0
71.75
66.25
69.0
64.5
53.75
32.75
28.25
25.5
29.5
21.5
22.5
21.5
18.75
20.5
21.5
18.5
21.75
25.0
27.75
45.75
60.25
60.75
65.75
71.75
66.5
69.5
62.5
62.75
47.25
33.5
23.0
20.75
22.75
20.75
18.5
16.25
17.25
19.0
18.75
15.0
18.0
19.25
18.5
15.75
15.5
19.0
13.5
15.25
18.5
17.75
15.75
19.5
16.75
17.0
18.25
16.0
20.25
14.5
15.75
14.25
17.5
14.75
18.0
17.0
17.5
16.75
16.75
15.0
18.0
15.25
13.25
16.5
15.75
15.75
13.25
16.25
16.5
19.25
17.25
16.25
18.75
17.0
14.25
15.25
15.25
16.5
18.0
17.25
17.25
25.0
31.25
49.5
65.5
72.25
74.0
73.25
74.75
69.75
69.0
63.0
50.25
40.75
28.0
27.0
23.25
26.5
17.0
18.5
20.75
19.25
19.25
19.25
18.75
25.5
31.0
51.75
60.25
62.25
66.0
67.0
67.25
70.25
71.25
67.75
52.5
33.5
25.0
22.0
24.75
19.75
22.0
20.5
19.25
22.5
19.25
20.0
20.5
26.0
36.25
55.0
68.25
72.0
70.5
66.75
72.5
78.25
71.25
73.5
54.75
33.5
32.25
29.5
26.25
27.0
22.75
22.75
19.5
21.0
19.5
21.0
23.75
25.25
36.75
52.25
63.25
72.5
71.75
73.0
71.5
67.0
69.75
67.5
51.75
38.25
28.75
26.0
27.5
25.5
19.5
23.5
16.75
21.0
19.75
18.75
22.5
28.25
28.0
51.0
60.0
65.0
68.5
65.25
65.5
67.75
65.5
60.5
52.0
28.5
24.75
23.25
25.0
22.25
21.5
20.0
19.0
19.25
17.0
19.25
16.5
19.5
19.0
17.0
18.75
15.75
18.75
14.75
18.5
14.25
17.25
17.0
13.25
20.0
20.5
17.0
20.25
16.75
19.0
19.25
16.25
20.75
22.0
16.25
19.75
21.5
22.75
19.25
20.0
17.25
13.75
17.0
13.75
16.75
15.75
16.75
18.25
20.0
19.5
17.0
17.75
18.5
18.0
17.75
21.5
15.75
19.0
16.25
22.5
24.5
30.0
49.75
66.75
69.75
68.25
71.0
70.5
68.5
70.75
64.0
51.5
42.75
35.25
31.5
31.0
26.25
26.75
21.75
24.0
24.0
22.25
24.25
21.5
26.5
26.75
54.25
67.25
71.0
69.0
71.0
74.25
68.0
66.5
64.0
54.5
34.75
27.75
26.25
23.5
24.25
25.75
22.75
20.5
23.0
22.0
20.5
24.5
23.25
36.25
58.75
69.0
72.75
71.25
76.0
76.5
74.75
69.75
68.5
51.25
36.0
27.25
27.5
29.25
29.0
26.75
25.25
25.25
26.25
22.75
27.0
22.75
27.75
36.5
51.25
70.25
68.0
69.25
70.0
67.25
69.0
65.25
64.0
55.5
38.5
25.75
26.75
24.0
23.5
20.5
22.75
17.5
20.0
18.75
22.25
20.75
28.5
28.0
47.25
58.5
63.75
66.0
67.5
75.5
69.5
69.0
58.0
49.5
31.5
29.5
24.5
23.75
25.25
17.5
19.0
15.5
18.25
17.5
14.5
18.0
16.75
16.0
18.5
15.0
14.75
14.25
15.5
14.0
15.5
11.75
14.75
16.25
17.5
18.25
17.0
17.5
18.0
17.0
17.5
20.0
15.25
15.75
19.75
17.0
20.75
17.25
16.25
12.25
13.5
13.25
11.0
12.0
14.75
13.75
14.0
15.0
18.0
18.0
19.25
14.5
17.75
16.5
17.75
17.0
14.75
18.0
17.0
18.0
24.5
24.25
49.0
62.5
66.75
71.25
66.5
70.0
71.25
66.25
65.0
48.75
37.5
27.5
26.0
25.75
22.5
21.25
19.75
20.25
17.0
20.25
20.25
20.75
22.75
32.0
53.25
60.5
63.0
64.0
66.25
68.5
66.5
66.25
63.5
48.5
36.75
27.75
21.75
23.5
25.5
18.75
23.0
20.5
17.25
19.75
20.25
20.5
22.0
31.75
49.5
57.25
63.5
64.25
66.25
63.25
64.75
53.5
41.75
31.0
26.5
24.5
27.25
26.25
23.5
21.25
19.75
21.25
20.0
18.25
22.5
23.75
18.75
25.0
27.0
27.25
27.25
30.5
27.5
24.75
27.0
29.5
25.75
23.5
24.25
19.25
23.75
19.0
24.0
20.0
18.5
21.25
20.75
19.0
21.25
20.5
21.0
22.5
31.5
27.5
27.5
29.25
27.25
24.5
28.75
27.5
27.25
23.25
22.25
19.75
22.0
21.75
20.0
21.25
21.25
18.0
20.0
18.75
19.75
23.25
17.5
20.5
18.25
15.5
17.0
17.25
18.5
18.25
14.5
18.0
16.5
17.75
18.75
19.75
17.75
18.75
20.5
22.25
20.5
20.0
21.0
21.25
19.75
21.5
21.0
21.0
19.0
17.75
17.25
24.5
18.5
18.0
18.75
19.75
18.5
19.25
20.75
21.5
21.0
20.5
21.0
20.75
19.25
20.25
20.25
20.0
20.25
22.75
20.75
29.0
57.25
69.0
76.75
68.0
73.25
71.5
70.5
69.75
68.5
54.75
40.25
35.0
33.75
32.25
31.0
27.0
27.0
26.25
26.25
26.25
25.25
26.25
28.5
31.25
53.75
70.75
69.25
71.25
76.25
74.5
69.75
68.5
64.25
57.0
40.25
34.25
27.0
25.5
25.5
19.75
20.5
18.75
20.5
20.5
20.5
22.5
23.0
30.0
54.25
67.75
70.25
66.75
69.25
75.25
73.25
69.0
70.25
58.0
41.25
37.25
33.0
31.25
30.5
25.5
25.75
27.75
22.75
25.25
26.25
25.25
27.25
36.5
50.5
72.0
69.0
67.0
71.75
72.0
73.0
67.75
64.25
52.5
34.75
30.75
28.25
28.0
25.0
22.75
18.75
21.75
19.5
21.75
19.0
20.25
30.5
36.0
51.0
65.75
65.0
66.25
70.5
68.25
67.75
67.75
64.25
52.5
30.75
26.25
25.5
25.75
23.5
18.75
19.75
20.75
19.25
20.25
19.0
17.5
22.0
18.0
21.25
14.75
19.25
15.75
15.25
21.0
16.25
19.0
18.25
20.75
20.0
19.25
19.5
17.25
20.0
19.5
19.5
19.5
20.0
20.25
19.75
19.75
19.0
20.5
22.5
18.5
17.75
15.25
17.25
16.5
15.5
17.0
14.5
19.75
19.5
23.75
20.75
22.25
23.0
16.75
19.5
17.25
19.75
18.25
19.5
19.25
22.75
33.5
48.75
75.0
67.25
74.75
73.0
71.0
69.25
69.0
64.25
52.75
34.5
31.5
29.25
31.5
28.25
21.25
25.5
22.75
22.25
22.5
23.0
22.0
27.25
30.75
55.5
66.25
70.5
72.25
77.5
79.5
74.75
71.0
68.75
58.25
39.5
26.5
30.0
24.25
29.75
20.75
21.5
21.0
19.75
21.5
23.25
21.0
26.5
29.25
60.75
74.5
75.5
75.5
78.0
77.25
76.25
71.25
66.5
58.0
40.0
32.0
28.0
30.75
25.5
21.0
22.75
21.0
23.5
19.0
23.75
21.0
26.0
32.0
52.75
64.0
63.5
63.25
67.25
63.75
63.0
62.5
58.0
50.25
32.0
29.0
30.25
27.0
23.5
23.75
21.75
23.5
24.5
19.0
22.5
21.5
27.5
38.0
48.75
58.25
66.0
64.75
58.75
63.0
64.5
66.5
64.0
50.5
34.5
27.75
29.5
21.25
21.0
19.5
16.5
19.5
16.25
19.0
19.5
18.5
19.25
17.0
19.5
20.0
23.25
21.25
20.25
24.0
22.5
20.5
22.25
25.25
23.25
22.5
25.5
24.25
24.0
25.0
24.0
27.0
25.75
23.5
22.75
26.75
23.75
23.0
25.25
21.0
25.0
24.0
21.5
18.0
17.75
21.0
16.75
17.5
21.25
19.0
19.25
22.25
18.75
18.5
17.5
20.25
16.5
18.75
19.0
19.75
26.75
27.75
47.0
58.0
61.5
63.0
61.5
62.5
69.75
69.75
65.0
55.0
34.5
32.75
32.5
28.5
27.25
21.0
20.75
18.5
20.0
21.5
18.25
23.75
22.25
31.5
51.75
70.0
70.75
72.0
77.25
73.25
73.25
70.5
63.25
53.0
35.5
32.5
28.25
24.5
28.5
22.25
21.25
17.5
22.0
21.25
21.25
20.0
25.25
31.75
54.5
68.5
68.25
65.75
66.25
66.25
68.25
65.25
58.0
47.25
38.0
30.25
29.25
31.5
28.5
21.75
20.75
20.75
20.75
20.75
18.5
23.75
23.75
29.75
57.25
70.0
68.25
67.5
71.5
70.0
68.25
50.0
40.5
33.25
31.75
28.75
29.25
27.75
27.0
22.75
20.25
21.25
24.25
18.0
23.0
21.25
23.25
32.25
51.0
58.75
65.0
65.75
66.75
63.5
61.75
58.75
54.5
45.5
26.75
23.25
22.0
19.0
20.5
20.25
18.75
19.5
16.75
21.75
16.5
22.5
18.25
22.75
19.0
16.25
16.5
15.5
16.25
17.25
15.75
19.25
14.0
19.0
19.75
17.5
19.75
20.0
20.25
19.75
19.0
19.75
20.0
20.0
18.25
17.5
20.5
20.75
20.25
15.5
18.5
16.25
14.25
15.75
16.75
19.5
19.75
22.25
21.25
21.5
20.75
20.75
19.25
21.25
20.25
21.5
18.5
21.5
20.25
21.75
23.75
30.5
48.0
54.5
63.0
60.5
57.5
63.75
61.25
58.5
60.75
45.75
30.75
27.0
21.25
23.5
23.75
18.75
21.75
20.25
20.25
20.25
22.0
21.5
26.75
31.0
50.75
58.25
56.25
61.25
63.25
62.5
63.0
61.25
53.75
46.0
26.75
22.5
24.25
21.0
20.25
20.5
18.75
20.25
20.0
21.25
20.25
16.75
22.5
29.75
43.0
54.75
57.75
57.25
53.0
41.75
42.75
31.75
31.0
28.75
21.0
18.0
23.5
19.5
17.5
21.25
20.25
22.0
18.25
19.75
24.0
19.75
23.5
19.5
22.5
17.25
19.75
19.25
17.5
20.25
18.25
20.75
17.0
19.0
21.75
23.5
20.5
22.0
21.0
22.0
20.25
22.75
20.0
19.75
21.25
22.0
21.75
22.75
22.0
20.0
20.5
18.25
21.25
19.75
19.75
19.75
20.0
17.0
19.5
21.5
21.25
22.5
21.5
22.0
21.75
20.5
19.0
17.25
19.0
18.5
19.25
18.25
18.5
15.75
15.75
16.5
15.0
16.75
15.25
15.5
16.25
15.75
19.25
21.5
16.5
22.5
19.25
20.25
19.0
19.75
22.75
19.75
19.25
20.25
20.0
21.0
20.0
18.75
17.5
14.5
16.25
20.5
19.25
18.25
19.5
16.5
21.75
20.75
20.25
24.5
20.25
19.75
20.25
19.5
18.75
19.75
19.75
21.0
27.0
28.75
50.5
58.75
64.25
64.5
62.5
63.0
58.0
62.25
60.25
43.0
29.0
28.5
26.25
25.75
28.25
22.0
23.75
25.5
24.0
26.75
24.25
22.0
25.25
28.75
46.75
56.0
67.75
64.75
71.25
66.75
61.0
63.0
61.75
42.5
25.25
24.25
19.0
23.75
23.75
18.75
20.5
20.5
18.0
20.5
21.25
21.0
25.5
32.0
47.75
60.25
58.75
62.75
61.25
62.5
58.0
45.25
34.75
29.0
23.5
24.5
24.75
20.5
23.0
23.5
21.25
24.25
21.0
26.0
21.25
24.0
24.0
24.5
26.0
19.25
24.25
19.0
21.25
18.75
20.75
20.75
23.75
19.5
24.25
23.5
23.5
26.25
21.75
24.5
24.0
23.0
21.75
24.0
26.0
21.5
23.5
23.75
26.75
20.5
21.5
23.75
20.75
21.0
21.25
21.25
21.5
21.5
24.0
21.5
23.5
24.25
23.5
24.25
21.5
21.0
21.5
19.0
20.75
19.0
20.75
20.0
20.75
18.5
20.5
18.25
17.25
18.5
16.25
16.75
17.5
21.0
21.0
21.25
21.25
20.75
21.25
23.0
19.0
22.0
21.5
21.75
19.5
24.0
21.25
25.0
20.75
23.75
19.75
17.25
17.5
14.75
19.75
15.0
19.75
17.5
20.75
21.0
20.75
20.75
20.0
23.5
19.0
18.5
22.75
21.0
18.5
21.25
25.75
31.75
55.25
68.75
69.5
66.5
69.25
67.5
69.5
67.5
64.5
49.0
27.75
26.5
23.0
23.0
18.75
18.0
22.0
19.5
20.5
22.75
20.0
20.25
24.5
31.25
50.5
68.75
64.0
69.0
73.75
69.75
69.5
68.5
67.0
45.25
28.25
22.0
26.0
20.5
23.25
23.0
22.75
20.25
22.5
20.0
18.25
20.5
21.5
32.0
52.0
65.25
65.25
64.75
59.0
61.25
67.0
64.75
59.0
46.0
34.25
29.75
29.25
30.5
27.0
27.75
26.75
23.0
25.25
24.5
24.25
27.25
24.5
30.25
55.0
67.75
70.5
68.5
69.25
70.5
64.25
67.75
63.0
47.0
32.5
26.75
22.75
22.0
23.75
21.25
18.25
22.25
20.5
20.25
22.75
20.75
26.0
28.0
55.0
63.75
61.0
63.75
68.25
67.75
69.5
65.75
59.75
49.25
25.0
20.0
21.5
21.5
21.0
20.25
19.5
17.0
21.75
22.75
22.0
19.75
17.5
20.0
22.25
14.5
14.5
16.75
16.0
15.0
19.5
15.0
19.25
15.0
18.75
19.5
21.0
20.0
17.25
19.75
18.5
19.25
17.0
19.0
19.5
17.0
16.75
18.75
19.75
16.25
16.25
15.75
16.25
13.75
19.0
17.5
14.25
16.75
19.25
16.25
21.25
18.25
18.25
18.5
16.75
20.75
16.25
20.75
17.0
21.0
20.75
28.25
54.5
65.5
70.0
66.25
66.5
66.0
72.75
70.75
60.75
48.75
33.0
25.75
22.0
21.5
19.75
20.25
20.5
17.5
20.5
20.0
20.0
18.25
28.0
34.75
59.0
72.5
74.0
72.0
71.0
71.0
70.0
69.25
61.75
51.5
28.75
26.0
20.25
21.75
20.0
18.5
23.25
21.25
23.5
20.75
23.75
19.75
24.5
32.25
49.5
61.0
69.0
68.5
69.5
67.25
67.5
65.25
65.25
53.75
36.0
31.25
23.5
22.25
27.5
23.0
17.75
19.5
21.75
19.75
23.0
20.5
26.0
34.5
55.5
67.75
68.5
67.0
69.75
66.25
66.5
65.5
63.75
47.5
27.5
25.0
24.75
27.0
23.5
22.25
24.5
22.5
21.75
22.5
20.0
20.25
26.75
32.75
51.25
59.75
64.0
69.0
69.75
69.25
62.75
61.5
58.5
45.75
30.75
21.5
24.5
21.25
19.25
20.0
20.0
18.5
19.25
20.5
20.5
18.25
20.0
20.25
21.75
16.75
18.0
13.75
17.75
16.75
17.75
13.75
14.25
19.5
17.0
20.25
19.25
18.0
21.5
20.75
19.75
19.75
20.0
19.25
20.0
20.5
18.0
21.25
18.25
21.0
16.0
13.75
17.5
13.25
19.0
16.5
15.75
17.0
16.75
19.5
17.5
19.5
20.0
19.75
22.75
23.25
21.0
23.25
23.0
22.75
23.0
20.5
24.0
20.75
20.75
20.5
20.0
20.5
18.0
19.75
16.25
18.25
21.25
20.75
21.5
20.25
24.0
23.0
21.25
22.5
20.0
20.25
20.0
21.0
25.25
31.75
54.0
71.0
72.0
72.5
72.25
71.75
68.0
71.0
65.75
55.0
35.75
25.5
21.5
24.5
24.25
20.25
22.25
19.5
21.25
17.25
20.0
20.0
26.75
31.0
56.0
69.0
74.0
68.75
73.5
69.5
72.75
73.75
68.0
56.5
34.75
31.0
27.25
26.75
25.75
25.0
18.75
18.5
18.75
20.75
18.75
20.5
20.5
30.25
54.5
64.75
65.0
66.75
70.75
68.25
69.75
65.75
67.25
52.5
32.0
27.25
28.25
27.25
23.0
24.75
20.25
20.25
17.75
22.75
20.5
23.5
24.0
29.75
52.0
65.0
67.5
70.25
70.0
68.25
66.25
61.75
63.75
51.5
31.5
27.75
28.75
27.25
25.25
24.5
17.75
20.0
20.0
15.25
20.0
16.0
20.5
17.25
18.25
19.25
13.5
16.75
15.25
18.75
16.0
12.5
19.0
13.75
19.5
19.5
18.75
19.75
20.0
19.0
19.75
18.0
20.25
18.75
17.5
19.25
19.75
17.75
17.75
16.5
19.5
14.75
16.75
14.75
19.75
17.25
17.0
18.0
17.5
19.75
18.25
19.75
20.75
17.75
20.0
21.0
20.0
21.75
18.0
22.25
25.0
29.0
51.5
71.0
69.0
70.5
68.5
69.25
68.5
66.25
65.75
51.25
40.75
43.5
36.25
33.5
30.5
32.0
35.5
33.75
33.0
25.5
30.75
29.5
24.5
31.25
51.0
67.0
67.0
68.0
67.25
69.0
67.25
64.75
65.5
49.25
36.5
32.0
29.75
26.5
27.25
20.25
20.0
20.25
21.0
21.0
21.0
23.0
25.0
29.5
58.75
66.25
69.75
68.0
66.75
68.0
66.25
69.0
69.0
52.5
37.5
26.75
28.0
25.75
23.0
20.5
16.75
19.75
18.0
17.75
18.0
20.0
24.0
29.25
56.0
59.5
66.75
65.5
67.75
69.0
66.25
66.0
63.25
49.25
32.75
28.25
28.0
28.75
27.25
24.5
20.5
20.25
20.5
19.75
20.5
21.0
24.25
30.0
52.5
63.0
66.0
67.75
64.0
66.25
67.5
65.5
61.0
50.75
35.0
20.75
21.0
20.5
21.25
16.0
19.5
18.0
19.5
19.75
18.75
18.5
19.5
21.25
16.75
15.5
13.5
16.25
18.25
13.5
19.0
16.0
16.75
18.75
18.5
20.0
17.75
20.5
17.75
20.25
21.5
20.0
20.0
19.75
19.0
18.75
19.25
21.5
20.25
18.0
18.5
15.5
15.25
15.75
15.5
14.75
17.5
20.0
18.5
17.25
19.25
19.5
21.75
16.5
19.0
16.5
19.0
16.75
19.25
19.0
26.5
31.25
52.0
65.5
72.0
68.75
71.5
67.75
67.5
70.5
63.25
56.5
36.75
31.0
31.25
30.75
31.0
23.5
22.25
22.0
19.25
19.5
19.75
25.25
24.25
31.25
50.25
64.0
71.25
72.25
66.5
69.25
68.0
65.75
66.25
52.5
39.0
32.5
26.0
27.75
29.75
23.75
20.75
18.25
21.0
22.75
20.0
19.0
28.75
36.0
51.25
65.75
69.0
68.5
64.5
65.0
67.25
66.75
64.5
53.5
40.0
31.0
28.75
29.0
25.75
21.5
22.25
18.25
20.5
20.25
18.5
23.25
27.5
33.25
52.5
66.0
62.75
70.0
67.5
71.75
65.5
66.25
65.25
51.75
39.25
34.5
32.25
33.75
28.5
27.5
19.75
22.25
20.25
22.25
22.5
20.75
31.75
29.75
53.5
60.75
69.25
63.5
67.0
64.5
69.25
62.5
60.5
52.0
32.0
30.0
29.0
27.75
27.5
26.0
20.0
20.0
19.75
20.75
20.25
20.5
17.5
22.0
18.75
14.75
17.75
15.0
19.25
17.5
19.0
17.0
14.0
18.25
15.0
19.75
19.5
19.0
19.0
19.0
19.75
19.25
17.0
17.5
16.5
19.25
20.0
21.75
19.5
19.5
15.0
18.0
15.5
17.0
19.25
17.75
14.75
17.25
17.75
19.25
19.25
19.25
19.0
19.75
19.5
19.75
19.75
18.75
16.75
19.75
28.25
32.0
54.5
68.75
73.5
63.75
68.75
68.25
63.5
66.0
65.0
49.0
33.75
33.5
32.75
24.75
29.75
26.0
21.0
17.0
20.0
21.75
17.25
23.25
24.25
32.25
55.75
65.0
63.5
71.0
68.25
70.0
72.25
75.25
70.25
53.0
34.0
33.0
29.0
26.75
23.25
24.25
20.25
17.5
20.25
20.25
19.0
19.75
24.75
31.0
53.5
67.5
70.25
71.0
70.5
68.5
69.0
71.25
67.5
52.25
38.25
37.5
30.75
29.5
30.25
20.25
21.25
21.25
21.0
21.5
23.5
19.5
29.75
28.5
53.75
68.0
74.25
72.5
73.25
72.75
74.0
72.25
70.25
55.25
32.5
32.5
27.25
27.5
30.25
24.0
22.5
22.5
22.25
22.0
22.75
24.75
28.25
31.25
49.0
62.5
73.0
66.75
67.75
72.25
70.75
62.75
69.5
49.25
32.25
30.0
26.0
26.5
23.75
20.5
19.5
19.5
19.0
22.25
20.0
17.75
22.0
19.75
15.5
16.75
15.25
17.25
18.25
18.25
15.75
17.75
18.25
17.0
20.25
20.5
19.25
19.5
19.75
16.5
19.25
17.0
19.5
20.0
19.5
21.5
19.25
20.5
19.0
20.25
17.5
19.5
14.0
19.5
19.75
17.25
20.5
18.75
17.75
22.5
17.5
22.75
18.75
20.0
20.25
21.75
19.5
21.75
18.0
22.0
29.75
29.25
57.75
72.25
71.25
74.5
73.0
70.5
66.0
72.0
68.25
52.75
34.25
34.25
29.0
25.0
27.25
26.0
26.25
26.75
23.25
20.75
23.5
24.0
26.75
32.5
55.5
64.25
68.75
73.25
69.5
74.25
76.75
70.25
69.25
56.0
36.5
30.75
27.75
25.75
29.5
26.25
24.0
18.5
22.0
21.25
19.0
23.25
28.75
29.25
51.75
63.0
71.75
74.0
73.25
72.5
67.75
71.75
67.0
49.75
34.0
37.5
33.25
31.0
32.75
26.25
26.75
25.0
27.5
27.0
24.25
23.25
28.25
30.25
54.75
68.0
70.75
71.75
68.5
73.0
74.0
75.0
69.0
51.25
33.25
26.0
25.0
22.0
19.25
21.25
20.75
23.25
21.25
18.0
20.75
21.0
24.5
33.75
44.5
71.5
69.5
70.75
70.25
67.5
64.75
66.25
64.5
50.5
27.75
28.5
25.0
22.0
22.25
22.0
18.0
19.75
20.25
20.25
22.0
20.0
19.75
19.75
16.5
19.5
17.5
17.0
18.75
14.25
16.75
15.25
19.25
24.0
19.5
22.75
22.25
20.25
20.25
17.75
22.5
20.25
20.25
22.25
17.75
18.0
19.75
22.0
20.25
20.5
17.25
19.0
19.5
14.5
16.0
20.5
18.75
16.0
21.0
27.0
23.25
23.0
22.0
21.5
19.75
20.75
18.75
23.75
19.75
23.25
25.75
39.25
59.5
70.75
74.25
70.0
72.75
73.75
74.5
72.25
72.25
58.0
37.5
33.75
25.0
27.0
18.75
22.0
21.25
17.0
19.25
19.25
17.25
21.5
23.0
28.75
54.75
66.75
69.25
72.0
74.0
74.0
72.5
73.0
68.5
61.5
34.75
29.25
29.25
31.75
25.0
22.75
25.0
24.75
19.5
24.25
20.0
25.5
28.5
33.0
61.0
72.5
69.75
72.25
72.0
71.25
70.0
70.5
70.0
53.0
33.75
28.0
24.75
26.75
29.0
22.0
21.75
21.75
22.0
22.0
19.5
21.5
30.25
35.25
56.5
71.25
74.0
75.25
71.0
69.5
71.0
69.5
64.5
55.5
36.5
29.5
28.75
29.0
26.5
29.0
23.5
21.0
23.5
26.0
21.0
23.25
30.25
32.25
47.75
60.25
67.5
67.75
63.25
70.25
69.5
68.5
63.25
54.5
35.5
27.5
27.75
27.75
27.25
25.25
18.75
21.0
23.25
21.0
21.0
19.0
21.0
21.0
18.5
15.5
17.5
18.0
18.0
18.0
18.25
15.5
19.75
18.0
17.5
18.75
21.0
21.5
19.0
21.75
21.0
21.25
21.0
20.75
21.0
23.0
20.25
22.25
19.75
21.25
16.5
15.0
16.75
17.5
15.0
17.5
20.5
19.75
19.0
21.75
22.75
19.75
23.75
21.25
21.25
20.0
19.5
19.75
21.5
20.5
23.75
34.5
54.75
69.5
69.0
70.5
69.5
71.0
72.5
73.5
68.5
56.5
32.25
29.75
30.5
32.0
29.0
24.0
21.75
21.5
18.75
23.5
19.0
20.75
28.0
32.0
54.5
66.0
70.75
71.5
67.0
71.0
70.75
72.0
70.0
58.5
36.5
30.25
30.5
29.5
27.5
27.75
23.75
24.25
24.0
23.75
24.0
22.25
28.25
34.5
53.5
69.75
69.75
70.25
70.75
71.0
69.25
71.5
69.5
54.0
38.0
33.0
29.25
27.75
25.25
21.5
23.75
23.25
23.5
21.0
24.0
23.5
29.5
35.75
51.25
68.0
69.0
68.5
67.75
72.5
68.75
67.0
63.0
54.25
31.0
30.75
27.5
24.0
26.75
25.25
20.75
21.25
18.0
21.0
19.25
21.25
27.75
28.5
50.5
62.0
66.25
67.75
59.0
65.5
64.75
62.25
58.5
49.0
29.0
26.5
22.25
24.0
23.75
21.5
22.5
19.75
21.75
22.5
24.75
19.5
22.0
22.5
15.75
18.5
18.75
17.5
20.25
18.25
17.5
18.5
18.75
17.0
21.0
17.75
23.25
20.5
20.5
21.25
20.25
20.75
20.75
20.25
19.0
20.25
18.0
22.75
14.5
17.5
19.75
19.0
19.75
22.25
18.25
19.0
19.25
22.0
18.5
17.75
20.25
23.0
20.25
20.25
18.75
21.25
19.5
22.25
19.25
25.25
37.0
51.75
65.5
63.0
68.0
70.0
67.0
64.5
62.5
60.75
54.0
34.75
30.5
30.0
25.0
29.25
22.0
21.25
21.25
20.0
20.25
20.0
22.0
28.25
32.75
58.5
67.5
67.5
66.75
70.75
71.75
67.5
68.75
68.0
51.0
35.75
31.75
32.75
28.0
25.75
26.25
23.5
24.0
21.5
21.75
21.75
19.75
26.25
35.0
55.5
65.5
70.75
72.5
66.0
67.0
61.0
64.75
60.25
53.0
37.25
32.25
26.75
28.0
21.75
23.75
21.5
21.25
21.75
21.0
20.75
24.75
25.75
33.0
60.75
60.75
64.75
64.0
60.75
63.5
65.0
62.25
61.25
46.0
31.75
21.5
24.25
23.0
20.5
19.5
21.0
17.0
21.25
18.25
19.0
19.25
24.5
34.75
50.75
65.5
67.25
58.5
63.75
62.5
64.25
63.5
57.75
52.5
30.75
24.0
23.25
27.75
24.0
20.5
20.25
16.0
20.25
19.25
18.5
19.5
19.5
19.75
16.25
18.75
17.0
15.75
13.25
18.5
13.5
17.0
15.75
15.75
16.5
15.25
17.5
18.75
16.0
20.0
21.0
19.0
21.75
19.0
22.0
19.75
19.0
19.75
21.75
19.25
21.0
20.0
18.5
17.5
16.0
16.75
12.75
16.5
13.25
15.5
19.25
16.0
18.25
15.5
21.25
16.0
19.0
15.0
17.0
18.0
22.0
28.0
54.75
59.75
61.25
58.25
63.5
63.0
60.25
59.75
57.75
43.25
27.25
24.75
22.75
25.5
24.0
23.75
22.0
24.0
24.75
25.25
23.75
24.5
26.25
30.5
56.75
65.0
66.25
65.75
63.25
64.0
59.25
57.0
60.0
44.25
31.5
22.0
22.0
22.25
21.75
20.5
20.25
23.0
22.25
20.75
21.25
24.25
20.5
34.0
65.5
57.5
67.0
65.5
67.0
67.25
60.25
66.75
60.0
44.5
29.0
16.75
18.5
21.5
23.75
19.5
22.0
17.75
23.0
20.25
20.5
23.5
22.75
33.5
62.0
62.5
63.25
65.0
65.75
64.5
64.25
60.25
61.25
44.5
23.25
19.75
20.0
21.75
20.25
17.25
18.0
19.5
22.0
19.25
17.5
20.75
25.0
28.75
49.25
55.25
59.5
61.25
60.5
57.0
58.75
57.5
59.0
44.25
35.5
28.25
31.5
32.25
29.25
23.75
19.25
16.5
18.5
16.5
17.5
22.0
16.25
19.25
17.75
15.5
16.5
13.5
14.0
17.0
14.0
19.0
14.25
15.5
15.25
13.75
17.5
18.75
19.5
18.0
20.0
18.75
19.0
19.25
18.5
17.25
21.0
20.0
21.75
14.75
17.5
15.0
18.0
14.75
15.25
16.75
14.5
14.25
15.5
14.25
18.0
17.75
20.75
18.25
17.5
19.75
18.0
17.0
18.75
17.0
24.0
30.75
55.5
63.0
69.5
67.25
67.25
70.25
66.0
66.75
65.75
53.75
37.0
29.75
29.25
29.0
30.5
20.75
20.5
21.5
23.25
20.0
22.0
20.75
28.0
33.25
52.5
57.0
64.25
65.75
71.75
69.75
67.0
66.0
58.25
53.0
31.75
28.25
25.5
21.75
23.5
19.25
20.0
18.25
17.75
15.75
18.0
16.5
25.25
30.25
61.75
60.5
72.75
68.0
67.75
65.5
65.25
70.5
68.0
52.5
31.0
24.75
26.0
24.5
24.25
23.75
16.25
20.5
16.75
21.25
18.25
18.5
26.25
30.25
63.5
64.75
63.5
63.75
65.5
64.25
65.0
66.5
64.75
52.5
36.75
25.25
21.75
25.25
21.75
24.75
18.0
18.75
21.0
18.5
18.5
17.0
23.25
29.0
58.5
58.75
62.75
62.5
63.75
64.25
61.5
62.75
56.75
43.5
27.5
20.5
21.25
28.5
25.25
22.5
21.5
18.75
16.75
17.25
18.5
19.0
16.0
16.75
13.25
13.5
15.75
18.5
13.5
15.0
16.5
16.25
16.25
14.75
17.25
14.25
20.0
20.5
18.0
19.25
22.0
20.5
16.75
22.0
18.5
19.5
16.5
20.5
18.5
18.5
15.0
12.25
14.25
14.25
14.0
14.5
15.5
15.75
17.75
12.75
16.25
17.25
17.5
17.5
17.25
21.0
17.5
20.25
15.25
19.75
20.5
29.5
60.75
63.25
61.5
65.25
64.0
67.25
63.25
63.25
61.5
48.25
36.75
28.75
20.75
27.25
24.0
25.0
18.75
18.5
18.75
16.75
19.0
20.75
24.0
33.5
60.5
63.75
65.75
66.75
61.5
63.0
61.75
66.25
61.0
51.5
40.25
28.25
25.0
26.0
23.5
23.5
19.25
19.25
20.0
20.0
18.25
19.5
27.0
32.5
53.0
69.75
66.5
66.25
63.0
62.5
65.0
65.75
67.0
56.5
40.0
32.5
29.5
25.25
25.75
20.75
17.25
16.75
20.25
17.5
19.75
20.0
26.5
32.25
58.0
59.25
65.75
67.0
70.75
68.5
65.25
67.5
66.5
48.75
40.75
30.75
27.0
27.25
27.25
24.75
20.25
19.5
20.0
17.25
17.5
18.25
25.25
32.25
45.0
59.25
62.75
65.0
61.25
61.75
60.25
63.25
60.5
46.5
26.75
20.75
23.75
21.25
22.5
16.25
17.5
16.0
16.0
15.5
15.5
15.25
15.0
19.75
14.5
12.0
14.75
13.5
15.0
15.5
16.5
16.25
14.25
19.25
16.5
18.25
17.5
16.5
16.0
16.0
17.75
18.0
18.0
18.25
18.75
18.5
15.75
21.5
17.25
17.5
16.75
14.5
14.5
12.5
15.25
15.25
15.5
16.5
13.5
12.75
15.25
17.0
16.25
17.75
16.25
18.5
18.75
15.75
15.5
18.5
24.5
28.25
57.25
65.5
63.75
67.0
70.75
67.0
66.5
64.5
65.25
52.5
36.75
29.75
26.0
24.75
26.75
22.75
21.0
20.25
23.25
22.75
21.0
23.75
27.25
37.0
58.75
62.5
67.75
66.5
70.5
74.25
71.25
73.25
64.25
51.0
34.75
30.0
27.25
31.25
26.0
25.5
22.0
21.25
23.0
22.0
22.25
23.75
25.25
32.5
58.0
61.0
68.25
70.0
65.0
65.25
64.5
63.5
63.75
51.25
39.0
31.5
26.25
23.25
26.25
23.75
24.25
17.25
22.0
17.0
17.25
20.0
28.0
35.0
57.5
62.0
63.75
66.75
63.5
67.75
67.0
65.5
60.75
51.75
36.75
28.5
27.0
26.5
30.0
27.0
21.25
18.75
21.0
19.0
21.0
22.25
23.25
27.25
61.5
59.5
67.5
69.0
67.75
63.5
66.0
64.0
61.0
47.75
29.75
25.5
23.75
26.5
22.0
22.25
17.0
17.5
17.25
19.5
14.5
16.75
16.75
16.5
14.0
12.0
14.0
14.25
14.0
11.5
16.5
13.75
16.5
13.75
14.25
14.25
14.25
14.5
17.5
16.75
20.0
17.0
17.5
20.5
22.5
22.0
21.25
18.75
13.0
11.75
14.0
11.5
14.0
11.75
11.5
11.75
14.25
11.25
12.75
14.5
12.5
17.25
14.75
20.0
14.75
16.75
15.5
17.5
15.5
19.75
23.75
27.5
58.0
57.75
55.75
61.5
64.0
60.25
60.75
59.25
56.5
48.25
33.5
27.75
21.75
21.5
24.5
23.25
19.75
18.75
19.0
18.25
18.5
16.5
24.0
30.75
55.25
61.75
65.0
66.75
66.5
65.25
65.0
66.5
65.0
52.75
38.25
32.75
26.0
24.75
25.5
23.0
16.75
19.0
16.25
18.5
18.5
20.0
24.75
27.0
50.25
65.5
60.75
64.25
65.75
66.25
66.25
62.25
65.25
50.75
31.0
26.0
26.75
26.75
30.0
26.5
17.5
21.5
18.75
19.25
19.25
26.5
39.25
39.5
62.5
61.75
61.5
68.0
64.0
67.25
65.75
65.5
59.25
44.0
28.0
20.75
18.5
22.75
16.5
17.5
15.75
17.25
17.75
16.75
17.5
19.25
22.5
28.0
63.75
61.75
64.25
62.0
71.5
62.75
70.5
67.25
65.0
53.75
34.0
24.0
21.75
24.0
25.0
21.75
19.75
19.0
14.75
17.75
17.5
15.75
17.25
17.75
14.75
19.0
15.25
17.75
17.0
14.25
18.0
15.5
17.25
13.75
17.25
17.5
13.5
18.75
16.0
19.0
18.75
21.0
21.0
16.75
19.25
16.5
18.75
17.75
18.25
15.5
17.25
15.25
15.5
15.5
13.25
17.75
18.25
13.75
15.0
17.0
17.0
16.5
21.5
16.75
19.0
19.0
19.75
19.5
19.0
20.0
28.25
36.25
70.25
69.75
76.25
73.75
76.5
72.0
70.75
69.5
69.5
54.25
40.0
28.0
20.25
24.75
28.0
25.0
16.75
21.5
21.5
20.75
21.25
22.0
27.75
29.25
63.75
68.25
78.0
87.5
82.75
83.75
82.0
76.25
77.0
59.25
34.25
27.75
28.25
29.5
29.0
25.75
23.5
23.25
19.75
19.25
21.0
21.75
30.75
39.0
61.5
77.25
75.0
68.5
67.0
67.25
66.75
67.0
64.0
51.25
35.75
27.75
23.25
21.75
20.5
22.0
22.0
21.75
22.0
21.5
24.0
20.5
31.5
36.75
61.0
60.75
66.25
69.0
66.75
68.0
63.75
66.0
67.5
47.0
30.75
20.25
17.5
21.5
20.75
19.5
22.75
22.0
18.0
21.0
20.0
21.25
25.75
28.5
61.0
64.0
61.25
63.5
67.25
66.25
65.5
65.0
61.5
52.0
34.75
20.25
21.25
18.75
21.75
18.25
20.25
20.75
23.25
18.5
23.75
21.0
21.25
20.25
18.0
18.75
18.0
21.5
19.25
17.25
18.5
16.25
18.75
19.75
17.5
14.75
17.25
18.5
18.75
22.75
18.75
20.25
19.75
20.5
21.0
20.5
18.0
21.5
16.75
20.75
19.25
14.75
17.25
16.75
17.5
15.0
14.0
17.25
17.0
16.75
17.0
18.75
19.25
20.25
22.0
20.5
19.75
22.25
17.75
20.5
25.75
29.5
60.5
65.0
71.75
75.5
65.75
66.0
70.0
65.25
65.25
58.25
41.25
33.75
35.0
29.5
31.0
20.0
17.75
18.25
20.25
22.25
23.25
20.25
27.75
32.25
55.25
69.0
71.5
66.0
70.75
69.25
67.25
69.0
64.5
50.5
33.0
30.25
27.75
22.5
28.25
25.0
20.0
18.5
23.0
19.75
22.25
21.25
24.5
31.25
43.25
64.5
62.0
62.75
64.5
62.0
62.5
66.75
65.0
56.25
39.75
30.0
28.0
28.0
26.25
23.25
22.75
17.25
18.25
19.75
17.25
20.25
25.75
32.25
57.75
56.5
58.0
62.5
61.25
59.5
66.0
64.0
65.0
51.5
36.75
27.0
22.0
20.75
27.25
25.75
23.25
