23.0
22.25
21.75
21.25
21.5
27.0
31.0
40.0
44.5
50.5
57.25
58.25
57.25
59.25
54.75
48.75
44.75
39.5
27.5
29.25
30.75
30.0
30.0
28.5
25.75
25.0
24.0
23.75
23.75
30.5
35.75
43.25
53.25
59.0
58.75
60.0
58.25
54.0
52.75
49.25
43.75
40.5
33.0
30.25
27.0
26.25
23.5
22.25
22.5
22.75
23.0
22.75
23.0
22.75
20.75
23.75
23.0
21.5
21.75
21.5
21.75
21.75
20.75
20.5
18.5
19.75
19.25
19.25
20.5
21.75
21.25
20.75
21.25
21.5
21.75
21.25
21.0
20.25
18.0
18.5
18.25
21.25
21.5
22.0
23.0
23.0
23.0
22.25
22.25
23.0
22.5
20.75
18.75
19.25
19.75
20.25
21.25
19.25
19.5
19.25
19.25
33.5
43.0
50.0
61.0
59.75
61.75
65.0
61.75
59.5
56.5
51.0
47.0
42.5
37.75
37.0
37.25
33.0
31.0
30.25
29.5
29.25
29.25
28.75
28.0
37.0
51.75
56.25
58.25
59.5
59.5
61.25
60.0
58.75
57.5
49.5
47.25
42.25
40.75
37.25
36.25
23.75
22.5
20.5
21.0
21.0
21.25
21.0
21.25
35.0
43.75
49.75
59.75
61.25
61.75
59.25
60.25
64.75
65.75
65.25
61.5
62.5
51.25
45.25
43.5
39.0
38.0
37.75
37.5
34.5
34.75
34.75
31.0
38.0
46.75
54.75
62.75
64.75
69.0
74.5
72.5
74.75
71.5
67.5
62.5
53.25
47.25
38.5
35.5
33.0
32.25
33.0
32.25
32.25
30.5
29.0
28.75
34.0
40.25
49.0
57.75
63.5
65.0
61.75
60.75
57.25
56.0
52.5
44.75
40.25
37.25
31.75
25.5
24.0
23.5
23.0
24.0
25.0
24.75
24.25
24.5
24.75
23.25
23.5
24.5
26.0
28.0
30.75
27.5
22.75
21.5
22.5
23.75
31.0
30.5
29.25
34.0
26.5
25.25
25.25
25.0
24.0
22.75
22.25
22.0
22.0
20.0
19.5
19.75
20.0
19.25
19.75
20.25
21.5
21.25
21.5
22.25
23.5
22.5
22.25
21.75
22.25
21.75
22.0
22.25
22.0
21.75
21.5
21.5
27.75
34.5
56.25
61.5
62.75
63.5
67.0
62.25
62.5
61.5
56.5
45.5
37.0
30.5
25.75
30.0
27.25
26.25
29.25
25.5
24.5
24.75
23.25
22.5
29.25
44.25
52.5
54.25
65.5
70.0
66.75
65.25
63.0
65.0
63.0
43.0
48.25
38.0
39.75
40.5
38.5
34.25
35.5
35.0
30.0
33.75
36.5
28.25
38.25
42.75
44.0
62.25
66.0
66.75
66.5
64.5
58.5
57.0
57.25
45.25
39.0
35.25
36.0
41.5
34.5
25.75
34.75
29.5
23.5
31.0
25.0
21.0
36.0
41.75
41.0
53.5
60.25
64.25
56.5
64.0
65.25
63.0
62.0
55.75
42.75
29.5
27.5
27.0
27.0
25.5
33.0
29.0
24.75
26.75
31.75
23.0
23.25
40.25
55.0
62.0
71.0
69.25
64.25
65.75
64.0
57.5
45.25
38.5
37.75
32.75
24.25
23.25
20.5
23.25
26.75
18.0
18.75
24.5
20.75
18.25
24.0
20.5
19.75
27.0
26.5
17.5
21.5
23.25
17.5
19.5
25.0
19.5
16.75
18.75
25.0
20.75
18.5
18.0
26.75
22.75
18.5
24.5
22.75
18.5
20.75
24.5
18.25
16.0
22.0
22.25
15.5
21.75
20.0
15.75
19.75
20.0
16.0
22.0
22.5
16.0
24.0
22.0
18.0
22.75
22.5
18.0
25.0
22.25
21.75
30.25
51.25
58.0
58.5
61.75
61.0
61.0
64.0
60.75
49.0
44.5
45.75
43.25
41.0
30.0
31.75
29.25
19.5
24.0
25.75
19.5
23.25
23.5
24.0
34.75
48.75
58.25
57.0
56.0
53.5
59.5
47.5
47.5
41.5
42.25
37.75
29.75
34.0
35.5
19.25
24.25
15.25
19.75
19.75
15.25
21.25
15.0
28.25
29.25
39.75
49.5
49.25
44.5
51.25
50.0
50.0
47.5
46.25
41.25
39.25
32.0
25.75
29.5
28.5
19.75
21.5
28.0
21.25
21.5
25.5
19.5
29.75
30.0
46.5
59.75
62.25
62.75
61.0
64.75
59.25
58.0
48.25
38.75
27.25
25.5
31.75
32.25
23.25
23.75
26.5
20.0
24.25
26.5
20.75
26.75
26.25
34.0
43.5
58.5
57.5
59.75
59.5
71.75
61.5
57.5
62.25
63.25
47.75
39.0
32.5
35.5
32.75
24.5
19.75
24.0
23.75
20.25
27.75
19.75
20.75
24.0
17.5
27.0
18.0
21.75
24.5
19.25
24.5
20.5
20.25
24.0
18.0
25.5
16.25
19.0
20.5
22.5
18.25
18.5
20.25
16.25
24.75
16.5
19.75
18.5
16.0
18.5
14.0
22.75
13.5
21.75
16.75
19.75
19.0
18.0
20.5
15.0
21.0
14.25
22.5
18.0
22.0
17.5
25.25
16.25
23.25
17.25
23.0
18.5
22.5
15.25
21.0
16.75
22.75
15.25
23.0
16.5
27.0
20.5
25.75
17.0
24.75
17.75
21.5
18.25
21.75
19.5
22.25
20.25
21.25
22.25
30.0
46.5
57.25
72.25
76.75
73.25
77.25
74.25
70.25
69.0
66.75
55.0
43.25
39.0
36.25
35.25
32.75
26.75
27.25
25.0
28.5
21.5
28.0
23.5
35.75
42.75
53.75
61.75
69.75
70.0
65.0
62.5
73.0
69.0
69.0
50.5
46.0
36.5
41.0
43.0
35.25
35.0
32.25
26.75
32.25
28.0
28.0
31.5
29.75
41.0
50.75
60.0
75.25
75.75
83.0
82.5
78.0
74.5
67.25
56.5
49.0
45.0
36.75
41.0
32.75
33.5
34.0
29.75
33.5
33.0
26.75
32.75
32.5
40.0
45.25
52.75
66.0
71.25
75.0
77.0
68.0
54.75
58.0
44.75
47.75
36.75
40.25
35.5
32.75
36.75
31.25
29.0
32.0
29.75
29.75
32.0
29.25
30.75
32.5
31.5
32.25
31.0
34.0
30.5
31.5
29.5
25.25
25.5
27.25
25.5
23.5
25.0
27.0
24.0
24.25
26.0
25.25
26.25
21.5
26.5
25.75
23.5
23.0
23.5
23.75
22.25
22.25
21.5
23.75
21.75
22.5
22.5
24.5
19.25
20.75
23.5
24.75
20.75
25.5
25.25
23.75
23.0
25.5
24.75
32.5
36.5
55.0
76.5
75.5
77.25
64.1525
85.75
76.0
72.0
51.0
46.25
40.5
37.0
36.5
37.25
33.5
30.25
29.5
25.25
28.75
29.75
26.5
26.75
26.25
32.0
46.0
67.75
74.0
75.75
65.5
68.0
66.25
68.5
57.75
52.5
44.0
40.5
33.5
39.0
33.75
25.0
28.25
28.0
23.75
27.0
27.5
27.0
24.75
42.0
41.25
60.0
66.5
65.75
61.75
60.0
63.75
69.0
64.5
57.75
45.0
39.5
35.0
36.75
33.75
26.75
31.5
31.75
30.75
26.75
30.0
29.25
30.75
35.5
50.25
65.75
66.0
72.5
66.75
69.75
73.0
66.75
58.5
45.25
43.75
43.75
36.75
40.25
30.25
28.0
29.5
29.5
23.75
28.75
28.0
25.25
27.0
32.0
35.75
56.0
56.25
58.75
62.5
57.75
52.5
49.75
52.25
42.25
41.25
35.0
33.25
33.75
27.5
24.0
28.0
27.25
25.25
25.5
27.25
27.75
24.5
22.5
25.5
24.25
20.75
23.25
25.0
22.75
26.0
31.0
22.25
21.25
26.75
23.75
23.5
24.0
23.25
23.5
25.0
26.0
21.0
24.75
27.0
22.0
24.5
23.5
20.5
22.75
23.25
19.0
24.25
25.0
19.5
24.75
25.5
20.25
23.5
22.75
22.0
24.5
25.25
24.25
27.25
26.5
23.25
27.5
25.75
21.75
34.0
39.25
57.0
63.0
69.0
69.75
74.0
64.75
67.5
67.0
53.5
53.5
48.25
44.5
44.25
36.75
30.0
26.25
27.0
27.0
24.25
26.25
24.0
26.75
27.5
32.0
44.0
48.75
66.5
67.25
74.5
72.0
72.75
64.25
57.0
55.75
46.5
43.75
43.25
40.25
30.0
33.5
28.0
32.0
26.75
30.5
28.25
29.5
34.25
34.25
35.25
51.5
60.75
78.0
77.0
68.25
68.5
62.75
57.5
56.0
39.5
34.5
37.0
31.25
32.5
30.25
26.5
28.5
29.25
27.5
26.0
28.75
29.75
28.0
44.5
52.75
66.25
65.5
60.75
53.75
49.75
49.75
45.75
33.5
33.75
29.75
26.75
31.0
23.5
32.0
23.5
29.0
22.75
29.5
23.0
28.75
26.0
27.0
33.75
45.5
51.5
53.0
50.25
40.0
46.25
38.25
37.25
40.5
38.25
36.5
36.5
29.0
33.5
23.75
30.5
22.75
29.5
24.25
26.75
24.75
29.0
23.0
27.75
21.0
25.75
23.0
32.0
23.25
28.0
27.75
21.5
30.0
22.0
26.0
27.0
22.0
28.25
24.0
28.25
22.25
29.0
21.5
28.25
22.75
28.75
22.25
24.75
21.5
23.75
20.75
28.5
23.25
28.5
25.25
29.0
23.0
30.0
21.25
27.25
26.75
22.75
29.75
23.5
30.5
23.5
29.25
23.5
27.25
26.75
37.0
53.75
63.5
77.0
71.75
76.0
72.75
68.75
74.25
57.25
44.25
40.25
35.0
33.75
40.25
29.25
26.0
29.5
24.0
30.0
25.5
25.5
28.25
27.75
36.0
45.0
66.0
73.25
74.25
76.5
71.5
77.0
75.25
64.0
59.5
47.5
53.75
35.5
41.5
31.75
34.25
29.75
30.5
31.5
29.75
29.0
31.0
31.75
43.75
47.0
63.75
64.0
70.5
69.25
68.75
60.5
63.0
64.25
48.5
37.5
39.25
36.75
34.5
31.25
25.75
31.0
30.5
28.0
27.5
28.75
30.0
31.0
37.75
45.75
52.75
63.5
78.5
35.75
78.25
76.75
66.75
59.5
43.25
45.75
31.75
33.75
34.25
27.5
28.5
27.75
25.75
26.0
27.75
28.25
26.25
28.25
35.0
51.0
62.0
69.75
66.25
68.75
64.5
61.0
54.75
51.0
41.5
43.25
40.25
39.0
33.25
29.25
33.75
30.5
29.0
29.5
28.25
30.0
27.75
26.5
28.5
31.5
29.5
29.0
32.0
33.25
34.0
31.25
29.25
29.5
31.0
32.0
28.75
27.75
29.5
28.25
28.25
27.5
30.25
29.75
25.25
27.75
27.5
26.25
25.75
25.75
28.0
29.25
27.25
26.0
26.75
26.75
28.25
27.75
28.0
31.5
27.25
28.25
26.25
29.0
28.75
30.0
28.0
25.25
29.25
29.5
29.0
34.75
35.75
52.5
71.25
68.5
61.0
75.0
67.5
67.75
63.75
50.5
50.25
44.5
39.0
47.0
35.0
36.25
27.75
28.0
29.25
29.0
23.75
28.75
28.0
30.5
46.5
53.5
68.25
67.25
70.25
71.0
72.5
69.0
60.0
58.25
45.75
52.25
38.25
37.75
33.5
36.0
30.0
30.5
32.0
31.25
26.5
27.25
30.25
33.5
36.5
63.5
68.5
70.75
68.75
62.5
61.75
70.25
66.75
59.5
46.75
42.25
37.25
36.25
32.75
30.25
25.5
29.5
28.5
24.25
28.75
28.75
24.75
37.0
34.75
54.0
70.5
70.0
72.25
54.0
61.25
57.0
61.5
48.0
43.25
32.75
33.0
30.0
31.5
27.25
24.5
26.0
23.75
25.75
23.5
24.5
25.75
28.25
34.75
33.0
43.0
46.25
48.75
45.5
48.5
42.5
46.0
40.25
37.25
38.0
34.5
29.75
32.25
28.5
26.0
27.75
27.5
25.25
22.5
25.75
24.75
22.75
24.75
26.25
27.75
27.75
27.5
28.75
31.0
28.0
29.5
25.75
26.0
21.75
24.75
22.75
25.0
24.25
25.5
24.5
25.0
25.75
23.5
26.5
23.5
23.25
23.75
22.25
22.0
24.0
24.0
23.25
22.5
26.0
28.75
28.25
27.25
24.25
24.0
24.75
27.5
24.5
27.0
27.25
29.25
27.0
27.75
23.5
26.5
34.0
38.0
66.5
78.0
81.0
78.75
75.75
75.0
74.0
66.75
52.5
47.25
42.25
39.5
44.25
44.5
37.0
33.75
31.5
32.25
29.5
30.75
30.5
29.75
36.25
43.25
59.75
64.5
63.75
71.0
71.5
66.75
67.0
54.5
47.0
41.25
38.75
32.75
33.0
31.75
27.0
27.25
27.5
28.75
25.5
29.25
25.75
25.25
27.75
34.0
48.75
54.25
56.0
57.5
59.5
61.0
57.5
56.25
46.0
42.0
40.75
36.25
29.75
29.0
24.5
24.25
24.5
22.75
25.25
24.75
22.75
21.75
23.75
27.75
35.0
30.75
40.5
37.5
41.0
42.25
40.25
39.25
35.25
34.75
30.5
29.0
30.0
30.5
21.5
18.75
24.0
22.75
21.0
20.75
21.25
21.25
23.25
21.0
19.75
20.25
19.5
22.0
24.25
21.75
22.75
22.0
21.5
23.25
20.75
20.25
21.25
22.75
24.5
24.75
23.75
22.75
22.5
24.25
24.75
24.0
22.0
21.75
26.25
27.0
27.0
27.0
28.5
28.0
26.25
24.5
22.75
25.25
22.25
22.5
27.25
28.25
32.0
30.0
26.75
22.0
23.75
24.0
23.75
24.25
21.75
23.75
23.0
22.0
22.75
23.0
23.5
21.75
24.75
23.0
22.0
24.75
23.5
23.5
23.75
23.0
24.75
26.0
24.75
24.25
25.75
26.0
23.75
23.5
30.5
40.0
58.25
74.0
81.5
78.0
79.5
76.5
77.0
65.25
51.75
45.25
41.75
34.75
38.75
35.5
32.5
31.25
30.25
28.5
29.25
27.0
28.25
25.75
32.5
37.25
47.5
56.25
58.5
70.75
56.0
57.0
54.75
54.5
50.5
46.5
36.75
39.5
38.25
33.75
30.25
29.25
30.0
26.25
29.25
29.75
28.75
27.0
33.0
40.5
53.25
59.0
71.5
73.5
68.0
68.0
63.75
58.75
51.75
50.5
44.0
47.0
38.75
36.5
32.25
31.5
32.0
30.75
31.0
32.5
29.75
28.75
31.75
31.5
50.75
66.0
74.0
77.75
76.25
73.25
41.25
70.0
55.5
41.0
38.5
33.0
32.5
29.5
26.25
27.0
26.25
27.25
25.5
26.75
26.0
27.75
32.25
33.5
51.0
55.0
61.0
57.0
55.75
64.25
55.5
50.5
46.5
40.5
38.25
33.75
31.75
29.75
28.25
27.25
25.25
24.5
24.0
26.75
24.75
24.25
25.75
22.75
26.25
24.75
27.75
28.25
29.5
29.25
29.75
26.0
24.0
22.0
23.25
25.75
25.75
21.25
23.75
23.5
25.0
24.5
24.0
24.25
24.75
22.5
22.25
22.0
22.25
20.25
19.5
22.0
23.75
22.5
21.75
22.5
23.5
24.5
23.0
23.0
23.5
22.5
25.25
25.25
24.25
23.5
22.5
22.25
22.0
21.0
26.5
32.5
41.5
51.5
52.0
56.0
55.25
47.5
56.25
47.0
46.0
41.0
37.25
28.75
34.5
34.5
29.0
26.25
22.75
25.75
24.75
22.0
25.5
22.25
28.75
28.0
35.25
49.25
51.0
55.0
52.0
44.25
55.25
48.25
46.5
42.5
40.25
29.25
32.0
31.75
25.0
25.5
25.75
23.0
26.0
25.0
23.25
23.5
27.5
31.75
36.0
45.5
56.0
60.0
68.25
60.75
62.5
59.75
45.5
43.25
36.0
37.0
35.5
33.25
26.75
25.5
27.5
27.5
27.5
26.25
24.75
23.75
27.5
29.5
38.25
43.75
53.0
57.0
63.0
58.0
55.5
58.5
48.5
48.5
38.0
36.5
32.75
33.25
31.5
29.5
29.5
29.25
26.75
27.0
26.5
28.5
31.5
32.0
32.5
42.25
41.0
50.0
54.5
50.25
54.25
55.75
48.75
38.5
44.25
35.25
30.75
32.25
29.5
27.5
23.0
25.5
26.5
27.0
25.75
26.5
25.0
23.5
25.5
25.5
26.5
24.0
26.5
30.25
29.75
28.5
24.75
24.5
25.5
26.0
23.0
23.5
24.75
28.0
25.0
25.0
27.5
25.0
25.5
24.75
25.5
25.5
25.5
26.0
22.75
24.5
23.5
25.5
25.5
23.5
26.5
24.0
23.0
23.5
23.75
25.25
25.75
25.25
22.75
24.25
26.0
28.5
28.0
24.0
30.75
40.0
54.0
69.5
67.25
73.25
70.5
71.0
71.75
67.0
57.25
56.25
45.5
47.0
51.75
46.25
42.0
37.25
37.75
36.75
32.75
34.25
35.5
38.25
49.5
49.25
54.5
74.75
78.75
78.25
86.0
76.25
78.75
73.25
64.25
59.5
53.25
51.25
52.5
48.5
44.0
43.5
39.25
37.75
40.25
38.25
37.25
38.0
42.5
44.75
58.5
72.0
77.75
77.75
73.25
71.75
70.75
71.75
71.0
59.5
53.5
54.0
52.5
56.5
48.25
46.5
46.75
43.5
42.25
39.0
41.5
39.25
43.0
44.5
52.5
61.5
74.0
71.75
78.25
77.25
74.0
74.0
62.25
54.75
47.5
50.25
42.75
45.75
42.5
31.75
30.0
30.0
30.0
32.25
33.5
32.25
34.25
41.5
46.5
67.5
63.75
41.5
29.75
65.5
66.25
62.5
62.0
51.25
48.5
47.25
44.0
43.75
40.5
28.5
31.0
30.5
31.0
30.25
32.75
28.25
31.25
28.75
31.0
33.0
31.75
32.5
36.75
31.75
33.5
31.5
28.75
30.75
31.5
32.75
33.0
30.0
30.5
29.5
29.25
27.5
30.75
27.75
27.5
28.0
27.25
25.5
25.25
24.0
25.5
27.25
26.25
25.75
28.0
27.5
29.75
22.5
26.25
26.25
22.75
23.25
23.0
22.5
23.5
22.5
22.75
23.0
22.5
22.5
29.25
42.0
68.5
65.0
72.0
79.5
77.0
71.0
73.0
70.25
67.75
59.75
53.5
46.75
49.0
47.0
37.25
32.25
28.5
33.0
30.75
27.5
26.0
25.5
31.5
39.5
50.5
73.25
71.5
79.75
71.75
76.5
77.25
73.0
68.25
60.5
52.0
48.0
40.75
44.0
39.75
35.75
34.25
33.5
31.75
33.75
33.25
32.25
34.25
39.0
53.5
67.75
72.0
78.0
81.25
74.25
74.75
72.25
74.75
55.0
44.75
41.0
38.5
34.0
31.5
36.0
30.5
28.5
28.0
28.75
28.25
27.75
29.0
31.0
53.0
65.0
67.75
75.75
78.0
74.0
72.0
66.25
54.75
48.25
46.75
37.75
40.25
37.75
31.5
32.0
29.25
29.75
28.75
29.75
28.5
30.0
35.75
36.75
43.25
59.75
66.5
64.25
65.75
68.75
68.0
58.0
49.25
46.0
39.5
39.0
37.5
35.5
32.5
32.75
33.0
32.5
32.0
31.75
31.75
32.25
31.0
29.0
30.25
33.25
29.75
35.0
35.75
43.75
41.0
40.25
38.0
38.75
34.5
28.75
26.25
28.75
26.75
29.5
27.75
29.5
29.0
28.75
27.25
29.0
26.5
26.5
27.25
26.5
27.0
28.25
27.5
27.25
37.5
34.5
34.25
34.75
30.0
29.25
28.5
30.0
28.75
32.0
30.0
28.75
29.75
30.75
29.5
28.75
36.25
42.25
66.25
72.5
76.5
71.25
80.25
72.25
80.75
73.75
63.25
58.25
47.25
43.25
45.75
45.5
39.75
34.25
34.25
33.0
35.0
31.0
33.0
30.5
36.75
40.25
52.75
61.5
76.5
72.0
78.0
71.5
76.25
71.25
64.75
49.5
44.0
43.25
41.5
40.5
39.5
35.75
34.5
31.5
32.0
31.5
32.0
30.0
34.25
36.25
48.75
68.0
76.25
74.25
70.25
74.5
75.25
69.0
64.25
57.75
49.75
43.0
43.25
41.75
38.0
37.0
34.25
33.0
33.75
33.25
36.25
36.5
39.75
41.5
48.0
68.25
70.0
72.75
71.75
76.5
73.5
64.75
53.5
49.25
49.0
38.0
38.25
35.5
35.75
34.0
30.75
30.75
31.25
32.25
31.5
30.0
35.75
39.0
46.5
66.0
67.0
63.5
71.75
67.0
68.75
61.25
56.25
50.75
48.25
40.0
40.75
44.0
36.75
33.75
29.5
30.75
31.75
32.5
31.25
33.25
32.0
29.75
33.0
33.0
34.25
37.5
37.75
35.75
35.25
33.0
31.75
31.25
32.0
30.25
28.0
29.5
31.5
30.25
29.5
29.0
29.5
29.5
30.0
32.0
32.5
27.5
30.25
29.25
28.0
28.75
28.75
30.25
30.0
29.0
31.0
32.5
34.25
30.0
32.25
29.25
29.75
32.75
29.5
30.5
30.5
30.5
30.75
29.5
35.5
41.75
56.5
74.5
73.75
78.0
78.25
73.0
74.5
69.75
54.5
50.0
46.5
47.0
41.75
41.75
40.5
36.75
35.25
36.0
33.0
34.75
31.0
30.0
33.25
38.5
48.25
68.25
73.75
83.0
79.25
72.5
76.75
72.0
60.0
56.5
51.0
51.25
45.75
41.25
44.25
39.75
36.5
36.5
35.5
32.5
31.75
30.0
36.25
39.0
43.5
59.25
77.75
87.25
80.75
84.75
81.25
76.5
64.25
56.75
53.0
45.5
43.0
42.25
36.25
32.0
33.75
31.5
32.75
30.0
32.5
31.25
34.0
38.0
55.0
66.25
79.5
75.5
84.25
80.5
78.25
74.5
62.0
55.5
47.0
45.0
41.5
41.5
36.5
31.5
31.75
32.0
34.5
31.5
32.5
31.0
33.0
37.0
49.5
65.0
66.75
73.25
79.0
70.5
70.25
67.75
57.5
52.5
44.25
41.5
40.5
43.75
32.5
34.25
34.5
30.0
30.5
29.5
30.5
29.0
30.0
29.75
30.75
33.75
34.0
37.5
34.75
34.75
38.0
32.75
31.5
35.75
35.0
31.5
32.75
37.0
36.0
35.0
33.5
32.75
30.75
34.25
30.25
29.75
30.25
29.5
31.0
28.5
32.0
31.75
28.75
31.25
29.75
30.25
29.75
28.25
32.0
31.75
30.25
31.5
30.5
29.5
30.5
33.25
32.75
31.5
29.75
31.5
36.5
44.25
53.75
73.25
77.5
76.0
85.25
84.25
84.25
84.5
80.25
66.75
53.0
48.25
47.0
40.0
36.0
35.25
36.75
34.0
32.5
34.5
34.75
34.0
35.75
48.75
53.75
74.5
80.0
82.25
81.25
76.75
72.7975
87.0
85.5
77.25
62.5
58.0
50.25
51.0
46.75
48.5
48.0
44.5
41.75
43.0
40.5
40.75
41.75
46.5
67.0
77.0
81.75
81.0
81.0
75.0
80.0
84.5
79.25
74.25
53.5
52.0
48.5
49.0
40.75
43.0
42.75
39.75
40.75
38.75
41.0
41.0
43.0
52.5
62.75
73.0
82.0
71.935
82.25
74.1425
85.5
85.75
73.0
64.75
54.0
57.0
52.75
47.75
44.25
41.5
41.75
43.5
42.0
41.75
43.0
42.5
49.25
50.0
56.0
73.25
67.75
70.5
65.5
70.75
64.75
67.5
60.75
50.5
49.75
43.0
42.0
44.25
41.0
38.5
38.25
37.0
34.75
37.75
35.75
38.25
34.75
36.25
36.0
35.25
43.5
44.5
44.5
47.25
43.75
42.75
34.5
31.0
31.5
33.0
33.75
39.0
37.0
34.25
33.5
35.75
36.75
36.5
36.25
33.0
36.25
32.25
32.5
33.5
32.5
33.0
33.0
30.0
31.25
32.75
34.5
37.75
35.75
36.25
37.0
34.75
39.0
35.25
34.75
35.0
31.75
35.25
36.5
35.25
41.0
53.5
78.0
65.775
69.585
71.5775
71.895
70.9025
71.055
69.6575
63.26
57.4825
50.945
75.5
74.0
70.0
55.25
50.0
52.5
51.5
51.5
51.25
49.0
47.75
51.25
67.5
69.25
86.75
87.5
72.5775
71.555
69.8175
70.1375
70.1375
84.5
85.75
77.0
75.0
65.0
64.5
55.75
50.0
45.25
48.0
45.25
46.25
46.25
47.0
49.5
58.0
65.5
73.25
78.75
78.5
82.25
84.25
84.5
87.25
81.75
77.25
67.0
70.0
57.25
59.25
50.5
48.5
43.25
41.5
40.75
37.75
38.25
39.0
45.25
53.5
66.5
76.25
77.0
68.8125
79.25
83.25
81.5
80.0
71.25
65.75
57.75
52.0
48.75
48.75
44.25
43.25
39.75
41.75
41.25
39.0
39.25
41.25
42.0
61.25
57.75
62.0
72.0
57.75
55.5
54.75
52.75
55.5
51.0
49.25
44.5
40.75
41.0
42.5
39.75
38.0
34.75
36.0
37.75
37.25
37.0
38.5
38.25
38.25
37.5
36.75
37.25
38.25
38.0
38.5
39.25
39.5
38.0
36.25
34.25
34.5
35.75
39.75
36.25
38.75
36.25
35.0
39.0
35.25
34.5
35.0
35.0
36.0
37.25
33.5
33.25
37.0
36.0
36.5
41.25
41.75
36.5
36.0
38.25
35.75
39.5
38.5
37.5
36.0
36.25
37.25
38.25
36.25
35.5
37.0
37.75
41.5
37.0
36.5
37.75
40.75
38.75
40.75
40.5
41.5
41.0
39.5
37.5
40.0
36.75
39.75
38.25
36.5
38.5
35.25
34.0
36.25
35.75
36.25
47.0
76.75
84.5
84.75
73.2525
75.4175
74.6275
73.1325
73.4125
86.0
81.75
66.0
65.5
51.0
56.25
57.25
46.0
40.5
40.25
42.5
37.5
40.0
38.25
39.75
44.0
63.25
69.25
85.0
85.0
79.5
78.75
77.25
86.75
71.815
69.2175
82.25
84.25
75.75
64.0
62.5
48.5
43.25
39.75
39.0
40.5
38.0
39.75
39.0
44.75
80.25
81.25
66.71
72.1625
71.84
72.8175
74.1875
74.1875
72.695
68.375
62.5525
81.0
70.75
65.25
57.25
44.75
43.75
43.25
40.5
37.75
38.25
38.25
40.25
42.25
63.25
68.0
78.5
77.0
73.0
72.25
68.5
61.75
63.75
58.0
57.0
51.0
41.5
44.5
44.5
33.75
27.25
24.0
27.25
27.0
27.0
24.75
28.5
25.25
26.0
28.5
34.0
31.25
32.0
31.75
39.25
42.0
35.75
34.25
39.75
39.0
34.75
32.5
33.5
31.0
30.75
27.5
26.25
27.75
26.25
23.25
23.75
21.25
23.0
24.0
23.5
23.0
23.0
23.75
28.25
29.5
29.25
28.0
26.75
28.0
29.75
25.25
29.75
29.75
28.25
21.0
23.0
24.5
25.0
25.25
22.5
33.25
49.25
55.75
73.5
71.75
80.75
67.25
78.0
74.5
82.0
68.5
69.5
54.75
55.5
51.5
57.0
42.5
38.5
35.5
38.25
35.25
37.25
38.0
36.25
39.0
76.0
74.25
74.5
83.25
84.75
85.0
86.25
86.25
80.75
77.75
68.0
57.0
56.5
53.5
54.75
46.0
40.25
40.25
43.25
41.5
42.5
41.25
39.25
43.0
60.0
68.75
77.5
73.75
77.25
64.5
66.75
69.5
63.25
67.0
53.0
55.75
40.0
35.0
37.5
25.0
30.0
24.75
21.75
26.0
27.0
20.0
26.0
31.25
41.5
57.75
63.75
61.0
62.25
61.75
62.5
62.5
56.25
63.0
56.0
51.0
51.0
38.75
37.75
42.0
29.5
32.25
36.75
34.0
27.0
26.75
35.5
38.0
43.5
53.25
61.0
61.75
62.0
59.25
62.0
51.75
57.5
52.25
36.25
31.25
36.0
33.25
28.25
24.25
28.0
26.5
24.75
30.75
26.5
22.5
28.5
28.75
22.0
35.75
35.5
39.5
45.0
33.25
43.25
42.25
33.75
39.75
40.5
30.0
31.75
39.25
29.75
32.75
36.75
30.75
28.75
33.0
37.0
28.75
32.75
37.5
30.5
30.75
32.0
25.5
31.5
30.25
26.5
35.75
28.75
29.25
37.25
30.75
39.0
33.75
26.0
34.0
32.25
23.0
23.0
25.0
31.75
29.75
20.5
29.25
62.5
65.0
66.25
68.75
66.25
69.25
65.5
68.25
61.75
61.25
57.25
50.25
41.75
46.25
42.75
40.75
30.75
37.5
34.0
28.0
31.75
32.75
24.0
35.5
55.75
59.25
59.0
70.25
67.5
73.0
66.25
66.0
62.75
63.0
50.25
49.25
50.25
44.0
47.0
34.75
38.5
32.5
36.5
39.5
31.5
34.0
31.25
37.0
60.0
62.75
64.25
67.75
73.0
69.75
69.75
71.5
77.75
65.75
62.25
59.5
52.25
46.25
52.25
45.75
45.25
43.25
41.5
28.5
33.5
25.25
31.75
31.5
53.0
54.75
64.5
63.5
68.0
69.5
69.25
70.0
66.75
75.0
68.25
55.5
62.25
45.0
41.25
39.0
25.25
31.5
24.0
29.25
24.75
27.25
26.25
30.0
43.75
56.25
65.75
69.25
62.25
68.5
62.5
64.5
65.25
57.0
58.5
50.75
44.75
41.75
38.0
34.0
31.25
31.75
31.5
32.25
30.5
32.25
30.25
32.5
36.5
38.75
32.75
36.75
36.5
32.75
36.75
35.25
39.75
34.0
34.75
30.0
25.5
23.25
26.0
24.0
27.5
23.0
23.5
20.75
23.25
18.25
25.0
18.25
26.75
16.5
23.0
16.5
22.25
20.25
22.75
31.5
28.0
32.25
29.0
34.75
29.0
26.25
34.5
27.75
29.0
30.0
27.0
31.5
26.5
31.5
24.5
36.0
46.5
61.25
66.0
69.75
71.0
70.75
71.25
72.25
75.75
71.25
70.5
66.5
59.0
55.5
51.5
46.5
40.5
34.0
38.0
34.5
32.5
36.75
32.0
36.0
66.0
62.0
71.75
72.25
71.0
66.5
72.5
72.25
64.75
64.5
62.75
50.0
48.5
43.25
45.25
37.75
38.25
30.5
33.25
32.5
30.5
35.25
28.0
39.5
47.75
60.5
61.25
69.5
70.0
73.75
71.0
71.0
68.25
61.5
59.5
63.5
48.75
45.75
44.75
37.75
35.25
33.0
28.5
30.25
26.5
23.0
25.75
33.0
50.75
57.5
61.25
71.75
69.5
73.0
82.0
86.5
81.5
84.75
75.5
69.0
55.5
57.0
48.5
47.5
36.75
35.0
35.5
33.5
32.0
31.25
32.75
37.0
46.75
60.75
63.75
65.0
68.5
61.5
68.5
63.0
66.75
60.75
60.0
60.5
49.5
47.25
42.75
28.75
25.5
25.25
23.25
25.0
24.75
20.0
24.0
25.0
27.0
37.5
30.0
37.75
36.25
34.5
34.0
24.0
30.5
24.25
31.0
26.25
30.75
28.5
25.25
27.75
25.0
25.0
26.25
27.0
23.5
22.0
26.5
26.0
25.5
22.75
21.5
26.25
25.5
28.25
31.25
34.5
28.0
29.25
32.25
35.5
31.5
42.5
39.75
27.75
26.0
26.5
21.75
21.25
23.0
24.5
23.75
27.75
51.0
61.0
73.0
76.5
74.5
71.5
79.0
80.5
77.0
68.75
60.25
51.25
54.75
47.0
49.5
31.5
29.5
27.25
23.5
29.0
26.25
26.75
24.75
32.25
58.25
55.75
64.75
68.5
74.0
66.5
65.75
67.0
64.5
62.5
56.25
43.25
41.5
38.5
37.5
30.0
32.75
29.0
28.25
32.25
26.0
30.5
31.5
39.75
49.0
51.5
69.75
71.0
66.25
68.0
60.75
70.25
67.25
62.0
63.5
53.25
47.5
44.0
44.5
36.25
32.0
26.5
27.5
26.25
22.5
26.25
19.75
35.25
44.75
57.75
64.25
66.75
67.0
71.0
64.5
68.75
67.5
62.75
55.0
47.5
45.5
38.25
44.0
38.25
31.25
33.0
25.25
29.5
26.0
26.5
26.75
31.75
45.5
53.25
66.25
66.75
65.0
58.75
63.5
61.0
63.5
50.0
42.75
35.5
40.25
28.0
30.5
20.5
28.75
23.75
24.0
21.75
21.5
22.75
20.25
24.75
20.75
22.75
20.0
23.0
20.0
24.5
19.5
29.0
18.5
26.25
19.75
22.0
30.0
24.5
31.25
25.5
31.25
24.75
34.0
25.5
29.25
28.5
24.0
33.0
26.5
27.0
26.75
25.75
32.25
26.0
37.25
28.0
30.75
29.75
29.75
32.5
31.0
43.75
38.5
34.5
37.25
26.5
31.75
26.25
28.25
30.0
26.75
36.25
45.0
60.5
74.25
75.5
75.75
69.5
73.25
75.5
78.75
71.25
55.5
58.0
56.25
45.0
39.75
43.25
35.5
35.0
32.5
28.5
32.75
27.25
35.5
30.75
60.5
71.0
70.5
70.5
72.5
68.75
69.5
66.75
58.5
58.75
50.0
44.25
39.75
35.0
41.0
28.0
24.5
30.0
25.75
21.5
27.75
21.25
31.0
34.5
55.5
63.75
72.5
75.75
78.5
72.5
69.0
68.75
66.75
62.75
52.25
48.0
51.25
49.25
39.25
43.5
34.75
33.5
30.0
25.25
31.0
28.5
24.25
38.75
50.25
59.25
65.0
69.0
67.75
62.25
67.5
64.75
76.25
65.75
59.0
52.75
36.0
39.5
38.25
27.25
25.5
24.5
17.5
26.75
17.75
22.25
24.75
22.75
49.5
50.75
67.0
73.0
73.0
70.5
64.25
62.75
60.5
60.75
45.75
48.0
37.75
32.0
34.0
37.5
30.25
25.5
29.75
31.0
24.0
28.5
32.0
24.75
28.0
34.0
29.25
25.75
25.25
30.75
34.75
34.0
33.0
23.75
23.5
31.5
31.5
22.5
25.5
31.5
22.5
29.0
21.25
18.5
25.5
16.75
19.0
25.25
17.0
22.25
19.75
14.75
22.25
18.0
17.25
23.25
14.75
20.0
25.5
24.0
32.25
34.0
35.0
32.0
29.75
23.25
31.75
30.75
25.0
23.0
31.5
30.0
39.75
46.5
55.25
57.5
57.75
58.25
58.75
56.5
49.75
53.5
54.75
42.5
37.25
46.25
40.0
30.75
31.25
32.5
25.0
26.75
33.5
29.25
24.75
38.25
59.25
63.0
67.25
73.5
81.25
75.0
74.75
72.75
69.5
65.5
58.75
50.25
43.0
43.75
38.5
31.5
35.75
37.0
28.0
25.25
34.0
27.75
28.25
40.25
55.5
64.25
70.0
74.75
70.25
73.25
72.25
72.0
75.0
64.25
53.25
51.75
45.5
33.25
38.25
30.5
29.0
36.75
31.0
27.0
25.0
22.75
27.25
27.5
51.0
56.0
56.75
67.25
68.75
67.5
66.25
60.25
62.75
51.5
54.0
56.75
46.0
38.75
41.25
36.5
24.75
20.25
24.75
27.25
19.5
25.75
23.75
24.5
46.5
59.5
63.5
60.75
67.75
57.25
55.75
51.5
47.75
50.5
45.5
43.25
39.0
31.5
35.5
37.5
29.5
28.0
33.5
29.25
28.75
32.75
26.5
35.5
29.0
33.75
30.0
32.5
31.0
31.5
31.75
29.25
32.25
26.0
34.0
26.0
33.0
29.75
28.25
20.5
24.75
26.0
18.75
24.75
20.5
22.25
22.75
18.5
24.75
20.25
21.0
21.0
16.5
28.25
17.75
22.75
22.75
20.75
30.75
26.5
31.0
32.5
31.0
33.75
27.0
32.5
26.75
32.25
29.75
26.0
34.25
32.5
48.25
53.75
58.5
69.75
67.75
69.75
65.75
68.25
71.75
65.25
56.75
53.75
51.75
46.0
41.5
39.5
34.5
27.5
33.5
33.0
26.0
30.75
31.0
33.0
51.5
52.5
52.0
65.75
64.25
62.75
63.5
61.25
55.75
52.5
46.25
41.0
42.25
41.25
42.0
34.5
24.75
21.25
21.25
21.0
20.75
20.75
22.0
34.0
47.25
53.0
55.5
59.25
59.75
60.75
58.0
59.5
60.25
55.25
51.0
46.0
44.75
41.5
40.25
33.0
27.5
21.5
20.5
20.75
20.75
20.75
19.75
25.0
36.0
48.5
53.5
56.5
60.5
54.75
53.75
54.75
53.75
48.5
47.0
40.5
34.0
32.0
30.75
23.75
20.5
23.0
25.75
26.5
21.0
20.75
19.75
26.25
40.25
47.5
57.5
57.75
61.25
56.75
51.25
50.5
49.5
46.0
42.25
43.75
45.25
39.5
39.0
32.75
30.0
29.5
29.0
26.75
27.25
27.0
26.75
27.25
27.5
27.75
25.75
26.25
28.5
28.75
28.75
30.25
29.5
28.5
28.0
27.25
26.0
26.5
26.75
27.0
25.25
25.5
27.0
22.25
21.75
21.75
21.75
21.0
21.5
20.75
20.25
19.75
19.75
20.25
21.0
22.75
23.75
24.75
26.25
24.25
25.25
28.5
27.5
25.5
25.75
24.5
24.75
23.75
24.75
24.25
24.25
28.0
43.25
46.75
57.5
62.0
58.5
57.75
63.25
60.25
58.25
54.75
48.75
47.0
47.5
42.75
37.0
25.75
21.5
20.75
21.0
20.0
20.0
19.75
20.25
28.25
50.75
54.5
58.0
63.65
65.7425
65.6666666667
65.25
59.75
53.75
52.25
46.0
39.75
36.5
38.5
36.5
27.75
24.75
19.25
17.75
17.75
17.5
16.5
18.75
28.75
40.0
46.75
61.75
70.0
66.75
68.5
68.0
68.0
65.25
57.75
48.75
43.75
41.75
39.75
39.25
36.75
29.5
25.5
20.0
19.25
18.75
19.0
18.5
25.0
41.5
45.25
57.5
60.75
65.75
63.75
64.75
65.5
64.25
61.75
59.25
48.0
43.0
36.5
30.0
22.25
20.5
20.0
20.75
20.25
21.75
20.0
18.0
24.75
43.0
54.0
59.5
66.0
66.5
66.5
66.75
67.75
57.25
42.5
35.5
29.75
31.25
24.75
24.75
22.25
21.5
20.5
21.0
20.5
20.75
20.5
20.75
20.5
21.0
30.25
25.75
28.25
31.25
36.5
34.5
33.75
23.5
21.25
21.0
20.0
21.5
22.0
22.75
20.0
20.0
19.5
18.75
19.25
19.25
19.25
19.0
18.75
19.25
18.75
18.0
18.5
18.5
20.0
21.5
22.0
24.0
29.5
29.75
29.75
26.75
27.25
28.0
27.0
24.75
24.0
24.0
25.25
26.5
25.25
27.0
25.25
30.5
46.75
48.25
56.75
60.5
61.75
61.0
63.0
62.0
59.5
55.0
50.75
43.75
42.25
37.75
38.5
33.5
31.75
31.25
30.75
30.75
30.75
30.5
30.75
37.25
58.5
56.75
60.75
67.0
66.0
61.75
59.75
59.5
57.25
51.75
43.25
46.0
41.75
39.5
38.75
36.0
31.0
29.75
29.0
27.25
29.0
28.0
26.75
33.0
43.25
48.0
59.75
65.0
67.5
64.0
62.25
60.5
58.0
53.75
52.5
49.25
44.0
40.0
33.25
26.5
22.0
30.75
21.0
19.75
19.75
20.0
18.75
28.5
39.5
43.0
55.25
60.0
60.75
60.75
62.25
58.75
56.0
52.75
53.5
46.75
39.5
38.25
37.5
34.0
31.0
25.25
20.0
19.25
19.75
19.25
21.0
32.0
39.5
45.75
59.25
60.75
60.0
61.5
59.5
57.25
53.25
48.5
45.25
43.75
42.75
41.0
38.5
33.75
30.5
22.0
22.5
21.5
21.5
21.25
21.0
24.5
27.0
26.5
28.5
30.0
28.75
28.0
27.25
27.25
28.25
27.0
24.5
25.75
26.5
27.25
25.75
26.0
26.0
24.75
24.75
25.0
25.25
25.0
25.0
25.0
24.75
24.5
24.25
23.25
23.0
23.0
23.75
24.75
26.0
27.25
25.25
27.5
28.75
30.0
29.0
26.5
20.25
19.5
19.0
18.75
18.75
19.0
19.0
26.25
44.25
48.75
61.5
66.25
61.25
64.25
62.0
59.75
57.25
52.75
49.25
46.0
43.25
39.0
36.75
32.5
24.75
24.5
24.0
24.0
23.75
23.75
23.75
28.75
27.5
30.5
34.25
35.75
38.25
37.75
43.25
44.25
42.5
45.0
43.75
40.75
38.5
34.75
33.75
31.5
28.75
27.5
25.75
26.25
26.5
26.25
26.25
31.5
43.75
47.5
58.25
67.5
62.5
61.0
64.0
61.75
60.75
56.0
49.0
46.75
41.25
35.0
30.75
26.5
26.0
24.25
23.0
21.75
21.25
21.75
21.25
26.75
37.0
43.75
55.0
61.25
65.5
64.0
65.75
69.5
63.75
62.25
60.0
53.5
42.75
43.75
41.75
39.25
35.5
31.5
25.0
24.75
23.75
25.0
24.75
33.0
46.0
51.5
64.75
63.0
59.0
59.5
58.75
58.5
52.0
42.75
33.75
30.0
34.25
32.25
30.5
25.75
24.5
25.0
23.25
22.75
24.25
24.0
23.25
26.75
29.5
29.5
31.5
30.75
29.75
31.25
31.0
30.0
29.5
29.0
30.0
32.25
30.75
30.75
30.75
30.75
31.0
31.5
30.0
30.5
29.75
30.25
29.75
29.75
30.5
29.75
29.25
28.75
29.25
28.0
28.5
29.25
29.5
29.75
30.25
33.25
31.0
31.0
30.75
25.75
23.25
23.0
24.0
23.75
23.75
23.25
23.5
27.75
42.0
49.0
60.0
66.75
66.0
68.25
68.0
62.5
64.25
58.75
54.5
51.0
49.5
45.25
42.75
39.5
35.5
33.75
34.25
34.25
32.0
31.25
32.5
38.5
50.5
51.25
61.5
68.5
66.5
66.5
63.75
64.0
60.75
48.25
45.0
45.0
40.75
43.25
41.0
37.0
37.0
34.25
34.25
31.5
30.5
31.25
31.0
33.5
50.0
56.25
60.25
66.25
62.5
65.0
66.5
66.0
66.75
62.25
57.0
54.75
42.75
34.25
33.5
29.25
27.5
24.5
24.0
22.75
23.25
23.5
23.5
28.75
37.25
43.0
51.5
59.25
64.75
64.0
63.5
62.0
61.5
60.5
58.0
50.0
44.5
43.25
40.75
36.5
30.25
29.75
30.25
23.5
21.75
22.0
21.75
24.25
41.75
49.5
56.25
60.25
61.75
59.5
57.75
52.25
54.0
52.75
48.75
44.75
40.0
40.0
33.5
28.25
26.75
21.5
23.0
20.25
19.5
20.0
19.5
19.0
20.0
19.75
19.75
20.25
20.5
19.0
19.75
21.25
20.5
21.0
26.25
29.25
28.0
28.75
30.0
27.25
21.75
23.25
21.0
20.75
19.25
19.75
19.5
20.0
19.75
20.0
19.0
18.75
19.0
18.75
18.5
19.5
19.25
20.25
19.5
22.5
22.5
27.25
28.0
22.5
19.75
20.0
20.25
19.75
20.25
19.75
19.75
24.0
33.0
40.5
55.0
58.5
58.25
60.0
57.5
57.25
57.25
52.5
45.5
43.5
44.5
42.25
41.75
37.25
23.5
23.0
22.25
21.25
22.75
21.5
21.75
26.25
37.5
39.5
47.0
56.5
56.0
52.25
53.5
61.25
56.5
48.5
44.5
42.5
39.5
34.75
35.0
31.5
28.5
27.0
23.5
23.75
23.0
23.5
23.75
27.0
34.0
38.5
49.5
51.0
52.75
49.0
48.0
43.25
38.25
33.25
31.75
30.75
31.0
29.25
27.75
24.0
23.25
23.75
23.5
23.25
22.25
22.0
22.0
22.25
22.75
21.75
20.25
20.5
20.5
22.25
23.25
21.75
20.5
19.5
20.25
21.75
22.25
21.75
21.75
22.0
22.25
21.5
22.0
22.0
22.25
22.25
21.75
22.0
21.25
20.75
19.5
19.75
19.75
19.75
19.75
19.5
19.75
19.0
19.75
21.25
21.5
21.75
21.0
21.75
21.25
21.75
21.75
21.5
21.5
21.75
21.25
21.75
21.75
21.25
20.25
20.25
20.25
20.25
19.75
20.25
19.5
20.75
21.75
23.0
22.75
24.25
22.5
21.0
21.0
21.0
20.25
21.0
20.5
20.75
21.0
20.75
21.25
20.75
19.25
19.5
19.25
19.75
19.25
19.0
19.5
19.5
19.75
22.0
21.5
22.0
22.5
21.25
21.0
21.25
21.25
21.25
21.75
21.0
20.5
24.0
35.25
40.75
59.0
65.5
66.0
64.0
65.5
61.25
63.25
58.75
47.0
43.25
43.25
41.0
32.0
29.5
26.25
23.75
21.0
20.75
22.0
21.5
20.25
27.25
53.25
58.5
63.25
69.75
66.75
63.75
66.25
61.5
56.25
51.0
46.25
37.75
34.75
38.75
38.5
36.0
32.75
32.25
30.0
30.5
29.75
29.0
29.5
34.75
51.0
52.75
60.75
64.75
61.5
65.0
60.5
59.5
60.0
58.25
51.0
48.75
39.0
35.5
30.75
27.0
23.25
21.75
21.5
21.5
21.5
20.75
21.25
24.5
37.0
42.25
52.25
55.75
54.25
51.0
54.0
54.0
53.5
52.25
46.25
40.75
39.5
36.5
35.5
34.5
28.25
27.25
27.25
26.75
27.25
27.0
27.5
30.25
42.0
46.0
57.75
59.0
57.75
57.0
56.75
56.25
51.0
48.0
49.25
50.0
35.5
30.5
28.5
24.75
23.0
21.75
19.25
18.0
18.25
18.0
18.5
18.5
18.25
19.0
17.5
17.0
17.5
18.75
18.75
19.0
23.0
26.25
27.0
27.75
25.75
26.5
26.75
26.5
27.0
25.75
25.25
24.0
24.75
24.75
24.75
24.25
24.25
25.75
25.75
25.75
25.5
25.25
24.5
25.25
24.75
26.5
25.75
27.0
26.75
26.5
26.75
25.75
26.0
25.5
24.75
24.75
25.0
24.5
24.5
32.0
46.5
50.0
57.75
58.0
58.75
61.25
59.5
58.75
56.5
55.5
49.25
45.5
41.0
40.75
38.0
34.25
32.0
30.75
29.5
26.75
27.0
26.75
26.75
34.75
54.0
55.75
57.25
60.75
61.75
58.75
60.5
62.75
63.0
55.5
52.0
46.25
35.25
35.25
33.0
27.0
22.25
21.75
20.75
21.25
22.25
21.75
21.5
25.0
41.0
50.5
59.5
60.5
57.5
59.0
59.0
59.5
57.75
53.5
49.25
45.5
36.0
31.0
31.0
33.0
24.75
22.0
20.75
20.5
20.25
20.5
20.25
23.5
35.5
42.75
52.25
56.25
58.25
60.5
58.0
58.25
57.5
54.0
47.0
45.0
42.5
41.0
36.0
32.5
30.0
29.75
30.0
30.25
28.0
27.0
26.25
29.0
30.25
39.0
49.5
58.75
59.25
59.25
54.5
53.0
52.25
45.0
38.0
35.0
31.25
28.5
28.75
24.25
21.75
22.25
21.75
22.5
22.0
22.5
21.25
19.75
20.75
23.0
22.0
23.0
22.0
20.0
21.5
22.75
22.5
21.5
24.75
25.75
23.75
22.75
23.25
22.25
23.25
22.25
21.75
21.75
21.75
21.0
21.5
21.0
21.5
21.25
20.0
19.5
20.25
20.25
22.0
23.25
24.25
26.0
27.5
27.75
32.75
31.75
32.0
27.0
25.25
24.5
24.75
24.0
23.0
22.75
21.25
24.0
31.0
39.0
54.5
57.75
58.25
57.5
59.0
58.0
48.5
42.5
40.0
36.25
32.75
33.75
29.75
28.25
27.5
27.5
24.25
23.0
23.25
20.5
19.75
22.5
34.25
42.5
46.25
49.0
49.75
50.25
50.0
47.25
49.5
46.75
37.25
31.0
30.0
29.75
30.0
22.75
22.5
23.0
21.75
21.75
21.75
21.5
20.75
24.0
30.75
38.25
51.75
48.0
49.0
51.25
49.0
51.0
48.75
45.25
37.25
37.0
34.5
29.75
27.5
26.25
23.5
22.5
22.0
23.0
21.5
21.25
21.25
23.75
31.0
39.0
50.25
53.75
49.75
43.0
43.75
42.75
41.5
35.25
32.75
32.0
34.75
33.0
29.0
22.5
17.0
17.0
17.75
17.25
17.5
17.0
17.5
20.5
24.5
35.25
50.25
50.75
56.25
50.25
48.25
46.75
41.5
31.0
28.5
35.25
31.75
31.75
30.25
23.75
22.0
22.0
21.75
22.5
22.25
22.0
22.0
22.0
22.25
23.0
23.0
28.5
28.25
28.0
21.75
21.25
20.75
20.75
21.75
24.0
23.5
22.0
22.5
20.25
20.25
20.25
19.75
20.0
20.75
20.25
20.25
20.0
19.75
20.75
23.75
25.0
25.5
25.25
17.5
17.0
17.5
19.0
19.75
20.5
19.75
18.25
19.5
18.25
17.0
16.25
16.75
17.0
17.25
17.0
17.0
19.0
22.75
28.5
36.25
39.0
39.0
40.5
39.25
39.25
33.0
31.75
28.75
25.75
25.5
25.25
24.0
21.5
18.75
19.25
19.0
18.5
18.75
19.0
18.25
21.0
26.5
31.25
35.0
39.75
45.5
44.0
40.5
31.75
28.25
29.5
24.75
22.75
22.0
24.75
21.5
19.5
18.75
18.75
19.25
19.0
19.75
18.75
18.75
21.75
22.5
26.0
25.5
27.0
28.75
29.75
27.75
23.75
24.0
22.5
22.5
23.0
23.0
23.0
22.75
20.75
20.0
19.5
19.75
19.5
18.0
17.75
18.0
18.5
17.5
18.25
16.5
16.25
16.75
16.75
16.25
16.0
16.5
15.75
16.25
16.75
17.25
17.5
17.75
17.25
17.75
17.5
17.5
17.5
17.5
16.5
15.25
15.0
15.25
15.75
14.75
14.0
14.0
13.5
13.75
13.5
13.5
13.75
14.0
15.25
15.25
18.5
18.5
16.25
15.5
16.0
16.25
16.0
16.25
16.0
16.5
15.75
16.25
17.75
17.25
15.25
15.75
15.0
15.25
14.75
14.75
15.0
14.5
15.75
25.75
24.75
24.0
18.0
16.5
16.75
16.25
16.25
16.75
16.25
16.5
16.25
15.75
16.5
16.75
25.25
26.0
23.25
23.0
23.0
22.5
22.5
16.75
16.25
16.25
16.25
16.25
16.75
16.25
16.5
16.25
16.25
16.25
16.5
16.5
19.5
23.75
24.75
30.25
34.0
38.75
37.25
35.75
34.75
33.25
29.5
26.75
25.0
26.0
28.25
30.75
26.0
21.25
20.5
20.75
20.75
21.0
19.0
18.75
21.5
25.75
26.0
30.75
37.75
36.25
37.75
39.0
38.0
37.0
30.5
28.0
26.0
26.5
26.75
26.0
22.0
18.75
18.25
17.75
18.0
18.5
17.75
17.5
21.0
24.5
28.5
35.0
37.25
34.5
32.0
30.0
29.5
29.0
26.75
26.0
22.0
20.75
21.0
21.75
20.5
20.0
19.25
19.5
20.0
20.0
19.5
19.25
19.5
20.0
20.25
18.0
18.25
18.75
18.25
18.5
19.0
18.75
18.25
19.25
21.75
21.75
20.5
19.75
18.5
18.0
18.0
18.0
18.0
18.5
19.0
18.25
18.5
17.75
18.25
17.0
17.0
17.0
18.0
17.5
18.25
17.75
23.25
29.0
28.5
26.75
27.0
27.0
19.0
18.5
19.0
19.25
19.0
18.75
18.75
18.5
19.0
18.5
20.5
18.25
21.5
27.5
25.0
24.25
24.0
23.5
23.0
24.75
22.25
19.75
19.25
20.0
20.0
19.5
19.5
19.75
20.0
19.0
19.75
19.75
19.75
19.75
19.5
18.0
26.5
26.0
25.75
24.0
23.75
24.25
22.25
18.0
22.25
18.5
18.0
17.25
18.5
17.25
18.0
17.75
17.5
18.0
17.5
17.5
20.0
23.25
30.5
47.5
46.5
47.0
46.25
46.5
46.5
42.5
38.75
41.5
36.5
35.75
36.0
34.25
23.5
20.25
19.0
18.75
19.25
19.5
18.5
18.5
21.0
25.5
26.75
41.25
51.25
53.0
47.5
47.0
44.5
43.25
40.5
41.0
36.75
34.75
33.75
36.5
32.75
28.5
28.75
28.0
28.0
27.75
28.25
28.25
30.75
32.75
36.0
44.5
50.25
53.5
52.25
51.25
50.0
48.0
45.0
40.5
39.75
34.75
35.0
35.25
27.0
20.25
20.5
20.25
20.0
20.0
20.25
20.0
22.25
24.0
29.25
45.5
38.0
42.0
43.5
43.75
43.25
50.0
46.25
41.75
38.0
32.25
30.0
30.0
27.75
24.75
20.25
18.75
18.75
18.75
18.25
18.75
21.5
25.5
28.25
41.0
41.75
44.75
44.0
50.25
50.75
47.25
42.25
38.25
29.0
30.0
28.75
27.0
17.75
16.75
17.0
16.5
17.25
16.75
16.5
16.75
16.5
17.5
17.5
18.25
24.25
24.5
24.25
23.75
23.5
23.5
24.5
17.25
16.0
17.0
17.25
19.5
18.25
17.25
17.0
17.0
16.0
16.25
16.75
17.0
16.75
17.5
17.25
15.25
15.0
24.5
25.25
25.0
25.25
25.75
17.25
17.25
19.0
18.75
18.5
18.75
18.5
18.75
19.0
18.75
17.75
17.0
16.75
16.75
20.0
25.0
33.5
45.25
54.25
55.75
53.5
55.0
48.25
44.25
38.5
34.75
29.25
26.75
28.25
25.75
22.25
19.25
20.25
20.0
19.75
19.5
19.75
19.5
25.5
28.0
32.5
41.0
48.25
48.75
46.25
45.25
48.5
45.75
40.5
39.5
38.5
36.25
29.0
26.75
21.25
19.75
19.5
19.25
19.5
19.25
19.75
19.25
23.0
26.75
32.25
38.0
43.25
47.5
47.5
48.5
47.25
45.5
42.75
37.0
36.75
33.75
31.0
30.75
27.25
25.0
24.0
23.25
23.0
22.5
23.25
22.75
25.25
34.5
37.25
44.25
46.25
47.25
48.25
46.5
45.25
43.25
39.5
33.5
30.75
26.75
25.75
24.75
21.75
19.5
19.25
19.25
19.25
19.75
20.25
20.5
22.75
27.0
35.25
42.75
45.0
46.25
46.0
43.75
41.75
43.25
39.25
33.5
30.0
28.0
26.25
24.0
22.0
20.75
21.0
21.25
21.0
19.25
18.75
19.25
19.0
19.5
20.0
18.75
18.0
20.75
20.0
18.5
20.5
20.0
21.25
20.5
20.5
20.5
19.0
19.0
19.0
19.25
19.0
19.0
19.0
19.25
18.5
19.0
18.5
19.0
18.75
18.75
20.25
20.25
19.5
19.0
19.5
20.5
20.0
20.0
21.25
27.0
29.5
28.0
28.0
28.0
27.75
28.25
27.75
27.75
28.25
28.25
28.0
27.75
29.0
30.25
30.0
29.0
28.5
29.0
27.5
30.0
31.25
29.0
30.25
29.0
27.75
27.75
27.5
27.25
27.25
27.0
27.5
27.5
27.5
27.0
31.75
46.0
51.75
61.0
64.0
66.0
60.75
57.25
61.0
58.5
53.0
44.25
38.25
32.75
31.0
30.5
24.25
23.5
23.0
22.75
23.0
23.75
23.0
23.25
27.25
39.75
44.5
53.25
58.25
59.5
57.0
58.75
57.75
54.75
52.5
49.75
45.5
31.75
27.75
27.75
24.25
21.0
19.5
19.75
19.25
19.5
18.75
19.0
24.5
39.25
48.0
54.75
57.25
59.5
51.0
48.75
53.25
56.5
57.0
51.75
46.5
40.0
36.25
34.0
31.25
30.25
29.75
29.75
29.75
27.25
27.75
27.5
32.75
41.5
48.0
59.75
63.0
64.5
61.0
58.0
58.75
55.75
46.5
40.0
32.0
29.25
23.5
23.5
20.5
20.0
20.0
20.5
20.0
20.25
20.5
19.75
20.5
20.0
20.5
19.75
21.75
19.0
20.25
20.5
20.0
27.0
29.75
29.0
26.75
26.75
28.5
27.5
28.25
27.0
27.25
26.5
26.75
26.5
27.25
26.25
26.5
26.75
26.75
24.75
25.25
25.0
25.0
26.25
24.5
26.0
26.0
28.75
30.75
30.0
29.75
28.75
25.5
19.75
19.75
20.0
20.5
19.75
19.75
20.75
25.25
45.0
51.75
59.0
60.25
61.0
59.5
59.75
59.75
56.5
54.0
46.5
47.25
37.5
34.25
33.5
31.5
26.75
27.25
27.25
27.0
27.0
26.75
26.75
35.75
49.0
53.5
58.0
62.0
60.75
59.25
56.25
56.0
55.75
50.0
46.5
42.5
40.5
37.5
33.25
24.5
21.5
21.25
21.25
20.75
21.25
21.5
21.25
24.5
37.0
46.0
58.5
61.25
65.0
62.5
61.25
60.5
59.0
54.75
50.0
47.75
45.5
39.0
36.0
31.25
28.5
28.25
28.25
29.25
28.25
28.5
28.0
31.5
46.0
50.5
55.25
59.75
60.5
60.25
58.75
59.25
57.75
59.75
49.5
44.0
31.25
30.5
30.5
26.0
25.5
22.75
23.0
22.5
21.75
22.5
23.25
27.75
43.0
52.75
63.75
64.75
68.5
65.0
65.5
63.25
55.75
49.5
42.25
40.75
40.25
38.5
37.5
35.25
33.5
33.25
33.5
34.0
32.5
31.75
32.25
31.5
31.75
31.75
31.0
29.0
24.5
19.25
19.75
19.0
19.75
23.0
25.5
20.0
20.5
21.0
20.75
20.0
19.25
19.25
19.25
19.25
19.25
19.5
19.5
19.5
19.75
18.75
17.25
18.0
17.5
18.5
18.25
18.5
20.25
26.75
27.75
28.0
28.5
28.75
27.75
27.0
26.25
26.25
25.75
26.5
26.25
25.5
25.5
31.75
43.25
51.5
59.5
62.75
64.25
64.75
64.75
62.75
62.0
57.25
47.0
50.25
40.25
37.75
35.0
31.0
24.5
20.5
20.25
19.5
19.25
19.0
20.0
27.75
53.25
57.5
63.25
64.75
64.0
56.75
49.75
54.75
51.25
50.75
47.0
42.5
43.5
40.25
41.5
35.75
32.25
29.0
28.0
28.0
28.0
27.75
28.0
33.75
41.0
45.5
56.5
65.0
63.5
66.25
65.5
65.0
63.0
61.25
55.75
57.0
46.25
31.5
29.5
25.0
23.5
22.0
21.25
20.5
21.0
21.25
21.25
29.25
42.5
49.5
55.5
59.25
63.25
55.5
57.0
57.75
57.75
57.0
54.5
51.0
44.5
31.5
26.5
23.75
22.5
22.25
20.75
20.5
20.5
19.75
20.0
31.75
46.5
51.0
50.25
61.25
62.75
56.5
56.75
55.25
46.0
42.25
36.75
30.75
27.25
27.75
27.75
26.75
25.5
23.5
23.75
23.0
22.75
22.25
23.5
24.25
24.25
25.5
23.5
22.25
23.5
24.5
23.5
22.0
22.75
24.25
24.25
24.0
26.0
23.75
23.75
21.5
19.25
19.5
19.75
19.75
20.25
19.75
19.25
19.75
19.5
19.25
18.0
17.5
18.25
19.25
19.25
19.75
19.25
19.0
19.5
22.75
30.5
31.0
29.0
28.5
22.75
20.75
20.0
20.0
19.75
19.75
18.5
25.75
47.25
53.25
61.0
64.0
64.0
63.75
62.25
60.75
63.25
61.0
53.0
48.5
44.75
39.25
32.75
31.0
29.25
29.75
29.5
29.25
29.5
29.75
29.25
34.25
50.0
55.0
60.75
63.75
61.5
59.0
59.0
61.25
58.75
53.0
47.75
46.75
44.5
40.75
38.25
35.25
33.25
32.0
32.0
31.0
31.0
29.0
28.75
32.5
43.75
51.75
58.25
62.25
64.25
60.0
58.0
59.25
57.0
55.5
51.5
50.75
50.5
39.0
29.5
25.5
23.5
23.0
23.5
23.75
21.75
22.0
22.25
27.75
42.25
47.75
53.75
58.25
62.25
61.75
62.0
63.25
60.25
56.75
53.0
49.0
44.75
38.25
34.75
31.5
25.25
22.5
20.75
21.0
20.5
20.75
21.5
32.0
46.75
54.25
58.75
62.5
63.25
62.0
55.25
59.5
54.5
47.75
44.25
37.5
31.25
29.25
28.25
25.5
25.0
24.5
24.25
24.5
25.5
25.25
25.0
25.5
24.75
25.25
24.25
24.25
25.25
25.25
25.5
25.0
24.75
25.75
25.0
25.75
26.75
27.0
22.75
22.5
23.0
22.75
22.5
21.0
21.75
21.5
21.25
21.5
21.5
21.0
21.0
21.0
22.0
21.0
20.75
22.25
22.0
23.25
23.0
26.0
31.75
30.0
30.75
31.0
29.75
29.0
29.0
28.75
29.25
29.0
29.5
32.75
42.0
49.0
50.5
52.75
46.25
45.0
44.75
45.5
45.75
45.25
44.5
43.5
40.25
38.5
33.75
32.0
29.75
28.75
28.5
28.25
28.25
28.25
29.25
34.5
53.5
56.75
56.5
63.25
62.5
58.0
60.0
62.25
62.5
57.0
59.75
54.25
47.5
38.25
29.75
27.0
26.0
25.25
24.75
23.25
23.0
23.25
23.0
28.75
52.75
58.25
64.0
63.75
63.25
64.75
62.75
63.75
63.5
59.5
56.0
54.75
45.25
36.0
30.25
27.75
26.25
25.25
25.5
25.5
26.0
25.75
25.5
29.0
43.75
50.25
55.25
59.0
59.25
58.0
56.75
62.5
60.75
57.25
50.0
41.0
44.0
38.25
31.5
25.25
24.25
24.5
22.0
21.5
21.5
20.75
19.5
31.0
43.0
48.5
56.0
60.25
59.75
58.0
59.25
56.5
50.75
43.25
35.5
39.75
31.5
29.75
26.25
22.75
23.25
23.5
21.25
19.75
20.0
19.75
20.0
19.75
21.0
19.0
20.5
18.5
18.5
18.25
19.0
18.0
18.5
19.0
18.5
20.25
19.5
20.0
20.5
20.75
20.75
20.25
20.0
20.0
20.5
20.75
20.75
21.0
20.25
19.75
17.75
18.25
20.0
19.75
19.75
20.25
21.5
21.5
24.25
21.5
31.5
29.75
30.75
29.25
29.5
27.75
26.5
26.75
27.0
27.5
26.5
31.0
42.5
45.75
55.0
60.25
62.75
61.0
63.5
63.25
59.5
57.5
53.5
48.75
44.0
38.5
35.25
30.5
27.25
23.0
23.0
22.5
22.5
22.25
22.25
29.0
50.75
56.75
58.0
59.25
61.25
60.0
58.75
62.25
59.5
55.5
51.0
48.5
46.25
41.5
40.5
36.0
32.0
31.5
31.0
30.75
29.25
28.0
28.25
34.5
49.0
51.0
56.0
62.0
62.75
64.0
62.5
61.5
59.75
57.5
52.25
47.75
44.25
34.75
29.25
23.75
21.5
21.75
21.75
21.25
21.25
21.25
20.75
23.75
38.25
48.5
52.5
56.75
60.75
63.0
60.25
63.0
59.0
57.5
53.5
48.25
46.75
41.0
38.5
28.25
24.0
22.75
21.75
22.5
22.5
21.0
23.0
36.75
47.0
56.25
58.5
60.0
60.25
55.5
55.5
50.25
47.0
41.0
35.0
31.5
30.0
28.5
27.25
24.0
21.0
20.75
20.0
20.0
20.0
20.25
20.0
20.25
20.5
35.25
36.25
38.25
36.75
38.5
38.25
37.0
35.75
34.75
36.25
31.5
28.75
28.75
29.75
29.75
26.0
20.75
20.5
20.25
20.25
20.25
20.5
20.5
20.5
19.0
19.0
19.75
19.75
20.0
19.75
20.5
21.25
20.75
21.75
22.5
32.25
32.5
31.0
24.25
19.75
19.25
18.75
19.0
19.0
19.0
19.0
22.75
33.5
42.0
55.0
60.5
61.0
61.25
59.75
59.5
56.0
54.25
49.25
45.75
47.0
36.75
34.5
33.25
24.25
21.25
21.25
21.0
21.5
21.5
22.0
30.75
50.25
52.0
58.5
63.5
62.0
58.5
60.25
60.0
59.0
53.25
46.75
42.5
45.0
42.25
38.25
34.0
32.0
29.75
30.25
30.0
29.75
30.0
29.75
34.0
44.25
47.5
55.0
60.25
59.75
60.75
62.5
60.25
61.5
60.0
52.25
48.0
47.75
40.25
38.25
33.0
29.25
29.0
29.5
29.0
28.75
29.0
29.5
33.0
39.75
45.5
53.75
54.75
57.25
56.5
58.5
59.5
56.25
56.0
53.5
46.0
44.0
37.0
36.0
34.0
34.0
27.75
20.5
20.5
20.75
20.75
21.5
34.75
40.75
45.25
51.0
53.0
52.5
54.75
50.5
47.75
43.5
42.25
40.25
38.5
37.5
35.75
33.5
29.75
29.25
29.75
29.0
29.25
28.75
28.75
29.0
28.5
28.0
28.75
28.5
30.25
30.75
30.25
30.5
28.0
22.25
19.5
19.25
18.75
20.0
20.75
20.75
21.25
20.5
20.5
20.25
20.0
20.0
20.0
19.75
19.5
19.5
17.75
17.0
17.0
17.5
18.25
19.25
20.5
20.75
29.75
32.25
29.0
30.25
31.5
25.75
21.0
21.25
21.25
20.25
19.75
19.75
19.75
24.75
47.0
51.0
60.75
59.75
60.75
59.5
63.0
60.75
60.0
55.75
48.25
45.75
45.25
43.0
39.5
36.5
32.75
32.75
31.5
30.75
30.25
30.5
30.0
34.75
51.25
52.5
58.0
63.75
60.75
58.0
55.5
58.75
58.25
56.75
49.0
45.5
44.25
44.25
41.25
35.75
33.25
30.0
29.75
30.0
31.0
31.5
32.75
37.0
50.0
58.25
60.25
63.25
65.25
63.75
63.75
63.5
63.0
58.0
54.75
52.5
50.0
43.75
42.25
39.75
37.75
37.25
37.5
37.25
37.0
37.25
36.25
39.75
49.25
53.25
54.75
59.25
59.75
56.5
56.25
57.75
56.75
57.25
56.75
51.5
43.25
42.0
29.75
26.0
23.75
23.5
23.5
21.5
21.5
21.5
21.5
36.75
49.5
52.25
59.5
61.75
62.0
62.0
59.25
57.75
50.5
42.75
39.5
35.5
35.0
35.75
32.0
29.75
30.5
29.75
29.75
29.5
29.5
28.5
27.75
27.75
27.75
27.75
26.0
26.75
27.25
27.75
26.25
30.75
29.5
29.0
29.0
28.75
25.0
23.0
20.75
18.0
17.0
17.5
17.25
17.5
17.5
17.5
17.75
17.25
17.5
17.25
15.5
14.5
15.25
14.75
15.5
14.75
14.0
14.0
13.75
15.25
14.75
14.75
16.25
16.75
19.75
17.75
17.5
17.5
17.75
16.75
17.25
20.5
29.0
42.0
46.25
42.75
43.25
42.5
40.5
41.25
37.5
34.5
28.75
24.5
22.25
25.0
24.5
21.0
19.75
19.75
20.0
20.25
20.0
20.25
20.25
22.0
39.0
40.75
50.0
49.5
52.0
51.25
51.75
50.5
48.5
45.5
37.5
34.75
34.0
36.0
38.25
32.5
33.0
34.5
32.75
26.75
26.5
22.75
22.5
25.5
35.25
44.75
48.25
51.0
48.25
50.0
49.25
47.5
48.0
46.0
41.5
38.0
26.75
23.5
25.25
22.0
23.25
23.5
23.5
23.75
23.5
19.5
20.25
23.25
30.5
38.25
41.25
46.25
49.75
50.75
48.25
45.75
40.25
34.75
33.75
31.5
26.5
22.0
28.0
21.5
20.5
20.25
20.25
21.0
20.5
20.5
21.5
24.25
34.75
42.0
51.0
48.0
43.5
42.75
45.5
40.75
39.25
34.25
31.5
30.5
26.25
25.75
27.0
24.75
23.0
23.0
24.25
23.5
24.0
23.0
23.5
23.25
23.25
22.25
21.0
21.5
20.75
20.25
21.25
22.0
20.5
21.75
26.25
26.0
26.0
26.25
27.0
27.75
27.5
27.5
28.25
27.75
27.5
27.5
27.5
27.0
28.0
26.5
25.0
24.25
24.0
24.25
25.0
25.5
26.5
28.0
27.75
28.5
29.5
29.0
30.0
31.75
31.0
31.0
30.0
27.75
28.0
27.75
27.75
32.25
42.5
44.25
58.25
63.0
61.25
62.5
62.25
61.25
58.25
56.0
45.5
42.25
42.75
42.0
35.0
29.75
28.0
26.5
27.0
27.75
27.25
26.5
26.75
34.5
51.25
52.75
54.75
61.5
61.25
57.5
56.5
58.5
57.25
54.5
50.75
45.5
41.75
37.0
35.0
29.75
27.25
27.0
20.25
20.0
20.0
20.5
20.0
31.25
44.0
49.0
50.75
55.0
59.5
61.5
63.0
63.25
63.0
61.75
51.75
48.25
41.0
36.75
36.5
31.5
31.0
30.25
29.0
28.0
27.75
27.25
27.5
32.5
36.25
44.5
50.25
56.5
57.75
57.25
56.75
61.0
60.0
54.75
47.75
42.75
41.25
35.0
37.0
34.75
28.5
24.25
20.25
20.5
20.0
20.0
24.0
30.25
33.25
42.25
56.75
61.25
61.75
61.75
56.75
54.75
53.0
44.5
34.25
33.5
28.25
28.5
31.0
27.5
25.0
25.25
25.0
25.5
25.25
24.75
23.5
23.5
24.0
22.25
22.25
23.5
21.75
21.75
22.75
22.25
21.5
22.75
20.75
22.0
20.75
21.5
23.25
23.5
23.0
22.5
22.5
22.5
23.25
22.25
23.0
23.0
22.25
20.75
20.75
20.25
21.5
20.75
22.25
23.75
27.25
28.5
27.75
27.25
27.75
30.25
33.5
28.75
30.75
27.0
26.5
27.0
26.75
27.0
27.25
30.25
41.5
48.0
57.25
61.0
61.0
59.75
59.25
60.25
59.0
52.5
43.75
41.25
38.25
36.5
36.5
33.75
27.5
27.25
27.5
27.0
27.0
27.75
27.25
30.25
41.5
47.75
57.0
60.25
61.0
56.25
58.0
58.0
55.0
56.75
53.0
41.5
43.5
37.25
32.75
27.5
25.0
25.25
25.0
23.5
22.25
22.25
23.5
32.25
42.75
51.5
61.75
63.25
65.75
65.0
62.75
61.25
65.5
62.75
58.75
51.5
44.75
38.75
35.25
26.0
23.75
23.25
23.25
24.0
24.5
24.25
24.5
26.0
32.25
45.5
51.25
53.25
58.25
51.0
50.0
50.75
54.25
52.75
47.5
44.0
44.0
37.75
40.75
27.5
25.5
25.0
24.75
23.75
22.0
21.25
23.75
33.5
42.5
52.25
58.25
59.0
59.25
60.75
52.5
38.0
35.75
32.5
31.0
30.75
28.75
26.0
27.75
23.5
22.25
22.0
22.5
21.75
21.5
21.5
21.25
21.75
21.5
19.25
21.25
21.25
23.75
23.0
21.75
23.75
27.5
27.75
26.75
29.75
27.5
25.75
28.0
26.75
26.75
26.75
27.25
27.75
27.0
26.75
27.25
27.25
26.75
25.0
25.75
25.0
17.25
17.0
17.5
17.5
18.0
18.0
18.75
19.25
19.5
19.0
21.5
20.25
19.0
18.75
19.0
18.5
19.25
19.0
19.5
28.5
45.0
48.0
58.75
59.75
58.75
61.25
62.5
63.5
61.75
55.0
48.75
47.0
42.75
37.0
38.75
36.5
34.25
33.0
32.0
31.75
31.5
31.0
31.25
38.25
53.25
59.0
60.5
62.5
66.75
63.25
58.75
58.0
59.5
57.25
52.25
45.75
40.75
39.5
37.5
27.25
24.5
22.75
22.75
22.0
22.0
20.75
21.75
28.5
43.75
45.75
57.0
58.25
60.0
60.0
63.25
60.5
58.75
55.75
54.5
51.5
43.75
34.0
30.75
25.5
22.25
20.25
20.5
20.25
20.5
20.5
20.5
26.0
46.0
48.0
56.75
57.75
58.0
58.0
57.0
58.0
56.75
54.75
54.5
46.25
41.25
33.5
31.75
29.0
26.0
24.5
24.25
23.25
23.5
23.25
23.25
30.25
42.5
49.25
51.5
54.5
58.25
58.5
56.5
52.75
48.5
40.0
33.75
29.75
31.25
30.5
32.75
27.25
26.5
26.5
27.0
26.5
26.0
25.25
25.75
25.75
25.5
24.25
25.0
25.0
30.75
35.0
38.0
38.25
43.0
40.5
38.0
43.0
36.0
31.75
34.75
34.75
30.25
30.75
26.5
21.5
21.75
20.75
21.75
20.5
20.75
19.25
18.5
19.25
17.5
17.5
18.5
19.5
19.75
21.75
21.0
34.75
31.25
33.5
36.5
36.0
29.0
25.0
22.5
22.75
21.0
21.5
21.25
27.0
44.5
52.0
62.5
60.0
56.5
55.25
57.75
55.5
55.25
52.75
48.75
49.25
44.25
39.5
36.25
34.25
32.25
31.5
33.0
32.75
32.5
32.0
31.75
37.75
52.0
52.0
57.0
62.0
64.5
60.25
66.0
60.75
60.0
60.5
56.0
52.25
37.25
37.75
37.0
34.0
31.5
23.25
23.25
23.5
23.25
23.5
23.75
31.25
47.75
51.0
62.0
69.25
72.0
63.75
63.75
67.5
65.5
58.0
58.0
60.5
56.25
35.0
33.0
29.75
28.0
28.25
28.25
27.0
28.5
29.75
28.5
31.5
44.25
54.5
60.75
65.75
69.25
68.75
70.75
73.5
74.5
71.75
72.25
67.75
55.5
37.0
37.0
31.25
30.0
29.0
28.5
27.25
28.25
29.5
40.0
45.25
49.0
54.25
65.5
70.25
69.25
64.25
58.75
53.75
53.0
48.5
42.0
38.0
32.25
32.5
34.0
31.5
27.25
27.5
28.5
26.25
24.75
25.25
25.25
25.25
29.25
32.5
33.25
33.0
32.75
32.75
34.75
34.5
35.25
35.25
35.75
35.25
33.75
30.25
31.5
34.5
35.5
34.75
32.5
33.75
32.75
30.5
30.5
31.75
31.5
31.25
31.5
29.25
30.0
25.25
27.25
25.25
25.0
27.75
26.75
30.0
33.25
32.75
32.5
31.5
31.0
30.0
29.25
29.5
29.75
29.5
29.5
35.25
48.25
53.5
60.5
68.25
69.0
62.75
63.25
63.5
60.75
56.25
49.5
48.25
43.25
36.75
35.0
31.0
29.75
30.25
30.0
30.25
30.25
29.0
28.0
32.75
41.5
50.5
56.0
59.25
60.75
60.0
60.0
58.5
57.75
54.75
43.5
33.75
31.25
29.25
31.25
30.0
26.5
22.5
20.25
20.75
20.5
20.75
20.75
26.0
43.0
48.75
58.25
61.5
63.0
64.75
66.75
64.5
62.0
55.75
42.5
42.25
36.25
31.75
35.25
30.5
27.75
26.75
27.0
24.25
24.75
24.25
24.5
32.5
49.5
53.0
59.5
60.75
64.0
58.25
59.25
54.0
53.75
49.75
45.0
38.5
37.0
37.25
39.5
33.0
34.0
33.5
32.0
33.0
33.0
32.75
32.0
37.25
38.0
41.5
51.0
55.0
56.0
53.0
55.0
54.75
53.0
50.25
46.0
39.75
35.75
34.25
35.0
29.5
25.0
24.5
24.5
25.0
26.25
25.5
24.25
25.25
26.0
24.5
22.75
22.25
22.5
22.5
23.75
25.5
22.75
24.5
22.0
21.5
22.75
21.5
23.0
22.75
24.0
23.0
23.25
23.25
22.0
22.75
23.5
23.0
21.25
20.75
21.5
21.75
21.5
24.75
36.5
22.75
21.75
23.25
23.0
22.25
23.25
22.75
27.0
28.0
27.0
26.5
27.25
26.25
26.75
26.25
26.0
30.25
42.0
47.0
57.25
60.0
61.5
65.5
66.25
65.0
61.75
57.25
54.25
51.75
46.75
41.0
40.75
37.0
33.5
33.0
31.0
31.75
30.5
31.75
31.0
40.0
52.25
55.0
65.75
66.5
63.0
64.75
62.25
63.0
59.0
60.5
56.25
48.0
48.5
49.25
41.25
36.75
27.0
23.75
20.5
21.0
19.5
20.75
20.5
27.75
45.0
55.5
66.5
66.0
66.0
67.25
64.25
64.75
58.5
58.25
60.25
49.75
46.25
42.25
43.25
41.0
33.75
33.5
27.25
25.5
26.0
25.25
24.75
28.75
39.75
46.75
60.75
64.25
64.25
61.25
58.0
59.0
62.75
61.75
52.75
42.0
38.5
40.0
38.75
35.0
31.75
31.5
