134.5
124.2
124.0
123.6
122.0
108.3
129.9
147.7
171.2
219.2
256.1
266.3
267.8
265.8
269.0
276.0
264.1
246.6
223.7
194.4
176.0
166.3
156.8
145.6
140.7
138.8
138.5
137.5
135.0
137.1
140.1
152.9
178.6
230.3
263.9
274.7
244.5925
275.4
277.9
238.65
272.0
246.8
217.1
194.4
166.7
161.4
152.1
144.3
140.1
140.7
138.6
135.3
135.1
133.9
136.3
152.2
185.4
232.1
260.3
269.8
271.9
267.9
272.4
278.9
267.7
248.8
226.9
191.5
158.0
148.7
144.6
139.6
144.6
139.6
139.9
137.3
135.2
135.2
135.8
150.3
188.8
228.0
264.5
238.2325
241.275
239.8775
238.7775
238.6675
266.6
248.1
219.2
186.2
164.1
158.5
155.8
155.5
142.8
147.5
145.5
143.7
142.2
142.1
138.5
145.1
168.7
195.2
228.1
236.1
235.8
247.1
246.5
243.7
230.7
214.4
181.8
157.3
141.7
135.3
133.5
133.9
135.3
137.2
136.4
136.0
136.3
133.4
136.6
138.4
140.8
143.3
140.8
141.3
142.8
139.8
138.2
141.6
143.9
139.6
138.2
125.7
135.3
140.7
137.2
135.2
133.2
132.2
130.4
131.3
135.3
120.0
127.4
134.0
136.1
136.4
134.7
135.9
136.9
136.2
137.8
136.0
135.8
135.2
133.4
134.1
133.8
134.4
133.6
133.3
140.3
135.9
134.8
134.6
135.6
137.0
142.9
155.9
187.2
229.1
262.8
277.7
248.01
246.81
246.39
242.695
242.195
267.0
237.7
204.6
177.5
174.1
161.5
147.4
143.6
138.1
136.7
134.7
134.6
141.4
145.1
159.6
192.2
244.3
279.3
248.2875
245.535
247.59
247.5525
236.9125
266.7
251.3
232.3
190.9
168.2
157.8
150.0
143.6
145.6
145.9
144.7
142.6
141.9
140.4
141.1
153.6
184.9
231.1
270.0
276.9
279.6
274.4
276.9
237.095
267.8
256.7
222.9
187.4
165.6
157.9
152.5
144.2
138.0
140.5
136.9
135.4
135.2
133.7
135.0
147.7
177.2
224.2
258.3
267.1
274.0
265.3
262.6
269.0
244.3
227.0
198.4
167.7
151.6
146.8
141.8
135.5
134.8
136.0
131.1
128.7
131.6
130.1
132.5
142.2
169.4
214.2
223.7
223.9
229.2
231.3
232.4
226.6
216.4
202.9
177.6
156.3
146.8
137.3
135.6
133.9
127.4
131.3
128.4
126.7
127.5
129.1
129.1
128.0
137.6
150.8
140.5
132.1
131.8
130.6
132.0
132.5
133.3
133.6
130.0
128.8
128.6
123.0
110.6
125.0
125.9
126.0
127.0
126.3
128.3
127.7
127.9
127.5
129.4
126.4
125.7
125.1
112.4
129.1
130.5
129.4
129.8
128.2
129.1
128.1
126.7
127.7
130.0
131.1
139.9
126.6
125.0
123.6
124.4
123.8
128.6
136.3
179.6
223.0
239.7
254.7
263.4
258.8
264.9
238.06
272.5
256.2
233.4
204.4
185.7
178.9
171.4
156.7
148.5
152.3
148.6
147.5
146.5
144.6
148.0
157.7
196.8
243.9
258.1
274.0
278.8
270.7
272.3
275.9
267.7
259.4
232.8
197.9
177.1
168.2
155.1
148.4
146.9
144.5
142.7
139.1
138.2
137.6
139.7
143.5
186.2
221.9
250.6
272.5
271.4
266.2
263.4
265.8
254.5
241.7
223.3
191.2
168.7
160.8
151.8
148.4
146.6
149.0
147.4
145.9
145.3
142.4
139.3
149.7
179.5
204.7
232.2
256.3
248.9
245.0
244.0
240.1
223.1
215.8
195.3
171.3
155.0
152.1
140.9
136.7
135.6
135.9
135.6
134.1
133.4
135.0
137.6
143.1
167.3
189.3
210.3
226.1
230.1
230.8
227.4
215.9
206.1
187.5
168.5
152.0
140.6
136.0
135.0
135.7
132.5
137.0
134.8
133.2
134.3
134.0
137.3
141.7
150.0
145.5
140.5
141.3
140.2
136.4
136.3
134.6
135.5
135.3
134.0
131.7
133.4
133.5
132.4
131.2
129.1
126.4
127.8
126.8
128.6
126.2
127.2
128.0
126.4
129.2
127.0
125.7
125.9
127.6
128.5
128.0
127.5
129.0
127.8
127.0
127.7
127.4
128.4
129.8
132.3
130.8
130.7
132.3
131.5
131.8
134.5
147.3
174.2
190.5
201.6
209.9
210.4
212.6
215.7
207.8
195.9
174.6
162.1
149.6
140.6
138.3
137.8
135.4
136.5
135.0
136.3
135.6
135.7
136.3
137.1
147.1
171.4
187.7
196.1
195.4
201.4
199.9
197.6
186.2
181.2
172.9
160.1
147.3
137.2
136.6
139.4
140.8
131.9
135.6
137.6
134.0
135.1
135.3
136.1
142.3
159.0
166.9
173.8
178.6
177.1
168.0
158.7
162.5
157.1
143.8
139.5
134.9
131.4
131.3
128.3
127.1
125.2
124.4
124.0
125.0
117.9
114.2
124.6
128.0
141.5
151.2
136.8
144.7
145.5
142.9
141.5
140.4
141.4
135.3
128.1
126.8
123.4
123.6
123.2
122.8
124.3
125.0
124.7
124.4
124.4
125.0
127.6
129.3
146.0
160.2
143.7
147.5
151.0
149.8
142.6
142.3
146.4
140.4
132.1
130.8
124.9
124.8
126.0
125.8
124.9
123.1
123.0
121.8
121.9
122.5
127.2
127.1
137.0
147.6
143.7
132.6
130.1
125.6
125.0
125.6
127.4
126.6
127.6
125.9
125.8
125.1
125.4
125.6
125.0
125.7
126.9
125.8
127.3
127.9
129.8
130.1
130.1
128.9
127.8
127.7
128.5
129.9
130.3
128.1
128.2
128.5
128.1
127.7
129.3
127.2
127.8
127.5
127.4
124.8
125.4
126.1
126.3
124.8
129.9
135.8
161.9
188.0
194.2
192.6
197.3
197.8
183.6
181.1
176.3
160.2
143.2
137.2
133.6
133.7
137.0
127.4
130.7
130.0
132.7
134.6
137.1
136.9
134.2
141.7
166.6
190.1
190.8
188.8
196.0
195.9
189.6
179.3
177.2
161.8
148.1
144.0
139.5
137.4
137.7
134.7
132.0
130.3
131.2
132.2
131.0
131.2
134.8
140.0
158.1
182.5
183.0
178.9
189.8
181.0
168.6
158.7
145.9
144.9
136.7
136.0
134.0
132.1
129.2
130.9
65.4
130.8
129.9
131.6
130.2
130.2
129.7
134.8
153.0
143.5
141.0
147.2
148.4
150.3
135.4
145.4
146.5
136.9
136.5
130.4
129.2
129.4
139.5
139.7
139.5
141.8
133.2
133.2
133.5
131.9
131.2
138.7
156.9
173.1
179.6
186.8
187.6
191.8
187.6
183.6
169.3
156.4
145.3
139.8
140.9
134.5
136.0
136.6
139.1
138.7
136.7
136.5
137.2
138.6
140.6
142.1
151.2
157.6
145.2
149.3
147.9
140.9
139.7
139.1
139.7
140.1
140.6
141.4
140.9
138.7
139.8
138.9
137.8
134.3
136.5
136.7
136.2
134.7
136.9
137.2
137.2
138.2
136.4
136.8
140.5
140.0
140.4
137.4
139.3
139.2
140.6
139.5
139.4
141.0
139.3
138.7
146.1
141.3
143.0
142.8
143.7
142.3
147.0
165.4
198.5
249.3
273.4
242.175
241.8625
241.83
241.3125
239.025
237.4675
228.435
238.0
203.8
179.9
169.6
162.0
150.6
148.4
145.5
144.4
145.5
141.3
137.8
141.6
151.0
186.4
233.0
264.8
239.04
239.6375
241.955
243.3825
236.6325
274.7
261.3
233.4
189.2
161.9
157.1
152.5
144.5
150.7
147.7
146.6
148.0
148.8
143.9
145.5
161.9
200.5
242.0
268.5
240.53
237.7325
238.37
236.61
232.4575
228.2625
261.8
228.4
194.1
173.3
166.1
157.4
150.3
148.4
151.1
147.4
146.2
145.4
143.4
145.9
157.5
187.1
210.8
237.2
262.3
259.7
255.5
262.1
260.8
245.4
236.5
209.5
173.0
158.7
154.4
145.0
142.6
141.5
143.3
142.8
140.5
139.8
139.6
147.3
156.2
194.3
211.2
230.0
240.9
243.6
242.1
246.9
243.9
225.7
209.7
188.1
161.0
145.7
141.0
141.2
140.5
135.0
140.7
139.6
136.5
136.4
135.4
139.2
138.8
149.5
140.7
138.0
143.1
142.0
138.1
134.3
132.1
135.2
136.3
135.6
133.0
131.5
131.8
132.7
130.9
133.2
126.0
123.7
133.0
133.3
132.7
134.7
139.8
138.3
136.0
136.0
134.5
134.8
139.1
138.8
136.8
138.5
138.8
129.6
127.2
137.8
137.1
137.3
134.7
135.8
130.8
131.5
132.6
133.2
133.7
124.1
148.8
190.8
235.4
256.3
261.1
258.5
262.1
266.5
271.4
262.3
248.2
223.0
189.4
169.1
159.0
150.8
147.3
141.4
137.4
136.8
136.6
137.1
135.4
137.8
152.5
186.7
220.7
248.2
256.5
258.5
258.0
260.9
267.9
258.8
238.9
222.0
186.1
167.1
159.8
156.3
148.4
142.3
138.5
139.3
138.0
137.0
135.7
138.6
148.0
187.0
233.4
268.3
277.6
245.49
273.1
272.7
280.8
264.1
254.4
226.9
188.3
167.7
161.6
154.8
145.0
142.7
144.8
143.1
143.1
141.5
138.0
143.5
152.8
192.2
224.5
257.7
264.3
271.4
268.4
265.6
268.1
249.8
233.1
208.4
170.8
151.1
151.4
148.5
144.2
140.6
139.6
138.2
135.0
133.4
132.5
136.3
151.6
181.5
197.8
230.5
241.1
243.2
248.4
246.3
234.1
220.8
208.1
180.2
153.7
137.7
139.4
139.4
138.8
138.1
139.9
137.9
137.4
136.2
135.6
137.3
138.2
156.3
162.8
148.3
153.4
150.0
143.5
139.1
137.7
138.9
138.5
137.9
137.1
124.8
133.0
138.6
137.2
133.4
133.2
131.7
131.8
122.0
124.4
133.4
131.8
131.6
134.7
133.6
134.5
134.2
136.4
136.4
134.1
136.3
137.3
135.8
136.1
135.3
136.2
136.6
133.9
141.6
138.5
137.7
139.8
141.1
139.3
144.9
159.8
198.7
253.5
276.7
260.83
261.22
261.48
259.525
258.2525
277.6
264.0
221.2
188.2
168.7
160.8
157.4
148.7
144.5
139.5
140.0
140.0
138.9
136.7
141.9
158.0
203.3
262.4
278.9
265.06
264.6925
262.0475
260.63
255.1425
278.0
258.3
231.8
193.2
173.0
161.6
152.2
146.7
144.8
144.9
145.3
141.8
141.6
139.6
142.7
159.9
202.9
244.1
280.0
262.0025
260.7375
260.7225
261.8025
258.2
253.0025
270.1
237.1
202.1
173.7
160.9
154.3
146.6
143.1
142.5
142.4
143.7
139.8
139.6
145.9
161.2
204.5
241.2
269.1
250.3775
250.8875
249.5525
278.0
281.1
255.0
237.8
209.2
177.2
161.0
156.0
149.8
151.0
141.6
144.5
144.4
144.0
142.5
141.9
147.5
160.8
193.6
232.9
246.0
259.5
256.5
257.1
249.9
246.7
227.2
210.5
188.4
159.7
143.9
138.1
138.7
137.3
134.0
133.8
133.5
129.2
129.1
130.1
134.4
132.7
144.0
138.0
136.9
138.2
130.2
131.9
133.2
132.7
132.4
133.2
131.0
132.7
130.8
129.3
130.4
130.4
131.2
131.9
129.8
130.9
132.3
132.0
132.4
132.1
132.0
130.6
129.5
131.0
120.9
127.9
138.0
136.3
136.3
141.1
138.7
136.7
134.7
134.2
133.3
132.5
139.0
129.7
131.0
131.1
132.5
130.9
135.2
154.1
191.3
214.9
255.8
271.2
272.3
275.3
274.6
280.6
271.1
254.5
225.4
202.5
183.0
173.0
160.8
147.8
144.0
142.9
141.3
141.2
141.9
142.5
148.5
157.9
189.4
233.3
267.5
276.3
280.7
276.5
279.4
246.72
273.2
259.0
231.7
203.1
169.8
157.9
154.0
149.1
146.2
142.8
138.8
137.0
135.9
134.3
139.3
150.0
190.6
213.5
251.0
267.4
263.7
265.7
271.6
250.9325
268.2
246.5
215.6
188.3
163.9
155.3
153.6
145.0
146.8
143.4
143.8
144.1
142.0
140.9
145.9
158.7
196.2
226.8
267.4
274.5
272.7
268.9
268.3
262.9
259.4
232.7
208.7
179.9
160.7
155.3
155.4
149.3
139.4
143.2
142.7
143.2
143.5
140.8
143.1
153.8
191.6
208.5
241.0
254.3
252.6
245.4
244.7
245.4
227.9
210.7
186.6
154.6
138.8
138.5
137.2
134.6
134.3
139.0
137.0
135.4
135.5
136.4
138.8
137.7
153.5
148.9
144.9
152.4
141.3
139.7
137.5
139.9
138.7
137.2
136.8
135.3
135.5
135.1
136.1
132.5
130.2
129.2
128.5
127.8
129.0
128.4
130.8
130.5
130.5
139.0
139.8
141.0
142.8
138.8
136.0
135.8
134.5
134.7
133.7
134.0
135.7
134.6
133.0
130.7
144.4
131.7
132.9
133.4
136.0
135.1
143.2
165.8
204.7
247.5
279.2
271.7225
274.235
273.2975
274.005
274.2775
268.9325
274.2
244.2
212.4
195.8
186.8
173.0
163.5
156.1
156.2
152.5
151.3
150.8
146.8
150.5
170.4
206.3
238.9
278.7
271.1875
274.6675
272.72
272.5325
266.305
265.2675
281.1
236.3
202.2
177.8
169.6
163.1
157.5
154.6
149.3
151.0
149.4
149.5
147.4
153.6
169.5
208.3
249.1
257.8325
267.6625
266.6475
267.4175
266.7875
261.7225
255.135
274.3
252.1
210.1
179.4
172.6
165.4
159.5
151.9
154.8
153.3
153.0
152.2
150.5
154.4
170.0
201.0
237.0
276.5
262.2775
262.6825
258.76
257.82
256.94
249.7125
256.6
213.4
185.5
167.6
161.6
153.1
150.9
146.1
149.6
151.1
151.3
149.6
147.4
152.1
163.6
196.0
221.0
241.0
251.0
261.9
260.9
250.5
253.0
239.2
221.2
184.8
162.9
148.8
147.1
146.7
144.3
134.5
138.7
138.9
137.6
139.4
137.4
139.6
140.9
154.5
163.2
155.4
146.9
147.4
140.0
146.5
140.9
137.6
136.7
137.5
137.1
134.4
78.7
142.0
132.9
129.6
132.5
130.0
130.8
131.8
133.6
133.3
132.7
133.9
134.5
135.3
123.3
131.4
138.6
136.7
132.1
130.8
130.9
129.2
128.7
128.4
129.9
131.3
128.5
128.4
114.7
127.9
128.8
129.9
130.6
136.4
144.8
171.0
214.5
249.7
268.4
270.0
269.7
268.7
274.3
267.7
245.5
224.1
195.4
170.7
162.2
152.2
144.3
149.7
142.8
141.6
141.6
142.6
140.9
143.6
158.6
186.0
231.5
266.3
275.5
281.1
270.4
276.9
256.8075
274.8
259.0
240.4
210.6
185.3
167.3
159.9
156.2
150.8
151.7
153.2
149.0
150.9
147.0
141.8
146.8
168.2
212.9
253.9
267.7
273.3
270.1
278.1
271.9
271.4
261.1
242.1
210.4
184.3
169.8
154.6
149.9
145.6
142.8
142.6
139.8
142.7
138.9
139.2
150.6
181.4
225.3
262.7
275.6
275.2
273.6
267.0
266.5
248.2
233.6
213.7
178.1
159.1
152.9
147.6
145.9
142.6
139.0
137.9
138.4
138.6
135.2
142.1
155.2
166.5
185.4
205.2
227.6
225.8
219.7
219.4
222.3
212.5
199.0
170.6
153.0
142.7
145.4
139.0
138.9
133.4
138.7
138.2
141.1
140.7
138.4
137.6
138.0
141.4
138.0
141.0
141.5
134.9
134.9
133.4
134.8
132.9
132.1
141.2
123.7
121.4
130.2
129.9
130.3
127.5
127.2
133.3
127.9
129.0
115.9
121.0
126.2
129.2
127.7
132.7
129.3
125.7
125.0
126.6
122.2
114.3
128.5
129.0
126.5
126.4
127.2
129.8
125.2
139.1
113.5
125.9
132.3
132.1
132.6
139.6
155.6
168.6
206.6
239.6
249.4
251.0
250.3
252.0
254.5
243.7
224.7
196.9
171.2
156.2
154.8
155.2
152.2
140.6
148.5
146.8
145.2
146.6
145.6
150.7
160.9
173.8
201.6
231.3
236.6
243.4
249.5
245.9
247.7
229.2
206.8
176.5
158.0
142.0
139.1
138.5
136.2
139.1
138.9
138.8
140.6
139.9
138.5
147.7
159.6
177.0
201.2
235.8
249.7
251.7
246.9
249.3
252.4
238.6
216.9
183.0
162.8
149.8
145.3
143.7
141.3
138.3
134.1
137.0
133.3
136.6
137.9
141.6
148.9
165.0
184.9
227.8
242.6
246.9
239.5
243.1
245.0
237.6
213.1
183.0
157.6
148.5
144.9
141.4
137.8
137.4
141.9
139.0
141.0
141.3
141.5
143.0
149.2
165.4
186.4
219.5
237.9
232.8
233.3
224.9
221.7
211.9
188.0
167.4
147.8
142.1
140.1
139.2
138.1
133.5
132.3
125.1
121.5
129.7
130.1
133.6
137.8
140.5
137.4
135.3
122.9
137.1
133.7
132.4
132.0
133.2
132.0
133.3
119.0
129.8
131.9
133.9
130.9
130.1
133.3
131.0
120.5
134.3
134.7
136.8
136.4
137.1
126.6
129.3
135.5
134.9
133.4
136.1
132.4
132.4
132.5
130.8
120.3
132.6
132.0
131.8
129.4
140.9
114.0
128.8
130.2
131.4
121.6
122.6
152.5
179.3
209.5
247.1
264.5
262.1
259.5
275.3
280.3
267.6
254.8
235.0
208.9
190.4
176.1
167.6
161.8
158.8
155.5
155.8
156.2
154.2
156.2
153.0
159.9
186.4
232.6
261.5
278.0
275.3
271.6
272.6
268.0
262.6
254.1
238.6
202.4
180.3
172.6
167.6
159.1
152.3
153.3
151.5
150.3
150.7
150.2
149.9
159.1
181.8
223.7
250.3
268.6
267.4
272.2
265.6
269.5
254.3
247.3
226.2
196.6
172.9
164.9
155.4
153.8
141.7
149.8
147.0
148.1
146.5
149.6
152.4
158.3
174.3
205.4
244.4
251.8
255.5
253.9
257.1
257.8
254.9
234.0
215.9
180.6
161.1
155.0
149.1
141.7
135.7
134.4
130.9
132.9
133.3
134.5
137.5
154.2
168.5
188.1
214.6
222.6
229.9
233.1
236.9
238.3
220.5
210.8
194.8
161.2
145.7
140.0
140.1
136.4
133.8
135.5
138.4
123.3
129.9
137.4
142.6
140.6
140.1
131.1
126.9
139.5
141.5
141.3
138.6
138.6
136.4
124.3
127.5
135.4
135.5
134.6
125.2
122.3
138.1
132.6
130.5
122.4
116.5
128.5
138.1
135.0
131.7
117.8
134.9
137.7
135.1
134.5
137.2
140.4
142.0
132.1
132.4
144.3
143.2
142.2
138.8
126.4
152.7
144.0
144.7
144.6
145.5
145.3
149.3
157.5
178.8
217.1
247.9
253.0
253.1
251.0
258.9
267.0
255.0
235.7
226.6
199.9
178.0
173.7
170.9
163.9
158.2
157.7
158.2
156.0
158.8
152.0
145.9
161.1
182.7
218.4
246.0
257.0
260.5
260.3
260.7
262.3
253.9
245.8
233.5
205.5
177.7
172.3
166.2
162.3
159.2
155.9
157.4
157.3
155.1
153.9
157.0
163.0
189.7
230.4
251.4
262.2
260.5
261.5
257.3
261.5
247.9
239.4
221.3
186.8
174.0
164.1
161.1
151.4
152.7
149.7
146.6
144.5
146.7
145.3
147.3
154.3
190.5
210.7
229.5
246.1
241.0
238.1
241.6
244.8
235.0
221.0
199.9
175.6
157.6
153.5
149.2
153.8
143.1
147.2
143.4
143.4
142.5
141.7
143.8
149.9
181.0
203.5
215.7
222.3
226.6
228.2
226.5
219.5
209.6
193.3
174.5
154.4
148.2
144.6
143.0
141.7
138.4
137.4
138.1
136.2
138.5
135.5
139.2
133.5
137.6
138.7
139.3
136.0
135.8
131.8
131.9
131.6
131.9
130.6
134.2
132.1
133.8
135.4
133.7
131.8
125.7
123.6
135.4
133.3
134.1
132.0
135.5
131.7
126.7
115.6
131.9
131.4
131.3
134.1
130.3
126.3
134.5
134.5
135.3
135.0
134.5
137.5
133.7
133.1
138.0
116.1
123.3
132.9
132.7
132.7
136.9
147.1
174.0
213.5
234.4
248.2
251.5
255.9
255.3
253.3
245.9
233.9
213.8
178.5
169.4
157.7
150.6
144.9
146.7
146.3
143.2
138.5
128.3
140.3
143.8
152.5
174.8
209.6
237.5
252.4
255.5
254.5
254.7
256.4
245.2
242.2
220.4
185.6
157.6
155.0
148.7
144.5
140.5
140.5
138.8
122.8
133.9
136.6
140.8
149.5
169.2
207.4
239.4
253.6
244.8
250.1
243.9
245.2
240.9
239.1
208.1
179.5
162.3
157.4
144.0
145.8
144.1
139.0
141.8
144.1
141.4
137.2
140.4
148.2
171.1
196.7
216.9
228.0
231.7
228.4
234.3
237.9
231.7
220.5
198.0
168.9
152.9
149.3
146.3
143.2
141.4
137.5
134.7
134.4
123.3
125.9
137.8
146.3
155.8
167.0
186.4
196.2
200.4
202.9
203.1
197.4
194.1
184.4
166.9
147.0
139.3
134.2
138.5
137.1
126.0
136.9
135.5
125.8
123.3
131.0
133.4
130.8
141.8
147.0
136.3
137.8
137.0
133.8
122.8
126.3
130.9
131.9
133.0
133.9
132.2
132.6
132.6
128.5
114.7
126.0
128.6
126.4
128.2
128.0
131.4
130.4
118.7
118.7
126.9
127.9
126.5
126.6
130.1
127.6
129.7
117.3
128.7
133.6
132.1
134.5
133.2
128.5
134.2
132.4
136.5
135.4
134.6
136.2
142.2
150.2
176.6
219.1
240.7
257.3
265.5
263.3
258.5
261.3
255.8
240.3
217.7
194.0
176.6
166.0
158.3
152.3
147.4
145.9
142.9
140.3
140.4
136.2
140.4
150.0
183.4
238.2
249.8
259.7
264.1
260.9
263.5
260.3
249.8
237.6
212.5
182.4
161.9
153.6
147.2
140.1
148.0
141.3
140.4
140.1
141.2
137.2
142.4
153.4
191.9
239.9
253.6
256.9
254.8
254.3
256.4
260.0
251.8
239.7
220.8
191.9
171.0
166.3
163.0
154.9
146.3
150.1
148.2
147.9
149.5
146.7
152.3
155.4
174.0
213.1
247.5
259.7
260.2
256.6
255.4
254.5
247.0
229.0
207.6
181.2
163.3
152.4
147.1
144.2
142.0
143.0
142.5
143.8
142.9
141.0
147.9
159.4
186.5
202.8
217.8
232.2
232.4
232.0
231.2
223.2
207.3
201.9
181.1
158.0
141.8
140.6
140.2
139.5
133.4
134.1
134.4
131.9
117.7
131.8
131.8
131.4
142.4
146.8
130.5
131.0
133.4
130.9
132.5
132.6
128.7
120.0
137.6
137.9
134.3
133.2
133.8
131.7
132.8
128.7
125.0
133.4
134.7
132.8
133.6
117.6
131.4
130.2
133.2
131.9
130.9
133.0
134.4
133.0
131.4
132.9
134.9
137.4
133.7
134.7
134.8
134.2
138.5
119.5
127.0
132.5
133.0
133.8
139.8
150.0
190.0
223.3
242.0
256.4
260.1
255.9
247.4
251.3
254.4
243.6
219.7
197.7
174.3
169.2
158.2
147.8
145.9
145.5
144.1
147.0
147.8
141.7
142.6
155.5
187.0
227.0
245.6
252.9
259.4
256.4
254.6
253.8
250.5
242.8
232.5
204.5
172.3
162.6
155.0
149.2
149.9
144.8
143.5
140.7
141.1
138.2
143.0
153.5
179.1
213.1
237.5
253.5
262.6
262.6
259.0
261.8
248.0
236.3
219.9
202.5
180.1
164.0
155.3
149.4
145.3
145.5
145.1
143.4
146.1
140.8
143.7
160.6
202.8
238.3
257.4
265.0
267.6
258.7
254.6
257.2
245.7
225.3
205.8
182.1
165.5
160.8
158.9
151.0
142.9
142.9
144.0
142.0
141.8
137.1
140.5
148.5
173.4
201.2
209.9
222.9
222.2
220.1
216.2
208.4
202.7
192.5
177.3
160.9
152.9
147.7
144.2
140.7
135.7
139.8
140.1
139.7
140.1
136.4
138.0
137.2
136.1
136.6
137.4
138.7
142.4
140.0
140.4
140.4
140.6
141.5
140.7
139.9
137.5
137.4
135.4
133.9
130.9
128.4
128.0
129.7
132.4
131.7
132.9
131.4
130.9
130.3
133.6
135.2
134.7
135.3
135.2
131.8
130.1
132.7
132.7
132.5
129.9
115.4
131.3
139.6
134.8
135.9
131.6
133.1
138.2
146.5
161.8
192.9
215.9
213.3
216.4
219.4
209.4
204.8
191.3
176.9
159.1
155.2
146.9
143.4
144.8
143.8
146.1
141.9
143.6
140.8
140.6
134.7
138.2
142.4
151.9
174.6
188.5
175.5
178.7
180.5
180.6
183.0
170.5
163.2
150.0
145.0
142.1
137.0
138.6
137.3
138.5
134.4
138.2
138.6
141.1
137.0
141.2
146.0
158.3
189.7
203.4
187.2
175.3
182.9
199.2
177.7
169.6
157.8
146.8
143.2
142.4
140.9
140.2
137.7
136.1
128.2
130.2
129.1
129.5
130.1
136.3
144.1
154.3
178.6
190.1
172.1
171.1
171.2
175.5
164.5
153.0
147.0
138.6
135.9
136.8
133.6
130.7
126.7
124.8
126.1
127.3
127.3
125.9
126.6
125.9
123.8
126.7
138.8
141.2
128.4
127.3
128.7
122.3
125.3
130.9
132.2
129.7
131.1
129.7
127.3
127.4
126.5
125.8
125.2
124.1
110.0
118.1
122.0
125.9
125.5
129.4
128.6
133.0
125.6
108.0
123.7
123.3
122.8
123.7
122.0
125.4
122.9
118.3
117.1
125.0
123.1
123.4
123.9
124.2
124.2
123.3
113.1
125.7
125.2
125.7
123.6
124.0
124.1
124.2
117.7
116.6
126.5
123.7
124.9
123.0
124.2
126.0
124.1
128.3
116.6
118.0
122.6
121.4
122.4
118.6
106.3
122.5
121.6
123.6
135.6
140.1
124.9
125.5
126.7
112.6
123.1
124.4
125.3
125.5
125.9
125.8
122.1
124.2
121.6
121.3
129.5
125.8
127.1
126.5
129.6
133.9
141.4
155.0
173.1
185.6
173.1
177.6
176.3
171.7
169.4
164.0
155.6
145.4
142.7
142.0
140.3
139.2
138.7
139.5
135.2
134.8
131.3
120.2
134.4
135.4
139.4
149.1
163.3
169.6
168.2
164.7
160.0
160.3
159.5
155.5
147.9
140.7
137.1
134.4
133.6
141.6
134.3
132.9
135.5
137.8
138.9
135.3
132.2
134.7
146.3
158.5
166.8
169.4
169.1
169.1
171.3
167.8
167.2
160.2
155.6
144.4
142.3
142.8
136.4
136.6
139.0
136.8
133.8
133.8
134.5
133.9
134.4
137.5
141.8
150.8
167.0
169.6
165.3
163.5
163.4
162.3
161.0
151.5
137.9
135.4
135.3
134.0
134.1
132.9
132.1
133.0
120.0
132.9
119.2
130.4
131.1
131.9
129.7
132.9
135.8
137.2
137.7
135.6
130.4
131.7
131.0
132.0
123.9
112.0
125.2
129.1
129.3
128.4
127.2
125.9
115.3
118.7
122.9
123.0
123.6
124.6
117.5
110.4
122.5
124.9
124.0
123.3
121.2
118.9
110.7
122.2
122.0
120.9
117.0
108.2
120.9
124.9
124.1
122.0
124.7
111.9
124.4
126.6
126.2
131.4
138.0
147.6
157.5
169.6
169.6
165.9
164.5
168.2
167.5
161.0
151.6
140.0
134.9
134.5
131.7
132.7
131.9
136.9
128.2
123.4
112.4
128.4
125.6
127.3
130.7
139.7
154.2
157.0
154.6
154.5
152.6
152.9
154.3
158.1
149.4
136.6
130.7
131.7
128.1
131.5
130.2
129.1
126.4
131.4
128.1
128.5
127.8
130.1
129.6
142.8
153.4
158.0
158.1
151.9
152.2
151.8
152.8
148.6
140.3
131.1
125.0
124.1
122.9
124.7
123.4
125.9
119.0
120.7
120.3
118.9
120.0
117.3
118.4
130.1
139.9
149.6
147.1
146.8
147.1
145.8
147.7
142.4
137.4
130.9
126.1
123.0
117.7
117.9
116.9
117.2
117.4
118.8
119.0
119.3
119.1
122.2
126.7
135.5
152.0
154.9
153.2
161.8
156.4
154.2
152.9
142.2
133.7
124.8
122.8
122.7
119.3
122.7
121.3
123.9
117.1
118.8
118.1
117.1
117.8
119.3
118.4
123.0
119.4
120.4
121.2
119.2
119.9
116.6
105.7
116.2
115.8
115.7
115.9
118.8
118.2
116.4
103.3
110.4
108.9
115.7
118.6
116.9
117.8
118.2
115.5
116.5
102.0
114.7
116.2
114.8
114.1
116.3
115.7
115.5
116.7
105.1
109.9
116.2
117.4
119.9
118.0
113.1
114.3
116.3
116.8
117.3
117.9
119.0
124.5
136.2
152.1
162.0
154.7
154.8
156.5
153.8
151.6
147.9
125.6
126.5
125.0
121.9
121.9
106.6
116.0
124.7
120.3
124.9
107.7
119.3
121.4
123.1
127.9
140.0
152.2
155.3
154.9
153.0
154.6
156.5
155.6
147.2
140.7
133.2
115.5
115.0
123.6
121.7
119.9
121.0
121.3
118.9
101.7
111.2
116.1
119.8
122.6
133.1
145.0
148.5
148.5
148.5
148.9
150.7
150.5
144.1
140.5
119.3
111.4
121.8
122.1
121.7
116.8
108.8
122.4
123.3
121.7
116.8
107.5
122.1
127.7
138.4
152.8
157.6
163.2
158.8
158.9
157.4
154.0
151.7
140.5
130.7
126.0
123.8
111.7
115.5
122.4
124.9
116.3
118.4
111.3
106.1
116.6
117.9
123.7
131.0
140.5
147.1
147.5
146.6
146.6
148.2
142.8
135.0
127.3
124.0
119.7
119.9
117.8
116.9
115.5
117.4
106.6
101.6
111.5
115.7
116.3
114.6
105.2
120.4
119.2
121.3
114.6
105.0
118.2
119.2
119.8
104.4
108.2
115.1
114.9
106.5
104.3
117.4
115.3
108.7
107.4
111.0
111.0
108.9
98.3
104.7
108.5
110.5
101.1
101.4
111.7
109.7
108.5
109.1
94.8
103.5
111.5
109.8
100.2
96.2
110.5
112.5
106.2
97.5
116.0
115.6
117.2
106.6
108.5
118.8
127.1
141.3
163.3
167.9
159.0
157.3
155.7
159.9
159.9
154.4
144.6
130.2
116.7
125.5
122.6
129.7
123.0
122.9
111.6
105.6
118.4
117.0
116.1
119.1
122.9
140.4
160.5
174.3
160.6
157.6
160.7
160.9
158.6
151.6
140.0
128.9
118.5
109.7
123.9
129.4
120.9
118.8
112.8
113.1
120.9
119.1
120.2
122.8
127.0
140.0
162.0
174.1
162.7
163.0
164.9
162.4
159.8
155.8
147.7
133.0
124.9
116.8
125.5
126.4
123.7
124.0
113.4
119.4
106.2
121.6
119.3
123.8
125.1
141.1
164.8
174.8
162.5
162.5
168.1
163.4
162.6
153.1
141.0
128.9
123.4
109.5
123.0
129.0
122.9
113.4
111.0
122.5
122.4
122.8
113.7
113.3
125.5
138.2
161.0
176.8
166.0
165.2
166.8
166.1
163.4
153.2
135.9
127.2
121.3
106.9
117.1
121.6
121.6
122.1
112.2
118.7
117.7
116.0
116.4
103.7
114.8
122.8
128.6
132.7
103.9
116.7
117.3
116.8
120.3
119.5
105.4
112.3
116.9
117.4
120.3
119.0
107.4
111.8
112.2
120.5
118.6
114.8
107.6
120.6
117.4
119.2
118.8
111.1
109.2
117.4
121.0
120.8
120.3
114.3
105.9
118.4
119.2
119.1
107.6
121.6
121.5
117.1
109.9
115.1
116.1
117.7
103.9
109.6
114.6
115.7
112.9
105.1
119.0
118.8
120.7
107.8
110.1
119.4
117.8
109.7
108.0
119.0
119.0
113.1
99.2
111.0
120.4
116.5
103.6
108.5
118.9
123.7
130.0
141.0
140.5
144.5
155.9
156.6
154.2
157.6
158.9
161.0
144.2
122.8
112.9
123.2
125.5
125.5
118.3
112.2
121.7
121.8
118.8
112.7
108.0
120.9
123.0
132.2
146.3
148.2
152.4
153.9
154.1
153.9
150.5
145.5
140.9
116.6
120.2
123.8
122.4
121.7
104.3
114.4
113.6
122.0
120.5
106.0
114.8
121.7
122.7
132.3
144.7
151.4
151.4
153.2
140.6
151.2
156.6
151.9
140.9
130.6
120.0
111.1
123.3
122.9
121.5
118.2
108.7
117.2
116.7
118.0
112.4
103.9
119.6
129.0
141.9
147.7
150.9
155.7
155.4
153.1
151.6
143.6
130.5
122.4
107.6
118.6
117.2
119.4
113.4
102.9
113.7
118.1
119.1
115.1
102.3
115.7
116.4
118.6
115.3
106.4
107.9
124.5
123.8
124.5
122.4
111.0
114.9
128.1
124.0
122.2
107.3
104.5
113.3
112.5
110.2
98.7
97.7
108.6
109.5
110.5
94.6
101.7
109.7
111.0
117.4
111.5
107.5
121.8
119.6
117.2
115.1
100.0
107.6
112.8
112.2
113.2
96.6
101.2
121.0
115.8
115.3
113.2
100.2
121.3
123.2
136.4
160.6
188.0
192.9
198.1
191.9
193.3
195.8
191.0
181.7
162.4
143.0
132.7
132.6
131.4
122.5
133.1
122.6
128.0
124.8
122.1
108.2
121.0
129.0
138.2
162.5
190.5
201.1
201.4
201.3
200.2
198.5
197.2
183.2
160.2
141.5
129.1
130.2
128.7
126.1
126.6
120.4
127.3
129.0
127.7
124.1
128.5
132.1
144.2
172.0
188.1
195.9
193.8
195.9
197.6
202.5
196.8
181.8
163.7
144.0
133.9
132.7
131.0
120.6
129.2
127.7
126.3
126.3
123.9
121.8
114.2
134.9
140.5
163.6
193.0
197.4
200.6
203.2
206.1
204.0
198.6
186.0
163.0
140.4
127.1
127.9
134.0
124.8
129.0
124.5
125.2
115.7
118.3
125.9
129.6
130.5
140.2
160.5
177.8
192.1
198.5
199.1
194.3
190.5
183.0
167.7
152.0
139.4
129.4
122.6
112.6
124.6
126.3
117.7
118.1
106.3
118.5
118.2
120.7
115.4
119.0
124.9
125.1
119.9
118.1
120.4
105.7
111.7
116.1
115.0
116.0
98.8
109.9
114.2
115.5
102.4
108.3
117.4
114.9
107.3
105.2
115.8
115.5
110.6
102.4
118.3
119.0
119.0
119.1
114.1
113.4
122.0
118.9
119.0
109.6
113.9
121.3
124.9
116.8
114.2
124.2
123.9
104.6
112.9
117.7
122.4
123.7
132.2
151.3
175.3
196.9
212.9
211.2
213.0
216.5
207.5
204.8
194.5
174.2
150.8
138.8
126.4
117.0
128.3
131.3
119.9
128.3
126.9
115.4
127.8
129.6
135.7
143.4
170.9
201.1
217.0
222.5
216.9
218.9
214.7
212.8
196.1
172.8
151.4
135.4
133.6
133.5
131.8
116.7
123.5
126.7
128.2
128.0
125.7
122.2
129.2
143.5
171.9
195.4
206.1
209.5
205.0
208.4
207.7
198.9
188.6
165.5
144.8
137.0
129.0
123.5
110.9
120.6
124.1
124.2
122.1
107.3
122.6
126.0
130.0
142.1
164.6
189.6
200.3
195.1
193.4
190.6
195.9
195.4
179.1
156.2
135.8
128.9
125.8
128.8
126.2
124.6
120.3
119.1
119.5
119.1
118.7
119.2
123.2
135.1
153.3
169.0
182.7
181.7
182.1
180.6
186.8
184.0
156.2
135.4
126.2
122.7
117.1
121.2
120.2
120.9
116.3
119.5
118.4
118.9
118.3
116.4
115.1
119.5
118.0
116.2
119.5
117.4
119.9
120.3
118.2
116.9
116.5
115.8
117.8
115.4
116.4
117.1
115.4
115.0
106.8
111.9
110.6
108.9
111.4
111.0
111.5
115.6
114.7
116.2
115.4
115.9
116.0
113.1
112.6
110.0
110.7
110.3
110.2
109.9
111.6
113.6
109.2
96.9
106.2
114.6
113.5
112.5
113.5
114.4
112.0
115.4
118.4
117.8
117.5
118.1
119.1
118.0
117.1
118.1
117.2
117.3
116.8
117.5
117.0
117.9
115.5
117.5
119.4
114.7
114.6
114.3
114.5
119.4
124.9
139.0
160.1
185.0
192.3
194.3
190.5
195.5
197.3
188.1
183.0
168.1
142.0
129.0
126.0
127.3
124.9
122.1
124.4
125.5
125.6
124.4
122.7
123.7
130.8
147.1
173.7
191.0
193.7
196.7
198.9
202.2
198.9
197.0
190.5
175.2
154.2
137.8
137.7
133.7
130.1
128.0
124.7
122.7
122.9
120.4
121.8
124.3
129.9
143.8
152.5
173.8
195.1
194.3
194.3
198.2
194.7
191.2
183.5
162.7
141.1
131.9
128.1
125.9
109.1
122.1
122.4
125.4
111.4
121.6
122.0
124.1
120.0
129.0
160.5
179.3
189.1
193.3
193.9
196.6
194.3
185.4
175.1
155.8
135.4
133.6
120.7
110.5
124.1
124.1
119.1
120.2
105.6
119.2
116.2
118.6
114.5
110.5
121.8
118.6
117.1
104.3
112.5
116.9
114.5
104.4
106.3
114.0
114.0
100.1
112.4
117.0
111.0
102.2
117.1
116.4
109.0
106.4
117.3
117.0
115.6
117.4
117.7
128.0
128.6
128.2
129.4
116.1
106.4
116.7
118.6
109.0
104.4
115.9
118.1
121.9
103.8
116.1
120.4
114.8
101.5
116.2
117.2
120.2
115.8
139.1
168.2
191.8
205.7
207.1
206.3
210.1
208.8
205.9
191.6
176.8
157.1
142.1
135.3
134.8
127.3
112.0
127.4
126.4
128.7
118.9
117.8
128.3
138.4
157.7
182.7
214.7
222.4
226.0
224.6
224.8
219.7
214.1
203.9
183.3
160.4
150.1
142.7
136.4
123.5
117.8
127.1
122.9
122.0
122.2
106.6
119.9
129.2
148.2
176.5
200.6
210.8
211.4
208.8
211.6
210.7
204.4
192.8
180.5
162.5
147.5
134.9
133.7
124.1
113.5
125.2
128.3
122.6
112.0
122.5
123.2
133.0
149.2
168.4
188.1
197.0
201.1
200.4
202.8
209.7
205.8
192.6
175.2
153.4
139.5
133.4
120.5
127.9
125.0
123.1
113.4
113.0
120.0
118.7
120.1
127.4
142.5
159.5
175.7
182.8
186.2
184.0
184.3
184.0
183.4
169.5
147.2
119.8
113.2
117.0
119.1
104.8
114.4
115.7
117.3
102.6
113.5
117.2
117.3
105.4
115.7
118.5
118.9
118.8
109.1
116.8
120.0
116.5
103.3
116.0
117.2
109.5
103.7
118.8
118.4
106.1
109.5
114.2
111.8
100.0
105.3
111.4
112.4
97.9
106.8
111.9
112.6
99.4
110.2
113.4
109.3
101.2
112.7
113.4
106.2
101.3
112.0
113.4
101.2
110.5
114.6
115.2
105.3
118.0
117.1
108.0
114.3
130.6
144.1
165.1
190.5
200.1
202.7
209.7
209.4
212.0
210.9
196.8
178.2
159.8
151.5
137.0
136.0
131.7
131.3
122.8
114.1
126.5
125.5
125.0
124.6
126.0
132.2
176.4
199.8
209.6
207.3
209.3
216.0
213.8
209.7
197.8
179.0
152.3
141.7
138.2
133.9
129.1
125.9
126.3
127.1
127.9
128.6
119.2
112.3
129.2
147.2
176.2
198.5
207.1
213.4
212.2
216.9
223.6
216.5
199.4
180.7
164.0
147.8
142.5
133.9
116.5
127.5
123.5
122.2
105.3
119.3
119.5
122.3
123.6
136.4
171.4
196.3
214.1
215.5
211.0
211.0
212.4
208.7
203.2
176.8
151.0
140.6
135.3
133.2
120.3
116.9
120.5
124.5
124.0
109.7
114.6
125.3
133.8
140.0
159.5
184.7
188.3
194.9
194.7
192.5
194.1
189.4
182.2
160.0
139.8
115.5
124.8
126.1
125.0
109.5
113.7
123.5
113.5
108.1
117.0
118.3
114.2
112.3
121.0
118.6
116.2
106.0
122.8
119.0
119.4
113.3
105.3
116.1
115.8
107.4
107.6
118.9
116.6
112.0
103.5
117.9
117.7
112.8
105.0
119.3
116.5
115.6
101.9
115.5
118.2
119.0
107.5
115.0
118.6
117.9
104.6
113.9
115.6
113.4
103.9
120.6
116.9
108.4
122.0
116.8
116.4
101.4
117.3
118.9
127.8
144.8
171.0
196.2
204.5
205.4
204.9
212.8
217.1
214.7
202.7
188.6
171.3
155.0
140.5
140.5
134.2
129.4
129.3
121.0
119.3
127.2
122.9
122.0
117.1
151.4
182.1
203.7
207.3
212.9
214.5
214.7
217.1
211.9
205.2
186.1
159.7
145.9
142.2
125.5
129.7
132.6
128.6
129.7
114.1
119.4
122.3
121.1
135.3
151.3
176.3
196.8
212.3
208.4
213.6
208.6
210.4
205.8
197.8
182.1
159.2
145.3
140.0
133.4
116.2
121.7
124.2
126.7
118.9
121.5
125.2
124.4
130.9
144.8
169.2
193.9
204.9
206.3
209.9
209.7
211.4
211.4
202.2
180.7
153.6
141.0
134.6
123.5
127.4
126.6
123.7
119.6
107.9
120.7
118.0
118.0
121.8
126.4
157.0
177.1
186.4
189.0
188.0
186.9
186.6
183.8
169.5
151.0
133.2
123.0
108.0
124.3
122.0
121.4
120.3
114.2
119.0
122.4
119.9
104.9
118.0
119.2
116.6
104.5
118.6
118.0
111.8
111.3
125.1
120.6
107.1
114.9
119.9
118.1
119.3
113.2
107.4
119.5
109.4
104.3
113.0
114.6
115.4
100.8
111.6
112.2
111.2
99.3
113.7
113.0
112.3
103.9
108.4
112.0
111.8
97.7999999999
109.8
112.8
109.3
104.2
116.4
115.9
101.6
111.2
119.2
119.2
105.5
115.4
133.4
154.8
179.2
200.4
209.5
211.0
213.1
213.6
214.5
211.7
199.8
179.2
158.6
140.8
133.4
136.6
127.1
119.4
111.6
110.0
120.0
118.7
113.3
108.4
127.1
151.0
174.2
198.1
204.4
207.8
208.4
211.2
212.7
208.4
198.4
185.0
158.0
143.9
122.6
121.3
124.0
118.9
119.9
108.3
114.3
122.2
122.4
124.2
125.2
137.3
177.9
198.1
207.4
210.7
210.3
212.7
215.2
210.8
201.5
188.4
163.5
144.5
131.4
124.9
127.1
124.2
113.8
112.8
115.1
120.7
119.9
123.7
129.0
131.4
166.9
191.5
196.5
194.9
194.2
195.4
198.6
195.2
189.6
167.6
147.8
123.6
120.4
128.6
120.9
109.9
115.3
123.8
123.4
122.8
116.0
114.0
131.7
146.6
163.0
181.4
187.9
193.2
193.2
197.5
195.8
186.3
173.8
152.3
126.2
110.4
124.3
125.6
117.2
107.8
114.1
122.5
117.0
106.8
116.2
116.7
118.3
119.0
100.1
110.7
115.6
112.8
103.2
106.0
118.8
116.0
104.8
104.1
113.5
113.3
103.7
103.2
116.7
115.3
107.3
104.5
115.3
116.1
103.7
104.9
114.9
114.6
104.7
103.9
117.9
117.3
115.5
103.4
112.5
116.5
115.1
101.6
110.2
116.7
116.2
107.2
111.9
119.2
117.3
110.1
108.1
120.5
119.0
115.1
119.1
134.1
170.2
193.4
201.4
203.4
203.4
209.6
209.6
207.7
196.1
181.7
162.1
153.1
137.9
133.3
129.4
122.7
116.6
116.7
122.9
121.9
112.2
117.2
131.0
151.9
179.0
201.7
209.3
212.9
210.4
214.0
218.0
217.7
206.2
190.4
166.9
150.3
134.8
132.2
131.6
127.9
123.6
130.1
117.2
115.8
127.4
127.5
134.8
152.2
172.0
209.8
220.3
216.7
221.1
223.9
228.2
229.6
220.5
192.4
152.8
151.7
150.2
143.5
138.3
127.9
123.3
131.1
123.9
113.9
128.0
126.2
123.0
141.3
182.9
210.0
219.2
221.3
219.6
226.6
213.9
207.7
207.7
184.4
158.0
141.0
136.9
130.8
119.9
126.8
123.2
119.6
112.2
126.8
126.6
126.5
121.6
143.4
169.3
189.7
195.3
200.7
205.1
201.9
204.7
192.2
178.8
148.9
130.8
130.5
126.8
123.3
110.3
122.4
117.6
115.2
108.0
118.7
118.0
107.6
121.6
127.2
115.6
114.0
121.3
120.7
110.0
123.3
122.6
107.4
116.9
119.6
107.6
111.5
119.4
110.9
112.4
119.1
104.7
107.7
118.6
112.7
105.9
119.8
117.1
104.3
116.1
118.9
108.3
110.0
120.2
116.8
104.6
118.2
118.5
108.7
108.4
117.8
113.9
108.2
119.2
118.2
113.0
112.5
117.2
108.7
104.2
119.6
129.8
152.0
192.1
208.7
213.2
215.1
216.2
219.6
217.1
197.8
202.7
191.1
166.9
155.0
137.1
139.2
134.0
128.8
123.9
119.3
127.4
126.4
116.2
117.5
133.2
155.4
187.0
213.4
219.3
223.4
219.8
226.9
229.9
224.6
218.0
195.9
152.2
138.5
139.2
138.4
132.2
130.5
129.8
118.5
118.7
128.3
128.6
129.0
132.8
139.7
181.9
207.5
214.5
213.2
214.4
217.9
218.2
211.3
198.6
176.8
153.9
143.3
140.2
126.7
120.2
130.4
120.2
128.2
111.5
124.2
121.7
124.0
120.9
138.5
171.9
181.2
188.2
191.2
197.3
198.9
199.1
195.2
174.1
163.0
149.1
136.7
133.6
128.3
122.3
109.1
122.2
122.6
119.6
106.5
116.8
124.9
128.2
143.5
149.1
179.3
191.6
192.8
191.3
195.6
192.2
175.3
172.8
154.0
137.5
129.9
126.9
117.3
121.0
128.2
124.1
114.1
114.9
124.5
122.3
109.8
118.5
126.4
125.2
111.7
115.5
123.0
124.8
115.7
108.7
123.7
120.5
115.5
104.7
115.2
119.0
114.4
106.3
118.0
118.7
108.1
104.6
119.1
119.0
105.7
103.3
115.5
116.5
106.3
105.6
119.4
121.0
109.9
112.6
117.8
118.9
106.5
106.5
119.3
119.5
108.2
111.6
120.7
121.9
111.5
114.1
119.9
119.4
107.6
132.1
156.0
186.8
210.2
219.2
220.5
219.2
224.8
229.4
225.0
207.5
190.3
163.9
139.8
142.3
143.6
137.0
126.6
132.2
132.1
130.2
124.3
114.0
129.1
140.4
160.3
189.2
213.8
218.0
227.2
224.9
227.6
234.0
230.3
217.8
195.9
161.2
140.9
147.2
141.1
122.2
123.2
121.6
127.9
121.3
117.0
126.9
127.3
135.5
139.0
179.9
216.8
223.5
224.2
222.5
226.9
230.5
224.4
210.5
191.3
163.6
150.8
126.6
134.9
133.4
130.7
116.3
122.3
123.9
122.4
117.8
116.3
136.9
152.3
180.2
207.8
214.8
216.4
213.3
219.3
219.3
216.8
202.9
181.2
153.7
131.3
130.0
138.8
129.9
116.9
125.4
127.9
125.1
108.6
119.5
127.7
137.3
146.3
160.4
196.1
199.1
205.3
206.9
200.9
198.6
194.9
183.9
161.7
137.6
115.9
129.0
129.5
128.6
110.2
119.6
121.4
121.2
113.0
112.7
122.7
118.9
112.3
113.7
120.3
123.3
112.7
113.8
121.3
122.8
114.0
105.5
118.2
119.0
105.8
119.1
120.6
116.5
105.8
114.7
119.4
104.2
116.4
121.4
106.1
107.7
112.6
109.1
99.3
114.1
114.3
105.4
108.5
116.1
114.5
98.8
109.1
112.6
106.0
104.9
117.7
114.9
101.5
126.2
120.7
120.9
120.2
120.1
122.9
131.5
144.1
174.1
212.5
220.6
222.0
220.5
223.5
226.9
226.3
215.0
193.2
159.9
148.0
152.9
146.8
126.6
125.9
123.9
132.3
128.5
111.9
118.0
125.8
130.2
148.7
165.5
203.1
212.6
214.1
212.9
215.4
223.7
220.3
213.3
192.0
155.4
120.5
125.1
126.9
124.0
110.7
125.9
128.0
123.7
113.5
109.8
124.7
133.0
146.4
158.9
198.4
208.0
209.5
208.2
210.9
210.7
208.8
196.2
163.9
136.1
120.6
130.3
131.2
126.1
115.5
125.6
128.9
119.7
106.6
113.7
121.3
127.0
131.4
145.4
190.9
198.5
199.6
198.0
196.2
198.3
191.7
177.0
142.1
117.7
124.1
122.4
115.8
113.0
121.7
120.7
116.4
108.2
120.1
119.4
121.5
118.6
117.4
153.3
181.2
187.2
187.0
187.3
188.8
179.7
174.1
165.1
140.0
129.7
122.5
111.0
114.7
122.1
121.8
109.7
106.5
107.1
114.2
112.8
108.7
100.3
117.8
115.6
114.8
103.8
102.2
113.2
114.2
108.1
97.5
108.7
111.5
108.2
96.2000000001
106.3
113.0
110.9
108.2
106.0
108.7
113.1
112.8
100.0
107.8
112.1
111.7
103.7
98.9
114.1
115.3
114.9
104.5
103.4
114.6
114.4
107.3
98.2999999999
112.1
116.1
115.3
101.8
110.8
120.2
116.4
115.6
99.7999999999
113.1
117.3
121.8
132.5
151.5
182.5
189.4
193.3
193.9
196.6
195.7
189.5
172.8
149.7
131.7
119.9
114.5
123.9
121.7
121.3
117.7
112.6
121.4
119.7
120.7
122.1
124.9
136.6
158.9
187.3
195.7
195.0
197.9
197.0
195.0
189.2
180.6
152.9
137.0
131.4
121.1
116.3
127.5
128.0
118.6
115.6
110.9
121.5
120.7
121.2
115.3
123.5
155.8
177.2
184.6
187.7
190.9
191.0
189.5
188.6
175.1
148.3
133.9
112.8
113.5
121.3
121.7
121.0
116.9
122.0
122.0
122.8
107.5
120.3
128.4
136.5
154.1
179.0
189.5
193.1
190.9
191.5
188.8
181.4
171.4
149.0
132.7
126.6
111.9
124.1
126.9
125.9
120.0
106.9
118.0
120.5
121.6
119.7
107.2
126.0
146.2
168.2
174.9
178.8
180.6
181.9
179.1
171.4
160.5
139.6
118.5
116.5
120.0
120.9
116.6
103.8
115.2
120.2
115.9
104.7
117.0
116.3
116.2
105.2
116.9
118.5
114.2
103.9
115.5
120.0
111.7
104.0
116.6
116.9
107.8
110.0
117.5
117.1
103.6
108.6
113.7
113.9
96.2999999999
109.1
111.0
103.4
98.9
111.4
109.8
100.5
102.6
109.0
111.4
107.1
100.9
113.2
112.2
111.6
104.2
102.8
113.7
112.5
98.0
110.7
116.9
101.2
111.5
116.4
116.8
105.0
124.3
135.9
161.3
187.0
193.5
194.6
191.5
192.4
194.7
193.1
177.4
140.9
122.9
126.5
125.1
113.1
113.5
125.4
121.0
122.3
106.0
110.6
118.0
118.5
123.0
122.5
147.8
179.2
185.0
185.1
186.7
186.3
186.9
186.3
169.5
147.4
123.8
107.4
118.2
119.4
119.4
116.7
106.1
105.2
117.7
117.3
120.0
121.2
124.1
129.3
149.1
181.2
187.0
186.8
186.3
190.1
186.6
178.8
165.3
143.7
128.9
111.8
122.8
127.7
126.0
112.3
120.9
121.9
120.6
116.2
107.6
124.1
130.1
139.0
156.1
173.2
181.4
185.1
185.0
185.3
185.0
175.2
150.4
128.9
129.2
125.2
118.6
109.5
120.1
123.9
119.4
114.3
102.1
118.3
118.7
123.8
126.7
121.8
141.6
178.3
185.8
186.7
187.0
187.3
184.7
178.8
163.8
142.2
121.2
109.6
120.4
123.8
111.0
106.0
114.9
119.5
110.2
104.0
113.6
113.2
111.9
115.6
40.4
114.7525
115.2075
91.9
110.7
112.6
99.5
105.2
107.7
108.5
97.6
104.4
110.8
107.9
92.5
100.6
110.0
108.6
96.2999999999
105.4
111.2
105.7
96.1
107.8
107.9
102.7
97.1
108.2
113.4
109.1
97.2
107.5
108.4
107.1
94.1
102.8
111.1
107.3
97.3
108.3
111.8
112.2
99.6
108.6
115.7
116.0
116.9
116.0
151.8
182.2
188.9
189.3
190.2
191.3
188.6
173.5
178.2
152.0
136.2
122.3
117.2
128.5
123.2
112.7
124.9
119.6
119.3
100.4
114.8
119.2
123.7
121.3
146.4
180.4
188.6
187.7
188.9
191.6
193.1
186.5
173.9
151.5
122.9
130.3
130.5
120.0
117.9
128.4
123.4
116.1
115.8
121.0
118.5
108.8
116.8
130.4
149.0
179.5
184.0
183.4
183.8
182.6
186.8
177.0
168.1
133.8
125.2
125.3
117.7
109.9
119.2
114.9
115.4
105.1
118.3
118.2
108.8
111.6
124.9
137.5
152.5
176.4
188.7
190.5
188.9
193.1
189.1
176.8
171.3
150.5
134.6
130.5
122.6
117.4
123.9
123.4
121.3
107.7
117.5
117.4
116.8
108.6
126.4
134.5
156.0
174.4
184.3
184.4
183.7
187.3
185.9
182.4
164.1
137.4
127.8
130.9
129.3
121.1
111.2
118.4
117.9
113.7
103.4
119.8
118.0
112.3
105.7
121.5
120.3
117.8
115.8
102.9
117.4
118.7
110.9
108.3
116.9
118.2
101.3
113.0
118.4
114.3
104.4
118.3
115.7
105.2
113.3
114.9
107.5
104.9
111.6
111.7
96.6000000001
107.7
111.4
107.7
98.5
112.2
112.1
111.5
96.1
105.3
109.7
101.4
104.6
114.4
112.2
112.2
114.3
115.2
115.7
115.2
103.8
108.8
124.8
131.4
149.8
171.9
181.4
177.2
168.1
179.7
183.0
177.1
165.8
145.9
118.5
119.8
124.0
127.2
107.0
106.4
117.5
118.9
110.7
100.7
114.2
116.7
120.6
134.2
144.4
164.4
181.5
183.5
179.3
185.3
187.3
178.4
162.7
144.5
119.1
107.9
121.7
118.9
107.8
99.5
111.7
118.8
112.7
99.2
111.9
120.2
123.8
133.8
136.3
172.1
183.7
183.1
181.6
184.1
182.7
165.2
156.7
142.8
128.7
119.4
109.8
123.7
119.4
116.6
113.0
116.3
119.3
117.0
104.0
112.2
119.6
128.4
148.4
171.2
185.7
179.7
166.0
183.3
180.4
177.2
161.2
135.6
113.3
121.5
122.8
115.1
102.8
113.3
118.1
119.2
103.8
109.0
120.2
124.1
124.2
119.1
138.6
177.7
182.5
183.6
182.4
173.7
176.8
178.5
162.2
142.6
118.9
116.2
129.1
129.4
109.0
113.3
120.9
119.4
106.1
108.3
119.6
120.2
106.3
114.7
121.0
122.2
113.9
108.6
119.7
119.1
111.1
105.1
117.8
116.4
105.6
106.5
120.4
123.0
103.9
110.0
117.7
112.0
100.8
109.7
118.1
110.2
99.8
113.4
117.2
107.5
101.7
116.0
117.4
119.9
106.2
106.0
116.3
114.4
102.7
109.0
120.3
114.8
102.5
112.5
118.0
117.1
103.3
112.4
116.6
120.5
123.8
124.9
159.2
186.1
190.9
193.3
192.9
189.0
179.4
187.0
170.2
143.3
125.7
114.2
120.5
120.0
105.5
109.6
117.8
119.4
106.4
109.2
116.8
117.9
115.2
123.4
151.5
175.8
186.5
184.2
190.7
192.0
192.9
186.1
174.6
150.5
136.2
116.9
130.4
126.9
122.3
109.0
123.4
123.6
114.9
111.4
126.9
128.8
133.3
139.2
141.6
178.0
182.4
183.7
182.4
181.6
186.4
185.5
168.6
142.1
121.0
123.5
122.5
121.1
106.6
111.7
120.4
121.8
106.1
116.3
120.0
121.6
125.2
122.7
145.9
181.6
186.2
185.8
186.1
183.2
186.0
189.1
172.6
138.5
128.0
124.4
124.3
110.3
117.0
120.8
118.9
109.3
109.8
117.8
119.2
118.3
121.9
113.7
144.9
167.4
174.9
179.0
174.2
178.5
175.7
172.2
152.1
136.7
113.5
117.0
118.2
106.5
108.3
114.7
112.6
103.1
111.5
115.9
117.7
105.5
111.9
117.5
113.0
99.3
113.1
117.3
105.1
110.2
115.8
117.3
100.4
112.1
114.9
105.9
106.8
114.6
109.4
97.8
112.5
113.3
101.6
102.6
110.5
109.1
97.8
111.5
112.7
111.1
100.3
102.7
112.5
111.5
109.6
97.7999999999
111.3
112.5
100.1
104.8
110.7
111.7
99.2
113.2
109.6
99.9
110.6
111.0
107.9
99.1000000001
108.2
113.6
115.0
100.9
104.1
112.6
113.6
103.7
107.0
115.0
114.2
105.7
100.3
114.5
114.8
105.8
98.2000000001
114.0
118.7
110.1
97.1000000001
106.4
112.7
116.0
107.1
123.5
158.2
181.3
189.1
190.7
187.7
191.5
191.2
187.9
168.2
133.4
132.1
125.8
123.9
120.0
108.4
118.3
117.4
123.3
107.5
112.0
120.6
123.6
126.9
124.3
150.1
183.3
191.9
194.7
194.5
193.6
192.3
185.5
177.6
152.7
129.5
112.2
129.2
129.2
122.9
110.7
122.9
118.3
116.7
112.8
103.6
119.1
126.6
135.9
159.3
184.9
189.8
192.3
184.4
185.4
191.1
187.2
173.7
153.7
118.7
120.2
123.8
126.2
107.9
107.4
110.8
122.0
122.2
105.9
114.6
125.6
126.2
138.6
159.0
176.5
175.2
178.3
186.7
185.8
186.2
183.0
165.0
142.7
120.6
109.0
121.1
120.2
118.3
105.0
116.8
115.8
114.7
107.3
99.4
114.6
113.2
113.5
99.7999999999
111.6
116.1
114.3
105.0
106.8
114.1
112.6
111.8
101.2
105.3
115.6
114.4
104.8
101.3
114.4
106.9
110.3
101.9
114.3
117.9
115.5
99.3999999999
108.8
114.7
116.3
102.1
100.1
113.0
113.1
113.9
101.9
99.5
113.4
113.2
107.0
98.1
113.2
114.3
115.7
113.9
111.3
115.4
113.6
101.6
113.5
129.3
143.2
170.5
191.2
196.6
201.1
201.5
208.4
206.0
207.2
197.4
182.6
163.2
158.8
151.0
147.7
128.0
123.9
125.3
125.5
121.9
107.5
124.1
125.1
133.5
151.3
183.6
205.8
210.9
214.6
213.2
214.5
219.9
213.5
205.7
192.4
168.0
150.7
148.6
136.4
128.9
127.6
126.4
124.5
122.3
123.0
120.5
122.8
127.9
144.1
177.0
204.0
212.7
209.7
210.7
209.3
209.5
206.8
199.2
180.0
153.6
140.0
133.5
119.6
116.5
125.7
127.4
126.0
112.9
120.3
122.6
124.9
127.3
126.7
170.5
191.2
197.3
203.0
201.8
205.3
207.5
205.5
195.6
173.1
150.9
138.6
137.3
137.2
130.3
116.7
128.1
130.7
127.6
122.5
112.6
116.1
129.0
141.9
162.3
183.2
188.0
191.2
195.5
192.6
195.5
190.7
171.7
152.3
135.1
124.7
113.5
114.5
122.9
123.6
122.3
117.8
114.1
122.3
120.4
119.3
108.0
126.2
124.3
120.9
108.3
123.9
123.1
121.8
105.2
118.0
119.8
121.2
110.0
116.0
120.8
122.7
108.2
117.0
113.9
121.7
108.6
115.8
120.2
118.4
105.3
113.4
117.7
117.3
112.8
101.5
116.5
115.8
111.2
105.0
116.7
117.5
120.0
107.0
111.6
117.8
116.8
104.3
121.4
120.2
120.5
106.0
111.5
125.8
132.8
149.0
176.8
202.2
210.2
210.6
210.4
216.1
213.7
210.9
199.3
188.2
162.9
155.0
144.5
124.9
130.9
127.2
127.4
122.3
106.1
115.5
118.1
121.3
128.9
150.5
181.5
212.7
221.7
218.0
218.8
219.7
218.4
216.3
202.5
187.7
166.1
146.9
135.2
116.6
127.5
126.4
130.0
126.0
115.1
113.7
124.3
127.2
132.8
150.0
171.7
199.9
214.1
217.4
216.5
222.7
229.7
229.5
219.9
201.9
168.1
151.1
133.2
127.0
133.4
132.9
130.6
129.6
112.8
120.1
121.9
127.5
134.5
153.7
179.8
201.4
206.1
210.5
213.2
211.7
210.5
202.1
193.4
173.3
148.9
123.9
120.5
125.8
133.3
138.2
119.6
124.4
127.4
127.2
125.6
118.7
126.5
146.6
160.2
184.5
197.2
199.8
199.6
198.2
199.6
191.7
174.0
146.1
126.2
123.1
128.8
130.7
124.3
114.9
116.9
124.8
121.2
119.6
105.9
119.0
123.6
129.1
121.6
109.8
122.8
127.9
127.7
124.5
109.0
117.0
120.4
122.1
113.4
106.2
121.1
120.4
118.7
116.4
113.1
115.0
121.3
121.1
113.2
112.0
119.5
123.7
125.1
121.8
108.6
116.2
122.0
122.7
111.0
110.2
123.8
122.1
121.6
106.3
115.4
122.5
121.6
122.2
119.8
112.8
119.0
117.9
120.3
124.1
130.6
123.9
157.2
189.1
198.6
197.0
199.9
197.4
202.9
204.2
185.9
158.0
137.7
129.3
126.9
120.3
121.5
130.3
130.6
131.3
129.9
115.7
129.1
131.0
137.8
144.7
177.3
203.0
211.6
208.5
210.1
214.8
226.4
208.2
187.5
161.6
141.0
134.6
133.9
133.7
121.2
129.3
131.1
130.8
130.4
117.6
122.5
127.8
130.0
144.8
172.0
198.8
199.6
199.5
199.2
201.5
199.6
195.6
179.4
155.2
138.3
126.0
125.3
127.0
116.5
122.9
127.5
127.0
127.0
123.9
111.1
125.3
131.1
147.2
167.4
200.4
210.0
209.4
199.7
199.5
200.0
191.9
176.2
155.5
141.3
130.4
127.8
124.9
114.4
127.6
124.1
123.7
120.0
109.1
121.0
122.9
128.5
138.0
166.8
183.2
183.5
189.6
190.5
190.1
185.1
179.2
159.2
143.7
135.0
124.8
112.3
114.8
122.0
120.4
119.8
123.5
122.8
108.2
116.6
119.8
119.9
124.9
133.8
127.2
122.5
123.0
123.8
124.7
120.0
119.4
116.1
117.7
121.6
122.4
121.8
119.8
119.3
118.9
117.1
113.9
116.4
116.4
116.1
116.8
115.2
116.9
118.8
118.3
115.3
112.8
113.6
114.0
113.4
114.6
113.9
115.1
117.3
117.7
116.9
117.1
115.6
116.7
120.7
114.5
104.2
118.3
118.7
122.4
132.2
140.1
171.7
194.2
204.5
202.8
202.5
203.2
197.3
189.9
179.4
155.8
134.1
113.7
122.4
127.8
129.0
128.6
127.0
116.5
114.0
122.5
120.8
121.0
127.5
135.6
153.3
177.3
194.0
191.5
189.1
193.1
191.2
186.3
170.2
147.3
128.8
115.9
110.5
123.5
124.7
123.6
130.1
112.7
118.7
126.3
125.2
127.6
120.2
126.7
167.9
189.0
199.6
204.8
200.0
199.6
199.6
203.6
188.7
157.5
136.0
132.2
117.6
128.5
129.8
132.8
129.4
121.7
112.0
123.1
124.2
127.5
132.8
137.8
153.6
189.6
199.5
201.3
195.7
196.5
197.2
195.2
181.1
155.2
134.3
128.5
129.2
126.6
114.4
120.2
124.4
130.2
131.2
124.4
111.8
126.5
131.3
138.0
163.8
185.5
188.0
192.4
191.3
185.5
184.2
177.4
167.6
152.9
136.5
118.7
115.7
125.2
127.6
127.9
110.2
112.1
123.0
122.6
120.7
108.8
117.7
125.2
134.1
126.4
114.9
111.0
121.6
120.0
116.4
102.9
115.3
120.4
117.3
109.8
105.3
122.0
116.6
116.0
106.0
110.8
118.7
118.5
117.9
104.4
115.0
118.5
117.0
116.3
101.1
109.4
117.5
119.2
109.8
104.4
117.0
118.2
114.7
104.7
117.4
124.9
121.2
105.9
122.8
119.7
116.5
108.3
104.4
117.9
125.6
136.2
162.4
183.0
188.0
188.0
183.6
184.0
186.3
181.0
171.3
139.6
124.8
125.2
125.6
121.8
110.1
127.3
125.5
127.4
117.4
123.9
123.8
127.6
132.8
140.9
159.5
187.1
193.5
196.0
196.0
197.0
191.8
172.8
174.5
149.3
135.8
131.9
130.4
126.1
115.7
125.6
124.1
123.9
113.9
112.3
121.0
123.4
124.5
126.4
156.3
185.1
194.3
192.4
194.3
193.7
193.8
187.2
176.6
154.7
138.4
131.8
117.4
123.9
127.3
126.6
127.9
113.4
122.7
126.7
131.8
128.9
121.8
146.6
175.4
194.3
195.9
194.0
196.3
201.7
200.7
202.4
186.1
159.0
138.0
131.1
122.0
123.9
130.1
131.2
129.2
112.3
125.8
128.3
124.4
115.7
125.9
139.1
156.1
180.4
189.5
190.3
190.5
189.0
194.7
185.8
167.0
139.2
117.3
115.7
122.2
122.2
123.8
126.3
122.2
125.1
123.1
124.7
122.8
126.6
127.2
126.2
132.7
128.5
121.7
121.6
120.7
121.8
121.8
127.8
119.6
121.2
121.8
120.4
123.7
123.7
123.5
123.2
122.1
119.9
120.8
119.8
121.1
122.4
118.0
117.1
118.1
116.4
117.3
117.2
117.8
115.7
114.2
115.7
116.4
117.8
117.2
116.3
116.6
118.8
119.3
120.3
125.2
122.9
122.5
121.9
124.9
127.2
139.9
154.3
192.4
222.7
218.1
230.6
227.2
228.8
232.5
222.3
210.0
189.0
164.9
151.9
143.8
143.5
135.4
132.1
131.0
127.1
126.5
126.5
126.7
128.2
136.0
159.9
208.4
236.8
230.0
239.5
240.2
228.8
234.8
235.5
229.3
202.4
164.5
147.4
140.4
132.9
118.2
137.1
124.3
130.6
129.8
120.4
116.3
129.6
136.9
157.6
216.1
236.1
221.6
229.1
233.0
233.8
225.8
220.9
216.5
195.3
171.7
155.8
149.6
143.9
144.4
130.6
122.2
132.3
130.3
131.4
127.5
131.7
140.2
159.2
205.0
231.3
234.1
239.6
238.1
242.5
239.4
233.0
219.7
200.7
164.8
126.7
131.2
137.9
141.4
135.5
118.8
127.3
134.9
133.3
127.3
118.4
138.6
153.8
186.0
205.9
208.4
211.5
212.6
213.5
211.6
203.8
193.5
174.9
146.8
126.6
135.6
138.7
136.4
123.1
128.9
131.3
130.9
119.9
115.6
130.2
129.6
129.2
122.1
132.1
127.7
133.3
124.5
113.3
127.9
132.4
127.8
121.6
117.2
127.9
127.7
126.9
111.1
116.8
118.9
128.2
113.2
117.6
128.2
128.6
117.1
114.8
126.0
125.6
119.4
110.3
124.4
126.7
120.1
109.9
122.8
125.0
127.0
112.7
117.9
126.6
127.3
115.5
135.7
127.6
126.3
114.9
122.8
130.5
137.6
157.6
206.6
230.8
233.0
236.6
239.6
241.9
242.0
246.9
229.9
211.6
187.6
167.8
162.3
157.0
151.1
148.9
139.7
134.6
145.8
145.5
145.3
145.7
153.6
172.4
221.1
236.1
229.6
231.5
231.7
230.3
230.1
224.3
219.0
201.9
178.7
155.3
131.5
143.0
138.0
136.5
132.1
132.9
129.6
114.6
127.7
132.8
143.4
163.6
217.5
238.7
243.2
246.6
243.9
248.6
245.0
240.3
234.1
207.6
175.8
154.0
132.1
131.3
131.8
129.9
131.8
118.4
125.2
129.8
132.8
135.0
141.3
156.1
198.9
221.6
224.8
227.5
228.1
233.5
233.5
227.3
213.0
192.2
168.3
151.2
131.6
134.3
136.0
135.6
131.6
127.6
117.9
129.6
129.3
132.5
141.0
154.4
191.0
210.5
202.2
204.5
203.2
202.7
195.7
191.4
180.7
155.9
140.4
133.5
129.3
127.4
127.3
129.4
125.9
122.8
120.8
129.3
126.5
129.2
129.3
122.7
134.4
136.5
128.7
131.2
123.3
114.8
128.2
126.2
125.4
121.5
115.6
127.5
126.9
127.2
121.8
113.5
123.3
125.0
125.0
122.1
114.9
115.5
124.1
128.1
128.2
129.1
112.3
126.9
127.1
128.9
127.6
112.6
125.6
127.5
127.7
127.4
126.2
113.3
123.5
128.1
123.4
133.9
124.6
112.1
126.9
128.3
128.3
124.9
134.3
170.1
200.3
212.5
231.7
239.8
239.0
244.0
243.3
240.6
231.0
213.7
190.5
172.3
163.1
156.3
144.9
123.6
124.7
140.3
136.7
136.2
135.7
132.8
127.6
172.4
210.4
222.6
226.6
230.1
228.4
227.4
224.2
219.2
213.1
197.7
168.8
150.1
140.6
137.1
126.6
120.9
132.7
132.6
128.3
128.4
129.2
124.9
133.8
178.1
212.9
229.4
241.2
233.8
233.5
235.1
234.5
232.6
223.0
206.1
174.6
150.3
140.9
135.9
128.7
124.2
122.5
119.6
120.0
119.6
120.1
129.4
131.9
167.9
195.1
213.6
218.3
224.5
219.8
219.8
214.0
208.7
194.0
177.2
153.0
138.2
131.6
128.6
125.0
120.8
125.9
122.7
120.1
120.4
121.1
125.0
131.8
157.7
170.3
191.9
196.8
196.0
194.9
195.2
192.7
184.9
177.0
155.5
138.6
127.8
123.2
121.5
121.0
120.3
119.1
117.6
115.8
115.5
116.7
120.1
121.0
121.6
118.3
117.6
118.9
117.3
116.9
116.9
116.7
119.8
120.1
121.9
121.0
119.2
118.7
116.8
117.5
119.3
119.3
118.7
120.3
120.7
119.8
120.0
117.9
117.7
117.8
116.8
118.1
117.6
119.7
122.0
121.2
124.2
123.2
125.5
125.0
122.7
124.1
123.2
122.7
129.5
119.8
120.9
121.1
119.7
121.0
122.3
129.6
155.6
188.0
210.6
222.5
229.3
229.9
230.6
229.8
226.1
220.9
206.6
178.5
161.2
159.5
147.5
142.4
132.0
136.0
136.0
132.8
132.2
130.5
133.4
139.3
167.1
199.6
219.5
235.2
240.7
236.3
231.8
236.3
228.6
218.4
196.4
166.2
145.9
139.5
132.7
131.0
126.0
124.0
123.0
121.1
123.6
119.2
123.9
134.4
166.6
197.3
217.2
219.3
222.0
215.5
216.8
219.1
217.0
214.4
196.0
160.5
140.1
132.9
131.0
126.6
126.3
128.6
127.2
124.6
124.9
123.0
124.5
134.4
156.8
187.8
211.1
216.1
217.8
214.9
216.1
221.2
218.9
195.6
171.0
149.4
134.0
134.9
132.1
129.5
127.9
126.1
125.2
124.7
122.9
121.8
121.9
131.3
142.7
167.7
189.6
192.5
193.3
192.7
192.5
193.5
183.1
174.1
155.4
134.6
122.5
120.5
121.4
124.5
120.8
124.3
122.3
121.6
120.4
119.9
121.5
121.4
124.1
123.5
123.6
125.1
122.9
123.4
122.5
120.8
120.1
120.4
121.3
120.7
120.9
119.8
120.2
121.2
122.5
118.2
118.3
118.5
119.0
118.3
118.4
118.7
115.5
117.1
116.3
115.7
117.5
117.2
118.6
117.8
117.8
117.7
119.3
120.7
117.8
119.8
119.5
122.6
129.8
122.5
123.7
122.9
124.7
125.1
128.8
138.0
160.7
189.9
203.6
213.4
220.4
226.5
232.5
231.4
220.5
210.3
195.9
172.7
158.9
153.7
148.6
144.0
133.4
133.2
132.5
131.5
133.2
131.3
133.0
141.5
170.4
186.8
209.2
214.2
218.2
220.3
226.8
222.7
217.3
212.0
195.6
169.4
148.4
142.3
139.8
133.0
142.3
131.0
129.6
127.7
130.3
126.6
129.2
139.1
157.6
177.6
201.1
206.1
206.5
210.1
215.1
216.9
211.7
200.2
176.3
155.6
145.3
141.2
142.4
148.4
139.8
144.0
139.8
138.3
137.7
135.6
138.8
137.7
153.3
169.9
189.6
200.1
202.8
209.4
204.4
204.0
200.8
193.7
169.8
145.3
135.4
132.3
132.7
131.7
133.0
132.8
131.2
129.6
129.2
126.9
132.2
140.0
161.6
175.1
189.4
207.0
206.7
203.2
206.3
208.5
207.0
192.9
163.1
142.6
134.4
132.0
133.1
131.0
127.5
131.0
131.7
128.2
128.1
127.1
131.0
135.3
145.1
146.8
135.1
137.3
135.5
132.2
131.0
130.2
131.1
131.5
132.9
132.9
130.5
127.2
126.2
125.2
124.6
125.3
123.0
122.8
123.6
123.6
127.1
126.5
124.7
123.6
123.0
121.1
121.7
122.5
124.3
124.2
123.7
125.4
126.6
126.4
129.4
127.2
125.7
124.2
135.4
126.0
126.1
124.9
126.1
125.9
130.8
144.1
164.0
188.1
207.1
219.4
219.2
231.1
230.7
230.8
228.9
216.8
191.1
173.1
155.8
152.5
148.5
151.0
140.4
136.0
134.0
133.5
132.4
130.2
135.3
138.9
163.5
188.6
217.8
229.1
230.7
233.5
233.7
236.4
228.3
213.9
197.3
173.6
152.8
143.1
137.5
140.9
135.8
132.9
129.3
128.9
128.2
125.5
130.6
138.3
165.8
198.3
217.2
223.8
222.4
223.7
227.5
233.8
226.3
217.4
198.0
172.6
148.5
139.9
135.6
141.0
130.9
129.4
129.2
128.5
128.0
125.5
128.6
139.0
163.6
189.0
213.6
219.9
221.5
226.1
227.1
230.4
222.1
211.4
187.8
166.1
149.8
142.3
138.1
134.5
128.7
132.7
128.8
127.9
127.4
125.4
129.3
141.5
165.1
188.0
199.9
214.6
220.3
213.1
212.9
204.9
205.7
191.8
167.5
142.3
132.5
131.6
129.6
126.2
126.2
125.2
126.5
125.9
126.1
127.6
129.0
132.0
147.1
157.6
153.5
151.5
145.1
133.8
131.5
132.2
129.6
129.4
129.4
130.8
128.6
127.8
127.4
127.3
128.5
125.7
125.4
125.0
126.9
126.5
130.2
132.6
135.8
136.3
135.0
137.6
135.4
134.0
132.4
128.0
128.5
133.2
133.5
131.3
129.9
129.0
128.1
128.8
128.3
129.3
129.8
127.6
128.1
128.2
136.7
147.9
181.7
236.2
270.0
251.165
273.1
266.6
265.2
261.7
238.2
234.0
199.3
171.1
149.7
145.1
141.3
131.4
131.6
123.9
120.9
118.0
118.2
118.7
123.0
137.7
171.8
227.0
247.5
257.4
259.8
258.2
268.3
254.4
260.0
238.4
214.3
180.1
158.8
148.6
146.8
139.6
138.0
138.6
138.0
136.3
136.6
132.7
128.7
138.8
177.8
224.9
240.1
262.5
247.0
248.6
252.5
245.7
250.1
248.7
218.2
181.2
154.1
149.5
148.2
137.1
129.4
140.7
138.5
137.0
137.8
135.3
138.4
140.2
171.5
212.4
229.0
245.5
227.3
229.4
234.6
233.2
219.3
207.2
181.8
148.6
133.6
133.4
129.3
120.9
123.0
119.7
120.3
119.5
116.7
119.2
122.0
133.0
156.8
182.7
201.3
219.0
221.6
219.2
221.8
215.9
201.3
185.0
153.7
133.1
124.9
121.2
122.9
126.7
123.4
126.5
125.5
125.2
125.4
123.6
126.0
125.0
142.0
149.2
145.8
128.8
135.3
125.2
124.7
124.0
123.6
122.0
123.7
124.4
122.8
121.9
122.7
122.3
120.9
120.9
119.8
119.7
121.3
121.1
120.8
120.3
123.1
122.8
122.4
123.1
120.5
121.9
123.5
123.7
121.1
120.1
118.5
119.5
118.9
119.0
120.4
120.6
123.8
119.6
119.2
117.7
117.9
119.7
120.8
131.8
155.4
187.7
208.4
233.4
232.1
234.1
238.8
242.1
236.3
226.9
199.5
169.7
153.8
141.7
135.7
128.3
