5.0999999
4.79
3.6
3.62
3.41
3.3099999
3.8599999
4.32
5.49000000001
7.2800002
6.9400001
8.7399997
7.61000009999
8.22
6.7
5.8700001
5.77
5.97
7.50999999999
6.6700001
6.18
4.3499999
7.77
6.5599999
5.5800002
4.2300001
3.3900001
3.3999999
3.17999999999
3.27
3.3199999
3.8400001
4.3199999
7.27
5.74
6.3499999
6.03
6.8300001
6.1299999
5.86999989999
5.5699999
5.74
8.1700001
6.5399999
6.4100001
6.01
7.1499999
6.4300001
5.6500001
5.24
3.5
3.22
3.84
3.47
3.93
4.45
4.24
6.1800001
5.77
6.91
5.03
5.0700002
5.98
6.1199999
6.46
7.0599999
8.65000009999
5.6100001
8.6800001
8.2900004
7.25
5.3900001
6.9500001
5.1300001
4.1000001
3.49000000001
3.43
3.46
3.18
3.58
4.98
5.55
7.7000001
9.3000002
7.19
7.75
5.34
5.23
7.02
7.4399998
8.5
6.86999989999
7.6100001
5.95
6.3099999
5.22
6.19
5.84000020001
4.9300001
3.6299999
3.3199999
3.3999999
3.51
3.44
5.0499999
5.3699999
7.4000001
6.1199999
6.19
7.19
5.29
6.7200001
6.61000009999
7.6700003
8.4499998
5.2
5.96
6.0400002
6.7200001
6.4300001
4.9
4.7300001
6.4899998
4.4499999
4.6999998
3.7
3.61
3.35000010001
5.8399999
7.0399999
5.75
6.15000009999
7.5800001
6.6799998
5.49000000001
6.2000001
5.0800002
5.3199999
7.23
5.7699999
4.0499999
5.0599999
6.5900001
5.6299999
4.6499998
4.5400002
4.48
3.57
3.7
3.64999989999
3.83
4.1200002
4.99000000001
6.9200001
5.24000000001
5.96
5.5999999
4.0
5.3399999
5.76
4.18000009999
4.70000010001
5.3400001
5.58
5.8799999
5.3500002
6.09
6.3
4.6800001
3.73
3.3000001
3.27
3.36
3.45
3.36
3.9499999
4.4300001
5.4299998
6.2900002
7.51
7.53999999999
7.72
7.3699999
5.75
5.9099999
5.5899999
4.3900001
6.0599999
6.7199998
5.49
4.8599999
5.7299998
5.9400001
4.5599999
3.88
3.43
3.19
3.24000000001
3.23
4.0499999
4.25
3.95
6.2100001
6.3199999
6.0299999
5.73
3.77
5.97
8.56
8.4099999
7.0799999
6.99
5.09999990001
5.5
6.24
6.0499999
6.96
5.6099999
4.0299998
3.91
3.81
3.9299999
4.0599999
4.1299999
5.6700001
6.1299999
8.3300002
7.77000020001
5.65000009999
5.8099999
4.6400001
6.5899999
6.90999979999
7.44
6.4500001
5.25999999999
6.1500001
5.79
7.0
7.7100001
5.98
6.09000020001
4.4700001
3.63
3.71
3.78000000001
4.0099999
4.0299999
5.5200002
7.3399999
8.8499997
8.5
7.1500001
7.5899999
7.29
6.38999990001
5.9000001
7.0499999
7.4499998
6.52
5.73
6.1499998
6.5899999
5.8799999
5.21
5.18
3.8999999
3.57
3.74000000001
3.64999989999
3.62
3.6999999
5.26
5.6399999
8.06999990001
6.97
6.3899999
5.5900001
6.27
6.73
6.47
6.4200001
6.6799998
5.51
4.55
4.0700001
6.8899998
7.9100001
4.1
4.59999990001
5.82
5.0
3.75999999999
3.4599999
3.78
3.54
4.6200001
4.6400001
8.99
4.98
3.7599998
6.04
6.13000020001
3.4899998
2.8399999
2.95000010001
3.68
3.67
3.35
3.31
3.29
3.12
5.8500001
3.56
3.4600001
3.41
3.6700001
3.39000000001
3.36
3.41
3.19
3.5699999
2.8400001
2.97
2.77
3.00999999999
3.04
3.92000010001
5.03000000001
5.0799999
5.3199999
4.73
3.55
5.06
6.3199999
5.3499999
6.24
5.10000000001
4.3599999
3.74
4.08
3.63
3.6000001
3.82
5.3199999
6.5699999
6.7900002
7.11000009999
7.47
7.3700002
6.5799999
7.0899999
6.50999989999
7.5500002
6.9000001
6.95
5.7899999
5.76
6.03999999999
5.1099999
6.6900001
4.56
4.1299999
3.9299999
3.35000000001
3.26
3.9800001
3.4299999
4.7899999
6.7100001
6.2799999
5.77
5.94
5.6799998
5.63999990001
6.07999989999
5.99
7.6299999
7.9799998
6.75
6.9099999
6.0299999
5.7200001
6.5499999
6.9599998
5.21
5.34999990001
5.34
4.4300001
3.85
4.0299999
4.0899999
5.9100001
6.6700001
8.77
7.9800002
6.96
7.41000030001
6.99
7.4400001
7.01
6.8199999
7.7900002
8.2100001
7.3100002
7.19
7.20000030001
6.6499998
7.1299999
6.77
6.0
4.6600001
4.96
4.5900002
4.8499999
4.5
7.1300001
7.3900001
8.66000030001
6.745
8.3200002
8.75
7.24
7.0600002
6.3000002
6.94
7.3700002
5.8299999
4.8599999
6.09
7.51
7.3700002
5.5500002
5.0399999
4.75
4.0799999
4.1099999
4.2
3.75999999999
4.5400001
6.02
7.3499999
6.6799998
5.4400001
5.8299999
5.5
5.4299998
5.25
6.01
6.67999980001
7.48
5.4099999
4.77
6.04
6.0399999
5.48
6.0599999
4.1199999
3.48
3.3900001
3.75
3.8499999
3.71
3.84
4.6999998
6.3900001
5.6800001
6.7799999
5.53
4.7800001
6.9800003
6.45000010001
5.05
5.67999980001
6.1600001
5.8599999
5.76
4.8300002
5.8700001
5.07
5.9200001
4.4800001
3.9400001
4.8099999
3.8499999
3.7900001
3.53
4.5400002
4.6000001
5.7
7.71
3.63
3.0900001
5.40000009999
6.27
5.9500001
4.4400001
4.39999999999
5.0300002
4.4000001
3.62
4.5
6.22
5.5500002
2.81089655173
0.0217931034495
0.0217931034495
0.0217931034495
0.0217931034422
0.0217931034495
0.0217931034495
0.0217931034495
0.0217931034495
0.0217931034495
0.0217931034422
0.0217931034495
0.0217931034495
0.0217931034495
0.0217931034495
0.0217931034495
0.0217931034422
0.0217931034495
0.0217931034495
0.0217931034495
0.0217931034495
0.0217931034495
0.0217931034495
0.0217931034422
5.0475
4.53
3.9325
3.63
3.4725
3.3575
3.4425
3.6375
4.1175
4.86
5.3975
5.6975
5.61
5.695
5.47
5.695
5.905
6.2475
6.6575
6.1375
5.6525
5.395
5.8275
5.5925
5.5425
5.255
4.325
3.9075
3.7175
3.6025
3.6775
3.9425
4.845
5.7875
6.505
6.625
6.16
5.7775
5.7375
6.005
5.97
6.35
6.895
6.2875
6.0475
6.2825
6.3525
6.0725
1.54089655173
1.51089655172
3.07
3.16
2.99
3.09
3.18
2.99
3.11
2.95
2.44
2.86
2.65
2.49000000001
2.75
2.6
2.5899999
2.98
3.24000000001
3.2299999
2.96
3.18
3.12
3.1600001
3.4800001
3.31
3.19
3.27
3.25999999999
3.3
3.18
3.16
3.1799999
3.07999989999
2.57
2.66
2.53
2.5399999
2.74
2.8
2.79
3.23
3.03999999999
3.43999989999
3.42
3.3
3.3999999
3.4699999
3.2899999
3.59
3.3200001
3.42
3.10999999999
3.09
3.13
3.1699999
3.25
2.89
2.67
2.57
2.47
2.53999999999
2.48
2.6399999
2.67999999999
2.84
2.96
2.96000000001
3.23
3.18
3.1900001
3.41
3.01
3.01
2.95
3.04999989999
3.28
3.18
3.14999999999
3.25
2.96000000001
3.04
2.51
2.47
2.57
2.59
2.63
2.5699999
2.7300001
2.57
3.02
2.96000000001
3.02
3.02
3.22
3.05
3.12
2.98
3.1099999
3.15
3.0700001
3.04
3.07999999999
3.36
3.16
3.43
3.55
3.14999999999
2.55
2.6000001
2.64
2.68
3.0999999
2.86
3.07
3.1799999
3.04999989999
3.01
3.0800001
3.05
3.08
3.13
3.3
3.04999989999
3.03999999999
3.1500001
3.1800001
3.37
3.2199999
3.3100001
3.6
3.13
2.58
2.67999999999
3.19
4.3999999
3.07
2.68
3.12
3.19
3.78999999999
3.21999999999
3.02
3.07
3.13
3.02
3.08
3.2
3.0800001
3.19
3.22
3.01
3.35000010001
2.99
2.74
3.06
3.22
2.8300001
3.02
2.7
2.67000000001
2.72
2.98
3.09
3.05
3.18999989999
3.13
3.25
1.58
3.38
3.0499999
3.14
3.2899999
3.0
3.1
2.98
3.25
2.88
2.49
2.5600001
2.51
2.57
2.6600001
2.5800001
2.6699999
3.59
3.1900001
3.25
3.4000001
3.52
3.66
3.3100001
3.28
3.58
3.41
3.43
3.48
3.13
3.35
3.21
3.0700001
2.95
2.46
2.55
2.6500001
2.63
2.87
2.76
2.76
2.7000001
2.8999999
2.98
2.9000001
3.16
3.02
3.15
4.2100001
2.96
3.11
3.1399999
3.06
3.02
2.98
3.0599999
3.02
3.16
2.8200001
2.55
2.51
2.82
3.94
4.2400001
5.0300002
4.19
5.1400001
6.8200002
6.0799999
4.6099999
5.1800001
4.5699999
5.4199998
4.3899999
4.8900001
3.3899999
3.2600002
3.05
3.08
3.59
3.96
4.0
5.5
4.5399999
3.09
5.1799999
5.6899998
5.1600001
5.1200001
4.18
5.5799999
5.7899999
5.7199998
5.0499999
4.74
4.3299999
5.9099998
4.3900001
3.92
3.42
3.05
3.22
3.07
3.03
4.1699998
4.3500001
6.26
6.9099999
7.0799999
7.6199999
6.8800001
5.5799999
6.0599999
6.24
7.1500001
5.9299998
6.6099999
6.74
7.5699999
7.4400001
6.0699999
5.9199998
4.51
3.9799999
3.67
3.3899999
3.8900001
3.75
4.44
6.7899997
7.01
8.1799998
6.6200001
6.5699999
6.6299999
6.5399999
6.1699999
7.6100001
8.2699997
7.3700001
6.0600002
5.5699999
8.2700002
6.5500002
6.3799999
7.0199999
4.47
3.7800001
3.4300001
3.57
3.5
3.71
5.0999999
6.0899999
7.3199999
8.1299999
8.2399997
4.9700001
5.2899999
5.8300002
5.3600001
6.9699998
8.0999999
8.2200003
6.0699999
4.75
6.02
6.73
6.0999999
5.8200002
4.3899998
5.4800001
4.4000001
3.69
3.8
3.8
4.6999998
6.9000001
8.8199997
8.6099998
9.0500002
8.4000001
8.02
8.2
6.27
5.95
6.26
5.7699999
5.9200001
5.4000001
7.0800002
6.3300002
6.0599999
5.04
4.7900002
4.0
4.0199998
4.22
4.03
4.1199999
5.54
6.0900001
6.4100001
7.2300001
5.9600001
7.7299998
6.24
6.69
6.5
8.3199997
7.5999999
7.4799997
7.9400003
6.47
6.5700002
7.6600001
5.6600001
7.02
4.8300002
5.2
5.8400001
5.04
5.21
5.26
5.4700001
6.03
7.0199999
5.6699998
6.01
7.3400002
5.8100002
6.25
4.07
3.3000001
3.73
5.22
5.9600001
5.9400001
5.0599999
5.76
4.49
4.0799999
3.4000001
3.4500001
3.48
3.46
3.43
3.6899999
4.3900001
3.8099999
3.9499999
7.5199997
5.4100001
5.3599999
4.23
3.1399999
3.21
3.1000001
3.52
3.47
3.4199999
3.47
3.6700001
3.7400001
3.44
3.8599998
3.6800001
3.7
3.7099999
3.83
3.73
3.75
3.7
4.3699999
5.55
7.2000001
7.3799999
6.6799998
7.1199999
6.1299999
6.02
6.3499999
4.5
3.63
4.13
3.59
3.6500001
3.5
4.1700001
3.43
3.27
3.24
3.3999999
3.22
3.3199999
3.26
3.4599999
3.64
4.3399999
6.0
5.8300001
5.9100001
6.5799999
5.4799998
6.02
6.0
7.4099999
5.98
5.1499999
5.25
5.7900002
4.7
5.5
5.4500001
3.9899999
3.85
3.4299999
3.21
3.48
3.4
5.8
7.7099998
6.5999999
5.8699999
5.0899999
5.3199999
5.2999999
5.28
5.3800001
6.4800001
8.8899998
7.3700001
6.72
8.6100001
7.8800001
5.1300001
5.2800002
5.4200001
4.4000001
3.8
4.12
4.01
3.65
3.63
4.49
6.0
7.25
7.7599998
7.5499999
6.6800001
6.4700001
6.96
6.7999999
6.9699998
6.78
6.75
6.1899998
7.0400002
7.9399998
5.44
5.95
6.1799998
4.74
4.1999999
4.11
4.0800001
3.7
4.4799999
5.0300002
5.6099999
5.5799999
6.1699998
7.0700002
5.9300001
5.6099999
6.22
5.5799999
6.3199999
5.3900001
6.27
6.92
6.29
5.21
4.48
5.3199999
4.6700001
4.1600001
3.71
3.43
3.4699999
3.4199999
3.67
3.9899999
4.78
4.7800002
3.9699999
5.22
5.1799998
5.48
4.7999999
5.06
5.3
4.7
6.0499999
5.0
5.3300002
5.9500001
5.6700001
5.4899999
5.5399999
5.1199999
3.71
3.2
3.16
3.27
4.13
4.94
5.3199999
6.3499999
6.8799999
5.3600001
6.0999999
5.74
6.46
6.1400001
5.3599999
6.9100001
7.0
5.52
5.5899999
6.1199999
5.73
5.8300002
4.6300001
4.2899999
3.45
3.2
3.3599998
3.29
4.25
5.3100002
5.1600001
8.3
8.3099999
7.6399999
7.53
7.4600001
6.95
7.3800001
5.4199998
7.9700003
5.49
6.2900002
6.47
6.05
4.7099998
5.47
3.9699999
3.96
3.16
3.12
3.34
3.66
4.0200001
4.5100002
4.8900001
6.45
5.9299998
6.98
7.4599998
4.8800001
5.8600002
6.5599999
7.1300001
8.5
7.7300003
6.3099999
5.24
6.48
6.1299999
5.5599999
5.3099999
3.9699999
4.23
3.32
3.2800001
3.29
3.9599999
5.0699999
7.9000001
6.6300002
7.3099999
6.3700001
5.6100001
7.1099999
6.6700001
6.3900001
7.53
9.0599999
5.79
4.5600002
7.9200001
6.4200001
7.4800002
4.7200001
4.99
3.7400001
3.24
3.16
3.22
3.3900001
4.04
4.4900001
7.1800001
9.27
8.5300002
8.3800001
5.9000001
5.5699999
5.78
5.3199999
7.3199999
6.3299999
5.7200001
3.9
5.5699999
6.3199999
5.2300001
5.6499999
5.74
4.2800001
3.4499999
3.21
3.28
3.46
3.78
4.68
5.8100002
6.9799998
6.9099998
6.7
7.7500003
7.4600001
6.1199999
5.5799999
5.1399999
7.4700003
6.8799999
7.4900003
5.53
7.2799999
6.78
4.38
5.17
3.61
3.28
3.52
3.61
3.44
3.5
4.5999999
5.26
6.5499999
4.69
3.89
4.98
5.75
3.7299999
2.62
2.82
3.5899999
3.7199999
3.15
3.1600001
3.21
3.21
3.4699999
3.17
2.9800001
3.1599999
3.2
3.03
3.04
3.14
3.44
2.86
2.72
2.5899999
2.54
2.85
3.0500001
2.68
2.73
2.54
3.15
3.12
3.05
3.27
3.04
3.36
3.13
3.24
3.53
3.27
3.37
3.4199999
3.36
3.37
3.47
4.0900001
5.1099999
6.96
7.02
6.7200001
6.52
6.5
5.98
6.26
4.9299998
5.0599999
3.79
3.18
3.25
3.22
4.0599999
3.31
3.13
3.5
3.52
3.16
3.24
3.06
3.24
3.5
3.3
5.53
6.1099999
6.7999999
6.2699999
5.9699998
5.8500002
5.9300001
8.1099999
5.6999998
4.98
6.8200002
6.0900001
5.2899999
6.8699999
5.3700001
3.9999999
3.51
3.5
3.4000001
3.72
4.5399999
5.0
7.2100001
6.49
6.49
6.2200001
7.9300001
7.4700001
6.8999998
6.0699999
6.0699999
6.7100001
4.8900001
5.5999999
6.3700002
5.76
6.1299999
5.5899999
5.5399999
4.0499999
3.47
4.4400001
3.9100001
3.81
4.6800001
5.29
5.7899999
7.4600001
8.79
7.52
6.6099999
6.24
6.24
6.3499999
6.75
4.09
3.5499999
3.65
5.7300001
5.4200001
7.3799999
6.8400002
4.7999999
5.5
4.73
4.1100001
3.44
3.55
4.09
4.21
4.2999999
5.46
5.2399998
5.0599999
6.0999999
5.3999998
5.2899999
5.8999999
6.6000001
3.9400001
3.1
5.3700001
4.5700002
4.3199999
7.24
5.0899999
4.14
3.89
3.4900001
3.3
3.01
3.14
3.19
4.4400001
3.81
3.3600001
4.68
4.81
4.9200001
5.1099999
6.0299999
5.6500001
4.9000001
5.3700001
6.24
5.0999999
6.07
6.24
4.7899999
5.5899999
4.0600001
4.12
3.4300001
3.3399999
3.32
3.3499999
3.21
4.3399999
3.8
6.07
5.1200001
3.6800001
5.6299998
5.18
6.0599999
4.8999998
4.74
6.4800001
6.01
4.98
5.4800001
7.24
6.0699999
5.52
4.3600002
3.24
2.96
3.15
2.93
2.93
3.0899999
4.24
4.5199999
8.1699998
7.4099998
8.0699999
8.0999999
8.0799999
6.25
5.68
5.6899998
6.3900001
5.7800002
5.8199999
5.1600001
6.4100001
5.5200002
4.9600001
4.6300001
3.9
3.22
3.34
3.26
3.29
3.77
4.54
6.1399999
7.0
5.7899999
5.8199999
6.1499999
6.8699999
6.6099999
7.73
7.5899999
7.24
5.98
6.8499999
5.76
6.3200002
6.8700001
5.8000002
5.7999999
4.29
4.04
3.86
3.8600001
3.76
4.1399999
5.1400001
5.97
8.4000001
7.9399998
6.9300001
7.6200002
8.0999999
6.49
6.6299999
5.5300002
7.0999999
5.5699999
6.57
6.3100002
6.4400001
5.1899998
5.72
4.97
4.25
3.58
3.5400001
3.43
3.25
3.9000001
5.1100001
7.9100001
8.3699999
7.59
6.77
6.2700002
6.19
6.24
6.0499999
5.95
7.0299999
4.97
5.0400002
6.1800001
7.49
5.48
5.4400001
5.4500001
3.63
4.0200001
3.2699999
3.33
3.63
3.36
4.3900001
4.8599999
6.8000002
7.8899999
7.06
6.76
5.7899999
6.5600002
5.6200001
5.26
4.3999998
4.0899999
4.78
6.24
6.5700002
5.4000001
5.47
4.44
3.81
3.47
3.43
3.46
3.41
4.33
4.21
5.26
5.3899999
3.49
3.05
4.5
4.8400002
4.6400001
5.1400001
8.6200001
6.6100002
5.4300001
4.4900001
4.2699999
5.45
5.6400001
5.1999998
3.9599999
3.67
3.44
3.53
3.41
3.43
4.4999999
4.6700001
4.3800001
5.51
5.8399999
3.3600001
3.77
5.31
5.55
5.49
7.5999999
4.77
6.76
6.23
6.3100002
5.8499999
5.8200002
4.93
4.25
3.4699999
3.65
3.9700001
3.7799999
3.75
4.28
5.2100001
5.5800002
7.47
7.59
7.2899999
6.96
7.3600001
7.5799999
5.98
5.9000001
6.3
6.06
4.1799999
4.79
6.9099998
5.8399999
4.49
4.26
3.47
3.52
4.0999999
3.8200001
4.05
4.02
5.75
6.1200001
6.8299999
6.1300001
6.26
7.0399999
5.9100001
6.01
5.6799998
8.4599998
6.72
5.3599999
3.7699999
5.6300001
8.4000001
5.5299999
6.1199999
4.0699999
3.94
3.4200001
3.7300001
3.35
3.2899999
3.97
6.8299999
7.0700002
8.49
6.2899999
5.7200001
5.53
6.27
6.8999999
5.8500001
7.3200001
6.76
6.6199998
7.0800001
6.2
4.8100002
5.54
7.3699999
4.67
3.5399999
3.2799999
3.5999999
3.97
3.69
3.7900001
4.53
6.5699999
6.7000001
6.6300001
7.1700001
7.2599999
6.23
5.6500001
4.79
4.3999999
4.93
5.77
5.51
4.99
7.0399999
6.5800002
4.5
3.9
4.1099999
3.4600001
3.3800002
3.3199999
3.5600001
4.0100001
4.77
5.9599998
5.9200001
5.8800001
5.5799999
5.1099999
5.5599999
5.6599998
4.65
3.85
3.4699999
3.74
3.62
3.37
3.24
3.3399999
4.09
3.34
3.39
3.56
3.26
3.38
3.29
3.18
3.2
3.03
2.7999999
2.88
2.98
3.04
3.37
4.8600001
5.9399998
6.4300001
5.8099999
5.15
6.0799999
6.99
5.54
5.5899999
5.73
5.68
4.4099998
4.9200001
3.99
3.79
3.51
3.7599999
6.5699999
6.96
5.1999998
5.78
6.92
6.5900002
6.6099999
4.8300002
4.7899999
4.48
5.3900001
5.17
5.4299998
6.53
6.5700002
5.7699999
6.75
4.27
3.35
3.37
3.6499999
4.1500001
3.65
3.9499999
4.4099999
5.3099999
6.52
9.2899999
7.1799998
7.2999999
6.2999999
5.6200001
5.3099999
5.4099998
4.28
5.64
6.0899999
6.6500001
4.9300001
4.5900001
6.25
5.1100001
3.88
3.77
3.47
3.5
3.29
4.13
4.92
5.99
5.69
6.1000002
7.1399999
7.6400001
6.43
6.71
6.2999999
5.5899999
5.51
6.6300001
6.01
7.1099999
7.1200001
6.0800002
6.4099998
6.0999999
3.7800001
3.41
3.29
3.3200001
3.43
4.5200001
4.55
4.1800001
6.1100001
6.3999998
7.5300002
7.51
6.5699999
8.4099999
6.8200002
8.5999999
6.5
6.3799999
5.6399999
6.6300001
7.23
6.75
4.8699999
4.8600002
3.9099999
4.0899999
3.9099999
3.53
3.83
4.8
5.1399999
6.76
6.44
8.6100001
7.4200001
6.4300001
6.3
6.4300001
6.0499999
5.3200002
4.3900001
3.71
4.52
5.2999999
4.8900001
4.5299999
6.0299999
6.3800002
3.96
3.73
3.6
3.62
3.5399999
4.1800001
3.8799999
5.1599999
5.6299999
5.5600002
5.6099999
6.0499999
5.3000002
5.51
5.4100001
4.71
3.7399999
6.3799999
4.8699998
5.1400001
7.7100001
5.9100001
4.5000002
4.44
3.62
3.59
3.35
3.27
3.4099999
4.1799998
3.7000001
6.2999999
6.5599999
5.99
3.9099999
4.94
4.2400002
3.06
2.99
2.8600001
2.98
3.35
3.1699999
3.7000001
3.62
3.3200001
6.03
3.67
3.32
3.5
3.59
3.3600001
3.16
3.36
3.04
2.79
2.92
3.19
2.91
3.05
3.2100001
4.05
4.49
3.4
3.2600002
3.6699999
5.5700002
5.52
6.44
6.72
6.5200002
5.4400001
4.8999998
3.5899999
3.54
3.3199999
3.63
4.1799999
4.48
6.3999999
7.8600001
8.3200001
7.44
6.6199999
7.24
6.6500001
7.4500001
7.0599999
6.19
7.3099999
6.51
6.2
6.3300001
4.6200001
7.2099998
4.9099999
4.4000001
4.49
4.3099999
3.89
4.01
5.5599999
6.79
7.5
6.8899999
7.1300001
6.5600002
6.8899999
7.6600001
7.3400001
8.03
7.5799999
6.1900001
7.3100002
6.6399999
7.0200002
6.3700001
5.9600001
5.2799999
5.6299999
4.3799999
4.07
4.2099998
4.0999999
4.3000002
5.51
6.0
5.0500002
6.1400001
6.6299999
9.0799999
6.79
6.3400001
6.1900001
6.0
8.4500003
5.6499998
6.27
6.9199998
6.51
6.7199998
4.7999999
5.7199998
6.8099999
6.0499999
4.6399999
3.93
4.0599999
3.5500001
4.4100001
5.1399999
6.55
7.5500002
6.7000001
6.68
7.3600002
6.9300001
6.1799998
6.75
6.3600002
6.6500001
5.73
5.99
6.95
6.8300001
5.0599999
5.7200001
4.4200001
4.3699999
4.0099999
3.56
3.58
3.74
4.73
5.9800001
6.7699999
6.8299999
6.06
6.21
7.05
5.3099999
5.98
5.75
7.1800001
7.0600002
6.3
5.8600001
6.0599999
5.76
5.65
4.2199998
3.5699999
3.47
3.3299999
3.3299999
3.37
3.27
3.8299999
5.8599999
5.6800001
5.5
6.48
5.76
5.73
4.47
6.1200001
5.6200002
6.1399999
4.77
5.5599999
5.3699999
7.81
5.98
3.97
4.5
4.6700001
4.2000001
3.8900001
4.4500001
4.0899999
3.88
4.2200001
5.44
5.1899998
5.8399999
4.47
4.88
4.6400001
5.9700001
6.3300002
5.3599999
5.4900001
6.7999999
6.09
6.3799999
5.6699998
5.0899999
5.07
5.9600001
3.7199999
4.1699998
4.04
3.96
3.97
3.9200001
4.0700001
5.72
8.6400001
7.45
8.0499999
6.8299999
7.51
6.77
6.4200001
6.1000001
6.26
6.2299998
5.8799999
6.0400002
6.4799998
7.2799997
5.9299998
5.2799999
5.3500001
5.3099999
3.77
3.8499999
3.84
3.44
4.72
4.6999998
6.0899999
6.27
6.1699999
5.69
6.47
5.8399999
6.4399998
5.3
6.3800001
7.1300001
5.8699999
6.3499999
5.8200002
7.7200001
6.51
5.4900001
6.4200001
4.8400002
3.94
3.9299999
4.1800001
3.83
4.3300001
5.9199998
6.27
5.9000001
5.8899999
6.77
8.2800002
6.8799999
9.3899999
7.22
7.21
7.1200001
6.47
6.8799999
7.48
8.5999999
7.9300001
4.84
4.72
4.1899998
4.0999999
4.0799999
4.24
4.2200001
5.1500001
6.0599999
7.55
8.3500001
7.1799998
7.5400002
7.5900002
6.29
7.3600001
5.78
5.6299999
4.75
3.57
5.6299999
6.09
5.03
4.9299998
5.8399999
4.78
4.27
3.76
3.68
3.7
3.81
4.3300001
4.72
5.4000001
6.2200001
5.6399998
6.0499999
5.5900002
5.56
6.6099999
6.1300001
4.6699998
3.1
4.29
5.6900001
7.23
5.5699999
5.4100001
5.3899999
4.3499999
4.1199999
3.91
3.8100001
3.8899999
3.66
3.74
4.5999999
5.27
5.7000001
5.1900001
4.0400001
3.22
7.0
6.1500001
5.3600001
4.8200002
3.5999999
3.1400001
4.73
5.07
5.97
5.0799999
5.2900001
4.6199999
4.4300001
3.75
3.8299999
3.52
3.26
3.46
4.2700001
4.0000001
5.1699998
4.81
3.57
4.9300001
5.8400001
4.99
3.34
3.2399998
2.92
2.92
3.5200001
3.51
3.4399999
3.26
3.3
3.28
3.62
3.26
3.3200001
3.45
3.58
2.98
3.3
4.0700001
4.6999998
4.09
3.9699999
4.9200001
4.74
4.8100002
3.99
4.48
3.79
4.33
3.7700001
3.69
3.68
3.37
4.86
3.62
3.35
3.5899999
3.7599999
3.53
3.63
3.6
3.17
3.17
5.8500001
6.8599999
6.76
6.45
6.0099999
7.6100001
7.1799998
8.0599999
6.6299999
6.4500001
7.25
6.7200001
6.6499999
6.03
6.2400001
5.5500002
4.53
4.1099999
4.98
4.0200001
3.8300001
4.8899999
5.99
5.96
7.8999999
5.73
5.51
5.6700001
7.0499999
6.0699999
5.44
6.5600002
7.4300001
5.81
5.6500001
7.4200001
6.3700001
4.98
6.25
6.2299998
4.9000001
4.3
4.23
3.68
3.8500001
4.1000001
5.78
8.0
8.1399999
6.0800002
6.0799999
5.7000001
5.3499999
6.77
7.18
7.1799998
5.0399999
6.51
5.3900001
5.6200002
5.2799999
4.9300001
6.2
4.6400001
3.97
3.21
3.37
3.43
3.46
3.8499999
3.74
4.7200001
5.9899998
5.6199999
4.9199998
4.6699999
4.6199999
5.2700002
5.01
6.5399999
4.94
6.27
5.0700002
4.6399999
4.6300001
5.78
5.6199999
3.9099999
3.23
3.09
3.02
3.06
3.01
3.55
3.16
3.69
4.77
5.56
4.0
3.9699999
5.77
5.26
4.9700001
6.4000001
5.0799999
6.23
6.1999998
6.31
5.7
5.45
4.7899999
3.45
3.21
3.04
3.1100001
2.98
3.02
3.59
3.91
4.04
6.5500002
4.6200001
5.57
6.24
5.08
5.0300002
4.9300001
3.6799999
2.79
3.3
5.28
4.6399999
5.79
5.7699999
6.1999998
3.88
3.6699999
3.3799999
3.3499999
3.4400001
3.65
3.7999999
4.19
6.2
6.69
7.02
6.3500001
8.3099999
7.48
7.01
6.25
6.26
6.2300001
6.2799999
6.3499999
6.9200001
6.01
6.48
6.8000002
4.5899999
3.8499999
3.24
3.1
3.01
3.18
4.1200001
4.3599999
6.6100002
7.9499998
5.9299998
5.2799999
6.3899999
6.0
6.48
5.3700001
5.3600002
4.12
4.1
5.2
6.4600001
7.5600002
5.3000002
5.3099999
5.79
4.1200002
3.6199998
3.6800001
3.78
3.55
4.1899998
4.7000001
5.47
6.0700002
6.97
6.5799999
5.48
6.0
6.4600001
6.27
5.6299998
5.6399998
5.2300001
5.84
6.77
6.49
4.77
4.98
5.5699999
3.59
4.11
3.79
3.66
4.51
3.9799999
6.3300002
7.6600001
7.3799999
7.2600002
7.02
6.95
5.1000002
5.5800001
5.76
4.1
3.15
3.15
6.9100001
6.0200002
5.77
4.3000002
6.2799999
5.8299999
4.5399999
3.55
3.36
3.2299999
3.1
3.4200001
4.1700001
6.0999999
6.55
5.5799999
4.2699999
5.0900001
4.3299999
6.0899999
6.0
6.81
4.2599998
6.93
5.67
5.8900001
6.01
5.2800002
4.3300001
4.3500002
4.0800002
3.26
3.02
2.96
3.1399999
3.83
3.58
5.5699999
5.1300001
4.94
7.4300001
4.2399999
5.1599999
4.4299998
3.3
3.7100001
3.2599999
3.52
3.6999999
3.8
3.63
3.8200001
4.3899999
3.5400001
3.65
3.49
3.42
3.63
3.67
3.1799999
3.0
3.11
3.2599999
3.07
3.08
3.22
3.13
5.4600002
5.2000001
5.98
4.8099999
4.3800001
6.1800001
6.1099999
4.8899999
5.2999999
4.9899999
3.36
3.53
3.8500001
3.48
3.3
3.4599999
3.75
4.27
5.8999998
7.24
8.1499998
7.27
7.5700002
7.6699998
6.9299998
6.4200001
7.8800001
6.3
5.8900001
5.9000001
4.94
6.8199999
5.02
5.0799999
4.3100001
3.65
3.78
3.51
3.76
3.6500001
3.83
4.04
4.98
6.0300002
6.6499998
5.58
7.2500002
7.8400002
6.1399999
5.3600001
4.13
6.3199999
6.0700002
5.6199999
6.33
6.99
5.0700002
5.25
4.1199999
3.36
3.37
3.8500001
3.5600001
3.9
3.54
4.33
4.78
6.4199998
5.5900001
5.6599998
6.52
5.98
6.9800001
6.99
5.78
5.7200001
6.0799999
6.1000001
7.3199999
5.5999999
5.3599999
5.7800002
4.6299999
3.99
3.19
3.5399999
3.24
3.3600001
3.92
5.6400001
7.97
7.8199999
7.54
6.3799999
7.01
6.1300001
6.3899999
6.8900001
8.54
6.6300001
5.2
4.1700001
5.5400002
7.1300001
7.6000001
4.0400001
3.75
3.88
3.1099999
3.17
3.26
3.16
3.88
3.5900001
6.28
7.4100001
5.8899999
6.9100001
5.51
5.6999998
5.9200001
5.6299999
6.1099999
4.82
4.3299999
3.88
3.3600001
3.3800002
3.46
4.06
3.63
3.67
3.9
3.9699999
3.89
3.81
3.29
3.4100001
3.4000001
3.51
3.28
3.95
4.0799999
3.7999999
5.0199999
5.9500001
6.5599999
6.78
5.5
6.1900001
6.6499999
7.5799999
6.4099998
6.53
3.1800001
4.9700001
3.85
3.9
3.7799999
4.3499999
6.3900001
5.3799999
7.49
6.6800001
6.25
6.4599998
7.07
6.9200001
5.6299999
6.7800002
7.6700003
6.1499998
5.6500001
6.3899998
6.1300001
5.6699999
2.8
4.4099998
4.0099999
4.4400001
4.6200001
4.1999998
3.97
4.8099999
4.49
6.0499999
5.49
6.74
5.8000002
3.4100001
6.4625
6.2875
5.905
5.905
5.355
5.01
4.735
4.9225
5.1675
5.01
2.51
4.5599999
4.23
4.4500001
4.3599999
4.49
4.9100001
4.7700002
4.9200001
5.79
6.4099999
6.56
7.6099999
5.8699998
6.47
6.8899998
6.6499998
6.8699999
7.27
6.23
5.5399999
6.8200002
7.0899999
5.56
7.6399999
5.01
4.3499999
4.22
4.06
3.79
3.7900001
4.1799998
4.11
4.6099999
6.02
6.4400001
6.24
4.9100001
5.8300002
6.8499999
7.9899997
7.9999998
7.25
4.79
5.8300001
6.9600003
6.6100001
8.1699998
4.75
4.51
5.1300001
3.9600001
4.1899998
4.1699998
4.69
4.6700001
6.28
6.8299999
7.51
5.48
4.5
4.7899999
5.8600001
5.9600001
5.98
4.18
3.23
4.3099999
4.4700001
5.8199999
6.26
5.01
4.4099999
3.63
3.64
3.58
3.75
3.47
3.66
4.48
4.2200001
3.5600001
6.1500001
4.3600001
3.19
2.97
4.03
4.9000001
5.23
4.48
3.34
3.37
3.0999999
5.7799999
6.8200002
5.77
4.78
3.6900001
3.76
3.8399999
3.63
3.79
3.5599999
5.1400001
4.74
5.5800002
5.3899999
6.8800001
6.0
5.1600001
4.9800001
4.53
5.01
6.7
6.1800001
3.38
4.0699999
5.99
5.6199999
4.51
5.03
4.5300001
4.35
3.6999999
3.88
3.89
3.8
4.3799999
5.0
6.0800002
5.24
6.0699999
5.3400001
5.74
5.2999999
4.76
4.7
4.03
3.3200001
3.9300001
4.4199998
5.05
4.3199999
4.6699999
3.87
3.81
3.61
3.9400001
3.91
4.3600002
3.93
4.44
6.4000001
6.6200001
7.5500002
5.6399998
4.96
4.2800001
4.6599998
4.8299999
4.4200001
3.58
3.19
3.18
3.46
5.01
4.9000001
4.3300002
3.8799999
4.02
3.8400001
5.2800002
4.56
3.6
3.5899999
4.4099998
5.1100001
4.8899999
5.32
5.9000001
5.9100001
6.2399998
6.25
6.0599999
6.76
6.6000001
6.81
5.2
4.8699998
6.3899999
5.5799999
4.8800001
6.01
4.4100001
3.9099999
3.91
3.58
3.43
3.58
4.4399999
4.49
5.75
5.94
5.3899998
4.9100001
4.6800001
6.8800001
6.46
5.27
5.3500001
6.5900001
5.1000002
5.1300001
7.31
8.2500002
7.1900001
5.6899998
4.4599998
3.69
3.65
3.4800001
3.4000001
3.51
4.73
5.0899999
5.8700002
6.6699998
7.19
7.0300002
5.48
6.0899999
7.1100001
6.0699999
5.04
3.73
3.94
4.97
6.4100001
6.29
7.01
5.2600002
4.4800001
3.9899999
3.6900001
3.98
3.75
3.63
5.0
3.9200001
4.25
7.22
6.9800001
8.9499998
6.3099999
6.0799999
7.04
6.4400001
5.9000001
5.1200002
3.42
5.3200002
6.51
4.49
5.0999999
3.91
3.52
3.3
3.3399999
4.78
4.6999998
3.9700001
4.0699999
4.4000001
4.96
5.26
4.1800001
3.83
5.9400001
5.3700002
6.27
5.0
6.5799999
6.0
5.33
5.75
5.72
4.8099999
4.81
4.03
3.64
3.61
3.67
3.7699999
3.48
3.74
3.6600001
4.6800001
4.8299999
5.6299999
5.27
5.01
5.3499999
5.98
6.5400002
5.3700001
5.9200001
6.1599999
6.4700001
5.3599999
7.0700002
5.5599999
5.3
5.3799999
4.1999998
4.4300001
3.89
3.83
3.76
4.1400001
3.96
5.1600001
7.29
8.51
8.0799999
7.58
7.9799998
7.0499999
6.98
6.1200001
7.0900001
5.56
4.8800001
4.8800001
6.3400002
5.4500001
7.1899998
6.1500001
4.1400001
3.95
3.8800002
4.4499998
4.1699998
4.48
4.1899998
6.3100002
5.6599998
6.51
5.4400001
5.5599999
5.5899999
5.5899999
6.99
8.3200002
7.3799999
6.8999998
5.2000001
6.9399998
7.8899999
7.79
6.3299999
6.6899998
5.94
5.05
4.1099999
3.8799999
3.94
3.89
4.6199999
5.1899998
6.23
6.6199999
6.5
7.3299999
5.4199999
5.4400001
6.26
6.2200001
6.21
7.8799999
5.3399999
3.42
5.2300001
7.0599999
6.1899998
5.7100001
4.4700001
3.73
3.42
3.7799999
4.11
3.49
4.09
6.4100001
7.0999999
6.78
7.51
7.4499998
7.3599999
6.46
5.8599999
6.25
8.4199998
5.77
5.98
5.94
6.25
7.5399999
5.2199998
7.0000002
4.16
3.65
3.53
3.61
3.88
3.8600001
4.1100001
4.5299999
6.5800002
6.4499998
6.45
6.3800001
5.52
5.4500001
6.4000001
8.3800001
6.52
4.79
3.5300001
4.32
5.26
6.4100001
5.49
5.6899998
5.46
4.6200001
3.5999999
3.53
3.9600001
3.9700001
4.2200001
4.5900002
4.7999999
4.72
3.54
3.2
4.14
5.8499999
4.2
5.0
5.3800002
5.51
4.7999999
4.3099999
4.54
5.1199998
3.9900001
5.1999999
5.9599998
3.9099999
3.5699999
3.67
3.7899999
3.6600001
3.8
3.74
4.79
4.2699999
4.12
3.2
3.39
4.1599999
3.2900001
2.8799999
3.39
3.1
2.81
3.05
3.37
3.53
3.5
3.42
3.45
3.46
3.35
3.46
3.44
3.36
2.9
3.56
4.8299999
6.45
6.4500001
6.8900001
7.2000001
7.4400001
6.8100002
5.5899999
5.8199999
4.9000001
3.68
3.0899999
3.59
3.6500001
3.53
3.9599999
3.66
3.4100001
3.65
3.5700001
3.5
3.6499999
3.2600002
3.25
4.1299999
6.1099999
6.07
5.5899999
5.98
5.95
5.9099998
5.6300001
4.6199999
3.63
3.49
3.5
3.9499999
4.24
4.0299999
4.22
3.8799999
4.01
4.1099999
4.1799998
4.0999999
4.1400001
3.62
3.6799999
4.07
6.06
5.1099999
5.3900001
5.51
5.7799999
7.6700001
6.8600001
5.2
7.6899998
4.6800001
5.6500001
6.9000001
5.9500001
4.9300001
5.74
5.52
3.39
3.2300001
3.64
3.48
3.4199999
3.9399999
6.5699999
6.8200002
7.4300001
6.5700002
6.1899998
5.9100001
4.77
6.8499999
5.3899999
5.29
3.92
2.7599999
3.7199999
5.6800001
6.3299999
6.4200001
4.6400001
3.98
3.42
3.29
3.03
3.28
2.9600001
3.89
4.5799999
5.9599998
6.51
6.56
5.8199999
5.47
5.0100002
6.3099999
5.01
4.6100002
3.02
2.6
2.41
3.62
6.3099999
6.2199998
4.4699999
5.8999999
4.4700001
2.96
3.0599999
3.13
3.02
3.62
3.9
4.1099999
4.5
4.0300001
2.7
4.5699999
4.5399999
4.76
4.72
4.9400001
6.4000001
3.9999999
4.0600001
5.71
6.6800001
4.71
3.38
3.4299999
3.4699999
3.22
3.13
3.1500001
3.1799999
3.2200001
4.18
5.68
5.7000001
4.25
2.85
2.8199999
5.6099999
4.0299999
2.7900001
2.7
2.7600002
2.5800001
2.71
2.84
3.2899999
3.0800001
3.1499999
3.06
3.25
3.0
3.11
3.05
2.9599999
2.6
4.5500002
4.4400001
6.0
6.9499998
6.57
7.8300001
6.98
6.23
6.52
5.24
3.39
3.0399999
2.8600001
3.08
3.44
3.67
4.3899999
3.15
3.2099999
3.05
3.17
3.18
3.0299999
2.72
2.71
3.72
5.5500002
5.25
5.3100002
5.3699999
4.8700001
5.6700001
6.5599999
8.45
7.6000001
6.4000001
5.3799999
5.9399998
7.7899999
6.69
5.0400002
3.6499999
3.83
3.3999999
3.5399999
3.47
3.71
4.49
5.3199999
7.1700001
7.6300001
5.6900001
6.0599999
5.3999999
4.72
5.99
5.6499999
4.8899999
3.26
3.49
4.98
6.3099999
7.3300002
5.4500001
5.1100001
4.7899999
4.53
3.49
3.48
3.44
3.48
4.09
6.4000001
8.1799998
7.1500001
7.55
6.7099998
5.72
5.4100001
6.96
6.53
4.5299999
3.96
6.6400001
5.93
4.25
7.01
7.75
5.23
3.81
3.97
3.7
3.37
3.41
3.38
3.8599999
4.9399998
5.53
7.1600001
6.1400001
6.1399998
5.9199998
5.59
5.5200002
6.68
6.24
4.48
3.26
5.1500001
6.7600002
5.69
4.2000001
4.6000001
4.4300001
3.43
3.3999999
3.23
3.33
3.8099999
3.62
4.1899998
4.73
5.8099999
5.6299998
5.3099999
5.1299999
4.9700001
4.7000001
4.3500002
3.49
3.45
3.3899999
4.5
5.7100001
4.2100001
6.01
4.7199999
3.4799999
3.24
3.3099999
3.6399999
3.3000001
3.3299999
2.9800001
4.3899999
5.0
4.0899999
4.8299999
5.9200001
4.69
5.1200001
4.9300001
4.4500001
4.5599999
4.2699999
2.8999999
2.76
4.7300001
5.3099999
5.78
4.6699999
4.1099999
3.8
3.6999999
3.65
3.16
3.0199999
3.7
5.6
6.4100001
5.9799998
5.56
5.8799999
5.24
4.78
4.3799999
4.8800001
5.49
6.4000001
4.5
4.22
5.75
5.47
4.3699999
5.3200002
3.8499999
3.59
3.5600001
3.37
3.54
3.2700001
3.5200001
4.3800002
5.47
6.0699999
5.5599999
5.3100002
5.0599999
5.4600001
5.2999999
5.6199999
6.0
7.05
5.8699999
7.1499998
5.55
5.5999999
6.02
5.25
4.02
3.7
3.4400001
3.2999999
3.2600002
3.1699999
3.78
4.69
6.6099999
6.2900002
7.4000001
6.23
5.4199998
5.78
6.0799999
5.6499998
7.3300002
5.48
4.4700001
5.6600001
6.66
5.0800002
4.8899999
5.3199999
3.96
3.5300001
3.83
3.4
3.3
3.3199999
3.6000001
5.8700001
5.5499999
5.3800001
6.4100001
5.9800001
5.5999999
5.5899999
5.1099999
5.51
5.1399999
4.12
6.9899998
5.1800001
6.8599999
5.98
6.22
4.65
4.9199998
3.65
3.4
3.29
3.18
3.08
3.4599999
5.99
7.2199998
8.0099997
6.78
6.3299999
5.49
4.9000001
5.49
5.4700001
3.4
4.17
3.24
2.65
3.1
3.3200001
3.53
4.4299999
3.6200001
3.4699999
3.2400001
3.41
3.3600001
3.08
2.8
2.62
2.87
2.83
2.8600001
2.8
2.8399999
2.76
4.4099999
6.55
6.2200001
5.18
4.7
4.6100001
4.8399999
6.05
6.1600001
4.49
4.5400002
3.6
3.31
3.4
3.21
3.08
3.5400001
4.0799999
3.5599999
5.0
5.3400001
5.45
7.17
5.76
3.78
2.75
2.72
2.6000001
2.9399999
2.7200001
2.92
3.42
3.57
1.6
3.1800001
3.425
3.2875
3.2725
3.25
3.1125
3.2575
4.07
4.9125
5.8675
6.18
6.0875
6.0875
6.0925
5.97
5.7125
5.8875
5.475
4.9425
4.295
4.42
5.0
4.95
2.23
4.1825
3.9399999
3.26
3.47
3.62
3.3700001
3.52
3.94
5.46
6.72
5.49
5.6399999
5.7899999
5.81
5.3899999
5.6999998
6.04
4.57
3.01
2.7099999
3.07
7.06
4.6099999
5.32
5.23
3.8899999
3.35
3.2
3.9200001
3.21
3.54
5.4000001
7.2599998
7.0
6.74
5.5
5.6000001
5.21
4.8799999
4.77
4.5900001
4.4500001
3.01
2.69
2.93
3.2199999
3.24
3.1100001
3.04
3.01
3.1699999
3.16
3.42
3.0599999
3.0099999
3.63
3.4599999
6.23
6.4200001
6.48
6.1400001
5.5500002
4.8399999
5.0100002
4.8599999
2.92
3.5000001
3.52
2.83
3.14
3.18
4.75
3.27
3.15
3.23
3.13
3.13
2.76
2.8300001
3.5799999
4.37
5.1099999
5.96
5.4099998
6.3199999
5.24
5.77
6.21
5.51
3.95
2.7000001
3.5599999
4.9100001
6.5700002
4.9100001
5.25
4.27
3.44
3.5
3.4200001
3.4600001
2.82
3.69
4.0000001
5.1000001
5.6800001
5.95
6.2000001
5.3300002
5.55
5.24
6.1600001
6.9499998
5.3699999
5.26
4.3
5.9800001
5.5400002
4.8200002
3.4899998
5.46
4.2100002
4.1100001
3.15
3.25
3.2099999
3.9300001
3.7399999
4.1200001
6.42
5.4100001
4.6000002
3.57
4.9799998
3.93
2.96
3.15
3.04
3.05
2.73
2.8
3.3
3.4300001
4.2099999
3.25
3.16
3.07
3.24
3.4700001
3.1
2.92
3.5
3.9400001
6.0799999
6.3500002
6.4399998
6.1099999
6.8700001
6.21
5.8799999
7.5400002
6.2100001
6.2300001
3.6799998
5.02
6.6200001
4.6499998
5.7400001
4.53
3.7
3.45
3.5600001
3.55
2.9
3.2300001
5.33
5.4200001
5.49
6.3099999
5.5899999
5.9200001
5.1599999
5.6599998
5.4399998
5.8200002
6.51
5.23
3.8999998
4.35
4.4500001
6.73
6.46
5.0300002
3.63
3.39
3.2400001
3.44
3.19
3.9400001
4.6700001
5.8900001
6.1300001
6.0800002
5.99
6.1700001
5.1900001
6.0499999
7.6400001
7.8399999
6.8600001
5.6000001
5.3599999
5.4000001
5.5799999
5.6600001
5.44
4.26
3.8
3.4599999
4.2899999
3.67
3.38
3.9899999
6.1299998
7.51
7.5799999
5.9099999
5.8700001
5.3099999
4.1899999
5.8
6.1099999
6.21
6.5
5.3999999
5.1500001
6.3000002
6.52
5.74
5.72
3.9799999
3.37
3.4500001
3.2
3.3599998
2.97
3.96
4.57
6.0
5.6700001
5.6900001
5.5
5.5700002
4.8899998
4.9100001
4.8200002
5.6699998
5.98
4.8
4.7000001
3.34
6.0
6.6399999
5.4600001
4.6600001
3.42
3.25
3.85
3.23
2.92
3.9499999
3.76
3.76
5.1499998
3.72
2.76
4.46
4.07
4.8200001
6.1100002
4.5300002
5.4399998
4.93
5.3200002
6.8900001
6.26
5.4700001
3.8700002
4.23
3.4100001
3.7
3.29
3.1499999
3.12
3.9299999
3.32
3.7799999
4.72
7.02
4.1599999
5.9200001
6.22
4.1300002
2.94
2.96
3.1399999
2.89
2.86
2.8900001
3.12
3.31
4.06
3.13
3.18
3.2800001
3.4100001
3.61
2.97
2.87
2.87
2.98
4.3699999
3.99
4.1300001
5.2899999
5.4699998
6.3400001
5.81
5.8099999
6.1099999
5.01
3.91
3.9300001
6.72
6.6699998
5.5999999
4.44
3.5199999
3.29
3.23
3.28
2.99
3.7499999
3.97
4.9799999
5.4100001
4.99
4.5599999
4.6299999
4.8700001
5.46
5.48
5.73
6.21
5.77
4.8899999
5.05
5.71
4.8999998
4.0000001
3.7799999
3.71
3.26
3.04
2.99
2.8300001
3.86
3.53
4.2499998
4.9400001
5.52
6.0199999
6.3899999
5.98
5.4200001
4.3799999
3.47
3.2999999
3.26
3.0900001
3.06
3.25
3.06
4.37
3.44
3.53
3.1600001
3.13
3.4400001
3.0799999
2.7899999
2.86
3.12
3.0500001
3.94
3.7499998
4.0
5.03
6.73
6.3300001
7.1799998
5.5900002
5.06
4.46
5.6799998
5.3700001
5.1800001
5.3099999
3.76
3.76
3.28
3.28
3.35
3.01
3.64
3.43
4.6200002
7.28
4.8800001
6.03
7.4399998
6.0899999
6.8200002
7.6699998
5.5399999
4.24
3.05
4.79
4.8399999
5.97
5.3999998
4.58
3.43
3.91
3.12
3.15
3.2400001
2.9699999
3.76
3.66
3.79
6.4599998
4.8600001
6.1800001
5.7899999
4.52
4.29
4.0099999
3.29
2.84
2.77
2.92
4.1099999
4.2599999
4.3799999
3.9699999
3.33
3.1099999
3.4099999
3.2899999
3.14
3.08
3.23
3.9699999
4.6399999
5.55
4.6599998
3.91
3.97
4.0600001
3.56
4.1200001
4.6199998
5.76
3.9400001
3.6999999
4.2100001
5.7999999
5.0500002
6.76
4.3499999
3.96
3.3899999
3.16
3.04
2.92
3.51
4.2099999
5.3899999
6.6700001
5.9300001
5.7599999
5.98
6.8799999
6.72
6.8700001
6.5499999
6.1900001
6.25
4.8800001
4.8199999
6.8899998
6.0899999
5.75
4.6299999
3.84
4.0
3.61
3.69
3.5400001
4.1
5.32
6.26
6.6100001
5.9300001
5.6000002
7.23
7.0
7.6400001
7.25
8.8199997
7.5
7.2299998
6.1600001
6.0799999
6.44
5.6400001
5.9300001
5.53
5.3800001
4.8500001
4.4100001
4.26
4.0000001
4.63
5.5399999
5.34
5.6600001
5.1600001
4.4100001
4.4600001
4.77
6.33
5.9799998
5.51
6.8900001
6.3600001
7.2900002
5.95
5.4600001
5.74
5.4599998
3.63
3.4199999
3.29
3.34
4.0099998
3.38
3.5799999
4.4600001
6.6300001
7.5599997
5.96
5.8900001
5.7400001
5.6400001
7.1299999
6.4200001
6.6600001
5.8699999
6.22
5.0599999
3.9
6.0199999
6.0899999
4.6700001
4.1499999
3.59
3.32
3.3099999
3.1
2.93
3.76
4.34
5.27
5.8899998
4.98
5.09
5.21
5.1099999
6.0699999
6.7200001
7.28
7.9800003
6.01
6.57
6.22
7.01
5.1299999
4.7999999
4.8699999
3.37
3.09
3.09
3.3400001
3.21
3.23
3.8099999
4.8600001
4.2900002
5.79
5.43
5.49
4.6599999
5.3199999
5.21
4.8199999
6.3500001
5.3199999
4.8300001
5.0500002
4.4200001
4.3899999
4.9299998
4.0899999
3.9200001
3.14
3.0099999
3.02
2.48
3.59
3.2399998
3.08
4.6600001
4.8299999
4.78
4.8
4.9499998
5.4200001
4.51
4.8599999
5.1299999
4.4099999
2.93
3.9199999
4.9299998
5.73
4.13
3.62
3.3300001
3.23
3.32
3.0
3.02
4.93
4.75
4.8899998
5.75
5.99
6.3599999
7.1800001
6.5799999
5.72
5.5999999
5.3
3.78
3.92
2.83
2.6
2.4899998
2.77
3.7200001
2.63
2.71
2.8799999
2.7800001
2.78
2.55
2.43
2.8900001
4.3799998
5.46
4.8199999
4.4700001
4.9000001
5.03
6.3800001
6.22
5.5999999
7.19
6.1200001
5.68
6.3499999
5.9500001
6.6700001
5.3400002
4.1900001
3.67
3.28
3.03
2.9500001
2.77
3.78
4.51
6.2999999
6.72
6.8699999
6.3299999
5.8800001
5.4599998
6.2800002
6.5299999
6.1799998
6.9500001
5.2099998
4.5999999
5.71
5.55
4.85
6.6099999
5.0
3.64
3.2
3.03
3.08
2.9100001
3.8300001
4.8999999
5.82
5.8400002
7.0999999
4.99
4.9000001
5.5899999
5.5799999
5.0899999
6.3299999
4.46
4.5800002
4.4200001
4.77
4.4199998
6.1199999
4.1400001
3.34
2.87
2.9299999
3.05
3.2300001
2.87
3.3399999
6.44
5.9100001
6.4300001
5.74
5.6699998
5.3599999
4.8699999
5.5299999
5.4600001
3.95
2.62
3.0199999
6.1299999
4.7999999
6.9600001
6.5
4.2400001
4.93
4.0100001
3.4
3.3
3.18
3.29
3.4
3.9299999
4.5299999
5.1200002
4.5299999
5.3799999
5.4300001
6.5799999
4.2799998
4.7800001
6.6
4.5999999
4.73
3.32
2.77
4.7099998
4.76
4.3599999
4.0799999
4.6000001
5.76
4.9400001
3.9800001
3.39
3.32
4.05
4.2600002
4.72
4.1600001
4.31
3.1100001
5.1700001
5.68
5.4700001
3.35
2.81
3.0799999
3.23
4.1399999
6.8999999
5.72
3.82
3.34
3.48
3.29
3.48
3.5199999
2.9
3.6800001
4.8900001
6.49
8.0999999
7.01
6.6700001
6.3299999
6.2799999
6.99
5.73
7.02
6.3699999
4.79
3.9300001
3.46
5.04
5.0499999
3.8099999
4.0399999
3.9300001
3.04
3.16
2.9900001
2.52
3.4300001
5.75
6.0600002
6.4499998
5.5999999
5.8900001
6.76
5.55
5.5500002
5.3800001
5.98
5.8499999
5.03
4.8700001
4.54
5.1600001
5.3600001
4.26
5.3699999
4.0599999
3.3600001
3.25
3.2000001
2.71
4.4199998
5.04
5.1800001
6.3799999
5.6199999
5.1499998
5.2899999
5.52
5.6299999
5.8099999
8.0399999
6.9299998
6.25
6.5699999
5.7800002
5.46
4.8299999
5.09
3.8999999
3.8500001
4.48
3.16
4.0499999
3.2
3.09
6.4500001
6.9200001
8.0400002
7.44
7.21
5.48
5.25
5.9300001
6.0299999
5.9799998
4.99
3.6199999
2.8100001
4.29
6.6700001
4.6899998
5.1900001
4.5599999
3.41
3.42
3.19
3.01
3.01
3.48
4.3700001
5.8600001
6.9900002
5.1799998
5.3299999
4.3699999
4.6599998
5.6800001
6.8099999
7.3499999
6.8199999
5.7100001
5.51
4.9299998
5.3500001
4.3899999
3.8999999
3.0699999
3.1599999
3.0799999
3.23
3.24
3.02
3.56
5.7800002
4.8799999
5.3400002
6.1999998
4.0199999
4.4199998
4.74
4.6800001
4.7
5.74
5.6700001
4.6600001
3.56
4.76
5.98
5.52
3.2100001
3.54
3.31
3.17
3.13
3.11
2.7000001
2.72
3.11
4.44
4.8999998
4.1799998
2.83
3.55
5.4499998
3.81
3.1100001
2.79
3.0199999
3.3399999
2.9700001
2.8
2.95
2.97
4.2100001
3.0799999
3.05
3.14
3.0899999
2.96
2.3999999
2.64
3.2799999
2.97
3.26
7.23
6.4200001
5.3299999
4.9400001
6.0
5.9500001
7.1099999
5.72
5.0400002
3.25
3.3400001
6.8500001
5.72
5.8700001
3.8199999
3.2
3.06
3.5499999
3.08
3.6400001
3.31
4.08
5.5799999
5.32
6.3999999
5.4099999
4.4700001
5.1499999
5.52
5.6499998
5.8500001
7.01
5.0800002
5.5
3.4899998
5.3700002
6.49
4.4199999
3.59
3.17
3.84
3.04
3.24
2.6199998
2.79
4.49
5.1100001
6.3900001
7.1800001
6.75
5.9499998
6.01
5.95
5.5900002
5.6899998
4.75
4.5900002
2.9900001
5.25
6.46
4.8900001
4.6700001
3.4799999
4.0199999
3.16
3.16
2.87
2.5
3.66
5.4300001
6.41
7.1000001
7.21
6.1700001
5.0
4.99
6.3199999
5.97
6.1099999
5.1899998
6.79
6.6499999
4.47
5.7899999
5.8199999
4.2299999
4.03
3.83
3.1
2.96
2.88
2.84
4.1800001
5.5699999
5.24
5.94
5.6400001
5.49
5.6000002
5.9400001
6.51
6.5199999
6.75
7.4399999
6.3
4.6300002
5.1400001
5.78
4.97
4.0599999
3.64
3.3
3.1800001
3.27
3.12
2.9800001
2.9500001
3.8000001
4.9200001
5.5899999
5.48
5.55
5.7
4.3900001
5.95
5.47
4.7000001
2.85
2.84
5.27
5.53
5.6200001
4.1099999
4.5
4.0600001
3.8300001
3.37
3.46
3.02
2.83
3.94
4.4299998
3.11
6.1099999
5.6399999
5.26
4.97
3.6199998
4.5900001
4.5
6.0
5.3
5.0199999
4.8899998
4.75
5.3099999
4.16
4.5499999
3.39
3.1100001
3.0300001
2.84
3.16
2.9700001
3.2300001
5.2899999
5.5
7.49
6.75
6.8699999
7.0
6.5799999
5.9000001
5.3199999
6.4600001
5.58
5.3799999
5.95
5.5
5.0899999
5.6600001
4.8000002
5.71
4.5700002
3.22
3.28
3.37
2.87
4.1
5.3300002
6.3899998
6.96
7.25
6.2999999
6.23
5.6500001
5.99
7.5499999
7.3099999
6.24
5.3499999
2.92
5.4000001
5.8500001
5.6600001
4.4699998
3.8099999
3.4900001
3.2800001
3.2999999
3.14
2.5
3.5900001
5.5
6.5599999
6.1199999
6.5
5.74
6.0999999
6.77
5.76
5.4000001
5.6900001
6.0699999
4.79
3.25
4.9099999
5.5899999
5.72
3.76
4.3900001
5.01
4.3599999
3.34
3.1999999
2.95
3.2400001
6.3
7.25
8.02
7.1
6.53
5.51
5.9399998
4.9300001
4.25
2.91
2.9099999
2.83
2.58
2.63
2.82
2.99
3.1900001
3.01
3.2899999
3.1599999
3.0800001
3.01
2.55
2.6799999
3.1
3.42
4.8500001
4.3
4.76
5.26
5.17
4.8499999
5.2200001
4.1300001
4.3999998
4.9100001
2.86
2.86
3.14
3.08
3.46
3.0
3.2199999
3.15
2.9800001
2.88
2.63
2.72
2.64
2.66
2.62
2.75
2.8999999
2.81
3.5699999
5.1699999
5.2799999
4.48
3.0
2.7899999
3.9199999
4.69
4.6
4.27
3.7699998
3.62
3.36
3.19
3.19
3.27
2.56
3.4799999
4.8399999
5.72
5.4700001
4.9199998
6.29
5.1199999
5.47
5.6899998
3.49
4.1800001
3.27
2.7000001
2.57
3.45
5.4899998
4.44
3.93
3.51
3.32
3.38
3.61
3.5399999
2.8599998
2.77
5.4200001
6.6099999
6.32
6.01
6.6800001
6.3399999
5.2999999
6.29
5.1100001
6.9300001
5.7799999
5.27
4.8099999
3.99
4.75
5.2000001
4.3100002
4.8099999
3.57
3.15
3.51
3.51
2.61
3.2799999
4.6799998
5.9200001
5.4499998
6.3200002
5.98
5.8599999
5.3599999
8.3499999
8.22
8.3399999
5.8599999
5.8599999
5.4700001
5.4099999
5.56
6.1399999
3.8799999
4.2000001
3.9899999
3.99
3.55
3.51
3.43
3.5599999
5.1699998
7.02
6.8399999
7.0799999
5.99
5.2000001
5.0799999
6.06
5.6499999
6.1399999
7.35
5.22
4.8800001
5.0800002
5.3299999
4.48
4.1999999
4.1599999
3.6799999
3.0200001
3.01
3.46
3.2
3.53
5.5799999
5.3799999
6.5599999
5.7699999
5.5699999
5.49
5.3800001
6.1300001
5.8900001
5.07
7.76
5.9200001
6.9100001
5.4
4.4199998
5.02
4.3499999
3.69
3.55
3.2199999
3.56
3.45
2.75
3.2400001
7.0899999
7.1700001
6.69
5.8999999
5.69
5.2200001
4.6499999
4.9100001
4.6000001
4.44
2.64
2.78
3.5
5.3099999
5.9299998
3.7099999
3.49
3.3300001
3.1899999
3.0400001
3.0499999
2.99
2.7
2.9400001
3.4000001
4.24
5.0399999
4.9300001
4.6700001
3.9699999
4.6299999
4.2100001
5.1399999
7.21
5.02
5.2100001
3.47
5.04
5.8499999
3.8900001
3.28
2.83
3.07
2.89
3.04
2.81
2.6900001
3.32
3.5599999
2.7300001
4.75
4.99
4.29
2.76
3.12
3.06
2.56
2.67
2.68
2.47
2.5299999
2.53
2.9399999
2.93
4.6299999
2.9699999
2.8499999
2.9500001
3.0
2.97
2.82
2.67
2.95
4.5500001
6.4200001
6.25
6.3299999
6.0899999
5.9300001
6.6999998
5.6299999
6.8399999
5.76
4.6199999
4.77
4.7
4.4000001
6.01
4.4800001
4.0499999
3.19
2.99
2.95
2.93
2.78
2.86
4.44
5.01
5.3699999
6.0299999
5.49
3.7100001
3.7699999
5.3200002
5.7
6.7799999
6.6700001
5.6399998
3.7400001
4.9100001
5.8299999
6.6100001
4.4900001
3.3900001
3.35
3.34
3.1600001
3.13
3.21
4.9400001
6.8399999
7.0599999
7.8600002
6.4000001
5.7100001
5.4500001
5.08
6.8699999
7.5
7.1800001
5.73
4.96
2.84
3.04
4.9399999
7.0999999
3.9199999
4.3300002
3.47
3.24
3.46
3.41
3.04
3.8299999
6.1100001
6.5799999
7.5499999
7.1800001
6.4200001
5.8999998
5.28
5.92
5.3599999
3.9199999
3.17
3.35
3.36
3.39
3.3499999
3.61
4.0399999
3.74
3.64
3.69
3.56
3.5399999
3.3500001
3.0799999
3.2399998
4.0499998
4.0799999
4.71
3.7900001
5.44
5.6199999
5.02
5.51
5.8499999
6.3199999
6.4200001
5.1099999
4.9600001
5.73
4.28
4.9899999
3.75
4.5
3.67
3.5799999
3.64
3.3000001
3.53
3.9200001
4.5400002
4.28
3.7099999
3.6499999
5.4400001
6.2000001
5.23
4.9300001
5.3800001
4.6099999
4.45
5.3100002
4.3100002
5.5499999
6.8900001
4.1200002
3.6700001
3.5399999
3.67
3.6700001
3.6
3.28
3.89
4.77
4.1900001
4.6199999
5.1099999
4.7999999
4.24
5.0400002
4.6599998
4.8300002
6.72
6.26
4.4199998
3.1
5.3799999
6.2699999
5.3399999
4.5900001
3.43
3.3399999
3.5
3.54
3.46
3.3
3.8099999
6.4100001
6.26
6.6799998
7.0600002
6.05
4.0700001
5.0999999
6.27
5.8599999
5.8299999
5.24
5.45
5.99
5.8799999
4.5
4.8699999
5.24
3.94
3.71
4.0600001
3.9799999
3.6600001
3.37
3.7999999
5.0899999
6.6700001
6.06
6.4400001
5.6600001
5.8800001
6.02
7.0100002
8.1700001
5.4100001
5.3600001
3.53
2.8
3.55
6.1700001
5.6199999
3.61
4.8400001
4.1499999
3.5999999
3.5
3.84
3.1100001
3.65
4.16
4.0899999
5.23
6.26
8.24
6.96
6.9099998
5.79
5.26
5.78
5.56
5.02
4.9000001
4.4700001
4.2899999
4.6600001
3.68
3.12
3.3499999
3.1399999
3.2
3.38
3.17
3.1300002
6.1600001
6.1000001
6.8800001
5.78
7.23
6.23
6.8400002
5.72
5.1500001
6.6700001
7.27
4.3699999
4.6200001
6.1299999
5.75
4.5199999
4.59
3.53
3.42
3.18
3.01
3.19
2.96
3.38
4.15
4.54
5.78
5.0999999
5.3599999
4.8400001
5.4600001
5.27
5.6800001
5.26
5.5199999
5.5899999
5.1299998
4.6499999
5.1600001
5.5599999
4.32
4.1600001
3.25
3.31
3.05
2.98
2.91
3.5
3.6500001
3.9299999
4.78
5.2100001
3.4099999
3.5099999
5.3599999
5.4600001
5.77
7.31
6.9000001
5.8799999
4.7900002
4.4000001
5.2799999
5.1700001
3.29
3.3600001
4.24
3.36
3.11
3.05
2.9499999
3.83
4.3799999
8.55
7.0
7.8699999
7.0899999
5.3099999
5.1900001
4.0599999
2.8900001
3.04
2.58
2.8
2.85
2.86
3.3100001
3.4399999
3.8
3.2700001
3.27
3.18
3.37
3.27
3.22
2.68
2.54
3.25
6.25
5.71
5.8899999
5.8699999
6.01
5.6800001
6.7000001
7.0700001
6.04
4.97
2.6899999
3.0
3.2099999
5.74
4.17
3.7799999
3.3900001
3.22
3.34
3.55
3.04
3.13
3.3300001
3.6600001
6.01
4.66
4.5200002
4.48
4.6300001
6.6499999
6.5799999
6.0
4.0799999
3.19
3.8999999
5.1399998
6.9399998
6.0900001
4.9600001
3.57
3.18
3.4200001
3.27
3.02
2.91
3.44
4.25
6.0900002
6.7900002
7.8299999
6.9000001
6.67
7.0399999
5.9700001
5.8799999
5.49
4.2500002
2.62
2.6500001
2.7300001
4.15
5.26
4.1000001
4.93
3.8800001
3.03
3.02
2.9200001
3.4000001
2.88
5.5799999
5.26
6.4000001
7.0300002
6.5999999
5.79
6.75
4.97
2.6600001
2.62
2.69
3.17
2.94
2.59
2.8600001
3.11
4.01
2.92
2.91
3.0200001
2.89
2.9
2.64
2.57
2.8
2.69
4.8699999
4.1900001
4.1900001
4.0599999
4.1899999
5.4600001
5.4100001
5.3499999
4.3300002
4.28
4.0099999
4.2900002
5.0999999
5.4500001
4.3999998
4.1299999
3.7400001
3.1699999
3.32
2.9000001
3.04
3.7300001
3.87
3.6500001
3.9699999
4.3700001
3.89
5.73
5.3099999
5.05
4.22
4.0
3.37
2.76
3.3
3.84
5.1700001
3.7799999
5.47
3.38
2.9600001
3.1899999
2.91
2.99
3.16
3.15
3.25
3.5299999
5.2199998
4.03
3.83
4.4199998
4.4799999
5.0300002
4.7300001
6.8200002
5.2000001
5.44
4.6900001
5.0500002
5.6399998
5.4100001
4.35
6.0200002
4.45
3.8399999
3.2099999
3.31
3.5600001
3.8399999
5.5
5.7100001
7.5200002
7.2
7.3599999
7.1699998
5.3699999
5.0
4.8799999
5.55
5.81
4.71
4.06
4.4699999
6.7700002
4.1
4.3200001
3.17
2.92
3.0
3.22
3.0799999
3.03
3.86
4.16
5.6400001
5.46
4.6799998
4.8900001
5.17
6.4700001
8.3699999
7.92
6.2000001
4.74
3.54
2.97
3.75
6.48
5.8600001
4.6400001
5.4499998
4.7699998
3.11
3.1200001
3.57
3.51
3.08
4.6599999
5.71
5.6699998
5.28
4.6900001
5.1199999
5.8699999
6.54
7.4500001
6.6800001
6.21
5.52
5.72
5.6600001
5.51
5.23
4.03
3.76
3.6800001
3.58
3.83
4.04
3.79
3.99
6.06
5.99
6.7999999
5.6300001
5.3200002
5.9200001
5.4500001
5.5899999
5.3000002
4.74
8.1500001
4.9299998
6.19
4.8799999
5.4100001
4.51
3.81
3.1600001
3.11
3.16
3.36
3.25
3.12
3.15
4.1299999
5.53
5.4699998
4.8399999
3.21
3.6300001
4.3600001
4.7999999
4.8299999
4.8499999
3.9699999
2.84
2.81
4.6900001
5.54
4.52
3.77
3.17
3.4099999
2.8300001
2.8800002
2.8999999
2.92
2.94
3.4800001
3.0399999
4.5100001
4.1499999
3.07
2.52
3.01
4.4000001
5.03
4.6600001
3.93
3.5400001
4.7400001
4.66
5.4000001
4.3700001
3.66
3.5
3.25
3.6599999
3.21
3.03
3.01
2.63
3.83
4.2200001
3.1
3.9799999
4.2000001
6.05
5.3999998
5.0399999
2.74
2.7
2.81
2.57
2.81
2.87
3.05
3.23
3.5999999
2.8900001
2.92
2.8200001
3.11
3.2200001
2.8600001
2.44
2.79
3.85
5.73
5.2899999
5.3100002
5.3699999
5.3299999
5.01
5.3700001
5.3699999
3.7099999
2.86
2.7299999
2.65
5.3
5.06
5.0399999
3.65
3.63
3.13
2.92
3.1
2.95
3.44
3.7299999
4.1000001
4.3200001
4.6499999
3.74
4.31
5.7200001
5.3399999
6.0799999
6.33
6.1900001
4.9300001
4.8600002
6.2699999
6.23
6.25
4.98
3.69
3.17
3.3000001
3.06
3.0299999
2.9700001
3.99
3.3099999
3.7700001
6.2000001
4.4400001
5.54
5.7300001
5.6999998
5.7799999
5.5900001
5.1499999
4.7299998
4.3500001
4.5799999
5.7600002
5.1099999
4.74
3.97
4.5399999
4.4700001
3.17
3.5
3.44
3.22
3.0
4.9500001
5.4499998
6.23
5.77
4.9600001
3.87
6.1199999
4.6700001
3.75
3.25
2.55
2.44
2.48
2.8800002
3.1800001
2.9399999
3.89
2.79
2.8199999
2.9
2.89
2.9300001
2.86
3.01
2.6
3.8099999
3.68
4.2299999
5.4300001
4.0499998
4.7
4.52
7.0699999
6.5899999
5.74
5.1800001
4.2699999
4.9699998
5.0800001
4.0000001
5.5400002
4.07
3.1
3.12
3.12
3.0300001
2.91
3.35
3.49
4.25
4.5
3.71
4.5000001
5.1200001
5.7100001
4.4300001
5.1399999
6.8899998
5.1600001
5.1400001
5.6999998
4.74
5.24
4.9700001
5.83
3.55
2.89
3.1100001
3.05
2.8200001
3.27
3.12
3.64
3.56
4.8800001
5.51
3.31
2.4900001
4.55
4.78
4.06
2.72
2.76
6.25
4.3499999
4.04
4.8600001
5.5799999
4.73
3.9599999
3.5499999
3.51
3.4799999
3.59
3.11
3.44
5.4100001
5.5799999
5.3099999
6.05
4.9100001
4.7899999
5.6600001
5.25
4.6899998
3.64
2.87
2.63
3.41
4.4699998
5.2199998
4.1500001
3.79
3.39
3.03
3.14
3.07
2.95
3.12
3.12
4.1599999
4.5199999
4.8800001
5.6600001
4.9099998
6.4199999
6.23
7.1699998
6.0999999
5.02
3.5
3.3900001
4.1199998
5.0799999
5.3699999
4.6100001
1.87
3.44
3.7675
3.5
3.3375
3.3675
3.2775
3.585
4.4725
5.465
6.46
6.44
6.2375
6.1625
6.2025
6.3475
6.2025
6.5075
5.9925
4.9475
4.4975
4.9425
5.2975
5.36
1.63
4.01
3.2900001
3.5
3.07
3.43
3.11
3.29
5.6299999
5.9399998
6.44
6.79
5.75
5.8999999
5.3400002
3.8499999
2.7099999
2.59
2.74
3.3
2.68
2.71
2.84
3.32
3.55
2.94
2.92
3.21
3.01
3.03
2.9499999
2.73
2.4500001
2.45
4.0199999
3.82
3.5800001
3.9799999
4.1500001
4.6299999
4.7
4.6699998
4.1100001
4.1500001
3.95
3.0
3.7300001
5.0199999
3.86
3.65
3.36
3.15
3.15
3.04
3.09
3.05
4.5199999
4.8500002
6.1900001
4.8600001
5.19
3.71
4.22
4.4199998
4.4199998
5.7199998
4.4799999
4.6400001
4.3400001
4.6800001
5.01
4.28
3.6899999
3.79
3.25
3.45
3.54
3.12
4.2800001
4.3100001
4.4000001
6.27
5.3099999
4.83
3.13
2.61
3.2799999
3.5799999
2.6600001
2.92
2.85
2.57
2.66
3.0
2.9
3.23
3.84
2.9300001
3.01
3.12
3.29
3.23
2.9600001
3.01
2.73
5.26
5.75
6.0599999
5.5999999
4.99
4.22
4.8499999
5.01
4.4299998
4.27
4.5499999
4.1800001
4.0799999
6.0599999
8.1599999
4.65
3.69
3.43
3.45
3.49
3.34
3.71
3.7
4.5999999
4.69
5.0600002
5.5799999
4.11
4.8899998
5.75
5.71
6.19
8.0799999
8.5999999
6.1700001
4.8399999
4.41
6.97
6.6499998
4.6099999
3.61
3.6100001
4.23
3.69
3.4900001
3.33
3.9399999
4.99
6.0
8.0300002
6.72
6.01
6.7100001
6.01
6.6999998
6.0499999
6.04
3.8100001
2.87
3.26
5.79
8.5300002
6.4499998
4.98
3.16
3.03
3.1499999
3.32
3.21
3.0
3.16
5.4299998
5.73
7.22
7.1800001
6.0999999
3.23
5.47
5.2000001
5.0700002
5.47
6.0500002
5.6099999
3.3699998
4.5999999
5.5900002
5.23
4.2500002
4.1000002
3.37
3.3200001
3.55
3.46
3.04
3.37
3.8299999
3.77
6.4400001
5.6599998
5.1000001
3.8600002
4.4399999
4.73
2.96
2.8999999
3.04
3.0900001
2.57
2.96
3.17
3.14
3.68
3.13
2.92
2.92
3.1600001
3.01
3.1
3.14
2.76
2.8099999
2.7200001
2.66
2.68
2.6099999
3.04
4.0899999
4.3299999
3.98
3.23
2.58
2.8100001
4.07
5.27
4.6700001
3.28
3.26
3.16
3.2
3.3899999
3.07
3.1
2.9
3.4799999
3.3700001
4.14
3.9599999
3.05
4.8900001
3.88
3.03
2.7000001
2.67
2.51
2.58
2.7
3.2299999
2.98
3.23
3.88
3.02
3.0099999
3.11
3.0899999
2.8299999
2.86
3.12
2.56
2.7199999
2.57
2.59
2.49
2.5999999
2.84
4.25
4.1100001
6.4400001
4.49
4.0599999
4.22
5.4199998
5.29
5.25
4.4500001
3.87
2.86
2.8899999
3.09
2.96
3.29
4.0199999
6.2600002
6.75
5.6399999
5.96
6.1399998
5.23
5.3099999
5.5999999
6.1200001
5.23
6.1300001
4.01
3.26
5.0499999
5.7899999
4.52
5.0300001
3.52
3.1400001
3.0999999
2.9599999
3.01
3.6
3.54
4.2799999
4.8300002
7.22
5.8499999
5.0700002
6.5799999
6.55
5.9299998
5.3900001
8.56
7.3099999
4.84
5.05
6.6900001
5.6300001
6.5399999
5.1199999
3.9499999
3.6800001
3.7100001
3.51
3.58
3.7
4.1500001
6.03
7.0399999
6.6600001
6.6399998
5.47
5.9399998
5.5600002
5.6200001
5.44
6.4200001
6.25
4.3099999
3.8299999
5.46
6.24
5.6699998
4.3799999
3.32
3.15
2.9
3.26
3.4699999
3.1
3.38
5.1099999
5.9099998
5.76
5.99
5.9100001
4.8999998
5.3100002
7.24
6.96
6.0800002
5.8299999
4.5
3.0600001
5.9500001
5.2300001
5.28
4.79
3.3399999
3.06
3.0200001
3.1700001
3.07
3.04
3.31
3.7799999
3.9
4.54
4.5199999
5.26
4.8600001
4.1699999
3.9200001
4.78
3.3199999
4.7599999
5.04
3.78
3.2599999
5.0099999
5.3400002
4.8199999
5.29
3.1899999
3.07
2.9799999
2.96
3.01
4.1099999
4.6400001
6.59
4.28
2.82
2.9799999
2.78
3.9999999
4.2
5.23
4.5599999
4.04
3.57
4.5299999
5.26
5.3399999
5.03
4.8199999
3.57
4.77
3.6200001
3.41
3.57
3.8700001
4.0699999
6.8700001
7.0100002
6.21
6.3899998
6.3900001
5.6399998
5.2199998
5.5799999
7.0500002
6.6700001
5.9300001
6.0199999
5.0799999
5.1300001
4.57
4.38
4.8000001
3.25
3.09
2.94
2.88
3.03
3.35
3.01
4.4899999
5.0499999
5.9199998
5.6299998
5.6599999
5.6499999
7.29
6.5
5.53
8.6999998
6.26
7.25
3.82
5.5299999
6.4300001
5.47
5.71
4.6500001
4.3999999
4.6100001
4.55
4.47
4.31
4.2800002
5.1999998
7.2
7.1200001
7.1199999
7.3200002
6.0799999
6.04
6.76
6.0099999
7.8000002
7.7999999
5.8299999
6.3399999
6.8700001
6.92
6.5
5.8100002
5.2699999
4.2
4.3799999
4.1800001
3.8
3.95
4.6099999
6.0999999
7.4
6.3199999
6.95
5.8700001
4.6099999
4.1900001
6.5900001
6.5899999
6.7999999
5.0699999
5.5999999
6.7599999
6.76
6.1799998
5.75
4.6399998
4.6499999
3.85
3.64
3.74
3.69
3.66
4.73
5.47
6.0
5.0700002
6.04
4.8800001
3.92
3.9
4.3599999
4.2
5.0399999
5.6199999
4.58
5.26
5.22
5.3800001
4.1500001
5.29
3.5099999
2.99
3.05
3.02
3.06
3.43
4.71
3.9299999
5.1700001
5.5900002
5.0799999
5.6400001
5.1799998
5.46
5.3400002
5.97
5.31
3.9900001
4.1499998
5.75
5.28
5.8999998
4.47
4.1399999
3.37
2.86
3.17
2.99
2.9800001
2.91
3.45
3.9399999
4.5499999
5.3299999
4.3599999
5.6700001
4.5699999
5.6699998
5.04
4.6299999
4.77
6.29
4.8000002
5.3499999
6.4700001
5.1800001
4.98
3.6500001
3.4100001
3.25
3.49
3.2700001
3.45
3.27
3.7899999
6.54
7.48
7.9999998
6.95
5.6200001
4.98
5.3400002
5.48
5.49
5.52
6.09
6.27
5.25
6.1799998
4.9499998
4.8599999
4.17
3.49
3.51
3.24
3.24
3.1499999
3.17
4.31
5.49
7.05
6.2
5.7899999
5.26
5.3499999
4.8799999
5.6799998
5.3200002
6.1400001
6.72
6.9099998
6.3400001
6.1600001
5.74
5.7900002
5.75
3.64
3.24
3.05
3.4
4.37
3.8500002
3.06
5.1700001
5.9300001
7.3799999
6.8599999
6.71
5.98
5.3700001
5.7999999
6.22
6.26
6.9199999
4.52
5.52
4.2900001
3.8200001
6.75
4.6599999
5.1100002
4.18
4.44
4.1499998
3.31
3.71
3.86
6.4099999
7.26
5.91
6.4600001
5.8999999
5.3399999
5.73
5.6600001
5.9200001
3.75
2.9000001
3.14
3.4
2.99
3.3100001
3.1000001
4.2799999
3.2
3.1200001
3.05
3.3600001
3.14
3.26
3.2199999
3.2899999
3.1900001
4.6499998
5.99
4.69
4.3999999
4.75
4.98
5.1300001
5.24
4.22
3.28
3.23
6.1100001
5.6700001
6.01
4.1800001
3.57
3.4
3.72
3.1500001
3.07
3.13
4.0399999
4.11
5.8900001
4.05
4.1499999
4.44
4.3100002
4.66
6.46
5.5
7.2500002
6.26
3.6299999
3.0
4.8099999
5.71
4.78
3.7400001
3.51
3.42
3.41
3.5999999
3.33
3.31
3.8800001
5.42
6.1000002
5.48
3.5399999
3.2199999
3.2
3.9699999
6.4800001
4.3499999
4.89
4.81
3.4499999
4.71
4.9099999
5.6300002
4.74
4.4000001
5.71
4.3199999
3.5500001
3.3799999
3.2
3.09
4.5900001
6.9100001
6.6800001
6.6599998
7.29
6.21
5.7
5.3600002
6.5699999
6.06
8.0799999
6.27
4.41
3.5899999
6.1800001
6.02
4.7099998
4.0899999
3.44
3.1
3.1
3.43
3.1700001
3.2900001
3.54
4.98
6.4099999
6.28
6.92
6.03
5.1900001
5.1499999
6.1200001
6.35
7.1600001
6.6200001
5.8499999
6.5999999
7.4499998
6.9000001
6.04
6.7
4.48
3.11
3.1099999
3.0900001
3.3099999
3.26
4.8200002
6.01
6.5599999
6.8899999
6.9100001
6.3900001
6.0999999
6.1999998
6.1299999
6.1900001
8.8800002
6.2599999
7.8200002
6.1800001
7.08
5.6600001
6.6900001
5.3000002
4.95
4.2100001
3.55
3.4600001
3.5
3.38
4.72
7.18
7.7900002
7.52
8.6700001
6.6299998
5.8900001
5.52
6.76
6.3
4.92
3.34
3.24
3.69
5.98
6.0699999
4.3
5.4400001
6.76
4.26
3.37
2.98
2.8799999
2.89
3.6399998
4.6300001
5.3299999
4.8299999
5.3499999
5.1100002
5.4600001
5.52
6.2
5.8
5.6200001
5.1299998
5.48
5.24
4.6800001
4.3500002
5.27
4.25
4.51
3.41
3.79
3.4599999
3.2599999
3.3199999
4.3300002
3.51
2.93
4.71
4.7199998
4.23
5.1399999
6.0799999
5.43
5.1099999
5.7799999
5.6800001
4.98
3.91
5.53
4.3
4.3
3.55
3.66
3.5500001
3.7300001
3.37
3.43
3.63
3.6999999
5.3999999
6.8700001
5.98
5.4099999
5.0799999
4.5399999
6.1400001
3.67
3.25
3.19
2.99
3.06
3.22
3.3299999
3.24
3.22
3.9099999
3.29
3.18
3.45
3.59
3.4899998
3.19
3.2899999
3.39
4.87
6.9000001
6.74
6.3100002
5.5299999
5.5899999
6.4599998
6.51
5.6899998
5.24
3.13
3.4799999
4.26
4.8700001
4.77
4.39
3.2299999
2.94
3.24
3.09
2.99
2.9499999
3.98
4.0999999
5.1200001
5.98
5.6500001
6.0
6.3799999
6.4100001
5.5299999
5.3399999
8.2100001
5.1900001
5.1900001
4.0799999
6.9900002
5.6399999
4.1800001
4.8400001
3.49
3.01
3.1600001
3.25
3.1900001
3.15
4.1300002
4.5999999
5.98
5.74
5.9299998
7.55
5.92
6.1699998
5.8
5.3
7.1000001
5.05
4.73
4.4400001
4.02
5.67
4.6100001
5.0999999
3.3300001
2.9099999
2.95
2.98
2.8899999
2.97
3.48
6.24
6.5499999
6.8899999
6.21
5.8199999
5.1000002
5.3800001
6.8700001
6.0800002
7.5100002
6.04
5.4300001
5.1500001
6.15
5.28
4.6699998
4.4300001
3.71
2.91
2.97
3.18
3.17
3.12
3.62
4.6900001
6.2699999
5.73
4.8899999
4.72
4.8399999
4.6599998
5.0999999
5.3500001
5.6699998
5.9499998
5.3300002
5.01
5.1400001
4.5799999
4.45
3.63
3.1800001
2.92
3.12
2.94
2.89
3.03
3.27
3.7400001
4.51
4.3499999
3.8900001
3.9499999
5.73
5.6199999
3.68
5.18
5.31
4.1399998
5.9299998
6.3199999
5.77
5.4200001
5.02
3.6699999
3.41
3.3
3.34
2.95
3.05
3.29
3.32
4.5800002
4.3900001
5.1200001
8.8000002
6.5400002
5.52
6.17
5.6800001
5.0699999
5.24
5.1799998
4.71
4.7299998
5.7
5.4099998
4.1
5.74
5.4600001
3.8
3.41
3.5299999
3.39
3.3100001
4.0600001
6.76
7.1099999
7.28
7.1500001
6.27
5.26
5.79
5.97
5.6100002
6.28
5.3099999
5.53
5.3800001
4.8099999
4.4700001
4.72
5.1
4.19
3.1899999
3.07
3.24
3.31
3.38
3.91
5.23
5.51
6.6600001
6.3900001
5.76
5.46
5.3199999
5.49
5.4100001
6.0500002
4.7599999
4.3400002
4.5600002
5.3300002
6.0499999
5.03
4.3900001
4.5099999
3.75
4.6200001
4.4300001
3.8399999
3.38
3.95
5.5899999
6.47
6.0399999
6.3299999
4.99
5.8
5.3199999
5.48
4.77
6.3199999
5.5799999
4.9100001
5.6600001
6.2799999
5.3799999
3.88
3.52
5.6100001
4.19
2.81
3.06
3.03
3.0900001
3.74
5.1500001
6.1199999
5.22
5.8299999
5.56
4.4800001
5.0799999
6.1500001
6.02
7.6199999
5.97
5.0800002
5.1299998
5.3500002
5.6999998
5.7099998
3.71
3.6899999
3.38
3.52
3.33
3.52
3.61
4.76
7.8900001
8.9200001
8.8600001
6.55
6.29
5.4599998
5.56
5.48
5.6800001
4.4100001
5.5699999
4.9100001
6.02
6.0400002
6.0599999
4.8199999
3.49
3.62
3.91
3.6
3.3600001
3.56
3.59
3.79
5.29
4.8400001
5.01
4.7
4.25
4.72
4.8600001
5.25
4.97
4.1199999
4.8699998
4.69
4.9200001
5.0499999
5.22
4.73
3.37
3.8
3.37
3.3799999
3.2299999
3.31
3.23
3.6
4.4000001
4.27
4.51
4.8099999
5.27
5.3
5.71
5.7000001
4.5
4.3700001
4.9099999
4.1800001
4.1600001
5.6200001
4.6299999
4.4000001
3.7100002
2.93
3.2
2.9100001
2.93
3.28
3.1399999
4.3299999
7.6500001
6.5900001
6.9900001
6.74
6.47
5.9199998
7.1800001
6.8500002
5.8699999
5.8700001
5.78
4.66
4.34
4.5800002
5.22
3.75
5.22
5.49
3.67
3.2400001
3.29
3.35
3.17
3.34
4.78
5.25
6.8
6.8799999
6.8099999
5.53
5.0399999
6.4000001
5.9399998
6.9299999
6.1300001
4.78
6.0299999
6.04
6.0399999
4.38
3.72
4.8500001
3.98
3.27
3.02
3.19
3.07
4.2999999
5.6600001
5.49
7.8000002
5.9699998
5.51
4.4399998
4.9100001
5.56
6.1800001
6.6300001
4.7700002
4.1999998
4.48
5.27
4.97
5.1200002
4.3000001
3.27
2.99
3.10000000001
3.3
3.39
3.2899999
4.65
8.1099999
7.3899998
8.0400002
7.6199999
6.3
5.0699999
7.0399999
6.3399999
6.75
7.22
6.3500001
7.1899998
6.21
6.25
7.7700002
6.29999989999
4.55
3.85000000001
3.77
3.95000010001
3.46999999999
3.3999999
3.52
3.99
5.79
6.9099999
5.6800001
5.53
5.04
5.6400001
5.21999999999
6.0599999
8.2799997
5.705
6.6199999
6.6299999
5.75
5.7199998
5.55
4.55
3.54
4.0499999
3.95
3.4599999
3.8699999
3.57999999999
3.3600001
4.79999989999
5.76
6.6799998
6.2
6.26
5.78
6.8099999
6.36000009999
5.18000009999
5.8100002
5.2899999
4.8199999
4.6099999
3.33
3.3599999
5.8200002
5.3500002
3.83
3.25
3.03000000001
3.06
3.01
3.03000000001
3.08
4.2199999
4.29
3.28
4.7999999
4.47
4.3700001
4.3100001
4.12
4.78
5.5300002
7.0500002
5.09
4.8000002
5.3299999
5.3600002
6.1900001
5.3899998
4.19
3.5
3.2100001
3.11999979999
3.27
3.31
3.29
4.34
6.79
6.81999990001
6.4100001
6.75
5.48
6.75
5.8599999
6.1099999
7.42
7.1800001
5.8099999
4.1100001
3.97
4.8899999
5.3
5.1000002
4.45
3.82
3.95
4.1699998
3.91
3.9899999
3.99000010001
4.1000001
5.3300002
6.6900001
5.8199999
5.6800001
6.6199999
5.8099999
6.8500001
7.43000009999
6.6000002
8.0700002
6.8899999
6.5799999
4.9200001
5.27
6.8400002
4.9200001
4.8999998
5.3999999
4.03
3.37
3.42
3.18
3.1700001
3.67
5.3599999
6.5300002
7.4000001
7.7199998
6.9100001
6.1099999
6.29
6.1899998
4.8500001
4.96
4.54999989999
3.9900002
3.5399999
4.3800001
4.5600002
5.9400001
4.3699999
3.69
3.6500001
3.24000010001
3.14
3.49000000001
3.82
4.6999998
4.99
5.8799999
5.9600001
5.6999998
5.9400001
6.8399999
6.51
6.6900001
7.3599999
8.0999999
5.1400001
6.4099998
6.5
8.2100003
5.1699998
4.81
4.2600001
3.56
3.4100001
3.08
3.0400001
2.96
3.27
4.32
6.11000009999
7.3199999
6.47
5.8299999
6.3099999
5.26
5.3
5.9099999
7.0800002
6.09999990001
5.84999990001
5.47
5.6799998
5.98
6.4099999
5.0899999
4.0299999
5.24
3.73
3.62
3.35
3.46
3.8
4.0699999
4.9600001
4.6799998
5.7099998
4.9200001
3.64
5.1199999
6.71
6.28
5.1700001
3.9699999
3.04
3.5399999
4.81
5.0399999
4.7799999
4.8700002
3.41
3.13
3.13
3.17000000001
3.36
3.0899999
3.16
5.3199999
5.2200001
6.1499998
5.8900001
5.6099999
4.6000002
5.1299999
4.3500001
4.72
5.0399999
4.2999999
3.77
5.5399999
4.4000001
4.99
4.8799999
4.58
4.8599999
4.23
5.4300001
4.97
4.05
3.93
3.59
3.53
4.5799999
3.6600001
4.67
6.98
6.59999990001
6.1799998
7.9199998
7.13999990001
6.3700001
5.3700001
5.6299999
6.6400001
5.9599998
5.74
4.6800001
6.6999998
5.6400001
4.85000000001
4.7300001
4.3900001
4.0599999
3.6800001
3.6499999
3.62
5.4100001
6.24
5.53
6.4300001
5.17000010001
5.5799999
7.4800001
7.1900001
6.13000010001
7.9400001
8.4899998
5.7700002
4.4300001
4.0599999
4.56000010001
7.2700002
5.29
4.09
4.9100001
3.86
3.51
3.25
3.7300001
4.1500001
4.1399999
6.0799999
6.88000010001
6.32
5.9000001
5.19
5.4100001
6.2999999
7.5
6.46
6.6300001
6.5900001
5.0300002
4.6900001
6.73
4.95000010001
5.01
4.25
3.53
3.25
3.51
3.27
3.7799999
4.17
3.46
3.79
5.27
6.3999999
6.7
6.31
5.55
5.5899999
5.96
7.0699999
9.1700001
5.48
4.7300001
3.5700001
5.7300001
5.7899999
4.1000001
5.3300002
5.32999989999
4.06
3.5999999
3.39
3.32
3.4
4.2199998
5.0
4.8799999
6.6499999
6.05
4.82
6.22
6.02
5.6700001
4.7999999
3.63
3.8300001
3.83
4.6800001
5.0600002
5.99
5.9300001
4.0899999
3.9499999
3.48
3.4400001
3.63
3.73
3.43
4.1900001
4.56
3.54
5.2
4.3100002
3.3
3.7300001
3.46
2.9700001
2.8
2.79
3.23
3.2699999
3.23
3.1600001
3.1399999
3.00999999999
3.2200001
3.31
3.0199999
2.9
2.98
3.12
2.9799999
2.86
2.8000001
2.82000000001
2.68
2.52
3.0
2.97
2.7099999
2.81
2.82
2.8199999
2.99
2.8599998
3.1
3.13
3.24000000001
3.18
4.8699999
3.3
3.11
3.0700001
2.92
3.13
3.13
3.2300001
3.39
3.99
5.7899999
6.1600001
6.6200001
6.2899999
6.6999998
6.3
7.29
6.95000030001
6.33
5.29
5.8499999
5.5699999
4.69
4.1500001
5.1100001
3.93
3.9199999
3.56
3.47
3.55
3.45
4.3
5.2
7.03
7.1400001
6.11000009999
5.9299998
6.24
6.04
5.52
7.7700002
8.8600002
6.86000009999
6.8799999
4.56
5.08
6.6300001
4.8699999
5.1499999
6.6999998
3.66
3.1699999
3.17
3.35000010001
3.90000009999
3.62
6.3099999
6.5899999
8.0299999
6.3500001
5.4600001
6.3500001
6.1399999
5.8199999
5.49
7.29
6.4200001
6.1699998
5.49000000001
4.8499999
4.1900001
4.86000009999
2.30813471555
0.0162694310857
0.016269431093
0.0162694310857
0.0162694310857
0.016269431093
0.0162694310857
0.0162694310857
0.016269431093
0.0162694310857
0.0162694310857
0.016269431093
0.0162694310857
0.0162694310857
0.016269431093
0.0162694310857
0.0162694310857
0.016269431093
0.0162694310857
0.0162694310857
0.016269431093
0.0162694310857
0.0162694310857
0.016269431093
4.56
4.395
3.815
3.4925
3.3575
3.345
3.455
3.9025
4.8875
5.4325
5.7675
5.46
5.135
5.28
5.305
5.5825
5.7475
5.425
5.1375
4.795
4.82
5.385
5.155
4.81
4.3575
4.3425
3.84
3.3375
3.1325
3.07
3.0675
3.625
4.035
4.32
4.6675
4.5275
4.2025
4.5775
4.94
5.1225
5.0775
4.81
4.6025
4.5975
4.61
4.8125
5.0375
4.745
4.1575
3.7675
3.465
3.375
3.2875
3.2525
3.4375
3.74
4.315
4.555
4.6625
4.78
4.75
4.5125
4.35
4.4475
4.385
4.47
4.7125
4.435
4.3125
4.49
4.595
4.5875
2.20813471554
1.71813471554
3.27
3.45
3.28000000001
3.15
3.05
3.8000001
6.8700001
7.6900003
7.77
8.6100001
7.5699999
6.73
6.9300001
7.1000001
7.7700002
7.7100001
8.0
7.0
7.4000001
7.06
6.3199999
5.82
5.6400001
6.8500001
4.6499999
4.04999989999
3.78000000001
3.8600001
4.0800001
5.1499999
5.7899999
7.6200001
6.8600001
7.54
5.96
5.75
5.51
6.45000010001
5.8
5.5399999
6.29
6.5199999
5.6500001
5.67000010001
5.53
5.5600002
4.2100001
4.6200001
3.51
3.21
3.17000000001
3.18
3.26
4.0600001
4.7099998
5.4600001
5.81
6.3099999
5.27
6.8600001
6.25
6.3199999
5.3699999
6.0899999
6.48
5.5999999
6.05
4.6599998
6.25
4.52
4.0599999
3.6500001
3.77
3.88
3.6200001
3.78
3.73
4.5500001
7.1900001
7.8600001
7.40000009999
7.4600001
6.25
6.31999990001
6.5999999
7.0799999
7.47
8.6200001
7.6400001
6.4399998
4.78999999999
6.44
6.73
5.74
4.1399999
4.6000001
4.45
4.2000001
4.01
4.01
4.31
6.0800002
5.54
5.8799999
6.9200001
6.5
6.0
6.05
5.4599998
6.81999990001
5.83
4.76
3.72
4.7499998
5.17
7.9200003
5.1900001
4.1800001
4.3999999
6.7799999
4.5999999
3.28999999999
3.04
3.1799999
3.13
3.86999979999
4.5399999
3.64
5.0799999
5.6500001
3.63000020001
3.97000009999
4.8499999
5.8899999
4.74
4.4400001
3.72
5.61
6.09
6.53
5.49
4.23
5.8299999
4.5
4.01
3.93
3.81
3.58
3.5899999
3.67
4.5800001
3.9799999
3.6200001
4.8000001
6.4200001
4.4900001
3.25999989999
4.3500001
5.21
6.6099999
6.72
5.02
4.6699998
5.1699998
5.32
6.6099999
5.9600001
4.0599999
3.8000001
3.57
3.51
3.4800001
3.9199999
4.3900001
6.6800001
7.5299999
7.5600002
7.24
6.8099999
5.1900001
6.9000001
6.5
5.5900002
5.8100002
5.05
3.72
4.1599999
5.8500001
7.6500001
5.50999999999
5.52
4.9700001
4.22
3.91
3.84
3.64
3.6400002
4.4900001
5.6900001
6.4200001
7.6399999
6.5999999
5.75
4.7699999
6.24
5.9700001
5.8
8.6799999
6.5799999
7.05
6.71999999999
6.11999989999
6.1899998
6.47
5.59999990001
4.4500001
4.4000001
3.98
3.8
3.7
3.81
4.8599999
6.2399998
7.0499999
5.9600001
6.7100001
6.3300001
6.3300002
7.3599999
6.1700001
6.15000009999
7.3899999
7.1700001
6.3700002
5.01
5.8800001
5.3200002
6.4499998
5.0900001
3.76
3.62
3.89
3.82999989999
3.39999999999
3.87
4.05
5.02
5.47
6.4599998
6.6500001
6.0500002
5.53
4.8600001
5.2999999
5.8100002
6.72
8.1100001
6.5400002
4.67000010001
6.73
6.6900001
5.2699999
5.78
6.32999989999
4.29999989999
3.78
3.67000000001
3.8499999
4.42000000001
4.03
6.8199999
7.18
6.49
5.7000001
6.03
7.3900001
7.25
6.5900001
6.42
8.2300001
6.7100003
6.04
5.3400001
5.76
5.3800001
4.7300001
5.47
5.9000001
4.92
3.93
4.01
3.86
4.01
4.9600001
4.63000010001
6.5599999
5.1399999
3.95000010001
3.54
5.06
5.7000001
6.4400001
5.63000010001
4.51
5.7300002
5.50999999999
6.2
5.82000019999
6.7
5.36000009999
4.21999999999
4.00999999999
3.82
3.66
3.44
3.64
4.18
4.50999999999
5.42000010001
6.77
6.71
6.75
5.21999999999
5.6000001
6.3700001
5.05
5.27
3.9500001
4.76
5.86999989999
5.99
5.45
4.98
4.60000000001
3.88
3.7
3.51
3.54
3.73
3.77
3.54
4.36000009999
6.73
7.71000029999
8.5599999
6.4499998
6.8599999
6.44
5.9100001
5.99
6.54
6.8599999
9.0899999
6.5
5.4399998
5.1500001
7.1000001
5.88999990001
5.5799999
5.5900001
4.0800002
3.92
3.9100001
3.94
3.9699999
4.73
6.3599999
5.8100002
6.3300002
5.8299999
6.6499998
6.3399999
5.5499999
7.6900003
6.02
7.5700002
6.5599999
5.0
3.7
5.53
6.1800001
4.9400001
5.9400001
3.8499999
3.84
3.82999999999
3.7299999
3.5700001
3.77
4.3900001
5.82
7.14999999999
6.2200001
6.78
5.97
6.1400001
6.4100001
7.9600003
7.5199999
7.6700001
6.59
5.74
6.6099999
6.99
6.0700002
6.9100001
3.9499999
4.3599999
4.4300001
3.5700001
3.45000010001
3.45000010001
3.5
4.6900001
6.9199998
8.2200002
7.3599999
7.4800003
8.02
6.1099999
5.4300001
6.1000001
6.7900002
6.1500001
5.96
5.8499999
4.93000009999
3.4100001
3.6599999
3.6900001
5.50999999999
3.51
3.5399999
3.64999989999
3.35
3.51
3.83
3.60999999999
4.29
4.5
5.1999998
4.8900001
5.40999979999
5.55
5.25
5.8700001
6.67999980001
6.6200001
5.5499999
3.88
5.4599998
6.4300001
4.8600002
5.29
5.1199999
3.74
3.47
3.72
3.23
3.46000000001
3.46
4.9200001
4.7999999
5.8800001
5.1400001
5.06
6.9700003
6.24000010001
4.5600002
5.8200002
7.4099998
6.47
7.0799999
6.0599999
4.5899999
5.2999999
6.58
5.6800001
3.8599999
4.0
3.67000000001
3.73
3.73
3.67000000001
3.6699999
4.45
4.77
4.18000009999
4.71
5.61000009999
5.3399999
6.3199999
4.3500002
5.6300001
5.6099999
6.32
6.6099999
6.1300001
4.33
3.52
3.59
3.5399999
4.01
3.19
3.1700001
3.33
3.1800001
3.59
4.0099999
3.86999979999
3.99
3.9700001
6.74
6.25
6.9399998
7.0
5.8399999
6.59
7.7100001
9.5300002
8.4900002
7.90999979999
6.7700002
6.5700002
7.25
5.65000009999
