30.54
30.52
31.04
31.3
30.81
31.37
30.82
31.03
32.02
31.18
30.77
30.08
30.17
29.24
28.47
29.73
29.81
30.39
31.79
31.63
31.95
32.18
32.45
33.28
32.98
32.7
33.82
33.47
33.65
32.9
33.02
35.21
37.27
41.78
38.82
35.14
33.06
34.77
33.83
34.25
34.58
31.51
32.29
31.51
35.4
33.75
31.57
31.98
31.82
31.63
32.75
32.38
32.22
32.87
32.06
32.0
31.94
32.56
31.66
30.95
31.79
32.24
29.28
30.31
29.84
30.01
30.9
31.75
31.18
30.82
32.39
31.99
31.98
32.48
32.76
32.58
32.52
32.77
32.2
32.96
32.63
32.41
31.4
32.77
30.77
30.36
27.49
26.48
27.67
28.01
29.03
29.79
28.95
29.07
29.79
29.94
30.12
31.47
30.86
30.58
30.4
32.14
31.8
35.05
35.66
35.51
32.82
33.66
32.86
32.15
29.57
30.31
30.16
29.02
28.45
28.09
31.12
31.01
26.71
26.0
27.33
27.21
27.72
28.04
27.66
29.1
30.29
32.55
32.13
33.02
34.5
32.5
31.33
31.1
29.57
30.31
30.16
29.02
28.45
28.09
31.12
31.01
26.71
26.0
27.33
27.21
27.72
28.04
27.66
29.1
30.29
32.55
32.13
33.02
34.5
32.5
31.33
31.0
38.76
33.4
32.03
28.92
28.02
29.81
32.57
26.39
25.27
25.52
27.82
25.7
26.11
26.27
24.95
27.39
26.73
29.02
31.25
32.75
32.49
33.63
33.24
32.92
35.0
32.05
29.94
28.79
26.46
25.31
28.11
28.02
26.21
25.33
25.1
24.91
25.68
25.09
25.3
25.76
27.61
30.11
32.43
38.21
36.11
32.71
33.04
35.36
37.2
34.8
31.93
30.11
28.12
25.37
30.37
26.53
24.64
24.87
24.94
24.63
25.31
25.23
24.75
24.99
25.51
25.27
24.88
25.84
25.33
24.95
25.22
29.65
29.66
30.47
26.27
25.65
26.06
24.13
24.01
25.18
25.0
25.7
25.15
25.33
25.87
25.06
26.8
26.08
25.68
25.74
25.32
24.72
25.3
24.94
24.31
24.53
24.19
24.13
25.03
25.2
25.32
23.09
23.6
23.31
23.71
23.06
22.93
24.38
24.32
23.29
22.96
22.59
24.43
40.63
61.37
47.5
54.83
56.79
54.41
56.99
55.65
53.11
55.52
52.5
42.44
41.52
40.86
37.2
27.46
27.39
26.76
25.57
28.07
26.72
27.63
25.6
29.08
42.72
70.58
60.02
55.0
54.61
54.51
53.51
53.99
50.47
50.48
47.37
43.72
39.91
37.42
33.43
25.18
25.25
24.81
24.37
25.66
24.79
25.32
25.77
26.25
35.21
66.86
58.19
49.7
52.58
51.59
54.11
56.9625
56.295
54.17
50.5025
41.1125
36.98
35.2475
30.95
26.2325
24.9625
25.49
25.0425
25.19
25.8875
25.66
26.21
26.485
32.4925
45.005
50.28
48.4325
48.2725
48.3175
47.045
45.8075
43.9775
42.725
40.26
36.1
33.7525
32.9975
30.945
26.5875
24.57
24.0625
23.8525
24.1475
23.735
24.595
24.2875
25.51
31.91
57.94
44.72
43.89
45.54
48.55
48.92
54.24
52.79
48.54
37.38
30.24
24.37
28.84
24.98
21.6
23.01
22.74
22.56
22.59
23.46
23.11
23.26
24.07
23.16
23.28
24.55
24.08
23.15
22.26
20.56
22.61
23.02
23.72
23.54
21.62
23.77
23.63
21.25
22.34
22.07
21.91
22.38
23.69
22.73
23.63
23.42
23.66
24.31
23.24
22.51
26.08
25.7
23.47
23.66
22.0
22.79
22.66
22.75
22.64
21.13
20.51
21.52
22.93
22.28
22.06
24.39
22.71
24.29
25.15
24.8
22.77
24.01
23.91
22.81
22.98
22.6
21.41
21.81
22.18
25.78
24.26
23.55
22.57
22.64
21.43
21.76
22.43
22.26
21.72
23.06
23.49
23.5
23.56
22.81
24.96
31.66
60.99
59.62
50.01
54.51
53.08
55.4
56.13
56.2
56.81
53.81
41.9
35.9
38.74
32.44
28.76
23.83
23.38
22.81
22.68
22.0
21.68
21.27
23.07
35.06
56.81
51.88
45.75
49.87
55.51
56.3
60.94
57.78
55.89
54.53
44.58
36.8
31.47
30.77
20.66
21.46
21.43
21.14
22.27
23.43
22.37
23.11
23.14
35.15
56.79
60.67
49.5
52.63
50.18
49.82
49.94
50.06
49.83
48.4
38.47
37.11
35.34
33.23
23.79
22.12
21.42
22.13
23.43
22.35
23.2
23.62
24.35
39.66
57.42
54.36
49.71
46.01
45.55
48.19
49.26
49.47
46.0
38.98
30.51
26.2
27.63
26.09
23.39
23.33
23.77
23.2
23.26
23.03
22.98
22.47
22.68
23.26
23.51
24.14
24.2
21.16
22.39
26.36
25.8
21.76
21.44
21.06
23.08
23.66
22.71
23.71
24.84
23.92
23.38
23.99
23.89
23.91
24.43
23.63
24.93
24.78
24.69
23.96
24.85
23.31
20.49
20.66
21.85
19.17
20.17
21.43
23.2
23.68
25.27
23.32
23.59
24.57
23.77
25.17
24.44
24.77
23.99
24.15
25.45
36.38
64.19
55.97
53.56
59.84
56.52
54.95
57.42
54.11
52.46
49.5
45.76
42.2
39.99
37.09
27.5
26.0
25.67
25.35
25.06
24.74
24.79
25.68
26.91
37.27
68.08
62.0
62.69
62.9
66.2
68.74
63.83
65.0
61.84
53.08
46.52
43.62
39.51
34.96
26.29
24.66
25.04
24.97
25.3
25.88
25.44
24.44
25.22
30.81
62.43
58.83
54.14
58.12
60.74
57.85
60.35
57.29
58.11
54.69
45.1
45.16
39.55
30.64
25.12
22.38
22.66
22.64
22.97
21.8
23.84
22.51
23.51
34.72
62.55
63.88
54.54
55.01
57.22
58.92
55.04
54.13
55.64
49.5
42.07
38.54
34.55
28.7
23.08
21.71
22.48
22.97
22.02
21.72
23.08
21.24
22.74
28.86
44.8
57.74
61.34
48.92
50.92
50.18
46.73
51.61
46.21
42.94
36.81
31.66
30.26
28.55
23.27
23.46
22.91
22.72
22.32
23.72
23.56
22.76
24.57
22.93
23.07
22.9
24.95
25.44
25.11
24.7
23.8
24.98
24.47
24.62
24.75
24.26
25.09
23.84
25.6
24.4
24.645
25.2225
25.6
25.6625
25.6975
25.5375
25.5175
25.5075
25.5
25.41
26.0475
25.5875
23.995
23.645
23.17
22.8875
23.24
23.6025
23.9275
23.74
24.0475
24.1275
24.275
24.15
24.1875
24.925
25.37
25.4925
25.6525
25.6925
26.3725
33.035
44.4425
47.305
47.17
48.305
47.37
46.36
45.225
44.07
43.13
41.23
38.0225
35.7825
37.1
33.61
27.945
25.985
25.5925
25.49
26.005
25.925
25.5175
25.5225
26.7225
34.3025
52.6825
55.835
53.4975
53.05
53.35
52.9525
52.085
50.9725
50.095
46.945
42.12
38.815
37.8775
34.16
28.51
25.605
25.1075
24.8525
25.0625
25.1375
24.8075
24.7075
25.6475
32.095
49.875
53.3575
50.6475
51.11
50.9975
50.9125
52.4025
50.85
49.645
46.4925
41.8625
38.805
36.48
31.8525
26.24
24.2875
24.335
23.9
24.09
24.1575
24.005
24.41
25.0175
31.9275
47.0575
52.715
49.5025
47.11
45.8275
45.6575
44.2
43.745
44.2175
44.2725
39.6425
36.745
35.2475
32.2525
26.9975
24.6325
24.1275
23.9325
24.2125
23.8025
23.7425
23.63
24.2625
30.8575
42.685
48.92
47.6925
44.175
41.8925
41.845
43.4425
44.5825
42.265
38.9225
34.115
30.135
30.585
28.615
25.44
24.65
24.41
24.2175
24.2025
24.3075
23.9125
23.8675
24.0725
23.5525
23.675
24.44
25.035
25.13
25.015
25.5575
26.515
26.02
25.155
24.83
24.8875
24.9875
24.8075
24.3275
24.685
24.7675
24.515
24.77
25.0225
24.68
24.8125
24.645
24.5825
24.485
24.8175
25.075
26.0875
26.365
25.2325
24.86
24.3125
24.19
25.1475
25.13
25.29
24.7875
24.8075
24.805
24.8325
24.5425
24.2975
24.8275
24.96
24.9475
24.65
24.73
25.0975
32.1675
44.2475
48.445
46.84
46.485
45.335
43.9225
42.6525
43.555
44.1175
43.1275
39.42
37.1075
35.8325
33.665
28.4275
26.4625
26.0575
25.9775
26.19
25.7575
25.1925
25.0075
26.07
33.93
51.9175
55.145
51.3425
49.2475
49.935
50.235
51.225
50.975
49.4
46.8925
42.61
39.4825
38.54
34.795
29.2375
26.1325
25.4225
25.1975
25.4175
25.2325
24.7575
24.63
25.41
32.0975
49.1875
52.805
49.2975
49.06
48.9825
49.1175
50.58
49.6675
48.31
44.905
41.8075
39.5375
37.5025
32.8075
27.1875
25.24
25.225
24.6425
24.73
24.6725
24.395
24.545
24.995
32.23
46.825
50.9825
48.82
47.79
47.525
48.4
47.0525
45.4725
44.68
43.69
40.1625
37.4975
36.2275
32.695
27.145
24.8575
24.335
24.1075
24.4575
24.05
23.9975
23.95
24.6175
31.54
42.8075
48.1225
47.06
44.9875
44.2825
43.34
43.1625
42.9075
40.2675
38.3325
34.5275
30.9575
30.765
28.3525
25.665
24.835
24.55
24.3225
24.4125
24.5575
24.08
23.835
23.99
23.6675
23.7425
24.7325
25.5425
25.8
25.41
26.8225
27.4075
27.2875
25.965
25.0225
25.12
25.42
25.28
24.8275
25.2925
25.445
25.2575
25.4925
25.5375
25.1075
25.2475
25.1
24.9225
24.7475
25.0525
25.215
26.1375
26.2825
25.3075
24.9025
24.3825
24.2575
24.495
24.6525
24.83
24.4675
24.8175
24.9725
24.925
24.58
24.3875
24.7875
24.99
24.995
24.6525
24.7725
25.21
32.65
44.7125
49.6825
49.4375
49.745
48.3875
46.88
46.0925
45.13
44.335
42.795
39.82
37.66
37.4525
34.62
28.955
26.7375
26.595
26.53
26.5225
25.9675
25.33
25.12
25.97
34.2325
51.365
55.2675
52.905
52.0775
52.7725
52.975
52.7125
51.2875
50.4425
46.6875
42.1575
39.4075
38.1175
34.0825
28.605
25.835
25.3275
25.28
25.465
25.2975
24.8825
25.025
26.055
32.9625
48.8925
53.1925
51.2625
51.325
51.055
51.31
51.8475
51.2375
50.1275
46.315
42.23
39.5875
37.35
32.515
27.0025
25.0025
24.8275
24.3825
24.7175
24.685
24.2975
24.5725
25.2475
32.9
47.81
52.6925
51.53
50.5425
50.1825
49.5725
48.25
46.7375
45.985
44.7725
41.2825
38.77
37.3575
33.375
27.395
25.06
24.6225
24.365
24.6075
24.26
24.185
24.15
24.835
32.15
43.03
49.515
49.845
47.96
45.9225
45.5025
45.5675
44.455
41.8375
38.63
34.4125
31.045
31.17
28.5725
25.66
24.845
24.655
24.4975
24.6325
24.7125
24.1275
23.96
23.9925
23.58
23.56
24.1475
24.8625
25.3925
24.9025
24.805
24.975
25.08
24.4925
24.4475
24.9275
25.01
24.7875
24.6075
24.96
24.94
24.6275
24.9675
25.275
25.0
25.1525
25.0075
24.7575
24.4675
24.765
24.965
25.7625
25.945
24.7425
24.2525
23.4925
23.535
23.7425
23.78
24.05
24.05
24.6275
25.0175
24.915
24.5675
24.4325
24.7275
25.025
25.105
24.75
24.96
25.445
33.295
45.3575
51.6325
52.355
52.79
52.025
52.43
52.07
51.3975
50.73
43.7875
39.25
37.47
40.79
35.2375
28.5325
26.63
26.2725
26.245
26.62
26.1925
25.695
25.5675
26.4375
35.2275
49.3475
54.955
54.67
54.565
55.8
56.7525
56.685
55.85
55.3075
46.855
41.475
39.08
38.0825
33.885
28.4525
25.9275
25.615
25.82
26.1425
26.185
25.87
25.83
26.78
33.96
46.7425
52.97
52.8525
54.295
54.9575
55.55
55.6725
54.8175
53.445
49.45
42.405
38.87
37.1775
32.6725
27.2125
25.19
24.925
24.5275
25.0
24.9675
24.5075
24.7175
25.655
33.6775
48.515
52.8925
51.7
51.1425
51.175
51.38
49.895
49.275
48.9475
45.625
41.5875
39.07
37.8775
33.7575
27.6075
25.15
24.66
24.41
24.8075
24.66
24.7325
25.0375
25.675
33.2025
43.4575
49.765
50.475
48.545
46.7375
46.375
46.3525
45.7475
42.9475
38.75
34.3325
31.0175
31.15
28.4925
25.83
25.0525
24.83
24.66
24.83
24.9375
24.3875
24.215
24.235
23.745
23.5425
24.07
24.3475
24.74
23.915
23.48
23.815
23.805
23.235
23.3225
23.815
24.175
24.145
24.0125
24.52
24.91
27.96
30.66
29.4
28.58
28.55
27.86
28.26
27.45
29.64
29.68
29.94
26.2
26.97
27.8
26.11
26.52
26.31
26.39
25.39
24.37
26.21
24.63
25.24
23.91
24.41
25.29
25.52
24.89
24.33
25.39
26.56
42.95
61.08
57.64
59.79
54.3
55.72
52.23
54.7
54.06
50.72
50.19
44.27
40.09
35.49
28.41
25.49
25.04
25.77
24.99
24.23
23.82
23.21
22.99
25.61
38.95
58.3
54.69
51.75
54.9
65.24
64.62
63.66
64.89
61.55
51.03
46.5
46.53
43.43
35.87
29.53
27.23
26.84
27.45
26.35
26.64
27.32
27.07
29.1
42.26
58.69
60.54
55.48
55.47
58.11
61.28
61.0
61.87
58.91
54.04
45.28
44.12
38.48
31.67
25.73
24.41
24.2
25.01
25.46
29.12
25.52
25.12
25.96
42.18
61.13
57.62
53.62
57.93
58.93
61.93
59.65
59.14
59.1
53.67
50.46
43.88
42.84
35.99
25.92
24.93
24.9
25.64
26.22
24.55
24.34
24.78
26.18
43.6
54.28
55.45
52.54
55.53
53.11
51.08
53.97
52.02
45.38
36.86
35.14
28.1
29.99
25.94
24.13
24.48
24.42
24.44
23.98
24.26
24.23
23.65
24.77
23.62
23.84
23.47
23.82
23.65
23.06
23.93
24.22
24.85
23.44
24.21
25.49
23.13
24.76
22.52
24.32
26.2
23.82
24.18
24.65
24.03
24.78
25.04
24.76
23.3
25.07
24.89
25.01
23.88
25.85
25.13
24.52
26.27
26.31
25.68
24.93
23.47
24.08
23.89
24.67
25.8
23.76
24.36
25.21
24.48
24.87
25.66
25.09
26.56
30.09
32.79
35.62
44.37
35.72
33.54
30.79
32.24
32.01
27.13
26.55
26.37
28.5
27.72
23.48
23.95
24.93
24.19
24.49
23.94
24.41
24.1
26.53
30.67
31.19
31.15
31.58
31.59
31.62
31.85
33.24
32.91
33.06
30.9
29.2
26.22
28.58
23.85
23.11
23.53
23.73
23.71
24.39
24.31
24.76
24.52
24.83
29.28
29.72
31.09
31.1
30.85
29.63
33.03
34.29
32.91
31.52
29.63
29.25
26.74
31.26
28.78
25.31
25.59
25.39
23.92
24.79
25.61
24.12
24.91
25.22
26.15
29.96
30.21
31.55
30.1
31.53
32.92
33.73
34.35
32.21
30.28
28.94
26.29
29.74
25.81
23.61
23.9
23.56
23.31
24.55
23.7
23.97
24.87
24.46
27.42
26.64
29.47
34.66
35.48
33.44
34.97
31.65
29.05
29.95
28.84
26.23
27.25
30.24
27.17
25.83
23.89
25.08
24.19
24.99
25.31
23.46
24.51
24.66
23.1
23.24
24.65
25.32
26.68
26.41
26.08
26.96
26.25
27.9
27.45
28.23
25.3
24.59
24.33
25.0
24.93
24.34
24.32
24.43
24.23
24.43
23.98
23.23
23.1
24.21
24.79
25.11
27.25
27.48
29.28
27.03
31.52
32.08
28.5
27.74
27.75
26.08
25.95
26.92
24.3
25.76
24.4
25.48
25.45
23.72
24.15
24.83
42.77
60.01
69.15
55.53
57.25
58.42
59.25
63.47
61.19
60.75
56.6
54.19
54.02
48.8
39.7
31.46
30.61
29.23
30.84
28.83
27.86
26.75
25.73
27.66
46.8
62.64
62.65
58.68
52.5225
55.0975
62.78
64.03
60.07
61.8
57.15
51.29
49.2
45.55
37.79
30.58
30.07
27.7
29.68
28.6
27.83
27.26
26.33
27.91
43.41
62.85
61.83
58.1
63.82
59.75
64.25
62.27
63.06
65.48
56.77
51.92
43.59
43.34
34.92
26.69
25.73
26.27
25.93
27.76
24.63
24.8
24.42
26.89
43.85
59.18
55.35
54.08
56.35
61.19
58.22
58.93
59.32
58.89
54.21
48.13
50.96
46.39
39.01
28.29
26.51
26.62
25.74
25.98
26.38
25.82
24.59
27.11
40.51
59.72
55.64
54.48
52.99
50.57
52.97
54.98
54.22
49.04
46.51
43.42
37.71
35.7
30.6
26.45
26.97
26.8
25.48
26.78
26.76
25.12
25.09
24.39
25.67
25.41
26.27
26.37
26.69
27.62
27.43
27.68
28.8
28.53
28.78
28.73
28.27
27.27
26.92
27.26
27.24
27.0
26.48
27.12
26.04
27.12
26.84
25.43
25.71
26.14
27.07
27.99
28.57
28.4
27.93
28.31
28.51
29.8
27.89
27.84
27.68
27.47
29.67
27.91
25.85
26.07
24.45
26.46
27.07
24.96
25.87
25.32
42.06
61.42
60.78
59.97
60.58
62.03
60.83
61.73
59.22
62.8
57.54
51.58
47.33
43.12
37.97
28.28
28.91
27.68
27.29
28.16
27.25
26.03
26.04
26.96
44.5
60.65
59.91
59.14
54.57
57.8
59.53
61.19
61.57
59.85
55.12
53.24
48.59
43.73
33.12
25.5
25.49
26.01
24.38
24.69
24.73
24.13
22.61
23.58
35.6
49.71
60.84
53.67
55.55
59.95
60.16
59.93
60.36
60.7
56.26
50.23
49.1
42.71
34.0
28.93
26.97
26.27
26.59
26.69
23.99
23.35
24.78
31.02
46.99
64.68
58.14
60.43
60.9
62.96
65.49
59.83
58.59
61.77
55.49
50.52
49.17
47.33
37.44
29.32
27.47
26.71
26.62
26.51
26.74
26.07
26.1
26.41
43.46
60.77
54.2
55.02
54.12
59.08
59.11
57.18
56.9
54.12
51.19
43.82
40.35
38.66
31.36
29.01
28.55
26.02
25.93
26.56
25.32
25.7
26.5
24.97
24.74
25.27
27.58
28.19
28.51
28.46
29.18
30.21
30.2
28.19
28.6
29.04
28.85
27.98
27.12
27.28
26.39
26.09
26.64
27.98
26.84
26.23
25.33
25.72
26.1
27.6
28.24
30.49
33.36
30.34
31.64
31.43
30.99
30.61
31.17
31.85
29.44
28.97
32.2
28.03
28.08
28.48
27.19
28.11
27.97
25.87
26.66
29.48
47.22
59.62
58.09
60.93
60.66
61.4
62.76
54.39
58.88
66.06
58.18
56.75
52.32
49.64
41.29
33.6
31.11
29.62
28.64
29.63
28.74
27.05
27.65
27.88
47.13
61.34
57.13
59.37
63.72
64.11
63.68
64.22
65.6
69.49
59.74
57.0
52.09
54.39
45.02
39.27
29.07
31.3
28.3
29.14
29.51
27.24
27.64
29.19
44.28
60.23
53.46
62.17
61.63
61.77
63.87
66.22
65.74
62.34
55.14
51.81
48.63
45.03
37.69
32.52
28.91
27.21
25.97
26.87
25.48
25.46
24.8
24.54
42.93
61.26
59.28
55.81
59.0
62.45
67.16
61.58
64.44
60.82
56.85
53.45
51.88
45.98
36.85
28.35
27.53
25.93
24.94
26.17
24.92
25.16
24.77
25.22
40.39
59.41
53.54
50.2
46.31
52.22
54.09
57.29
56.06
48.81
46.11
33.72
31.4
33.82
28.62
26.43
24.06
25.1
25.08
26.17
25.92
24.5
23.68
24.28
23.0
24.41
25.09
32.25
45.92
35.01
32.72
33.25
32.35
29.18
32.29
30.61
31.15
28.47
29.09
29.18
27.11
27.35
27.1
26.97
26.36
26.44
26.22
26.01
25.58
26.08
27.44
28.79
30.45
29.9
30.09
29.94
29.28
31.33
29.5
29.88
29.39
29.6
28.34
28.94
27.64
26.52
29.1
27.26
25.93
27.18
25.54
26.0
40.9
59.36
59.48
55.98
59.66
62.75
61.28
57.98
60.61
60.99
53.96
49.07
47.6
46.34
37.03
27.83
27.75
26.41
26.73
25.45
24.47
23.55
24.17
23.79
43.97
57.3
63.84
56.18
60.05
61.58
64.97
58.71
58.83
58.78
53.43
49.82
47.92
44.69
39.06
27.81
26.05
25.01
26.8
25.83
25.59
25.0
23.79
25.91
42.34
57.12
54.0
52.55
58.52
56.39
58.07
62.05
58.71
61.31
54.8
50.48
46.38
43.66
37.19
26.68
25.52
24.65
24.81
24.41
23.53
24.56
23.32
24.42
42.13
55.93
55.49
54.88
58.09
60.12
61.04
61.95
56.51
60.45
53.11
50.5
47.93
46.15
39.7
30.78
27.48
25.57
24.66
24.28
24.36
24.85
23.65
25.55
40.15
50.87
59.77
51.11
56.63
54.97
55.15
55.34
55.99
53.37
48.57
40.04
34.56
33.66
27.58
26.27
25.43
24.94
25.49
24.54
25.27
24.31
23.66
23.59
24.46
24.42
25.48
24.89
26.17
25.83
26.7
28.52
28.85
28.61
28.54
28.05
27.01
27.79
26.26
25.54
26.76
25.95
27.17
26.07
26.26
25.68
25.71
25.56
24.76
26.04
27.09
27.87
28.28
26.96
29.38
28.48
29.91
29.2
29.0
29.41
28.57
28.41
27.05
27.24
26.03
25.65
26.72
25.55
26.21
25.85
25.43
26.43
43.76
58.03
62.69
56.58
59.21
58.43
64.44
59.77
64.42
58.87
55.28
51.35
51.33
50.19
41.53
31.61
29.25
29.64
28.42
29.76
28.08
27.83
27.92
27.53
44.28
64.05
63.47
60.68
63.08
63.41
63.42
62.28
61.58
64.81
54.7
50.29
49.63
47.78
36.91
30.04
29.06
27.21
26.68
27.09
26.72
26.9
25.36
26.31
40.81
50.9
55.81
58.35
59.14
59.82
61.55
63.93
68.26
65.4
59.32
54.85
47.52
43.46
35.62
28.42
26.2
26.39
26.06
27.83
26.81
25.98
26.76
27.38
41.24
57.34
57.43
54.58
54.86
59.95
61.96
60.65
58.6
55.8
52.13
44.71
47.24
41.41
37.43
25.29
25.06
24.99
23.9
23.71
23.58
23.87
23.49
23.88
40.7
50.3
57.57
51.62
52.59
56.26
51.78
55.96
55.8
51.4
49.03
42.42
35.99
37.49
30.65
25.45
24.74
23.98
23.85
24.79
25.04
23.58
22.88
23.66
23.18
24.14
25.31
24.72
25.32
25.39
26.04
26.66
27.13
27.12
25.9
27.19
26.53
25.23
25.69
24.77
27.04
25.75
24.67
25.25
25.14
24.76
25.18
24.05
24.41
25.16
25.6
27.36
27.1
27.79
29.77
30.27
29.46
29.51
30.1
29.66
26.89
28.28
30.01
27.01
25.9
25.27
24.92
24.92
26.0
24.38
25.26
26.73
44.4
58.85
53.42
56.33
55.82
61.07
59.79
59.6
60.55
59.38
55.25
50.79
45.74
50.17
44.87
36.65
33.82
31.95
33.02
33.26
30.38
30.84
27.65
28.61
40.03
57.79
62.47
60.59
64.04
64.92
64.32
69.65
67.56
67.28
61.02
54.74
53.12
49.32
40.66
33.64
28.8
27.25
26.09
27.23
26.51
25.46
25.23
27.01
39.62
56.72
62.77
54.71
56.49
56.4
58.41
55.36
56.53
56.27
51.03
45.56
48.24
43.76
35.69
28.66
24.11
24.03
23.07
21.9
21.27
21.98
21.12
21.9
37.17
55.51
56.6
54.21
54.49
58.96
55.84
55.88
55.81
55.88
49.72
45.95
42.43
37.83
32.85
24.11
22.97
22.62
23.19
21.21
21.96
22.62
21.3
21.46
38.33
46.69
51.84
48.21
48.09
50.5
50.78
48.72
48.21
43.31
42.57
35.25
34.7
32.01
30.52
26.19
24.61
25.46
24.68
24.22
24.03
21.72
22.12
21.35
20.68
20.9
24.07
24.4975
25.2875
24.9
24.8025
25.2975
25.6075
24.6325
23.9525
23.93
23.8775
23.4825
23.3225
23.385
23.4775
23.395
23.87
24.3175
24.335
24.7675
24.755
24.2875
23.805
23.4275
23.19
23.875
24.57
25.67
23.63
21.71
22.28
21.29
22.17
20.91
22.27
22.9
21.72
21.07
19.87
21.04
20.38
20.07
20.73
20.99
20.07
21.59
29.98
52.14
58.55
52.76
55.09
55.11
58.15
54.54
54.54
54.1
52.75
44.54
44.66
44.1
39.08
26.6
24.95
24.92
23.97
24.05
24.31
22.69
23.14
22.24
40.65
56.54
59.26
57.6
60.45
59.21
62.0
60.94
62.42
59.87
57.95
47.88
47.62
43.59
42.28
31.73
25.79
23.32
23.88
24.64
23.87
22.38
21.45
24.37
37.23
60.65
53.59
56.88
60.19
58.48
56.49
61.45
60.73
60.86
53.21
50.99
46.48
44.33
37.14
27.62
25.82
24.3
22.75
22.87
21.54
21.4
22.44
22.71
39.73
53.38
58.83
57.31
57.83
48.96
61.07
47.28
59.22
61.26
58.79
51.79
48.71
44.41
37.27
29.94
26.48
24.68
24.4
23.46
23.34
22.5
22.21
23.47
36.07
59.29
50.82
51.98
55.78
59.7
41.8
45.98
64.27
55.29
50.33
43.67
41.79
29.14
27.12
29.88
27.72
24.89
24.68
24.22
24.03
21.72
22.12
21.35
20.68
20.9
24.07
25.89
25.94
29.91
29.55
29.76
32.91
30.9
30.36
30.54
27.99
26.7
26.91
26.42
27.51
25.52
26.93
25.14
23.79
26.64
23.59
23.37
24.48
25.54
27.85
30.09
34.54
33.01
32.53
30.81
31.81
31.21
30.6
29.76
29.28
27.06
30.09
25.79
25.5
24.83
23.9
24.16
23.9
23.64
22.87
24.28
39.85
54.45
53.35
51.74
56.66
56.06
55.86
58.55
50.43
47.52
40.95
33.65
30.38
31.61
30.21
26.37
26.06
25.19
25.0
23.48
23.43
23.12
23.31
24.14
38.25
49.22
52.44
51.88
50.68
54.87
53.75
56.27
51.42
44.9
37.38
34.66
30.48
30.84
28.77
23.71
23.82
24.4
24.21
23.92
22.94
23.4
24.08
25.03
35.46
49.6
50.53
50.41
56.16
53.2
53.53
56.7
54.68
47.1
40.44
34.91
30.46
31.42
27.39
24.38
22.8
23.92
22.97
24.21
21.52
22.07
22.47
22.84
32.95
42.29
43.5
45.79
48.79
54.0
53.01
50.78
48.04
45.77
37.89
34.05
26.77
29.81
27.78
23.29
25.1
23.24
21.89
23.62
21.3
21.62
21.37
23.71
24.42
28.88
30.59
31.11
30.02
30.25
30.49
29.91
29.88
28.53
27.56
25.36
23.53
26.85
21.79
21.25
20.9
21.62
22.22
20.89
20.78
20.25
20.36
20.53
21.08
20.46
21.04
22.22
21.27
21.19
23.5
22.38
22.99
22.57
21.62
22.84
21.57
21.38
21.24
20.64
21.72
20.94
20.72
20.99
20.75
21.06
21.21
19.98
19.92
21.27
21.56
22.1
24.05
24.16
22.78
23.88
24.13
23.93
25.93
23.87
21.93
23.24
21.99
21.66
23.12
20.91
21.37
21.95
23.85
21.87
22.23
22.72
21.95
29.21
33.52
49.495
46.46
34.47
36.51
38.61
37.0
35.27
32.42
30.34
28.7
30.94
29.05
25.44
23.46
21.99
21.96
21.81
21.52
20.65
21.46
21.58
24.15
28.48
31.18
33.62
36.23
34.9
35.61
36.87
37.08
36.91
32.42
31.99
28.73
29.22
29.33
23.57
22.7
22.01
23.51
21.72
21.95
21.45
20.73
21.47
23.2
27.93
30.37
33.96
35.7
36.26
37.28
37.24
36.89
35.37
33.81
30.92
30.3
30.59
27.13
25.1
24.35
23.67
24.11
23.29
23.15
23.51
23.3
23.09
25.18
31.07
33.38
35.06
36.59
37.37
37.14
38.08
37.85
33.71
30.23
27.22
25.47
29.38
27.42
24.12
26.28
25.04
23.61
24.17
24.15
23.49
24.12
22.77
25.13
28.48
30.14
31.96
33.08
32.8
31.17
31.69
32.38
30.57
27.51
25.71
24.73
26.85
26.44
23.75
23.16
22.65
22.82
23.73
23.26
22.47
22.37
21.3
24.0
22.83
22.68
23.93
23.96
25.42
25.14
24.73
24.64
25.51
24.3
23.58
24.04
23.03
23.58
24.2
22.94
23.52
23.29
23.73
23.08
24.15
22.77
24.34
23.21
22.77
24.35
25.79
29.04
23.64
24.1
24.99
24.53
24.67
24.23
23.97
23.2
23.68
22.48
22.63
22.76
23.85
22.86
23.49
22.06
22.29
21.15
23.05
24.39
29.59
31.46
31.49
34.75
33.31
33.18
34.0
34.29
33.07
30.58
28.87
27.27
31.77
28.46
22.07
21.11
21.0
21.78
21.74
19.88
21.11
19.93
21.79
23.84
26.1
27.83
31.77
32.36
33.66
36.64
36.54
34.08
32.89
31.32
27.24
26.37
28.88
26.98
21.59
22.33
21.86
21.84
22.54
20.96
20.82
22.58
22.23
24.52
27.39
28.92
31.21
33.05
33.79
35.02
35.43
33.92
34.64
30.69
27.75
27.61
29.92
26.95
22.55
22.99
22.55
22.67
22.68
22.62
21.25
22.62
25.0
24.74
27.5
30.3
33.11
33.58
34.67
33.05
36.23
34.31
34.38
32.28
27.84
26.86
27.71
24.88
23.89
21.53
22.77
22.81
22.13
21.75
21.39
21.79
22.0
22.65
24.09
27.96
29.24
28.22
28.73
29.54
30.07
30.69
31.38
28.18
25.8
24.44
28.6
23.28
22.93
22.05
22.19
21.64
22.75
23.39
21.88
21.61
21.09
23.02
21.87
22.3
24.24
23.39
25.33
23.69
25.28
26.19
24.97
25.2
24.94
23.39
23.23
23.1
23.44
22.51
22.98
21.58
22.21
23.21
22.26
20.79
21.81
23.41
24.87
23.02
27.45
26.21
23.25
25.81
23.76
25.13
25.4
25.54
25.13
24.67
23.53
23.08
24.27
23.39
23.3
22.52
24.16
22.61
22.59
22.11
22.21
22.89
23.36
24.29
24.82
25.66
27.18
26.91
27.45
29.84
29.13
28.78
29.98
27.38
26.09
24.06
24.93
24.4
23.67
24.76
23.74
24.03
23.33
24.36
23.96
29.0
42.79
42.92
48.12
50.29
50.0
50.98
50.02
48.77
41.35
37.39
35.01
32.61
35.45
33.49
28.44
25.88
27.55
26.18
25.44
25.57
24.45
24.03
23.48
24.86
27.13
47.23
44.03
47.79
50.46
51.26
51.38
52.04
46.6
46.87
42.06
41.01
40.55
38.26
32.7
33.12
33.59
30.73
31.95
31.37
29.73
31.08
31.59
32.73
34.83
48.1
55.45
53.89
54.67
55.13
53.68
49.8
47.85
43.8
40.89
38.0
39.28
35.06
31.79
31.29
30.46
29.65
29.99
28.43
28.46
28.99
29.86
32.22
34.97
43.9
52.36
53.63
54.45
55.08
55.17
51.55
50.91
47.48
44.88
39.84
40.53
34.7
32.55
32.14
30.89
30.85
30.53
29.65
29.02
28.66
28.13
29.84
30.47
31.96
33.68
34.84
35.32
38.3
39.45
40.29
40.06
38.68
37.86
36.69
33.68
32.91
32.72
31.65
31.88
31.42
31.36
29.87
29.69
30.78
28.7
30.4
31.77
34.3
37.16
40.06
39.3
40.04
40.84
42.35
41.57
42.05
40.59
37.45
35.92
35.83
34.75
34.4
32.4
32.74
31.52
31.9
30.49
30.57
31.82
34.11
37.23
55.7
61.19
58.09
57.81
60.45
62.48
53.03
53.24
49.82
46.41
44.96
42.34
40.67
39.27
38.57
41.6
52.26
47.98
37.43
29.53
30.2
29.8
33.99
38.85
53.62
55.68
57.28
59.78
59.78
58.93
53.3
52.28
50.36
45.23
40.26
39.05
36.9
37.5
36.78
37.76
37.9
32.79
29.2
28.92
28.24
29.97
33.06
35.91
52.65
55.18
53.34
55.11
56.45
53.77
51.93
52.58
47.79
45.06
40.04
37.8
36.56
35.6
36.64
36.84
35.21
34.45
30.75
32.16
32.05
31.64
32.22
34.44
45.06
47.81
51.16
51.79
51.35
50.56
43.72
41.67
38.74
37.31
34.37
32.07
32.07
31.8
30.76
31.95
34.19
35.27
30.81
29.62
29.02
30.42
32.65
32.33
53.44
48.48
51.58
50.36
49.19
52.82
46.88
41.12
37.37
33.06
32.89
34.34
31.57
29.21
29.42
29.47
29.87
28.46
28.7
28.84
28.62
30.17
28.62
28.93
30.97
30.5
30.41
32.17
31.82
32.4
33.2
31.96
32.21
33.0
30.74
30.56
30.81
29.21
28.85
28.64
29.12
28.96
27.88
29.35
27.34
27.71
28.72
30.18
31.44
36.58
37.35
37.73
36.93
38.77
38.46
38.48
36.46
37.06
34.96
35.39
32.98
33.4
32.4
32.74
31.31
30.97
30.09
30.65
32.24
31.0
32.81
36.28
42.16
62.5
56.91
59.05
61.1
59.21
53.11
53.8
50.85
48.64
45.33
44.72
44.49
41.82
41.24
42.9
44.16
41.47
36.75
33.6
34.36
33.26
34.54
39.37
52.1
58.6
54.38
53.78
53.85
57.01
47.61
46.47
42.51
40.19
36.85
35.59
35.47
35.53
34.32
35.6
37.98
38.41
35.37
33.67
32.52
32.37
33.84
39.49
44.96
53.21
55.31
54.38
57.05
57.07
54.02
51.08
47.95
43.73
39.33
40.63
39.83
34.0
33.53
34.87
33.15
31.36
31.35
31.7
30.84
32.35
31.72
44.65
50.56
58.01
54.13
58.45
58.12
57.83
52.61
51.2
48.95
42.76
39.3
41.35
38.81
33.24
33.45
32.0
31.65
32.31
30.25
29.75
31.41
32.45
34.31
44.98
54.7
54.46
54.31
55.92
59.23
56.29
55.36
50.78
48.05
46.06
40.56
39.95
36.16
34.32
33.82
32.51
31.91
31.0
30.37
30.69
29.72
29.97
31.02
31.29
31.72
32.29
34.78
34.91
35.7
37.76
37.88
36.97
37.18
37.1
34.88
32.84
34.21
32.54
32.92
32.7
31.42
31.65
32.5
30.6
30.36
31.18
30.76
32.3
34.0
38.71
42.0
39.68
38.8
39.1
40.72
39.29
39.4
38.37
36.43
34.73
34.27
33.73
33.97
34.15
34.07
33.64
32.5
32.75
32.55
33.28
34.51
39.08
52.68
64.88
59.48
63.06
61.76
60.68
57.05
56.9
54.36
50.85
49.23
53.93
49.62
44.25
44.09
43.36
42.88
43.58
41.05
39.06
39.82
37.9
39.97
48.26
58.8
61.83
63.15
63.85
61.99
64.16
58.57
58.31
54.22
51.81
49.1
51.04
48.47
43.23
44.47
41.94
42.96
41.84
40.93
37.24
39.82
37.9
39.97
44.78
57.94
61.88
62.2
63.5
64.14
64.38
57.4
56.91
55.35
51.16
47.99
48.44
44.77
40.48
40.89
39.92
39.49
38.01
36.8
35.13
34.84
36.88
39.52
43.38
62.42
59.2
59.96
64.2
64.9
65.33
59.59
56.73
55.74
52.52
50.83
60.21
58.5
50.74
40.89
39.92
39.49
38.01
36.8
35.13
34.84
36.88
39.52
44.91
52.45
59.08
62.91
64.08
62.62
62.03
57.12
56.21
52.97
50.55
48.71
53.62
45.61
44.64
43.99
42.45
41.24
37.79
34.35
32.79
34.01
34.35
34.43
36.46
37.48
40.37
42.35
42.95
45.48
45.15
46.7
45.41
44.95
44.19
42.62
38.19
38.32
37.43
37.44
36.54
36.89
36.73
34.59
35.97
33.28
34.49
36.41
37.39
38.54
43.05
43.49
43.5
44.61
44.93
45.51
46.59
45.97
44.53
47.17
52.59
45.2
39.32
39.19
39.57
37.03
38.29
34.98
36.28
34.63
35.98
39.51
43.63
51.39
67.42
61.45
68.73
65.44
66.1
59.33
58.12
55.73
51.95
50.95
52.38
47.36
42.23
41.96
40.3
39.84
38.63
39.02
38.03
39.82
37.9
39.97
44.78
57.94
61.88
63.07
64.59
61.7
60.79
53.9
56.86
52.8
50.69
48.17
50.22
44.22
41.17
39.4
39.72
38.42
39.21
35.8
35.48
35.0
35.22
37.83
41.07
48.59
68.21
59.1
60.22
61.58
64.52
57.59
56.51
53.23
50.85
48.26
50.5
47.21
41.94
40.35
40.17
38.79
38.76
37.54
35.95
36.9
37.78
40.43
42.94
56.74
61.44
62.4
60.86
62.03
61.13
56.15
54.61
51.29
49.38
48.14
50.18
48.0
43.16
42.27
40.64
37.27
39.3
38.14
37.53
36.34
37.58
40.68
42.32
52.34
66.67
60.6
61.65
61.04
62.3
57.03
53.38
51.06
49.03
46.76
49.87
47.67
44.09
42.46
41.09
40.35
40.01
39.51
40.07
37.6
37.49
38.48
37.56
39.27
38.88
40.67
45.42
42.82
44.64
45.48
44.76
44.82
45.1
41.93
39.54
38.87
37.36
37.1
36.56
36.46
34.82
37.82
33.89
34.2
34.28
35.76
37.91
38.16
42.25
43.54
44.49
45.45
44.98
44.78
45.38
45.62
44.76
42.96
42.25
42.01
39.6
40.14
37.79
37.86
38.28
36.49
35.91
35.09
38.14
38.25
42.41
55.15
58.55
63.17
63.17
64.35
58.4
55.56
56.25
53.86
51.56
51.89
54.45
51.05
47.14
42.2
42.03
43.1
41.73
40.14
40.21
40.11
37.71
41.39
46.98
54.32
64.49
59.24
58.78
60.25
55.71
54.19
54.64
50.43
47.8
46.87
49.37
46.59
47.01
43.13
41.73
41.66
40.17
38.65
39.26
37.52
38.69
41.29
44.16
47.42
62.28
62.58
59.71
60.94
59.31
56.22
54.46
52.99
52.11
49.52
52.51
47.12
43.95
43.01
42.01
40.19
40.02
39.04
36.95
37.54
38.32
39.75
48.06
53.13
58.66
59.02
58.25
62.46
59.11
58.77
52.5
52.24
50.93
49.58
50.25
44.36
43.18
42.74
41.74
40.51
40.7
39.4
37.8
37.78
35.66
36.29
35.69
36.86
38.11
39.44
38.88
41.78
39.73
41.64
41.93
42.18
40.97
39.83
38.09
38.54
38.74
37.04
36.77
36.02
36.21
36.09
34.57
35.78
34.0
37.43
38.23
39.64
39.61
40.22
42.24
44.45
44.62
45.94
44.63
45.28
43.69
43.75
41.85
41.33
40.92
41.7
38.59
40.5
38.96
37.59
37.04
39.38
36.4
38.01
38.14
41.61
42.51
43.78
43.22
44.29
42.23
41.63
41.21
41.62
39.12
37.37
35.39
36.47
34.36
35.11
33.69
33.25
33.08
34.14
33.66
34.32
32.17
35.72
43.62
55.02
61.14
57.25
56.92
57.73
58.62
55.73
54.27
51.38
49.23
46.12
50.0
44.94
41.4
39.88
39.9
38.45
39.6
37.41
37.15
36.62
36.48
38.78
42.79
48.21
63.63
64.33
60.85
62.91
57.75
54.58
53.37
53.07
50.95
48.71
49.86
45.46
40.49
38.55
39.09
37.28
37.04
35.75
35.07
34.08
36.09
37.86
41.15
45.04
58.62
60.12
59.9
61.75
60.81
56.04
54.75
52.88
49.52
46.34
48.06
41.97
38.39
37.34
36.49
34.38
35.11
33.71
33.71
32.93
33.51
35.21
39.32
47.35
56.46
55.19
57.54
57.52
55.5
50.79
50.3
49.24
46.11
39.69
42.91
38.82
35.51
33.58
33.83
32.69
32.03
32.24
30.92
31.63
31.99
34.16
37.07
49.99
50.47
53.83
56.47
54.55
54.89
49.33
50.67
46.86
44.39
39.43
44.12
39.06
37.73
36.96
35.85
35.58
34.12
34.12
34.0
32.26
33.54
33.28
35.56
37.21
37.98
40.35
40.82
41.25
42.7
43.84
43.16
43.57
39.94
39.87
37.01
37.21
36.06
35.69
34.11
35.11
33.33
33.11
32.14
31.4
32.02
33.27
33.48
36.22
36.18
38.42
40.1
41.08
42.6
42.96
42.63
42.78
39.35
38.54
38.41
37.51
36.53
36.87
36.86
38.17
35.02
35.71
34.63
35.72
36.77
39.03
41.97
55.35
56.37
57.85
61.52
59.83
59.36
54.26
54.45
52.12
50.15
48.12
50.94
46.19
38.6
37.3
36.42
37.25
36.01
35.0
33.37
34.2
33.47
35.85
40.05
43.66
56.36
61.44
63.22
64.55
60.45
57.05
54.76
53.24
51.35
47.42
48.7
42.45
42.15
40.55
40.67
41.21
40.27
38.44
36.74
35.87
36.53
40.86
43.14
50.13
61.58
59.18
59.5
65.61
62.12
57.34
54.72
52.18
49.3
47.63
48.25
43.99
45.84
43.14
39.82
39.14
39.85
37.55
36.49
37.23
35.99
39.85
45.86
55.89
62.34
61.22
60.0
61.15
58.76
55.83
55.05
52.77
48.93
47.55
48.67
45.48
42.87
42.31
40.43
40.04
39.2
37.95
37.61
35.45
37.05
39.07
42.84
46.19
48.76
62.1
60.04
57.3
59.69
54.88
51.44
48.52
48.5
46.65
45.36
41.55
38.32
37.29
36.04
35.08
35.54
35.63
33.71
32.68
33.38
35.16
34.1
36.45
21.6
41.15
39.97
42.61
40.24
42.05
38.73
38.14
37.49
37.03
34.47
35.5
34.11
32.6
31.85
32.74
32.07
31.14
32.23
31.3
29.92
31.73
33.28
34.87
36.93
39.71
39.92
36.03
36.87
37.78
40.36
37.92
36.88
36.72
35.72
36.66
34.56
35.2
34.27
34.05
33.47
34.18
32.14
32.44
33.71
36.75
39.74
51.1
63.72
59.63
60.99
60.13
61.08
56.94
54.82
52.88
49.16
48.36
48.77
45.16
41.12
40.61
40.53
38.68
38.08
35.63
34.53
34.86
37.56
38.77
40.65
45.12
59.66
59.7
61.12
62.49
64.0
56.9
56.25
53.99
49.43
45.27
47.48
44.26
41.19
41.05
40.55
38.57
38.32
37.21
36.93
35.72
36.2
38.9
42.72
46.25
47.56
63.07
60.32
59.46
58.01
54.81
54.95
52.21
49.33
45.97
45.82
41.89
40.38
38.06
38.04
35.11
36.52
33.59
34.13
32.94
33.51
35.74
42.24
43.77
58.36
55.0
56.32
59.28
57.64
54.95
53.46
52.58
47.35
46.58
46.38
45.1
41.33
39.39
38.57
37.69
37.23
36.42
35.05
35.89
36.46
38.82
42.66
43.9
51.53
62.4
59.23
59.23
59.6
55.39
53.49
50.67
47.56
45.0
45.53
39.2
39.45
38.54
37.15
37.63
35.12
36.13
34.82
35.18
35.84
34.93
35.52
38.01
38.76
40.88
43.58
44.21
44.31
45.02
45.87
44.09
45.11
40.75
38.23
38.06
37.6
37.57
36.06
37.08
34.78
34.89
34.24
34.6
34.54
33.6
36.34
35.77
42.34
44.23
42.9
42.42
44.45
43.73
43.98
42.89
42.39
39.73
39.77
37.55
37.08
38.21
36.92
36.9
35.7
36.06
33.87
33.6
35.73
36.27
40.66
49.11
52.97
61.82
63.54
60.64
60.33
57.35
55.73
53.57
50.21
48.93
52.78
47.58
43.91
44.19
42.38
41.21
41.65
40.69
38.0
36.68
37.38
41.2
44.4
46.77
48.19
62.45
57.8
60.99
65.95
57.83
55.6
51.81
49.48
47.8
48.88
46.1
42.12
42.04
39.47
37.42
38.23
38.0
35.43
37.42
36.08
38.55
44.72
45.28
49.7
60.85
57.16
58.1
59.87
55.16
52.0
50.37
47.1
44.0
41.19
42.23
38.93
37.15
37.51
36.29
35.37
35.01
34.73
35.21
35.45
39.38
43.55
46.21
59.95
58.03
62.41
64.73
59.53
56.44
53.95
50.89
48.8
44.15
45.71
42.75
39.92
38.65
39.09
36.09
38.29
36.24
35.41
36.15
36.08
38.24
42.91
46.35
55.27
60.91
62.11
60.2
61.39
57.74
52.45
42.81
40.01
38.55
41.71
36.11
34.84
34.74
33.84
33.35
33.26
32.16
32.83
31.2
33.28
32.39
33.5
34.75
36.56
37.74
40.87
40.65
42.96
41.99
42.07
41.72
40.86
37.74
38.4
36.89
34.86
37.76
35.14
34.65
35.73
34.16
32.93
35.46
33.93
33.91
35.78
38.65
39.09
43.75
41.75
42.81
43.9
44.76
43.83
43.29
42.9
41.65
37.94
38.1
38.35
36.53
36.04
36.77
35.04
35.37
34.09
33.49
36.03
38.14
43.09
48.68
50.15
55.56
56.7
56.65
56.26
56.37
55.23
51.23
49.24
48.03
49.46
44.33
40.11
39.36
37.46
38.52
37.49
37.43
36.86
36.0
36.93
37.03
44.98
47.04
50.39
53.73
54.96
54.58
55.98
55.05
54.8
51.7
47.7
47.47
46.14
45.14
41.28
39.12
37.71
38.72
36.95
38.72
35.91
37.48
35.49
40.32
42.42
46.81
49.68
51.97
50.65
53.46
52.55
53.75
53.29
49.88
44.57
43.66
46.5
41.14
37.44
37.14
36.2
37.89
35.58
37.68
36.43
36.5
37.44
39.36
42.28
46.83
46.18
47.76
49.21
51.99
50.86
52.39
50.03
45.44
43.44
41.45
42.39
39.16
37.02
37.8
35.25
35.97
35.0
34.22
34.28
33.49
35.65
36.57
41.53
45.05
47.18
47.13
49.58
51.63
51.05
47.84
45.11
37.93
39.94
35.04
37.16
36.52
33.78
32.62
32.92
31.83
31.91
32.34
30.43
31.2
32.69
31.04
33.36
35.32
35.86
36.89
38.14
39.11
41.36
41.48
43.78
39.58
41.38
38.58
37.84
36.3
38.53
35.51
36.14
35.18
34.91
35.21
36.16
33.77
33.75
35.0
37.13
35.54
38.11
41.15
42.04
42.94
44.51
44.33
42.96
43.33
42.9
40.62
39.19
38.03
38.36
36.77
35.85
36.47
35.94
35.36
34.28
35.33
37.58
37.93
41.5
44.85
48.7
49.16
66.67
56.74
58.77
53.6
52.76
49.52
46.68
45.11
46.06
39.19
39.71
36.79
36.36
37.49
35.17
35.54
34.42
34.25
35.61
38.34
41.21
42.85
45.96
43.4
41.76
42.65
45.14
43.52
44.4
39.44
40.85
35.38
40.95
37.73
32.73
31.37
33.82
31.45
32.45
32.75
31.77
32.8
32.79
34.23
38.87
44.71
49.53
49.5
49.79
51.05
50.73
48.13
50.17
47.57
43.54
40.41
46.31
42.31
36.79
37.0
37.62
34.81
36.32
33.73
35.43
33.83
35.84
36.56
43.02
44.52
48.8
51.69
54.59
53.19
52.44
53.4
53.17
48.12
46.14
44.24
43.3
41.24
40.12
36.43
39.3
35.43
38.56
37.03
36.57
37.01
37.18
38.04
45.85
47.0
52.27
51.0
53.74
56.92
56.52
56.03
56.62
52.54
52.25
50.02
51.22
46.71
44.71
41.98
42.08
39.31
39.18
41.02
36.63
37.83
37.57
37.73
39.1
44.08
44.0
44.37
46.47
46.37
48.07
47.76
46.7
46.6
46.22
43.8
43.34
39.72
43.76
42.41
39.87
41.23
37.94
39.61
36.6
37.28
35.97
38.65
37.77
41.41
43.46
44.63
43.37
46.19
46.28
46.56
46.77
47.05
46.88
46.99
45.38
43.74
43.54
44.28
42.65
40.63
43.92
37.48
39.13
37.8
38.24
50.3
62.15
69.82
66.51
66.5
67.25
66.9
68.38
67.19
66.44
57.29
54.92
53.95
55.01
51.41
47.46
45.11
41.33
39.94
41.12
38.53
37.55
34.67
36.86
51.66
57.01
64.47
65.81
69.61
68.39
68.62
68.2
67.45
65.95
56.46
55.21
54.22
55.77
54.18
47.06
43.71
42.87
42.74
42.07
41.66
41.86
40.84
46.56
50.98
70.94
68.03
67.44
65.48
63.15
65.35
66.88
68.47
67.05
62.59
54.49
54.92
53.24
50.77
46.73
42.39
42.34
39.7
43.78
42.15
43.52
40.83
46.01
59.04
69.39
68.11
70.91
77.68
77.27
73.59
75.96
72.01
72.16
70.17
65.38
64.47
62.48
55.38
50.02
45.06
44.44
42.19
38.89
39.58
34.83
39.05
41.8
58.64
71.49
66.17
70.18
67.63
70.93
71.06
67.35
72.09
68.91
60.36
56.29
55.16
55.62
48.72
47.72
45.79
44.7
43.87
43.25
43.31
43.27
42.45
41.65
40.61
39.77
42.13
43.18
43.57
45.42
44.77
44.43
44.69
44.7
43.78
42.69
43.52
41.89
41.03
40.33
40.09
40.86
40.19
37.87
36.26
36.73
35.34
34.1
35.49
36.88
39.34
41.08
42.26
43.12
44.91
43.22
44.71
43.59
45.22
42.95
42.11
41.86
41.68
40.56
42.18
41.11
39.69
38.77
38.91
36.39
40.22
43.16
52.5
69.92
77.28
70.76
72.22
74.66
78.49
74.22
73.95
74.28
67.29
66.82
64.17
59.59
49.64
48.06
44.17
44.78
42.56
43.93
43.64
39.5
43.82
49.0
59.65
71.31
71.93
69.98
73.58
75.01
75.99
78.13
74.74
75.04
68.84
61.34
59.4
57.43
50.05
42.82
41.77
40.81
40.95
39.62
39.61
36.84
41.2
42.96
57.47
66.89
69.05
73.05
70.93
73.86
77.34
72.79
73.63
72.21
68.4
66.01
61.36
59.1
53.14
48.96
43.52
41.05
39.7
40.83
40.6
39.79
45.1
44.66
58.59
66.97
73.94
71.78
71.32
77.03
76.4
75.6
75.99
71.08
64.18
61.58
57.82
56.91
48.03
40.56
39.85
40.3
36.52
35.46
36.06
34.57
38.94
41.56
49.36
64.63
64.64
69.07
68.37
69.38
67.89
72.14
71.89
65.84
56.71
53.91
50.26
51.6
43.99
42.37
42.43
41.16
39.13
37.53
34.75
35.58
35.29
35.47
33.83
38.93
40.32
44.35
44.79
45.0
43.54
44.55
45.04
45.81
44.27
43.89
41.12
39.1
35.89
38.01
35.46
35.57
35.53
35.16
34.88
33.21
35.14
35.48
35.87
35.98
34.92
41.32
43.16
43.91
40.21
42.97
42.12
42.55
42.67
40.12
42.28
39.72
37.51
38.93
37.54
36.87
35.93
35.23
34.51
35.3
37.27
40.48
53.44
61.31
70.13
72.8
73.33
73.4
75.65
74.08
73.7
70.7
67.42
62.95
59.74
50.83
44.52
39.75
38.22
36.82
35.43
35.66
34.98
36.63
38.07
37.98
43.64
61.03
74.52
69.71
71.8
74.68
75.58
76.44
73.32
70.98
69.8
65.97
61.8
61.72
51.32
45.01
42.87
43.18
43.36
43.2
40.23
39.23
40.38
44.44
56.86
66.89
78.06
69.78
70.54
70.52
72.67
70.37
70.31
71.47
69.41
64.23
60.6
55.62
49.02
44.49
43.7
42.93
41.61
40.91
41.53
40.75
43.71
40.51
50.6
64.1
67.98
68.07
70.93
74.21
74.5
71.77
67.9
68.54
65.2
58.88
58.61
54.15
45.35
35.81
34.74
34.92
34.09
35.16
34.68
34.27
37.67
38.68
50.99
58.13
68.24
65.49
66.04
68.12
67.46
71.88
68.56
61.1
53.4
46.8
43.51
42.9
39.73
36.62
36.96
35.65
35.06
33.82
33.26
34.39
32.62
32.39
32.67
33.96
38.77
38.9
37.18
39.26
39.28
41.62
41.87
39.77
41.55
45.06
42.75
42.42
38.71
36.29
35.18
35.76
33.56
34.93
34.09
32.79
35.08
34.01
32.78
34.95
38.27
41.04
43.58
39.61
37.88
41.3
40.76
41.73
39.28
38.69
38.54
35.53
36.62
35.59
36.48
34.86
35.74
34.57
33.95
33.62
34.42
32.95
34.78
36.37
38.55
38.84
40.79
39.12
40.6
37.33
39.85
39.48
40.2
38.07
38.91
35.87
37.57
35.68
36.94
35.87
36.86
33.4
36.1
36.23
35.17
39.72
43.47
69.34
77.87
72.63
75.18
74.03
67.4175
76.34
73.97
69.75
75.2
65.76
61.25
58.18
49.66
43.45
42.53
41.13
39.96
39.48
37.46
36.41
43.87
43.77
57.12
68.55
65.47
72.32
68.98
76.74
77.68
74.11
72.11
72.22
67.68
62.44
60.79
55.68
47.34
42.85
42.01
41.18
39.59
41.33
39.02
38.74
43.97
43.25
53.13
62.57
75.0
69.65
71.12
73.07
76.1
72.29
71.53
67.82
66.65
62.62
57.02
53.57
46.57
41.92
38.6
38.96
36.1
37.08
36.93
33.76
37.43
39.07
43.95
63.47
70.6
68.1
62.52
66.28
65.19
70.42
67.94
65.79
64.6
58.29
51.73
50.24
44.89
42.43
41.74
39.11
37.67
38.2
36.26
35.89
34.49
35.4
35.19
37.38
40.28
44.08
41.63
42.41
41.45
45.04
43.93
43.48
41.65
42.87
42.3
40.29
41.36
39.83
38.58
39.08
38.18
38.21
37.87
37.1
35.71
36.14
37.32
38.62
39.99
41.46
40.5
43.35
44.02
39.84
38.89
38.62
37.74
38.02
36.0
37.67
35.56
33.33
33.87
33.39
32.74
34.07
32.02
33.05
37.78
37.58
47.66
61.04
67.63
64.56
65.52
67.8
70.19
68.69
65.26
68.85
65.18
60.58
49.73
47.64
43.49
39.17
36.88
37.96
35.45
37.06
35.15
35.48
39.23
41.63
49.7
64.77
75.22
68.42
71.44
70.88
71.42
74.54
72.85
71.37
66.52
61.38
50.78
52.61
45.29
38.75
36.65
36.19
35.75
35.7
35.09
34.54
39.46
39.36
48.11
57.88
70.76
66.44
66.3
70.33
70.43
68.26
66.44
68.64
65.52
59.25
58.3
57.82
46.12
40.55
36.45
36.25
35.1
34.79
33.24
33.92
39.26
37.16
45.38
67.58
71.76
70.75
69.32
73.98
73.81
72.21
72.01
73.03
62.68
58.32
59.45
52.58
44.27
40.71
36.29
36.03
34.36
32.77
32.19
30.18
36.31
35.83
44.43
62.02
69.1
63.22
66.84
64.26
69.18
66.24
62.3
58.37
52.56
47.56
41.75
43.53
40.04
39.64
37.86
37.36
34.34
35.57
32.7
31.75
32.27
31.88
31.04
33.64
36.31
37.49
38.29
41.25
40.19
41.11
42.21
40.73
40.94
40.11
36.57
38.07
34.99
33.75
34.06
33.95
34.11
33.92
36.39
33.54
32.28
34.63
33.9
35.24
37.05
39.23
41.38
39.02
39.24
39.88
41.19
39.16
39.78
39.37
37.9
36.19
37.19
35.69
36.47
36.23
35.35
37.13
38.05
35.47
39.42
40.67
56.88
66.62
64.25
66.98
67.2
67.03
70.03
69.16
66.89
67.35
59.65
55.44
53.02
51.2
43.09
39.65
36.39
34.34
33.55
33.62
34.77
32.37
40.1
37.35
47.72
61.09
68.38
71.7
70.04
73.83
68.6
66.4
69.75
66.73
65.06
55.91
53.1
51.44
42.61
34.79
34.97
34.47
32.37
32.12
32.66
33.15
34.64
36.33
44.49
59.36
69.26
60.38
72.08
69.81
69.08
71.73
70.35
74.14
66.17
59.29
57.25
53.73
47.03
43.13
38.54
38.55
37.81
35.83
37.11
36.28
39.16
39.82
45.88
65.02
69.21
60.38
72.08
69.81
69.08
71.73
70.35
71.1
71.03
61.86
56.94
53.54
45.19
41.36
40.17
38.06
38.37
35.92
37.17
36.53
35.81
41.96
50.86
65.35
69.72
67.57
68.9
70.64
69.17
69.31
72.45
66.16
62.15
56.55
51.64
50.93
45.93
42.83
42.79
41.82
39.04
37.45
36.56
34.46
35.25
33.98
33.19
36.99
40.69
44.07
42.01
44.49
42.04
41.95
41.77
42.08
42.87
39.49
39.05
39.77
38.7
38.39
38.41
38.41
36.47
33.64
32.21
32.28
33.83
31.08
31.35
32.62
32.47
34.53
38.9
40.55
41.22
41.09
40.96
41.51
40.97
39.92
39.52
38.42
38.13
36.91
35.09
36.09
37.29
37.35
35.59
33.52
37.79
39.52
46.79
68.3
65.64
68.03
70.1
68.48
72.52
73.98
73.87
70.33
62.36
62.7
57.15
56.52
44.96
42.28
38.94
39.42
38.45
36.01
34.01
33.36
39.56
38.28
48.47
65.06
70.93
67.13
70.08
71.98
72.23
72.72
74.28
71.95
68.79
63.49
55.74
49.72
47.96
44.39
38.06
37.42
35.35
36.56
35.53
33.19
37.53
36.47
54.51
64.96
68.37
67.07
70.04
69.0
71.76
75.18
70.78
73.04
64.47
60.04
59.24
53.45
48.83
41.84
38.68
39.56
36.46
37.67
34.35
33.38
36.96
36.16
54.4
64.9
68.95
66.43
71.59
69.3
73.07
73.24
71.31
68.43
68.7
59.15
56.09
49.0
44.53
38.81
37.26
35.37
33.74
34.6
32.11
31.6
37.76
36.24
55.42
61.37
61.92
64.11
64.87
65.9
70.14
64.97
64.64
59.15
57.1
51.82
43.91
42.89
37.53
34.82
33.46
31.59
31.39
31.83
30.91
29.83
29.53
29.44
29.13
30.05
29.96
31.65
33.36
34.1
32.94
36.08
34.28
36.06
33.49
34.55
32.69
32.71
30.98
33.94
33.68
31.26
32.36
30.58
30.82
31.34
31.17
29.66
31.98
33.13
32.16
34.89
38.27
34.13
35.67
36.4
37.56
35.32
36.81
38.97
33.71
34.07
31.73
33.01
32.57
32.73
31.43
32.0
32.81
30.96
36.82
36.85
49.23
63.55
61.98
62.5
61.5
60.87
63.39
66.74
63.39
65.05
57.92
58.75
51.98
52.71
42.23
40.06
35.28
34.09
32.52
34.4
33.1
30.22
35.05
35.24
48.62
61.24
60.96
65.71
69.28
68.61
70.38
68.53
65.83
60.8
60.57
51.76
50.58
46.12
40.11
32.74
31.6
30.18
29.83
29.08
29.18
27.17
33.88
34.5
46.17
53.97
62.58
61.58
63.14
61.43
63.63
65.34
64.68
62.62
55.53
56.7
48.39
45.29
39.5
31.26
28.9
28.36
29.43
29.65
28.49
26.99
34.82
32.13
53.51
57.72
66.59
65.34
62.66
65.76
68.66
69.58
65.21
62.87
59.91
52.86
48.99
45.65
38.78
33.59
30.89
30.7
30.41
29.18
27.58
28.96
31.26
32.34
40.65
57.8
60.77
58.94
61.04
62.89
67.09
63.19
61.69
57.06
51.36
46.38
43.2
41.87
33.11
30.59
31.78
29.88
31.54
30.03
29.3
29.96
30.49
29.01
29.39
29.91
31.3
31.84
33.08
32.08
35.7
34.14
34.78
34.64
32.82
33.57
31.59
31.42
31.67
31.08
33.75
31.57
31.67
32.29
30.17
30.23
29.39
28.89
29.22
29.64
32.59
33.74
33.97
33.92
38.4
36.36
36.14
35.18
37.08
34.83
33.14
32.29
32.0
30.77
30.7
31.93
33.28
31.51
31.11
31.88
30.75
30.11
32.39
34.91
37.34
40.07
38.73
42.48
43.87
43.44
43.45
40.71
38.98
38.07
33.45
36.54
34.99
31.88
35.52
34.73
32.49
31.0
31.91
30.02
30.4
30.88
33.88
36.29
38.07
41.23
49.76
56.09
46.42
47.47
46.42
45.1
40.53
37.83
37.39
42.07
39.32
37.88
36.76
36.69
37.01
35.77
30.64
30.18
32.96
34.15
39.77
56.39
57.76
62.83
67.07
64.73
72.85
68.39
63.15
63.24
56.43
55.04
50.23
48.35
39.27
35.15
33.8
33.78
33.33
32.47
30.99
32.56
35.45
36.02
50.47
63.5
62.8
63.17
64.22
66.86
67.01
67.02
62.72
65.24
58.47
49.63
43.69
40.67
34.84
31.68
29.75
31.52
30.29
29.57
29.36
29.04
32.43
34.59
50.52
61.28
56.65
61.96
60.55
59.94
65.34
62.76
58.79
53.67
45.77
42.19
36.44
40.64
35.92
29.94
28.52
31.31
29.61
28.64
27.48
28.93
28.22
29.03
27.26
28.98
29.67
29.23
30.85
31.22
29.32
29.31
30.51
32.41
31.0
29.6
29.86
31.59
30.43
30.68
30.25
29.32
28.32
28.43
28.17
28.73
28.68
26.72
27.49
28.56
29.07
32.11
34.29
32.29
30.92
30.7
31.69
30.62
29.82
29.54
28.21
29.79
29.13
27.82
28.05
29.28
29.56
27.52
28.73
28.63
31.71
33.07
47.27
57.9
62.1
60.58
61.67
60.89
64.76
63.75
61.77
59.74
54.22
49.51
47.14
45.85
39.23
32.66
31.03
31.54
33.81
32.66
33.08
32.24
36.13
36.34
50.98
65.3
59.45
60.16
65.01
67.25
67.98
66.13
58.82
57.38
56.66
51.39
48.76
44.72
38.81
34.07
31.75
30.91
29.24
33.5
32.3
29.43
32.79
34.53
40.23
62.94
57.91
57.75
62.19
60.61
62.45
58.53
57.53
58.5
51.02
48.43
44.93
37.8
34.88
31.31
29.72
29.37
30.35
29.63
29.58
28.88
32.72
32.27
49.23
55.47
59.61
56.59
62.49
62.11
66.67
61.79
63.73
58.21
55.02
51.19
45.59
45.73
32.79
27.22
27.42
27.45
27.69
26.59
26.8
25.79
29.25
34.82
48.24
53.12
53.03
55.07
54.18
54.83
55.94
56.07
55.1
48.0
47.68
39.45
37.75
35.53
33.01
29.93
33.26
27.4
26.19
28.82
25.32
26.84
25.58
24.78
28.12
27.74
25.12
25.89
27.19
27.53
26.39
28.42
27.79
28.31
26.64
27.36
26.77
26.4
27.25
26.14
26.87
26.61
25.6
27.49
25.36
25.14
27.84
25.24
25.97
27.86
25.79
30.3
29.36
28.94
28.48
27.67
27.92
29.15
26.99
27.62
26.83
26.8
26.36
29.43
27.6
26.87
26.52
26.37
27.3
25.88
28.93
31.94
47.94
56.25
61.49
57.49
59.58
63.1
60.84
62.52
60.46
58.07
53.52
51.34
49.41
48.91
36.77
31.74
32.14
34.91
29.42
27.47
30.86
29.89
32.23
33.04
44.1
65.56
59.1
62.07
59.64
63.19
68.96
65.87
64.15
61.43
56.91
52.05
49.28
48.02
36.58
30.55
29.76
29.1
31.91
31.1
31.09
29.8
34.86
35.33
48.31
62.22
55.5
55.27
60.45
61.89
63.54
59.62
58.7
55.66
51.08
47.46
45.91
45.02
37.9
32.9
30.55
31.24
31.27
30.31
29.58
30.25
33.14
33.0
52.83
62.27
53.93
61.49
59.4
64.6
62.82
61.87
58.95
58.54
53.09
47.3
46.25
40.65
32.47
27.58
26.45
26.85
26.23
25.69
24.56
29.07
32.73
33.36
48.29
56.61
51.27
53.76
55.58
53.48
53.48
53.31
54.37
50.21
46.41
38.93
34.58
32.46
27.88
31.52
27.67
25.22
26.66
27.82
31.05
28.07
28.05
27.52
27.72
27.19
25.06
25.78
24.33
24.83
25.2
26.43
25.89
26.4
25.35
26.36
25.25
25.56
26.19
25.48
26.46
30.54
27.94
29.66
28.76
28.03
27.73
28.41
25.93
24.42
24.79
26.72
27.52
27.63
25.59
25.75
27.11
29.15
26.71
26.23
26.4
26.23
25.09
26.0
26.06
29.7
30.88
29.36
27.08
26.08
33.95
33.16
38.18
62.02
60.96
55.92
58.65
60.95
59.25
59.06
57.75
56.93
53.26
47.25
45.66
42.65
33.65
29.44
28.35
28.88
29.34
32.14
31.3
28.08
28.97
28.08
40.01
60.93
61.24
58.18
60.57
60.78
60.36
58.32
57.06
55.9
53.89
50.26
48.17
43.82
39.87
28.84
32.14
31.85
30.44
30.96
31.15
30.53
33.61
34.98
43.46
62.18
59.63
53.91
52.32
54.39
55.44
55.39
57.03
54.81
46.94
43.02
39.41
39.3
31.52
27.52
31.77
31.39
28.33
30.8
32.29
33.25
35.55
34.15
50.82
56.81
57.99
55.92
56.06
58.07
58.25
55.91
56.26
50.75
47.51
41.49
37.91
39.91
31.69
26.34
25.02
25.45
25.52
28.83
27.63
26.24
27.99
30.62
42.23
48.84
58.08
49.47
45.7
48.77
51.93
55.0
55.1
47.61
44.64
37.64
30.27
32.84
30.26
30.14
28.6
29.39
29.04
29.44
28.23
28.26
32.07
30.9
28.77
29.44
29.14
28.4
24.13
23.26
25.48
27.58
26.67
25.64
27.68
26.35
25.36
27.8
31.18
29.61
28.31
28.03
28.07
28.86
27.14
28.23
29.19
26.9
28.63
25.54
25.27
28.03
26.27
35.22
30.42
32.67
25.86
26.57
27.82
27.03
28.97
29.89
27.54
25.97
25.16
26.4
26.54
27.27
24.19
24.46
27.47
29.46
32.16
54.83
53.92
54.85
53.51
54.38
56.91
57.95
55.73
54.89
52.56
45.21
45.8
42.83
33.09
29.27
27.75
29.22
27.59
27.9
27.87
26.67
28.42
32.63
44.26
57.8
51.63
53.16
57.08
55.96
57.58
55.66
56.48
51.1
53.0
47.42
44.11
41.02
34.02
30.55
30.45
29.49
29.03
30.38
32.49
31.98
31.54
29.11
27.91
28.92
28.52
29.32
28.58
29.17
29.63
29.07
29.13
29.01
27.57
28.94
28.53
28.71
28.34
29.03
28.77
29.12
31.99
30.8
29.73
29.48
32.64
33.78
37.9
59.05
61.35
57.17
61.0
61.08
58.98
59.06
57.44
57.88
49.67
46.42
40.26
40.87
30.34
31.38
30.06
30.37
30.08
28.25
27.33
25.93
29.47
31.53
43.26
58.87
45.43
48.73
49.62
53.07
52.36
54.81
54.82
50.08
46.09
38.07
30.84
31.46
31.73
29.0
29.04
29.9
29.48
28.56
29.56
30.37
32.39
34.44
29.63
32.29
35.39
28.7
27.22
27.24
26.9
28.01
28.17
27.81
28.15
29.62
26.46
27.54
28.06
25.94
24.54
24.15
25.04
25.59
23.94
25.15
23.72
23.94
23.96
24.35
25.12
24.78
25.09
24.37
26.53
33.01
35.18
24.74
24.76
24.58
25.4
24.46
24.16
23.85
24.6
24.95
25.99
26.23
24.86
25.31
27.72
28.47
35.09
53.54
47.74
52.43
52.14
50.38
54.75
52.25
49.41
49.03
46.31
43.55
39.74
40.68
33.94
29.33
27.94
28.52
28.02
25.87
24.98
26.01
29.07
28.93
38.94
54.82
51.63
50.0
53.2
54.22
51.56
53.67
52.45
50.95
47.09
41.61
41.81
39.9
31.81
27.47
26.5
26.19
27.74
26.75
25.67
25.21
29.56
28.69
34.44
52.13
51.32
48.8
51.77
54.42
57.58
56.85
54.14
55.29
47.89
42.36
41.71
39.21
28.69
26.29
27.23
27.08
25.55
25.05
23.3
23.04
26.59
26.9
39.81
53.82
49.78
55.81
54.33
54.06
57.6
56.58
53.93
54.74
46.63
44.78
39.28
39.22
29.52
26.33
25.19
25.4
24.55
25.1
24.21
24.09
30.59
31.32
33.45
59.65
52.65
51.92
51.1
50.12
52.16
53.92
50.77
42.36
43.11
36.64
31.86
32.38
30.34
27.56
23.9
24.45
23.13
23.67
24.85
23.57
23.28
22.93
23.37
29.05
31.19
26.72
26.88
27.05
27.52
28.1
27.31
28.39
27.33
27.45
27.2
24.81
25.61
24.54
23.86
25.05
24.18
24.51
24.27
23.5
23.56
24.06
23.96
23.97
24.13
24.38
23.94
24.26
24.15
24.49
23.78
25.37
24.45
24.21
24.1
23.38
25.01
24.65
24.35
23.79
22.83
23.79
23.18
23.07
26.56
27.79
33.98
54.99
57.2
54.8
58.94
54.29
60.24
56.95
56.58
55.39
52.34
46.46
38.47
42.05
31.87
25.76
25.96
25.07
26.86
25.74
24.83
24.48
26.6
28.49
38.09
53.15
51.47
50.08
54.82
58.01
65.58
64.46
64.93
59.0
55.21
52.68
48.57
44.07
37.21
32.23
31.83
32.48
31.12
31.36
31.4
29.86
29.39
30.77
36.6
59.12
56.8
51.98
57.21
54.35
59.78
53.39
46.38
38.04
32.64
29.13
28.54
31.8
27.99
26.32
29.22
28.94
28.53
27.75
28.64
28.45
27.68
30.25
30.78
30.73
29.89
27.88
27.34
25.97
23.41
24.07
24.1
24.03
23.61
22.54
23.68
23.16
26.34
26.41
24.42
23.47
24.32
23.79
23.22
22.5
22.07
22.21
22.39
21.38
22.15
22.22
22.94
22.81
23.59
23.85
23.45
23.33
23.86
23.06
25.02
26.15
24.98
24.13
23.76
22.92
23.23
22.76
23.49
24.75
22.7
21.7
23.35
22.83
22.82
22.49
24.87
24.2
23.78
23.33
23.72
27.51
27.56
28.42
30.8
29.53
29.12
27.34
27.38
27.12
28.33
27.66
28.25
27.45
26.82
26.54
27.41
27.58
26.3
24.92
26.73
28.34
25.22
25.21
25.37
25.61
25.25
28.2
26.7
25.44
26.02
26.37
25.82
25.39
26.12
26.29
26.18
25.83
26.77
28.73
38.97
57.14
51.01
52.82
52.23
55.76
57.13
55.98
54.18
51.06
52.66
46.66
38.61
36.63
28.33
24.77
26.62
24.55
24.49
25.07
26.15
27.0
28.88
30.7
36.92
67.58
59.09
58.72
54.6
59.57
59.9
59.8
56.68
52.36
48.55
45.45
40.72
37.63
30.54
26.82
26.48
25.67
25.08
27.05
26.3
26.36
26.47
28.29
35.61
56.8
62.49
49.55
51.55
55.35
59.36
54.09
57.31
53.03
45.43
41.41
44.48
39.99
29.47
27.7
24.2
25.68
25.46
25.81
24.4
22.77
24.45
25.96
31.01
56.31
59.09
56.75
60.03
59.52
59.52
62.34
59.5
56.15
50.08
47.32
41.0
40.74
32.42
27.73
27.84
27.18
27.82
28.55
28.87
27.68
26.74
30.69
35.2
61.58
59.46
55.29
51.49
51.32
51.48
54.28
50.82
48.26
39.33
35.41
30.93
32.78
26.62
27.46
26.76
27.2
29.89
30.15
28.84
27.49
27.65
28.67
29.5
28.71
29.71
31.74
29.61
29.42
27.58
24.67
25.99
26.22
24.58
25.4
27.29
26.29
26.83
30.51
30.71
30.64
30.18
31.07
32.66
31.97
32.2
31.62
30.15
29.7
30.98
27.44
25.52
26.3
24.96
24.79
24.68
25.49
25.38
25.82
25.16
25.43
25.2
26.2
26.93
27.04
26.63
27.45
26.53
26.71
27.5
32.0
34.37
50.23
57.77
49.51
52.11
54.6
55.5
54.43
50.56
44.96
34.02
32.4
31.93
31.57
26.11
25.15
25.97
26.74
25.64
29.39
28.26
28.61
29.16
31.72
35.33
39.49
54.86
51.58
50.26
54.91
56.45
55.25
51.75
48.21
40.27
37.15
34.07
32.05
27.37
28.76
28.8
28.43
27.19
30.21
33.61
30.3
32.02
32.19
36.49
39.65
57.97
53.34
59.73
55.33
53.86
57.23
48.26
42.18
36.57
32.06
32.58
31.99
25.27
26.77
25.99
25.09
29.81
29.04
30.06
28.97
28.72
29.5
32.87
36.0
42.86
41.4
42.08
44.07
49.39
51.14
53.35
46.58
32.54
30.77
31.48
31.47
26.86
24.55
24.43
24.39
24.48
27.11
25.82
27.15
25.86
26.76
27.3
26.29
28.56
28.64
30.09
29.69
36.6
33.89
32.73
33.16
32.18
30.12
28.14
26.23
25.91
26.14
25.04
24.84
24.3
26.32
25.23
24.95
25.39
25.26
25.13
25.61
27.21
26.15
25.24
25.51
25.48
24.64
24.92
25.19
24.59
23.39
22.31
22.52
23.17
23.27
24.0
24.27
25.78
25.6
26.04
25.61
26.11
25.89
26.55
26.59
26.37
27.22
28.29
25.17
24.04
25.71
24.58
24.95
24.55
25.5
24.77
25.84
25.53
25.85
25.68
26.22
26.14
26.17
26.42
26.87
25.04
26.81
28.38
34.15
35.09
34.73
34.45
34.34
34.84
33.82
34.29
32.65
30.87
30.48
30.01
31.59
27.29
26.91
27.6
27.11
27.2
29.33
27.34
27.53
27.49
28.07
32.13
34.51
34.63
33.79
33.6
34.73
33.66
33.03
34.27
33.18
30.21
29.54
29.69
32.12
29.25
26.89
27.24
27.26
26.93
27.85
27.83
27.58
26.9
28.25
31.18
33.34
34.34
35.12
34.66
33.46
33.89
33.08
34.16
32.87
32.45
30.55
28.27
29.21
25.46
24.77
24.83
24.83
24.79
25.11
25.76
24.58
24.9
25.63
29.3
32.38
33.25
33.74
29.69
30.79
28.78
28.25
28.82
27.57
26.86
26.23
26.31
28.37
22.8
23.15
23.44
22.93
23.99
24.23
23.63
24.17
23.36
25.74
29.54
31.23
30.6
29.62
27.38
29.78
32.46
35.04
32.01
29.42
29.92
25.7
23.62
23.25
21.56
22.48
21.85
21.65
22.46
21.69
22.51
22.13
22.84
23.61
22.33
22.79
22.32
23.62
23.45
23.47
23.01
23.05
22.57
21.64
21.75
21.78
22.24
21.52
22.01
21.62
22.97
22.28
22.35
22.87
22.49
23.41
23.46
23.6
23.0
23.89
22.02
24.14
25.82
24.89
21.59
21.46
21.11
21.88
21.87
21.61
21.55
21.5
21.67
21.14
23.43
21.9
22.09
22.62
22.26
23.22
22.31
23.81
28.76
28.7
29.75
28.31
27.99
31.3
28.88
29.66
27.46
26.87
25.64
25.98
28.31
31.43
26.08
23.99
24.8
25.31
24.84
27.15
26.68
25.47
25.28
25.8
28.11
30.23
31.56
33.54
30.36
30.55
30.54
30.51
28.16
27.33
25.6
24.96
24.0
27.67
23.72
22.88
22.06
22.48
24.15
23.57
23.24
22.5
23.03
24.34
24.7
29.47
28.0
27.64
29.09
27.2
28.83
29.93
28.85
28.08
29.24
26.62
24.6
24.32
23.06
22.67
22.58
24.48
24.05
23.08
24.0
23.64
22.8
22.65
23.65
24.51
22.16
22.0
23.18
21.46
22.31
25.83
25.22
26.09
25.85
24.64
23.72
22.89
22.99
23.29
23.67
23.34
23.18
23.84
24.5
23.19
24.06
24.67
24.36
24.28
24.58
23.75
23.78
23.5
21.4
21.52
22.56
22.63
22.5
24.87
23.87
24.28
23.77
24.47
24.36
24.88
25.97
26.1
25.35
25.5
28.75
28.18
27.38
27.18
26.45
26.1
24.13
24.3
24.66
23.99
23.62
24.84
24.61
24.8
24.9
25.08
25.5
25.73
25.35
25.56
25.68
26.76
26.37
26.36
26.78
27.53
27.43
26.58
26.49
25.71
24.24
23.54
24.25
23.52
22.19
23.52
23.93
24.01
24.07
25.19
24.43
24.61
25.06
26.67
25.88
26.03
26.33
27.97
27.37
28.3
29.99
30.91
30.72
28.49
32.52
29.62
29.14
27.78
27.38
27.53
27.13
27.6
25.04
27.93
24.96
22.84
22.96
22.46
23.62
23.4
24.29
22.59
23.47
26.27
27.05
28.64
28.78
29.34
30.67
32.12
30.18
30.95
29.37
29.35
27.8
28.61
28.5
28.79
27.18
22.32
23.69
23.0
23.09
24.24
24.94
24.44
25.51
27.07
27.92
30.62
30.1
32.0
34.01
33.33
32.43
31.53
29.06
28.94
27.19
25.17
25.71
28.57
25.95
23.7
24.31
24.56
25.01
24.89
25.05
24.54
24.71
27.43
27.99
30.33
31.8
28.57
28.6
26.47
25.72
25.02
25.23
24.06
27.43
24.16
23.54
22.92
6.24
23.97
24.77
