1.70000001
0.800000019997
0.800000019997
0.800000019997
0.800000019997
0.800000019997
0.900000009999
1.30000001
2.10000002
2.6
5.9000001
8.5999999
10.1999998
8.355
7.925
11.8000002
13.5999999
13.4000001
7.0999999
5.1000001
3.5
3.4
2.8
2.5
2.00000001
2.4
2.5
2.5
2.5
2.5
2.6
3.0
2.9
4.8
8.2999999
12.7999997
13.4000001
10.1225
10.9575
12.0999999
10.5999999
10.2000003
3.8
2.9
2.9
2.7
1.90000001
1.60000002
1.20000002
1.60000002
1.60000002
1.69999999
1.69999999
1.60000002
1.80000001
2.1
2.1
2.7
5.7999999
12.7999997
10.4375
10.475
9.8875
10.225
10.5
10.9000001
7.0
1.70000002
1.20000004
1.20000004
1.1
0.800000019997
1.70000001
0.800000019997
0.800000019997
0.800000019997
0.800000019997
0.800000019997
1.00000003
1.20000004
1.20000004
2.79999998
10.0
8.885
11.3999996
10.1999998
8.4075
9.53
12.4000001
12.4000001
10.5999999
4.5
3.0
3.0
2.9
2.6
1.9
2.7
2.6
2.7
2.6
2.6
2.8
3.1
2.9
3.0
6.5999998
13.7000003
13.5999999
13.7000003
12.5999999
10.4000001
7.4000001
4.0
1.79999999
1.39999998
1.39999998
1.5
1.19999999
0.900000009999
0.900000009999
0.900000009999
1.0
1.0
1.0
0.900000009999
1.10000002
1.5
1.39999998
2.60000002
3.9999999
3.9
3.6
3.3
3.2
3.2
3.2
4.6
3.09999998
1.20000004
1.20000004
1.30000001
1.00000003
0.800000019997
0.800000019997
0.800000019997
0.800000019997
0.800000019997
0.800000019997
0.800000019997
0.900000009999
1.30000001
1.20000004
0.900000009999
0.800000019997
1.29999999
2.2
2.2
2.3
3.4
2.2
2.4
2.1
2.1
1.20000004
1.20000004
0.90000003
0.700000019999
0.80000001
0.700000019999
0.700000019999
0.60000002
0.800000019997
0.60000002
0.90000003
1.20000004
2.39999998
3.9000001
6.9
12.0999999
11.6999998
10.4000001
11.0
11.4000001
11.2000003
9.7000003
8.2999997
6.2999999
1.5
1.39999998
1.1
1.0
1.30000001
0.900000009999
1.0
1.0
1.0
1.0
1.10000002
1.5
1.39999998
1.99999998
9.4000001
7.8
7.2999999
10.5
11.6000004
10.7825
12.9000001
10.8999996
5.4
2.9
3.5
2.5
1.80000001
1.60000002
1.5
1.60000002
1.60000002
1.69999999
1.60000002
1.60000002
1.69999999
2.0
2.2
2.8
9.1000001
10.6999998
10.235
11.5
9.785
10.4000001
9.6000004
8.8000002
8.2000003
6.8000002
4.0999999
2.09999998
1.59999997
1.30000001
1.99999999
1.39999998
1.39999998
1.39999998
1.39999998
1.39999998
1.5
1.79999996
1.79999996
6.2000002
13.9000001
11.6999998
13.6999998
8.6925
7.865
13.3000002
11.9000001
11.2999997
9.3000002
8.0
6.9000001
6.8000002
4.1
2.7
1.90000002
2.7
2.6
2.6
2.6
2.7
2.8
3.3
3.0
6.2000001
13.9000001
8.5
12.0999999
10.1000004
8.7000003
8.2999997
7.8
6.4000001
4.0999999
4.1999998
4.1999998
1.60000002
1.5
1.30000001
1.20000004
1.20000004
1.20000004
1.20000004
1.20000004
1.20000004
1.39999998
1.79999996
1.60000002
1.39999998
5.1
6.5
4.2999999
4.0999999
4.2999999
4.1999998
5.2000001
5.2999999
1.90000001
1.69999999
1.79999996
1.60000002
1.5
1.20000004
0.90000003
1.30000001
1.20000004
1.20000004
1.30000001
1.20000004
1.30000001
1.79999996
1.60000002
1.39999998
1.20000004
1.20000004
1.30000001
1.20000004
1.20000004
1.20000004
1.5
3.8000001
2.19999998
1.79999996
1.89999998
1.79999999
0.90000003
0.60000002
0.800000019997
0.60000002
0.60000002
0.700000019999
0.700000019999
0.700000019999
0.900000009999
1.20000004
1.40000003
0.900000009999
5.2999999
6.5
13.2000003
8.32
7.8175
8.1625
12.2999997
9.7000003
5.1999999
2.09999998
1.70000002
1.20000004
0.90000003
0.700000019999
0.80000001
0.700000019999
0.60000002
0.800000019997
0.700000019999
0.700000019999
0.900000009999
1.20000004
1.20000004
1.90000001
9.4999998
9.215
9.205
9.88
10.77
11.1225
11.2000003
11.3000002
12.0999999
4.1999999
3.1
1.69999999
1.30000001
1.10000002
1.20000004
1.10000002
1.10000002
1.0
1.10000002
1.10000002
1.19999999
1.60000002
1.60000002
2.8
10.0999999
13.9000001
9.875
9.8025
9.3475
12.5999999
10.8000002
10.4000001
9.6000004
6.2999997
1.99999998
1.69999999
1.40000003
1.20000004
1.10000002
1.30000001
1.20000004
1.20000004
1.30000001
1.20000004
1.40000003
1.60000002
1.69999999
3.0999999
13.1000004
11.6000004
12.8000002
13.1999998
10.3000002
10.9000001
10.1999998
9.3999996
6.8
1.5
1.5
1.5
1.30000001
1.0
0.80000001
1.0
1.10000002
1.0
1.10000002
1.0
1.10000002
1.60000002
1.79999999
6.1000001
6.0999999
10.5
12.2999997
10.5999999
9.1999998
8.8000002
9.5999999
8.5999999
4.7999999
1.60000002
1.40000003
1.10000002
1.00000003
0.60000002
0.700000019999
0.700000019999
0.60000002
0.700000019999
0.60000002
0.60000002
0.800000019997
1.20000004
1.20000004
0.800000019997
3.9
5.3000002
8.3999996
8.2999997
7.4000001
3.2
3.3
3.9
4.5999999
5.2999999
1.10000002
1.10000002
0.90000003
0.60000002
0.60000002
0.60000002
0.60000002
0.60000002
0.60000002
0.60000002
0.80000001
1.0
1.10000002
0.80000001
0.60000002
0.700000019999
0.60000002
0.60000002
0.60000002
0.60000002
0.60000002
1.10000002
1.10000002
1.10000002
1.20000004
1.10000002
0.90000003
0.60000002
0.403092793607
0.00618556721747
0.00618556721383
0.00618556721747
0.00618556721747
0.00618556721747
0.00618556721383
0.00618556721747
0.00618556721747
0.00618556721747
0.00618556721383
0.00618556721747
0.00618556721747
0.00618556721747
0.00618556721383
0.00618556721747
0.00618556721747
0.00618556721383
0.00618556721747
0.00618556721747
0.00618556721747
0.00618556721383
0.00618556721747
0.00618556721747
1.5475
1.4875
1.415
1.4225
1.4375
1.4175
1.545
1.8525
2.0075
2.7725
6.2825
8.375
8.4625
9.265
10.2275
10.615
10.7975
9.97
7.2575
4.3575
3.4875
2.845
2.1625
1.8425
0.403092793607
0.403092793607
0.800000019997
0.700000019999
0.800000019997
0.700000019999
0.900000009999
1.20000004
1.20000004
0.80000001
0.800000019997
2.69999999
7.6
7.6000001
4.4
0.700000019999
0.800000019997
1.20000004
1.20000004
1.30000001
1.20000004
1.30000001
0.90000003
0.800000019997
0.700000019999
0.700000019999
0.800000019997
0.700000019999
0.800000019997
0.800000019997
0.80000001
1.20000004
1.20000004
0.800000019997
0.800000019997
0.700000019999
0.800000019997
0.800000019997
0.800000019997
0.700000019999
0.800000019997
1.20000004
1.20000004
1.20000004
1.20000004
1.20000004
0.90000003
0.800000019997
0.800000019997
0.700000019999
0.800000019997
0.700000019999
0.800000019997
0.800000019997
0.80000001
1.20000004
1.20000004
0.800000019997
0.700000019999
0.60000002
0.800000019997
0.60000002
0.700000019999
0.700000019999
0.700000019999
1.20000004
1.20000004
1.20000004
1.20000004
1.20000004
1.1
0.800000019997
0.700000019999
0.800000019997
0.700000019999
0.700000019999
0.800000019997
0.700000019999
0.80000001
1.20000004
2.10000002
2.4
2.2
2.5
2.7
1.60000001
0.700000019999
0.700000019999
0.800000019997
1.20000004
1.20000004
1.20000004
1.20000004
1.20000004
1.00000003
0.700000019999
0.700000019999
0.700000019999
0.800000019997
0.700000019999
0.800000019997
0.800000019997
0.80000001
1.20000004
1.20000004
0.80000001
0.60000002
0.800000019997
0.800000019997
1.30000001
0.900000009999
0.900000009999
0.800000019997
1.30000001
1.30000001
1.39999998
1.39999998
1.39999998
1.1
1.0
0.900000009999
0.900000009999
0.800000019997
0.900000009999
0.900000009999
0.900000009999
1.00000003
1.30000001
1.39999998
4.9999999
11.7999997
13.5
13.5
13.2999997
8.5425
8.8325
9.455
9.7
3.60000009
1.39999998
1.39999998
1.39999998
1.19999999
1.0
1.7
0.900000009999
0.900000009999
1.0
0.900000009999
0.900000009999
1.10000002
1.39999998
1.39999998
2.3
8.5999999
4.5999999
3.2
7.0
7.4000001
8.3000002
8.5999999
6.0
3.4999999
2.8
2.8
2.8
2.6
2.4
2.7
2.4
2.4
2.4
2.4
2.4
2.5
2.8
2.9
4.0
4.0
10.1999998
12.3999996
10.2999997
12.3999996
13.8999996
7.3999999
5.1
3.2
3.3
3.2
3.4
3.1
2.8
1.4
2.8
2.8
2.8
2.8
2.8
3.3
3.4
3.2
2.9
2.8
2.8
2.8
2.8
2.8
2.8
3.1
3.2
3.3
3.3
3.2
3.4
2.8
2.8
2.0
2.8
2.8
2.8
2.8
2.8
2.9
3.3
3.2
4.7999999
5.7000001
4.6
3.8
4.6
6.4000001
4.1
3.1
2.79999998
1.39999998
1.60000002
1.39999998
1.5
1.19999999
1.0
0.90000001
1.0
1.10000002
1.0
1.0
1.0
1.10000002
1.5
2.09999999
4.2999999
4.2999999
4.1999998
4.0999999
3.2
3.5
3.8
3.19999998
1.99999999
2.8
2.6
2.6
1.80000002
1.00000003
0.70000002
0.70000002
0.60000002
0.80000002
0.60000002
0.70000002
0.60000002
0.90000001
1.20000004
1.20000004
0.90000001
0.60000002
0.70000002
0.60000002
0.60000002
0.70000002
0.80000002
0.80000002
1.10000002
1.20000004
1.20000004
1.20000004
1.20000004
0.90000003
0.80000002
1.40000001
0.80000002
0.70000002
0.70000002
0.70000002
0.70000002
0.80000001
1.20000004
2.00000002
3.4
5.8999999
5.8999999
6.6000001
8.7
8.1275
8.2825
8.245
7.2
4.5
2.9
2.8
2.8
2.6
2.4
2.00000001
2.4
2.4
2.3
2.4
2.2
2.5
2.8
2.7
4.0000001
8.3999998
9.305
9.435
10.1225
10.9525
13.9000001
13.9000001
12.9000001
6.9000001
4.7
3.3
2.1
1.69999999
1.5
1.0
1.60000002
1.60000002
1.5
1.5
1.5
1.69999999
2.0
2.0
2.8
4.1
12.5
10.7325
10.5875
10.4725
10.31
9.27
12.0
6.8000002
2.00000001
1.20000004
1.20000004
0.90000003
0.80000002
1.50000001
0.70000002
0.70000002
0.70000002
0.80000002
0.70000002
0.80000001
1.20000004
1.20000004
3.1
4.3
12.3000002
13.5999999
8.155
8.2075
12.1000004
8.5999999
12.7000003
11.0
5.7
1.89999999
2.30000001
2.5
2.2
1.50000001
2.2
2.3
2.2
2.2
2.2
1.79999999
1.20000004
1.89999999
2.5
7.8000002
13.5
8.2675
9.9000001
9.6999998
7.5999999
6.8999999
4.3
2.1
2.9
2.6
2.3
1.40000001
0.80000002
0.90000001
0.80000002
0.80000002
0.90000001
0.80000002
0.80000002
1.00000003
1.30000001
1.20000004
1.0
0.80000002
0.80000002
0.90000001
1.5
1.10000002
1.70000002
1.80000001
2.3
2.0
1.69999999
1.20000004
1.20000004
1.00000003
0.80000002
0.80000002
0.80000002
0.80000002
0.80000002
0.80000002
0.80000002
0.90000001
1.20000004
1.20000004
0.90000001
0.80000002
2.4
2.5
1.69999999
1.99999998
6.2000001
9.5
9.0
8.6999998
5.0999999
1.20000004
1.30000001
1.00000003
0.70000002
1.00000003
0.80000002
0.70000002
0.80000002
0.80000002
0.70000002
0.90000001
1.20000004
2.9
3.5
10.5999999
7.0475
8.1375
7.895
13.9000001
11.6000004
8.7999997
6.0
5.1000001
4.0
2.29999998
2.5
2.2
1.79999999
1.80000002
1.39999998
0.80000001
0.60000002
0.80000002
0.60000002
0.80000001
1.20000004
1.20000004
2.1
7.8000002
12.1999998
12.6999998
13.0
12.2000003
12.2175
13.17
12.61
6.0
2.10000001
3.0
3.2
2.8
2.5
1.7
2.5
0.80000002
0.70000002
0.80000002
0.80000002
0.90000001
1.20000004
1.20000004
2.29999998
6.7000001
9.72
11.315
11.4625
11.445
11.215
10.15
11.4000001
5.0999999
2.40000001
3.0
2.6
1.19999999
1.0
1.19999999
1.0
1.0
1.0
1.0
1.0
1.00000003
1.39999998
1.39999998
2.4
5.7000001
8.3125
9.9075
9.5525
13.5
12.1999998
11.9000001
10.05
10.8999999
3.8999999
3.0
1.89999998
1.69999999
1.39999998
1.1
1.5
1.30000001
1.39999998
1.5
1.39999998
1.79999999
3.3
4.2000001
4.5
5.5
9.3000002
13.0
13.9000001
13.6999998
9.3
13.2999997
9.8000002
2.0
1.40000003
1.20000004
1.20000004
1.00000003
0.80000002
0.70000002
0.80000002
0.70000002
0.70000002
0.70000002
1.60000001
2.4
2.7
2.7
3.2
5.3999999
4.7000001
4.4
5.2
5.5
5.2999999
4.8000002
5.3
2.89999999
1.20000004
1.20000004
1.20000004
1.00000003
0.70000002
0.60000002
0.80000002
0.60000002
0.70000002
0.70000002
1.40000001
2.3
2.6
2.7
2.3
1.90000001
0.70000002
0.60000002
0.80000002
0.70000002
0.60000002
0.70000002
1.20000004
1.20000004
1.20000004
1.20000004
1.20000004
1.90000001
2.1
1.90000001
0.70000002
0.60000002
0.60000002
0.60000002
0.60000002
0.80000001
1.0
2.10000002
4.6
7.7
8.7
10.125
9.6175
10.0275
11.0625
10.9875
8.1000001
4.1
3.3
3.6
5.1
3.8
3.5
3.1
2.8
2.8
2.9
2.9
2.9
3.0
3.4
5.6000001
6.4000001
7.8000002
12.9000001
11.8
12.155
12.965
12.6025
12.305
11.4225
10.6000001
7.0
7.0
6.8000002
4.2000001
3.7
2.8
3.6
3.6
3.5
3.5
3.6
3.8
4.0
4.0
3.8999999
6.3000002
12.1999998
12.175
12.1375
12.39
12.2375
13.7999997
12.3999996
7.2000003
2.8
3.0
2.7
2.4
2.1
2.1
2.2
2.2
2.2
2.2
2.3
2.3
2.6
2.6
3.7
9.4000001
9.6375
11.77
11.485
11.7525
12.0
13.2999997
12.3999996
5.1999998
2.2
2.3
2.3
1.99999998
1.79999996
1.69999999
1.79999996
1.79999996
1.89999998
1.79999996
1.79999996
1.99999998
2.3
2.4
3.3
7.1
9.055
10.47
10.2225
12.9000001
9.185
13.6999998
11.5
4.4
2.19999998
2.0
2.1
1.59999997
1.60000002
1.39999998
1.39999998
1.69999999
1.39999998
1.5
1.60000002
2.00000001
3.5
3.5
3.1
2.8
3.0
2.10000001
1.20000004
1.00000003
1.20000002
2.3
2.29999998
1.30000001
1.39999998
1.39999998
2.5
2.6
1.40000003
1.1
1.30000001
1.39999998
1.39999998
1.30000001
1.0
1.10000002
1.5
1.39999998
1.10000002
1.9
2.2
2.2
1.8
0.80000002
1.70000001
3.9999999
3.7999999
2.49999998
1.39999998
1.39999998
1.39999998
1.1
0.90000001
1.19999999
0.90000001
0.80000002
0.90000001
0.90000001
0.80000002
1.10000002
1.39999998
2.29999999
3.4
9.5
8.01
8.9125
8.4675
8.8475
9.5
13.5999999
12.5
3.69999998
1.69999999
1.79999996
1.79999996
1.5
1.39999998
1.69999999
1.30000001
1.39999998
1.39999998
1.39999998
1.39999998
1.5
1.79999996
1.79999996
2.19999998
11.5
9.6175
10.16
10.8125
13.5999999
11.7325
11.6825
11.4000001
5.8999999
6.1
5.0999999
3.2
1.99999998
1.89999998
1.40000001
1.89999998
1.79999996
1.89999998
1.89999998
1.89999998
2.1
2.4
2.5
3.1
7.5999999
12.9000001
12.0375
12.8999996
13.4000001
12.5175
11.5000002
7.2000001
4.6999999
3.2
2.49999998
1.39999998
1.19999999
0.90000001
2.00000001
0.90000001
1.0
0.90000001
1.0
1.0
1.19999999
1.39999998
2.39999998
3.6
4.3
9.7999997
11.4000001
12.9000001
12.6725
11.1999998
10.5
11.7725
9.5
4.2
3.6
3.7
3.5
3.2
2.7
3.3
3.1
3.4
3.3
3.3
3.5
3.6
3.8
4.1999998
10.4000001
9.0
10.4775
10.3625
10.275
9.7775
13.6000004
11.3000002
2.8
2.2
2.2
2.4
1.99999998
1.79999996
1.39999998
1.79999996
1.79999996
1.89999998
1.79999996
1.89999998
1.99999998
2.4
2.2
2.2
2.6
4.3
8.5
6.6
5.7999999
5.4000001
4.7
5.2999999
3.3
1.79999999
1.39999998
1.5
1.19999999
1.0
0.90000001
1.0
1.0
1.0
1.0
1.0
1.6
2.8
2.9
2.4
1.99999998
1.59999997
2.5
2.7
2.8
2.5
2.6
3.2
4.2999999
3.4
2.50000001
1.39999998
1.1
0.90000001
2.5999999
0.90000001
0.90000001
1.0
0.90000001
1.8
2.6
2.9
3.1
3.6
11.6999998
13.4000001
10.6375
10.1675
10.74
11.3875
11.055
13.6999998
9.2999999
4.8000002
5.5
4.8999999
4.2
4.2999999
3.4
4.1999998
4.0
4.1999998
4.1999998
4.0
4.3999999
4.6
4.5
5.0
9.4000001
13.5
11.4475
12.0175
12.79
12.65
12.585
11.5
9.1999998
5.5
6.1
3.6
3.2
2.9
2.20000001
2.9
2.8
5.0
5.5
4.0000001
3.5
3.9
5.2999999
6.4000001
7.2999997
9.7000003
13.5999999
12.175
12.6625
12.7525
11.8000002
11.7625
9.205
8.1000002
2.0
2.0
1.80000001
1.60000002
1.40000003
1.60000002
1.60000002
1.60000002
1.60000002
1.60000002
1.69999999
2.1
4.8
7.7
5.8
9.7
10.9175
10.7475
11.0825
11.2025
10.77
10.0525
11.0999999
2.50000001
1.60000002
1.60000002
1.30000001
1.20000004
1.40000003
1.10000002
1.20000004
1.20000004
1.20000004
1.20000004
1.40000003
1.69999999
1.60000002
7.7000003
9.4000001
13.4000001
11.8725
11.445
11.2275
10.75
13.2999997
12.6000004
8.5999999
5.1
1.89999998
2.0
1.80000001
1.5
1.80000001
1.60000002
1.60000002
1.60000002
1.60000002
1.60000002
1.80000001
2.0
2.1
1.69999999
1.60000002
2.9
3.1
3.1
4.8999999
4.7999999
3.6
2.4
2.5
2.4
2.5
2.5
2.2
2.0
2.0
2.0
2.0
2.1
2.0
2.0
2.3
3.5
3.0
2.8
3.0
4.3000001
2.7
3.5
4.3999999
2.6
2.6
4.0999999
3.0
4.0
4.1999998
4.1999998
2.99999988
1.89999998
1.80000001
1.89999998
1.89999998
2.0
2.0
1.89999998
2.2
2.4
3.2999999
4.7999999
9.1999998
11.0
11.4000001
9.96
9.685
9.7875
8.92
10.0
5.1
2.7
2.3
2.1
1.90000001
1.79999996
1.69999999
1.69999999
1.69999999
1.60000002
1.69999999
1.69999999
1.90000001
2.2
2.2
3.4
10.2
11.2925
12.0675
12.4025
13.07
12.7275
12.49
11.6825
9.6999998
4.9000001
4.8000002
2.9
2.2
2.1
2.9
1.89999998
1.89999998
1.89999998
2.0
1.89999998
1.99999998
2.5
2.4
3.1
5.8999999
13.4000001
12.455
12.4725
12.9975
12.96
11.6875
10.0999999
4.5
4.1999998
4.2999999
4.1999998
3.9999999
3.8
3.2
3.8
3.8
3.8
3.9
3.9
3.9999999
4.2999999
4.1999998
5.0999999
6.6000001
12.9000001
10.99
10.9575
11.3625
11.3175
10.8000002
8.8999999
5.5
4.5
3.0
2.9
2.8
2.4
2.7
1.89999998
1.89999998
1.89999998
1.79999996
1.89999998
1.99999998
2.4
2.5
1.99999998
5.1
11.7999997
13.8000002
10.1375
11.0999999
11.9000001
11.2000003
11.3000002
5.7
4.6
4.0
4.0999999
3.8999999
3.4
2.29999999
2.9
3.0
3.0
2.8
3.1
3.1
3.5
3.4
3.6
5.2000001
5.1000001
5.0
5.8
5.3
4.8999999
3.9999999
4.3999999
2.99999988
1.89999998
1.79999996
1.89999998
1.69999999
1.39999998
1.39999998
1.39999998
1.5
1.39999998
1.39999998
1.39999998
1.59999997
1.79999996
1.79999996
1.59999997
1.39999998
2.1
2.4
3.1
3.0
2.7
1.89999998
2.5
1.99999998
1.79999996
1.89999998
2.0
1.59999997
1.5
1.39999998
1.39999998
1.39999998
1.39999998
1.39999998
1.39999998
1.59999997
3.2
3.5
5.2
10.4000001
8.23
13.3999996
8.2225
8.335
13.7000003
8.4675
11.5999999
3.9000001
3.2
4.4
3.2
1.99999998
1.79999996
1.90000002
1.10000002
1.20000004
1.20000004
1.10000002
1.30000001
2.69999992
4.0
2.2
3.9999999
7.0000002
10.0025
11.0525
11.395
12.1475
12.01
12.115
11.8000002
4.9000001
3.0
3.5
2.19999998
1.59999997
2.7
2.4
2.7
2.10000001
1.20000004
1.20000004
1.20000004
1.40000003
1.60000002
2.69999998
6.7999999
6.9000001
9.2475
11.065
11.18
12.0999999
12.3000002
8.8000002
9.7000003
7.0
2.6
2.4
2.4
2.2
2.0
2.0
2.1
2.0
2.0
2.1
2.0
2.2
2.4
2.4
4.6
6.7000001
8.6425
10.5575
10.6
11.1999998
10.3000002
9.5
8.9000001
8.7999997
6.7999999
2.5
2.5
2.3
2.0
1.40000001
2.1
2.0
2.1
2.1
2.0
2.3
2.6
2.6
3.8999999
10.1000004
10.3000002
13.6999998
11.1999998
7.6000001
7.4000001
5.1000001
5.3
1.99999998
1.79999996
1.59999997
1.39999998
1.19999999
0.90000001
0.90000001
0.90000001
0.90000001
1.0
0.90000001
1.0
1.10000002
1.39999998
1.39999998
3.3
4.0999999
3.3
3.4
4.2
1.79999996
2.19999998
2.8
3.1
3.1
3.0
1.99999998
1.39999998
1.19999999
0.90000001
0.90000001
0.90000001
0.90000001
0.800000020001
0.800000020001
0.90000001
1.10000002
1.39999998
1.39999998
0.90000001
0.90000001
0.90000001
0.90000001
1.8
2.5
2.6
2.5
3.0
1.69999999
1.39999998
1.39999998
1.39999998
1.19999999
0.800000020001
1.29999999
0.90000001
0.800000020001
0.90000001
0.800000020001
0.800000020001
1.10000002
1.30000001
2.29999999
4.5
8.0
8.2999997
7.2000001
6.7000001
7.0999999
7.1000001
4.6
4.0
3.4999999
2.4
2.3
2.3
1.99999998
1.79999996
1.69999999
1.79999996
1.79999996
1.79999996
1.79999996
1.79999996
1.99999998
2.3
2.2
3.4
7.1
9.6125
10.9875
11.4825
13.0
12.1999998
12.0
12.9000001
6.3999999
4.4
2.6
2.3
1.90000001
1.69999999
1.60000002
1.69999999
1.69999999
1.69999999
1.69999999
1.79999996
1.80000001
2.2
2.3
3.6
4.5
11.3999996
10.8075
10.7875
13.8000002
12.8999996
7.5999999
8.0999999
5.0999999
3.8
2.1
2.1
1.90000001
1.60000002
2.00000001
1.69999999
1.60000002
1.69999999
1.79999996
1.60000002
1.89999998
2.2
2.2
2.8
3.4
10.1000002
10.3825
10.4825
11.13
12.0999999
10.3000002
9.5999999
6.3
3.8
2.8
3.0
2.7
2.5
2.09999998
2.4
2.5
2.4
2.5
2.4
2.6
3.0
3.6999999
3.6
4.4
9.4000001
10.5
11.5999999
9.3999996
11.6999998
4.8
2.5
2.4
2.4
2.4
2.5
2.2
2.0
3.2
1.89999998
1.89999998
1.89999998
2.0
1.89999998
2.1
2.5
2.4
1.99999998
2.0
2.8
6.4
5.5
4.6
4.6
4.6
5.0999999
4.9000001
5.0
5.0999999
4.9000001
4.8
4.4
2.34489795918
0.0897959183676
0.0897959183667
0.0897959183676
0.0897959183676
0.0897959183676
0.0897959183667
0.0897959183676
0.0897959183676
0.0897959183667
0.0897959183676
0.0897959183676
0.0897959183676
0.0897959183667
0.0897959183676
0.0897959183676
0.0897959183667
0.0897959183676
0.0897959183676
0.0897959183676
0.0897959183667
0.0897959183676
0.0897959183676
0.0897959183667
0.544897959184
2.34489795918
4.5
4.6
4.5
4.5
4.6000001
4.9000001
5.0
3.6
7.7000001
6.9
6.4000001
6.0
4.1
4.4999999
3.7
2.1
1.79999996
1.80000001
1.5
1.5
1.30000001
1.0
1.10000002
1.0
1.0
1.0
1.0
1.10000002
1.19999999
1.5
1.5
1.30000001
4.9
11.0
11.7999997
12.8000002
12.72
12.33
12.145
12.5
6.49999988
1.79999996
4.0
3.19999998
1.19999999
1.0
1.10000002
1.0
1.0
1.10000002
1.0
1.10000002
1.10000002
1.39999998
1.10000002
1.19999999
8.3000002
9.5225
11.2925
11.3125
11.9
12.18
13.8000002
11.0
3.9
3.0
1.79999999
1.39999998
1.19999999
1.0
1.0
1.0
1.0
1.0
1.0
1.0
1.10000002
1.39999998
1.5
2.09999999
5.8000001
8.455
10.4525
10.84
11.5325
11.49
13.9000001
9.38
5.9999999
1.39999998
1.20000004
1.39999998
1.1
0.800000020001
0.90000001
0.800000020001
0.90000001
0.800000020001
0.800000020001
0.800000020001
1.00000003
1.30000001
1.39999998
1.8
3.4
8.6999998
11.6999998
9.6999998
10.0999999
8.9000001
9.3000002
1.90000001
1.69999999
1.69999999
1.39999998
1.39999998
1.19999999
1.0
0.90000001
1.0
1.0
1.0
1.0
1.0
1.10000002
1.39999998
1.39999998
1.10000002
1.0
1.0
1.0
1.0
1.20000004
1.20000004
1.0
1.39999998
1.39999998
1.39999998
1.30000001
1.30000001
1.1
0.800000020001
0.90000001
0.800000020001
0.90000001
0.800000020001
0.800000020001
0.90000001
0.90000001
1.39999998
1.30000001
0.90000001
0.90000001
0.800000020001
0.800000020001
0.800000020001
1.10000002
1.39999998
2.19999998
3.0
1.39999998
1.39999998
1.39999998
1.39999998
1.19999999
0.800000020001
2.30000001
1.0
0.90000001
0.90000001
0.800000020001
1.0
1.10000002
1.39999998
1.5
1.79999996
6.2999997
8.0
6.4
8.9000001
12.2000003
13.7000003
7.5
7.3999999
6.2000001
4.4
4.2999999
4.2999999
4.2
3.9
2.5
4.0
3.9
3.9
3.9
3.9
3.9999999
4.5
4.1999998
7.2000001
8.5999999
9.3925
10.9
11.2725
12.0
9.8000002
12.2000003
10.1000004
2.8
2.7
3.1
1.69999999
1.1
0.90000001
1.0
0.90000001
1.10000002
0.90000001
1.0
1.10000002
1.10000002
1.5
1.5
4.0
5.9000001
11.1999998
11.0525
11.03
12.9000001
12.9000001
10.2000001
7.9000001
4.4
3.1
1.5
1.5
1.5
1.0
1.20000004
1.10000002
1.0
1.10000002
1.10000002
1.0
1.30000001
1.60000002
1.69999999
3.0
5.0
12.8999996
9.8925
10.6999998
11.3000002
12.8999996
8.5999999
9.5
6.0
2.6
1.5
1.5
1.19999999
0.800000020001
1.19999999
0.90000001
0.90000001
1.10000002
1.0
1.0
1.10000002
1.39999998
1.5
2.7
3.4
10.0999999
13.8000002
13.4000001
10.7000003
12.7000003
10.9000001
6.4999998
4.1999998
3.5
1.79999996
1.79999996
1.59999997
1.39999998
1.39999998
1.39999998
1.39999998
1.39999998
1.39999998
1.39999998
1.59999997
1.89999998
1.79999996
1.5
2.19999999
1.30000001
1.39999998
1.30000001
3.6
3.6
2.5
3.1
1.79999996
1.79999996
1.79999996
1.79999996
1.69999999
1.39999998
1.30000001
1.39999998
1.30000001
1.39999998
1.30000001
1.39999998
1.5
1.79999996
1.89999998
1.5
1.39999998
1.39999998
1.79999999
1.99999999
1.60000002
1.5
1.5
1.89999998
1.60000002
1.79999996
1.69999999
1.79999996
1.59999997
1.20000004
1.99999999
1.20000004
1.20000004
1.30000001
1.30000001
1.20000004
1.40000003
1.79999996
2.79999998
6.2000001
8.9000001
10.2000003
11.2999997
11.5
9.145
9.565
12.3000002
5.5
1.99999998
1.79999996
2.6
3.1
2.9
2.7
1.0
1.0
1.0
1.10000002
1.0
1.0
1.20000004
1.5
1.5
3.30000008
9.2999997
9.445
10.67
10.8825
13.8999996
11.1475
13.2999997
11.8000002
4.6
3.1
2.3
1.69999999
1.19999999
1.0
1.0
1.0
1.10000002
1.0
1.0
1.10000002
1.19999999
1.5
2.80000001
5.1
7.5999999
10.4000001
13.0999999
10.81
11.085
11.0375
11.5999999
9.4000001
5.0
3.2
1.60000002
1.5
1.30000001
1.0
1.0
1.10000002
1.0
1.10000002
1.0
1.0
1.20000004
1.39999998
1.60000002
5.4
10.5
8.625
13.9000001
11.28
13.9000001
11.57
10.5999999
10.0
4.5
1.39999998
1.60000002
1.5
1.19999999
1.10000002
1.10000002
1.10000002
1.0
1.0
1.10000002
1.0
1.19999999
1.60000002
1.5
2.3
2.9
9.2000003
9.4000001
9.5
9.9000001
12.5
10.8999996
5.8000002
1.60000002
1.60000002
1.69999999
1.69999999
1.39999998
1.20000004
1.00000003
1.20000004
1.20000004
1.20000004
1.20000004
1.20000004
1.40000003
1.69999999
1.60000002
1.30000001
1.10000002
0.90000001
1.0
1.60000002
2.8
3.6
3.6
2.9
1.30000001
1.39999998
1.30000001
1.20000004
1.19999999
0.800000020001
0.800000020001
0.90000001
0.800000020001
0.90000001
0.90000001
0.800000020001
1.10000002
1.30000001
1.39999998
1.00000003
0.800000020001
0.800000020001
1.00000003
2.5
2.5
2.4
1.20000002
1.30000001
1.39999998
1.5
2.3
1.89999998
1.29999999
0.90000001
2.00000001
0.90000001
0.90000001
0.800000020001
0.90000001
0.800000020001
1.00000003
1.39999998
2.39999999
4.8
8.0999999
8.5
10.5999999
9.2999997
9.5
9.0
6.1999998
5.8999999
4.9000001
3.0
2.3
2.3
2.9
3.1
2.00000001
3.0
1.69999999
1.60000002
1.60000002
1.60000002
1.69999999
2.1
2.1
2.3
5.3999999
13.3000002
13.2999997
11.5625
13.05
12.975
11.5
10.9000001
3.9000001
2.4
2.5
1.59999997
1.1
0.800000020001
0.90000001
0.800000020001
0.90000001
0.90000001
0.800000020001
1.0
1.00000003
1.39999998
1.39999998
4.4
6.7000001
10.0
12.3000002
12.7000003
12.5999999
12.075
12.3000002
9.9000001
5.0
3.9
3.1
1.30000001
1.10000002
0.800000020001
0.90000001
1.0
0.800000020001
0.800000020001
0.90000001
0.800000020001
1.00000003
1.39999998
1.30000001
1.70000002
2.50000001
4.6000001
10.3000002
9.9000001
11.6999998
10.1999998
8.1999998
3.5000001
1.69999999
1.30000001
1.39999998
1.39999998
1.1
0.90000001
0.90000001
1.0
0.90000001
0.90000001
0.90000001
1.0
1.10000002
1.39999998
2.59999998
4.3999999
3.1
9.3000002
10.3999996
9.5
8.0999999
8.6000002
11.1000004
10.5
4.2
2.49999998
1.20000004
1.20000004
1.0
0.800000020001
0.800000020001
0.800000020001
0.800000020001
0.800000020001
0.800000020001
0.90000001
0.90000001
1.30000001
1.30000001
0.90000001
1.0
0.800000020001
0.90000001
2.20000001
3.8
3.9999999
1.80000002
1.5
1.39999998
1.20000004
1.30000001
1.30000001
1.00000003
0.90000001
0.800000020001
0.5
0.800000020001
0.800000020001
0.800000020001
0.800000020001
1.00000003
1.39999998
1.30000001
0.90000001
0.90000001
0.90000001
0.800000020001
0.800000020001
0.90000001
0.90000001
0.90000001
1.20000004
1.39999998
1.30000001
1.39999998
1.30000001
1.1
0.40000001
0.800000020001
1.0675
1.1225
1.115
1.095
1.1875
1.4375
1.9225
2.855
5.34
7.1675
8.28
8.41
8.475
8.96
8.3
6.545
4.205
2.5925
2.125
2.245
2.2475
1.9825
0.60000002
0.800000020001
0.800000020001
0.800000020001
0.800000020001
0.800000020001
0.700000020001
0.90000001
1.20000004
2.30000001
4.6
10.0
10.3999996
10.5999999
9.7999997
10.5
9.0999999
9.5999999
4.0
4.1
3.6
1.80000001
1.39999998
1.1
0.90000001
0.800000020001
1.0
1.0
0.90000001
1.0
0.90000001
1.10000002
1.5
5.0
5.6000001
10.8000002
11.4000001
10.3000002
10.2999997
8.5999999
11.7000003
11.3000002
7.9000001
3.8
1.5
1.39999998
1.39999998
1.00000003
1.20000002
0.800000020001
0.800000020001
0.800000020001
0.90000001
0.800000020001
0.90000001
1.00000003
1.59999997
7.1000001
9.6999998
8.83
12.7000003
13.5999999
10.5999999
12.9000001
10.51
12.1000004
10.1999998
4.8000001
3.8
3.8
3.9
2.9
1.20000002
1.69999999
1.60000002
1.60000002
1.60000002
1.60000002
1.69999999
1.89999998
2.2
2.3
3.2
3.4
3.5
2.7
2.7
3.1
2.9
2.6
2.0
1.60000002
1.60000002
1.20000004
1.30000001
1.1
0.800000020001
0.800000020001
0.800000020001
0.800000020001
0.90000001
0.800000020001
0.90000001
1.00000003
1.20000004
1.59999997
0.90000001
0.800000020001
0.800000020001
0.800000020001
0.800000020001
0.800000020001
0.800000020001
0.800000020001
1.20000004
1.30000001
1.39999998
1.20000004
1.30000001
1.1
0.800000020001
0.800000020001
0.800000020001
0.800000020001
0.800000020001
0.800000020001
0.800000020001
1.00000003
1.30000001
1.39999998
0.90000001
0.800000020001
0.90000001
0.800000020001
0.90000001
0.800000020001
0.90000001
0.800000020001
1.20000004
1.39999998
1.30000001
1.30000001
1.39999998
1.00000003
0.90000001
0.90000001
0.800000020001
0.800000020001
0.800000020001
0.800000020001
0.800000020001
1.00000003
1.39999998
1.30000001
0.90000001
1.40000003
1.00000003
0.800000020001
0.90000001
0.800000020001
0.90000001
0.800000020001
1.20000004
1.39999998
1.30000001
1.39999998
1.39999998
1.00000003
0.90000001
0.800000020001
0.800000020001
0.800000020001
0.800000020001
0.800000020001
0.800000020001
1.00000003
1.90000002
5.3000002
7.0
12.0
13.0
10.17
12.7000003
10.3000002
10.2999997
8.4000001
2.09999998
1.5
1.5
1.39999998
1.5
1.20000002
0.90000001
0.90000001
0.90000001
0.90000001
0.90000001
1.0
0.800000020001
1.10000002
1.39999998
2.5
2.8
6.7999999
8.0999999
9.0999999
10.1999998
10.5
8.5999999
8.5
3.8
2.4
1.5
1.30000001
1.30000001
1.1
1.1
0.800000020001
0.800000020001
0.800000020001
0.800000020001
0.800000020001
0.90000001
0.90000001
3.19999999
8.0999999
7.0999999
10.0
10.4000001
9.1000004
9.4000001
9.0
8.2999997
7.4000001
3.7
2.9
2.2
2.2
2.3
2.00000001
0.90000001
0.90000001
0.800000020001
1.0
0.90000001
0.800000020001
1.0
1.00000003
1.5
2.9
3.2
5.3
7.3999999
7.0
7.7000001
4.9
3.5
3.1
2.0
1.79999996
1.89999998
1.89999998
1.89999998
1.60000002
1.29999999
0.800000020001
0.90000001
0.800000020001
0.800000020001
0.800000020001
0.700000020001
1.00000003
1.20000004
1.20000004
1.0
0.90000001
1.30000001
1.60000002
2.2
2.4
2.9
3.0
3.6
2.1
2.1
2.0
2.0
1.99999998
1.69999999
1.69999999
1.60000002
1.60000002
1.60000002
1.60000002
1.69999999
3.2
3.5
3.4
3.1
2.10000001
1.5
1.60000002
1.5
1.60000002
1.60000002
1.5
2.0
2.0
2.0
2.0
2.1
1.80000001
1.69999999
1.39999998
1.60000002
1.5
1.5
1.39999998
1.5
1.69999999
2.0
3.2
6.8
11.4000001
11.1999998
8.2000001
7.9999998
10.6999998
8.2000003
7.2
6.1000001
1.79999999
1.30000001
3.4
2.7
2.6
1.5
1.20000004
1.30000001
1.10000002
1.20000004
1.30000001
0.700000020001
1.00000003
1.20000004
1.79999999
3.3
7.8000002
7.1000001
10.0
11.2000003
8.9000001
9.3999996
8.0
3.7000001
2.4
2.4
2.3
2.2
1.90000001
1.60000002
1.69999999
1.69999999
1.60000002
1.60000002
1.60000002
1.60000002
1.80000001
2.0
3.3999999
4.3999999
7.8999999
10.2000003
9.0999999
9.2999997
12.0
9.6999998
8.9000001
4.0
2.0
2.1
2.1
2.0
1.80000001
1.69999999
1.60000002
1.60000002
1.69999999
1.60000002
1.60000002
1.60000002
3.0
3.5
4.0
2.9
8.1000001
7.3000002
9.0
9.0999999
8.8000002
8.5999999
8.3
3.3
2.2
2.4
2.3
2.2
2.1
1.29999999
1.79999996
1.79999996
1.79999996
1.79999996
1.79999996
1.79999996
1.89999998
2.3
2.3
2.7
4.8000002
7.7999999
8.0999999
7.9000001
9.0
7.9000001
7.0
4.3
1.39999998
1.39999998
1.39999998
1.39999998
1.19999999
0.800000020001
0.800000020001
0.90000001
0.800000020001
0.800000020001
0.800000020001
0.800000020001
1.00000003
1.39999998
1.30000001
1.00000003
0.800000020001
0.90000001
0.800000020001
0.90000001
0.800000020001
1.19999999
1.39999998
1.89999998
1.39999998
1.39999998
1.30000001
1.39999998
1.1
0.800000020001
0.90000001
0.800000020001
0.800000020001
0.90000001
0.800000020001
0.90000001
1.00000003
1.20000004
1.30000001
0.90000001
0.90000001
0.800000020001
0.800000020001
1.0
0.800000020001
3.1
3.2
1.20000004
1.39999998
1.30000001
1.20000004
1.39999998
1.00000003
0.800000020001
0.90000001
0.800000020001
0.90000001
0.800000020001
0.800000020001
0.90000001
0.90000001
1.5
1.79999999
3.1
3.2
3.7
7.0999999
10.0
9.0999999
8.2000001
2.60000001
1.59999997
1.39999998
1.5
1.60000002
3.3
1.29999999
0.90000001
0.800000020001
0.800000020001
0.800000020001
0.800000020001
2.4
2.4
2.4
2.20000001
1.80000001
2.3
4.0
8.5
8.5
6.7999999
9.1000004
5.2
2.8
2.10000001
1.60000002
1.30000001
1.30000001
1.30000001
1.19999999
1.70000002
2.2
2.2
2.3
2.2
1.0
0.800000020001
0.90000001
1.30000001
1.89999998
2.6
6.7999999
7.7
8.5999999
8.6999998
7.2000001
7.6999998
6.7000001
1.79999999
2.00000001
2.4
2.2
1.30000001
1.40000003
1.10000002
1.0
1.0
1.10000002
1.30000001
1.20000004
1.30000001
1.19999999
1.60000002
2.09999998
2.09999998
4.9
8.3000002
7.6999998
5.7
9.0
7.0999999
6.5999999
2.29999999
1.39999998
1.5
1.5
1.39999998
1.20000002
1.30000001
1.0
1.0
0.90000001
1.0
1.0
1.0
1.10000002
1.39999998
1.99999998
2.5
7.5999999
8.2999997
8.5
7.9000001
7.4000001
5.6
4.4
2.3
2.0
2.9
3.0
3.0
2.7
1.20000004
1.30000001
1.10000002
0.800000020001
0.90000001
1.20000002
1.20000004
1.40000003
1.60000002
1.89999998
1.30000001
0.90000001
0.80000001
1.30000001
1.40000003
1.20000004
1.10000002
0.800000020001
1.20000004
1.20000004
1.30000001
1.20000004
1.40000003
1.40000003
0.90000001
1.10000002
1.00000003
0.800000020001
1.40000001
2.3
2.1
1.40000003
1.69999999
1.60000002
1.30000001
1.39999998
1.39999998
1.20000004
1.39999998
1.60000002
2.7
2.8
8.5999999
6.0
2.00000002
1.20000004
1.20000004
1.1
0.700000020001
0.800000020001
0.800000020001
0.800000020001
0.800000020001
0.800000020001
0.800000020001
0.90000001
1.30000001
1.89999998
4.9000001
8.3000002
12.8000002
12.0
8.3
8.2000001
8.5999999
7.2
2.79999989
1.20000004
1.39999998
1.39999998
1.30000001
1.00000003
0.800000020001
0.800000020001
0.800000020001
0.800000020001
0.800000020001
0.800000020001
0.800000020001
1.0
1.20000004
1.89999998
2.40000001
6.4000001
9.1999998
11.1000004
12.5
11.9000001
12.0
10.5999999
6.0999998
1.60000002
1.69999999
1.40000003
1.30000001
1.00000003
0.700000020001
0.800000020001
0.800000020001
0.800000020001
0.800000020001
0.800000020001
0.700000020001
0.90000001
1.20000004
1.80000001
2.5
6.8
10.5
11.8000002
12.9000001
10.815
11.0999999
8.5999999
5.6999998
3.89999998
1.5
1.39999998
1.39999998
1.19999999
1.1
1.0
0.90000001
0.800000020001
1.0
0.90000001
0.800000020001
1.19999999
1.39999998
2.9
5.0999999
8.6999998
10.0999999
10.5
13.3000002
13.0
10.5999999
8.3
5.2000001
4.3999999
2.6
2.4
2.5
2.09999998
1.1
1.5
1.39999998
1.39999998
1.39999998
1.39999998
1.5
1.59999997
1.89999998
2.4
2.6
5.7999999
7.6999998
7.1000001
7.9000001
8.5
7.7
7.0999999
3.3
1.20000004
1.30000001
1.30000001
1.20000004
1.00000003
2.20000001
0.700000020001
0.800000020001
0.800000020001
0.800000020001
0.800000020001
1.29999999
2.7
2.8
3.3
3.5
6.4999998
3.6999999
4.4000001
5.9000001
5.0999999
4.0
4.5999999
4.6000001
4.4
4.5
4.4
4.5
3.9999999
2.10000001
3.6
3.6
3.6
3.6
3.6
5.0999999
4.9000001
4.3999999
4.5
3.8
3.8
3.7
4.3
6.6
6.7000001
5.1999998
5.3999999
3.9999999
4.4
2.69999992
1.20000004
1.20000004
0.90000003
0.700000020001
0.700000020001
0.60000002
0.700000020001
0.60000002
0.700000020001
0.700000020001
0.80000001
1.20000004
1.80000002
2.9
1.89999998
2.09999998
2.0
2.1
2.0
2.1
1.29999999
1.20000004
1.20000004
1.20000004
1.20000004
1.20000004
0.90000003
0.90000003
0.800000020001
0.60000002
0.60000002
0.700000020001
0.60000002
0.700000020001
0.80000001
1.20000004
2.20000001
5.7999999
9.0999999
13.3000002
9.56
12.1999998
13.0999999
13.7999997
11.2000003
8.0
5.4000001
1.79999996
1.69999999
1.79999996
1.5
1.10000002
1.20000004
1.30000001
1.20000004
1.20000004
1.30000001
1.20000004
1.30000001
1.69999999
2.30000001
5.0999999
7.9999998
11.5
11.2999997
8.0999999
11.3999996
10.7999997
10.0
5.7999999
5.0
1.69999999
1.60000002
1.69999999
1.40000003
1.20000004
1.20000004
1.0
1.10000002
1.20000004
1.10000002
1.20000004
1.30000001
1.60000002
2.8
4.0
7.1000001
10.2000003
13.8999996
11.7000003
13.3000002
10.0999999
9.4000001
3.3
1.79999996
1.79999996
1.79999996
1.60000002
1.5
0.623809543809
0.304761904761
0.304761904763
0.304761904761
0.304761904763
0.304761904761
0.304761904763
0.304761904761
0.304761904763
0.304761904761
0.304761904763
3.25238085238
7.2000001
8.6999998
7.0
13.0999999
11.6999998
9.0
5.7
1.5
1.60000002
0.0476190476184
0.0476190476202
0.0476190476184
0.623809543811
0.0476190476184
0.0476190476184
0.0476190476202
0.0476190476184
0.0476190476184
0.0476190476202
0.623809543809
1.5
1.69999999
1.5
1.80000001
1.5
1.39999998
1.5
1.60000002
1.89999998
2.3
2.3
2.4
1.69999999
1.60000002
1.69999999
1.5
1.30000001
1.30000001
1.20000004
1.20000004
1.30000001
1.20000004
1.20000004
1.5
1.60000002
1.69999999
1.79999999
2.1
2.1
1.89999998
1.79999996
1.89999998
1.79999996
1.89999998
1.69999999
1.60000002
1.69999999
1.69999999
1.60000002
1.40000003
1.60000002
1.20000004
1.30000001
1.20000004
1.20000004
1.0
0.90000001
1.00000003
1.5
2.3
4.3
4.9
7.2000003
8.4000001
10.8000002
10.0
10.0
5.2
2.7
2.6
2.5
2.5
2.6
2.3
1.60000002
2.0
2.0
2.0
2.0
2.0
2.1
2.1
2.5
3.5999999
3.4
6.1000001
10.0
8.0999999
10.0999999
10.0999999
7.9000001
7.5999999
5.3999999
4.5
2.2
1.79999996
1.69999999
1.40000003
1.30000001
1.20000004
1.20000004
1.10000002
1.20000004
1.20000004
1.20000004
1.19999999
1.69999999
2.6
2.8
9.3000002
12.3000002
11.2999997
12.4000001
9.5999999
7.2
5.5
5.5
5.7000001
2.5
2.4
1.90000001
1.40000003
2.10000002
1.20000004
1.20000004
1.20000004
1.20000004
1.20000004
1.20000004
1.40000003
1.79999996
2.7
5.7
10.0
10.8000002
13.1999998
11.305
11.06
9.9975
9.7000003
4.7
3.8
3.5
3.4
3.5
3.2
2.30000001
2.9
2.9
3.0
3.1
2.9
3.0
3.1
3.4
4.2999999
4.7999999
5.3999999
5.2
7.5999999
9.1999998
9.9000001
8.5
7.6999998
6.1000001
2.4
2.2
2.0
2.1
1.90000001
1.40000003
1.60000002
1.60000002
1.60000002
1.60000002
1.60000002
1.60000002
1.69999999
2.0
2.0
1.69999999
1.79999999
2.4
1.80000001
1.69999999
2.8
2.8
3.1
3.1
2.7
1.60000002
1.60000002
1.60000002
1.40000003
1.10000002
1.10000002
1.20000004
1.20000004
1.10000002
1.10000002
1.20000004
1.19999999
1.60000002
1.69999999
1.19999999
1.30000001
1.30000001
2.5
1.70000002
1.20000004
3.6
4.3
4.3
4.0
1.60000002
1.60000002
1.60000002
1.40000003
1.40000003
1.10000002
1.20000004
1.10000002
1.20000004
1.20000004
1.10000002
1.19999999
2.20000001
3.3
4.6999998
9.0
9.9000001
10.1999998
9.5
9.8000002
8.9000001
9.0999999
6.2999997
2.6
1.79999996
3.2
2.3
1.99999998
1.30000001
1.20000004
1.30000001
1.20000004
1.20000004
1.30000001
1.20000004
1.40000003
1.60000002
2.2
4.7000001
10.8000002
9.7999997
10.5
9.4000001
10.5999999
9.0
10.5999999
5.7999999
4.6
2.09999998
1.79999996
1.69999999
1.59999997
1.5
1.20000004
1.20000004
1.30000001
1.30000001
1.20000004
1.30000001
1.40000003
1.79999996
2.8
3.4999999
6.9000001
8.5
8.9000001
9.5999999
9.5
7.8
7.5
6.2000001
3.4
2.3
2.8
2.2
1.99999998
1.40000003
1.60000002
1.79999996
1.69999999
1.69999999
1.69999999
1.60000002
1.89999998
2.5
2.8
3.8
4.8999999
5.8999999
6.8999999
7.0999999
7.6999998
6.6000001
5.3
3.3999999
1.60000002
1.69999999
1.60000002
1.60000002
1.30000001
1.30000001
1.00000003
0.800000020001
0.800000020001
0.800000020001
0.800000020001
0.800000020001
0.90000001
1.30000001
1.90000001
2.0
4.5
5.4000001
6.6000001
6.6000001
5.6
4.9000001
4.7000001
3.2
2.3
2.0
1.89999998
2.0
1.69999999
1.30000001
1.39999998
1.5
1.39999998
1.39999998
1.39999998
1.39999998
1.59999997
2.0
2.0
1.80000001
3.5
3.1
4.4
5.7000001
3.8000001
2.2
2.1
1.79999996
1.79999996
1.79999996
1.69999999
1.69999999
1.40000003
1.10000002
1.30000001
1.20000004
1.30000001
1.20000004
1.20000004
1.20000004
1.20000004
1.39999998
1.39999998
1.0
0.800000020001
0.90000001
1.5
1.69999999
1.69999999
1.79999996
0.90000001
1.39999998
1.39999998
1.39999998
1.39999998
1.39999998
1.1
1.0
0.800000020001
0.800000020001
0.90000001
0.90000001
0.800000020001
0.800000020001
1.10000002
1.39999998
1.69999999
2.4
2.3
2.1
2.2
2.2
1.70000002
3.1
3.4
4.1999998
3.2999999
1.79999996
1.69999999
1.60000002
1.40000003
1.30000001
1.10000002
1.10000002
1.20000004
1.10000002
1.0
1.10000002
1.19999999
1.60000002
2.8
4.0
5.2999999
7.5
10.0
9.4000001
7.9000001
6.5
3.3
2.7
2.7
2.6
2.1
2.2
1.80000001
1.40000003
1.5
1.60000002
1.60000002
1.60000002
1.5
1.60000002
1.69999999
2.0
3.8
3.9999999
5.6000001
7.2000001
8.8000002
9.5
11.3000002
10.9000001
6.4000001
3.1
2.3
2.2
2.3
1.99999998
1.5
1.20000004
1.20000004
1.20000004
1.30000001
1.20000004
1.20000004
1.20000004
1.40000003
1.79999996
3.1999999
4.2999999
4.7000001
6.0999999
7.5
9.5
8.1999998
7.2000001
6.4000001
3.5
2.1
2.1
2.0
2.1
1.59999997
1.20000004
1.20000004
1.20000004
1.20000004
1.20000004
1.20000004
1.20000004
1.40000003
1.79999996
2.7
2.5
6.0
7.4000001
8.7000003
9.5
8.3
7.8000002
5.1000001
2.1
1.89999998
1.60000002
1.60000002
1.69999999
1.5
1.30000001
1.20000004
1.20000004
1.20000004
1.20000004
1.20000004
1.20000004
1.40000003
1.60000002
1.60000002
1.30000001
1.39999998
1.20000004
1.20000004
1.30000001
1.30000001
1.20000004
1.20000004
1.69999999
1.69999999
1.79999996
1.69999999
1.60000002
1.40000003
1.00000003
1.20000004
1.20000004
1.20000004
1.20000004
1.30000001
1.20000004
1.19999999
1.79999996
1.69999999
1.30000001
1.20000004
0.90000001
0.90000001
1.30000001
1.80000001
1.79999996
1.80000001
2.3
1.69999999
1.30000001
1.20000004
1.20000004
1.00000003
1.1
0.700000020001
0.700000020001
0.800000020001
0.800000020001
0.800000020001
0.800000020001
1.00000003
1.39999998
2.49999998
3.7
8.5
10.9000001
9.3000002
7.8000002
8.6000004
8.1999998
7.7999999
6.5
3.4999999
1.89999998
1.79999996
2.0
1.69999999
1.1
1.39999998
1.39999998
1.39999998
1.5
1.39999998
1.39999998
1.59999997
1.79999996
2.6
3.7999999
5.3
8.3000002
9.9000001
9.3000002
9.2000003
8.5999999
5.6000001
3.6
1.89999998
1.5
1.39999998
1.5
1.1
1.00000003
0.90000001
1.0
1.0
0.800000020001
0.800000020001
1.0
1.10000002
1.30000001
2.69999998
3.5
5.7
8.1999998
7.6999998
5.6
6.6000001
6.4
3.7
2.4
2.0
1.79999996
1.89999998
1.79999996
1.5
1.1
1.39999998
1.39999998
1.30000001
1.20000004
1.39999998
1.39999998
1.5
1.79999996
3.1
3.7
3.7
6.6
9.2999997
9.5999999
7.2000003
5.7000001
5.1999998
3.0
2.09999998
1.79999996
1.79999996
1.79999996
1.5
1.60000001
0.90000001
1.0
0.800000020001
0.90000001
0.800000020001
0.90000001
1.1
1.39999998
2.69999998
3.5
6.5999999
6.7
8.0999999
7.7
9.0
8.0999999
5.5
4.2000001
2.9
2.8
3.0
3.0
2.7
1.60000001
2.4
2.4
2.4
2.4
2.4
2.4
2.5
2.8
2.6
2.7
3.0
2.8
3.0
3.0
2.9
3.0
3.0
3.7
3.3
1.79999996
1.60000002
1.60000002
1.40000003
0.40000001
0.800000020001
1.2275
1.2
1.2125
1.235
1.3075
1.45
1.6925
1.715
1.46
1.4025
1.35
1.45
1.5575
1.6325
1.725
1.735
1.9475
1.9
1.605
1.4675
1.435
1.265
1.165
1.03
0.9825
0.995
0.9775
0.985
1.005
1.16
1.5325
2.315
3.35
4.22
5.6425
5.9825
6.1625
5.84
5.3425
4.4625
3.7675
2.6975
2.1425
2.18
2.16
1.8775
1.4825
1.395
1.4825
1.5025
1.4925
1.49
1.505
1.645
1.9
2.63
4.515
6.0525
7.745
8.4625
8.82
8.3625
7.7375
6.465
4.5525
3.2075
2.5025
2.1725
2.035
1.7775
1.4825
1.455
1.47
1.4475
1.4175
1.3875
1.3875
1.5025
1.7875
2.6125
4.1275
6.2225
7.6425
7.645
7.625
7.4625
6.8
5.5725
3.4825
2.8475
2.3425
2.015
1.87
1.6225
1.4525
1.3375
1.3175
1.305
1.2925
1.2975
1.3
1.465
1.85
2.7175
3.5325
4.335
5.05
5.9625
6.2625
6.25
5.67
4.67
2.72
2.205
1.83
1.67
1.6525
1.5
1.2025
1.0825
1.1075
1.105
1.1525
1.1775
1.225
1.3075
1.615
2.2425
2.675
3.6
4.4425
5.2525
5.28
5.16
4.5475
3.135
2.775
2.205
1.92
1.86
1.8725
1.6925
1.36
1.33
1.335
1.39
1.425
1.4375
1.4925
1.6975
1.97
2.1375
2.065
2.195
2.2275
2.3325
2.535
2.5675
2.455
2.3525
2.3975
2.285
2.0225
1.8825
1.8525
1.6325
1.215
1.175
1.2075
1.18
1.1925
1.2075
1.27
1.4175
1.5725
1.58
1.36
1.3125
1.2375
1.2775
1.435
1.51
1.5875
1.6925
1.9525
1.925
1.7325
1.62
1.4575
1.215
0.69999999
1.0175
0.800000020001
0.90000001
0.800000020001
0.90000001
0.90000001
1.00000003
1.39999998
2.5
3.6
5.4000001
4.7000001
6.1
4.8999999
4.2999999
3.8
2.9
2.4
1.79999996
1.89999998
1.89999998
2.0
1.59999997
2.19999999
1.39999998
1.39999998
1.39999998
1.39999998
1.39999998
1.5
1.59999997
1.79999996
3.2
3.7
4.4
5.5
6.5
6.8
5.4
6.2000001
5.4
5.0999999
3.9
3.8
3.5
3.5
3.2
2.20000001
2.9
3.1
3.1
3.0
3.0
2.9
2.8
3.0
3.5
3.7999999
7.4999998
6.8999999
6.6000001
6.8
7.6000001
7.1999998
5.5
3.7999999
3.0
2.5
2.2
2.2
1.89999998
1.20000002
1.69999999
1.69999999
1.60000002
1.69999999
1.69999999
1.60000002
1.79999996
2.1
3.0
3.3999999
5.8999999
7.8
7.7000001
7.3
6.2000001
5.5
3.5
3.0
2.69999998
1.60000002
1.69999999
1.60000002
1.1
1.10000002
0.800000020001
0.90000001
0.90000001
0.800000020001
0.90000001
0.800000020001
1.00000003
1.60000002
2.1
1.99999998
2.5
2.8
4.9
4.5
4.7
4.7999999
3.6
2.4
2.2
2.4
2.3
2.2
1.59999997
1.20000004
1.30000001
1.20000004
1.30000001
1.39999998
1.5
1.69999999
1.80000001
2.3
2.2
1.30000001
1.69999999
1.79999996
1.99999998
2.6
2.5
2.9
2.6
2.3
1.99999998
1.79999996
1.60000002
1.69999999
1.40000003
1.00000003
1.00000003
0.90000001
0.800000020001
0.90000001
0.800000020001
0.800000020001
1.10000002
1.39999998
1.39999998
1.00000003
0.800000020001
0.90000001
0.800000020001
0.800000020001
0.90000001
0.800000020001
0.800000020001
1.5
1.39999998
1.39999998
1.39999998
1.39999998
1.1
0.5
0.800000020001
1.025
1.0275
1.0075
1.03
1.055
1.195
1.5925
2.445
3.89
5.115
5.9
5.995
5.8575
5.5725
5.325
4.76
3.7425
2.6875
2.205
2.2875
2.2125
1.9075
0.60000002
1.4425
3.2
3.3
3.1
2.8
2.8
2.9
3.3
3.8
3.9
5.0
4.9000001
5.7000001
6.9000001
6.2000001
4.9000001
4.2
2.4
2.0
1.69999999
1.60000002
1.60000002
1.5
1.30000001
1.20000004
1.00000003
0.800000020001
0.800000020001
0.800000020001
0.800000020001
1.00000003
1.40000003
1.79999996
2.2
4.4000001
4.1
4.5
4.6000001
4.5
4.8999999
3.5
1.99999998
1.79999996
1.79999996
1.79999996
1.79999996
1.5
1.90000002
1.20000004
1.30000001
1.30000001
1.20000004
1.30000001
1.20000004
1.40000003
1.69999999
2.5
3.2
6.7000001
4.8000002
4.9000001
5.2999999
5.7
5.7000001
3.2
2.6
1.89999998
1.60000002
1.69999999
1.90000001
2.8
1.89999999
1.5
1.30000001
1.20000004
1.20000004
1.30000001
1.20000004
1.40000003
1.89999998
2.3
2.6
4.2
4.6000001
4.2
4.8
5.2
4.1
3.1
2.2
2.0
2.0
1.89999998
1.79999996
1.59999997
1.19999999
1.39999998
1.39999998
1.39999998
1.39999998
1.39999998
1.39999998
1.59999997
1.79999996
1.89999998
1.59999997
1.30000001
1.30000001
1.5
1.39999998
1.39999998
1.5
1.39999998
1.79999996
2.0
1.89999998
1.89999998
2.0
1.39999998
1.19999999
1.0
1.0
1.0
1.10000002
1.0
1.0
1.19999999
1.60000002
1.5
1.10000002
1.0
1.0
1.10000002
1.0
1.0
1.10000002
1.0
1.5
1.60000002
2.6
2.5
1.30000001
1.39999998
1.30000001
1.39999998
1.1
0.800000020001
0.800000020001
0.800000020001
0.800000020001
1.00000003
1.39999998
2.79999998
4.0
4.4000001
4.7000001
4.8999999
5.6999998
4.6
4.1
4.0
3.6
2.4
2.9
3.2
2.19999998
1.69999999
1.10000002
1.20000004
1.30000001
1.20000004
1.20000004
1.19999999
1.0
1.19999999
1.5
2.49999998
3.7
3.9
4.3000001
5.1000001
7.6999998
6.6999998
5.4
4.4
3.5999999
1.79999996
1.80000001
1.79999996
1.79999996
1.1
0.90000001
0.90000001
0.90000001
0.90000001
0.800000020001
0.800000020001
0.800000020001
1.00000003
1.5
1.89999998
3.7999999
5.6000001
5.6
5.3
5.7999999
4.7000001
3.0
3.5
3.1
2.5
1.89999999
1.20000004
1.20000004
1.00000003
1.29999999
0.800000020001
0.800000020001
0.800000020001
0.800000020001
0.800000020001
0.60000002
0.80000001
1.20000004
1.79999996
1.99999998
4.6000001
5.3000002
6.3999999
6.4
7.7000001
6.0999999
3.8999999
3.4
2.5
2.3
2.2
2.4
2.09999998
1.5
1.79999996
1.79999996
1.69999999
1.59999997
1.39999998
1.5
1.5
2.0
2.5
2.7
5.7000001
7.8
7.2000003
6.0999999
5.9000001
6.2
3.2
2.4
2.5
2.3
1.79999996
1.79999996
1.5
0.90000003
1.30000001
1.20000004
1.20000004
1.20000004
1.20000004
1.20000004
1.5
1.69999999
1.99999998
1.90000002
1.30000001
1.80000001
2.29999998
3.0
3.0
2.8
1.79999996
1.90000001
1.60000002
1.60000002
1.60000002
1.40000003
0.90000003
0.700000020001
0.700000020001
0.800000020001
0.800000020001
0.800000020001
0.800000020001
0.800000020001
0.90000001
1.20000004
1.20000004
0.80000001
1.00000003
1.30000001
1.30000001
1.20000004
0.90000003
0.700000020001
0.800000020001
1.30000001
1.20000004
1.20000004
1.30000001
1.20000004
0.90000003
1.20000002
0.800000020001
0.700000020001
0.700000020001
0.60000002
0.800000020001
0.800000020001
0.90000001
1.39999998
2.7
3.9999999
5.4000001
7.4000001
6.6999998
6.5
6.8
7.7999997
6.3
3.6
2.2
2.1
2.0
2.0
1.79999999
1.30000001
1.39999998
1.5
1.5
1.5
1.39999998
1.5
1.59999997
1.89999998
2.1
2.1
3.9
5.9000001
5.0999999
6.7999999
7.0
6.5
4.8999999
2.8
2.8
2.2
1.69999999
1.79999996
1.5
1.20000004
1.20000004
1.20000004
1.20000004
1.20000004
1.20000004
1.20000004
1.30000001
1.60000002
3.2
2.2
3.3
4.8000002
5.0
6.0
5.0
3.8
3.8
3.1
2.4
2.2
1.69999999
1.79999996
1.5
1.30000001
1.20000004
1.20000004
1.20000004
1.20000004
1.20000004
1.20000004
1.40000003
1.60000002
2.1
2.7
4.1
3.9
5.2000001
5.2
3.9999999
7.9000001
6.1
4.7
2.8
1.79999996
1.79999996
1.79999996
1.5
1.40000003
1.20000004
1.20000004
1.30000001
1.20000004
1.20000004
1.30000001
1.40000003
1.89999998
2.8
2.7
5.0
4.7000001
4.7000001
5.0
5.5999999
5.0
4.6
3.3
3.2
2.1
2.0
2.1
1.69999999
1.30000001
1.5
1.39999998
1.5
1.60000002
1.5
1.60000002
1.69999999
2.0
2.4
2.8
2.7
2.8
2.6
1.40000003
1.30000001
1.39999998
1.39999998
1.79999996
1.89999998
1.79999996
1.79999996
1.79999996
1.59999997
1.0
1.0
1.0
0.90000001
0.90000001
0.90000001
1.0
1.10000002
1.39999998
1.5
1.20000004
1.30000001
1.00000003
0.700000020001
1.00000003
2.00000001
2.00000001
1.60000002
1.69999999
1.60000002
1.60000002
1.60000002
1.60000002
1.40000003
1.5
1.0
1.10000002
1.20000004
1.10000002
1.20000004
1.20000004
1.30000001
1.60000002
3.0
3.5999999
3.6
4.1999999
4.0
3.9
3.1
2.6
2.6
3.5
2.9
2.1
2.5
2.5
2.2
1.60000002
1.79999999
1.20000004
1.20000004
1.30000001
1.20000004
1.20000004
1.5
1.60000002
2.9
3.8
3.8999999
5.2999999
6.3
6.9
7.2999999
5.9000001
4.7000001
3.7999999
3.0
1.79999996
1.79999996
1.69999999
1.5
1.20000004
1.0
1.0
1.0
1.0
0.90000001
0.90000001
1.10000002
1.39999998
2.49999998
3.2
4.4
4.2000001
5.3
6.4000001
6.4
5.2999999
4.5
3.5
3.3
2.8
2.4
1.90000001
1.5
1.30000001
1.20000004
1.20000004
1.20000004
1.20000004
1.20000004
1.20000004
1.0
1.20000004
2.30000001
3.7
4.8000002
5.0
5.0999999
5.3999999
7.1999998
5.2999999
6.4000001
3.9
3.3
1.69999999
1.79999996
1.79999996
1.5
1.30000001
1.20000004
1.20000004
1.20000004
1.20000004
1.20000004
1.20000004
1.39999998
1.60000002
2.00000001
1.79999999
3.0
3.7
4.2
4.6
3.7
2.7
2.39999998
2.0
1.79999996
1.79999996
1.89999998
1.89999998
1.59999997
1.30000001
1.39999998
1.39999998
1.39999998
1.39999998
1.39999998
1.39999998
1.5
1.79999996
1.89999998
1.5
1.39999998
1.20000004
1.10000002
1.5
2.4
1.79999999
1.20000004
1.90000001
2.5
2.4
2.4
2.5
2.2
0.900000009999
0.800000019997
0.800000019997
0.800000019997
0.900000009999
0.800000019997
0.800000019997
1.10000002
1.39999998
1.39999998
1.0
0.900000009999
0.900000009999
0.900000009999
0.800000019997
0.800000019997
0.800000019997
0.900000009999
1.5
1.39999998
1.39999998
1.5
1.39999998
1.19999999
1.19999999
1.0
0.800000019997
0.900000009999
1.0
1.0
1.0
1.10000002
1.80000001
1.99999999
1.89999999
2.4
4.8
6.1000001
5.7
5.2
4.3
2.5
2.4
2.0
2.0
1.89999998
1.89999998
1.59999997
1.79999999
1.5
1.39999998
1.39999998
1.5
1.39999998
1.39999998
1.69999999
1.79999996
1.89999998
3.4
4.5999999
4.8999999
6.0
5.5
6.6000001
6.1999998
3.9
3.3
3.1
2.6
2.6
2.7
2.5
2.2
2.3
2.2
2.2
2.3
2.2
2.2
2.3
2.3
3.1
3.8
3.8
4.2
4.3
4.1999998
4.3
4.0999999
3.4
3.3
3.3
3.3
2.5
2.4
2.2
2.1
2.0
2.0
2.1
2.0
2.0
2.1
2.1
3.2
3.7999999
3.4
4.3999999
4.1
3.7999999
3.1
3.9
4.5
4.6
3.3
2.6
2.6
2.6
2.6
2.3
2.1
2.0
2.0
2.0
2.1
2.0
2.0
2.2
2.6
3.7
3.2
4.1
4.7
5.5
5.6999998
7.5
5.3999999
4.0
3.2
2.8
2.8
2.8
2.6
2.4
2.2
2.2
2.2
2.2
2.3
2.2
2.2
2.4
2.7
2.6
2.7
2.9
3.0
2.9
2.9
2.7
3.0
2.8
2.7
2.6
2.5
2.6
2.6
2.4
1.89999998
2.1
1.89999998
1.69999999
1.60000002
1.60000002
1.69999999
1.89999998
2.2
2.2
2.1
2.4
2.3
2.2
2.3
1.79999996
1.60000002
1.79999996
2.1
2.2
2.2
2.2
2.2
1.99999998
1.60000002
1.79999996
1.79999996
1.69999999
1.60000002
1.69999999
1.60000002
1.80000001
2.3
3.2
3.6
4.7999999
6.3000002
5.2999999
5.2
7.1000001
7.9999998
6.2
3.0
2.1
2.0
2.0
2.0
1.80000001
1.5
1.69999999
1.60000002
1.60000002
1.60000002
1.60000002
1.60000002
1.69999999
2.0
3.0
3.0
3.7
5.5
5.0
5.2
5.5
4.7
3.3
2.7
2.6
2.5
2.7
2.09999998
1.5
1.00000003
1.20000004
1.20000004
1.20000004
1.20000004
1.20000004
1.20000004
1.30000001
1.69999999
3.1
3.7999999
5.2999999
5.0
6.0
5.5999999
6.0
4.0999999
4.7999999
2.3
2.2
3.4
2.9
1.99999998
1.00000003
1.20000002
0.800000019997
0.800000019997
0.800000019997
0.800000019997
0.800000019997
0.800000019997
1.39999998
1.89999998
3.2999999
2.3
3.5
5.6
6.2999999
5.7000001
5.9000001
6.4
5.6000001
3.5
2.3
2.5
2.6
2.5
1.80000001
1.5
1.60000002
1.60000002
1.5
1.60000002
1.5
1.5
1.69999999
2.1
2.5
2.3
2.6
2.7
3.5
4.7000001
3.9999999
3.5
2.4
2.1
1.89999998
1.89999998
1.89999998
1.89999998
1.69999999
1.5
1.39999998
1.39999998
1.39999998
1.39999998
1.39999998
1.5
1.5
1.89999998
2.0
1.5
1.39999998
1.39999998
1.39999998
1.5
1.39999998
1.39999998
1.39999998
1.89999998
1.79999996
1.79999996
1.79999996
1.79999996
1.59999997
1.30000001
1.39999998
1.39999998
1.39999998
1.39999998
1.39999998
1.39999998
1.5
1.79999996
2.0
1.5
1.39999998
1.39999998
1.10000002
1.0
1.10000002
1.0
1.0
1.60000002
1.60000002
1.60000002
1.60000002
1.60000002
1.30000001
1.19999999
1.0
1.0
1.0
1.0
1.10000002
1.0
1.19999999
1.69999999
2.4
3.5
3.9999999
4.6999998
4.1
4.7999999
3.7999999
3.5999999
3.0
2.8
2.6
1.89999998
1.79999996
1.89999998
1.59999997
1.20000004
1.30000001
1.39999998
1.5
1.39999998
1.39999998
1.39999998
1.5
1.79999996
2.6
2.8
3.7
4.6000001
5.5
4.5
3.0
4.2
4.2
1.89999998
1.89999998
1.79999996
1.79999996
1.89999998
1.5
1.20000004
1.20000004
1.39999998
1.39999998
1.39999998
1.30000001
1.30000001
1.59999997
1.79999996
2.3
2.8
3.0
4.2000001
7.1000001
6.2
5.1999998
5.1999998
3.7
2.1
2.0
2.1
1.89999998
1.79999996
1.59999997
1.30000001
1.20000004
1.20000004
1.20000004
1.20000004
1.30000001
1.20000004
1.40000003
1.79999996
2.5
3.4
3.0
4.2999999
5.0
5.1000001
3.6999999
3.5
5.5
3.9
4.8999999
2.9
2.7
2.0
1.69999999
1.39999998
1.60000002
1.60000002
1.5
1.60000002
1.60000002
1.60000002
1.69999999
2.0
2.6
2.3
2.3
3.4
2.8
2.9
3.0
4.0999999
3.2
2.7
2.5
2.0
2.0
2.0
1.69999999
1.40000003
1.5
1.60000002
1.5
1.5
1.60000002
1.5
1.69999999
2.0
2.0
1.5
1.5
1.5
1.5
1.60000002
1.60000002
1.5
1.60000002
1.79999996
1.69999999
1.79999996
1.69999999
1.79999996
1.59999997
1.1
1.20000004
1.10000002
1.0
1.0
0.900000009999
0.900000009999
1.00000003
1.39999998
1.5
1.10000002
1.0
1.0
0.900000009999
1.0
0.900000009999
0.800000019997
0.900000009999
1.39999998
1.39999998
1.39999998
1.5
1.39999998
1.1
1.39999998
0.800000019997
0.900000009999
1.0
1.0
1.0
0.900000009999
1.10000002
1.39999998
2.5
3.2
3.6
4.7
4.2999999
4.0999999
4.5
6.7
4.8000001
3.2
2.7
2.2
2.2
2.2
1.99999998
1.60000002
1.69999999
1.79999996
1.69999999
1.69999999
1.69999999
1.69999999
1.80000001
2.1
2.1
2.6
4.3999999
5.3999999
4.6000001
4.2
4.6000001
4.7000001
4.3
2.2
2.0
2.2
2.1
2.0
1.80000001
1.60000002
1.60000002
1.60000002
1.60000002
1.5
1.60000002
1.60000002
1.69999999
2.1
2.5
2.4
2.9
6.5999999
5.2000001
6.0999999
4.8999999
5.2
3.4999999
2.4
2.2
2.2
2.1
2.1
1.90000001
1.5
1.5
1.60000002
1.39999998
1.60000002
1.59999997
1.5
1.80000001
2.1
3.0
2.29999998
2.4
2.4
3.0
3.2
3.4
5.0
5.1000001
3.1
2.5
2.7
2.1
2.0
1.80000001
1.59999997
1.39999998
1.60000002
1.60000002
1.5
1.60000002
1.5
1.69999999
2.0
2.4
2.5
3.2
4.8999999
6.2000001
6.1000001
4.2999999
4.0
3.7
3.4
3.0
3.1
3.0
2.9
2.6
1.30000001
1.69999999
1.79999996
1.79999996
1.69999999
1.79999996
1.79999996
1.89999998
2.2
2.3
1.80000001
1.60000002
1.39999998
1.39999998
1.39999998
1.39999998
1.39999998
1.39999998
1.79999996
1.89999998
1.79999996
1.69999999
1.39999998
1.30000001
0.900000009999
1.0
1.0
1.0
1.0
1.0
1.0
1.19999999
1.60000002
1.60000002
1.40000003
1.69999999
2.1
2.0
2.0
2.4
1.30000001
1.30000001
1.79999996
1.90000001
1.79999996
1.20000004
1.39999998
1.19999999
1.20000002
0.800000019997
0.900000009999
0.800000019997
0.800000019997
0.800000019997
0.800000019997
1.00000003
1.39999998
2.49999998
2.9
2.6
3.5
3.3
3.4
4.5999999
4.8999999
3.6
2.4
2.8
1.79999996
2.0
2.0
1.69999999
1.59999997
1.39999998
1.39999998
1.5
1.39999998
1.39999998
1.39999998
1.59999997
2.0
2.9
3.1
2.8
3.9999999
3.5
4.1999998
3.2
4.9000001
4.7
2.7
2.7
2.3
2.3
2.2
1.99999998
1.69999999
1.79999996
1.5
1.30000001
1.20000004
1.30000001
1.30000001
1.40000003
1.79999996
2.5
2.29999998
4.4
4.1
4.8
6.5
6.7000001
7.2000001
3.8
2.40000001
1.69999999
2.3
2.2
2.2
1.99999998
1.5
1.5
1.5
1.39999998
1.10000002
1.0
1.0
1.19999999
1.60000002
2.59999998
1.69999999
3.3999999
5.5
6.7999999
5.8000002
3.6
2.7
2.5
2.5
1.79999996
1.89999998
1.79999996
1.79999996
1.69999999
1.30000001
1.30000001
1.30000001
1.30000001
1.39999998
1.39999998
1.39999998
1.59999997
1.79999996
2.0
2.39999998
2.7
2.8
3.2
3.9
4.6999998
4.5
4.4000001
3.1
2.09999998
1.79999996
1.69999999
1.79999996
1.40000003
1.00000003
1.20000004
1.20000004
1.20000004
1.30000001
1.20000004
1.20000004
1.40000003
1.79999996
1.60000002
1.39999998
1.20000004
1.5
1.20000004
1.40000003
1.69999999
1.69999999
1.69999999
1.69999999
1.30000001
1.39999998
1.39999998
1.20000004
1.1
1.00000003
0.800000019997
0.900000009999
0.800000019997
0.800000019997
0.800000019997
0.900000009999
1.00000003
1.39999998
1.00000003
0.600000009999
0.800000019997
0.800000019997
0.800000019997
1.20000004
1.20000004
1.39999998
2.0
2.4
2.09999998
1.69999999
1.60000002
1.79999996
1.5
1.40000003
1.20000004
1.20000004
1.20000004
1.20000004
1.20000004
1.10000002
1.30000001
1.60000002
2.6
3.0
3.7
4.6000001
4.5
5.1
4.9000001
3.0
2.7
2.4
2.2
2.2
1.89999998
1.79999996
1.59999997
1.30000001
1.20000004
1.10000002
1.20000004
1.20000004
1.20000004
1.20000004
1.39999998
1.60000002
2.2
1.69999999
3.5
7.8
7.5
7.3
6.9000001
5.5999999
5.5
2.5
2.2
2.1
2.1
2.1
1.40000003
1.40000003
1.20000004
1.20000004
1.20000004
1.20000004
1.20000004
1.30000001
1.30000001
1.69999999
2.5
3.1
5.9000001
6.7000001
7.0
5.9000001
3.8
4.8
5.3999999
4.0
3.9
2.0
2.1
2.0
1.90000001
1.60000002
1.60000002
1.60000002
1.60000002
1.60000002
1.60000002
1.69999999
1.69999999
2.0
2.4
2.2
2.7
2.5
4.2000001
5.5
6.6000001
7.6000001
3.2999999
2.3
2.0
2.0
2.1
2.1
1.80000001
1.69999999
1.60000002
1.60000002
1.69999999
1.60000002
1.60000002
1.60000002
1.59999997
2.0
2.7
2.0
2.9
3.4
2.4
2.4
2.8
3.8
1.59999997
2.1
2.0
2.2
2.1
2.0
1.80000001
1.60000002
1.5
1.60000002
1.60000002
1.69999999
1.60000002
1.60000002
1.80000001
2.1
2.3
2.9
1.79999996
1.79999996
1.60000002
1.60000002
1.60000002
1.69999999
1.60000002
2.1
2.1
2.0
2.0
2.1
1.90000001
1.40000003
1.60000002
1.60000002
1.60000002
1.69999999
1.60000002
1.60000002
1.69999999
1.79999996
1.79999996
1.39999998
1.20000004
1.20000004
1.20000004
1.20000004
1.20000004
1.30000001
1.20000004
1.79999996
1.79999996
1.69999999
1.69999999
1.69999999
1.5
1.00000003
1.30000001
1.20000004
1.20000004
1.20000004
1.20000004
1.20000004
1.40000003
1.69999999
1.69999999
1.30000001
1.20000004
1.20000004
1.20000004
1.20000004
0.900000009999
0.900000009999
0.800000019997
1.20000004
1.30000001
1.30000001
1.39999998
1.39999998
1.1
1.1
0.900000009999
0.800000019997
0.900000009999
0.900000009999
0.800000019997
0.800000019997
1.00000003
1.30000001
1.5
1.90000001
4.0000001
7.0999999
6.4000001
6.3
5.5
5.0
5.0999999
2.89999998
1.79999996
1.89999998
2.0
1.89999998
1.80000001
1.30000001
1.39999998
1.39999998
1.39999998
1.39999998
1.5
1.39999998
1.59999997
2.0
2.7
3.2
4.3999999
5.5999999
7.0999999
6.1000001
5.8999999
4.3000001
2.6
2.2
2.0
2.1
1.60000002
1.69999999
1.59999997
1.30000001
1.20000004
1.30000001
1.20000004
1.20000004
1.20000004
1.20000004
1.40000003
1.69999999
1.89999998
3.8
4.5
5.4000001
5.2999999
6.3999999
7.4
5.8
3.5
2.9
2.0
2.0
2.0
2.0
1.80000001
1.39999998
1.39999998
1.30000001
1.20000004
1.10000002
1.20000004
1.10000002
1.19999999
1.60000002
2.20000001
3.1
2.8
3.2
3.2
2.7
4.6000001
4.7
3.9000001
2.8
2.6
2.5
2.0
2.0
1.90000001
1.40000003
1.60000002
1.69999999
1.60000002
1.60000002
1.60000002
1.60000002
1.69999999
2.1
2.1
2.2
2.6
2.4
2.3
2.5
4.0999999
3.8
3.9999999
4.0
2.3
1.89999998
1.79999996
1.79999996
1.5
1.10000002
1.30000001
1.39999998
1.30000001
1.39999998
1.39999998
1.39999998
1.40000003
1.79999996
1.79999996
1.40000003
1.60000002
1.69999999
1.80000001
1.99999998
1.5
1.30000001
1.0
1.39999998
1.5
1.39999998
1.39999998
1.39999998
1.19999999
1.30000001
1.0
1.0
1.0
0.900000009999
1.0
1.0
1.10000002
1.39999998
1.69999999
2.30000001
3.4
6.6
6.3
7.0999999
6.4000001
5.4000001
3.0
2.3
2.0
2.0
2.0
2.1
1.90000001
1.30000001
1.60000002
1.60000002
1.5
1.60000002
1.60000002
1.60000002
1.69999999
2.0
2.4
2.49999998
3.9000001
6.8999999
7.0
7.1999998
8.5
5.8999999
3.7
2.5
1.99999998
1.79999996
1.69999999
1.69999999
1.5
1.0
0.900000009999
0.900000009999
0.800000019997
0.900000009999
0.800000019997
0.800000019997
1.10000002
1.39999998
1.39999998
2.09999999
4.2999999
6.5
6.9000001
7.4000001
7.5999999
5.7000001
5.4000001
5.0
3.2
2.6
1.80000001
1.60000002
1.40000003
0.900000009999
1.0
1.10000002
1.0
1.10000002
1.10000002
1.0
1.19999999
1.60000002
1.90000001
2.7
4.8999999
5.6999998
6.7000001
3.7999999
4.1
3.9000001
3.9
2.4
1.39999998
1.5
1.39999998
1.5
1.19999999
2.00000001
0.900000009999
1.0
1.0
1.0
1.0
1.0
1.19999999
1.39999998
1.39999998
1.5
4.5
4.9000001
5.7999999
5.2999999
6.3999999
5.9000001
3.6
4.2
3.8
3.8
3.8
3.9
3.5
3.2
3.4
3.3
3.2
3.3
3.3
3.4
3.5
3.8
3.8
3.4
3.2
3.4
3.4
3.4
3.6
3.9
4.0
3.9999999
3.7
3.4
3.4
3.4
3.2
2.19999999
3.0
3.0
3.0
2.9
2.9
3.0
3.2
3.5
3.4
3.1
3.6
3.6
2.3
2.0
1.89999998
2.2
1.89999998
2.3
1.69999999
1.60000002
1.69999999
1.69999999
1.5
1.20000004
1.20000004
1.20000004
1.30000001
1.20000004
1.20000004
1.30000001
1.40000003
1.79999996
1.99999998
3.4
2.1
2.1
2.4
2.29999998
1.60000002
1.80000001
2.9
2.9
1.89999998
1.79999996
1.89999998
2.0
1.69999999
1.00000003
0.800000019997
0.800000019997
0.800000019997
0.800000019997
0.800000019997
0.800000019997
1.00000003
1.30000001
1.59999997
3.2
3.6
3.6
3.8
3.8
3.7
2.2
2.2
2.00000001
1.69999999
1.79999996
1.69999999
1.79999996
1.5
1.1
1.10000002
0.60000002
0.700000019999
0.60000002
0.800000019997
0.700000019999
0.900000009999
1.20000004
2.19999999
2.6
2.6
3.0
3.7
3.9
3.5
3.4
3.1
3.2
1.79999996
1.69999999
1.39999998
1.30000001
1.1
1.00000003
0.800000019997
0.900000009999
0.900000009999
0.800000019997
0.900000009999
0.800000019997
1.00000003
1.39999998
2.49999998
3.9
3.9
5.3
6.8999999
7.2999999
6.3999999
3.2
2.8
2.09999998
1.90000001
2.4
2.5
2.19999998
1.99999999
1.1
1.30000001
1.30000001
1.20000004
1.20000004
1.39999998
1.39999998
1.40000003
2.09999998
2.0
1.89999998
6.1999998
7.3
4.1
4.2
6.5
4.3000001
2.9
2.39999998
1.60000002
1.60000002
1.79999996
1.79999996
1.19999999
0.900000009999
0.900000009999
0.800000019997
0.800000019997
0.800000019997
0.900000009999
0.900000009999
1.00000003
1.39999998
1.30000001
0.900000009999
0.900000009999
1.39999998
2.0
2.8
1.89999999
1.39999998
0.700000019999
1.30000001
1.20000004
1.20000004
1.20000004
1.20000004
1.00000003
0.800000019997
0.800000019997
0.700000019999
0.700000019999
0.60000002
0.700000019999
0.800000019997
0.900000009999
1.20000004
1.20000004
1.19999999
1.60000002
1.5
1.59999997
1.59999997
1.39999998
1.40000003
1.30000001
1.80000001
1.20000004
1.20000004
1.20000004
1.30000001
1.00000003
1.40000001
0.700000019999
0.60000002
0.700000019999
0.800000019997
0.800000019997
0.800000019997
0.900000009999
1.20000004
2.19999998
2.9
4.5999999
5.5
6.7000001
7.7000001
5.5999999
5.6000001
4.6000001
2.1
2.2
2.5
2.4
2.5
2.2
1.60000002
1.40000003
1.20000004
1.20000004
1.20000004
1.20000004
1.10000002
1.30000001
1.60000002
2.1
2.7
5.7999999
5.5999999
6.5
7.4000001
6.1000001
4.8999999
4.8999999
2.29999998
1.79999996
1.79999996
1.79999996
1.79999996
1.5
1.30000001
1.20000004
1.20000004
1.30000001
1.20000004
1.20000004
1.30000001
1.40000003
1.60000002
2.1
2.7
6.9
6.0
5.5
6.6
8.5
7.2000001
5.3
2.5
2.6
2.6
2.2
1.89999998
1.59999997
1.30000001
1.39999998
1.39999998
1.39999998
1.39999998
1.39999998
1.10000002
1.10000002
1.5
1.89999998
2.4
5.1000001
7.1
6.7999999
6.5
6.4000001
5.2999999
5.2000001
3.2
2.09999998
1.79999996
1.79999996
1.89999998
1.5
1.30000001
1.39999998
1.39999998
1.39999998
1.39999998
1.39999998
1.39999998
1.40000003
1.79999996
2.4
2.7
3.0
4.4
4.4
3.4
3.7
3.6
2.19999998
2.2
1.79999996
1.79999996
1.79999996
1.79999996
1.59999997
1.30000001
1.39999998
1.39999998
1.30000001
1.30000001
1.39999998
1.39999998
1.59999997
1.89999998
1.79999996
1.40000003
2.2
2.0
2.4
2.1
2.2
2.1
2.0
1.99999998
1.89999998
1.79999996
1.79999996
1.89999998
1.5
1.20000004
1.20000004
1.20000004
1.39999998
1.30000001
1.20000004
1.30000001
1.40000003
1.79999996
1.79999996
1.40000003
2.1
2.1
1.79999996
1.89999998
1.79999996
1.99999998
2.2
2.09999998
1.79999996
1.69999999
1.79999996
1.79999996
1.59999997
1.19999999
0.800000019997
0.900000009999
1.0
1.0
1.0
1.0
1.00000003
1.5
1.99999999
3.8
6.4000001
5.8999999
7.6000001
7.0999999
5.0999999
6.0
5.8999999
3.7
3.3
2.6
2.6
2.7
1.79999999
1.30000001
1.39999998
1.39999998
1.39999998
1.39999998
1.39999998
1.39999998
1.59999997
1.79999996
2.09999998
4.1
5.4000001
7.6
7.0
7.0
7.2
6.3000002
4.7000001
2.5
2.2
1.69999999
1.89999998
1.79999996
1.5
1.20000004
1.20000004
1.30000001
1.20000004
1.20000004
1.39999998
1.10000002
1.00000003
1.39999998
2.20000001
3.2
7.0
8.2000003
8.0999999
7.0
5.4
6.3
4.2999999
2.8
2.3
2.1
1.79999996
1.79999996
1.5
1.80000002
1.20000004
1.20000004
1.20000004
1.30000001
1.20000004
1.20000004
1.30000001
1.69999999
2.5
2.5
5.4
6.6999998
5.9000001
5.6
6.2999999
5.6
4.5999999
2.9
2.8
2.6
2.8
2.8
2.6
2.2
2.4
2.4
2.4
2.4
2.3
2.1
2.1
2.4
2.9
2.8
4.1
4.6999998
7.0999999
6.5999999
6.3000002
7.5
3.5999999
3.0
3.0
2.4
2.5
2.6
2.2
2.0
2.0
2.0
2.1
2.0
2.0
2.1
2.1
2.5
2.4
2.1
3.1
3.2
3.3
2.3
2.0
2.0
2.4
2.5
2.4
2.4
2.4
2.5
2.3
1.69999999
2.0
1.79999996
1.89999998
2.0
2.0
2.0
2.5
2.9
3.6
2.5
2.4
2.8
1.79999996
1.79999996
1.89999998
2.0
1.89999998
2.0
2.0
2.0
2.3
2.0
1.80000001
1.79999999
1.5
1.5
1.60000002
1.60000002
1.5
1.39999998
1.59999997
2.0
3.3
4.7000001
7.7000001
7.7
8.3000002
7.7000001
7.7
7.3999999
6.3999999
2.9
2.7
2.7
2.8
2.9
2.5
1.70000002
2.2
2.2
2.4
2.4
2.3
2.4
2.3
2.6
2.7
3.0
4.2999999
4.2
6.8000002
7.0
7.1
8.4000001
5.6000001
3.6999999
2.2
1.39999998
1.39999998
1.60000002
1.40000003
1.40000003
1.39999998
1.00000003
0.900000009999
0.800000019997
0.800000019997
0.800000019997
1.00000003
1.30000001
2.30000001
2.29999998
4.6000001
6.2000001
5.8
7.0
6.9000001
6.1999998
5.7000001
4.5
2.9
2.6
1.69999999
1.69999999
1.40000003
1.20000004
1.20000004
1.20000004
1.30000001
1.20000004
1.20000004
1.20000004
1.30000001
1.60000002
2.3
3.0999999
9.0999999
11.5
9.9000001
9.5
7.4
6.8000002
6.3999999
2.7
1.60000002
1.60000002
1.69999999
1.60000002
1.40000003
1.5
1.20000004
1.20000004
1.20000004
1.20000004
1.20000004
1.20000004
1.10000002
1.39999998
2.0
2.09999999
5.5999999
9.0000002
11.0999999
10.3000002
9.5
7.5
2.6
2.9
2.0
2.0
2.3
2.2
1.90000001
1.69999999
1.39999998
1.30000001
1.20000004
1.20000004
1.20000004
1.20000004
1.30000001
1.60000002
1.69999999
1.30000001
1.40000003
2.2
3.0
2.5
1.60000002
1.20000004
1.20000004
1.69999999
1.69999999
1.60000002
1.89999998
2.0
2.1
1.29999999
1.60000002
1.69999999
1.5
1.0
1.10000002
1.20000004
1.30000001
1.30000001
1.20000004
0.80000001
0.900000009999
1.20000004
1.99999998
1.89999998
1.50000001
0.700000019999
0.700000019999
1.20000004
1.20000004
1.20000004
1.20000004
1.20000004
1.00000003
1.20000002
0.700000019999
0.700000019999
0.60000002
0.800000019997
0.800000019997
0.800000019997
0.80000001
1.70000002
3.2
3.6999999
6.0
7.8999999
9.5
9.2000003
9.3000002
9.5999999
11.1999998
5.1
2.0
2.0
2.0
2.1
1.90000001
2.10000001
1.60000002
1.60000002
1.60000002
1.69999999
1.60000002
1.60000002
1.80000001
2.0
2.8
3.1
7.1000001
12.9000001
12.6999998
9.4000001
8.5999999
8.5999999
8.6000004
5.0
3.0
3.0
2.9
3.0
2.8
1.70000001
2.5
2.5
2.5
2.4
2.4
2.5
2.6
2.9
3.2
3.4
6.3000002
8.0999999
9.0
8.2000003
9.3000002
9.4000001
10.5
5.4
2.39999999
1.39999998
1.39999998
1.30000001
1.00000003
1.00000003
0.800000019997
0.800000019997
0.900000009999
0.800000019997
0.800000019997
0.900000009999
2.10000001
4.1999998
2.4
2.9
8.3000002
11.4000001
12.2000003
10.5
11.8000002
10.0
4.8999999
4.0999999
1.69999999
1.69999999
1.69999999
1.79999996
1.40000003
1.20000004
1.20000004
1.20000004
1.20000004
1.20000004
1.20000004
1.20000004
1.40000003
1.60000002
2.2
2.2
6.9000001
8.0
9.2999997
8.2999997
10.0999999
6.2
3.5
3.3
2.09999998
1.89999998
1.79999996
1.79999996
1.5
1.10000002
1.30000001
1.39999998
1.39999998
1.30000001
1.20000004
1.30000001
1.5
1.79999996
1.79999996
1.70000002
1.20000004
1.30000001
1.39999998
2.4
2.3
1.30000001
1.20000004
1.79999996
1.79999996
1.59999997
1.39999998
1.39999998
1.19999999
0.900000009999
1.0
1.0
1.0
1.0
1.0
1.0
1.19999999
1.39999998
1.39999998
1.10000002
0.900000009999
1.30000001
1.1
0.900000009999
0.900000009999
0.800000019997
0.800000019997
1.30000001
1.39999998
1.30000001
1.30000001
1.20000004
1.19999999
1.1
0.800000019997
0.800000019997
0.800000019997
0.800000019997
0.800000019997
0.800000019997
1.00000003
1.39999998
2.1
2.19999998
5.4000001
8.5
9.0
9.6000004
9.2999997
7.5
8.2999997
4.8
2.9
2.0
2.0
2.0
1.80000001
1.5
1.5
1.5
1.5
1.5
1.5
1.5
1.69999999
2.00000001
2.2
3.4
5.8999999
6.8000002
8.5
9.2000003
10.0
9.0999999
9.4000001
5.3000002
3.6000001
1.79999996
1.89999998
1.79999996
1.59999997
1.00000003
1.0
1.0
1.0
1.0
1.0
1.0
1.10000002
1.39999998
1.89999998
1.60000002
5.8000002
7.6
6.8999999
9.1999998
10.9000001
7.4999998
5.6000001
2.39999998
1.99999998
3.4
2.4
1.69999999
1.00000003
1.40000001
0.900000009999
0.800000019997
0.800000019997
0.800000019997
0.800000019997
0.800000019997
0.900000009999
1.20000004
2.8
2.8
6.3999999
7.2999999
8.1999998
8.2000003
7.3999999
8.5999999
8.8000002
6.0
3.1
3.3
2.8
2.6
2.3
1.59999997
1.59999997
1.20000004
1.20000004
1.20000004
1.20000004
1.20000004
1.40000003
1.79999996
2.6
2.5
6.7000001
7.9000001
9.1999998
9.3999996
7.8999999
5.9000001
4.5999999
3.3
4.7
4.8
2.9
2.0
1.69999999
1.1
1.39999998
0.900000009999
0.800000019997
0.800000019997
0.800000019997
0.800000019997
1.00000003
1.39999998
1.89999999
1.29999999
1.59999997
1.5
1.80000001
1.69999999
1.5
1.69999999
1.59999997
1.40000003
1.39999998
1.30000001
1.20000004
1.30000001
1.00000003
0.800000019997
0.900000009999
0.900000009999
0.800000019997
0.800000019997
0.800000019997
0.800000019997
0.900000009999
1.20000004
1.20000004
1.00000003
0.800000019997
1.90000001
1.5
1.79999996
1.5
1.39999998
1.69999999
1.89999998
1.40000003
1.39999998
1.20000004
1.20000004
1.10000002
0.800000019997
1.1
0.800000019997
0.800000019997
0.900000009999
0.800000019997
0.800000019997
1.00000003
1.30000001
1.5
2.10000001
5.5
6.4325
13.2000003
12.5
12.0
9.5999999
8.4000001
8.5
2.5
2.0
2.0
1.80000001
1.5
1.20000004
1.90000002
1.39999998
1.30000001
1.20000004
1.20000004
1.30000001
1.5
1.79999996
1.79999996
1.89999998
3.80000008
8.7999997
11.3000002
12.1999998
11.1999998
10.1999998
7.1000001
7.0
2.5
3.3
4.1
2.8
2.5
1.59999997
2.7
1.40000001
0.900000009999
0.800000019997
0.800000019997
0.900000009999
1.00000003
1.39999998
1.39999998
2.8
3.5
7.9000001
9.0999999
9.0999999
10.5
11.3000002
9.8000002
9.2999997
4.6
3.3
3.4
3.0
2.8
2.7
2.0
3.0
1.99999998
1.79999996
1.69999999
1.39999998
1.59999997
2.2
2.5
2.6
2.2
7.1999998
8.2999997
7.3
10.3999996
10.3999996
9.0
10.1999998
5.0
2.4
1.39999998
1.39999998
1.30000001
1.0
1.10000002
1.0
1.0
1.0
1.0
1.0
1.19999999
1.39999998
1.5
2.19999998
2.1
6.3999999
8.6000004
8.1999998
10.8999996
11.6000004
9.8000002
5.8999999
1.79999996
1.60000002
3.0
2.9
2.8
2.5
1.00000003
1.0
1.10000002
1.0
1.10000002
2.7
2.7
3.0
3.0
1.90000002
1.10000002
0.800000019997
0.900000009999
0.800000019997
0.800000019997
0.900000009999
0.800000019997
1.20000004
1.30000001
1.30000001
1.39999998
1.39999998
1.1
0.900000009999
1.00000003
1.0
1.10000002
1.0
1.0
1.5
1.59999997
1.79999996
2.9
2.3
1.30000001
1.20000004
1.99999999
2.6
2.4
4.1
2.80000002
2.0
1.99999998
1.39999998
1.39999998
1.5
2.00000001
1.30000001
1.19999999
1.0
1.20000004
1.10000002
1.69999999
1.39999998
1.5
1.5
1.5
1.5
2.09999999
7.5
10.5999999
10.9000001
10.9000001
9.2000001
7.5
8.0
3.2
3.8999999
2.8
3.4
3.3
2.6
1.59999997
1.39999998
1.39999998
2.09999998
1.69999999
1.89999998
1.60000002
1.79999996
1.79999996
1.80000001
5.5999999
9.0999999
9.6000004
9.7000003
9.2000003
10.1999998
9.6000004
10.5
6.8000002
5.5
2.5
3.3
2.40000001
1.60000002
1.39999998
1.69999999
1.79999996
1.79999996
1.60000002
1.60000002
1.80000001
2.2
2.2
2.2
2.9
8.2000001
8.3000002
9.4999998
10.5
10.8000002
9.2999997
9.5
4.7
2.49999998
1.5
1.5
1.30000001
1.10000002
1.5
1.0
1.0
1.10000002
1.10000002
1.60000002
1.79999999
2.0
2.0
1.80000001
4.1
8.7999997
10.1999998
9.2999997
6.0999999
7.6999998
7.0
11.3000002
7.0
4.1
3.3
2.2
1.99999998
1.79999996
0.902758600758
0.00551724151592
0.00551724151956
0.00551724151592
0.00551724151592
0.00551724151956
0.00551724151592
0.00551724151956
0.00551724151592
0.00551724151592
0.00551724151956
0.00551724151592
0.00551724151592
0.00551724151956
0.00551724151592
0.00551724151592
0.00551724151956
0.00551724151592
0.00551724151592
0.00551724151956
0.00551724151592
0.00551724151956
0.00551724151592
0.00551724151592
1.21
1.175
1.165
1.115
1.085
1.2075
1.3025
1.515
1.7075
1.675
1.815
1.915
2.2225
2.5375
2.4375
2.275
2.015
1.97
1.8675
1.6875
1.5875
1.5775
1.4975
1.3275
1.1
1.0925
1.1175
1.1125
1.08
1.115
1.175
1.3925
1.6475
1.56
1.285
1.39
1.4875
1.62
1.6375
1.795
1.64
1.4875
1.5425
1.45
1.3725
1.3975
1.4025
1.205
0.602758640758
0.402758630757
0.800000019997
0.800000019997
0.800000019997
0.60000002
0.900000009999
1.20000004
1.20000004
1.5
6.0
10.8000002
10.5
11.7000003
12.3000002
11.7999997
10.9000001
11.6999998
4.8
2.1
2.0
3.6
3.4
2.39999999
1.30000001
1.20000004
1.20000004
1.20000004
1.20000004
1.30000001
1.30000001
1.69999999
1.69999999
3.49999988
5.7
9.1999998
10.5
10.6999998
10.4000001
9.4000001
8.4000001
6.8000002
2.7
2.5
2.39999998
1.89999998
1.69999999
1.5
1.39999998
1.39999998
1.39999998
1.39999998
1.39999998
1.5
1.5
1.79999996
2.0
2.5
3.7
6.5
6.1999998
8.1000001
11.2000003
13.5
10.1999998
9.2000003
3.6
3.0
2.5
1.59999997
1.59999997
1.39999998
1.39999998
1.5
1.39999998
1.39999998
0.900000009999
0.800000019997
1.1
1.39999998
1.39999998
2.09999999
1.99999998
6.2999999
6.7
9.6999998
10.7000003
11.4000001
10.0
8.3999998
2.4
1.89999998
1.79999996
1.79999996
1.5
1.20000004
0.90000003
1.39999998
1.39999998
1.39999998
1.20000004
1.30000001
1.40000003
1.79999996
1.89999998
2.3
7.0999999
7.2999997
6.3999999
8.8999999
9.0225
13.6999998
11.6000004
9.2
4.5
1.59999997
1.30000001
1.20000004
1.00000003
0.700000019999
0.900000009999
0.60000002
0.800000019997
0.800000019997
0.800000019997
0.60000002
0.80000001
1.30000001
1.20000004
0.900000009999
1.20000002
1.5
1.30000001
1.5
1.30000001
1.59999997
1.30000001
2.0
2.3
1.39999998
1.39999998
1.39999998
1.19999999
1.0
0.700000019999
0.800000019997
0.900000009999
1.0
1.0
0.900000009999
1.00000003
1.39999998
1.5
1.10000002
1.20000002
1.39999998
1.5
2.4
3.2
3.5
2.5
1.39999998
1.39999998
1.20000004
1.20000004
1.20000004
1.00000003
0.800000019997
1.20000002
0.700000019999
0.800000019997
0.800000019997
0.700000019999
0.800000019997
0.80000001
1.20000004
1.30000001
1.5
6.6000002
12.8999996
12.5
10.6425
12.0
9.3000002
9.0999999
10.0
6.7000003
3.1
3.2
2.6
1.80000001
1.60000002
1.40000003
1.60000002
1.60000002
1.5
1.60000002
1.5
1.69999999
2.0
2.0
2.20000001
4.1
8.4000001
11.9000001
13.0
13.0
12.6999998
11.0
12.2000003
7.5999999
3.2
2.7
2.3
1.99999998
1.60000002
1.20000004
1.20000004
1.10000002
1.20000004
1.30000001
1.20000004
1.30000001
1.60000002
1.60000002
1.69999999
6.9000001
11.8000002
11.4000001
10.0
11.9000001
11.0
10.7000003
11.5
7.0
3.6
2.7
1.89999998
1.40000003
1.30000001
1.10000002
1.20000004
1.30000001
1.20000004
1.20000004
1.20000004
1.40000003
1.69999999
1.69999999
1.89999999
5.3999999
10.9000001
12.5999999
8.0
9.7000003
10.1999998
7.2999999
6.5999999
4.4
1.99999998
1.79999996
1.59999997
1.19999999
1.0
1.1
0.800000019997
0.800000019997
1.0
1.0
1.0
1.0
1.39999998
1.39999998
2.4
4.8000001
7.7999997
12.9000001
12.1999998
11.0
13.0
12.5999999
7.7999999
3.4
1.89999998
1.69999999
1.60000002
1.40000003
1.20000004
1.10000002
1.20000004
1.20000004
1.20000004
1.20000004
1.30000001
1.40000003
1.79999996
1.79999996
1.89999999
5.2999999
5.8999999
5.4
5.5
3.5
2.19999998
1.10000002
1.60000002
1.60000002
1.60000002
1.60000002
1.60000002
1.5
1.20000004
1.30000001
1.10000002
1.10000002
1.20000004
1.0
1.10000002
1.19999999
1.60000002
1.5
1.10000002
1.30000001
2.10000002
1.10000002
1.10000002
1.0
1.10000002
1.0
1.5
1.60000002
1.60000002
1.60000002
1.60000002
1.30000001
1.20000004
1.20000004
1.20000004
1.20000004
1.30000001
1.20000004
1.30000001
1.30000001
1.69999999
2.30000001
3.1
7.5
10.15
11.7725
12.175
12.385
11.675
10.475
10.355
3.19999998
1.79999996
1.60000002
1.69999999
1.40000003
1.30000001
1.30000001
1.20000004
1.30000001
1.20000004
1.20000004
1.30000001
1.30000001
1.69999999
1.60000002
1.30000001
3.2
13.6999998
13.6000004
12.1125
12.205
11.895
11.6999998
9.8000002
8.4000001
5.5
2.29999998
1.89999998
1.69999999
1.5
1.5
1.39999998
1.39999998
1.39999998
1.39999998
1.5
1.5
1.79999996
1.79999996
1.89999998
4.2999999
11.0999999
12.4000001
10.1175
13.5
12.2000003
10.6999998
8.4000001
2.7
1.99999998
2.0
2.0
1.80000001
1.60000002
1.39999998
1.39999998
1.5
1.5
1.60000002
1.60000002
1.5
1.89999998
2.0
2.5
5.4000001
10.2000003
8.8000002
12.5
9.5999999
12.1999998
8.3
10.0999999
5.7
1.89999998
1.89999998
1.79999996
1.69999999
1.39999998
1.30000001
1.39999998
1.30000001
1.39999998
1.5
1.39999998
1.39999998
1.5
1.39999998
2.6
2.5
6.2999999
7.3000002
5.1000001
7.2000001
7.8
6.2
4.7
3.1
2.40000001
1.60000002
1.69999999
1.40000003
1.20000004
1.10000002
1.20000004
1.20000004
1.30000001
1.20000004
1.20000004
1.30000001
1.60000002
1.79999996
1.79999999
2.2
1.20000004
4.9999999
6.4
6.0
6.1999998
5.9000001
4.5999999
1.5
1.5
1.5
1.5
1.19999999
1.0
0.900000009999
1.0
1.0
0.900000009999
1.0
1.0
1.10000002
1.39999998
1.39999998
1.10000002
1.0
0.800000019997
1.0
1.0
0.900000009999
0.800000019997
1.0
1.69999999
1.30000001
1.30000001
1.39999998
1.39999998
1.19999999
0.800000019997
1.1
0.900000009999
0.800000019997
0.900000009999
0.900000009999
0.900000009999
1.00000003
1.30000001
1.40000003
1.5
4.5
10.1999998
10.06
10.4625
10.68
9.975
9.045
9.0075
4.8000001
3.2
2.0
2.0
1.69999999
1.39999998
