14.075
14.0666666667
13.9333333333
13.925
13.9416666667
13.8
13.8833333333
14.725
17.6
14.5
15.2416666667
18.9166666667
16.275
16.075
16.2416666667
16.425
16.175
16.3416666667
17.7666666667
14.5416666667
14.0416666667
13.9166666667
14.2083333333
14.0833333333
13.9666666667
16.9916666667
14.0583333333
13.8666666667
14.075
13.8666666667
13.9583333333
13.1666666667
13.0833333333
13.1333333333
13.4583333333
14.35
14.9333333333
15.1416666667
17.2416666667
17.4666666667
17.9666666667
16.6416666667
13.55
13.1583333333
12.9
15.8416666667
12.9333333333
12.9916666667
16.2
13.0083333333
12.8666666667
12.725
15.8583333333
12.8416666667
13.0416666667
16.1
19.3
18.7333333333
21.625
18.9583333333
19.2916666667
20.0333333333
20.7583333333
20.85
21.625
21.6333333333
19.9833333333
20.1583333333
19.825
14.4833333333
16.8833333333
14.1916666667
13.9166666667
17.025
14.1
13.675
16.7916666667
13.9083333333
14.0166666667
19.625
19.5666666667
18.875
21.725
19.2833333333
20.6083333333
23.5666666667
23.925
23.0083333333
26.9333333333
23.7916666667
22.4583333333
22.4833333333
22.4416666667
17.9916666667
17.475
16.075
13.1583333333
12.8916666667
15.775
12.7916666667
13.4666666667
17.775
17.0166666667
20.9166666667
39.625
46.6416666667
46.0583333333
49.9666666667
47.8833333333
48.3833333333
48.0416666667
45.8166666667
44.6166666667
42.775
36.4416666667
39.6333333333
35.9916666667
31.9083333333
29.85
26.1583333333
25.8083333333
25.125
25.0166666667
27.8083333333
25.4166666667
26.1166666667
28.9083333333
29.9083333333
38.0583333333
43.3
46.2166666667
48.4416666667
52.1666666667
45.8333333333
49.2833333333
46.0083333333
45.4833333333
40.7083333333
39.8916666667
41.6916666667
38.0416666667
32.1083333333
31.0833333333
29.0083333333
25.2416666667
25.2583333333
25.3
28.225
25.5166666667
25.7833333333
28.55
32.4833333333
37.0916666667
47.5083333333
48.3333333333
44.675
45.3583333333
49.3166666667
45.8666666667
45.55
50.7666666667
39.55
36.6
36.975
38.825
33.075
30.5833333333
25.5583333333
25.8
25.1333333333
24.125
26.9
23.5
24.65
29.875
33.3666666667
40.2583333333
44.2583333333
46.775
49.4666666667
53.2916666667
52.6333333333
51.6
50.4666666667
47.2583333333
42.0916666667
40.0416666667
35.3166666667
36.6666666667
33.375
31.825
27.5166666667
25.8833333333
25.2666666667
24.35
23.9833333333
24.175
28.0333333333
25.525
30.025
36.4083333333
41.4166666667
43.1166666667
48.6916666667
47.35
45.8
50.6166666667
49.1916666667
48.725
42.325
36.4833333333
35.3416666667
37.1583333333
35.2833333333
30.5583333333
26.4916666667
26.2333333333
25.9666666667
26.0333333333
28.825
26.0416666667
28.95
25.7833333333
28.9
34.875
32.1666666667
34.5083333333
33.975
37.7833333333
34.875
34.8916666667
33.6166666667
34.55
35.4833333333
31.4583333333
31.1416666667
34.1166666667
26.8416666667
26.5166666667
26.4833333333
17.9666666667
17.275
17.1333333333
16.7583333333
16.8083333333
16.9166666667
17.0583333333
22.625
22.3583333333
21.8166666667
25.55
24.0583333333
23.7416666667
24.6083333333
26.3333333333
29.8333333333
26.4
29.7333333333
23.975
26.4333333333
23.1416666667
18.4666666667
18.05
15.3333333333
15.2166666667
15.275
18.1416666667
15.425
15.5916666667
16.0083333333
16.2083333333
25.5916666667
36.8833333333
41.9416666667
45.1833333333
50.3416666667
46.8083333333
46.8666666667
49.8083333333
46.0416666667
46.7333333333
43.6666666667
40.5
37.4333333333
36.3916666667
31.1333333333
21.2583333333
14.4333333333
14.4666666667
17.1166666667
14.0416666667
13.8166666667
14.4
14.6583333333
15.2
16.7333333333
34.825
42.15
47.425
50.05
50.85
48.8
47.3
50.9416666667
45.8
45.15
42.9083333333
38.6916666667
38.0
34.9916666667
21.35
15.7416666667
15.4916666667
18.475
15.525
15.4333333333
18.3916666667
15.8166666667
15.8
21.5166666667
37.375
40.7416666667
48.1166666667
51.0166666667
45.5083333333
47.2
51.0583333333
55.8
48.3166666667
46.0
36.9833333333
36.4
36.8416666667
35.2916666667
21.4166666667
15.0583333333
15.0083333333
14.975
14.9583333333
14.875
14.9916666667
17.9333333333
16.45
21.45
34.2833333333
45.225
47.5083333333
49.2916666667
47.3666666667
49.525
54.675
52.95
45.5416666667
44.275
40.85
36.7666666667
38.0666666667
40.7833333333
24.0333333333
17.6833333333
16.4666666667
19.5166666667
16.7166666667
15.8416666667
15.4
15.9666666667
19.1833333333
23.75
35.1166666667
40.0
46.325
46.85
44.5916666667
42.9083333333
43.0333333333
43.8083333333
46.4333333333
40.3916666667
37.8416666667
36.6333333333
36.7666666667
35.875
22.6333333333
18.5833333333
18.9583333333
18.7833333333
21.6916666667
18.325
17.3916666667
20.1583333333
17.425
23.075
22.9083333333
23.3083333333
24.5
24.1166666667
27.3916666667
27.7833333333
27.575
27.2083333333
28.6083333333
26.6583333333
24.9833333333
24.5166666667
24.6166666667
24.4916666667
24.1833333333
24.2416666667
24.6583333333
24.6916666667
26.9
23.4916666667
23.2166666667
26.175
23.3416666667
23.1833333333
23.2083333333
23.0833333333
24.65
26.1666666667
29.425
27.1583333333
28.1
32.9916666667
30.075
30.0
27.9916666667
26.95
27.8083333333
27.525
26.6583333333
22.425
22.3333333333
25.225
21.9333333333
21.325
24.0916666667
22.2
21.825
23.2333333333
35.325
40.9916666667
46.275
44.175
43.35
46.0
47.875
44.3666666667
46.3666666667
46.0083333333
41.2
36.8833333333
37.3666666667
39.825
22.6166666667
16.2583333333
16.2916666667
18.9
15.6
14.6833333333
17.3916666667
14.9583333333
21.1583333333
17.875
36.4083333333
45.1166666667
47.1916666667
47.6916666667
44.9583333333
49.7833333333
45.075
46.0083333333
48.2166666667
43.9333333333
37.9416666667
39.7416666667
36.8666666667
33.3166666667
23.3416666667
19.7
19.625
19.4416666667
22.2916666667
19.2916666667
19.275
23.05
22.6916666667
22.7333333333
37.2416666667
48.375
50.6666666667
49.75
45.7083333333
44.95
43.6416666667
45.925
43.9666666667
40.3083333333
37.0083333333
37.8416666667
37.0083333333
31.6
30.9583333333
16.7583333333
16.1166666667
15.6833333333
15.4166666667
14.925
15.3666666667
18.3333333333
18.1166666667
18.9
33.7333333333
43.3166666667
48.1333333333
49.6833333333
46.9833333333
45.75
46.5666666667
50.9583333333
49.15
40.8166666667
38.3333333333
42.1333333333
39.8166666667
37.7833333333
24.55
18.7166666667
18.425
18.5833333333
17.6416666667
17.6333333333
16.925
17.2083333333
18.15
24.2666666667
34.9
40.8
44.1166666667
45.2833333333
44.6666666667
46.9833333333
43.7583333333
41.7666666667
44.375
32.8583333333
30.1916666667
29.9666666667
29.8666666667
25.4583333333
16.3916666667
15.5
18.2
14.95
15.3083333333
14.8833333333
17.9083333333
14.8666666667
14.8916666667
17.9
23.325
19.975
19.95
20.5
21.9
22.1
21.825
21.85
22.4
21.3666666667
21.35
20.3
22.9916666667
15.5833333333
14.925
15.0583333333
18.05
15.3
15.2583333333
18.0083333333
14.8416666667
14.7666666667
14.9833333333
17.3916666667
19.7666666667
19.4916666667
19.6166666667
20.6333333333
20.975
22.6916666667
19.7833333333
20.2583333333
19.825
20.2083333333
24.55
20.9416666667
19.9
15.5166666667
17.9583333333
14.7833333333
14.775
17.625
14.65
15.0583333333
14.775
17.8416666667
18.0833333333
28.5416666667
35.375
43.0
42.0
48.475
48.9666666667
44.5833333333
42.4083333333
38.05
35.0083333333
32.3333333333
34.9
31.075
31.1916666667
26.8833333333
26.075
25.7333333333
25.9166666667
25.6333333333
28.925
25.5583333333
25.6
28.725
29.4333333333
27.1916666667
32.6
32.7333333333
32.6083333333
35.3166666667
32.6416666667
32.875
32.7
35.5666666667
33.8583333333
33.2916666667
32.9416666667
32.225
31.8916666667
27.4
26.4083333333
26.3666666667
26.475
29.2083333333
26.3916666667
26.1666666667
28.9833333333
25.9666666667
26.3583333333
30.1416666667
35.7583333333
40.725
45.8416666667
45.1416666667
45.7
43.9416666667
42.75
44.4416666667
45.7166666667
33.2916666667
31.15
30.175
33.025
25.9083333333
24.625
24.625
27.725
24.8
24.6833333333
27.2666666667
24.6
24.4583333333
27.4166666667
27.85
35.175
43.1833333333
42.375
49.5666666667
46.2833333333
42.2916666667
43.975
43.6
42.225
33.6333333333
31.8083333333
31.6083333333
31.0333333333
25.9666666667
24.9166666667
24.9666666667
25.6416666667
25.3416666667
25.0833333333
24.8833333333
27.5416666667
27.6833333333
25.0333333333
31.8083333333
35.6083333333
39.9416666667
44.7666666667
49.8666666667
45.3916666667
42.0833333333
46.1416666667
45.3666666667
41.3416666667
39.6416666667
34.2833333333
33.6583333333
33.9916666667
28.9916666667
28.0916666667
28.1
28.1583333333
28.2
27.9083333333
31.1
25.4416666667
18.625
22.2833333333
22.1166666667
25.4333333333
25.4
24.5333333333
25.3833333333
26.4666666667
30.0083333333
26.125
29.1666666667
26.6833333333
25.5166666667
24.725
24.7416666667
24.65
19.875
22.2833333333
19.7
19.7916666667
19.75
19.6083333333
19.3083333333
19.6166666667
20.0
19.775
22.1833333333
24.7416666667
24.8416666667
24.5
25.975
25.7916666667
26.9916666667
32.3666666667
28.5416666667
27.6166666667
26.4
25.5833333333
24.9833333333
27.8333333333
20.4166666667
19.6583333333
16.0333333333
24.2083333333
24.7666666667
27.6833333333
24.5916666667
25.0666666667
28.3083333333
28.5916666667
33.6833333333
38.525
48.2
51.4916666667
54.3083333333
50.4833333333
53.7
52.85
55.6583333333
48.775
45.225
39.4333333333
36.65
35.55
30.3416666667
29.5166666667
28.95
28.7333333333
31.4
28.6
28.425
31.7916666667
29.7
31.5
33.1416666667
39.4583333333
45.3916666667
51.0916666667
49.95
50.2166666667
53.0416666667
44.2230769231
55.5333333333
51.3166666667
43.3833333333
40.9666666667
38.3916666667
37.5666666667
34.9666666667
30.3833333333
25.1333333333
24.9166666667
27.5416666667
24.5416666667
24.625
25.5416666667
28.5583333333
27.7083333333
29.0916666667
37.9666666667
51.6166666667
49.0583333333
51.2916666667
54.4166666667
50.2333333333
47.7666666667
53.0
49.85
47.85
42.7
37.1916666667
37.575
34.0833333333
32.775
28.0166666667
29.8583333333
26.8416666667
26.6083333333
26.5666666667
30.025
31.0916666667
27.575
34.4916666667
37.5083333333
47.9166666667
51.175
55.425
49.7666666667
52.7333333333
54.4
52.875
51.1083333333
49.5916666667
42.85
38.475
38.6583333333
37.1083333333
32.85
27.2333333333
26.8333333333
26.7416666667
26.6666666667
26.5333333333
29.95
27.85
26.8916666667
32.5416666667
37.65
46.2666666667
54.3583333333
51.3
49.8583333333
47.9666666667
51.75
51.8916666667
49.25
42.9083333333
36.5333333333
35.4416666667
35.5583333333
30.9916666667
30.2666666667
28.0083333333
28.0
30.6083333333
27.575
27.425
30.375
27.3583333333
27.575
30.5416666667
36.2
33.1666666667
33.3
33.7
35.8
37.625
38.725
38.2666666667
38.0333333333
38.45
36.1416666667
33.5416666667
33.4666666667
32.0583333333
29.0166666667
28.8083333333
23.3666666667
19.7083333333
19.575
19.2666666667
19.2666666667
19.1333333333
19.3
21.9833333333
24.8166666667
23.55
26.4666666667
24.6
25.3916666667
28.1083333333
28.3833333333
34.4333333333
31.95
29.975
28.4416666667
27.2916666667
26.45
24.3916666667
20.875
17.225
17.1
16.9583333333
17.0166666667
17.0166666667
19.7666666667
17.6083333333
17.5833333333
23.6583333333
35.5083333333
45.2
51.5
51.8416666667
52.3083333333
52.975
51.8166666667
50.6333333333
48.9
49.0083333333
38.3583333333
36.9833333333
36.9083333333
35.0
22.8166666667
21.0416666667
20.15
19.7666666667
19.5
19.3583333333
19.7916666667
21.125
19.9166666667
22.9833333333
37.9
49.0083333333
49.8666666667
54.975
51.1583333333
55.2083333333
56.5333333333
51.0333333333
51.9833333333
42.0
41.2166666667
38.7583333333
40.325
34.6666666667
25.6916666667
19.525
18.7666666667
20.0166666667
16.5416666667
16.4416666667
16.5
20.4916666667
19.825
23.0916666667
38.0333333333
45.375
51.575
55.3583333333
50.4666666667
51.125
47.75
48.0333333333
51.0916666667
44.1666666667
40.35
35.0083333333
35.3083333333
31.9833333333
22.9166666667
21.8916666667
17.4
17.3166666667
17.4583333333
17.3916666667
17.8
22.1083333333
18.2666666667
26.4666666667
40.675
45.5166666667
50.2083333333
50.6916666667
52.3
50.4916666667
49.1666666667
51.0666666667
51.3916666667
42.2
38.475
39.0333333333
39.1666666667
38.8583333333
26.9416666667
21.15
17.8333333333
17.4
17.4166666667
17.175
20.2
19.1333333333
20.4916666667
24.375
36.5916666667
46.025
45.5083333333
46.75
49.8916666667
45.05
46.4
47.175
48.0916666667
43.7333333333
36.5833333333
35.15
35.625
34.125
22.45
14.7666666667
14.5083333333
17.3416666667
14.3833333333
14.2916666667
17.4333333333
14.425
14.5416666667
20.4
20.8416666667
19.725
24.325
28.15
26.0166666667
27.475
30.7833333333
28.7333333333
31.9666666667
24.6166666667
23.2166666667
21.6583333333
21.425
19.8916666667
15.2833333333
15.1666666667
18.0166666667
15.4166666667
15.4083333333
14.8583333333
15.0666666667
14.85
14.8916666667
17.7666666667
21.3083333333
20.4
20.2833333333
20.4083333333
25.1583333333
22.5
29.1666666667
28.0166666667
29.2083333333
29.85
26.2166666667
25.7166666667
26.0
25.2083333333
21.6333333333
18.125
18.5666666667
17.7666666667
16.2
16.1666666667
16.5666666667
17.8916666667
23.55
28.5916666667
40.375
50.7
53.9166666667
51.225
49.9083333333
49.7333333333
53.3
53.075
46.2833333333
45.025
39.85
38.4833333333
38.7166666667
34.1416666667
26.1833333333
19.5666666667
18.975
19.075
21.7583333333
18.6083333333
18.6666666667
22.8833333333
23.1916666667
30.2166666667
37.6333333333
44.025
47.5833333333
49.3083333333
49.2166666667
52.0
52.05
49.325
48.45
42.95
41.6916666667
38.9333333333
39.9833333333
34.85
32.7166666667
31.5166666667
30.2636363636
24.7675
24.0525
23.8525
24.4525
25.88
26.1175
28.3025
37.4275
50.63
52.4416666667
56.075
53.5333333333
51.3416666667
48.4166666667
48.0083333333
46.7083333333
45.7166666667
41.4416666667
39.75
38.0333333333
33.0333333333
31.5166666667
26.825
25.9916666667
26.0083333333
25.975
26.1916666667
26.0583333333
30.1
27.375
36.0333333333
41.6166666667
46.2666666667
48.3333333333
48.55
51.025
50.5083333333
51.2833333333
51.7083333333
50.7333333333
46.4
43.075
38.7166666667
37.175
33.4583333333
31.2166666667
27.7666666667
30.3
27.2583333333
27.2333333333
30.3666666667
28.225
28.2583333333
27.8166666667
31.625
41.5833333333
44.8833333333
47.5916666667
51.0583333333
49.7833333333
47.65
49.4166666667
51.8333333333
52.4583333333
42.4
38.0
36.65
36.6375
35.0
29.8825
26.06
24.9075
24.1725
23.6025
23.69
23.9775
23.225
23.6475
25.875
27.9875
28.395
28.955
29.525
30.34
31.485
31.7975
31.7175
32.2975
31.705
30.1125
28.71
28.09
24.2925
22.3475
21.6
20.1625
27.5666666667
30.4666666667
27.1833333333
27.3416666667
27.1333333333
30.0916666667
29.5916666667
32.4666666667
31.675
31.4916666667
32.9666666667
33.4166666667
33.775
35.4166666667
35.2333333333
36.5833333333
39.8
34.3666666667
35.15
34.9916666667
30.0083333333
29.2666666667
29.5666666667
18.125
17.2333333333
20.125
17.2083333333
17.2666666667
20.725
17.325
25.4333333333
38.5083333333
47.0083333333
52.6
52.1583333333
53.8583333333
49.8916666667
52.9083333333
52.825
47.7666666667
43.7333333333
38.1333333333
39.925
40.3333333333
34.0083333333
32.9083333333
27.8916666667
30.175
26.5166666667
26.4166666667
29.1583333333
26.5833333333
30.2666666667
29.8333333333
33.2416666667
38.8916666667
49.725
51.7833333333
49.9166666667
54.1083333333
53.95
57.6833333333
58.3166666667
50.6416666667
44.375
43.7333333333
39.625
41.8583333333
35.0666666667
32.1083333333
31.7583333333
31.3583333333
31.1166666667
31.0833333333
30.95
30.55
32.3916666667
31.5583333333
35.85
46.125
50.2416666667
51.275
58.4
53.9833333333
52.1416666667
51.55
51.6916666667
51.5083333333
44.8166666667
44.6583333333
38.9666666667
42.075
34.9166666667
33.925
29.7583333333
29.1083333333
28.6583333333
28.125
28.1166666667
28.0666666667
28.5
30.3833333333
32.225
39.3
47.825
49.6666666667
52.0333333333
51.9833333333
50.6166666667
53.1583333333
49.3333333333
50.6833333333
45.575
42.2333333333
38.625
38.6416666667
34.3666666667
33.575
30.4
30.1416666667
29.825
29.9333333333
29.3833333333
28.95
29.525
29.1666666667
35.85
38.7583333333
48.0
47.2416666667
48.4666666667
49.3833333333
55.2083333333
52.4416666667
50.9833333333
50.2666666667
44.3916666667
44.3166666667
38.4833333333
39.2166666667
37.7166666667
33.85
29.1
28.325
30.6916666667
27.5916666667
27.375
27.5166666667
27.5083333333
27.7166666667
30.6083333333
34.4583333333
38.9666666667
35.8833333333
37.025
38.2916666667
37.5833333333
38.1
38.425
40.3416666667
47.9916666667
42.95
39.6833333333
36.6916666667
32.1
31.5583333333
31.4666666667
22.6416666667
25.175
21.75
21.4916666667
21.5
21.6416666667
21.6
26.6333333333
25.9333333333
26.3333333333
29.125
27.9666666667
27.8083333333
31.0416666667
28.6583333333
29.425
31.45
27.75
27.2416666667
27.9916666667
27.7
23.1416666667
22.6583333333
19.5083333333
18.9666666667
21.8583333333
18.9166666667
18.925
19.325
20.5833333333
25.5666666667
28.1583333333
37.7833333333
42.1083333333
47.1
49.2666666667
53.5416666667
54.2166666667
55.1916666667
52.05
53.4416666667
46.3
44.525
40.1583333333
40.4416666667
34.5333333333
27.0666666667
18.1916666667
17.5416666667
17.55
17.5083333333
17.3166666667
17.3333333333
22.0333333333
19.0
25.9333333333
40.6
49.8916666667
52.0833333333
54.5916666667
55.05
51.7333333333
54.6
55.4166666667
49.0666666667
41.3083333333
38.275
39.525
40.6166666667
37.1
27.625
24.8833333333
19.9583333333
19.025
18.95
18.8
21.7333333333
20.0666666667
22.425
26.3166666667
37.3166666667
50.15
54.3916666667
57.625
52.3166666667
53.525
53.1083333333
52.8
48.2833333333
47.4333333333
40.1083333333
40.2666666667
38.1666666667
34.4083333333
33.0416666667
29.2
28.8666666667
28.1666666667
31.125
28.1416666667
28.4916666667
29.1833333333
31.3833333333
34.1833333333
35.55
37.7333333333
41.75
40.0916666667
41.9583333333
46.375
43.875
42.35
43.1166666667
38.4666666667
35.65
35.6833333333
35.85
31.3583333333
30.325
27.6583333333
29.975
26.9333333333
26.8083333333
26.8166666667
29.075
27.5166666667
29.15
30.2583333333
35.3
42.325
43.0583333333
43.7666666667
44.9833333333
43.625
42.9083333333
44.1
43.5583333333
39.4666666667
35.7333333333
38.0333333333
35.7916666667
33.8083333333
30.3583333333
28.6833333333
22.7666666667
18.9916666667
18.7083333333
18.7333333333
18.6916666667
18.6833333333
21.9166666667
22.3
25.0416666667
24.025
25.1833333333
26.5416666667
26.7916666667
27.1083333333
27.7583333333
27.7
27.925
26.9166666667
26.0833333333
26.15
25.4833333333
21.2
20.625
20.9166666667
20.8833333333
23.875
19.9675
20.4833333333
23.45
20.3333333333
23.2916666667
29.3416666667
26.325
25.9166666667
28.5
26.9083333333
27.6083333333
28.325
28.7833333333
28.8333333333
30.7583333333
26.0666666667
26.6083333333
26.5666666667
22.1916666667
20.775
21.2833333333
18.3083333333
18.35
18.225
21.0666666667
18.2166666667
18.625
18.725
24.8
36.55
46.2833333333
48.7666666667
48.975
50.025
50.825
48.575
49.1166666667
46.2666666667
41.6666666667
39.8083333333
37.4
37.35
32.5083333333
25.6583333333
16.2083333333
15.65
15.625
18.2916666667
15.0416666667
15.1083333333
19.0083333333
18.275
16.825
35.3583333333
47.1916666667
46.9833333333
51.05
53.0583333333
47.6
53.2583333333
50.0833333333
47.8333333333
44.6
38.775
37.8166666667
42.15
34.725
27.9083333333
23.175
22.875
20.9916666667
19.65
19.8333333333
19.6416666667
23.1666666667
20.3416666667
23.3
37.1916666667
46.075
50.4166666667
53.8833333333
50.225
51.725
47.275
50.2333333333
49.7416666667
40.5916666667
38.9
37.1833333333
37.8916666667
33.375
23.775
18.675
18.35
17.9166666667
17.8833333333
17.4166666667
17.2833333333
17.45
19.6
20.3333333333
34.6166666667
45.325
46.7166666667
47.475
47.475
47.4833333333
49.5666666667
45.0916666667
47.7
43.45
39.0583333333
40.7083333333
40.1666666667
37.1
21.1916666667
16.6
16.2083333333
19.325
16.3583333333
16.0
19.1166666667
15.9083333333
16.4666666667
23.0333333333
33.575
43.7
44.975
48.1583333333
49.725
45.3416666667
48.7416666667
48.4416666667
45.2416666667
34.0416666667
30.125
29.2583333333
32.3666666667
25.6666666667
15.775
14.9583333333
18.075
15.4916666667
15.525
15.2666666667
15.4583333333
15.225
14.9333333333
20.4916666667
19.6583333333
19.8
22.8416666667
21.2916666667
21.3333333333
21.4833333333
21.55
21.825
24.6
21.1833333333
20.6833333333
20.9583333333
23.3833333333
16.1166666667
15.8083333333
18.7333333333
15.8083333333
16.0416666667
16.1333333333
15.9083333333
15.6916666667
15.575
15.5
17.7
20.0416666667
20.2666666667
20.8583333333
21.5416666667
21.3166666667
21.0833333333
21.05
21.0333333333
21.85
24.575
20.2666666667
20.025
22.9666666667
16.05
15.375
15.2583333333
15.25
15.25
15.5666666667
15.3916666667
15.2166666667
16.2166666667
15.75
23.0666666667
34.7916666667
40.2916666667
41.95
42.9166666667
39.4416666667
39.7083333333
45.3166666667
42.0083333333
39.9083333333
37.4666666667
33.1
32.625
31.85
27.5
18.2166666667
20.425
17.475
17.4916666667
17.425
17.3083333333
17.0666666667
20.2083333333
20.3666666667
21.9416666667
34.8166666667
42.0333333333
42.3583333333
42.3083333333
45.075
43.3416666667
40.6833333333
39.9166666667
40.2083333333
35.85
31.025
32.7083333333
35.6333333333
28.825
18.0
15.8916666667
15.8833333333
15.825
15.8833333333
15.7333333333
15.65
18.8583333333
18.875
22.5833333333
33.9333333333
43.4416666667
42.0333333333
44.6416666667
41.7083333333
42.3083333333
46.9666666667
44.625
43.2583333333
35.6666666667
32.925
30.55
30.0666666667
26.0166666667
19.45
15.6583333333
15.825
18.475
15.4916666667
15.4416666667
18.425
18.4333333333
19.15
19.95
33.65
41.55
44.8083333333
41.9916666667
41.9083333333
45.6166666667
42.8916666667
38.55
42.5583333333
32.5333333333
32.2166666667
32.075
34.4666666667
27.75
17.6
20.2083333333
17.2333333333
17.2333333333
19.1833333333
16.5583333333
15.225
15.3666666667
15.7833333333
19.125
34.3583333333
43.6416666667
41.3666666667
42.1833333333
45.5083333333
44.8583333333
41.8333333333
42.55
42.3333333333
34.4916666667
29.6416666667
29.425
29.2916666667
25.2083333333
18.325
14.6916666667
14.6583333333
14.575
17.4083333333
14.4
14.4
14.3416666667
14.45
17.175
20.0416666667
23.8583333333
22.75
22.4166666667
23.425
22.625
22.3166666667
20.9416666667
23.9
21.05
19.85
19.9083333333
19.7666666667
15.7166666667
18.2083333333
15.1
15.175
15.3083333333
15.275
17.7916666667
14.8083333333
14.925
17.8666666667
17.3083333333
19.6666666667
19.375
23.0583333333
20.4833333333
20.875
21.9166666667
24.8166666667
25.575
25.45
25.1083333333
23.9583333333
24.3
24.2666666667
20.2916666667
22.8
15.7583333333
15.8
18.725
15.9666666667
16.05
15.7333333333
19.475
18.35
22.6833333333
36.0166666667
47.2666666667
46.3666666667
49.8583333333
46.5083333333
49.6333333333
48.975
45.1583333333
46.6
43.9
39.225
40.075
38.95
34.0916666667
23.0833333333
16.8083333333
17.0
19.1
15.15
15.0166666667
15.3
19.675
18.9166666667
18.7166666667
35.2916666667
50.025
52.7083333333
51.6666666667
52.1333333333
52.3416666667
54.5583333333
55.4916666667
52.5583333333
47.0333333333
39.85
42.9833333333
39.6083333333
34.725
24.55
20.8166666667
23.3166666667
19.8333333333
19.775
22.4166666667
18.8416666667
20.0666666667
22.8083333333
23.3166666667
42.25
46.5
50.6166666667
54.675
55.0083333333
49.35
52.9833333333
50.3666666667
46.6666666667
42.55
39.8916666667
39.4416666667
41.0
36.0833333333
25.4583333333
19.7583333333
19.3083333333
21.6833333333
18.8416666667
18.7416666667
18.5166666667
19.0416666667
22.2333333333
23.8416666667
38.1416666667
36.0818181818
44.6166666667
51.4
49.9166666667
51.925
47.925
52.35
52.4166666667
42.825
41.8333333333
38.1416666667
39.0583333333
34.025
23.5833333333
19.2416666667
18.7666666667
20.7583333333
17.825
17.8333333333
20.8583333333
18.7333333333
20.8416666667
21.9416666667
38.4833333333
46.3083333333
45.125
49.0833333333
47.3916666667
43.2
46.4166666667
44.775
47.8166666667
44.9333333333
37.6916666667
37.3083333333
38.7416666667
37.0166666667
38.55
33.575
21.85
18.7083333333
18.275
20.925
17.9333333333
26.9166666667
32.5
32.9666666667
33.1083333333
37.0166666667
37.8333333333
39.225
41.0416666667
40.875
39.3333333333
41.4583333333
38.65
35.275
36.8083333333
34.1083333333
33.575
20.7083333333
19.5416666667
19.725
21.6583333333
18.9666666667
18.7833333333
18.4666666667
18.4583333333
18.3416666667
18.2666666667
24.575
24.925
24.8083333333
24.2583333333
25.025
25.0666666667
27.6833333333
24.5583333333
24.625
25.7416666667
25.7833333333
24.05
24.05
24.3833333333
19.15
18.025
18.8583333333
15.675
15.7666666667
18.5083333333
15.8333333333
16.1916666667
20.1416666667
19.3333333333
20.4583333333
39.0583333333
46.5833333333
55.275
56.35
53.1083333333
56.3
50.8666666667
55.5416666667
47.5833333333
45.8333333333
37.0083333333
38.6333333333
39.4833333333
33.3416666667
23.5666666667
20.15
16.4833333333
15.9333333333
15.4166666667
18.15
15.5333333333
17.2416666667
24.175
20.0666666667
37.1
43.4333333333
45.7833333333
45.225
51.9166666667
51.6333333333
52.6
48.9692307692
52.6333333333
44.25
39.7416666667
40.25
41.4916666667
34.3416666667
24.1166666667
22.15
20.4166666667
20.3416666667
20.3
20.1166666667
20.4
22.125
20.6416666667
24.2833333333
38.5916666667
46.6166666667
50.2166666667
51.875
53.3083333333
48.9166666667
46.6666666667
52.15
49.2666666667
42.1416666667
41.7666666667
38.4666666667
38.9333333333
34.4166666667
25.2
15.8666666667
15.3416666667
15.3416666667
18.225
15.0916666667
15.3583333333
19.0083333333
15.8
22.9333333333
35.8333333333
47.5666666667
46.6083333333
47.5666666667
48.1583333333
46.075
50.6583333333
49.3833333333
47.325
40.1
37.8
39.9666666667
37.0666666667
34.8083333333
22.1
16.85
15.9583333333
15.5333333333
15.4833333333
15.575
18.6583333333
16.35
19.8666666667
23.1416666667
34.5
43.2333333333
42.5916666667
46.5833333333
45.9666666667
45.1166666667
46.5416666667
41.3333333333
40.125
38.825
35.9666666667
36.0083333333
36.25
33.425
23.675
20.6083333333
22.4833333333
18.5916666667
17.7833333333
17.5416666667
17.5916666667
17.6083333333
20.6166666667
19.6333333333
21.8416666667
27.7
26.6
26.5166666667
26.5083333333
31.0916666667
28.8916666667
28.8833333333
29.4916666667
28.725
30.2583333333
26.4
25.3833333333
24.9916666667
21.8166666667
21.8166666667
21.525
24.3916666667
21.325
21.2
21.0916666667
24.0333333333
22.4166666667
25.2
29.6583333333
26.25
26.05
29.4833333333
26.6583333333
26.4333333333
26.0
29.2833333333
26.5666666667
26.475
26.6833333333
29.1166666667
25.8583333333
22.5416666667
25.0166666667
19.6333333333
19.9083333333
22.7
19.6666666667
18.4833333333
18.2666666667
20.825
18.125
20.4083333333
34.875
48.725
48.3166666667
51.2833333333
51.175
47.15
48.8833333333
49.9083333333
45.5666666667
45.3416666667
40.9166666667
37.525
38.6416666667
37.8333333333
23.9916666667
18.5083333333
17.7833333333
19.0333333333
16.9416666667
16.625
19.4
16.5333333333
16.7166666667
16.6916666667
33.2916666667
43.175
49.5416666667
49.7583333333
47.075
46.2833333333
49.6083333333
49.7833333333
50.0333333333
46.6833333333
43.5666666667
38.725
39.3083333333
35.3833333333
25.9416666667
25.6583333333
20.8
20.6166666667
23.725
20.6
20.275
20.5
23.5583333333
23.3416666667
37.0666666667
47.2583333333
48.6666666667
51.975
51.275
53.775
52.3666666667
50.9333333333
44.3916666667
42.8083333333
38.4833333333
38.6333333333
40.3166666667
35.9666666667
25.8166666667
22.7833333333
19.2
17.3
20.025
17.1166666667
17.1416666667
18.25
17.5833333333
20.225
32.95
47.425
45.9666666667
50.3833333333
48.25
48.7333333333
47.8166666667
48.6
49.1666666667
41.6083333333
38.8416666667
41.025
37.675
35.525
24.2583333333
17.5833333333
17.125
16.4333333333
16.4333333333
16.275
19.2833333333
16.25
17.1583333333
22.9
35.1166666667
45.5
46.8333333333
48.275
49.1833333333
47.75
48.4333333333
45.5166666667
46.4833333333
42.5666666667
41.675
37.2083333333
37.925
36.55
23.3583333333
20.0333333333
19.7416666667
19.6416666667
19.5666666667
19.55
19.4583333333
19.45
19.4416666667
21.6583333333
32.65
33.6166666667
36.125
36.1666666667
35.9916666667
38.5833333333
38.9666666667
39.2916666667
39.175
41.9833333333
37.8
37.7666666667
37.9583333333
31.4333333333
31.1833333333
24.975
20.475
20.6
20.4916666667
20.2166666667
20.1416666667
20.0833333333
20.2416666667
22.3666666667
25.15
25.3333333333
25.3583333333
26.65
28.8083333333
25.5333333333
26.1916666667
29.4083333333
25.2083333333
24.9416666667
24.225
24.525
25.0083333333
21.1
20.7333333333
18.2833333333
20.9166666667
17.2583333333
17.0083333333
20.05
16.9666666667
17.1583333333
20.2833333333
19.4083333333
32.9833333333
46.525
50.4333333333
49.4833333333
50.925
47.425
46.925
48.1083333333
47.9916666667
40.6583333333
37.45
36.95
36.6083333333
32.3916666667
22.9083333333
20.1583333333
16.2166666667
16.5666666667
18.9833333333
15.9583333333
15.7666666667
18.7666666667
16.0833333333
16.1333333333
32.3083333333
47.2666666667
49.175
47.825
48.7583333333
51.05
51.0583333333
50.1833333333
47.3666666667
40.8666666667
37.9583333333
38.8083333333
40.1666666667
36.5
25.775
26.575
22.3083333333
21.5916666667
21.4166666667
20.8916666667
20.7416666667
23.675
21.0
22.975
36.9416666667
50.5666666667
49.9416666667
51.9166666667
51.9833333333
50.925
47.75
48.6666666667
47.7
46.8666666667
42.7916666667
37.7166666667
38.0833333333
34.6666666667
24.65
18.5
18.325
18.2583333333
21.2333333333
18.325
18.0583333333
18.55
21.8166666667
22.1333333333
34.4416666667
43.4583333333
46.3833333333
47.8166666667
46.825
47.0416666667
51.275
51.8416666667
49.375
44.0833333333
38.2583333333
38.1666666667
43.0916666667
36.3916666667
25.9833333333
19.675
22.2333333333
19.1166666667
19.0333333333
19.0833333333
18.8833333333
18.8416666667
21.875
22.0833333333
35.7333333333
48.4333333333
45.8833333333
46.5916666667
46.55
46.3416666667
44.1583333333
43.925
42.8416666667
42.6333333333
37.0833333333
36.7166666667
37.2916666667
33.0666666667
25.6916666667
18.975
18.9
22.2166666667
19.3583333333
19.4083333333
19.3583333333
22.2333333333
19.3166666667
25.575
37.4833333333
36.9833333333
38.4
42.7333333333
40.3083333333
43.65
41.1416666667
41.8
42.625
39.35
38.525
36.0
35.85
31.3833333333
33.9166666667
31.1333333333
30.7416666667
31.05
34.8
31.5833333333
31.575
31.3833333333
31.5166666667
33.2416666667
36.1416666667
37.3333333333
40.5833333333
39.6833333333
40.05
39.5583333333
39.2
42.3666666667
39.0333333333
37.3666666667
39.7333333333
37.5
39.775
33.4083333333
32.8833333333
29.1333333333
31.475
27.8833333333
27.7333333333
30.8083333333
27.625
27.575
27.625
29.4583333333
34.9583333333
45.2833333333
46.65
48.2
49.85
51.45
49.525
47.9083333333
48.1416666667
42.0833333333
39.0083333333
40.8583333333
41.3833333333
38.45
24.3
19.4416666667
18.7333333333
21.3416666667
18.1583333333
20.85
17.8833333333
17.9583333333
18.0083333333
18.9083333333
36.7416666667
51.2666666667
49.0666666667
50.875
50.3
50.8666666667
48.45
53.6333333333
50.1166666667
49.775
39.3333333333
38.1083333333
39.375
39.1416666667
26.575
24.2833333333
25.9833333333
22.625
22.6416666667
25.5666666667
22.7833333333
22.9416666667
25.1833333333
27.625
44.675
49.8916666667
53.05
51.1833333333
52.7083333333
52.3666666667
47.6166666667
48.1
49.1083333333
44.5416666667
41.4666666667
41.8166666667
42.0
36.725
26.075
22.2583333333
22.1666666667
21.975
21.2666666667
20.9666666667
21.1833333333
22.3416666667
24.8083333333
26.075
39.5
45.5083333333
45.125
47.3083333333
52.375
50.0416666667
51.7833333333
49.4083333333
47.0416666667
43.55
43.6083333333
39.55
39.6833333333
35.925
28.4833333333
19.9166666667
19.2416666667
18.825
17.8416666667
18.9583333333
19.5916666667
23.775
18.5666666667
25.0916666667
37.2
44.2583333333
47.5083333333
49.4583333333
47.2666666667
46.5583333333
45.275
49.5666666667
45.55
42.7083333333
39.35
39.1416666667
42.2083333333
35.6833333333
24.7083333333
21.7083333333
24.3583333333
20.0166666667
19.9
19.7916666667
20.6583333333
20.8083333333
20.075
26.4083333333
25.6833333333
26.4583333333
27.5833333333
30.975
28.3166666667
28.225
30.0416666667
26.8416666667
27.7916666667
28.2083333333
29.9416666667
26.9416666667
27.1583333333
23.5166666667
22.9083333333
22.75
22.9583333333
23.1666666667
23.0083333333
22.825
25.6666666667
22.4583333333
21.525
23.5333333333
26.0083333333
26.6416666667
26.525
30.4916666667
27.3083333333
27.5333333333
30.4916666667
27.6
28.475
28.0916666667
28.3666666667
27.5916666667
27.4166666667
27.1416666667
23.5166666667
21.1833333333
21.2916666667
20.8833333333
20.8416666667
20.8666666667
21.0666666667
21.1
27.025
26.5833333333
37.0666666667
46.475
45.1
50.8833333333
53.9583333333
53.2583333333
52.8916666667
51.1666666667
52.825
42.6166666667
39.9916666667
40.05
39.7666666667
35.2
28.0583333333
18.1166666667
17.7083333333
17.4666666667
20.3416666667
17.3166666667
17.25
17.9583333333
17.3083333333
20.2416666667
38.6333333333
42.975
46.6333333333
45.7833333333
47.975
45.1
48.6833333333
45.35
44.4416666667
38.75
36.45
40.4666666667
37.5166666667
31.8333333333
22.6583333333
20.0833333333
19.5583333333
22.7
19.1583333333
18.8833333333
19.0583333333
19.5
22.4416666667
25.9166666667
37.3666666667
41.9666666667
47.6916666667
47.925
48.9583333333
48.5166666667
46.75
48.2583333333
43.775
41.425
39.175
36.6
39.7333333333
33.4333333333
23.25
17.0166666667
17.6666666667
20.5833333333
17.5416666667
17.2666666667
20.75
18.3416666667
19.325
23.775
37.0166666667
44.275
49.7583333333
47.9083333333
44.9583333333
49.3
47.375
50.7666666667
44.975
44.55
40.8083333333
40.6416666667
41.4
32.8916666667
22.7833333333
17.7416666667
16.75
16.675
16.3083333333
15.6
15.7416666667
17.0333333333
19.775
20.8583333333
35.9916666667
41.3083333333
45.1583333333
41.6083333333
42.6416666667
46.55
44.225
45.625
45.1916666667
39.15
36.875
34.4
37.1833333333
30.3166666667
20.5333333333
15.7
15.4583333333
15.2166666667
15.1666666667
17.9166666667
15.0416666667
15.2166666667
15.275
20.6
20.0
22.2
25.2166666667
24.85
25.0916666667
25.3083333333
25.625
24.2666666667
27.1166666667
24.1166666667
23.7666666667
23.15
23.3166666667
20.7583333333
20.0083333333
23.0
20.4
20.5
20.4916666667
20.2166666667
20.2
19.9083333333
19.9
21.6666666667
24.0333333333
24.4416666667
23.4166666667
24.1166666667
23.6416666667
23.875
23.9083333333
26.5833333333
23.5
23.3
23.0916666667
23.5333333333
23.6583333333
19.925
18.65
16.6333333333
16.375
20.05
17.6
17.5083333333
17.3833333333
20.6166666667
17.875
22.075
39.85
42.5
47.9
45.8083333333
42.625
44.8583333333
44.075
40.3833333333
43.5333333333
37.9833333333
35.2583333333
34.3333333333
35.0333333333
30.7166666667
20.8583333333
22.6416666667
19.725
18.9083333333
18.6083333333
21.4083333333
18.2666666667
21.9583333333
17.7416666667
20.9833333333
34.5166666667
40.9
46.5666666667
42.4083333333
48.0666666667
44.8083333333
42.5083333333
45.3583333333
42.5
38.975
35.5083333333
36.2166666667
35.65
31.4
21.2333333333
18.525
17.1166666667
17.125
20.0083333333
16.75
16.8083333333
20.475
21.2666666667
22.7666666667
36.875
41.3416666667
46.6333333333
42.2416666667
43.8416666667
44.8333333333
42.85
45.0083333333
41.5166666667
39.7083333333
38.4833333333
35.7583333333
37.325
31.3666666667
21.7083333333
17.1
19.65
16.625
16.525
16.3333333333
19.4333333333
17.1416666667
17.4416666667
20.2166666667
37.1333333333
40.25
44.675
43.0166666667
41.9083333333
47.0666666667
42.75
44.025
41.0666666667
37.5416666667
39.8916666667
35.7666666667
35.1
33.0416666667
21.8333333333
16.6
16.2
18.1
16.1666666667
16.1333333333
16.1166666667
20.825
20.5166666667
22.9166666667
33.9
38.2333333333
41.9916666667
41.6166666667
44.4666666667
45.5333333333
41.425
41.3
43.9083333333
38.225
35.4083333333
33.9666666667
33.375
28.5083333333
19.05
15.275
14.9916666667
14.875
14.7
17.5083333333
18.2916666667
14.55
14.8083333333
19.9833333333
19.4333333333
20.3166666667
24.625
22.6583333333
23.4166666667
25.9333333333
23.35
23.7833333333
23.65
22.55
22.1333333333
24.9416666667
22.0833333333
18.5
18.15
17.775
17.65
18.0166666667
20.9083333333
17.6666666667
17.7166666667
20.4916666667
17.3416666667
19.2333333333
21.4916666667
24.4166666667
21.7833333333
22.1833333333
22.7166666667
25.875
23.9416666667
24.5916666667
27.575
24.7833333333
24.2166666667
24.1833333333
23.4083333333
18.5833333333
17.7083333333
18.3416666667
15.5416666667
15.5333333333
15.475
15.7083333333
15.7833333333
19.525
18.35
23.5333333333
35.6
42.65
41.6416666667
41.6416666667
42.45
43.875
43.6
45.6
45.85
42.6083333333
38.9166666667
37.175
38.7916666667
34.1666666667
22.9333333333
17.0333333333
16.3833333333
18.95
15.525
15.5083333333
18.3
17.95
15.2083333333
16.9083333333
35.325
45.8916666667
47.625
45.325
46.3083333333
42.0916666667
47.1833333333
43.65
43.8083333333
41.975
35.6333333333
35.1666666667
35.1583333333
31.4166666667
24.7583333333
19.0416666667
18.725
16.9583333333
15.9
15.9166666667
15.9083333333
20.3416666667
18.0833333333
21.9
37.9166666667
45.925
44.2583333333
43.2833333333
43.4416666667
47.5833333333
45.1416666667
48.1
48.4583333333
40.2
38.425
34.8583333333
39.0916666667
35.2583333333
24.9333333333
23.6166666667
20.4
20.4
22.7
19.0583333333
18.9166666667
20.0416666667
23.525
26.2583333333
36.5916666667
45.5416666667
47.3833333333
47.35
45.9416666667
43.35
47.375
48.4166666667
46.6083333333
40.1833333333
36.6916666667
37.4833333333
36.5
33.9916666667
24.8166666667
19.6083333333
19.175
18.95
17.4166666667
16.1166666667
16.3166666667
16.7583333333
16.5666666667
19.475
37.7583333333
45.325
44.1583333333
41.225
44.25
42.5833333333
43.0833333333
44.675
43.0916666667
40.025
36.5416666667
35.675
34.2916666667
30.325
20.3083333333
16.7916666667
19.55
17.2
18.0833333333
17.7416666667
20.65
17.925
17.7916666667
22.8083333333
22.4083333333
23.35
25.65
27.9916666667
30.8333333333
38.175
38.1666666667
41.1416666667
34.3666666667
24.8583333333
25.325
24.775
24.7416666667
23.875
20.25
19.15
22.15
19.5833333333
19.4833333333
18.775
21.6333333333
18.4833333333
18.75
20.9583333333
26.225
23.4083333333
23.425
26.4833333333
24.3583333333
24.675
27.825
24.9
25.2083333333
24.8916666667
24.5083333333
24.125
24.3916666667
22.7583333333
18.6083333333
16.625
16.75
19.525
16.6666666667
16.6083333333
19.8833333333
17.025
17.2
22.0166666667
38.9
45.8833333333
43.8666666667
46.1083333333
44.3083333333
43.1166666667
44.125
48.3666666667
45.9416666667
42.075
36.7833333333
38.3333333333
38.4333333333
33.8666666667
23.475
20.3416666667
20.3833333333
20.2583333333
19.125
21.8083333333
18.275
18.15
20.8166666667
18.6583333333
35.6833333333
42.2083333333
46.3666666667
48.9
45.3583333333
47.6083333333
45.0
46.2083333333
40.2083333333
36.7083333333
36.0916666667
39.15
36.2083333333
31.2416666667
22.1833333333
19.7833333333
19.3916666667
19.2416666667
19.025
18.9916666667
20.0583333333
21.3166666667
20.7083333333
28.9666666667
37.5416666667
40.6083333333
43.3333333333
42.4916666667
44.8416666667
49.65
45.675
44.8
47.7416666667
42.9416666667
37.0166666667
36.5583333333
36.425
35.125
22.55
17.4833333333
16.6166666667
16.5416666667
16.425
16.3333333333
16.6166666667
19.8583333333
19.85
22.375
34.1916666667
39.4083333333
41.85
40.9333333333
42.2833333333
42.875
42.7
45.2
41.5666666667
38.2583333333
36.8333333333
35.0333333333
35.75
31.4083333333
21.0916666667
16.2
18.9166666667
15.8833333333
15.5583333333
18.2416666667
16.8708333333
19.6583333333
19.6916666667
23.1666666667
35.375
39.2916666667
45.6166666667
43.2166666667
40.8583333333
39.3416666667
39.0583333333
37.9083333333
35.2083333333
28.4416666667
28.2166666667
27.7166666667
27.2583333333
23.8083333333
17.0416666667
13.125
13.9
17.275
14.2083333333
13.9666666667
14.0416666667
16.9666666667
14.1583333333
16.075
18.4833333333
19.4666666667
19.8
19.2833333333
22.4
18.8666666667
18.7083333333
17.975
17.4
17.2583333333
17.3333333333
17.4416666667
17.225
14.05
17.1
14.7583333333
14.8583333333
15.1416666667
18.025
14.2916666667
14.35
17.3166666667
14.5083333333
16.3166666667
18.5416666667
21.8416666667
18.5
18.0333333333
20.5833333333
18.35
18.2416666667
18.3583333333
21.2583333333
18.2166666667
17.55
20.0833333333
17.8333333333
13.675
13.1583333333
16.3916666667
13.35
13.25
16.275
13.7583333333
14.45
14.3666666667
17.05
14.6
14.5583333333
14.3
13.5666666667
14.025
14.3166666667
14.65
14.6
14.9666666667
17.6
13.8333333333
13.45
13.2666666667
16.075
13.0333333333
12.925
15.8166666667
12.7333333333
12.8333333333
12.7916666667
15.6416666667
12.9083333333
15.0
16.9333333333
18.925
40.1916666667
44.05
42.675
43.8666666667
43.125
41.9333333333
41.1666666667
44.8916666667
42.9666666667
37.3166666667
33.7166666667
30.0666666667
29.9416666667
24.7916666667
15.1916666667
14.525
14.45
14.0666666667
16.7833333333
13.8333333333
13.825
16.675
14.55
21.0083333333
34.3166666667
39.25
41.2666666667
40.3583333333
42.7166666667
39.325
39.75
38.8
37.8
34.8333333333
30.4833333333
32.7
29.75
25.6166666667
24.9416666667
18.6583333333
14.3
14.3166666667
14.2083333333
16.925
13.9083333333
14.3833333333
17.3666666667
18.2333333333
33.0333333333
41.55
40.475
43.0833333333
39.1333333333
39.7666666667
39.5083333333
38.2083333333
41.925
33.1833333333
31.3416666667
30.7166666667
33.225
25.6083333333
15.8416666667
15.075
15.1333333333
15.0416666667
14.8333333333
14.9833333333
14.725
15.1416666667
18.5583333333
18.7833333333
34.6
44.5666666667
40.825
41.7
38.8416666667
41.7166666667
40.4666666667
39.275
38.9083333333
33.075
34.2583333333
30.7083333333
30.5083333333
26.3916666667
19.0833333333
15.1833333333
15.2916666667
15.2666666667
17.9833333333
14.9333333333
15.0416666667
15.0166666667
24.2083333333
28.075
30.8583333333
30.6333333333
30.6333333333
30.3
24.3666666667
20.7833333333
20.975
21.325
21.2666666667
21.175
20.6833333333
20.35
23.55
16.6
16.2833333333
18.975
16.025
16.425
19.15
15.4416666667
15.4333333333
15.6
18.325
27.6083333333
30.5916666667
30.4833333333
30.8166666667
30.8666666667
21.8416666667
24.075
20.9833333333
20.9833333333
24.6666666667
21.2333333333
23.825
20.8
20.975
16.1166666667
18.6666666667
15.8166666667
15.8083333333
15.85
18.8333333333
15.8166666667
15.8
16.8666666667
20.8916666667
21.5
37.8
45.2416666667
41.7666666667
44.8166666667
42.9333333333
43.9416666667
46.475
42.2583333333
44.125
34.9
31.525
31.175
30.5583333333
27.0416666667
17.3666666667
16.35
16.4583333333
16.4333333333
19.35
16.1833333333
16.3083333333
16.6333333333
19.5583333333
19.8416666667
32.9666666667
38.3333333333
40.1166666667
39.3
38.9
42.9166666667
41.9083333333
40.7916666667
36.3083333333
31.3916666667
31.0666666667
33.05
29.8833333333
26.2
16.9
18.925
16.2333333333
16.3
19.4583333333
16.1916666667
16.0
16.0666666667
20.0083333333
20.2166666667
33.3416666667
39.2916666667
41.825
40.2583333333
42.95
39.2
39.6916666667
42.9166666667
43.0583333333
33.3
31.0333333333
30.45
30.3
26.7083333333
20.4083333333
16.525
16.4583333333
16.6583333333
16.425
16.3083333333
19.375
16.575
19.4166666667
19.35
33.5833333333
41.0916666667
42.3333333333
39.05
38.1166666667
39.45
42.3083333333
40.125
40.2416666667
32.8833333333
33.5833333333
29.1
28.6666666667
25.3833333333
15.8166666667
15.2666666667
15.0833333333
15.2416666667
14.975
17.75
16.2416666667
19.4166666667
19.7166666667
22.3916666667
34.15
41.0666666667
40.4583333333
39.9333333333
42.0333333333
42.7166666667
46.4416666667
41.25
39.7583333333
37.0166666667
33.925
33.6083333333
33.725
29.7666666667
20.0083333333
22.0583333333
19.2083333333
19.075
19.1333333333
18.8333333333
18.9
18.8083333333
19.0666666667
21.0916666667
25.6916666667
23.9333333333
23.975
26.8083333333
23.9833333333
24.75
24.775
24.7416666667
27.5333333333
23.6916666667
22.4916666667
21.8583333333
24.6916666667
17.9
17.825
17.575
20.5
17.9333333333
17.7083333333
20.0333333333
20.5416666667
17.3333333333
17.325
22.1083333333
20.8333333333
21.2916666667
22.6083333333
25.9583333333
23.0333333333
22.85
25.4583333333
22.775
23.0833333333
25.5833333333
21.6833333333
21.425
21.5833333333
17.7333333333
17.25
17.05
17.0416666667
16.9916666667
17.2416666667
17.3916666667
20.2583333333
17.625
20.3833333333
27.2
37.2083333333
41.4416666667
42.5916666667
45.55
41.425
45.675
42.7916666667
42.5416666667
36.5916666667
32.0
32.4583333333
32.5083333333
32.875
28.6583333333
20.6333333333
16.3416666667
16.1333333333
16.175
15.9833333333
15.875
18.8416666667
19.35
17.5166666667
21.0333333333
36.875
40.9
41.95
42.5083333333
41.8916666667
43.325
39.575
40.7666666667
40.7583333333
31.7416666667
30.85
30.4
30.3416666667
25.8916666667
15.625
14.7583333333
14.575
14.5333333333
17.525
14.4666666667
14.8583333333
15.7666666667
19.6833333333
19.0166666667
37.4416666667
38.1833333333
38.9
39.9916666667
38.15
40.0333333333
42.1416666667
39.9916666667
36.1666666667
29.3166666667
28.8833333333
28.325
28.275
27.4
14.775
12.65
12.775
12.6666666667
12.8833333333
15.3833333333
13.3416666667
14.5083333333
17.725
21.0666666667
33.3
40.5
40.0166666667
42.1
37.9
37.625
37.7666666667
38.0166666667
35.1666666667
30.425
30.0083333333
29.7666666667
32.3416666667
25.3
16.0416666667
14.8083333333
17.6166666667
14.75
14.7416666667
17.5166666667
14.825
14.8333333333
15.0416666667
20.5833333333
32.7
41.0666666667
42.525
42.0583333333
37.6583333333
37.6833333333
39.6416666667
37.2916666667
37.0833333333
30.8
30.75
30.65
30.5416666667
28.775
15.925
14.75
14.9166666667
14.8833333333
15.225
14.85
17.7916666667
14.675
14.7916666667
17.4083333333
23.3083333333
20.4583333333
20.3
20.275
19.95
19.6583333333
22.725
19.975
20.3166666667
20.3083333333
20.3083333333
19.9333333333
19.775
18.5583333333
15.325
15.225
18.5416666667
15.675
15.5083333333
14.7333333333
14.5333333333
14.6083333333
14.6833333333
20.4666666667
20.25
20.15
19.9166666667
22.9583333333
20.3833333333
20.575
20.5583333333
23.1583333333
19.9416666667
19.9916666667
20.2666666667
19.9083333333
19.8083333333
15.225
17.9416666667
15.0166666667
14.95
14.8916666667
14.8666666667
15.0666666667
15.1916666667
18.0416666667
15.7
22.0166666667
35.8166666667
38.8
40.1333333333
39.375
38.55
38.9333333333
38.9583333333
38.3666666667
38.4083333333
31.6416666667
31.0833333333
30.3833333333
33.1083333333
25.15
15.3583333333
14.9
14.7416666667
14.9083333333
17.4166666667
14.275
14.3416666667
14.6083333333
18.0916666667
17.3333333333
36.325
38.1666666667
38.625
38.7416666667
38.3583333333
38.425
41.3583333333
38.975
35.7583333333
30.975
33.4166666667
30.2833333333
29.6833333333
25.275
15.6083333333
17.6416666667
14.8333333333
14.875
14.7916666667
14.8
14.45
17.6833333333
18.45
18.9916666667
32.7
40.7083333333
38.7
39.8916666667
40.7666666667
39.625
42.9
39.6
36.2166666667
30.4833333333
30.5083333333
30.1416666667
29.5083333333
25.0083333333
15.325
17.675
17.7666666667
14.6166666667
14.6083333333
14.5166666667
14.7583333333
17.45
17.8666666667
18.0583333333
33.7833333333
36.825
37.725
36.6583333333
39.5083333333
36.2166666667
35.975
36.0
33.85
30.4166666667
30.35
29.8083333333
29.575
25.3
15.75
14.9416666667
15.0416666667
14.9
14.7666666667
14.575
17.1
17.6083333333
14.5166666667
21.5333333333
33.4916666667
36.8583333333
41.6833333333
37.45
40.0
37.7916666667
38.05
38.8583333333
35.3916666667
31.3916666667
30.3833333333
29.5666666667
29.8083333333
25.6083333333
14.9166666667
13.675
16.8
13.75
13.6083333333
16.3083333333
13.55
13.3916666667
13.5166666667
15.975
18.5666666667
18.1
18.25
18.3416666667
18.8
21.4916666667
18.875
18.9333333333
22.175
18.8166666667
18.3666666667
18.3
18.275
14.5083333333
14.2583333333
14.075
14.0666666667
14.2166666667
17.1166666667
13.425
13.4166666667
16.4333333333
13.75
15.925
18.5916666667
21.1583333333
19.25
19.0333333333
22.05
19.0083333333
18.8416666667
18.8
21.7416666667
18.65
21.2583333333
18.55
18.525
14.2666666667
17.0
13.7916666667
13.8833333333
16.7333333333
14.0166666667
14.05
14.25
14.0333333333
15.1583333333
23.075
35.825
42.0416666667
40.4
43.1833333333
41.8
38.9166666667
40.7333333333
39.8083333333
34.9166666667
30.8416666667
30.5
29.875
29.9916666667
25.3333333333
15.9583333333
15.225
18.1
14.8916666667
14.7333333333
15.6416666667
14.5166666667
14.75
15.8833333333
17.2333333333
37.3666666667
43.0333333333
41.9416666667
43.525
42.3833333333
42.8583333333
36.7833333333
39.4166666667
35.6583333333
30.275
30.6833333333
30.0666666667
29.9416666667
25.2833333333
18.4833333333
14.5
14.6916666667
14.4
14.4333333333
14.625
14.3833333333
17.225
15.4166666667
19.3666666667
37.7666666667
37.4333333333
39.25
38.7166666667
38.8583333333
38.5083333333
39.1
39.1416666667
38.825
31.7166666667
30.9916666667
33.0583333333
30.4083333333
26.6083333333
16.6916666667
18.5916666667
15.8166666667
15.9583333333
18.6583333333
15.4833333333
15.7083333333
15.5666666667
19.7833333333
19.95
35.8
38.7583333333
40.2666666667
40.2
39.025
41.4833333333
41.9083333333
41.9166666667
36.4083333333
35.1166666667
30.8666666667
30.575
29.9916666667
28.9083333333
16.4333333333
15.525
15.4833333333
15.5
15.35
15.2666666667
18.3333333333
15.325
16.5666666667
20.1583333333
34.1666666667
39.4083333333
40.4833333333
37.2916666667
37.1
37.2166666667
37.0166666667
36.8833333333
33.25
30.775
30.0833333333
29.9416666667
29.575
28.675
16.325
15.2
17.9083333333
14.975
14.9
17.475
14.5583333333
14.65
17.55
17.1916666667
19.6833333333
19.75
19.7166666667
19.4083333333
20.1
22.9916666667
20.075
20.125
19.7333333333
22.6
19.3166666667
19.2166666667
22.0916666667
15.8583333333
15.525
15.4166666667
18.05
15.4916666667
15.2
14.7083333333
14.5666666667
14.775
14.9
16.825
19.2
22.25
19.2083333333
19.6416666667
19.7333333333
19.7833333333
20.025
19.7583333333
22.6083333333
19.8083333333
19.3083333333
19.3583333333
19.3166666667
15.1916666667
14.6833333333
14.8083333333
14.8916666667
14.8833333333
14.6583333333
17.8333333333
15.0333333333
14.9333333333
17.7083333333
20.95
32.35
36.8083333333
38.5083333333
38.0666666667
38.3833333333
39.5083333333
36.8166666667
39.05
36.1083333333
30.4916666667
29.5666666667
29.5833333333
29.125
25.125
15.8083333333
17.85
15.0666666667
15.0666666667
14.7
14.5083333333
14.6166666667
14.925
17.7083333333
15.1333333333
36.3
36.5583333333
40.5416666667
36.35
36.7166666667
40.675
37.3166666667
39.8666666667
33.675
31.5583333333
33.7166666667
30.7916666667
29.95
28.7
24.6833333333
15.5083333333
17.475
14.575
14.475
14.5
14.4166666667
15.1666666667
14.8583333333
17.875
33.45
38.8583333333
39.8083333333
37.7666666667
37.6833333333
37.7916666667
37.85
37.075
34.05
33.0
29.9916666667
29.2416666667
31.6583333333
25.1083333333
15.6333333333
14.825
14.75
14.7666666667
14.6
17.4666666667
14.4666666667
14.9166666667
16.1166666667
19.35
36.9916666667
37.425
40.375
39.0416666667
39.5083333333
36.325
42.0
37.5833333333
34.0583333333
33.25
29.0
28.8833333333
29.0166666667
25.2666666667
15.5916666667
17.8666666667
14.65
14.3833333333
14.3833333333
14.3583333333
14.2
14.3
14.4666666667
17.2916666667
28.65
32.2083333333
29.3666666667
29.2166666667
29.8
30.35
29.8583333333
30.1583333333
30.0166666667
30.3666666667
29.8583333333
29.0083333333
29.225
28.5666666667
15.4666666667
14.6583333333
14.6583333333
17.5916666667
14.6416666667
14.5916666667
18.2916666667
14.5583333333
14.5833333333
16.5833333333
19.1333333333
18.8916666667
21.7916666667
18.925
19.3
19.6083333333
19.475
19.4833333333
22.5916666667
19.575
19.5083333333
22.1666666667
19.0583333333
15.4
17.875
15.0583333333
14.9916666667
15.575
18.15
14.45
14.3333333333
17.2166666667
14.5166666667
16.5916666667
22.1916666667
19.0916666667
19.375
19.1583333333
22.05
19.8333333333
22.9
19.9666666667
20.6083333333
20.4333333333
19.9
19.425
22.3583333333
15.2333333333
15.075
15.125
18.225
14.9583333333
15.0916666667
14.9416666667
17.9083333333
18.7416666667
17.7916666667
21.325
36.7
39.0833333333
39.2916666667
40.4166666667
40.0166666667
38.55
38.0333333333
38.4583333333
35.9166666667
31.3416666667
31.0
33.2333333333
29.725
25.2666666667
16.0666666667
17.8916666667
15.0083333333
14.7916666667
17.6916666667
14.5666666667
14.6333333333
14.625
14.975
15.8166666667
34.4083333333
40.9333333333
40.2333333333
38.2833333333
38.4583333333
38.2083333333
38.8166666667
38.3583333333
38.6333333333
31.8833333333
30.95
30.3416666667
30.0583333333
28.2416666667
15.7333333333
14.5916666667
17.5583333333
14.8416666667
14.8083333333
14.4333333333
17.6416666667
14.425
14.6166666667
17.925
35.5833333333
38.8333333333
40.0083333333
38.2833333333
38.5666666667
37.8833333333
38.7
38.6333333333
35.925
31.0833333333
30.8833333333
29.9666666667
29.5583333333
24.9833333333
15.275
17.4166666667
14.75
14.6083333333
14.3916666667
17.0916666667
14.325
14.4
15.0666666667
18.0333333333
32.55
38.2833333333
38.8416666667
40.55
37.0666666667
40.2833333333
37.9166666667
38.0583333333
34.7666666667
30.8833333333
30.375
32.875
29.625
25.4666666667
15.6833333333
17.4416666667
14.6083333333
14.5833333333
14.575
14.4083333333
14.725
17.4833333333
17.5
17.2583333333
32.7666666667
39.0916666667
37.3916666667
40.575
36.8666666667
37.1333333333
37.0833333333
36.9083333333
34.325
30.5916666667
30.1416666667
29.9416666667
29.725
25.6083333333
18.3583333333
14.675
14.625
17.4
14.3916666667
14.3166666667
14.2583333333
14.1916666667
14.4333333333
16.8
19.4916666667
19.4666666667
19.35
19.4916666667
19.725
19.8166666667
19.5416666667
19.5666666667
19.375
19.625
19.35
19.3083333333
22.025
15.1416666667
14.525
14.6916666667
17.6666666667
15.3416666667
14.8833333333
17.1083333333
14.075
14.1333333333
14.1583333333
19.7666666667
19.7
19.675
19.9166666667
19.7
19.2666666667
19.8583333333
19.825
20.1
20.7333333333
20.575
20.2083333333
20.0416666667
19.6583333333
14.925
14.5583333333
14.7833333333
14.7333333333
14.7
14.825
14.775
14.475
14.675
14.825
18.1333333333
34.8833333333
41.475
38.65
39.3333333333
38.05
38.4083333333
42.2666666667
39.325
35.725
33.6333333333
29.8916666667
29.9166666667
29.8833333333
25.9
15.8416666667
14.7
14.5916666667
17.5333333333
14.475
14.4166666667
17.3
14.7166666667
14.9
18.6416666667
33.7833333333
40.675
37.45
39.75
37.225
37.8666666667
40.8333333333
37.9916666667
35.0833333333
30.4083333333
29.475
29.1666666667
28.9083333333
24.575
14.8583333333
17.05
14.1916666667
14.2416666667
17.175
14.2916666667
13.9333333333
14.0
17.4166666667
17.7333333333
32.4
36.6416666667
40.15
36.925
36.9
37.1416666667
39.8333333333
36.9916666667
33.65
30.0833333333
30.0083333333
32.225
28.7166666667
24.9333333333
15.1666666667
17.1166666667
14.35
14.3166666667
17.375
14.2416666667
14.2416666667
17.25
14.4333333333
17.1666666667
31.8166666667
36.2166666667
39.8
36.2166666667
39.1333333333
36.4
36.1166666667
35.8083333333
32.675
29.7333333333
28.925
28.3083333333
28.25
24.2916666667
15.025
17.2833333333
14.375
14.175
17.1916666667
14.175
14.2083333333
17.275
14.35
17.1166666667
31.7666666667
39.1166666667
39.275
36.225
35.575
40.15
38.8583333333
36.15
32.5333333333
29.9166666667
29.3
31.6583333333
29.0333333333
25.125
18.675
14.7916666667
14.5333333333
14.475
17.4333333333
14.2833333333
14.2166666667
14.2416666667
14.4833333333
17.5083333333
19.75
19.4333333333
19.45
19.1666666667
19.425
19.6
19.3916666667
19.1166666667
19.25
19.225
19.125
19.0583333333
18.875
14.7666666667
14.475
14.45
14.525
15.0
14.5416666667
16.875
17.7166666667
14.0583333333
14.125
19.6916666667
19.325
19.2166666667
19.2
22.1
19.1416666667
19.4916666667
19.4583333333
19.675
19.3
22.2166666667
19.2166666667
19.075
18.8
17.5416666667
14.0083333333
14.6083333333
17.5916666667
14.8583333333
14.65
14.8666666667
17.3833333333
14.8083333333
14.7666666667
20.9833333333
34.3916666667
38.5666666667
41.2833333333
38.6416666667
40.325
36.5666666667
36.3666666667
36.4166666667
30.725
30.225
30.2166666667
29.8833333333
29.5333333333
27.5583333333
15.0416666667
14.2083333333
17.1916666667
14.4
14.6083333333
14.7583333333
10.0375
15.0583333333
20.7833333333
22.175
37.0916666667
43.1333333333
39.3416666667
38.6583333333
41.55
37.9583333333
40.15
37.325
34.0083333333
30.4
30.45
29.7166666667
29.5
25.325
15.675
14.6916666667
17.7
14.8333333333
14.9
14.9416666667
14.825
14.7166666667
17.6916666667
17.85
32.9583333333
36.775
38.25
37.0416666667
36.6416666667
36.975
40.075
37.275
34.25
30.3666666667
29.3916666667
28.8
28.6916666667
27.6
15.1916666667
14.65
17.4833333333
14.4666666667
14.525
14.425
14.4333333333
14.5083333333
14.8
17.7833333333
34.1916666667
37.675
41.8416666667
42.5666666667
39.2083333333
38.375
38.0166666667
41.0916666667
34.925
29.825
29.7416666667
28.9833333333
28.5583333333
24.475
15.1166666667
14.4916666667
14.6333333333
14.5083333333
17.075
14.125
14.9
16.7583333333
14.6916666667
17.8083333333
31.85
34.5583333333
37.35
35.1333333333
34.9833333333
36.525
36.775
35.5666666667
32.8416666667
30.2416666667
30.175
30.1333333333
29.8083333333
28.525
16.175
14.9666666667
15.1583333333
14.9
15.2333333333
15.05
15.025
14.9
14.925
20.3
19.9166666667
19.8083333333
19.8166666667
19.975
19.875
19.625
19.35
19.3833333333
19.15
22.425
19.6416666667
19.525
19.15
18.0
14.725
14.8333333333
17.8916666667
15.6666666667
15.2416666667
14.4416666667
17.35
14.325
14.3833333333
17.125
22.55
19.5
19.3583333333
19.4333333333
22.1666666667
19.525
19.3
19.65
19.4583333333
19.425
19.8916666667
22.4583333333
19.2333333333
14.9666666667
14.7833333333
17.525
14.7666666667
14.6083333333
17.825
14.8583333333
14.875
14.8333333333
18.625
22.0
34.1666666667
38.6083333333
39.1916666667
39.4416666667
39.0416666667
38.5416666667
38.6666666667
38.4333333333
37.825
30.8
29.7083333333
29.1916666667
28.8916666667
24.7583333333
17.975
14.1583333333
14.3583333333
14.25
14.1333333333
13.925
14.0416666667
14.225
15.2166666667
15.7166666667
34.25
38.2416666667
37.75
40.775
37.6166666667
40.675
38.525
35.0
35.0583333333
27.75
29.775
32.7916666667
29.8333333333
25.25
15.25
14.375
14.675
14.6083333333
14.5
14.3416666667
17.1833333333
14.9916666667
15.0
17.9333333333
35.25
41.2
39.15
40.9666666667
38.25
42.775
40.75
38.3833333333
32.575
28.3583333333
27.525
30.1666666667
29.3583333333
24.9166666667
15.0083333333
14.3916666667
14.4
14.35
17.2333333333
14.7666666667
14.625
18.1583333333
17.85
18.4416666667
33.8916666667
38.4166666667
41.4
37.7083333333
37.1583333333
37.2666666667
38.0416666667
34.7166666667
34.55
27.4666666667
32.4
29.1916666667
29.15
24.7333333333
17.8166666667
14.2333333333
14.2416666667
14.2083333333
16.95
13.9333333333
13.9583333333
17.425
14.55
17.65
31.85
36.8833333333
41.4916666667
37.8833333333
36.9
36.5833333333
36.8916666667
36.5833333333
32.5666666667
30.1083333333
32.7083333333
29.5083333333
29.4166666667
25.2833333333
15.6666666667
14.6666666667
14.75
17.3666666667
14.4416666667
14.2916666667
14.4666666667
17.3
14.4416666667
16.8666666667
19.4833333333
19.4833333333
19.5583333333
19.1916666667
22.6583333333
19.9916666667
19.9833333333
19.4666666667
19.725
19.4833333333
22.3416666667
19.3
19.125
15.15
14.5333333333
14.7833333333
15.1
15.895
16.0075
15.285
15.47
15.08
14.72
17.3225
19.71
20.1575
20.1625
20.47
20.57
20.375
20.6025
20.4675
20.5025
19.4818181818
22.0916666667
18.9583333333
18.975
14.6166666667
14.325
14.4333333333
14.5916666667
17.375
14.5416666667
14.5916666667
17.4833333333
14.5
15.0333333333
18.1416666667
34.3166666667
42.125
39.6833333333
39.2416666667
39.1166666667
38.175
38.6583333333
38.8
38.35
30.975
30.175
29.7083333333
29.4333333333
24.8
15.6416666667
17.35
14.5166666667
14.7
14.6
17.3666666667
14.5583333333
14.7833333333
18.2916666667
19.8416666667
35.0166666667
41.0083333333
38.3666666667
38.3666666667
40.6583333333
38.55
38.5416666667
40.6833333333
34.3333333333
31.3083333333
30.4583333333
29.6083333333
29.0833333333
27.5333333333
14.925
14.125
14.05
17.0916666667
14.2
14.0916666667
14.125
16.9833333333
14.0333333333
17.3833333333
34.2333333333
38.4333333333
41.6583333333
38.725
38.2083333333
38.3583333333
39.5916666667
41.125
35.6
30.7416666667
33.625
29.8916666667
29.7
25.0833333333
15.4416666667
14.4416666667
14.6583333333
14.5916666667
17.3833333333
14.3166666667
14.6
17.5666666667
14.85
17.2916666667
32.8333333333
40.0583333333
38.7833333333
38.8583333333
45.0833333333
37.8
38.9416666667
39.0083333333
35.0583333333
31.575
30.4083333333
29.4666666667
29.4083333333
27.9
15.3166666667
14.4583333333
14.5833333333
14.5666666667
14.4583333333
14.325
17.2333333333
14.6666666667
17.4583333333
17.55
33.725
38.1
39.525
40.3583333333
40.575
37.5333333333
37.9916666667
38.0166666667
37.2333333333
30.025
29.35
29.2583333333
29.3416666667
24.85
15.1916666667
16.9
13.7416666667
13.7416666667
13.6666666667
13.4166666667
13.6583333333
13.6083333333
16.5166666667
15.925
18.6833333333
18.7833333333
18.9
19.125
19.2833333333
21.8666666667
18.725
18.6666666667
18.875
19.2083333333
18.85
18.5916666667
21.5083333333
14.675
13.9833333333
14.0
14.0666666667
14.6333333333
17.325
13.8333333333
13.525
13.6333333333
13.6583333333
16.4583333333
18.8666666667
18.8833333333
21.5916666667
19.0916666667
19.0833333333
22.1833333333
19.0666666667
19.1583333333
19.275
19.0416666667
18.9583333333
18.75
21.8083333333
14.275
13.85
13.9166666667
16.675
13.8166666667
14.0166666667
13.9333333333
13.975
16.7333333333
17.4916666667
17.7333333333
35.8083333333
37.975
39.7
38.2166666667
37.95
38.1666666667
38.6
37.9916666667
35.125
30.5166666667
29.8416666667
29.0666666667
29.0
25.3416666667
15.5666666667
14.5
17.45
14.4916666667
14.25
17.0666666667
14.3166666667
14.4583333333
17.2
15.2083333333
33.2833333333
40.4
39.8916666667
38.6083333333
38.0333333333
38.05
38.2666666667
38.0583333333
34.8166666667
30.7166666667
29.6833333333
29.125
32.05
25.4166666667
15.625
14.4666666667
17.3916666667
14.5833333333
14.4333333333
17.2416666667
14.4666666667
14.5416666667
17.4916666667
17.8083333333
33.8166666667
37.975
38.4916666667
38.1666666667
37.3416666667
37.2
38.1166666667
38.4583333333
35.075
30.75
29.3083333333
28.4583333333
31.2666666667
24.5666666667
15.2083333333
14.2166666667
14.1666666667
14.025
14.4916666667
17.25
14.3833333333
17.4416666667
15.7
21.3083333333
33.7083333333
39.8083333333
37.45
36.775
36.525
39.375
36.2583333333
36.025
36.5416666667
30.3833333333
31.9833333333
28.4166666667
28.5166666667
24.5416666667
17.9166666667
14.225
14.3
14.2916666667
14.1333333333
14.0166666667
14.075
14.125
14.425
19.05
33.475
39.775
37.2416666667
36.7333333333
39.5833333333
36.3333333333
39.5583333333
36.3666666667
32.375
32.2666666667
29.2583333333
28.925
29.1833333333
28.0666666667
15.775
14.525
17.15
14.3916666667
14.6416666667
17.275
14.1166666667
14.475
14.4083333333
19.4583333333
19.4583333333
19.3083333333
19.0916666667
19.2833333333
20.1083333333
20.0583333333
22.6916666667
19.8583333333
19.7666666667
19.625
22.6833333333
19.925
19.7333333333
15.3
14.95
14.8
15.2416666667
18.3083333333
15.2583333333
14.5666666667
17.3833333333
14.475
14.6166666667
19.9083333333
19.675
19.625
19.6833333333
22.525
20.225
20.3
22.975
20.5416666667
20.0666666667
20.0083333333
22.5166666667
19.3166666667
19.225
14.7583333333
14.4083333333
14.7666666667
14.725
14.8916666667
17.85
14.9583333333
14.9916666667
15.35
18.8666666667
22.0333333333
35.0
39.275
42.4666666667
38.575
39.1916666667
38.8166666667
39.3666666667
35.2916666667
31.7333333333
27.7916666667
29.85
29.9416666667
29.4166666667
24.6583333333
18.275
14.4833333333
14.7416666667
14.3333333333
14.2916666667
17.1416666667
14.35
14.8
18.675
17.5416666667
34.9166666667
38.0583333333
39.1
37.9333333333
37.4916666667
37.525
38.2416666667
35.1416666667
32.1666666667
27.8666666667
30.15
29.5916666667
29.25
24.7083333333
15.0583333333
14.3833333333
17.3166666667
14.325
14.1916666667
14.2666666667
14.0666666667
14.2916666667
14.3
18.3666666667
35.05
38.125
42.2166666667
37.925
37.3083333333
37.2416666667
38.8333333333
40.825
34.225
31.3666666667
30.7166666667
29.375
29.2416666667
24.7333333333
17.8666666667
14.0083333333
14.25
17.075
14.1416666667
14.15
14.025
14.225
14.6083333333
18.0416666667
34.8
37.175
38.8833333333
41.525
38.625
37.775
38.3166666667
38.875
34.85
30.9166666667
30.2583333333
29.6583333333
29.3333333333
24.9333333333
15.6083333333
17.5
14.525
14.5166666667
14.3083333333
17.05
14.125
14.275
17.5666666667
18.1916666667
34.0083333333
36.975
41.3083333333
38.5416666667
40.425
40.3166666667
38.6166666667
37.6083333333
36.5916666667
30.5833333333
32.275
29.2083333333
29.525
25.275
15.7
13.9916666667
13.9583333333
14.0583333333
16.95
13.95
14.0
14.025
14.0083333333
16.5083333333
18.95
19.125
19.1083333333
19.225
19.45
22.6333333333
19.4
19.7333333333
22.5666666667
20.1666666667
18.875
18.8166666667
21.7166666667
14.7416666667
14.475
14.3833333333
17.7166666667
15.2916666667
14.8333333333
14.2583333333
17.0
14.1
14.3666666667
19.6166666667
19.4833333333
19.3
18.95
21.8416666667
19.325
19.65
23.075
20.6
20.4583333333
19.8666666667
22.1416666667
19.1583333333
19.3
15.3
17.3666666667
14.6666666667
14.4833333333
14.5166666667
14.75
14.5583333333
14.5166666667
17.8833333333
16.1833333333
20.4333333333
37.85
37.0833333333
39.65
42.25
38.775
38.075
41.6416666667
41.1583333333
35.6583333333
30.55
30.0083333333
29.75
29.425
24.6416666667
17.8333333333
14.1666666667
14.1
14.0333333333
16.8416666667
13.775
13.775
17.1666666667
17.2
15.525
36.5666666667
40.5166666667
40.2916666667
41.9333333333
39.325
39.4833333333
41.8
38.7833333333
37.1583333333
34.2166666667
35.95
32.7666666667
32.4916666667
28.225
18.6833333333
17.875
18.15
17.9166666667
17.8666666667
17.6916666667
17.6916666667
20.775
17.4083333333
21.5916666667
34.8583333333
38.2833333333
42.5416666667
39.6166666667
39.5583333333
41.475
38.8666666667
39.45
36.5166666667
31.7416666667
30.4083333333
29.55
29.1
28.05
15.7666666667
15.0833333333
18.0333333333
15.0416666667
14.8333333333
17.7083333333
14.9166666667
17.7666666667
15.4583333333
18.7083333333
34.2083333333
36.9083333333
39.1166666667
41.5
38.425
38.6083333333
41.35
38.325
34.4916666667
33.425
29.3083333333
31.725
28.9416666667
25.05
15.8
14.85
14.6833333333
14.6916666667
14.4333333333
17.2333333333
14.3416666667
15.2666666667
15.6416666667
18.2666666667
33.3416666667
38.8
36.8583333333
39.7916666667
37.575
37.3
37.325
40.7166666667
34.35
33.125
29.8083333333
29.975
29.5583333333
25.575
16.0916666667
14.85
14.925
17.8166666667
15.15
14.85
17.7333333333
14.95
15.0
17.625
19.7166666667
19.5916666667
22.9333333333
20.2833333333
20.4083333333
20.9916666667
21.6083333333
20.725
20.2166666667
20.8
19.6166666667
19.3833333333
22.125
15.025
14.5583333333
14.6166666667
17.55
15.1166666667
15.225
14.3083333333
16.975
14.2416666667
14.175
19.5333333333
19.3416666667
19.2666666667
22.05
19.7333333333
20.4333333333
20.7583333333
20.4333333333
20.125
20.3166666667
19.5333333333
22.275
19.625
19.5416666667
15.175
14.7583333333
14.975
14.975
17.9166666667
14.775
15.0
14.8916666667
17.9333333333
15.5166666667
21.025
34.725
39.1916666667
40.6
39.0583333333
38.7
38.8166666667
42.5583333333
39.0833333333
36.1083333333
31.5
30.2916666667
30.0166666667
29.375
25.075
15.525
17.4416666667
14.4916666667
14.4916666667
14.4416666667
14.4083333333
17.5416666667
14.4916666667
15.0166666667
19.0666666667
34.2666666667
37.7
40.8583333333
38.3083333333
39.0833333333
39.2166666667
39.5416666667
42.9833333333
36.8
28.9083333333
30.2583333333
29.7416666667
29.6583333333
25.45
15.8166666667
17.8333333333
14.8333333333
15.05
14.825
17.4
14.0
14.0166666667
14.1
17.4916666667
35.775
43.4083333333
41.825
45.3583333333
41.725
42.325
43.9333333333
42.1916666667
35.3166666667
29.1416666667
31.2083333333
30.8666666667
30.7833333333
25.7666666667
16.0333333333
14.9
17.725
14.9
14.675
17.4083333333
14.6916666667
14.7333333333
20.3416666667
20.8
37.3083333333
42.7083333333
46.6416666667
43.4
43.1
42.9666666667
43.4666666667
40.6916666667
35.65
28.925
34.2916666667
30.875
31.05
25.0666666667
15.575
15.5833333333
14.7583333333
14.525
14.5583333333
14.3
14.5333333333
14.5416666667
19.0666666667
19.55
37.15
43.9416666667
45.0666666667
42.3333333333
44.225
43.8833333333
41.575
40.6666666667
39.65
31.35
30.4583333333
33.2666666667
30.2083333333
25.425
15.9583333333
14.9833333333
15.0
14.7916666667
14.7083333333
14.4333333333
14.3083333333
13.85
14.3083333333
16.9083333333
22.9583333333
19.8583333333
19.9083333333
23.275
20.525
21.3666666667
24.5333333333
21.1166666667
20.75
20.925
20.1583333333
19.65
19.6083333333
14.925
14.525
14.4
14.4583333333
17.5083333333
14.8333333333
14.3666666667
14.1833333333
16.9666666667
14.25
17.15
20.2583333333
19.925
19.9916666667
20.4416666667
23.875
21.025
21.2916666667
24.1583333333
20.4333333333
20.2
22.9416666667
19.875
19.6416666667
14.3916666667
16.9333333333
14.0666666667
14.125
17.125
14.1833333333
14.0416666667
14.2833333333
16.8333333333
14.0583333333
14.425
14.5166666667
14.2416666667
15.4583333333
16.0833333333
18.5
16.0833333333
15.3583333333
15.225
15.4916666667
15.5333333333
15.5416666667
17.3833333333
14.35
14.375
14.4583333333
14.5166666667
14.3333333333
14.45
14.5166666667
14.3166666667
14.6416666667
14.85
17.9083333333
17.7833333333
39.975
41.5666666667
42.1
42.4
41.8833333333
41.025
41.65
38.5583333333
37.75
31.3166666667
32.2
31.5166666667
30.7666666667
28.1
15.2916666667
14.7833333333
14.5583333333
14.7166666667
14.8583333333
14.8666666667
14.5166666667
15.025
15.4666666667
19.3666666667
36.475
44.6333333333
42.3333333333
44.2416666667
41.8333333333
41.8916666667
42.6666666667
42.575
41.7833333333
34.5416666667
31.7333333333
30.6583333333
30.45
25.1583333333
18.4166666667
14.35
14.3333333333
14.4083333333
17.4666666667
14.5
14.875
15.3833333333
15.6666666667
18.025
35.35
40.6333333333
42.2
42.55
43.4
41.8833333333
42.0416666667
44.875
40.4416666667
35.325
30.95
29.7583333333
29.4083333333
27.3166666667
14.7416666667
13.925
16.8583333333
13.925
13.75
13.925
16.9916666667
14.225
17.7166666667
22.3333333333
34.2416666667
38.7166666667
45.7
44.525
40.3333333333
40.6416666667
41.2416666667
41.475
43.3583333333
32.4083333333
30.3666666667
29.9333333333
29.9916666667
25.2583333333
15.725
14.4333333333
14.375
17.1666666667
14.5666666667
14.3
14.2166666667
14.4916666667
14.3583333333
16.8833333333
19.6166666667
19.45
19.825
22.9
20.6833333333
20.3083333333
19.9416666667
20.325
20.3916666667
20.0833333333
20.1666666667
20.0666666667
20.1166666667
18.3416666667
14.8583333333
14.6416666667
17.7333333333
15.0666666667
15.0416666667
14.5083333333
14.525
14.45
14.4333333333
19.8
19.5916666667
19.7833333333
20.55
20.0083333333
19.9666666667
20.4833333333
19.7833333333
20.0333333333
23.825
20.175
20.5583333333
20.1166666667
22.2416666667
14.7166666667
14.3333333333
17.275
14.225
14.5916666667
17.4833333333
14.3666666667
14.4
14.55
17.3666666667
21.425
39.425
38.3333333333
39.9
40.9166666667
40.8583333333
40.5
43.7583333333
40.2416666667
35.0333333333
26.55
21.8333333333
20.1083333333
22.5333333333
15.5583333333
14.825
14.8666666667
14.8333333333
14.7666666667
14.525
14.4333333333
14.5833333333
15.3083333333
17.7083333333
17.2083333333
27.7166666667
29.35
45.4166666667
48.925
43.8916666667
44.2166666667
45.875
45.0
42.125
39.9333333333
36.4916666667
35.6333333333
34.4916666667
30.575
25.4333333333
20.7333333333
17.625
17.6416666667
17.85
17.5416666667
17.3416666667
17.875
18.55
23.9916666667
38.9333333333
43.8583333333
45.65
48.8666666667
45.4916666667
46.5583333333
49.8833333333
45.45
44.1583333333
39.65
38.15
36.625
35.3666666667
26.7916666667
20.0916666667
16.0833333333
15.725
15.9333333333
15.55
15.6
15.7416666667
19.2666666667
16.8583333333
20.7916666667
29.0
34.2416666667
45.275
47.7916666667
47.7833333333
49.6833333333
49.3166666667
47.7583333333
40.225
29.45
29.0
26.675
26.7833333333
21.4916666667
20.35
21.3916666667
17.5333333333
17.5166666667
17.4333333333
17.3333333333
17.4833333333
19.1083333333
18.2416666667
20.875
28.0166666667
41.2416666667
46.3083333333
46.0166666667
41.0083333333
37.375
35.6833333333
34.2833333333
32.8416666667
29.9833333333
27.0333333333
28.8083333333
26.2083333333
20.9666666667
20.025
17.9916666667
20.4166666667
17.0583333333
16.9583333333
19.75
16.8666666667
16.825
16.925
22.85
22.3166666667
22.0666666667
26.6333333333
25.5333333333
25.9333333333
25.475
25.3166666667
24.7916666667
24.8583333333
21.6666666667
21.0666666667
23.8916666667
20.8916666667
17.0833333333
16.5833333333
16.2666666667
16.3833333333
16.5916666667
19.525
15.575
15.6166666667
15.4916666667
18.525
18.3
21.1916666667
21.1416666667
20.8083333333
20.825
22.75
21.6
23.1083333333
26.425
23.0083333333
23.0416666667
25.5333333333
23.525
23.9666666667
21.1833333333
16.6666666667
15.4166666667
15.4083333333
15.525
15.5416666667
15.3916666667
15.975
18.9583333333
22.2583333333
20.9333333333
40.05
42.55
41.975
46.825
45.4
51.2666666667
48.575
46.5
40.1083333333
31.5833333333
26.9583333333
25.8416666667
25.75
21.25
20.7083333333
18.95
15.2916666667
15.2583333333
15.1083333333
17.8916666667
15.6166666667
18.575
18.7333333333
21.675
27.0666666667
33.4083333333
43.8333333333
45.4083333333
47.1333333333
48.175
50.475
50.75
47.0166666667
41.5
41.3083333333
37.2
36.975
34.1583333333
28.9083333333
21.575
17.7416666667
17.7333333333
17.6916666667
20.5583333333
17.625
21.725
19.2583333333
22.9916666667
37.2416666667
45.4333333333
43.8916666667
46.5083333333
45.1
45.7416666667
43.1083333333
35.3333333333
30.5833333333
27.0416666667
35.9416666667
36.0
35.6916666667
27.925
20.7
21.3833333333
18.1083333333
18.075
18.1166666667
20.8083333333
17.9916666667
18.6083333333
18.4166666667
24.2
27.5416666667
33.0333333333
44.8666666667
47.2666666667
45.7083333333
45.625
45.6
43.7833333333
41.675
29.8083333333
25.3583333333
24.9583333333
24.5166666667
20.4833333333
23.0666666667
15.775
15.6916666667
15.4416666667
15.2583333333
15.1416666667
15.4
19.5916666667
22.35
20.1583333333
25.2083333333
30.3083333333
33.0916666667
33.3416666667
35.4166666667
35.4
33.85
36.775
35.2833333333
34.1916666667
26.825
26.15
26.0583333333
21.2083333333
20.425
19.0583333333
15.3083333333
15.1
17.9333333333
14.9833333333
14.925
15.275
14.9416666667
17.5916666667
20.1
20.8416666667
22.85
23.3166666667
26.0833333333
22.8833333333
23.0
23.5083333333
25.6583333333
20.65
20.4
20.7166666667
20.5666666667
16.55
19.2666666667
16.15
16.5083333333
16.9083333333
16.9083333333
16.075
15.7833333333
18.75
15.8583333333
17.9833333333
20.0166666667
23.1666666667
20.0333333333
20.0166666667
20.6083333333
20.5083333333
21.1583333333
21.75
22.9333333333
23.0583333333
22.1583333333
21.4833333333
22.0083333333
21.925
18.4916666667
16.125
18.9416666667
16.0
15.9583333333
16.1083333333
16.275
16.3
16.2916666667
20.25
36.9916666667
43.9083333333
45.2333333333
49.075
45.4416666667
52.125
49.2
46.475
42.025
29.0833333333
28.0916666667
28.6166666667
27.1166666667
22.3916666667
21.4583333333
17.3416666667
16.425
18.35
15.2666666667
14.9833333333
15.3166666667
19.1
15.7916666667
22.2666666667
28.1333333333
32.5916666667
45.775
45.4166666667
47.325
47.475
49.2416666667
53.175
47.7666666667
45.1583333333
42.0583333333
38.6916666667
41.175
37.25
29.5083333333
21.0666666667
16.625
16.2333333333
16.075
15.9666666667
15.8666666667
17.5083333333
19.625
20.4916666667
36.0083333333
43.7333333333
45.0583333333
52.2583333333
48.2833333333
48.2833333333
46.275
45.225
43.9083333333
38.0833333333
40.2666666667
37.0333333333
40.125
29.1083333333
25.8583333333
17.4916666667
17.15
16.075
18.75
15.9416666667
16.0666666667
20.1083333333
19.8416666667
24.5583333333
27.1416666667
36.925
42.3166666667
43.9166666667
45.9583333333
44.6916666667
43.2333333333
41.35
38.8083333333
29.0
30.6833333333
26.8
30.25
21.4333333333
20.4666666667
16.25
15.575
18.3666666667
15.3083333333
15.2916666667
18.325
16.4166666667
15.425
21.6833333333
28.3333333333
32.3333333333
34.875
33.2416666667
32.175
33.3833333333
36.5833333333
34.0666666667
30.9333333333
29.6833333333
25.4833333333
25.9166666667
25.6
21.4916666667
20.925
18.6583333333
17.6916666667
17.7666666667
17.5916666667
17.4
17.525
17.3916666667
17.9333333333
19.7916666667
21.6916666667
24.8166666667
23.7
23.8333333333
25.2916666667
25.6
25.3833333333
27.9833333333
25.4
24.45
24.1166666667
26.9583333333
24.2333333333
20.9666666667
20.6416666667
23.1083333333
20.45
20.475
23.5166666667
18.5166666667
18.2916666667
21.05
19.1666666667
21.9416666667
23.8166666667
26.4083333333
24.1583333333
24.575
27.5583333333
24.8083333333
24.9916666667
24.8083333333
28.1833333333
24.7166666667
24.65
24.3666666667
27.6
20.7083333333
20.0583333333
19.35
16.5666666667
16.4833333333
15.875
15.275
15.3083333333
15.4083333333
18.2583333333
18.65
36.9166666667
40.45
41.4583333333
46.5666666667
49.0
44.6416666667
43.5333333333
46.15
38.8583333333
27.6166666667
26.85
26.65
32.0416666667
26.4833333333
25.275
18.25
16.4083333333
15.8833333333
18.7916666667
15.6833333333
15.875
17.75
15.15
17.3416666667
22.7833333333
33.3583333333
42.8166666667
45.075
47.85
48.0583333333
44.975
45.1083333333
46.5666666667
38.075
35.65
37.85
35.65
35.0083333333
26.9666666667
16.025
15.7916666667
16.2666666667
16.7666666667
16.6
16.9916666667
20.6166666667
16.8916666667
23.425
35.3916666667
42.55
44.0833333333
49.4416666667
47.825
47.8833333333
43.55
44.1333333333
44.6
37.625
36.75
36.0166666667
35.9916666667
27.5833333333
20.4416666667
16.3166666667
16.5166666667
19.7666666667
16.5833333333
16.175
19.3166666667
17.6583333333
19.8916666667
19.75
26.05
35.45
43.2666666667
46.9666666667
48.2083333333
46.7666666667
46.6583333333
43.9333333333
37.775
31.7583333333
29.5666666667
26.925
27.3916666667
22.6083333333
24.35
16.5333333333
16.025
16.125
19.025
15.7666666667
16.2666666667
17.4333333333
23.1083333333
23.575
26.9583333333
34.375
34.4416666667
38.7833333333
34.5833333333
33.5916666667
36.5416666667
35.9333333333
30.4666666667
26.975
27.275
24.5666666667
24.2916666667
20.9916666667
20.2833333333
20.1333333333
17.075
17.0916666667
20.5333333333
17.9416666667
18.2666666667
21.1333333333
17.9416666667
20.1583333333
22.8416666667
25.6416666667
22.95
26.9416666667
24.7416666667
25.0083333333
25.5666666667
25.4666666667
26.1333333333
26.45
23.4916666667
22.9666666667
25.7416666667
19.375
19.0916666667
19.0833333333
22.025
19.3583333333
19.3666666667
21.6083333333
19.0416666667
18.7666666667
18.6416666667
20.7916666667
22.7666666667
22.6083333333
22.4416666667
23.025
23.8166666667
26.6916666667
23.45
23.7833333333
23.475
22.8916666667
31.425
36.1166666667
32.8
32.3083333333
20.3
16.9666666667
16.75
16.825
17.0833333333
16.85
16.95
17.0916666667
20.8083333333
26.7166666667
36.4916666667
43.4083333333
43.725
42.3333333333
42.35
47.2166666667
45.1833333333
47.5583333333
41.1166666667
28.5083333333
30.625
26.575
26.4916666667
21.65
21.9
21.4916666667
18.4916666667
18.5416666667
18.2583333333
21.3333333333
18.5083333333
20.0833333333
21.7416666667
24.7833333333
26.4
37.2666666667
49.7083333333
45.4416666667
44.1916666667
48.6333333333
46.8916666667
49.5666666667
48.2583333333
40.15
38.6416666667
38.1333333333
36.2416666667
31.2083333333
26.9166666667
16.7666666667
18.3666666667
15.5
15.3083333333
15.5833333333
18.825
16.6416666667
16.1416666667
19.625
35.9083333333
45.0666666667
46.2833333333
49.0916666667
51.8833333333
49.9166666667
45.875
38.3416666667
37.8916666667
32.9333333333
38.0416666667
40.7583333333
38.8333333333
31.425
22.675
17.9416666667
17.7166666667
17.7333333333
17.8166666667
17.6416666667
17.5583333333
18.8666666667
24.7833333333
22.9166666667
28.225
36.025
47.5
51.7333333333
48.675
48.8333333333
48.5583333333
45.6166666667
43.5083333333
31.6666666667
31.7083333333
27.9166666667
32.1666666667
24.15
22.225
17.1333333333
19.9083333333
17.125
17.0333333333
19.9583333333
17.3583333333
18.6333333333
17.225
20.9583333333
26.5833333333
31.725
35.2833333333
36.4416666667
38.425
34.9916666667
36.8166666667
35.675
33.0833333333
30.225
27.7833333333
30.0833333333
26.8
22.6416666667
21.4166666667
21.7083333333
18.8333333333
18.775
19.3166666667
19.2666666667
19.0916666667
19.025
21.875
21.1
23.4583333333
24.1916666667
26.325
26.9666666667
27.6666666667
27.9333333333
27.9916666667
28.975
31.1916666667
24.825
23.6333333333
26.5166666667
23.725
19.675
19.2833333333
22.2583333333
19.425
20.0916666667
22.6666666667
19.05
18.8916666667
18.825
21.8833333333
21.2416666667
23.95
27.0333333333
24.6333333333
24.8666666667
25.1333333333
27.75
25.7
26.7916666667
27.9916666667
28.675
30.625
28.0166666667
27.375
22.2583333333
24.2833333333
17.8
17.85
17.9
20.6166666667
17.875
18.1083333333
18.8833333333
18.2083333333
22.6083333333
37.2916666667
44.3416666667
44.8583333333
48.6083333333
49.1916666667
50.3916666667
47.775
48.5833333333
42.3916666667
30.9333333333
31.5416666667
29.35
30.275
29.8333333333
23.7416666667
18.1083333333
16.7416666667
16.7333333333
16.4583333333
16.275
16.3833333333
20.475
22.375
26.1416666667
25.875
35.9833333333
48.4333333333
46.475
48.425
50.55
48.9
46.9916666667
47.2333333333
41.475
39.025
35.375
36.5083333333
36.9
27.8833333333
19.625
16.0583333333
16.3
16.0666666667
19.1833333333
16.125
17.125
22.2
22.6833333333
39.175
44.7083333333
46.0916666667
51.7
46.5
47.5666666667
49.2666666667
46.9333333333
47.875
40.7166666667
37.2833333333
37.6916666667
38.2583333333
32.55
22.4166666667
18.8833333333
18.2666666667
17.8833333333
17.9666666667
18.0916666667
18.1083333333
21.5166666667
20.9916666667
24.1916666667
26.8333333333
37.15
48.9666666667
49.7916666667
46.2583333333
46.05
46.3333333333
46.7333333333
38.15
29.0666666667
30.0666666667
26.2833333333
25.8166666667
22.4166666667
21.6666666667
21.1583333333
23.2
20.2083333333
20.8333333333
24.0833333333
21.475
22.5
24.7666666667
25.2333333333
33.075
41.3416666667
49.3166666667
49.6166666667
44.8166666667
47.25
47.325
50.3583333333
45.5333333333
33.8916666667
27.7583333333
30.7416666667
27.225
23.5333333333
25.45
19.3416666667
19.4083333333
19.4
22.25
19.0416666667
19.1
19.0833333333
18.5625
20.2025
22.6275
23.6975
25.2125
25.76
26.2325
26.1175
25.94
26.225
26.7725
25.5475
23.815
23.3225
22.625
20.2925
19.3125
19.28
19.195
18.7475
18.955
18.215
17.5925
17.5925
18.485
19.58
21.8825
23.145
22.8825
22.4675
23.145
23.31
23.16
23.3075
23.6175
23.3925
23.35
23.64
24.285
21.965
19.9675
18.305
17.6475
17.225
17.425
17.0425
17.2025
17.7525
18.74
21.7125
32.9825
40.9925
43.365
45.105
46.355
46.8725
46.165
45.405
41.67
32.9875
28.8925
28.3675
28.4225
26.0175
23.1025
19.9175
18.2725
18.03
18.0325
17.955
17.7875
18.7825
20.0075
21.83
27.125
33.9775
43.545
46.39
46.905
47.89
47.8175
47.775
46.285
41.2583333333
39.1666666667
40.7166666667
41.0916666667
40.45
39.3916666667
25.1916666667
23.6583333333
21.7
17.3083333333
17.1166666667
17.875
21.65
20.4583333333
20.525
32.2923076923
47.9666666667
48.3416666667
48.625
51.075
55.6916666667
53.85
52.6416666667
51.3833333333
41.05
39.2
37.7083333333
39.275
41.7833333333
38.1666666667
32.8083333333
31.7666666667
30.7166666667
17.3583333333
18.9833333333
16.2416666667
17.0
17.0083333333
25.6166666667
28.725
33.5833333333
43.8333333333
47.6083333333
45.725
48.225
42.1833333333
41.7583333333
41.5333333333
38.6666666667
39.9666666667
37.225
38.3333333333
36.075
39.1083333333
36.4333333333
36.0083333333
38.7833333333
22.7333333333
20.65
21.0416666667
24.0333333333
23.5166666667
23.175
26.1166666667
39.4
43.525
47.75
46.55
38.5166666667
30.925
31.2333333333
30.1583333333
25.8166666667
21.75
21.3416666667
22.9333333333
19.4833333333
20.8166666667
17.4416666667
17.0416666667
16.7166666667
16.6916666667
16.4333333333
16.4416666667
19.3333333333
16.4416666667
18.75
21.3833333333
20.9916666667
20.875
21.0666666667
25.0583333333
22.1583333333
22.1416666667
21.875
21.5333333333
21.0416666667
20.8916666667
20.7
20.6833333333
17.525
17.075
17.0833333333
20.2333333333
17.325
17.325
16.8083333333
16.55
16.3833333333
16.5166666667
19.75
18.575
20.5833333333
20.8333333333
20.55
20.875
21.0416666667
21.3916666667
21.85
21.6916666667
21.5083333333
24.6666666667
21.1083333333
21.2666666667
24.125
17.2333333333
17.0
19.7833333333
16.6333333333
16.9416666667
16.7416666667
16.675
17.4333333333
20.1916666667
17.2583333333
19.9166666667
36.2666666667
41.3666666667
42.625
44.1416666667
45.375
41.6583333333
44.2833333333
40.1333333333
37.75
21.6083333333
20.325
22.9416666667
20.0333333333
16.15
15.6583333333
18.5833333333
15.4583333333
15.45
18.3833333333
15.35
15.4416666667
18.1666666667
17.875
20.7916666667
27.925
30.075
42.4666666667
42.7
40.8
44.9166666667
41.0833333333
43.525
39.85
31.7916666667
30.8416666667
29.45
29.95
26.75
25.1083333333
16.375
16.25
16.1
19.175
16.025
16.1416666667
16.0583333333
16.925
23.3
36.8333333333
38.2916666667
42.6333333333
40.1833333333
39.9416666667
41.35
41.6083333333
40.9916666667
43.825
32.7583333333
34.1166666667
30.65
30.5583333333
22.3416666667
19.25
16.7916666667
16.2083333333
16.2
18.9666666667
15.8416666667
16.1833333333
18.7666666667
15.9416666667
21.225
22.175
28.4333333333
40.5333333333
40.0583333333
39.7416666667
42.075
40.9083333333
40.1583333333
37.0666666667
23.8333333333
22.8583333333
22.2083333333
22.1583333333
18.2833333333
20.9083333333
17.85
17.525
20.1666666667
17.0333333333
16.975
16.9333333333
17.0333333333
20.3
22.9833333333
24.475
37.9666666667
41.7416666667
41.325
40.475
38.875
33.3166666667
34.5166666667
30.75
22.1333333333
20.4833333333
20.0833333333
19.6666666667
18.5416666667
15.3
14.8583333333
17.7666666667
14.7666666667
14.8166666667
17.2416666667
14.45
14.5166666667
14.7833333333
19.6583333333
19.0416666667
20.05
23.875
21.175
21.075
24.2
22.175
22.0416666667
22.4
21.5166666667
20.975
21.0666666667
21.2416666667
17.2833333333
19.7083333333
16.9
16.9166666667
17.0666666667
19.8333333333
16.0666666667
15.9
15.875
18.9083333333
18.3666666667
20.8666666667
23.7166666667
21.0333333333
20.7833333333
23.2833333333
21.0083333333
21.7
21.6583333333
25.2333333333
23.2083333333
23.0833333333
23.225
23.275
18.9333333333
18.15
15.7083333333
18.625
15.7416666667
15.8
15.6083333333
18.775
15.7916666667
19.0833333333
22.4833333333
37.2833333333
44.425
44.675
46.6083333333
50.4083333333
53.2916666667
50.025
48.3333333333
42.8416666667
32.4833333333
28.275
29.4166666667
29.625
25.7416666667
24.425
20.175
19.7333333333
19.4083333333
19.5666666667
19.3833333333
18.65
19.4166666667
21.8083333333
23.5916666667
28.3333333333
33.3333333333
43.975
46.55
50.5416666667
50.2416666667
51.0083333333
51.6166666667
48.7916666667
41.4833333333
40.1666666667
39.725
37.5666666667
37.05
28.3583333333
16.775
16.7416666667
15.4416666667
15.1916666667
18.1833333333
15.3166666667
16.1916666667
15.3333333333
21.2416666667
37.5083333333
49.1583333333
52.1416666667
51.5416666667
49.525
50.525
52.7083333333
55.975
47.6416666667
40.3416666667
40.925
37.875
42.5083333333
31.725
25.6416666667
20.825
19.1
17.6
17.5583333333
20.4
17.5666666667
19.975
25.525
23.375
29.9416666667
34.3416666667
46.625
47.45
51.125
51.0
48.5083333333
50.3666666667
41.7166666667
31.325
28.825
27.6916666667
29.3416666667
24.7916666667
27.05
20.8333333333
19.2416666667
19.025
22.025
18.9333333333
19.4666666667
20.775
22.2916666667
26.3333333333
28.1833333333
42.7416666667
47.875
48.1666666667
43.1
39.9916666667
36.325
33.1666666667
32.375
29.4166666667
28.7833333333
27.3166666667
26.05
22.4833333333
22.3583333333
17.2416666667
19.8166666667
16.8083333333
17.1083333333
16.7916666667
16.8416666667
16.6666666667
19.9083333333
17.3
20.6
22.125
30.675
28.625
31.6833333333
28.4666666667
29.15
38.4416666667
41.1166666667
35.5666666667
31.3
28.9
19.3583333333
19.6583333333
19.6916666667
19.3083333333
19.4083333333
19.4666666667
19.8583333333
21.9833333333
18.7916666667
18.95
21.9166666667
19.175
22.225
22.725
26.7083333333
23.4833333333
23.975
26.075
24.1666666667
24.3666666667
23.925
26.4916666667
19.8
19.5333333333
23.0083333333
19.6
18.6583333333
21.45
18.3083333333
18.1916666667
21.1333333333
18.2583333333
18.425
19.5083333333
22.2416666667
26.4583333333
38.9666666667
47.575
47.3083333333
45.7916666667
46.8583333333
50.8416666667
46.225
46.4333333333
43.9833333333
29.4
27.975
36.5916666667
38.7083333333
36.55
32.85
19.7666666667
17.9916666667
20.85
17.6583333333
17.65
21.1333333333
19.8
21.35
23.7833333333
29.2416666667
36.0583333333
50.8
48.1666666667
52.85
52.3916666667
52.3666666667
48.1583333333
45.4666666667
42.0583333333
37.8833333333
39.3833333333
38.1083333333
34.925
30.4333333333
21.0916666667
17.3833333333
15.8916666667
18.6583333333
15.5083333333
15.8
19.375
16.6416666667
20.375
36.4583333333
46.075
46.4166666667
47.7666666667
48.2833333333
54.2083333333
44.3333333333
41.975
39.7583333333
34.8583333333
29.2916666667
28.3
31.5583333333
23.675
22.2666666667
17.175
19.4666666667
16.225
16.425
19.2333333333
16.3083333333
17.65
16.725
23.4833333333
28.45
33.0333333333
46.0333333333
46.425
45.4666666667
45.4
49.1083333333
45.125
39.1083333333
30.55
26.9
27.2916666667
27.35
23.1833333333
22.2833333333
18.025
17.5333333333
20.5
17.4166666667
16.9833333333
16.8166666667
20.3333333333
16.4666666667
26.6166666667
28.0583333333
45.5583333333
45.775
46.3666666667
44.9666666667
40.5916666667
35.1083333333
37.8833333333
37.25
27.2666666667
24.675
24.4833333333
24.7083333333
21.25
20.1
17.6333333333
17.7166666667
17.3916666667
17.2666666667
17.1916666667
17.1833333333
20.175
26.475
27.55
33.7833333333
32.5083333333
34.275
37.2083333333
37.725
36.4833333333
36.4833333333
38.7333333333
34.0583333333
32.15
22.2333333333
17.725
17.4916666667
20.8583333333
18.0083333333
18.2833333333
18.2333333333
21.375
18.4333333333
17.4
17.2916666667
17.3416666667
17.4666666667
17.55
23.425
20.9
20.8916666667
20.8166666667
24.2333333333
21.85
24.9333333333
28.15
25.8166666667
24.9666666667
21.225
20.8833333333
20.975
23.4833333333
20.3833333333
16.7083333333
19.5333333333
16.5916666667
16.65
16.6916666667
18.6
17.4916666667
16.7666666667
20.6083333333
37.8833333333
47.3166666667
45.25
46.1666666667
50.8416666667
47.1166666667
49.1083333333
46.6833333333
42.275
30.225
28.4416666667
27.4
29.575
22.075
20.375
16.2916666667
19.3083333333
15.7083333333
16.7
15.625
19.5833333333
16.3833333333
21.3583333333
19.9083333333
31.0083333333
34.9833333333
43.975
48.5
49.55
47.2833333333
45.3833333333
49.4
43.275
38.8666666667
36.4333333333
35.325
37.7916666667
30.975
26.3666666667
15.075
18.8666666667
15.375
15.8916666667
15.45
15.7083333333
16.0166666667
18.8583333333
21.4666666667
34.2083333333
43.0666666667
42.5833333333
41.5416666667
44.1
36.475
33.0583333333
27.3166666667
25.9333333333
21.5583333333
30.0916666667
33.1666666667
29.875
21.9833333333
18.775
15.8416666667
15.7916666667
15.925
18.675
15.55
15.525
15.475
14.5583333333
16.2166666667
16.1166666667
16.0833333333
16.1083333333
16.3583333333
19.7583333333
16.8166666667
17.0583333333
16.45
19.0583333333
16.0916666667
16.125
19.0083333333
16.0333333333
16.175
19.1416666667
16.0833333333
15.7
15.7083333333
18.5916666667
15.5
15.625
15.6916666667
15.5416666667
16.2166666667
19.0583333333
15.9583333333
16.1083333333
19.575
16.5583333333
16.45
16.375
16.2583333333
17.4
18.1583333333
16.5416666667
16.375
16.1416666667
19.0333333333
16.1333333333
15.8166666667
18.6166666667
15.75
15.875
15.7083333333
18.5
15.7333333333
15.5583333333
15.6416666667
19.3083333333
18.9833333333
22.2166666667
19.1666666667
19.225
20.9833333333
21.475
21.4333333333
21.9666666667
21.525
17.275
16.4666666667
15.8916666667
19.1583333333
16.45
16.3083333333
19.2083333333
16.6
16.6166666667
15.7416666667
15.75
15.8666666667
15.7833333333
15.8833333333
19.2833333333
19.4833333333
19.2916666667
19.45
20.1583333333
21.0416666667
26.0416666667
24.5666666667
24.25
28.4166666667
22.8333333333
22.4
24.7083333333
21.4833333333
20.9333333333
17.05
17.275
16.9833333333
16.55
19.6166666667
16.525
16.525
20.1083333333
22.95
35.9
45.15
49.8583333333
48.2666666667
50.8
49.4333333333
50.625
51.65
44.975
36.2083333333
29.1666666667
28.0333333333
31.7833333333
24.225
23.775
18.15
17.125
16.8833333333
16.0916666667
15.7416666667
17.6916666667
17.275
19.3083333333
20.4833333333
28.5083333333
37.8
51.0166666667
47.9416666667
46.8916666667
53.2666666667
53.3416666667
50.1083333333
50.4666666667
42.8083333333
39.7416666667
41.5416666667
38.975
38.4416666667
32.4916666667
16.7666666667
16.375
16.225
19.3083333333
16.3166666667
16.225
20.4083333333
19.275
20.6833333333
35.2416666667
46.4416666667
50.1666666667
50.1333333333
50.9666666667
52.3
48.6
38.3166666667
36.7833333333
36.0166666667
39.1
39.5166666667
40.175
30.6583333333
20.1083333333
15.1
15.2833333333
17.85
14.9333333333
14.7666666667
15.1083333333
16.0583333333
15.0916666667
20.175
28.5583333333
34.25
47.575
49.1166666667
47.2083333333
53.4083333333
50.825
47.375
44.2
34.1833333333
29.075
27.8166666667
30.6583333333
23.7
21.9416666667
21.9916666667
21.2583333333
21.25
20.2833333333
23.1083333333
20.2416666667
21.6
23.6416666667
23.075
28.95
41.15
48.8
47.7166666667
43.0416666667
45.0083333333
45.0333333333
47.55
43.6833333333
43.2083333333
39.2166666667
36.4583333333
41.5083333333
38.3583333333
37.2666666667
33.6166666667
22.05
17.1583333333
18.075
20.4083333333
17.6416666667
17.7833333333
26.825
32.1666666667
35.0916666667
34.575
39.875
37.5666666667
39.2916666667
38.4833333333
38.0916666667
36.4666666667
40.7166666667
36.075
34.9583333333
34.7916666667
35.75
37.3666666667
37.5166666667
39.6
20.6
20.2916666667
22.475
19.6916666667
18.65
18.975
28.5916666667
29.7916666667
33.6083333333
37.5583333333
34.8166666667
35.1083333333
37.6
34.4583333333
35.95
36.975
36.6166666667
26.1833333333
20.1833333333
19.8166666667
20.4583333333
20.0916666667
22.25
16.2
15.65
14.7166666667
15.8
15.2166666667
14.85
16.0416666667
18.1916666667
21.625
38.2666666667
47.025
45.0583333333
49.9333333333
48.625
47.725
45.925
49.6916666667
41.7916666667
29.05
27.1916666667
30.1166666667
26.8833333333
22.95
22.4916666667
17.125
19.2666666667
15.5166666667
15.175
18.8916666667
16.3083333333
16.8
22.0166666667
21.6916666667
28.75
39.6416666667
50.35
47.825
49.6666666667
54.4166666667
54.2666666667
50.5166666667
48.8583333333
43.6583333333
41.1
39.925
38.175
37.8916666667
28.9833333333
20.275
20.5416666667
19.4416666667
23.1666666667
18.975
20.15
21.1333333333
24.7666666667
22.1916666667
39.875
44.2666666667
51.2333333333
52.8
47.475
48.9916666667
43.0583333333
42.9
45.9333333333
39.85
39.0416666667
37.275
37.825
30.6166666667
23.0
17.3416666667
17.425
16.3
16.525
16.5083333333
16.4833333333
16.925
20.9166666667
25.1166666667
29.1583333333
34.5583333333
47.1666666667
44.7083333333
44.5833333333
49.4833333333
46.7083333333
45.3416666667
41.2833333333
28.9583333333
27.375
27.525
30.275
22.05
21.25
20.0583333333
16.6166666667
16.3666666667
16.2083333333
16.1
16.25
16.9833333333
19.45
22.0583333333
26.35
40.15
46.2833333333
44.2583333333
44.4
42.4916666667
43.95
43.175
43.325
40.7916666667
38.0166666667
36.7833333333
36.9583333333
31.8916666667
22.9583333333
16.725
19.675
16.45
16.6333333333
19.2416666667
16.2416666667
16.25
16.325
16.6666666667
20.175
19.9833333333
23.4166666667
20.3583333333
20.5666666667
21.6166666667
22.45
22.3
21.3583333333
23.3833333333
17.2583333333
17.6416666667
20.5416666667
17.6916666667
17.5916666667
17.775
20.75
17.7666666667
17.8416666667
20.1
17.0416666667
17.2083333333
16.85
19.9583333333
20.5583333333
21.0
23.85
20.95
21.0
20.8833333333
21.6666666667
21.775
21.8333333333
25.375
18.525
17.4833333333
18.175
18.3666666667
17.8166666667
17.2333333333
17.325
17.025
17.1166666667
17.025
17.0666666667
17.2833333333
23.0833333333
23.775
40.7666666667
42.2583333333
46.8
46.1666666667
50.0916666667
51.2416666667
47.7
48.5083333333
38.8416666667
27.9833333333
26.5416666667
29.8333333333
27.325
23.35
21.8916666667
19.225
16.0666666667
16.15
19.1333333333
15.8416666667
15.8833333333
16.4833333333
16.5416666667
22.2
27.8083333333
33.05
46.5166666667
47.85
44.925
45.9
45.3916666667
45.0916666667
43.65
42.975
38.9666666667
38.625
38.65
35.0833333333
30.3083333333
22.825
23.9583333333
20.6166666667
20.7166666667
23.35
20.6833333333
21.6333333333
20.375
26.1333333333
36.6333333333
42.85
44.325
44.675
46.7583333333
48.3
40.2
36.0833333333
31.8083333333
31.9416666667
35.6583333333
37.1416666667
40.175
31.7916666667
24.0916666667
18.3
20.3666666667
17.3583333333
17.4583333333
19.4666666667
16.5
17.4833333333
22.7083333333
23.25
33.2
34.7416666667
45.7916666667
42.225
43.4916666667
44.5416666667
46.7166666667
43.85
37.8666666667
28.525
27.1083333333
27.55
26.225
21.9
21.3
19.7583333333
16.8
16.7416666667
19.6333333333
16.4333333333
16.5666666667
19.7833333333
16.9083333333
19.55
24.6833333333
42.3916666667
43.8833333333
42.2833333333
43.1583333333
39.5416666667
31.1916666667
30.1833333333
32.625
26.3333333333
22.0083333333
21.55
20.5583333333
19.325
17.075
15.6416666667
18.1583333333
15.575
14.0666666667
13.9
17.5916666667
13.6333333333
14.5583333333
16.525
18.95
19.15
21.6333333333
18.5583333333
18.5333333333
19.3083333333
22.975
18.725
20.025
19.55
16.9916666667
15.05
14.0333333333
17.3666666667
15.1583333333
14.0583333333
15.4666666667
17.4166666667
14.9416666667
14.2666666667
16.8083333333
14.925
13.475
14.8166666667
18.5
19.425
19.3416666667
19.25
19.1333333333
19.3166666667
22.7083333333
20.0833333333
20.5416666667
19.1083333333
14.475
15.4333333333
14.05
17.6833333333
14.3583333333
15.0166666667
14.5916666667
14.625
14.8
14.025
15.1583333333
16.1666666667
15.65
23.3333333333
36.0333333333
40.3583333333
41.2333333333
42.5583333333
40.3333333333
40.1416666667
38.75
39.325
34.95
28.2916666667
24.4666666667
23.85
24.0666666667
22.7083333333
19.2916666667
19.0583333333
19.3416666667
19.3166666667
19.2
22.0916666667
18.9083333333
18.8416666667
21.2583333333
21.7416666667
26.325
26.7583333333
37.7583333333
38.6583333333
41.0083333333
40.2
38.8166666667
36.775
40.025
32.4333333333
30.8833333333
30.5416666667
30.6916666667
26.8166666667
22.35
19.2083333333
16.2666666667
16.4166666667
19.175
16.2666666667
16.1166666667
16.2333333333
19.2166666667
19.25
32.7333333333
37.7
40.3833333333
38.175
38.65
37.3833333333
32.4833333333
28.7916666667
27.3583333333
24.1083333333
23.2083333333
25.4666666667
22.3833333333
18.675
20.4166666667
17.3
17.0833333333
19.9833333333
17.1416666667
17.6333333333
18.3916666667
21.2083333333
18.4
19.225
21.9666666667
18.7166666667
18.8333333333
19.0333333333
19.1416666667
19.15
22.2
18.9666666667
19.0833333333
19.0166666667
21.9666666667
18.775
18.675
18.625
18.7333333333
18.5416666667
21.6833333333
18.7583333333
18.7166666667
18.5833333333
18.6083333333
18.6666666667
21.925
19.4166666667
19.1916666667
19.1916666667
21.9833333333
19.25
19.525
22.1583333333
19.425
19.4
19.6083333333
19.75
19.3
22.0333333333
19.1583333333
19.2083333333
19.1583333333
21.7916666667
18.875
19.0333333333
22.2833333333
19.6833333333
19.925
22.5916666667
19.7
19.875
22.5166666667
22.2083333333
21.5333333333
21.7333333333
22.175
22.25
22.6833333333
22.75
22.7416666667
22.7833333333
18.7
21.2583333333
18.3833333333
18.4416666667
18.6333333333
21.4416666667
18.6833333333
18.7916666667
22.1
18.9083333333
18.6083333333
18.5333333333
21.0083333333
18.1583333333
21.8166666667
24.7833333333
21.8666666667
22.0666666667
25.1833333333
22.75
22.7
22.7666666667
22.9416666667
22.75
18.8833333333
21.3833333333
18.3083333333
18.3416666667
21.3416666667
18.4
18.3666666667
18.3166666667
18.45
18.5583333333
18.7833333333
22.3083333333
20.8833333333
27.2833333333
40.2666666667
38.975
41.1416666667
41.425
40.7833333333
41.2833333333
38.9166666667
37.6583333333
33.0666666667
22.1833333333
21.4416666667
21.1
20.8833333333
16.8083333333
15.7916666667
15.4333333333
16.475
16.4583333333
18.2666666667
15.7
16.3083333333
19.1
17.075
20.9
25.4916666667
28.45
41.65
41.4916666667
38.9333333333
38.6833333333
40.1166666667
38.1333333333
36.1166666667
31.1833333333
33.6666666667
30.5583333333
30.15
29.2916666667
21.825
15.9416666667
15.1
17.725
14.7333333333
14.6333333333
15.5833333333
15.75
16.7416666667
19.6833333333
33.725
36.0666666667
37.2916666667
39.7333333333
38.8666666667
35.6583333333
34.4333333333
26.4166666667
25.4166666667
20.1583333333
18.525
18.6583333333
18.8416666667
14.525
13.225
13.1
13.05
13.5333333333
13.0916666667
12.9083333333
12.875
15.7083333333
13.025
13.975
13.4916666667
14.2416666667
14.775
18.0166666667
15.025
15.8916666667
16.1583333333
15.8
15.3083333333
14.8916666667
13.5083333333
13.375
13.6
17.3083333333
14.475
14.3333333333
