22.95
21.85
22.3833333333
23.0416666667
21.9833333333
21.9416666667
23.0
24.3833333333
22.4916666667
23.55
22.675
22.525
24.425
23.6333333333
23.8916666667
26.4666666667
24.7833333333
27.8666666667
26.2333333333
24.6666666667
24.375
25.425
24.775
21.8
22.6083333333
22.3333333333
22.1583333333
21.9916666667
22.8666666667
21.9333333333
21.9
27.1666666667
24.4916666667
23.7666666667
24.9333333333
24.1833333333
23.9
24.9666666667
24.775
28.15
28.3
33.0
27.7583333333
26.975
26.35
29.1
26.975
22.35
22.6583333333
21.9
22.9916666667
21.9666666667
22.1333333333
23.1083333333
22.3833333333
20.575
23.1333333333
21.975
23.15
24.1416666667
22.8
31.4583333333
37.0583333333
38.175
37.725
39.3333333333
41.4333333333
39.5083333333
40.7916666667
41.1416666667
37.5833333333
37.1666666667
26.3333333333
22.85
23.15
23.6333333333
22.75
22.9416666667
23.675
24.6833333333
22.7916666667
23.5666666667
22.8666666667
22.9666666667
25.1
26.4166666667
27.325
23.9583333333
24.0416666667
28.05
26.225
26.6583333333
28.4
26.4333333333
25.8083333333
27.2333333333
29.3083333333
30.6333333333
26.8166666667
27.775
28.6916666667
31.85
29.8416666667
26.7833333333
33.0166666667
36.6083333333
35.9083333333
35.4166666667
35.85
35.1916666667
37.65
35.2916666667
34.625
33.8166666667
30.2833333333
27.0583333333
25.875
26.675
29.5083333333
26.4916666667
25.85
26.2916666667
23.2333333333
28.375
27.7333333333
23.9333333333
23.4416666667
29.525
47.35
52.5916666667
55.5333333333
55.4416666667
53.8166666667
55.75
57.1833333333
55.4583333333
54.35
53.2166666667
51.5666666667
47.725
47.375
46.1583333333
44.6166666667
42.7666666667
34.7166666667
31.5833333333
30.4416666667
28.8083333333
29.8333333333
27.2166666667
29.4583333333
27.6083333333
37.175
42.8916666667
49.3916666667
50.2833333333
49.3416666667
49.2
52.2666666667
52.4666666667
50.1166666667
41.6833333333
41.8083333333
36.6833333333
33.7083333333
32.7916666667
31.7416666667
28.25
28.4
35.625
32.4
32.475
32.8666666667
29.5
26.9166666667
25.7166666667
37.1
40.35
45.65
51.3833333333
48.0
52.5
50.6583333333
47.3916666667
46.2
35.4916666667
32.175
29.5666666667
30.8583333333
28.6666666667
26.2833333333
24.675
26.5833333333
24.1916666667
23.05
22.825
28.0333333333
28.9916666667
33.1916666667
39.5333333333
46.6833333333
51.8333333333
50.1583333333
50.5
52.2333333333
52.0916666667
52.9416666667
51.225
53.6833333333
51.0416666667
44.4083333333
32.4833333333
29.925
32.6
31.525
26.8166666667
27.1083333333
25.7333333333
25.2333333333
25.9166666667
25.3916666667
25.2833333333
25.5583333333
24.175
24.75
25.6666666667
27.875
31.35
36.0
35.9916666667
35.0416666667
37.7083333333
35.9083333333
35.55
34.475
36.0083333333
35.4666666667
36.2916666667
30.875
30.2333333333
30.525
28.2166666667
27.3166666667
28.175
26.8333333333
26.9583333333
27.3666666667
27.7333333333
25.5
26.9583333333
30.95
31.475
32.5916666667
31.175
31.1083333333
29.3916666667
30.2583333333
31.85
32.1166666667
32.8833333333
32.0666666667
33.8083333333
33.275
38.0416666667
36.1666666667
34.6833333333
37.525
47.6083333333
51.3333333333
46.225
43.4166666667
38.5166666667
47.125
51.2916666667
50.425
52.6666666667
53.3416666667
52.7
52.9583333333
54.5583333333
52.2166666667
45.8416666667
42.5833333333
39.1666666667
36.8833333333
37.4083333333
35.9916666667
42.4916666667
42.2166666667
48.7583333333
37.6916666667
31.1833333333
30.5666666667
26.5666666667
29.25
24.1083333333
33.4916666667
40.6833333333
42.6916666667
48.3083333333
53.625
49.325
53.0666666667
51.0
50.15
42.1666666667
40.7666666667
35.375
33.7
35.125
34.6083333333
32.4
34.6583333333
34.7083333333
30.2833333333
29.7583333333
34.3666666667
28.4333333333
26.125
29.7916666667
40.7833333333
47.8666666667
50.0583333333
51.0833333333
50.975
51.8583333333
55.6833333333
54.5916666667
51.3416666667
46.2416666667
41.3
39.8083333333
36.8916666667
36.2083333333
37.8333333333
34.6
36.4166666667
32.7666666667
34.0666666667
29.8916666667
31.0333333333
35.1666666667
29.6
32.6583333333
40.9166666667
47.7166666667
50.0583333333
52.5833333333
45.2666666667
51.575
56.45
56.7166666667
54.0666666667
39.8583333333
41.575
37.5083333333
34.1666666667
33.95
33.0333333333
32.7416666667
35.6666666667
33.4333333333
30.3166666667
30.15
27.8166666667
25.7833333333
25.3333333333
28.6416666667
39.1416666667
51.6333333333
49.45
49.1333333333
50.5166666667
50.8083333333
52.7083333333
51.7333333333
53.4333333333
43.675
39.6916666667
39.5583333333
35.575
32.9166666667
30.5666666667
28.9
28.8916666667
27.4166666667
27.6833333333
27.2833333333
27.7916666667
28.225
27.6833333333
26.9583333333
28.35
31.1083333333
31.1083333333
31.6333333333
32.5083333333
34.925
35.15
34.025
34.375
31.8833333333
28.3333333333
27.6666666667
27.6
27.35
24.7083333333
25.05
25.325
24.95
25.0666666667
25.2166666667
24.3
24.4833333333
30.2083333333
38.0416666667
36.9333333333
38.9833333333
38.1666666667
39.6416666667
42.375
44.225
44.25
44.325
45.3583333333
47.4
45.725
44.025
43.075
33.1
32.5666666667
33.2833333333
33.7166666667
33.45
31.525
32.4916666667
33.5333333333
33.4166666667
31.1333333333
32.0083333333
39.5333333333
45.1666666667
49.2583333333
47.55
46.6833333333
49.4333333333
48.6166666667
48.65
44.2416666667
37.4333333333
36.2083333333
32.55
30.45
29.8083333333
30.85
29.6
31.1833333333
35.2166666667
29.8416666667
27.3166666667
29.3083333333
28.825
26.4916666667
27.2583333333
38.3833333333
51.3666666667
53.9333333333
52.25
49.2
51.8583333333
52.8416666667
50.8916666667
49.6916666667
52.0166666667
49.4333333333
47.0
44.525
43.275
43.0
40.75
40.7
40.5666666667
42.9166666667
45.325
42.3833333333
31.9916666667
33.3833333333
33.5
44.1083333333
51.4416666667
49.5416666667
54.0916666667
47.7416666667
47.0
48.625
45.6416666667
42.25
40.2333333333
41.875
46.0416666667
48.25
49.4916666667
50.3333333333
48.1
45.5583333333
45.175
45.0916666667
43.6666666667
46.0583333333
45.2166666667
44.825
48.1416666667
51.9666666667
58.5
58.9916666667
58.9833333333
59.675
45.6
46.5583333333
48.1666666667
47.025
38.825
38.7166666667
35.9583333333
33.8083333333
33.7333333333
33.2666666667
30.5
29.625
27.85
25.1416666667
26.5083333333
28.7583333333
27.2416666667
24.8583333333
29.2583333333
36.575
44.825
46.275
46.3333333333
44.325
46.1333333333
52.1666666667
51.8666666667
46.1916666667
41.9166666667
39.6
37.225
36.7833333333
34.65
38.6083333333
45.075
44.95
43.5166666667
43.425
43.3
44.0583333333
42.8916666667
43.2166666667
41.925
45.8166666667
46.5833333333
45.7166666667
46.8166666667
45.5
45.7333333333
42.075
41.8666666667
41.775
44.425
45.1666666667
33.9583333333
31.8
30.8833333333
28.6416666667
29.2333333333
27.7916666667
26.9833333333
27.7416666667
26.7
26.475
27.9333333333
27.2666666667
29.4666666667
27.4
27.0583333333
28.0166666667
27.8416666667
28.5
29.4666666667
30.0416666667
28.8916666667
28.0083333333
30.45
32.025
30.9583333333
30.525
31.4416666667
33.0416666667
33.6916666667
39.6583333333
32.275
33.7083333333
46.0
46.0083333333
45.6
44.4666666667
42.8416666667
51.8833333333
55.7083333333
53.6833333333
52.1833333333
52.3916666667
48.775
47.05
45.8416666667
42.1083333333
43.8166666667
43.575
40.6333333333
39.725
40.5416666667
39.55
41.4916666667
40.775
40.5833333333
41.75
39.3
41.3833333333
40.1666666667
32.275
34.025
38.4333333333
39.5583333333
38.3
40.2
41.0666666667
40.675
41.4083333333
41.7
41.225
37.725
30.25
30.575
31.5583333333
30.1083333333
30.4333333333
27.5833333333
27.775
26.75
27.3166666667
27.9
29.5416666667
28.875
31.3583333333
32.0833333333
37.3916666667
46.3833333333
43.4166666667
42.025
40.5166666667
41.8833333333
42.25
39.4833333333
37.1916666667
34.4916666667
31.1833333333
30.6
28.85
28.7583333333
31.2666666667
31.0333333333
31.4416666667
31.5083333333
32.4666666667
32.1666666667
33.025
29.8583333333
26.625
27.6666666667
34.3583333333
39.4083333333
42.15
44.3833333333
42.35
44.3833333333
44.3166666667
42.85
40.875
34.575
33.5083333333
30.425
31.2083333333
30.2166666667
44.05
42.0416666667
39.2916666667
37.525
38.1833333333
36.3583333333
38.35
38.3583333333
37.9083333333
38.1916666667
44.2583333333
52.9666666667
56.425
58.6
55.525
53.125
55.825
57.375
59.425
41.2916666667
34.5416666667
33.85
34.2083333333
31.4416666667
31.1416666667
27.4583333333
27.2166666667
28.575
26.8083333333
26.8416666667
26.875
27.825
27.2416666667
24.0166666667
26.9583333333
25.9916666667
25.9583333333
27.6666666667
27.1166666667
27.8166666667
28.425
27.45
27.875
29.8833333333
30.85
31.3
31.6583333333
33.175
29.0833333333
29.2666666667
29.6916666667
27.7583333333
27.9333333333
28.5416666667
27.85
27.6
28.6083333333
27.2916666667
26.4333333333
26.275
28.325
28.3333333333
31.2166666667
28.725
29.5666666667
30.1083333333
29.4333333333
33.925
34.9583333333
34.7
34.4833333333
45.5166666667
45.375
45.8416666667
45.675
43.275
42.6166666667
45.0166666667
45.8916666667
43.2916666667
42.425
43.4833333333
52.6333333333
57.6583333333
60.6666666667
50.0675
50.5775
64.0083333333
51.0525
60.875
61.3583333333
52.6166666667
56.1833333333
47.1166666667
46.075
44.625
46.7666666667
48.4083333333
46.05
34.4166666667
32.4416666667
34.6583333333
34.375
31.0666666667
26.4583333333
28.7416666667
38.6416666667
51.0
51.7
59.325
56.9416666667
56.0833333333
53.4923076923
54.725
54.2083333333
49.1583333333
47.5166666667
44.5333333333
40.025
38.225
39.075
38.4333333333
36.7583333333
33.2416666667
32.1583333333
32.2333333333
34.4791666667
34.5166666667
34.25
36.7833333333
47.2166666667
49.8083333333
57.4
53.9666666667
54.3416666667
55.75
52.7666666667
60.15
51.7916666667
48.0416666667
46.3666666667
44.3416666667
40.6833333333
37.2166666667
39.9833333333
39.925
40.0833333333
36.1833333333
34.175
32.1416666667
33.0083333333
30.4416666667
27.5083333333
33.4083333333
42.9
46.7666666667
52.5833333333
55.6916666667
57.4833333333
56.5416666667
55.9083333333
56.3916666667
53.8333333333
48.425
53.4083333333
40.475
34.5916666667
33.85
38.6
42.5833333333
39.7166666667
33.9833333333
32.8583333333
32.0166666667
27.8916666667
27.9166666667
27.025
29.4333333333
39.175
42.8166666667
44.3166666667
49.0583333333
43.5583333333
46.8583333333
46.3833333333
46.3916666667
46.0
41.375
37.1833333333
34.4333333333
34.0
32.85
33.3833333333
31.8916666667
28.4166666667
27.5083333333
27.45
26.2166666667
26.1166666667
27.0
26.175
24.3166666667
28.95
26.05
25.7416666667
28.0833333333
29.2166666667
31.475
32.2833333333
31.0333333333
30.525
33.5166666667
33.0833333333
35.2916666667
33.6166666667
33.3
31.1333333333
30.675
31.6583333333
29.95
27.8583333333
27.2666666667
27.8833333333
27.0
26.8833333333
29.7583333333
26.625
26.3083333333
27.0916666667
26.3583333333
27.975
31.1416666667
31.125
30.6083333333
30.8666666667
31.7333333333
34.2
32.9166666667
32.8833333333
32.7666666667
34.4333333333
35.9333333333
38.4916666667
36.2
35.8833333333
34.5333333333
45.8666666667
45.8
44.1166666667
43.3083333333
50.7833333333
47.4025
61.2583333333
61.7083333333
63.0
62.85
61.2166666667
62.925
61.2583333333
53.4083333333
50.8416666667
48.0333333333
45.7666666667
44.7833333333
44.6583333333
45.9333333333
48.9333333333
40.9166666667
37.9666666667
38.7
37.825
37.9583333333
38.8916666667
39.6
39.9333333333
49.5833333333
50.35
56.1666666667
54.05
57.05
55.5833333333
54.7583333333
51.525
46.9833333333
42.5916666667
38.0416666667
36.925
37.0583333333
34.9
28.7666666667
36.3333333333
38.7416666667
30.1916666667
26.825
26.4916666667
26.0416666667
29.3333333333
32.7666666667
38.4916666667
56.35
57.925
53.7583333333
54.3583333333
50.025
54.1916666667
53.3166666667
54.675
47.6916666667
41.65
37.05
33.5
34.3916666667
39.3333333333
40.4333333333
42.1083333333
37.575
34.525
32.1333333333
32.9083333333
32.325
27.7333333333
31.8
39.6
46.9083333333
53.3
58.4166666667
55.0583333333
54.9833333333
56.0916666667
55.3833333333
52.85
44.6
43.225
46.1583333333
40.3333333333
36.2083333333
35.6
35.2333333333
33.125
31.7666666667
29.4666666667
28.4666666667
28.925
30.1666666667
28.725
28.6333333333
33.9916666667
39.7666666667
43.6666666667
45.2166666667
44.4666666667
49.1416666667
50.6333333333
48.2833333333
48.025
44.95
36.875
36.325
31.6833333333
30.6166666667
29.275
25.6083333333
25.95
28.4666666667
23.8833333333
24.1
22.625
23.2833333333
24.425
19.575
23.8083333333
22.775
22.5
23.3333333333
22.4833333333
24.2583333333
29.775
38.0833333333
39.6666666667
40.2083333333
43.0083333333
44.0833333333
43.8083333333
44.5333333333
40.7916666667
38.625
39.7
38.8833333333
38.925
36.2416666667
36.5833333333
35.6333333333
35.4916666667
36.1
34.4083333333
23.2916666667
22.9333333333
24.2916666667
25.1333333333
25.3416666667
23.775
25.3583333333
25.4916666667
25.6166666667
27.3833333333
26.9
28.2333333333
28.5333333333
32.1166666667
31.075
31.3833333333
29.7416666667
28.8333333333
27.375
29.6666666667
27.7833333333
28.3
26.675
38.5916666667
42.5166666667
44.5083333333
43.3583333333
49.6416666667
47.1666666667
46.9416666667
48.7166666667
47.2083333333
36.2583333333
36.875
35.1
33.5666666667
35.1333333333
37.125
34.825
39.0333333333
42.9666666667
40.8666666667
38.8666666667
39.1
38.0166666667
35.15
41.1
41.525
48.6916666667
54.6
62.225
62.9333333333
61.1583333333
54.4775
61.675
61.425
50.425
51.225
49.0833333333
46.0666666667
41.4083333333
36.675
42.2
38.0333333333
39.7
37.4
33.5666666667
32.3333333333
32.05
31.275
30.6416666667
43.65
50.55
54.25
57.8333333333
55.9916666667
55.0083333333
55.5416666667
51.2583333333
52.1416666667
40.7583333333
39.375
36.975
34.8666666667
37.7225
39.4875
39.23
37.5625
35.7575
34.38
32.4125
32.235
31.19
29.78
32.725
38.8075
44.4075
47.7975
51.7525
52.4275
53.01
53.3475
52.855
50.6416666667
41.8833333333
43.5666666667
41.4583333333
38.4666666667
37.0916666667
38.6
40.9083333333
39.6333333333
36.1166666667
35.2166666667
33.7833333333
35.2083333333
30.3416666667
28.2166666667
26.5916666667
36.3583333333
52.625
50.1083333333
53.825
51.3083333333
53.825
53.6166666667
55.1333333333
48.6416666667
44.6333333333
43.4916666667
41.2333333333
41.0333333333
39.4416666667
38.3166666667
38.6583333333
36.8083333333
34.525
34.8833333333
33.825
34.9416666667
34.95
32.7833333333
31.0666666667
29.9916666667
30.425
32.3666666667
31.7083333333
31.5083333333
44.3
45.5416666667
47.5
48.1666666667
47.8083333333
51.4833333333
50.75
48.8
48.0
46.8916666667
47.425
46.4583333333
46.4166666667
46.8583333333
45.775
46.4333333333
45.4166666667
45.8083333333
42.1583333333
42.2333333333
45.3916666667
44.425
45.7166666667
47.6916666667
46.475
47.5
49.3416666667
47.5666666667
47.1416666667
50.5083333333
50.6583333333
39.2833333333
37.5166666667
42.25
41.675
38.4166666667
33.9916666667
32.8083333333
29.4333333333
29.45
29.7666666667
29.1916666667
30.5666666667
38.65
44.9833333333
51.0
55.0333333333
55.6916666667
57.1
59.4
58.5083333333
56.7833333333
47.2416666667
44.225
43.6166666667
42.3416666667
40.6666666667
40.7583333333
40.85
39.4666666667
43.9416666667
40.1333333333
35.7416666667
33.4666666667
32.0416666667
26.8166666667
31.0583333333
43.3416666667
49.3583333333
52.4583333333
56.5166666667
55.2333333333
54.9833333333
59.9833333333
54.4333333333
53.3
44.3166666667
46.5333333333
44.1333333333
41.8833333333
40.9166666667
40.8166666667
42.95
44.55
41.525
40.3166666667
36.9833333333
38.8
36.7916666667
33.4166666667
31.9166666667
42.975
50.0833333333
56.5916666667
61.6416666667
58.5
58.4
58.3416666667
55.45
56.3416666667
50.85
47.775
43.3083333333
41.1833333333
40.35
42.0916666667
42.1166666667
37.5166666667
35.9083333333
34.9833333333
31.7916666667
27.9083333333
27.275
24.9666666667
30.9083333333
41.0666666667
47.5333333333
45.8416666667
57.8583333333
57.0916666667
59.05
60.0166666667
57.1666666667
54.45
43.375
43.15
40.6333333333
42.075
43.6666666667
41.15
38.8416666667
33.55
26.8666666667
29.1083333333
25.3333333333
25.0833333333
24.8333333333
25.1583333333
30.1416666667
41.1
54.4333333333
52.35
55.3166666667
56.45
63.15
62.5333333333
57.8583333333
59.7583333333
56.8416666667
46.1166666667
39.3166666667
37.0583333333
33.5
38.2083333333
30.5833333333
30.1333333333
25.8916666667
25.75
26.7
26.0916666667
25.9083333333
25.6583333333
22.9666666667
34.1166666667
34.475
35.1
36.2666666667
36.2583333333
33.6
31.9916666667
33.8833333333
32.8666666667
34.575
36.0916666667
36.425
35.0
34.55
29.4666666667
28.75
30.6083333333
31.0583333333
28.6333333333
28.275
27.0166666667
26.825
26.4833333333
29.775
28.1333333333
27.7166666667
29.2166666667
28.9083333333
40.2916666667
43.275
43.0166666667
42.45
41.2333333333
44.7916666667
46.4833333333
45.675
46.4416666667
45.4833333333
45.35
53.2833333333
60.9166666667
54.9916666667
45.5083333333
43.7083333333
44.1583333333
43.0083333333
42.2083333333
41.575
44.475
55.4833333333
48.505
49.2025
56.55
58.4583333333
60.2
54.35
53.0666666667
44.1333333333
41.6
41.3583333333
37.825
38.375
37.825
44.6833333333
42.0583333333
36.95
27.8166666667
26.3
26.8666666667
25.95
20.775
34.5083333333
47.9
51.4916666667
56.35
58.0166666667
56.8083333333
58.9166666667
54.74
60.6166666667
52.9575
60.7583333333
57.625
53.3583333333
49.7916666667
48.6666666667
49.0166666667
43.825
43.95
43.075
41.5416666667
39.6
41.4416666667
42.3833333333
45.1083333333
47.925
53.05
59.9166666667
63.4916666667
53.91
52.2833333333
51.375
53.55
55.8916666667
51.3083333333
44.8666666667
45.175
40.4916666667
38.6416666667
41.2333333333
43.8083333333
43.025
38.2166666667
38.1833333333
35.8166666667
32.6833333333
42.0416666667
41.7916666667
42.2166666667
39.7416666667
40.7333333333
45.5583333333
47.8583333333
53.6083333333
56.55
57.1416666667
52.8083333333
53.8583333333
56.4
50.9166666667
53.3416666667
51.275
50.2083333333
47.1
45.6
44.5333333333
45.8916666667
43.7166666667
40.4416666667
32.1083333333
31.4833333333
31.8416666667
31.1166666667
32.6416666667
36.6666666667
37.65
40.1916666667
47.7083333333
45.55
51.2833333333
52.2583333333
47.8416666667
46.6916666667
45.7833333333
38.3833333333
35.0583333333
34.35
33.4416666667
30.3833333333
28.0916666667
31.2166666667
29.5583333333
27.8583333333
27.5166666667
28.7583333333
28.5833333333
29.1916666667
31.575
29.45
31.7833333333
30.4166666667
27.925
29.7
29.7083333333
29.2083333333
31.5083333333
31.0333333333
31.6416666667
34.6416666667
32.1083333333
30.7166666667
34.5083333333
33.4416666667
32.7416666667
27.3666666667
28.2083333333
30.0625
25.75
26.625
25.6416666667
29.35
26.6083333333
27.375
27.3
27.1083333333
30.0416666667
28.9916666667
28.975
30.4916666667
30.0
31.2583333333
31.4416666667
33.2083333333
33.4
32.025
38.5
40.65
41.5416666667
43.3
40.075
37.1666666667
33.7583333333
31.275
31.85
29.9166666667
38.4166666667
43.9833333333
45.7666666667
45.7583333333
42.4166666667
43.7083333333
46.3333333333
48.2666666667
44.625
34.85
30.725
32.8583333333
34.0083333333
32.8083333333
33.9666666667
31.65
31.025
29.9666666667
31.025
27.1666666667
26.7416666667
23.4416666667
22.7333333333
27.9666666667
35.3083333333
47.05
50.025
55.8666666667
54.0916666667
55.6916666667
53.5333333333
51.7833333333
49.6916666667
43.5833333333
40.125
41.8083333333
41.1583333333
42.5083333333
39.4166666667
33.0
35.3
34.65
32.4666666667
30.6333333333
29.5583333333
28.8333333333
30.2166666667
37.0416666667
45.0416666667
53.4916666667
58.9666666667
58.8333333333
56.6916666667
60.3416666667
58.7416666667
60.2416666667
59.1416666667
48.0666666667
38.9
38.6166666667
39.85
39.075
44.225
40.0666666667
39.5083333333
36.9916666667
34.8916666667
31.7166666667
31.1666666667
28.1583333333
27.525
34.3416666667
39.875
47.55
47.9166666667
50.5916666667
53.3
58.7416666667
60.0916666667
53.7416666667
51.7583333333
45.3083333333
41.4333333333
40.625
44.3166666667
40.6083333333
43.3833333333
41.2333333333
41.9
36.1
36.0333333333
31.5666666667
29.275
28.5833333333
28.475
40.0
44.8083333333
48.9833333333
51.2833333333
52.6083333333
51.8333333333
53.9083333333
56.475
56.3083333333
49.725
45.3583333333
41.1416666667
40.6083333333
38.0166666667
38.45
37.0
32.7083333333
30.5833333333
28.2333333333
26.875
26.25
26.4416666667
29.4583333333
32.475
31.6916666667
35.275
30.8916666667
31.8416666667
28.5083333333
30.3166666667
29.2333333333
28.9916666667
28.3916666667
27.525
27.1666666667
28.4833333333
30.7833333333
30.7666666667
31.3833333333
28.6416666667
27.2416666667
26.9833333333
25.475
26.1333333333
25.8333333333
25.1666666667
25.0416666667
25.975
28.5
26.2166666667
26.4416666667
26.8166666667
27.2083333333
26.15
29.5416666667
26.6416666667
26.0833333333
27.3666666667
27.175
29.7833333333
32.4916666667
33.0083333333
33.4
41.8
42.2416666667
41.925
39.25
36.8333333333
34.5
33.6
30.0916666667
28.7166666667
29.1166666667
36.825
44.0583333333
41.15
42.825
37.675
37.3416666667
42.2583333333
40.7166666667
38.5166666667
35.4666666667
32.9
32.8083333333
33.2416666667
31.3666666667
32.7083333333
32.0833333333
33.3
34.7833333333
33.8666666667
32.8166666667
31.55
29.45
28.5416666667
35.0916666667
36.25
41.1
40.5166666667
41.5333333333
42.05
43.2166666667
43.2916666667
44.4833333333
41.2083333333
36.0666666667
34.6583333333
35.2
35.725
33.9583333333
39.0833333333
37.1833333333
36.7166666667
36.0
38.0666666667
34.2
31.2916666667
30.3916666667
29.925
33.8916666667
41.6083333333
45.9416666667
45.475
44.3583333333
45.5083333333
48.025
47.55
46.425
44.725
38.975
31.5333333333
30.6583333333
29.8583333333
30.15
33.775
33.8166666667
31.4416666667
30.1833333333
29.6
28.625
27.425
25.4583333333
24.0833333333
33.7083333333
36.2
39.375
39.4583333333
41.725
40.3416666667
40.7916666667
39.6333333333
39.025
35.9333333333
37.0416666667
34.0083333333
31.8916666667
30.725
29.3166666667
34.1916666667
36.0416666667
33.4833333333
34.2333333333
32.7833333333
28.1416666667
27.675
27.3083333333
28.5333333333
33.125
39.15
46.8333333333
56.6416666667
52.675
53.1583333333
51.0
50.0416666667
49.075
46.725
44.725
43.7
44.6916666667
43.075
41.7
43.4416666667
44.2083333333
41.6666666667
39.8
41.3083333333
37.95
37.9
39.0166666667
37.9666666667
35.425
40.95
42.1166666667
39.7083333333
29.3166666667
30.075
29.625
32.15
32.1083333333
30.3833333333
30.1166666667
30.475
31.6583333333
30.375
29.725
28.8
28.3083333333
28.4166666667
27.675
27.5083333333
27.2916666667
27.1083333333
27.8666666667
27.225
30.1833333333
29.6666666667
30.3
29.05
32.9833333333
32.8666666667
32.1416666667
32.7666666667
33.675
37.0083333333
37.1416666667
33.9916666667
34.7583333333
34.675
31.4083333333
35.2166666667
34.9666666667
35.0416666667
35.0333333333
32.1916666667
31.6
33.6583333333
31.0083333333
30.55
24.4642857143
37.0166666667
45.425
47.7416666667
47.6
52.0916666667
46.325
44.9083333333
46.5666666667
48.2583333333
50.025
40.5416666667
36.6166666667
35.8666666667
34.55
42.0
37.675
37.5166666667
36.8583333333
34.0166666667
33.4583333333
31.675
29.5666666667
28.0
32.2666666667
42.475
54.7416666667
52.0166666667
56.5583333333
56.075
58.7666666667
56.325
54.9
54.2416666667
47.4
41.8666666667
40.7333333333
40.3333333333
40.125
42.2416666667
38.725
36.5166666667
31.6416666667
30.45
27.425
26.5166666667
26.875
27.1916666667
33.725
42.275
54.525
56.7333333333
56.4166666667
57.225
58.525
56.6833333333
60.9916666667
52.835
52.5333333333
48.875
42.7416666667
41.725
42.2
44.1166666667
40.1583333333
40.5333333333
36.35
35.5166666667
34.4083333333
32.6666666667
29.925
28.7583333333
34.7166666667
29.07
39.4538461538
52.175
56.225
55.275
59.0166666667
57.0
56.75
52.7583333333
45.8583333333
44.025
40.8
39.7833333333
40.475
42.9833333333
42.3
35.975
32.8333333333
32.025
27.3
26.5916666667
27.4416666667
28.7916666667
33.875
40.85
45.1166666667
47.8083333333
49.8666666667
47.2666666667
50.9416666667
52.9333333333
51.0833333333
46.5166666667
40.1416666667
37.3833333333
34.9583333333
34.0
34.3833333333
33.8
28.8833333333
28.65
30.0083333333
28.2166666667
27.4666666667
28.2666666667
28.7083333333
25.3166666667
22.7666666667
30.7
32.0916666667
32.0583333333
33.575
39.7416666667
40.7333333333
42.525
42.175
39.3666666667
34.9416666667
35.3166666667
36.3166666667
36.1583333333
36.325
32.1916666667
31.9416666667
33.25
31.7166666667
29.975
29.8833333333
29.9333333333
29.0666666667
28.875
32.525
31.175
31.35
31.3583333333
30.3416666667
30.8166666667
34.4833333333
33.0916666667
33.7083333333
33.3666666667
33.125
33.4666666667
33.75
35.5
34.1916666667
43.3916666667
45.2916666667
45.6416666667
41.725
41.8
38.7416666667
38.1583333333
33.4333333333
30.9333333333
29.1083333333
44.9083333333
50.4666666667
48.25
50.2833333333
49.2583333333
52.0
48.9166666667
49.8583333333
49.6583333333
42.0333333333
37.2833333333
34.475
36.3166666667
34.5166666667
38.0416666667
38.7166666667
37.475
37.3083333333
35.6083333333
34.575
31.5
30.875
28.1666666667
35.5
42.1833333333
49.0583333333
53.25
53.1166666667
55.7083333333
55.3916666667
55.225
56.6833333333
54.9833333333
49.0583333333
42.5833333333
43.0916666667
44.825
51.9166666667
55.3083333333
51.8916666667
50.2
47.2916666667
46.85
45.5416666667
43.9666666667
41.8166666667
42.8
51.7166666667
54.65
52.7666666667
53.4583333333
52.0666666667
53.3333333333
48.85
49.325
53.15
56.6833333333
48.4333333333
45.075
38.4416666667
38.075
35.2
37.3083333333
37.025
35.5416666667
35.55
33.85
32.0333333333
33.2416666667
28.9166666667
27.1583333333
34.7083333333
42.6
42.3833333333
44.35
49.6416666667
50.6083333333
54.7916666667
54.4083333333
59.7416666667
52.8916666667
41.6666666667
37.5666666667
33.9583333333
36.1833333333
33.4916666667
38.8333333333
38.8416666667
37.55
29.8583333333
29.95
26.95
26.4666666667
27.3416666667
26.3
31.075
32.6166666667
35.8
41.85
44.45
42.0
45.2416666667
43.75
42.8083333333
43.1
41.5916666667
39.7416666667
38.875
38.9333333333
35.7
32.8666666667
31.3416666667
28.8583333333
25.775
24.125
24.0166666667
25.0916666667
24.3333333333
23.5916666667
22.5333333333
30.8916666667
30.7916666667
33.4166666667
31.1666666667
33.65
34.6916666667
34.425
35.3583333333
37.4833333333
38.1083333333
31.9666666667
30.1416666667
33.2333333333
34.075
28.175
29.6833333333
26.775
25.5333333333
25.4916666667
25.6166666667
24.7
24.5166666667
24.7583333333
28.125
26.7333333333
26.8166666667
25.375
26.1833333333
27.0333333333
27.8416666667
28.9
28.4333333333
28.05
28.6916666667
27.9
29.2
31.075
29.4666666667
30.4666666667
33.1833333333
32.7
35.4083333333
33.6416666667
31.0916666667
32.1583333333
31.95
31.45
28.6333333333
36.1
47.1583333333
40.3083333333
42.025
42.4333333333
42.9583333333
42.325
41.1916666667
48.5166666667
51.6416666667
39.575
35.7166666667
34.25
30.8
31.2666666667
30.075
31.425
26.7083333333
26.1083333333
25.1416666667
26.7666666667
26.3166666667
21.7083333333
30.0333333333
38.6083333333
42.7416666667
46.6583333333
51.0583333333
51.9333333333
56.9916666667
51.725
51.2166666667
50.825
43.9083333333
38.575
38.775
39.5166666667
36.6083333333
38.4916666667
35.2
32.8454545455
28.3083333333
29.275
27.5
29.2416666667
28.85
29.9916666667
37.1416666667
45.75
51.9583333333
52.525
50.4583333333
48.575
53.5
53.3
53.7025
59.2833333333
46.7083333333
46.3416666667
37.4166666667
35.525
35.3166666667
40.3416666667
39.8
36.6583333333
35.675
34.225
33.025
30.2583333333
30.5333333333
29.575
32.85
39.5583333333
39.7
46.625
55.5
53.1666666667
59.85
59.65
55.9666666667
51.4083333333
47.0416666667
42.1166666667
41.2833333333
39.9083333333
37.2416666667
40.625
36.1
37.9833333333
39.3333333333
34.3
34.4583333333
34.5583333333
28.55
26.8833333333
32.3
42.475
44.65
50.825
49.1083333333
48.2166666667
49.1916666667
50.7166666667
49.3166666667
48.4916666667
41.675
42.1916666667
41.675
36.5166666667
34.825
34.4416666667
29.4583333333
29.5833333333
26.7
25.6666666667
25.3166666667
26.175
24.875
23.95
24.2583333333
28.6583333333
27.0416666667
26.85
26.8833333333
27.35
30.4666666667
34.25
31.5583333333
34.4166666667
33.0
30.0083333333
29.8583333333
34.35
32.6916666667
29.7
30.0333333333
28.5916666667
26.65
26.5083333333
27.175
25.925
25.825
26.1416666667
29.4333333333
27.2
26.4583333333
27.075
27.275
27.6666666667
27.675
28.8166666667
31.0833333333
31.6916666667
31.5166666667
31.15
31.3666666667
33.5583333333
32.3833333333
37.3666666667
39.85
37.7916666667
37.9083333333
39.0916666667
35.8416666667
33.8083333333
31.175
29.9583333333
31.7416666667
38.4333333333
46.1166666667
46.6333333333
47.6583333333
45.8833333333
48.6583333333
46.6416666667
44.7333333333
45.1333333333
38.6
35.6083333333
35.2416666667
35.5083333333
34.6166666667
37.2666666667
35.8583333333
34.7833333333
32.3916666667
32.45
31.3666666667
29.4666666667
26.725
26.2666666667
40.2583333333
41.925
49.875
52.7583333333
59.3416666667
59.1083333333
55.3083333333
52.475
51.4166666667
48.1
43.6833333333
38.7583333333
39.3916666667
38.3
38.625
38.05
37.4083333333
36.4083333333
34.5
32.6333333333
31.7416666667
30.725
32.675
26.7416666667
37.1916666667
38.7166666667
45.5
51.2333333333
47.5416666667
49.5
47.5916666667
51.7833333333
52.225
50.675
46.8083333333
38.9916666667
37.125
38.0416666667
34.8916666667
36.2833333333
33.0583333333
33.6416666667
31.1333333333
30.125
28.1416666667
29.1416666667
24.8666666667
22.125
31.825
37.525
40.7583333333
45.25
49.6
48.9666666667
51.3416666667
49.0
50.3416666667
49.6833333333
39.6916666667
34.5666666667
34.4583333333
36.525
32.7416666667
35.7916666667
34.9083333333
35.8666666667
35.3416666667
32.45
24.6916666667
25.2416666667
26.6416666667
25.2
40.125
44.9416666667
47.25
52.6333333333
58.0416666667
53.725
57.2916666667
55.35
50.275
51.8
49.4083333333
40.9833333333
42.7916666667
44.4583333333
36.7666666667
34.8916666667
29.2416666667
26.2416666667
24.9416666667
22.9333333333
23.0833333333
22.15
22.1833333333
20.3666666667
22.0166666667
39.7583333333
32.7833333333
31.8166666667
32.8
33.025
32.5
34.525
31.65
33.7833333333
33.45
32.7416666667
30.5916666667
29.9416666667
29.8
25.075
24.55
23.725
24.2916666667
25.5666666667
24.1
24.0166666667
24.45
22.6583333333
30.3083333333
25.9083333333
24.8166666667
24.175
24.9916666667
24.675
27.05
29.6916666667
28.5916666667
27.375
28.5666666667
26.7333333333
26.975
30.8416666667
29.4083333333
34.275
33.7833333333
35.3166666667
36.9083333333
37.5666666667
35.35
29.925
30.3
27.9416666667
25.7583333333
36.8333333333
49.15
44.4333333333
49.5833333333
46.4666666667
47.0666666667
49.7083333333
45.0666666667
43.7
39.8583333333
36.55
33.975
35.4666666667
35.0583333333
39.8583333333
38.1416666667
37.5416666667
36.1333333333
37.3666666667
33.175
29.9416666667
30.8666666667
27.3916666667
43.1083333333
42.8666666667
47.3833333333
51.875
62.075
56.25
53.7916666667
59.775
58.675
53.65
48.7166666667
44.5333333333
42.1833333333
42.25
41.675
41.6
38.2333333333
37.2833333333
36.0583333333
35.2083333333
32.7
32.75
32.0833333333
27.9166666667
44.0083333333
42.6166666667
50.675
54.3833333333
52.5416666667
48.4416666667
49.15
51.2416666667
54.6333333333
56.8666666667
48.8083333333
44.5166666667
42.3666666667
43.075
42.9416666667
44.875
39.275
36.5083333333
33.3
36.0
33.1
29.225
33.875
26.9166666667
40.975
44.1916666667
47.125
50.4666666667
57.5
54.4
56.2666666667
54.4583333333
54.9
54.4083333333
43.875
39.625
32.8833333333
34.4916666667
35.3583333333
37.65
33.8916666667
30.1666666667
24.8916666667
26.6833333333
23.7083333333
23.6666666667
23.8583333333
25.5416666667
31.9916666667
36.75
43.5166666667
43.5416666667
44.5333333333
45.4166666667
43.6333333333
48.0
50.5583333333
49.0833333333
45.725
42.5416666667
35.5583333333
33.7583333333
32.65
32.125
26.1083333333
25.1583333333
24.5166666667
24.4333333333
24.35
23.9916666667
25.8833333333
25.4666666667
21.6666666667
28.85
30.1916666667
28.3833333333
27.2083333333
28.5416666667
26.7166666667
27.3916666667
27.2
29.6666666667
31.8
31.0333333333
30.8083333333
33.65
37.2416666667
29.625
26.6583333333
27.8666666667
28.45
26.5416666667
26.1666666667
26.3416666667
27.4416666667
26.8333333333
31.6833333333
29.9083333333
27.675
27.175
27.3583333333
30.5416666667
28.4416666667
29.9166666667
30.575
29.4333333333
29.8666666667
31.7333333333
30.925
33.675
35.1416666667
39.9416666667
40.55
40.0333333333
39.1916666667
40.9166666667
37.5583333333
31.8583333333
33.2583333333
29.4916666667
28.6166666667
39.625
44.9166666667
45.75
51.5083333333
48.075
47.8666666667
44.3083333333
44.7333333333
47.3666666667
34.775
31.6166666667
27.7583333333
31.7166666667
31.6
34.55
33.425
34.35
32.025
30.825
30.1666666667
25.0666666667
25.6
24.275
40.3
43.55
50.4
53.2916666667
58.675
51.85
52.4833333333
55.6833333333
55.925
52.4083333333
46.95
44.125
42.2666666667
43.7083333333
41.5583333333
40.7333333333
35.65
34.675
36.6166666667
33.6333333333
32.6166666667
28.6583333333
27.7583333333
27.8083333333
43.6416666667
44.55
50.025
54.4416666667
51.7333333333
46.35
48.9916666667
51.2
44.525
47.4166666667
39.4916666667
35.45
36.25
33.5916666667
32.2416666667
37.1666666667
36.7
38.5
32.2333333333
31.3833333333
29.2416666667
24.8333333333
24.3166666667
22.3166666667
35.1583333333
39.25
41.1
44.1916666667
49.55
49.1666666667
51.2666666667
51.525
51.6
49.6833333333
45.1166666667
41.4833333333
38.3166666667
37.3416666667
37.8583333333
39.8083333333
35.4
34.6083333333
33.25
32.3166666667
31.3916666667
29.6333333333
27.5333333333
25.1333333333
41.4833333333
36.775
44.1916666667
44.2333333333
48.9916666667
44.3083333333
49.4083333333
51.625
51.3333333333
52.3166666667
45.1833333333
40.4
38.375
40.4416666667
38.775
34.6916666667
27.5
26.7916666667
26.6416666667
26.1
25.2
25.1166666667
25.4333333333
23.8916666667
26.6083333333
37.1916666667
34.7166666667
33.325
32.25
31.8916666667
31.4666666667
31.8416666667
32.0583333333
31.5416666667
34.0833333333
31.5666666667
30.5833333333
33.125
32.2083333333
27.9583333333
26.975
27.1666666667
27.5833333333
26.5833333333
26.8
26.2083333333
26.9583333333
24.8416666667
34.8166666667
32.0916666667
31.9333333333
30.0666666667
31.8166666667
30.9
31.0166666667
29.6666666667
30.25
31.4583333333
32.1833333333
32.05
30.525
30.9666666667
32.9666666667
37.7416666667
41.2666666667
40.7333333333
38.6666666667
36.4916666667
35.7583333333
31.8666666667
34.925
26.325
27.4666666667
38.5333333333
42.525
39.5
39.0583333333
39.975
41.35
43.2166666667
43.2083333333
38.9916666667
33.65
28.2166666667
28.85
31.4916666667
32.5083333333
33.575
36.0666666667
31.5833333333
29.5833333333
27.4
26.6083333333
25.5083333333
25.1666666667
22.9333333333
42.9583333333
47.9833333333
48.75
51.2416666667
52.95
46.5416666667
49.0166666667
54.5666666667
49.7083333333
48.55
40.9333333333
36.9
35.9166666667
36.9916666667
35.175
37.6416666667
36.1833333333
36.8833333333
33.8166666667
31.1166666667
28.95
25.6166666667
27.175
25.0833333333
39.075
43.3333333333
47.6
47.4583333333
46.45
49.7166666667
48.0083333333
45.7416666667
46.6416666667
44.6166666667
38.9916666667
36.6083333333
35.6166666667
39.0416666667
38.8916666667
40.0916666667
40.1083333333
32.075
29.9666666667
29.2583333333
25.425
23.2416666667
23.2166666667
24.1833333333
40.5
39.625
45.2
43.2083333333
45.875
43.7
48.6833333333
45.1166666667
44.875
44.6916666667
42.6333333333
36.2
31.9
32.8333333333
34.975
35.1583333333
33.275
33.7916666667
32.4416666667
27.85
25.275
23.3916666667
22.9583333333
24.375
41.2083333333
41.6
44.2166666667
45.925
44.95
44.7333333333
43.1916666667
50.1666666667
44.425
45.9916666667
39.9
34.7333333333
31.1083333333
31.2416666667
32.3083333333
30.1916666667
23.775
23.2083333333
22.425
23.6416666667
21.1833333333
24.825
21.35
20.1416666667
20.5
34.8333333333
25.1166666667
23.425
24.5833333333
22.925
25.4583333333
26.3333333333
27.9083333333
28.025
26.5833333333
25.1583333333
26.0833333333
28.1666666667
26.3
23.1333333333
22.9416666667
23.7
21.8416666667
21.9666666667
22.0833333333
21.125
21.55
22.1833333333
38.425
32.4416666667
29.4416666667
24.3666666667
23.9
24.4666666667
25.6583333333
26.1
27.3333333333
27.9416666667
27.4333333333
26.3333333333
27.3
26.8333333333
27.25
26.025
28.6416666667
30.1583333333
29.2666666667
31.4166666667
28.1333333333
27.0583333333
28.9333333333
27.6166666667
25.2666666667
35.725
42.8166666667
36.7333333333
42.825
38.4833333333
38.2666666667
37.3583333333
37.4
43.1333333333
35.4083333333
31.3166666667
27.4916666667
28.0166666667
30.675
32.1666666667
31.325
29.5
29.5166666667
27.9666666667
26.95
25.7083333333
24.3083333333
23.1416666667
40.5083333333
49.4833333333
59.0083333333
56.5083333333
52.8333333333
46.7333333333
43.9583333333
44.9833333333
45.425
44.55
36.8166666667
33.6833333333
31.1083333333
32.3
33.4583333333
33.625
30.1166666667
27.7333333333
27.4916666667
26.2333333333
24.1583333333
25.0166666667
23.375
23.6333333333
37.6583333333
38.525
39.5166666667
40.4583333333
42.1083333333
39.5916666667
41.75
50.8833333333
42.25
43.8416666667
37.8333333333
33.8
33.55
34.0833333333
32.2833333333
31.7583333333
28.6333333333
27.45
29.2416666667
27.675
24.35
27.725
24.2666666667
24.2083333333
37.1166666667
44.55
51.65
47.725
50.6666666667
44.5583333333
38.6416666667
40.4666666667
42.65
40.5916666667
38.4416666667
35.1166666667
32.2333333333
33.4
35.7916666667
37.4583333333
35.3583333333
34.0083333333
33.1333333333
28.5
26.075
25.5166666667
24.6166666667
25.0583333333
38.6916666667
38.0916666667
42.9833333333
40.8083333333
41.0583333333
39.7416666667
41.25
42.5833333333
44.1666666667
43.1916666667
39.3083333333
35.1166666667
33.4666666667
33.975
35.5166666667
35.8333333333
27.3583333333
26.9833333333
28.7583333333
25.675
25.5916666667
25.7416666667
25.9583333333
23.225
24.2166666667
40.1166666667
31.9333333333
30.2333333333
29.0416666667
31.4
34.0666666667
32.1416666667
34.0916666667
34.05
32.0333333333
32.6666666667
27.3666666667
28.4
28.4
22.5416666667
24.85
23.45
23.85
23.0833333333
21.9666666667
22.1166666667
22.3416666667
22.0333333333
39.9
37.525
33.6916666667
28.575
25.8166666667
29.0666666667
27.9833333333
28.2
28.25
29.3083333333
27.9583333333
27.25
27.85
26.2
26.5333333333
31.2666666667
34.2
32.975
32.325
31.9
31.9333333333
28.6333333333
28.1833333333
23.8
26.05
36.1416666667
40.0166666667
37.7833333333
39.1333333333
39.8
44.7916666667
43.3333333333
43.3333333333
36.3583333333
30.7416666667
27.125
24.8083333333
26.4333333333
28.2166666667
30.7333333333
33.6166666667
30.5166666667
30.4666666667
28.4416666667
26.6833333333
26.4166666667
24.8666666667
22.5333333333
37.3
36.3083333333
43.225
46.425
41.9916666667
42.1
37.175
40.7166666667
40.5166666667
40.4416666667
35.675
32.0333333333
29.35
29.7833333333
30.65
32.1833333333
26.4
25.6
25.775
26.9416666667
24.55
25.7916666667
24.4916666667
23.025
35.3083333333
41.6916666667
50.2333333333
47.9416666667
45.3666666667
49.7666666667
48.2333333333
53.8166666667
51.6
48.3
40.6833333333
35.8833333333
33.5
35.9333333333
39.0833333333
36.7333333333
36.05
34.1916666667
33.1666666667
32.6583333333
31.05
32.25
27.2083333333
26.55
38.15
40.225
42.575
37.1416666667
37.0416666667
37.4583333333
40.5083333333
62.2583333333
53.4916666667
50.6416666667
44.4416666667
42.225
43.025
37.6333333333
38.3666666667
42.025
35.6166666667
33.3166666667
32.9
30.475
29.7916666667
33.0666666667
26.15
34.7916666667
32.5333333333
35.0916666667
36.8666666667
39.4666666667
40.2166666667
38.8083333333
38.2583333333
37.525
40.95
36.7666666667
34.375
34.6583333333
31.2
31.55
33.2416666667
30.1416666667
27.5416666667
26.2333333333
25.35
24.8833333333
24.95
25.8916666667
23.6583333333
30.6583333333
26.425
27.025
27.35
26.7833333333
29.1083333333
27.75
27.3166666667
24.1833333333
26.6833333333
26.5583333333
26.025
24.6833333333
24.2416666667
27.0833333333
29.25
24.825
24.8666666667
24.0583333333
22.8583333333
22.8833333333
23.4833333333
22.15
20.9333333333
28.3166666667
27.175
26.6083333333
25.525
26.6583333333
24.1
25.0583333333
23.75
21.2916666667
21.1
22.5416666667
22.975
22.725
23.975
23.4166666667
24.725
22.7333333333
20.2916666667
20.6833333333
21.575
20.4166666667
20.4666666667
21.525
20.1666666667
17.5916666667
18.9166666667
20.575
20.1833333333
22.8916666667
22.8916666667
22.8833333333
23.2666666667
23.375
24.6916666667
23.775
23.5583333333
22.9
21.8666666667
21.0
21.4083333333
24.575
26.325
22.8833333333
24.4166666667
23.4166666667
22.3166666667
27.65
22.5083333333
31.8083333333
31.85
43.1
52.5
49.6
52.1333333333
47.825
47.5833333333
47.9083333333
43.45
42.2833333333
35.9083333333
37.075
36.2583333333
33.875
31.9333333333
29.1333333333
34.45
29.1916666667
28.2166666667
30.2583333333
29.5166666667
25.3166666667
22.0833333333
29.3083333333
31.7416666667
34.3666666667
40.375
47.3
46.9
49.4833333333
49.625
50.2666666667
48.4333333333
48.35
43.6583333333
42.4333333333
38.6083333333
38.5166666667
34.775
34.9166666667
37.4416666667
36.5833333333
34.4666666667
34.6833333333
34.2833333333
28.3416666667
26.3083333333
33.4083333333
33.825
37.85
42.7916666667
44.4166666667
48.1
50.6083333333
48.1916666667
48.8
44.5166666667
42.775
39.9333333333
36.825
37.2583333333
34.7833333333
36.0416666667
34.775
32.5833333333
31.9916666667
32.425
30.525
30.625
34.4666666667
24.7
32.025
32.7416666667
35.8166666667
40.8083333333
43.2666666667
42.5166666667
44.6666666667
48.325
52.4083333333
55.05
52.9583333333
49.3583333333
43.575
34.175
33.0583333333
33.275
26.2916666667
25.6166666667
24.5166666667
25.3416666667
24.5583333333
25.6083333333
24.4583333333
22.7416666667
32.3416666667
32.7416666667
28.1083333333
28.3
27.5166666667
28.35
28.075
29.6416666667
29.4
29.5
29.65
30.3416666667
29.575
28.3583333333
29.7333333333
30.3916666667
26.8666666667
27.35
26.2583333333
24.0916666667
23.7833333333
23.7166666667
24.8333333333
21.45
29.6583333333
29.0666666667
25.4916666667
24.825
26.0333333333
27.175
27.25
27.75
28.5916666667
29.4
30.9
29.7333333333
28.375
27.1583333333
28.8833333333
28.925
30.0
32.4833333333
35.9166666667
34.4
35.9416666667
34.5583333333
35.3583333333
29.825
33.2166666667
33.5
34.7
39.8666666667
39.8
43.0583333333
42.6083333333
41.2166666667
37.1583333333
35.725
38.85
34.1333333333
33.2333333333
30.825
32.7833333333
33.2666666667
32.0666666667
26.8333333333
25.0666666667
25.6583333333
24.175
24.2083333333
23.5583333333
24.625
30.7416666667
26.7833333333
34.45
35.7
35.0166666667
36.9583333333
34.9666666667
33.0333333333
32.8416666667
32.2083333333
31.0583333333
32.0916666667
29.9666666667
27.7
30.6333333333
29.5916666667
26.4166666667
26.9583333333
27.8166666667
25.55
24.6833333333
26.375
25.7416666667
25.3583333333
31.9666666667
32.7833333333
38.8
41.0083333333
40.6833333333
43.4083333333
43.325
44.55
44.8916666667
43.025
44.1333333333
38.5666666667
33.8833333333
33.1916666667
32.3333333333
33.8166666667
30.8333333333
33.05
29.7833333333
29.75
28.5583333333
26.225
25.35
24.1083333333
31.8333333333
32.925
33.9
39.375
39.875
41.1666666667
40.525
39.7833333333
44.7416666667
43.5916666667
40.1916666667
33.925
30.55
26.6416666667
29.7
31.4083333333
31.725
31.7916666667
28.425
29.325
29.6916666667
27.875
29.4333333333
27.7333333333
33.4416666667
31.6083333333
36.5333333333
38.2083333333
38.4833333333
39.5583333333
39.9333333333
45.5583333333
42.4083333333
43.1416666667
41.8166666667
38.1833333333
34.55
31.3333333333
31.3916666667
32.2833333333
28.0666666667
26.225
26.225
27.375
25.1666666667
25.9166666667
25.6166666667
24.6
34.45
30.9083333333
29.1833333333
29.8583333333
30.275
31.0333333333
33.5333333333
29.8833333333
32.7083333333
33.65
30.85
30.4
31.65
30.775
31.2583333333
32.975
28.7583333333
27.6666666667
26.7083333333
24.8
24.7916666667
24.5
27.5833333333
22.5083333333
31.1333333333
28.475
27.5583333333
29.4
29.8666666667
29.8583333333
29.675
33.125
31.2083333333
30.0833333333
30.1166666667
30.3333333333
28.7416666667
28.1416666667
28.5333333333
30.275
28.0
26.8583333333
25.55
27.8583333333
25.9666666667
25.4166666667
27.3583333333
26.2166666667
33.0833333333
31.8333333333
40.1166666667
39.325
41.9166666667
42.4083333333
46.6916666667
48.5416666667
49.2583333333
48.3333333333
48.0
46.1083333333
42.1
39.625
41.3166666667
40.5083333333
29.7666666667
27.425
27.2083333333
28.1166666667
27.2
26.2416666667
28.25
26.7833333333
34.6083333333
35.45
43.5833333333
44.0333333333
46.6666666667
49.1
47.6083333333
49.8666666667
48.3
48.1916666667
45.4166666667
42.075
39.15
34.375
31.075
31.1083333333
28.3
29.425
27.175
29.9
27.4666666667
25.3166666667
27.225
24.625
34.0083333333
34.075
37.475
41.55
49.575
42.9666666667
36.9
36.5833333333
41.5833333333
40.8916666667
37.9416666667
37.3
29.7166666667
27.45
26.4
28.225
26.8416666667
29.5583333333
27.6416666667
30.7333333333
28.4083333333
27.725
28.2666666667
25.125
30.8833333333
32.975
39.3333333333
40.0833333333
39.6916666667
40.0083333333
40.3583333333
42.9
42.0166666667
41.3666666667
39.7916666667
34.3083333333
32.0083333333
31.125
31.3916666667
29.3416666667
25.2833333333
29.5416666667
32.425
36.825
31.2416666667
23.825
24.775
25.8666666667
33.725
35.2666666667
41.95
39.2166666667
42.0916666667
46.55
43.8166666667
42.9166666667
42.4333333333
43.45
41.0416666667
40.3333333333
37.0333333333
32.575
31.8083333333
33.5333333333
24.4416666667
24.5083333333
24.8416666667
25.05
23.9583333333
24.3833333333
24.5166666667
22.6083333333
31.1166666667
34.3833333333
33.75
34.275
33.0833333333
33.9333333333
34.6583333333
35.525
34.3333333333
31.9916666667
31.25
29.0166666667
31.8083333333
29.1666666667
28.7166666667
30.4833333333
27.4916666667
26.8666666667
25.6083333333
26.725
25.125
24.125
24.35
22.6666666667
31.575
33.4833333333
29.7916666667
28.3833333333
28.175
29.9333333333
29.0833333333
28.725
31.6166666667
29.625
29.6083333333
29.9916666667
28.5666666667
27.6833333333
29.7916666667
31.9
26.55
26.7166666667
26.5166666667
26.375
26.4083333333
25.0166666667
23.9
26.6166666667
34.575
36.0083333333
42.7833333333
47.0416666667
50.5666666667
46.5083333333
52.1916666667
44.9583333333
45.925
45.1666666667
45.1
38.2833333333
35.0916666667
32.8083333333
31.4416666667
31.8666666667
28.575
29.4666666667
29.0333333333
28.9083333333
27.375
29.0
30.7166666667
30.0
42.875
36.8666666667
38.7416666667
45.5916666667
47.9083333333
46.8833333333
52.4333333333
47.7166666667
50.0666666667
52.325
47.5833333333
41.6583333333
37.675
32.825
29.6
33.1166666667
30.5833333333
28.4583333333
31.9416666667
27.75
24.85
24.7916666667
27.8833333333
23.6
30.95
30.5083333333
41.2333333333
42.65
45.6833333333
40.6833333333
38.7833333333
38.8416666667
39.1916666667
38.4416666667
37.2333333333
29.0083333333
27.5583333333
27.0
27.1416666667
27.55
26.1416666667
32.5333333333
26.6833333333
28.3666666667
25.675
22.6
23.2333333333
21.9416666667
29.325
30.0333333333
36.4083333333
39.4833333333
42.9916666667
44.6583333333
44.4333333333
44.8166666667
44.475
43.3833333333
42.9166666667
36.45
38.8
36.8333333333
33.675
33.1916666667
32.95
37.05
34.0166666667
29.5583333333
28.125
27.4083333333
32.2333333333
27.7916666667
33.175
36.05
37.2666666667
38.15
41.8666666667
45.6083333333
38.35
40.6666666667
43.1916666667
40.9
33.5666666667
30.7833333333
27.225
26.5833333333
23.7916666667
26.1333333333
23.6083333333
23.475
23.425
23.0666666667
22.6166666667
21.6
21.5333333333
21.7166666667
28.9166666667
25.0416666667
24.1166666667
25.0666666667
24.3583333333
23.35
26.1916666667
26.65
25.3
26.1833333333
23.9166666667
24.425
24.4083333333
25.0166666667
25.7666666667
27.6166666667
24.7
22.9583333333
23.3333333333
23.9
21.8333333333
21.5416666667
21.8416666667
21.1166666667
27.9666666667
26.625
23.3166666667
22.8083333333
23.775
30.475
26.775
26.5083333333
25.7916666667
25.8166666667
26.2
27.0583333333
25.15
25.5916666667
25.6916666667
27.4333333333
28.45
30.4583333333
30.8333333333
30.975
33.7666666667
28.7333333333
29.7333333333
27.675
31.175
30.8583333333
33.0083333333
37.975
39.9583333333
39.325
41.0333333333
47.8333333333
46.9833333333
43.3166666667
42.55
34.4666666667
31.4583333333
28.7166666667
25.8083333333
26.0416666667
29.4583333333
31.9916666667
30.0333333333
27.05
30.2166666667
26.175
27.0333333333
27.8666666667
30.55
29.8083333333
36.5416666667
39.575
38.6416666667
45.15
45.3916666667
43.7583333333
36.9583333333
36.8416666667
33.825
42.9333333333
42.8916666667
38.0916666667
30.3083333333
28.425
29.4916666667
32.1416666667
31.575
32.7416666667
34.0416666667
29.9666666667
32.1333333333
26.6
30.2333333333
33.4666666667
37.9083333333
42.2583333333
44.8666666667
42.725
39.0583333333
40.775
43.8333333333
52.3166666667
45.3083333333
36.3833333333
34.6
29.5583333333
29.6583333333
34.6333333333
35.7916666667
35.375
33.3166666667
30.725
29.4666666667
27.2083333333
27.9166666667
25.4333333333
35.8916666667
36.0583333333
38.1166666667
42.55
44.95
43.1583333333
44.8916666667
46.8333333333
43.375
44.6583333333
37.6166666667
34.275
29.1416666667
29.85
28.2666666667
29.875
33.7083333333
34.2583333333
30.1083333333
29.7916666667
27.8416666667
26.3416666667
33.9083333333
27.8416666667
33.375
35.5083333333
34.0083333333
37.25
37.1833333333
41.4916666667
40.5
40.7416666667
39.7583333333
37.65
34.4583333333
32.925
30.2916666667
30.25
31.1333333333
29.8916666667
25.3333333333
25.325
23.875
24.1833333333
25.0916666667
24.125
24.125
24.7
30.9583333333
27.575
26.425
27.0916666667
29.1083333333
27.375
26.45
27.8583333333
27.075
28.2166666667
28.325
28.025
26.2083333333
27.0583333333
27.425
28.65
25.7666666667
24.475
24.275
25.45
24.6416666667
23.725
23.6333333333
24.4333333333
31.0916666667
25.6
25.3333333333
27.6666666667
27.0333333333
26.0666666667
26.55
28.5666666667
26.1083333333
25.2833333333
26.5916666667
26.675
27.5416666667
26.725
26.3333333333
28.3916666667
29.6416666667
31.8
28.425
27.55
27.4833333333
26.35
28.4916666667
27.8916666667
36.5
31.775
38.8916666667
44.4416666667
48.4416666667
48.6083333333
44.1833333333
43.4
46.1583333333
51.2833333333
43.4
40.0916666667
36.35
34.3166666667
33.0333333333
33.5583333333
34.0666666667
36.9916666667
34.9
31.425
32.5916666667
32.6083333333
32.775
28.5416666667
37.0416666667
31.4
40.05
44.475
45.6833333333
52.8416666667
45.2416666667
49.8916666667
48.675
48.25
41.85
33.6666666667
29.7083333333
27.5916666667
27.8833333333
29.2666666667
33.375
31.775
27.1416666667
27.175
26.8333333333
26.3166666667
28.8416666667
27.1666666667
34.6916666667
36.6083333333
38.7166666667
41.2833333333
45.425
45.6083333333
41.8416666667
42.8166666667
43.425
45.475
39.3333333333
33.85
30.975
28.4333333333
26.9333333333
29.3916666667
32.9833333333
35.125
27.8666666667
26.9916666667
27.575
24.7
24.9
23.3833333333
32.8
34.7
40.5416666667
45.6416666667
48.5083333333
44.5916666667
44.1666666667
39.7583333333
40.0083333333
37.8083333333
31.4083333333
28.3916666667
26.1916666667
26.2833333333
27.3333333333
29.2333333333
24.8333333333
26.5
25.1666666667
24.4166666667
23.4833333333
23.0833333333
23.6583333333
21.6666666667
33.4333333333
30.9416666667
28.4666666667
27.725
30.7083333333
29.1083333333
28.125
29.1583333333
31.45
31.175
28.5333333333
29.1416666667
29.2083333333
27.5333333333
29.4
31.2
28.8166666667
25.675
26.3583333333
23.925
23.7666666667
23.8083333333
27.3833333333
23.1166666667
30.85
29.1166666667
26.45
26.1333333333
27.6083333333
27.8416666667
27.4666666667
26.9666666667
26.5166666667
27.2083333333
28.2666666667
27.3833333333
26.875
26.3916666667
27.9166666667
29.525
26.2833333333
26.5666666667
25.9916666667
24.9333333333
25.5583333333
23.775
23.9416666667
23.0416666667
33.2083333333
28.5166666667
26.6083333333
28.3416666667
26.8333333333
26.7416666667
29.2083333333
28.0666666667
27.6333333333
28.8333333333
27.775
26.875
27.3333333333
27.05
27.175
30.4
25.6
30.1583333333
31.0666666667
30.9166666667
28.65
26.1166666667
23.9083333333
24.5833333333
32.5
33.8583333333
41.175
45.1333333333
46.175
45.7
44.1583333333
45.25
45.525
44.9333333333
44.675
38.3166666667
31.975
28.65
29.975
32.0416666667
34.4166666667
34.5
31.9916666667
28.5
28.85
27.4916666667
29.9583333333
27.1083333333
33.4666666667
35.2
45.0666666667
49.825
52.1083333333
50.0833333333
48.7416666667
51.3166666667
50.825
52.5083333333
46.925
39.175
33.0166666667
29.2
28.7833333333
34.1416666667
31.8416666667
35.0916666667
32.4416666667
31.1833333333
33.9583333333
34.0583333333
34.15
30.5
33.3
37.35
44.4666666667
49.6583333333
49.3333333333
49.475
47.0583333333
48.7333333333
51.3666666667
48.475
46.575
38.5416666667
35.25
32.9916666667
32.3333333333
34.5083333333
35.7666666667
35.0833333333
31.2583333333
30.85
30.7666666667
29.0166666667
30.1583333333
29.375
35.575
38.675
47.675
52.6416666667
55.2416666667
54.675
53.1666666667
52.3
54.1416666667
53.1416666667
48.675
44.45
42.9333333333
36.8083333333
35.5083333333
34.625
35.5166666667
37.3416666667
35.6
35.0416666667
37.075
33.9833333333
35.2583333333
30.5
36.9416666667
40.9583333333
48.4333333333
49.675
52.7416666667
52.8916666667
50.45
47.3833333333
50.5
50.125
42.6416666667
38.5
34.4416666667
33.25
32.7583333333
36.3166666667
31.75
31.575
31.4166666667
30.725
29.8083333333
29.6333333333
29.7
28.575
36.7083333333
37.325
34.925
33.0916666667
33.1666666667
32.7
33.6666666667
34.1666666667
33.9833333333
35.0166666667
33.7916666667
32.3833333333
32.575
32.2083333333
33.6916666667
36.4416666667
31.9333333333
31.0416666667
31.625
33.3666666667
30.45
29.0083333333
29.2166666667
28.6833333333
36.2666666667
36.3333333333
35.0583333333
33.4583333333
33.0583333333
33.0083333333
34.0916666667
34.4916666667
36.3083333333
37.3333333333
36.7333333333
35.5833333333
33.8083333333
33.2833333333
34.0666666667
36.3583333333
36.0416666667
38.0
34.2333333333
33.5916666667
31.2833333333
29.3666666667
31.225
29.7
34.8833333333
36.0583333333
40.8333333333
42.0083333333
43.6666666667
44.5
41.6333333333
40.575
42.4166666667
43.1916666667
43.375
35.5083333333
30.625
29.675
29.7583333333
31.575
30.6833333333
35.5666666667
33.075
32.85
30.825
29.1916666667
32.175
28.525
34.95
39.0583333333
50.3166666667
54.7166666667
53.7583333333
52.35
51.4083333333
51.6416666667
51.7416666667
58.25
52.8333333333
51.4583333333
45.4333333333
41.4083333333
38.7
36.95
31.3333333333
31.3916666667
33.15
34.4666666667
29.15
28.4666666667
32.4583333333
29.7666666667
35.5666666667
39.7166666667
43.3833333333
41.1583333333
39.6583333333
42.85
41.0333333333
41.575
42.0416666667
41.6916666667
40.8833333333
37.4333333333
29.75
30.6833333333
29.875
32.125
36.3416666667
34.8083333333
36.9666666667
35.0916666667
34.9416666667
34.15
35.8333333333
27.225
36.0916666667
34.8
41.475
44.7583333333
44.7
43.6916666667
39.7833333333
36.975
39.3416666667
44.7416666667
45.5916666667
39.7833333333
35.75
31.925
33.4
34.5666666667
33.85
33.3
28.8916666667
30.475
30.45
30.0333333333
31.125
27.475
36.8416666667
37.9
46.55
45.7333333333
47.1833333333
48.25
42.6166666667
44.6333333333
47.4833333333
45.4333333333
36.4416666667
33.9666666667
31.2916666667
31.8
31.8583333333
32.15
28.3916666667
27.6333333333
27.775
26.8083333333
26.9166666667
27.225
27.6166666667
26.8
34.075
36.0666666667
33.3
34.4666666667
36.075
35.15
36.1583333333
36.4916666667
34.2333333333
36.2416666667
37.35
34.7833333333
35.0833333333
35.075
37.0833333333
37.725
32.575
33.175
32.3666666667
32.8
34.1833333333
32.1
33.2916666667
30.1083333333
38.2583333333
39.0583333333
37.8416666667
36.825
36.5166666667
38.0166666667
39.8583333333
39.8333333333
40.775
42.5916666667
42.8416666667
42.95
44.2083333333
43.4833333333
40.8083333333
39.7166666667
39.5333333333
39.7333333333
35.1916666667
35.9
35.0333333333
34.6
36.9666666667
36.625
39.4083333333
42.2666666667
51.7916666667
50.075
51.9
50.9333333333
47.5833333333
47.5166666667
46.9833333333
52.1416666667
47.575
38.8916666667
37.3416666667
35.1083333333
33.875
33.8
33.25
36.5166666667
36.7666666667
36.3666666667
33.5666666667
31.7
29.3125
28.3
34.6333333333
38.05
48.4583333333
53.3583333333
52.2583333333
52.9833333333
48.4916666667
48.825
52.6666666667
52.6916666667
49.7833333333
45.8333333333
45.2166666667
45.025
45.3666666667
40.4083333333
34.9666666667
36.9916666667
33.1333333333
33.3833333333
33.4083333333
31.575
33.0166666667
26.0666666667
31.9666666667
36.8416666667
41.4583333333
42.425
44.0833333333
46.275
42.1583333333
48.75
45.6083333333
43.8833333333
40.7166666667
36.4833333333
33.6333333333
29.9583333333
29.1083333333
32.9
30.6083333333
33.0333333333
30.7166666667
30.2416666667
29.1416666667
28.0166666667
28.8916666667
30.1583333333
35.525
35.5416666667
41.0666666667
44.15
46.1333333333
45.9666666667
42.675
41.425
40.9416666667
43.3666666667
39.75
36.175
32.2166666667
31.3166666667
30.4833333333
31.8666666667
34.6
36.4
33.2916666667
33.6416666667
32.45
31.7416666667
34.6583333333
28.3916666667
34.0416666667
36.55
44.275
47.825
48.4416666667
47.05
45.3
47.3
49.25
47.8833333333
43.8083333333
43.3833333333
40.475
38.8
36.8
38.8916666667
32.4166666667
33.3333333333
32.375
33.4416666667
31.1833333333
31.0416666667
31.6833333333
30.525
40.1666666667
40.975
38.95
36.0083333333
36.3666666667
37.4333333333
37.725
38.125
40.0333333333
37.7333333333
37.7916666667
39.0916666667
37.6666666667
36.7833333333
37.1166666667
39.0333333333
33.9583333333
33.225
34.5666666667
33.975
31.7333333333
32.025
31.2166666667
30.675
39.2833333333
39.9166666667
36.9416666667
35.9166666667
36.6666666667
35.7666666667
37.9333333333
40.1583333333
39.95
40.65
39.825
38.0916666667
37.4583333333
37.1083333333
37.625
38.3833333333
38.5916666667
37.35
32.275
32.2833333333
34.7583333333
32.8416666667
31.9833333333
29.45
33.575
37.2833333333
45.6833333333
47.7
49.2666666667
50.8416666667
46.05
45.4333333333
44.725
47.3833333333
47.4666666667
38.5333333333
35.4666666667
31.525
31.2083333333
33.425
33.7
36.9916666667
33.2416666667
34.375
33.4333333333
30.9833333333
32.9333333333
26.2833333333
32.9
37.1083333333
44.1083333333
49.225
50.0916666667
52.9833333333
53.5416666667
53.075
55.4666666667
57.375
52.9416666667
46.725
39.9833333333
36.7666666667
37.175
34.9166666667
34.6833333333
38.975
35.3416666667
31.55
33.875
34.1666666667
35.55
31.9833333333
33.3
37.25
44.675
47.4083333333
47.5833333333
48.975
50.6583333333
49.2833333333
51.15
47.1333333333
40.6666666667
37.875
37.525
34.275
33.3833333333
33.375
33.7416666667
35.4916666667
34.5166666667
35.6916666667
32.825
28.2333333333
28.1166666667
28.725
35.25
39.5
48.775
48.3583333333
48.3333333333
44.8
44.1333333333
44.325
46.6833333333
47.2
48.325
41.95
36.9166666667
31.3166666667
28.3333333333
30.6916666667
29.65
35.5916666667
34.7416666667
37.175
37.375
35.825
35.7166666667
30.0583333333
35.9416666667
41.5333333333
47.4083333333
54.1833333333
49.6083333333
46.6583333333
47.1333333333
45.3
46.0833333333
44.4833333333
41.2583333333
39.3916666667
34.4916666667
33.8
31.65
32.8916666667
28.6083333333
24.7666666667
24.7166666667
25.6583333333
24.7083333333
25.075
25.0666666667
24.8666666667
31.6333333333
33.7583333333
32.3833333333
29.3
29.425
30.8
31.4666666667
32.4833333333
33.55
33.3166666667
32.9083333333
30.7416666667
29.7166666667
28.2666666667
28.9
31.2333333333
26.0416666667
25.5
27.2
28.315
27.9175
27.075
26.9175
26.5875
32.2
33.1875
31.3275
30.4725
30.66
31.24
31.82
32.125
32.1875
32.9325
32.5125
29.4833333333
29.3416666667
29.1416666667
29.0333333333
29.9916666667
26.6083333333
30.9666666667
33.75
30.275
30.55
30.05
31.2583333333
31.4666666667
34.0666666667
41.725
48.8583333333
52.2166666667
54.05
51.5333333333
46.3833333333
44.4083333333
44.2166666667
45.15
45.5166666667
39.775
38.9083333333
34.6666666667
30.6416666667
30.325
30.5166666667
33.775
29.8583333333
31.15
29.775
29.625
32.4916666667
28.0083333333
32.2916666667
30.6083333333
46.6333333333
50.45
49.175
51.3416666667
47.7666666667
51.9166666667
55.4833333333
51.375
45.65
41.2916666667
38.2083333333
33.9166666667
33.8083333333
32.8833333333
33.3916666667
34.375
32.1833333333
31.8083333333
30.8583333333
30.6916666667
32.8666666667
30.1333333333
32.6916666667
36.6083333333
43.0916666667
45.875
49.125
48.7333333333
49.6333333333
44.075
44.95
43.275
46.2333333333
38.65
35.5666666667
31.175
30.4583333333
31.7
33.1583333333
35.5083333333
32.1583333333
33.6666666667
34.625
33.6833333333
36.1583333333
31.525
34.9333333333
36.4333333333
41.8416666667
37.2583333333
39.1416666667
39.6083333333
38.0583333333
39.9583333333
44.1166666667
46.9583333333
41.0666666667
39.35
34.3916666667
32.925
36.025
34.8
34.875
35.75
32.2083333333
33.15
32.5
32.125
34.3583333333
27.2583333333
32.325
35.9833333333
40.7666666667
43.675
46.75
46.1166666667
47.1416666667
46.4833333333
46.05
44.525
44.8083333333
39.1416666667
36.4916666667
36.2166666667
36.1583333333
36.3
31.8916666667
30.4666666667
29.5833333333
29.5
30.7583333333
29.5416666667
29.0
30.125
38.8583333333
38.9333333333
36.1
34.275
34.9916666667
36.6583333333
34.475
34.1416666667
34.7
34.1583333333
34.7416666667
33.25
33.8333333333
32.5916666667
34.175
37.0166666667
30.6916666667
29.85
30.3583333333
31.8
30.4416666667
29.7583333333
29.5333333333
30.475
39.85
40.8666666667
36.4416666667
33.7583333333
34.7666666667
35.625
34.125
34.5666666667
33.725
34.45
32.675
32.6916666667
33.4416666667
32.3833333333
34.5916666667
34.8916666667
34.975
35.0916666667
31.55
33.4916666667
33.8416666667
32.775
34.7083333333
30.3583333333
40.0
38.925
42.7916666667
46.0
45.8333333333
47.5916666667
45.0416666667
44.1166666667
44.5083333333
45.3333333333
42.25
37.7416666667
35.9333333333
35.6916666667
36.65
34.5166666667
36.6666666667
38.3833333333
33.7333333333
35.2833333333
38.3416666667
34.525
36.4666666667
33.8083333333
38.4083333333
36.4833333333
40.4
41.6583333333
39.95
42.0833333333
39.9333333333
43.0416666667
37.375
38.475
35.6916666667
33.6
30.375
28.4166666667
28.5
30.1083333333
24.9833333333
35.9916666667
35.25
35.1666666667
33.5583333333
31.2833333333
35.225
32.325
35.7416666667
36.0166666667
36.9666666667
37.4416666667
42.7666666667
38.1583333333
38.6166666667
35.8833333333
37.0583333333
36.125
34.175
31.575
29.0333333333
26.125
26.4
27.85
31.9333333333
32.6583333333
30.5916666667
32.5
31.275
30.5666666667
31.7916666667
27.0416666667
37.8416666667
38.2666666667
33.9666666667
38.8
39.0416666667
40.9
42.025
40.3666666667
42.5
39.575
37.5583333333
33.1166666667
30.2166666667
28.0583333333
29.3916666667
30.7083333333
33.4916666667
33.3666666667
30.6416666667
32.9416666667
31.3416666667
30.9916666667
31.3583333333
26.3
34.1833333333
35.6583333333
35.9
35.0416666667
36.275
39.7416666667
36.275
36.1416666667
36.9666666667
36.0333333333
32.6333333333
28.2666666667
28.375
26.225
27.2166666667
28.15
24.475
22.6666666667
22.7
23.3583333333
22.9
22.9166666667
23.4666666667
23.1583333333
30.4666666667
27.6
25.9416666667
25.9666666667
27.2916666667
27.2833333333
27.4416666667
28.1
29.4166666667
29.7583333333
27.9083333333
27.5833333333
29.1083333333
28.2333333333
29.8166666667
30.4416666667
25.25
23.5333333333
23.5166666667
25.2083333333
24.2416666667
23.1416666667
24.0
23.4
30.5
28.3333333333
27.2833333333
27.2916666667
28.725
29.7916666667
29.8416666667
29.0666666667
28.4333333333
30.0083333333
27.5833333333
27.5666666667
28.375
26.4666666667
28.35
28.9916666667
31.4166666667
36.55
36.8666666667
38.5083333333
37.5083333333
37.0416666667
38.375
32.3416666667
33.9
36.2416666667
38.0833333333
41.125
41.35
42.9916666667
49.8166666667
44.5333333333
45.2416666667
40.7916666667
39.5583333333
35.125
31.6
29.475
31.8333333333
30.9833333333
30.5416666667
33.3833333333
33.5333333333
35.0333333333
35.1833333333
33.8916666667
35.7333333333
29.4916666667
35.5666666667
35.9583333333
41.775
42.8666666667
41.5666666667
41.2166666667
41.3833333333
44.0166666667
42.2083333333
44.25
38.6166666667
33.275
31.675
28.575
30.9666666667
29.4166666667
29.5
27.7416666667
25.5916666667
26.95
24.8583333333
23.3666666667
23.5333333333
24.2666666667
32.2
35.3583333333
43.2666666667
40.725
41.4833333333
44.4166666667
38.8333333333
37.525
39.75
38.9583333333
39.1333333333
36.0
33.1666666667
31.25
32.55
33.1833333333
36.5333333333
37.65
31.0833333333
32.125
31.4916666667
29.1916666667
29.475
31.0416666667
37.5333333333
37.625
41.125
43.1416666667
42.1916666667
41.0416666667
43.6333333333
43.725
43.4916666667
43.8833333333
40.575
37.5666666667
32.2166666667
30.6666666667
31.975
32.2833333333
33.7666666667
35.5333333333
35.4333333333
31.1166666667
31.65
32.0166666667
32.375
31.225
38.6916666667
39.825
37.1666666667
36.8166666667
38.1666666667
39.5333333333
37.375
36.5
35.9
36.4083333333
34.7666666667
30.1833333333
29.6333333333
28.4
30.4916666667
29.9083333333
24.175
22.725
22.5
23.6583333333
23.3583333333
23.0833333333
23.4083333333
22.35
31.35
26.9416666667
26.4833333333
27.075
27.675
27.0416666667
27.45
27.2333333333
26.4083333333
26.8666666667
27.4083333333
26.3
25.7333333333
25.7916666667
27.1666666667
27.575
24.1166666667
22.5166666667
23.8916666667
24.025
24.275
22.6916666667
22.8416666667
23.575
32.1333333333
26.375
25.8166666667
24.6583333333
25.425
24.9
25.2916666667
24.5
26.5083333333
26.8583333333
25.8333333333
24.9416666667
25.9
24.0333333333
27.05
27.3416666667
28.825
42.25
38.5083333333
39.425
41.05
38.0083333333
35.1916666667
28.9083333333
38.7666666667
44.8
43.5166666667
41.025
40.0583333333
39.475
38.8916666667
41.9666666667
39.075
39.4083333333
37.6916666667
34.225
30.95
29.3583333333
31.6416666667
31.3083333333
34.275
35.9666666667
32.475
32.875
28.55
25.65
24.05
24.4666666667
33.0083333333
35.8583333333
37.95
39.9333333333
41.125
39.1166666667
39.2583333333
40.6833333333
42.125
38.8333333333
35.6833333333
32.175
28.7416666667
27.9083333333
28.6833333333
28.7666666667
33.35
39.4583333333
35.425
34.8916666667
34.775
26.2416666667
29.225
26.6916666667
34.4333333333
33.05
40.075
38.1
41.3333333333
37.2166666667
35.7416666667
36.4833333333
35.9583333333
38.8583333333
33.6833333333
33.3166666667
29.45
27.225
29.7416666667
28.025
31.3
35.2166666667
31.2666666667
32.0583333333
33.8833333333
31.8666666667
34.725
31.9083333333
40.6666666667
38.3833333333
41.85
45.7
43.6416666667
43.2916666667
42.35
42.2833333333
44.3083333333
42.9
40.2333333333
37.5083333333
37.6416666667
36.7833333333
34.125
32.9
33.225
33.7583333333
36.6416666667
33.9
31.5916666667
31.6166666667
34.1833333333
33.0083333333
41.2916666667
39.7083333333
43.325
43.2
45.8416666667
45.9583333333
46.45
47.4583333333
47.0083333333
47.0166666667
41.2166666667
39.0916666667
38.475
36.3
37.7
36.85
31.5583333333
28.9333333333
29.3583333333
29.35
29.4083333333
29.1666666667
30.5333333333
29.5083333333
39.9666666667
36.2166666667
33.1416666667
32.55
33.2083333333
35.125
34.8333333333
34.9333333333
37.075
35.6333333333
37.1083333333
35.4333333333
34.0083333333
33.8833333333
34.1416666667
33.975
29.55
30.5583333333
29.6416666667
29.925
31.2333333333
28.9583333333
29.3583333333
28.925
38.3916666667
35.8333333333
32.4916666667
33.0916666667
32.0583333333
31.8083333333
32.7333333333
33.9166666667
34.5416666667
36.2833333333
35.3416666667
35.8916666667
33.5166666667
34.2166666667
34.575
34.9583333333
38.2
37.25
34.5583333333
33.9083333333
36.1583333333
32.325
33.225
27.3166666667
32.5916666667
35.6333333333
40.8166666667
40.7833333333
40.7583333333
47.3166666667
44.3
43.8583333333
45.5583333333
44.4166666667
45.075
40.3
35.65
31.8416666667
34.925
34.1166666667
35.6666666667
35.05
35.075
33.4583333333
32.5583333333
31.6083333333
33.7833333333
27.0916666667
32.675
30.9833333333
40.4416666667
43.8916666667
43.1583333333
48.55
46.6166666667
46.3583333333
45.95
47.75
44.2
40.5333333333
35.3083333333
33.7833333333
34.2416666667
34.7416666667
38.0833333333
41.85
35.575
32.7583333333
31.1916666667
30.0666666667
29.775
26.025
32.8166666667
35.5083333333
35.1333333333
39.8666666667
43.2416666667
40.8083333333
43.4583333333
42.85
43.9
45.1916666667
42.7666666667
38.25
35.9666666667
32.0166666667
32.9666666667
34.05
34.8166666667
40.7416666667
40.6666666667
40.2166666667
37.4666666667
36.8916666667
38.1416666667
33.1833333333
40.125
39.925
41.525
43.4
44.4
48.9
40.4083333333
43.5166666667
47.7166666667
44.825
40.3416666667
36.2416666667
33.2916666667
28.8916666667
30.1083333333
30.3416666667
29.2916666667
33.0583333333
29.8833333333
29.7833333333
27.4583333333
26.7416666667
27.0
26.4916666667
34.7666666667
36.6083333333
38.2416666667
43.5916666667
45.225
43.7583333333
41.7333333333
40.2
41.7416666667
38.1833333333
37.8833333333
36.95
34.5083333333
32.8166666667
31.425
29.7
26.0833333333
25.1833333333
23.9666666667
24.7
26.3666666667
24.1916666667
24.65
24.4166666667
33.85
29.4083333333
26.85
27.9
32.2583333333
28.8083333333
28.9833333333
29.4583333333
31.9583333333
30.325
31.3416666667
30.975
29.2416666667
29.0833333333
29.3416666667
29.4833333333
26.2333333333
26.1083333333
25.6
27.0333333333
25.95
25.25
25.1916666667
26.175
34.9666666667
29.575
27.0666666667
28.0666666667
27.9416666667
27.1416666667
28.3916666667
27.2916666667
28.1916666667
31.3166666667
30.6083333333
28.4333333333
28.2833333333
29.725
30.2416666667
29.2833333333
27.3083333333
24.3
24.4916666667
24.4833333333
25.575
24.5333333333
24.3083333333
25.375
22.9
22.5833333333
23.425
22.4833333333
25.275
27.4
27.4666666667
25.65
26.3166666667
27.575
25.1083333333
25.3583333333
23.5333333333
24.8083333333
26.3583333333
28.5916666667
27.4666666667
28.75
30.3916666667
29.1583333333
25.9333333333
24.8833333333
25.6083333333
24.55
33.3833333333
33.7333333333
47.3583333333
49.1833333333
50.1916666667
48.5583333333
51.1
58.325
53.8833333333
53.4
47.2333333333
44.9833333333
43.5416666667
38.1666666667
37.2916666667
35.0
32.8916666667
34.1
33.3666666667
36.325
33.7833333333
33.4833333333
36.425
29.325
35.9833333333
37.2
45.3916666667
46.6333333333
49.8
51.175
52.775
50.9333333333
52.8666666667
53.9
57.85
50.05
43.6416666667
42.0
39.0583333333
35.4
36.0916666667
37.025
33.5833333333
33.3833333333
33.3416666667
32.4416666667
33.85
28.7916666667
37.1416666667
36.7333333333
43.625
49.275
45.2
51.85
52.0083333333
55.0916666667
47.1333333333
44.7916666667
44.95
40.9416666667
37.55
36.0416666667
37.3833333333
34.3083333333
36.5583333333
36.575
31.1166666667
32.6833333333
31.1083333333
30.2916666667
28.625
27.1333333333
34.7583333333
34.6583333333
41.3333333333
41.275
43.4083333333
45.3333333333
46.2916666667
44.2166666667
45.8166666667
40.475
38.3916666667
38.6666666667
34.8
35.6333333333
37.025
33.9
26.45
24.175
24.3916666667
25.0833333333
24.1416666667
23.7833333333
23.9333333333
24.5416666667
34.4416666667
30.6083333333
27.6666666667
28.0083333333
28.3833333333
27.85
32.175
28.2083333333
30.45
31.3583333333
29.5583333333
29.125
30.6416666667
33.0166666667
30.0333333333
32.0333333333
26.8333333333
25.9416666667
25.4166666667
24.65
25.1333333333
25.0333333333
24.25
23.7333333333
32.8916666667
28.2666666667
25.3166666667
28.1083333333
31.8916666667
30.6
32.6
31.0166666667
33.225
33.5916666667
31.5666666667
31.7416666667
31.3
31.725
30.2666666667
30.225
31.7833333333
35.4833333333
30.625
32.4916666667
30.775
29.55
30.7666666667
29.875
33.975
28.7166666667
36.9833333333
42.2416666667
40.6166666667
43.8416666667
44.9583333333
44.0583333333
49.4
47.4333333333
49.2833333333
43.1083333333
40.8583333333
36.1666666667
33.5416666667
32.1083333333
32.275
33.1666666667
29.9666666667
32.2916666667
31.7166666667
30.325
32.6083333333
28.125
35.825
28.8666666667
35.225
41.15
44.3
50.325
49.2083333333
51.675
54.45
53.1416666667
55.3583333333
46.5333333333
38.5583333333
37.0333333333
35.4
32.05
31.6083333333
32.0333333333
29.525
29.2333333333
27.5583333333
25.1083333333
23.575
24.2666666667
37.325
34.0833333333
39.9166666667
47.3
55.4583333333
58.675
56.325
57.8333333333
59.325
58.7
59.6083333333
52.425
47.2833333333
47.6666666667
41.35
38.3083333333
43.3333333333
38.4
33.5833333333
28.3666666667
27.2833333333
26.6583333333
29.3166666667
27.5666666667
36.2166666667
36.7166666667
43.6416666667
52.7583333333
60.15
59.5583333333
59.35
60.95
58.4416666667
59.4333333333
63.4416666667
52.9083333333
47.8416666667
48.0333333333
42.6666666667
39.5583333333
41.1416666667
35.0833333333
32.8083333333
33.0333333333
34.5083333333
32.6
33.675
27.4916666667
37.3916666667
32.8166666667
39.7166666667
50.4666666667
53.7583333333
57.7166666667
57.425
55.5166666667
57.1166666667
55.5166666667
58.35
53.15
46.55
45.0
40.8083333333
38.425
34.7
32.5583333333
32.3666666667
33.525
34.2083333333
32.4666666667
32.375
33.2083333333
41.75
37.9666666667
35.9666666667
35.9166666667
38.775
40.0416666667
42.3333333333
41.5166666667
42.25
40.975
40.4083333333
39.2916666667
38.4916666667
39.05
38.175
37.5416666667
33.8583333333
32.6166666667
33.1833333333
34.1583333333
33.9166666667
32.8333333333
32.525
33.35
42.5583333333
38.3
35.6666666667
36.3166666667
38.0666666667
41.1083333333
42.225
41.975
41.8166666667
42.2583333333
41.5583333333
40.025
34.45
35.1166666667
35.575
34.25
36.225
36.8
35.0666666667
31.0166666667
28.5666666667
27.675
28.225
30.35
37.6583333333
31.7083333333
39.0583333333
48.225
56.0
61.9
55.5416666667
58.05
56.2166666667
55.6916666667
53.5333333333
47.9333333333
43.3916666667
48.425
42.9666666667
37.7416666667
38.1166666667
39.625
36.9583333333
34.9166666667
36.4666666667
34.3583333333
36.0916666667
30.575
36.0416666667
28.5083333333
37.7416666667
50.7666666667
56.7916666667
52.61
57.9833333333
60.9916666667
60.0083333333
59.5083333333
60.4333333333
49.2
43.4416666667
39.275
39.0916666667
35.8416666667
36.0
37.775
36.5833333333
37.3
38.5166666667
39.0416666667
34.825
28.0666666667
39.6666666667
35.825
43.4916666667
52.0416666667
56.4166666667
57.4083333333
55.0083333333
58.3333333333
55.9416666667
57.6583333333
50.5025
46.1166666667
41.0833333333
39.0833333333
37.0333333333
35.8
34.9166666667
37.325
35.3166666667
33.25
34.2
33.675
35.4083333333
30.1416666667
40.1083333333
31.8333333333
45.3666666667
49.3583333333
52.4583333333
57.1166666667
57.95
55.225
54.8416666667
58.8166666667
55.0916666667
46.6
45.6
41.3166666667
40.45
38.4416666667
40.0166666667
37.5833333333
31.9416666667
28.3083333333
28.3916666667
26.8833333333
31.075
31.2333333333
38.025
30.9833333333
36.75
42.425
43.925
45.15
43.6916666667
50.2416666667
50.1833333333
48.7916666667
49.1583333333
45.325
40.4583333333
37.55
35.1
33.325
27.9
26.1833333333
27.4
26.2833333333
26.4083333333
26.6
28.1
26.825
36.5916666667
30.1666666667
30.8333333333
33.2916666667
33.175
35.4666666667
36.6
37.0333333333
39.4583333333
38.5583333333
39.4
38.825
37.9666666667
40.2833333333
38.9583333333
36.1583333333
31.4083333333
30.75
31.1916666667
32.35
31.1416666667
30.6083333333
31.5583333333
30.6333333333
40.225
33.5916666667
33.4166666667
31.95
32.0583333333
33.025
32.425
34.6666666667
34.15
33.4166666667
34.3333333333
36.9
34.4583333333
36.4
39.5
37.6083333333
35.9833333333
33.9916666667
33.0083333333
31.025
30.6083333333
29.2
28.2
26.175
37.1333333333
33.25
41.9333333333
48.5916666667
62.0833333333
54.1
52.3666666667
54.5583333333
55.825
56.3583333333
53.1333333333
43.5166666667
40.35
41.5833333333
40.8
37.525
40.2333333333
39.9666666667
34.5833333333
35.2166666667
36.8666666667
34.2
34.5
27.9166666667
34.675
28.7166666667
38.1083333333
46.7083333333
55.925
59.2416666667
59.0083333333
56.1916666667
59.875
59.8416666667
59.3833333333
51.0916666667
44.1916666667
43.3916666667
35.075
33.575
38.7083333333
36.8666666667
31.5
31.0833333333
28.2833333333
24.675
26.2166666667
25.0833333333
36.9083333333
35.3833333333
40.825
53.6083333333
59.7666666667
60.2666666667
62.4333333333
60.4583333333
61.175
58.775
53.3166666667
48.0916666667
43.9083333333
43.4916666667
37.8583333333
37.7916666667
36.5666666667
37.5666666667
34.3916666667
34.75
32.9583333333
33.975
34.9583333333
33.15
38.575
32.9666666667
39.05
46.3166666667
60.0583333333
62.2416666667
53.6916666667
60.6916666667
58.1833333333
59.2916666667
55.1916666667
44.7166666667
42.2583333333
42.4416666667
35.9166666667
35.4
35.5916666667
38.0916666667
35.2
36.175
38.6916666667
35.8583333333
38.575
31.3916666667
37.8416666667
32.7166666667
45.55
49.9
50.7916666667
53.25
52.9916666667
57.7416666667
54.65
52.6416666667
47.5833333333
45.0
41.875
38.325
36.3
35.0666666667
32.0333333333
30.25
28.8
28.3666666667
28.9083333333
28.275
28.1666666667
28.0
35.7666666667
29.8
31.2833333333
34.9083333333
33.3833333333
33.275
34.95
36.775
37.2333333333
36.5416666667
37.5916666667
36.0666666667
36.7166666667
39.0333333333
37.725
39.025
36.525
35.05
34.9333333333
33.5666666667
32.825
32.125
32.6333333333
31.975
39.3916666667
34.825
32.7416666667
33.7166666667
36.0833333333
35.875
36.2083333333
37.1583333333
36.6333333333
37.6
38.1
36.2916666667
37.1583333333
38.8416666667
39.85
40.7
40.65
38.8166666667
36.075
35.425
36.6416666667
35.5166666667
37.425
29.8666666667
36.6166666667
32.4583333333
42.1416666667
45.925
53.4666666667
58.525
52.175
58.075
57.2
57.1
56.0333333333
49.9083333333
46.65
47.0916666667
46.3583333333
44.3583333333
40.7583333333
42.0083333333
40.375
35.9333333333
37.025
35.275
37.225
29.7666666667
36.5583333333
29.075
39.45
49.85
58.9666666667
57.5833333333
60.475
59.4
57.325
61.9
61.9583333333
55.175
47.65
45.5833333333
41.8416666667
41.1416666667
38.0583333333
34.8333333333
34.5833333333
34.2666666667
36.1083333333
34.4833333333
32.6583333333
29.6416666667
39.575
32.9416666667
42.8833333333
48.5166666667
53.6916666667
55.2583333333
52.6083333333
56.1333333333
55.0416666667
54.5333333333
55.1166666667
48.9333333333
42.6166666667
40.0
37.8
38.8083333333
41.0916666667
40.225
38.6916666667
36.325
38.0833333333
37.0833333333
40.9916666667
34.625
40.2083333333
33.2583333333
44.0833333333
49.8833333333
55.9083333333
56.825
54.45
57.4083333333
52.5333333333
55.675
51.8666666667
43.6583333333
42.45
44.55
40.4583333333
40.25
40.0833333333
36.3333333333
35.2666666667
35.8666666667
35.1
34.3166666667
41.4166666667
34.6
43.85
38.5083333333
38.65
47.5583333333
51.1916666667
48.35
46.2583333333
49.4
54.0916666667
50.5416666667
46.9333333333
47.5
38.675
36.7916666667
35.1166666667
31.6
27.175
27.0916666667
24.0333333333
24.025
24.5916666667
23.7916666667
23.4916666667
23.5166666667
33.875
26.0416666667
29.25
29.7083333333
31.1083333333
31.2666666667
32.9833333333
33.0583333333
29.875
31.0833333333
30.6416666667
39.1166666667
31.0
29.3333333333
29.2666666667
31.0333333333
25.95
25.925
25.7583333333
24.2333333333
24.725
24.5083333333
23.6
23.7083333333
32.15
27.2583333333
25.0416666667
25.6083333333
26.35
26.2333333333
25.9083333333
27.1833333333
27.475
26.925
28.0833333333
31.5583333333
30.4416666667
32.075
32.925
31.275
32.2833333333
33.4083333333
26.7166666667
27.0833333333
25.7166666667
25.3666666667
28.275
26.6833333333
37.9833333333
33.5916666667
40.575
52.1916666667
54.6416666667
56.125
57.225
59.65
55.775
59.4666666667
53.425
47.025
42.725
44.15
40.825
40.0166666667
41.6833333333
36.9416666667
33.6333333333
34.275
35.7916666667
33.3583333333
34.9583333333
27.625
38.425
31.625
41.3083333333
50.475
53.95
56.65
56.475
55.0583333333
54.2166666667
55.425
53.7916666667
49.2166666667
43.7333333333
43.275
42.9
38.625
36.0166666667
35.0416666667
32.5
32.7333333333
35.3
33.5916666667
35.3833333333
29.05
38.8333333333
33.1666666667
44.125
50.8666666667
55.6833333333
59.25
59.6416666667
57.775
61.575
59.8166666667
56.0916666667
44.6083333333
45.4666666667
45.4666666667
40.9083333333
37.9666666667
35.9
36.875
32.6
31.2833333333
33.6666666667
33.775
35.1583333333
28.35
35.825
32.3333333333
38.5083333333
47.4166666667
55.0
55.4666666667
56.225
54.75
54.0416666667
57.3083333333
54.8166666667
45.0666666667
42.3583333333
40.5916666667
38.35
35.3583333333
35.9833333333
37.7583333333
32.2083333333
31.275
33.6166666667
31.6083333333
33.8083333333
28.2166666667
34.35
29.0583333333
37.5333333333
43.2083333333
44.0666666667
52.4333333333
45.9
45.9333333333
47.2083333333
50.35
47.375
40.4916666667
40.1583333333
37.5083333333
37.075
34.7666666667
29.8083333333
26.6416666667
26.3416666667
26.0
27.0833333333
26.5333333333
26.1583333333
26.175
35.425
28.6916666667
34.1833333333
35.075
33.25
35.1333333333
34.875
35.925
37.9
36.2083333333
37.9083333333
37.9833333333
37.2
32.5083333333
31.6333333333
31.3083333333
29.2583333333
27.45
27.9583333333
28.4083333333
26.925
26.3083333333
27.475
27.1916666667
33.6166666667
29.325
29.2416666667
29.025
28.5166666667
30.8583333333
30.4833333333
31.05
33.5083333333
31.9
33.4416666667
31.9666666667
33.4166666667
34.9
34.5666666667
34.0166666667
34.3916666667
36.6
31.375
32.3166666667
30.65
30.425
33.9083333333
31.325
34.5
30.9
37.0333333333
43.7166666667
55.725
54.5583333333
48.2166666667
55.25
54.9
52.8916666667
49.35
45.9583333333
45.3333333333
43.2333333333
39.5666666667
37.9166666667
37.4416666667
36.1
30.3166666667
28.2166666667
26.8416666667
25.1
24.9333333333
24.8666666667
32.5416666667
27.5083333333
38.075
45.2833333333
51.7666666667
55.4416666667
54.9333333333
51.3916666667
50.475
54.1166666667
55.1333333333
47.8666666667
47.5833333333
44.35
43.15
41.2833333333
38.85
34.3
31.2083333333
28.0083333333
27.8833333333
25.6083333333
25.2583333333
26.7416666667
34.3
31.575
36.2833333333
49.35
51.1
54.0416666667
53.2333333333
56.6583333333
57.8666666667
57.475
52.1833333333
48.4166666667
46.075
45.8416666667
39.6166666667
38.4333333333
38.75
39.4916666667
37.9666666667
33.1916666667
34.575
34.525
35.8333333333
28.9583333333
36.3333333333
32.9416666667
40.2916666667
43.7583333333
50.9166666667
54.125
51.1583333333
53.6916666667
52.3916666667
58.65
51.2583333333
44.4583333333
44.575
44.475
39.7
41.4166666667
39.35
37.0666666667
35.65
33.3666666667
35.0916666667
33.25
36.625
28.25
36.0416666667
32.05
37.1583333333
43.5833333333
46.775
49.1916666667
47.0583333333
45.9833333333
48.1916666667
46.725
46.4916666667
44.5416666667
40.5583333333
38.5916666667
34.1583333333
31.8916666667
28.625
26.8583333333
26.2666666667
27.5166666667
27.4916666667
26.0
26.675
26.425
35.1583333333
29.3916666667
31.5416666667
31.1666666667
33.825
37.875
40.0916666667
39.65
35.2583333333
37.5666666667
42.25
36.12
35.605
34.8425
34.3675
34.6675
31.71
29.795
29.59
29.5075
29.05
28.445
28.2525
28.21
33.87
32.8875
31.0075
30.535
30.8325
31.5875
31.74
32.035
32.41
32.2075
32.5
33.365
33.79
34.405
34.8675
34.3675
33.945
34.6125
32.685
31.7275
31.2675
30.555
31.2
29.5075
33.5
33.0175
37.8
44.195
49.41
51.8475
51.1925
51.7625
51.95
52.03
50.5775
46.585
42.9375
41.0
39.04
37.3175
36.02
35.9975
33.7425
32.555
32.1725
31.3175
31.5325
28.5175
32.4775
30.5275
36.16
44.365
50.4125
53.6075
53.6125
52.795
53.415
54.1925
49.6
46.7416666667
45.625
44.2416666667
44.6416666667
41.3583333333
39.1416666667
36.9416666667
32.2333333333
29.85
28.1916666667
26.3833333333
26.3833333333
28.2916666667
38.225
35.6416666667
34.5571428571
48.8833333333
54.0416666667
60.5333333333
57.0416666667
58.3416666667
56.7083333333
57.025
53.1416666667
46.35
47.925
45.4916666667
38.7583333333
38.1833333333
36.4583333333
34.8416666667
30.45
28.4166666667
27.1916666667
24.6166666667
22.9416666667
22.7916666667
32.65
29.1083333333
31.7166666667
43.125
50.7916666667
52.8833333333
57.6083333333
53.625
55.45
51.7833333333
48.8666666667
47.1083333333
43.6916666667
41.0583333333
36.3333333333
35.3333333333
29.825
29.3833333333
27.5916666667
27.65
27.8083333333
30.6
31.425
32.6916666667
38.8416666667
31.675
35.4583333333
43.1583333333
39.95
42.1
42.0166666667
44.825
41.3916666667
42.95
40.275
39.2166666667
39.3583333333
38.8083333333
34.15
32.7166666667
29.7666666667
29.275
28.0
28.3333333333
27.0666666667
27.4333333333
27.25
27.8583333333
34.8833333333
30.9583333333
29.3
27.7583333333
27.5416666667
29.775
31.3833333333
30.9583333333
34.15
31.6583333333
33.1916666667
32.675
36.35
35.0
34.825
36.3916666667
30.1416666667
28.4166666667
28.5083333333
29.2166666667
29.2166666667
27.5333333333
28.3083333333
27.6
27.7333333333
35.4166666667
29.45
28.8166666667
29.6833333333
28.7333333333
31.675
29.7583333333
29.525
30.375
31.2833333333
31.9083333333
35.825
35.1
34.9083333333
33.525
32.1666666667
28.6333333333
31.9833333333
33.1583333333
32.2083333333
31.2
31.2
31.225
32.5583333333
38.8083333333
34.6666666667
38.5416666667
43.8333333333
43.3666666667
42.05
46.0166666667
42.7416666667
41.3083333333
41.125
40.3916666667
38.5
36.1
35.725
32.025
29.2583333333
27.7
29.2166666667
26.5333333333
25.5833333333
24.7166666667
25.3333333333
25.6333333333
24.55
28.825
26.6916666667
35.0416666667
44.0333333333
40.0416666667
38.7
40.0583333333
39.3166666667
40.325
39.5166666667
40.5083333333
38.175
30.9083333333
30.85
31.0083333333
28.7333333333
28.775
29.9
26.575
25.7416666667
24.45
24.5083333333
26.3583333333
24.325
28.85
28.2333333333
39.1416666667
48.775
42.5916666667
43.625
48.2083333333
48.425
43.925
45.025
43.7583333333
41.8833333333
36.75
35.15
35.1583333333
33.4416666667
33.1916666667
32.6583333333
26.6666666667
26.7166666667
24.6833333333
24.6583333333
27.1583333333
25.1916666667
30.0666666667
26.8583333333
38.6166666667
40.8916666667
39.5
41.6583333333
49.7916666667
45.775
44.2166666667
43.5666666667
46.6333333333
46.075
38.1916666667
36.3083333333
33.0916666667
32.75
36.8666666667
33.825
28.4333333333
27.9416666667
25.475
24.45
23.8916666667
25.2916666667
30.4833333333
35.15
39.8833333333
46.775
47.0916666667
45.3166666667
41.7083333333
42.2
39.4333333333
45.0666666667
36.6
37.5416666667
34.3416666667
31.6416666667
30.9083333333
32.0833333333
27.375
27.0916666667
28.0833333333
27.0083333333
26.5666666667
26.75
28.0083333333
27.1
32.2083333333
28.9833333333
27.7083333333
28.7416666667
30.4916666667
29.225
28.9916666667
31.8166666667
32.0083333333
32.4
32.725
34.9416666667
33.9416666667
31.8666666667
31.375
32.1333333333
29.1333333333
29.0333333333
29.15
27.9833333333
28.75
27.4416666667
27.125
27.6083333333
31.1083333333
27.9083333333
28.3416666667
27.4833333333
29.4416666667
31.4083333333
31.6083333333
31.4833333333
32.15
32.25
31.4166666667
33.65
35.125
33.2416666667
34.6916666667
32.0083333333
32.6166666667
34.2833333333
30.7666666667
31.975
30.1916666667
30.425
32.1916666667
27.2166666667
33.375
30.0416666667
38.1333333333
45.95
52.2166666667
53.175
52.2166666667
53.05
55.5916666667
57.6
55.525
52.175
47.0166666667
44.0166666667
41.425
40.1583333333
36.6583333333
37.0416666667
33.75
33.6583333333
35.7083333333
35.1916666667
34.975
27.3583333333
35.6333333333
27.7916666667
37.075
46.0
55.4
56.0416666667
56.5083333333
56.4833333333
60.675
57.5666666667
54.6
52.1916666667
47.7416666667
44.3583333333
44.7083333333
42.25
37.7916666667
36.5833333333
34.2333333333
36.675
37.6833333333
36.425
34.975
28.65
38.1666666667
32.275
39.0416666667
47.6833333333
53.3916666667
55.3333333333
52.8916666667
54.2416666667
58.4333333333
53.4583333333
51.425
49.3333333333
47.2
42.7666666667
40.525
40.1583333333
33.7833333333
30.575
37.3666666667
39.0
31.2416666667
29.2
29.525
28.7333333333
38.1416666667
33.75
40.8666666667
47.4583333333
53.6916666667
55.325
55.9333333333
58.825
60.0916666667
58.35
57.1916666667
49.3583333333
48.1083333333
47.6916666667
43.5916666667
43.1833333333
43.275
40.9333333333
38.1666666667
34.5833333333
36.0916666667
34.0666666667
36.5583333333
32.15
35.5333333333
30.4333333333
37.0
43.0583333333
43.5833333333
44.6666666667
47.525
48.6666666667
50.15
47.975
50.2916666667
47.4416666667
43.5083333333
39.725
37.9916666667
38.5833333333
33.2416666667
30.575
29.9166666667
31.225
30.675
30.2333333333
31.1666666667
30.1916666667
36.8166666667
31.45
31.825
30.625
31.0416666667
35.3333333333
34.575
34.8666666667
36.1083333333
35.15
33.8833333333
38.6833333333
37.275
36.525
35.75
34.8166666667
33.0416666667
32.6416666667
31.0166666667
31.2583333333
31.7416666667
30.2333333333
30.275
31.1083333333
37.575
32.45
32.7083333333
31.6833333333
31.625
33.4083333333
34.075
35.2083333333
36.9
36.0666666667
37.2916666667
38.4
37.6083333333
38.6166666667
38.175
38.0833333333
36.55
37.8583333333
32.5916666667
31.1166666667
29.525
30.6333333333
32.975
30.775
37.0583333333
32.4166666667
43.3416666667
46.85
53.3083333333
53.1666666667
50.525
53.55
54.175
56.6
53.6333333333
49.3083333333
46.675
44.0583333333
44.8583333333
43.625
39.05
40.2083333333
36.4166666667
35.525
34.15
34.025
36.5
30.8666666667
33.2
26.5833333333
39.225
43.5
55.225
56.1166666667
55.4583333333
55.4916666667
58.2333333333
55.8333333333
55.775
52.7416666667
47.2666666667
43.9
43.075
40.8583333333
38.6333333333
43.475
40.4166666667
35.5916666667
38.2333333333
37.2083333333
37.4333333333
30.175
33.6416666667
31.0
36.975
51.7333333333
54.875
59.4833333333
56.7833333333
58.1833333333
54.5
52.775
56.6416666667
54.1166666667
50.7666666667
48.2666666667
41.8083333333
40.35
37.3666666667
40.4583333333
35.0833333333
34.9916666667
27.9
25.3333333333
26.6666666667
26.1166666667
39.25
31.025
35.3166666667
43.7083333333
51.9833333333
55.125
54.1083333333
53.9416666667
54.3916666667
53.15
52.0416666667
48.2166666667
46.2333333333
46.2083333333
46.0333333333
44.65
42.8
40.3916666667
33.6333333333
30.8333333333
28.5
25.8166666667
25.2833333333
29.6833333333
35.7
34.35
41.5833333333
49.1916666667
44.5166666667
52.6166666667
47.9083333333
53.975
44.425
47.1416666667
45.3
42.6166666667
40.075
38.2916666667
36.7333333333
36.4833333333
31.8916666667
30.6
27.4416666667
28.7166666667
28.1333333333
28.1333333333
29.275
28.2166666667
36.4333333333
31.6666666667
31.6583333333
33.8083333333
32.1833333333
33.0916666667
33.4416666667
33.6333333333
34.1083333333
32.1083333333
31.3583333333
35.5
33.4
34.4
34.9166666667
36.1833333333
29.4583333333
27.4583333333
28.775
27.95
28.0
27.8166666667
28.1083333333
27.2416666667
36.5916666667
31.875
28.7583333333
28.9583333333
28.6166666667
29.6
28.475
30.0416666667
30.1166666667
28.0416666667
31.2166666667
35.3666666667
34.4083333333
34.375
34.9583333333
35.1916666667
32.9833333333
35.525
33.5333333333
33.8166666667
35.1083333333
35.5083333333
35.6
31.95
37.3333333333
34.0416666667
41.3666666667
51.4416666667
52.25
53.7
52.5833333333
54.825
56.0
58.8416666667
56.7083333333
52.85
49.1666666667
46.85
42.725
41.2583333333
41.0083333333
39.5333333333
36.9083333333
35.3833333333
34.5916666667
32.9666666667
35.3666666667
27.0416666667
34.3833333333
27.6333333333
38.0666666667
42.2333333333
51.0916666667
57.9166666667
52.5916666667
51.1
54.3333333333
57.4333333333
53.6583333333
51.4166666667
46.4833333333
41.8083333333
40.7916666667
40.7583333333
39.2333333333
39.1333333333
35.4416666667
37.1916666667
36.1916666667
34.2083333333
32.725
27.55
36.675
34.2083333333
36.9666666667
39.75
39.125
40.4333333333
40.9583333333
38.575
34.625
34.7083333333
35.6333333333
36.5833333333
37.125
35.6666666667
34.5333333333
34.975
29.4583333333
27.6583333333
28.3083333333
27.2916666667
27.2833333333
27.3166666667
28.3
27.2
27.275
26.225
25.05
25.3583333333
24.8333333333
25.0583333333
24.0583333333
26.4333333333
27.0916666667
29.0083333333
28.1166666667
31.5583333333
31.3166666667
31.5083333333
32.0
29.0416666667
28.1333333333
28.4
27.9083333333
27.1833333333
27.6166666667
28.2916666667
27.55
27.3166666667
27.2916666667
26.725
25.7166666667
26.0666666667
26.3416666667
24.9166666667
26.1666666667
28.9916666667
30.4666666667
27.2666666667
28.625
30.1666666667
30.85
31.025
30.0
32.2416666667
31.85
30.9583333333
31.725
28.5
27.65
27.6666666667
28.3916666667
27.6166666667
38.8083333333
36.675
32.525
31.1916666667
31.4
30.2916666667
30.4416666667
33.4833333333
32.8916666667
35.65
37.1
38.2416666667
36.8583333333
36.7833333333
38.1833333333
37.2083333333
33.1
29.7083333333
31.4833333333
30.1
29.85
28.3333333333
28.2416666667
28.8833333333
37.5916666667
33.6916666667
31.45
30.1833333333
29.9416666667
31.0416666667
30.1166666667
30.4083333333
32.025
32.4916666667
33.675
37.2166666667
36.5583333333
37.6583333333
37.8083333333
36.75
35.1833333333
34.1583333333
30.5333333333
30.95
28.8166666667
28.3833333333
31.0083333333
26.875
34.05
32.575
45.525
50.1083333333
50.925
52.575
51.7666666667
53.6916666667
56.9666666667
55.6
51.6833333333
46.9166666667
45.45
40.85
39.2333333333
36.25
34.65
40.85
34.0583333333
30.3916666667
32.625
31.6916666667
32.7416666667
27.0
34.2916666667
30.75
41.4416666667
43.6083333333
53.3583333333
60.975
55.7916666667
59.2333333333
59.0
58.0583333333
57.9833333333
51.625
46.9333333333
42.325
41.2833333333
40.175
37.1
35.3
30.0583333333
31.5666666667
32.6166666667
29.7166666667
30.9166666667
26.15
36.525
39.2583333333
42.3583333333
53.3833333333
61.75
62.1083333333
57.5583333333
57.3
60.8333333333
58.4916666667
57.1166666667
52.2916666667
46.3166666667
41.5083333333
38.7666666667
38.2833333333
35.4666666667
35.1
35.05
33.5666666667
35.1583333333
35.175
35.45
28.5583333333
39.55
39.9083333333
43.1083333333
49.0166666667
63.55
46.815
57.0
48.66
59.8833333333
58.975
60.1083333333
52.625
48.6
49.45
45.1916666667
42.4833333333
39.6833333333
36.8416666667
33.55
33.6083333333
33.8666666667
34.1833333333
33.7583333333
28.1083333333
42.2
41.6083333333
47.075
50.5416666667
50.5166666667
52.0416666667
53.425
52.6416666667
59.2833333333
55.8083333333
57.575
52.8416666667
40.7833333333
38.5083333333
36.8166666667
36.1166666667
31.5916666667
29.75
28.0666666667
28.1
29.1416666667
28.3083333333
28.1416666667
28.0916666667
47.225
51.6
48.5583333333
43.4333333333
47.1333333333
42.1583333333
41.7083333333
49.0416666667
46.0333333333
46.3166666667
48.15
44.4083333333
38.5083333333
38.9416666667
36.6916666667
38.9833333333
33.6166666667
30.975
31.0416666667
31.5416666667
31.7083333333
29.85
30.0083333333
30.3833333333
40.3666666667
42.1333333333
39.4833333333
41.9833333333
44.9833333333
42.1333333333
44.625
43.35
42.775
38.5
39.2583333333
34.3166666667
33.7666666667
34.7
34.225
33.5
36.4333333333
36.75
37.1833333333
34.5333333333
37.4916666667
36.0333333333
37.0
30.375
39.8416666667
38.8916666667
41.6083333333
48.9916666667
55.0583333333
56.9083333333
53.875
58.875
60.775
57.4
58.3583333333
51.5583333333
48.0916666667
47.575
44.45
41.7916666667
38.575
39.7666666667
35.275
34.0416666667
34.7416666667
33.8833333333
35.4
28.4416666667
36.7916666667
32.35
43.175
51.0583333333
56.0
59.7166666667
57.9916666667
51.4425
60.9916666667
60.325
59.4583333333
52.6333333333
62.2666666667
50.325
40.0166666667
38.2333333333
40.5
38.525
35.45
34.7083333333
36.3666666667
34.375
36.1666666667
28.2083333333
37.1666666667
36.5583333333
45.1666666667
55.0583333333
56.3666666667
59.3166666667
55.0416666667
56.9333333333
63.325
55.2333333333
53.6416666667
50.75
52.825
46.6
43.975
42.95
41.3166666667
39.1
35.1416666667
35.525
35.1916666667
34.825
33.4666666667
26.2833333333
35.1583333333
32.1666666667
42.0166666667
46.6916666667
57.3416666667
57.1666666667
60.2333333333
59.7083333333
56.5916666667
56.95
54.3583333333
50.975
43.25
44.15
40.7333333333
41.1333333333
38.4
37.725
34.075
36.0583333333
34.6083333333
33.4416666667
35.5833333333
26.4583333333
35.75
33.525
44.7166666667
50.5166666667
48.9416666667
52.5333333333
47.2333333333
48.4916666667
51.8166666667
53.925
49.6916666667
40.0833333333
37.8833333333
37.4416666667
34.6416666667
31.8
26.8916666667
26.8583333333
23.6833333333
27.2666666667
25.1583333333
23.125
23.1083333333
23.075
33.65
34.1166666667
33.9583333333
33.2
35.675
37.1333333333
37.5916666667
35.7916666667
37.0083333333
40.2416666667
36.1583333333
36.6333333333
36.8666666667
35.1833333333
34.5916666667
35.8333333333
30.375
28.4666666667
29.0416666667
29.1166666667
26.35
24.4083333333
23.9666666667
25.1916666667
34.7666666667
31.3416666667
30.1083333333
28.325
31.2333333333
31.275
29.8916666667
34.15
34.2666666667
28.15
31.8333333333
36.9083333333
35.95
31.675
29.975
28.3333333333
31.5833333333
35.0833333333
33.5
32.4833333333
34.775
32.3916666667
32.475
25.6083333333
34.9
31.2
42.9333333333
44.1
53.2833333333
56.9666666667
50.325
49.4333333333
48.2
48.6666666667
49.9916666667
44.2583333333
46.55
42.3333333333
38.2666666667
38.9083333333
35.45
36.725
34.7833333333
33.5416666667
35.2833333333
32.65
34.0416666667
26.0333333333
34.925
26.625
36.9666666667
49.4166666667
54.4833333333
55.9333333333
53.4
53.35
53.8583333333
57.4
57.8666666667
49.1
48.05
44.7083333333
39.9833333333
38.85
39.575
37.4833333333
33.2833333333
33.175
34.9
33.15
33.7416666667
26.875
36.4666666667
32.2416666667
38.5416666667
48.95
59.4166666667
54.7416666667
53.2083333333
55.65
53.725
57.875
58.0916666667
53.3166666667
49.55
46.5416666667
44.0666666667
43.975
39.6916666667
37.6666666667
33.75
33.475
35.5583333333
33.2333333333
34.9666666667
28.4333333333
37.05
35.825
38.875
46.15
54.8166666667
56.05
54.8833333333
58.7666666667
56.3333333333
61.05
57.0416666667
58.8083333333
48.9666666667
48.1583333333
42.4083333333
42.0666666667
40.8
37.0916666667
34.6833333333
34.7583333333
33.3416666667
32.6166666667
34.45
27.1666666667
35.2083333333
34.2666666667
37.0333333333
39.5083333333
42.4916666667
43.0666666667
44.825
45.3666666667
47.8416666667
44.5666666667
41.2666666667
40.1083333333
39.9416666667
37.6083333333
36.275
34.9416666667
31.6583333333
27.8666666667
27.8333333333
28.6
28.1583333333
27.8166666667
28.7916666667
27.8333333333
36.8
32.4166666667
29.6166666667
29.2833333333
28.8083333333
30.35
30.325
33.5166666667
32.8583333333
30.0083333333
31.9083333333
36.2416666667
35.5333333333
35.1583333333
36.375
35.7416666667
31.3166666667
30.1833333333
29.1916666667
29.1083333333
29.2666666667
29.7583333333
28.8833333333
28.725
38.7
34.7916666667
32.4916666667
32.8
32.7083333333
36.3
31.275
31.125
31.2666666667
30.5666666667
31.75
33.3166666667
36.3666666667
34.65
34.2583333333
35.8416666667
36.4666666667
34.1916666667
31.2416666667
34.575
32.5916666667
33.3083333333
31.95
27.9166666667
34.5333333333
32.125
35.7333333333
42.2416666667
40.5916666667
46.6
43.575
42.4833333333
45.1833333333
45.5333333333
41.4916666667
35.9916666667
32.5
30.4083333333
29.8166666667
30.2916666667
29.7083333333
31.1333333333
26.9
26.7333333333
29.1666666667
26.1416666667
27.0666666667
25.375
33.9
27.5583333333
34.1083333333
38.375
35.6333333333
36.8
37.1416666667
34.8333333333
34.6166666667
35.5
34.3083333333
30.6166666667
31.1166666667
31.4916666667
29.6916666667
29.6666666667
26.9916666667
25.7
26.2333333333
24.525
24.4083333333
25.325
23.9916666667
27.2166666667
33.3666666667
29.8333333333
26.35
25.1416666667
25.6416666667
25.6
25.6
25.3416666667
25.6833333333
25.35
27.6166666667
27.675
27.4416666667
25.6916666667
28.0
29.3916666667
24.0416666667
24.55
25.3833333333
22.65
22.475
21.7666666667
21.9166666667
22.3166666667
21.5333333333
21.5
20.35
19.6583333333
19.6583333333
23.6333333333
22.2416666667
21.225
21.9333333333
21.5083333333
20.0916666667
23.75
22.25
21.75
22.3083333333
21.6416666667
21.8083333333
22.65
21.6
22.0583333333
21.6166666667
22.2666666667
21.6333333333
21.4083333333
22.3166666667
20.8916666667
19.0
20.2666666667
19.0166666667
19.5416666667
19.2833333333
20.15
19.225
19.25
21.4916666667
22.2083333333
22.325
22.1333333333
24.2833333333
22.95
23.0916666667
23.2583333333
22.1583333333
21.9416666667
21.725
22.425
21.5666666667
21.9083333333
31.6416666667
26.0416666667
22.75
23.6583333333
24.3416666667
24.2583333333
24.4916666667
23.0916666667
22.7583333333
22.85
25.9333333333
26.5416666667
28.4333333333
29.95
28.725
29.9666666667
26.1916666667
22.6333333333
23.0333333333
23.0166666667
23.8416666667
22.375
22.4083333333
23.4
30.4333333333
25.8666666667
23.6666666667
24.1916666667
23.075
23.2333333333
25.0166666667
24.75
23.5666666667
23.8
26.1583333333
27.2416666667
28.2583333333
28.1083333333
26.8666666667
26.6
23.575
22.4666666667
22.0166666667
23.1416666667
26.025
23.8416666667
22.7833333333
26.1833333333
32.3416666667
28.8416666667
29.65
29.4583333333
31.5833333333
31.8333333333
32.9416666667
32.1416666667
31.4333333333
29.9666666667
29.5
29.4833333333
28.4
27.875
27.7166666667
27.0
26.2833333333
24.7333333333
24.2416666667
23.0833333333
23.8833333333
24.3916666667
24.025
25.3333333333
32.9583333333
26.9
30.8
33.5833333333
31.1416666667
31.6166666667
30.6666666667
32.0166666667
32.075
29.8083333333
31.0166666667
29.25
28.7333333333
30.575
30.7833333333
27.45
23.8666666667
24.1666666667
23.7916666667
26.9166666667
25.6083333333
24.7083333333
24.3
25.2666666667
36.1833333333
30.8833333333
29.475
34.975
35.4333333333
35.8333333333
34.65
29.95
31.1083333333
30.125
32.15
33.7583333333
32.2416666667
31.1416666667
30.4916666667
31.6333333333
27.4
26.5833333333
24.8833333333
24.8083333333
23.9
24.4
25.1333333333
24.2583333333
23.9416666667
23.5916666667
21.375
21.5666666667
23.7666666667
24.5666666667
25.9166666667
23.425
23.0583333333
24.25
23.5833333333
24.9333333333
24.3333333333
25.0833333333
24.6666666667
24.0583333333
25.0416666667
24.1083333333
