29.5
28.0
27.25
27.25
27.0
27.5
27.5
32.25
47.0
47.75
55.0
55.75
53.5
56.25
57.75
53.75
51.25
49.25
43.75
43.5
37.75
37.25
35.0
35.75
34.0
27.5
26.75
27.25
26.75
26.75
27.25
30.5
38.75
44.75
48.5
49.5
56.25
57.25
52.5
47.5
41.5
36.0
36.75
35.0
32.0
33.25
33.5
32.25
30.0
27.75
26.75
26.75
26.5
26.75
26.75
27.5
31.5
39.0
38.0
38.25
36.5
32.5
36.5
35.75
29.5
29.0
26.75
28.75
28.5
28.75
29.0
28.5
27.75
26.75
27.5
26.5
26.75
26.5
27.25
26.5
26.25
26.0
26.75
26.75
26.25
27.0
27.5
28.5
30.0
28.75
27.5
28.0
29.25
29.25
29.25
29.75
29.75
28.75
29.25
29.0
29.0
29.5
29.5
35.75
44.75
52.0
52.5
56.0
57.5
59.0
58.75
58.0
51.5
50.0
49.0
46.25
43.75
39.5
35.75
37.25
36.75
29.75
28.0
26.75
26.75
27.75
28.0
32.0
44.0
53.25
55.5
55.25
54.5
61.0
60.25
55.5
53.75
51.0
47.75
44.75
42.5
38.0
36.75
37.0
35.5
29.5
28.75
28.75
29.25
29.0
29.0
35.0
41.25
47.75
50.25
57.75
56.75
60.75
65.25
55.75
50.0
49.5
48.25
42.25
42.5
38.5
38.5
35.75
36.75
29.25
27.75
27.5
27.75
28.5
28.75
34.75
46.25
48.5
56.0
56.0
57.5
55.25
62.75
54.0
51.0
47.0
42.75
39.25
37.0
37.25
38.25
34.5
35.75
30.75
30.0
29.25
30.0
29.75
30.0
31.75
38.5
44.75
52.0
52.75
54.75
56.5
56.0
53.75
42.25
37.75
31.0
31.0
31.5
31.75
33.5
33.5
33.0
26.25
26.0
26.0
26.25
25.5
26.25
25.75
25.75
26.75
26.25
26.75
28.5
29.75
26.0
26.75
26.25
27.0
25.5
27.25
27.75
28.25
27.0
27.5
26.75
27.0
26.0
26.25
26.75
27.0
27.0
25.75
25.75
26.25
26.5
27.0
27.5
26.25
25.25
26.5
26.5
25.75
25.5
25.5
27.5
28.0
27.5
26.25
25.75
25.5
26.25
26.0
26.5
27.0
27.5
30.25
36.5
41.5
44.75
46.75
52.5
51.75
49.25
48.25
46.75
40.25
45.5
38.5
36.0
37.75
34.5
33.5
31.25
27.0
25.75
26.25
26.0
26.25
26.75
28.0
36.25
41.5
45.75
44.0
43.0
47.25
47.25
47.75
45.5
42.25
38.75
36.75
34.25
34.25
36.75
30.75
30.25
27.0
26.25
26.25
27.0
26.75
27.5
34.5
39.25
43.75
47.25
48.25
49.75
46.75
47.75
48.0
42.0
38.5
38.0
35.75
34.5
35.5
32.0
33.75
29.75
27.25
26.5
27.0
26.75
27.0
28.0
28.75
35.25
40.0
41.75
42.0
42.0
44.75
42.75
45.5
43.75
41.0
36.5
34.75
33.5
34.0
34.25
34.5
33.25
27.75
28.25
27.5
27.25
27.5
27.5
28.5
30.0
38.25
43.75
44.5
45.75
43.0
41.75
41.25
35.75
31.25
31.75
30.0
31.0
31.25
31.25
30.75
29.5
26.0
26.0
26.0
26.25
26.0
26.0
26.0
25.75
25.75
28.5
26.25
25.25
26.75
26.0
27.0
27.25
27.0
26.75
27.0
27.0
28.75
28.75
28.5
28.75
28.5
28.0
28.0
27.0
27.75
27.5
27.25
27.0
27.25
27.5
27.75
27.0
26.5
26.75
27.0
27.25
27.0
27.0
27.25
27.25
29.25
29.5
28.0
28.0
28.25
27.75
28.25
28.0
28.5
29.0
30.5
37.0
38.0
39.5
39.5
42.25
40.0
39.5
39.0
36.0
33.0
34.75
32.5
33.5
32.5
30.25
29.75
29.75
29.25
28.5
29.0
29.0
29.75
29.25
30.25
33.25
37.5
38.75
35.75
36.0
39.0
42.25
38.75
40.5
39.25
36.75
32.5
32.0
31.5
31.5
28.75
27.5
28.0
27.25
27.0
26.5
27.5
27.0
30.25
32.5
35.0
37.0
37.0
39.0
38.5
38.0
37.25
34.5
32.75
32.75
32.0
31.0
29.75
31.0
27.75
29.5
26.5
26.75
26.25
26.5
26.5
27.75
29.75
37.5
37.75
43.25
41.25
40.25
39.75
40.0
40.25
36.5
32.5
30.5
30.25
29.5
29.5
30.25
31.25
28.5
27.25
25.75
26.25
26.5
26.75
26.75
28.0
33.75
36.25
40.0
37.75
44.5
39.0
36.75
34.25
30.75
30.25
30.25
29.25
29.5
30.0
31.0
28.5
28.25
28.5
25.5
25.5
25.25
25.5
25.25
24.75
25.0
24.75
26.25
26.25
26.75
26.0
25.5
26.0
25.25
25.75
25.0
25.5
25.5
27.0
26.25
26.75
26.25
26.75
26.5
26.0
26.75
26.25
26.5
26.5
26.0
25.75
26.75
26.25
25.25
25.0
25.0
24.5
25.5
25.75
25.5
26.5
25.5
26.75
27.25
26.75
26.25
26.0
26.25
26.25
26.25
26.5
26.0
25.5
25.5
25.75
27.25
28.0
27.5
27.5
28.0
27.25
26.75
26.0
26.75
26.5
26.75
27.5
26.5
26.25
26.5
26.25
26.0
26.25
26.0
25.75
26.75
30.5
36.25
39.75
44.75
45.5
42.25
46.25
39.75
43.5
37.0
35.0
36.75
33.75
38.0
34.0
32.25
31.25
30.0
27.5
26.75
26.75
27.0
30.0
26.25
29.5
35.0
44.0
46.25
45.5
43.0
44.0
44.25
41.0
38.5
34.5
33.5
33.75
33.5
33.5
33.25
32.0
28.0
28.75
27.25
28.25
27.25
26.75
26.5
29.25
34.75
37.5
39.5
40.0
38.25
41.25
44.0
42.25
35.5
31.75
31.5
31.75
31.0
30.0
32.0
29.75
28.0
27.75
26.75
26.0
26.5
26.25
25.75
29.0
32.75
36.25
39.75
40.0
39.75
38.5
39.25
35.75
33.5
30.75
31.0
29.25
29.0
28.5
29.0
27.75
27.5
27.0
27.0
27.25
26.25
25.75
25.5
26.0
26.25
26.25
27.25
27.25
25.5
25.25
25.25
24.75
24.5
25.5
26.25
26.25
26.0
26.0
25.75
26.25
25.25
25.75
25.5
27.0
27.0
26.75
25.75
25.5
25.25
25.25
27.0
27.0
27.25
26.0
26.0
26.75
26.75
25.0
25.0
26.25
26.25
26.0
26.25
26.75
27.0
26.75
25.75
26.75
27.0
26.25
26.75
30.5
40.0
41.75
39.75
37.25
38.0
43.5
40.75
39.5
37.0
33.5
38.0
32.25
33.25
31.5
31.75
32.25
30.75
30.0
25.5
26.25
25.75
24.5
25.25
26.5
31.5
36.25
39.25
40.75
40.5
40.25
40.25
38.5
36.5
33.5
34.0
32.5
31.75
32.5
33.25
30.75
31.75
27.0
26.0
26.0
26.0
26.25
26.25
28.75
38.0
49.25
45.5
46.75
44.75
42.75
43.25
42.5
35.5
34.5
35.5
33.0
33.5
31.75
32.5
30.5
35.5
29.0
26.5
28.0
26.0
27.0
27.25
30.5
33.0
38.25
43.0
39.75
41.75
44.5
43.0
42.25
38.0
35.25
35.5
33.5
32.0
30.0
29.75
31.25
32.75
28.5
26.5
26.75
26.0
26.0
26.0
30.5
33.0
39.5
38.0
37.5
38.75
40.75
38.75
38.75
37.5
34.75
33.0
31.25
31.25
32.75
32.75
31.5
29.5
28.75
26.0
27.0
27.0
27.0
27.5
29.75
26.0
27.5
27.0
28.0
27.25
25.75
26.75
25.0
25.5
25.25
26.0
26.0
25.0
26.0
27.0
26.25
27.0
27.5
27.25
27.5
28.0
26.75
26.75
27.5
26.5
26.75
27.75
27.5
28.25
26.5
26.75
26.75
27.5
27.0
27.5
29.0
27.75
29.0
28.5
28.5
28.75
28.75
28.5
28.0
27.25
27.75
29.25
32.0
34.0
41.25
41.0
42.25
41.75
44.0
44.5
40.75
37.75
37.25
34.25
34.0
36.5
33.0
33.0
31.5
31.5
27.0
25.5
25.5
25.25
25.25
25.5
30.25
33.0
38.75
45.75
48.0
44.0
45.0
47.25
53.5
43.75
37.25
38.5
36.75
34.0
33.25
33.75
32.5
32.25
26.0
25.25
26.5
25.25
25.5
26.25
29.75
34.25
36.5
44.0
48.25
41.5
41.5
45.75
49.25
44.0
36.25
36.5
35.25
34.25
33.75
34.5
33.25
30.25
27.0
26.25
26.5
26.25
25.75
25.75
28.75
33.0
36.75
41.75
48.0
42.0
41.75
44.25
46.5
39.5
33.75
32.0
30.5
30.25
31.0
28.25
27.5
26.75
25.5
25.0
25.25
25.0
24.75
25.5
28.0
33.0
36.75
40.25
39.5
39.0
39.75
37.5
36.25
34.75
30.75
30.25
36.5
29.75
28.25
31.0
30.0
30.0
28.0
27.75
27.0
27.0
26.25
26.25
26.5
27.0
29.0
28.75
29.5
27.75
26.75
26.5
29.5
26.75
24.25
25.75
27.25
26.25
26.25
27.5
27.0
26.75
26.75
26.0
26.5
26.5
26.5
26.0
26.0
26.25
25.75
26.75
27.5
26.0
25.5
25.5
25.25
25.0
24.5
24.75
24.5
25.5
26.75
27.0
28.0
27.0
27.5
27.0
27.5
26.5
25.5
25.75
29.75
38.5
39.5
47.75
49.25
46.5
44.75
48.5
52.75
41.5
35.75
37.5
35.75
33.75
33.0
35.25
32.0
33.5
26.5
26.25
26.75
26.75
25.25
26.0
29.0
34.0
38.25
42.25
48.25
43.0
43.25
46.0
50.5
40.5
34.75
35.0
32.0
31.75
29.25
31.75
29.25
34.0
26.25
25.75
26.0
26.0
26.25
26.5
30.25
35.25
37.5
44.25
49.25
45.0
44.0
50.25
51.5
44.5
36.75
38.0
37.0
33.75
32.0
31.75
31.75
30.75
28.25
27.0
27.0
27.25
26.75
27.75
30.0
34.75
38.25
43.5
48.0
45.25
43.5
47.75
51.5
44.75
37.5
36.0
34.0
32.5
33.5
33.0
32.25
30.0
30.5
28.75
28.25
28.75
29.75
28.5
30.0
32.0
33.5
36.5
37.0
35.75
34.75
34.25
32.75
30.75
28.0
27.75
31.0
29.75
31.25
32.0
31.0
30.5
28.0
27.75
28.0
27.0
27.75
27.0
25.75
26.25
26.5
26.0
27.25
28.25
26.5
26.25
26.0
26.0
26.25
26.25
27.5
30.0
29.5
28.5
29.0
28.75
29.0
29.0
29.75
29.5
28.5
27.25
27.5
27.5
29.25
29.25
28.5
28.75
27.5
27.75
26.75
27.0
26.5
27.0
27.5
27.5
27.5
28.0
28.5
28.25
28.5
28.0
28.75
28.25
27.75
27.5
32.5
37.25
46.25
49.5
46.75
46.5
44.25
44.5
42.5
41.0
38.5
37.75
35.5
34.5
31.75
31.25
29.75
33.25
28.25
26.5
26.5
26.25
27.0
27.25
30.0
39.0
42.25
49.0
45.5
46.25
45.5
43.5
43.0
39.5
34.75
34.25
33.5
33.25
31.25
31.0
30.25
27.75
26.75
26.5
26.5
27.0
26.5
27.0
30.5
37.0
41.5
46.5
52.0
48.25
46.5
50.5
48.0
44.0
39.0
38.5
37.75
37.25
33.25
34.0
32.75
35.75
28.5
26.5
26.5
26.5
27.0
27.5
30.25
39.5
38.0
42.25
49.75
48.75
46.25
46.25
50.5
43.5
36.5
35.25
32.25
31.25
31.25
32.25
32.5
29.0
27.75
25.75
26.0
25.75
25.5
25.0
29.25
33.0
36.0
39.5
38.0
36.25
40.5
38.0
37.5
33.0
30.75
31.25
28.5
33.75
29.5
29.75
29.0
29.0
27.0
25.25
26.75
26.5
26.75
26.25
25.75
26.0
25.5
25.75
26.25
26.25
25.0
24.5
25.75
26.25
27.0
27.75
27.75
27.75
27.5
28.25
28.5
27.75
26.5
27.0
26.75
26.5
27.0
25.75
25.75
26.25
27.5
27.25
27.0
27.25
26.25
26.0
25.75
26.25
27.0
29.0
30.5
31.75
33.25
35.25
35.5
37.75
36.25
34.0
31.25
31.0
29.5
28.0
31.5
38.25
41.5
43.0
46.75
42.25
45.25
47.75
51.0
43.5
37.0
39.75
42.0
39.75
36.5
38.75
40.25
38.25
35.0
38.5
34.5
33.5
35.5
30.0
34.0
36.75
38.75
38.75
39.0
39.75
41.5
39.25
40.0
35.25
31.75
34.25
32.75
34.5
32.5
30.0
27.75
26.0
26.0
25.5
26.0
25.75
25.25
27.0
31.25
36.5
38.75
44.25
42.0
44.25
43.75
38.75
38.25
39.5
37.75
38.0
36.0
35.0
34.25
32.0
32.5
27.75
27.25
26.75
26.75
26.5
27.25
27.5
30.25
34.75
37.75
39.5
38.25
36.75
35.75
38.5
38.0
33.25
33.0
32.25
30.0
30.0
29.75
30.75
28.75
29.75
28.5
28.5
28.0
28.0
27.75
27.0
27.0
26.75
27.75
27.0
26.0
27.5
27.5
27.25
26.75
26.75
25.25
25.25
25.25
25.25
26.0
26.0
26.25
26.25
26.25
26.25
26.5
26.5
26.0
26.0
25.75
26.25
26.5
26.5
26.25
26.25
25.25
25.75
26.0
25.5
25.5
25.5
25.5
25.5
26.5
27.5
27.0
27.75
28.25
27.75
28.5
27.25
27.25
26.75
26.75
26.75
26.25
27.5
27.25
27.75
26.5
27.0
27.0
27.0
26.75
25.75
26.5
27.0
27.0
27.75
27.75
28.0
27.75
27.0
27.0
27.5
26.75
27.0
28.25
36.5
39.25
46.5
54.75
44.25
42.0
44.0
46.0
40.75
39.0
38.0
35.5
36.0
32.75
33.0
28.25
27.0
26.75
26.75
27.25
26.75
26.5
27.0
29.5
35.0
38.0
44.25
50.5
41.75
44.75
47.0
49.0
41.75
34.75
34.25
32.25
32.75
33.0
36.75
34.75
29.5
27.5
27.25
27.5
27.75
27.0
27.75
30.0
36.5
43.75
50.5
54.5
47.0
47.75
47.75
50.0
45.5
38.5
37.75
35.25
33.75
33.5
35.75
35.0
30.75
28.25
27.25
27.75
27.0
27.0
27.75
32.0
39.75
40.25
46.75
51.5
44.25
44.0
46.0
46.5
41.25
35.0
35.0
33.25
33.75
32.25
33.75
31.25
32.75
28.0
27.25
28.0
26.75
27.0
26.5
28.75
32.5
36.0
36.5
38.75
40.5
38.75
37.5
38.0
35.5
30.5
30.5
28.75
29.5
31.0
30.75
35.5
30.75
29.5
28.75
29.25
28.75
29.0
29.0
28.25
28.5
28.0
27.5
27.5
28.0
28.5
28.75
28.0
27.5
27.75
28.0
27.75
28.25
30.0
29.5
30.5
31.0
30.0
29.0
29.75
29.25
29.75
29.0
28.5
29.0
28.5
28.75
28.5
29.5
28.75
27.5
27.75
27.75
28.25
28.25
28.25
28.25
29.5
29.5
30.25
29.0
29.5
28.75
29.5
28.5
28.75
29.25
33.75
39.0
41.0
48.25
50.25
52.25
39.25
46.5
47.0
41.25
36.5
37.0
34.5
35.5
31.5
31.5
31.25
30.25
26.25
24.5
24.5
25.0
24.25
24.5
26.25
33.5
43.25
43.75
46.0
43.5
42.25
48.75
53.5
46.25
38.25
35.75
32.5
33.5
32.25
36.0
31.75
33.0
29.75
30.5
28.75
28.0
28.0
28.5
32.5
38.5
46.5
45.5
49.25
42.5
43.0
43.0
48.5
44.75
37.75
38.0
37.5
33.75
32.5
32.75
30.0
27.0
25.75
25.5
26.0
25.75
25.75
26.5
30.5
37.25
40.0
46.75
47.75
46.75
42.5
48.25
46.75
42.5
36.5
35.5
33.0
34.0
32.0
34.0
30.0
27.75
26.25
26.25
25.5
26.25
25.75
26.5
28.0
32.25
36.0
43.75
41.75
40.75
40.25
40.75
38.5
37.0
34.5
34.75
34.75
33.0
32.25
33.25
33.5
32.25
30.5
27.5
27.25
27.5
27.25
27.5
27.0
26.75
26.5
26.75
26.75
27.5
27.0
27.0
25.75
28.0
26.5
26.0
27.0
26.75
26.75
27.5
27.5
28.0
27.0
26.75
27.25
26.75
26.5
26.5
27.0
26.75
26.25
27.5
27.75
26.75
26.0
26.5
27.25
27.5
27.5
28.75
30.75
29.25
30.25
31.5
29.75
29.25
32.75
29.75
29.5
28.5
28.75
29.0
32.0
36.75
46.0
47.75
46.0
45.25
44.5
42.5
43.0
37.75
37.75
36.0
37.25
37.0
34.75
32.75
34.0
30.5
32.0
30.25
27.5
27.25
28.25
28.0
34.5
35.5
44.5
46.25
48.0
42.25
43.0
42.25
41.5
37.75
33.5
36.0
40.0
36.75
38.75
37.25
37.5
36.0
32.0
30.5
29.0
27.25
28.25
27.5
30.0
35.75
44.75
50.75
46.5
45.25
44.75
42.25
40.25
37.75
36.5
41.0
36.0
36.0
34.25
33.5
33.25
33.0
31.25
31.0
29.5
29.25
29.25
29.5
31.25
37.0
45.25
48.0
49.5
47.25
41.25
44.25
41.0
39.0
36.0
35.75
33.25
33.5
33.75
33.75
32.5
32.5
27.5
25.5
26.0
26.75
26.25
26.5
28.0
32.5
38.0
43.75
42.25
43.0
41.75
40.25
38.5
33.5
32.0
31.75
30.5
31.25
31.0
31.75
32.0
31.25
27.25
26.0
26.25
25.5
26.25
26.0
25.75
25.25
25.5
25.5
26.5
25.75
25.5
25.25
26.0
26.25
26.0
26.75
27.0
25.75
26.5
27.25
26.5
27.0
27.0
26.5
26.75
26.5
26.5
29.25
26.75
25.75
25.5
27.25
27.0
26.25
25.75
25.5
25.5
26.75
27.0
26.25
26.25
26.5
27.5
27.25
27.0
26.25
26.25
26.5
27.25
26.5
26.75
27.5
31.0
35.75
37.75
43.5
44.5
40.75
41.25
40.0
39.0
37.75
33.0
36.75
35.25
34.0
32.25
33.75
32.25
30.5
27.5
27.0
26.75
26.5
27.25
27.25
29.25
34.25
42.0
43.25
44.5
44.25
40.5
42.0
40.25
37.5
33.25
35.25
33.75
33.25
32.75
33.75
33.75
32.5
27.25
26.5
26.25
25.5
25.5
26.25
29.5
34.75
39.5
43.5
43.75
45.25
41.25
40.5
40.0
38.75
38.5
36.5
37.25
37.75
33.75
35.0
35.25
32.5
28.25
27.0
27.25
27.25
27.0
29.75
32.25
37.0
39.5
40.25
43.5
39.0
39.75
41.75
38.5
35.75
34.25
35.0
34.25
35.0
33.75
35.75
32.0
33.25
28.0
26.25
26.75
26.25
26.75
26.5
28.25
32.25
37.25
45.0
43.5
42.0
43.0
41.25
39.25
34.5
32.25
32.5
33.75
32.25
36.25
35.0
33.25
32.0
28.0
27.0
27.5
27.25
26.75
27.25
26.75
26.75
26.0
26.0
27.0
26.5
26.75
25.25
27.5
26.75
27.25
27.75
26.75
27.5
27.75
27.5
27.5
27.25
27.5
27.0
27.0
27.25
27.5
27.5
27.0
26.5
27.25
26.75
27.25
27.25
26.5
26.0
27.0
26.0
25.75
26.25
26.25
25.75
27.5
27.25
27.5
27.0
27.25
27.0
27.5
27.25
27.0
28.25
31.5
34.5
37.0
40.75
39.25
40.5
41.75
40.5
39.25
36.5
39.75
33.75
34.25
36.75
33.25
32.5
33.5
30.5
26.75
26.25
26.75
26.5
27.25
29.25
35.5
36.0
43.25
42.25
41.75
40.25
41.75
43.25
40.25
38.5
33.25
33.75
33.75
32.25
31.75
33.25
33.75
34.25
31.25
29.25
28.75
28.5
28.5
29.25
32.5
34.25
37.0
40.5
39.0
39.25
41.25
40.0
39.25
37.0
33.75
35.75
33.75
33.25
31.0
29.75
30.25
29.25
26.0
24.75
25.25
25.75
25.25
26.0
29.25
33.0
35.0
38.25
38.75
41.0
39.0
38.5
37.75
35.25
32.75
35.0
34.25
33.25
32.5
32.75
30.75
31.5
27.5
26.0
26.25
26.25
26.0
26.0
29.0
30.75
33.75
41.5
41.5
42.5
38.0
39.0
36.75
32.75
30.25
32.5
32.25
32.0
31.0
31.5
32.0
32.25
28.25
27.0
27.25
27.0
27.25
28.25
27.25
27.0
31.0
28.5
28.75
28.5
28.25
29.0
28.0
28.75
28.0
26.75
27.5
27.5
28.5
28.25
26.75
25.0
25.25
25.0
25.25
25.5
25.0
26.0
24.75
24.75
24.5
24.25
25.0
24.5
25.0
24.25
25.25
24.25
24.25
24.5
24.5
25.0
25.5
26.0
25.5
25.75
25.75
25.5
25.75
25.0
25.0
26.75
29.0
32.25
34.75
34.25
38.5
36.5
38.5
41.5
43.25
38.25
33.5
32.75
33.0
30.25
30.0
31.0
30.0
30.0
26.5
25.25
24.75
25.0
25.25
26.0
28.25
30.75
35.75
35.75
35.0
35.0
37.25
37.75
37.75
33.0
31.75
31.25
30.5
31.25
30.75
32.25
31.25
28.5
26.5
26.0
26.5
26.25
26.0
27.0
30.25
33.5
40.0
42.25
36.75
39.0
39.5
39.5
38.75
35.0
31.25
31.5
28.25
28.0
28.0
28.25
27.0
26.75
25.75
25.25
24.75
25.0
25.0
25.75
28.75
33.75
36.0
37.75
38.75
38.0
37.25
38.0
37.75
34.0
33.25
34.5
32.0
31.0
31.5
30.5
28.0
28.0
27.75
26.0
26.25
26.25
26.25
26.5
27.5
32.5
42.0
43.0
38.0
38.75
39.0
38.0
37.75
34.0
31.0
34.25
30.5
30.75
31.5
30.75
29.0
29.25
27.25
26.0
26.5
26.0
26.0
26.75
25.5
25.25
26.25
26.5
26.75
25.75
26.5
27.25
27.75
27.75
27.25
26.75
27.0
31.5
27.75
27.25
27.25
26.25
26.5
25.75
26.0
26.5
27.0
27.0
27.0
26.0
25.5
27.0
27.25
26.5
26.25
27.5
27.5
27.0
26.25
25.25
26.25
26.5
27.25
26.5
26.5
26.25
26.5
25.5
26.25
26.0
26.75
26.75
28.0
30.75
37.75
39.75
38.25
37.75
41.75
42.75
40.25
37.0
35.0
34.25
34.5
33.25
30.75
33.75
30.75
27.75
26.75
26.0
26.25
26.25
26.25
27.25
29.0
32.25
39.0
42.0
41.5
39.75
40.25
42.5
39.25
36.75
33.25
33.25
31.0
32.0
29.25
28.75
32.75
31.25
30.25
30.75
29.5
28.75
28.75
29.0
29.25
32.5
34.75
39.75
37.25
37.25
38.75
47.0
48.5
40.5
35.5
34.0
30.5
30.75
30.25
31.25
29.0
28.75
27.25
27.0
27.0
27.25
27.5
28.0
28.0
32.0
34.75
36.5
37.0
35.5
35.75
44.0
46.25
39.0
32.75
34.0
31.0
32.5
31.5
31.5
31.25
30.0
29.25
29.0
28.75
29.0
29.25
29.5
31.25
38.5
40.25
40.25
40.0
41.0
41.5
40.0
38.75
36.25
31.25
31.5
31.75
32.75
33.0
34.0
34.0
32.0
26.75
26.75
26.0
26.0
25.5
26.5
26.0
28.0
26.5
27.0
28.0
29.5
30.0
28.0
27.5
26.5
25.5
26.0
26.0
26.5
27.0
26.25
27.25
26.5
26.25
26.0
26.5
26.5
26.75
27.0
27.25
26.0
25.5
25.5
26.0
26.75
26.25
27.0
26.25
27.0
26.5
26.25
25.75
26.25
26.5
27.25
27.25
27.25
27.0
27.0
27.0
27.0
27.25
27.5
30.5
39.5
41.25
41.0
49.75
43.25
43.5
48.0
51.75
45.5
36.25
35.25
35.25
38.5
37.25
37.5
35.0
34.5
27.0
26.0
27.5
26.0
25.25
27.5
32.25
35.25
39.75
40.25
44.5
44.75
39.0
40.75
40.75
38.5
32.75
37.5
37.5
37.75
35.25
35.5
37.0
35.25
33.25
32.0
30.5
30.25
30.0
30.0
30.0
35.5
41.25
43.25
40.25
41.5
47.25
50.0
48.0
39.0
35.0
36.25
30.25
33.5
29.25
29.25
31.5
29.75
26.75
25.5
25.5
25.0
25.25
25.75
28.0
33.25
40.5
42.25
42.5
42.5
50.5
48.75
43.0
37.5
36.25
37.25
36.0
36.75
33.0
33.5
32.75
30.5
28.75
27.5
28.0
27.5
28.0
28.75
32.0
35.75
42.5
42.75
41.75
41.5
41.75
40.75
38.25
34.75
32.25
32.0
29.25
30.0
29.75
29.5
28.75
28.0
27.75
26.5
26.5
26.25
26.75
27.5
26.75
26.25
26.0
30.5
31.0
29.25
26.75
28.0
27.25
27.25
26.0
26.75
26.0
26.5
27.0
26.75
27.5
26.75
27.5
26.5
27.0
26.75
27.0
27.25
27.0
25.5
26.0
26.5
26.5
28.0
27.75
26.75
27.5
27.5
27.25
26.0
26.0
27.25
27.25
26.75
27.25
27.0
27.25
27.25
27.0
26.75
26.25
28.0
27.25
26.5
26.75
27.0
27.75
28.5
30.0
30.75
31.75
31.5
31.25
30.75
31.25
31.5
31.5
30.25
30.25
29.5
28.75
29.5
29.0
28.0
29.25
30.0
33.5
43.75
51.75
55.75
62.5
57.0
62.75
57.25
55.0
47.75
42.75
42.75
38.5
34.75
33.0
34.5
36.0
31.0
26.75
27.25
27.0
26.75
26.5
28.0
39.0
48.0
51.0
54.25
56.25
55.5
56.25
54.5
53.5
49.25
49.25
47.5
43.5
42.75
36.5
33.5
34.0
29.0
27.5
26.25
26.75
26.75
26.75
27.5
32.0
45.5
51.0
61.5
60.5
57.75
61.0
60.0
56.25
54.0
51.25
42.25
37.5
36.75
34.75
36.5
33.75
31.25
27.25
27.0
26.5
26.75
25.75
27.75
33.25
39.75
47.0
50.0
52.25
52.75
54.5
50.75
48.5
42.75
37.25
33.75
34.0
34.0
32.5
32.5
30.0
30.5
27.0
26.25
26.25
27.25
27.25
27.25
27.0
25.75
27.0
28.5
28.0
27.5
26.25
27.25
26.5
27.25
28.0
28.0
27.75
28.0
28.25
28.0
27.75
27.5
27.75
27.0
27.25
27.75
27.75
27.0
27.5
27.75
27.5
28.75
31.0
30.0
28.5
28.25
29.25
28.5
28.5
27.5
27.75
28.5
28.5
28.25
28.0
27.75
27.25
28.0
27.75
27.5
27.75
28.75
36.5
46.5
59.25
59.0
59.5
63.25
60.75
61.75
60.25
55.75
51.0
46.0
44.75
42.5
38.25
34.0
33.5
32.5
31.75
29.75
29.75
29.75
29.5
32.25
38.0
47.75
53.5
56.0
55.0
56.0
60.5
58.5
57.25
47.75
46.5
42.75
40.0
42.75
34.25
30.75
30.75
28.25
26.5
26.0
26.0
26.5
26.0
27.0
33.75
40.5
53.25
57.25
61.0
59.25
60.75
63.25
59.25
57.0
52.5
50.25
47.0
46.0
35.75
32.0
32.0
30.25
26.0
25.25
25.5
25.5
25.5
31.25
36.25
45.0
49.5
57.75
60.25
59.0
62.5
61.0
59.5
55.0
49.75
41.75
40.25
43.5
35.75
33.0
33.5
30.25
27.75
27.5
27.25
26.5
26.75
27.0
32.0
41.75
47.75
50.0
53.0
51.0
50.25
48.0
46.75
40.5
35.25
32.0
30.75
34.0
30.25
28.75
34.0
30.25
27.5
26.5
26.0
26.5
25.5
26.0
25.75
24.75
25.5
24.75
25.25
26.5
26.5
27.0
27.25
27.25
26.75
26.75
27.0
26.75
27.25
27.25
27.0
26.5
26.5
26.25
26.5
26.25
26.75
26.5
27.0
26.5
26.0
26.0
26.75
26.75
24.5
25.5
25.5
25.0
25.25
25.0
25.25
26.0
26.75
26.75
27.0
26.5
26.5
26.0
26.5
26.75
26.75
27.5
35.25
45.0
56.5
61.0
57.25
63.5
59.25
59.5
59.0
51.25
47.5
45.25
41.0
42.75
36.0
34.75
32.25
29.75
27.5
26.5
25.75
25.25
25.25
27.0
32.25
43.25
49.0
57.0
54.5
59.5
61.75
58.75
59.75
51.75
45.75
43.25
41.75
42.0
36.5
35.0
31.5
29.5
26.5
26.5
25.75
25.75
26.5
28.25
34.75
43.5
54.25
61.25
57.25
57.0
59.0
63.0
60.0
54.25
56.25
51.0
47.25
47.0
38.25
34.0
30.75
31.75
27.25
26.5
26.5
26.25
26.5
28.25
33.25
46.25
53.0
58.25
57.5
59.25
59.75
58.0
55.5
51.25
51.0
43.0
41.75
41.25
37.5
33.75
32.0
30.5
25.0
24.75
24.75
24.5
24.75
26.5
33.25
39.75
46.25
47.25
49.5
48.5
51.0
51.75
44.75
37.25
33.5
38.0
34.75
34.75
31.5
31.0
30.0
28.75
26.75
26.0
25.75
25.5
26.25
26.0
25.0
26.0
25.0
25.0
25.25
25.25
25.0
25.5
25.5
25.25
26.0
25.25
26.25
26.75
27.0
27.0
25.75
26.0
26.0
26.25
25.25
25.0
26.0
25.5
25.5
25.75
24.25
24.75
24.5
25.25
24.75
25.25
24.75
25.5
25.75
29.75
26.25
28.25
27.75
29.0
27.75
26.75
26.5
26.5
25.75
25.75
27.5
28.0
34.25
47.25
54.25
58.75
58.75
58.25
61.25
62.5
55.75
53.25
50.0
48.75
46.25
41.0
32.75
30.25
29.0
28.75
26.5
27.75
26.5
27.0
27.25
31.5
39.75
46.75
56.0
59.0
59.0
60.25
61.25
62.0
60.25
51.75
51.0
47.75
43.5
42.0
36.75
37.0
33.0
31.25
28.25
27.5
27.25
27.5
27.5
31.25
36.0
44.75
59.0
58.75
58.5
58.75
61.25
63.5
62.25
57.75
57.25
51.5
47.75
44.75
41.0
33.0
31.25
31.25
28.25
26.5
26.5
26.5
27.0
31.0
37.25
48.25
52.75
58.25
59.25
57.5
58.25
61.5
57.25
54.75
49.25
43.25
40.75
39.5
35.25
33.5
33.25
33.25
30.5
30.0
29.75
30.0
34.25
33.0
36.75
42.25
48.0
52.25
54.25
57.0
55.5
48.0
48.0
41.75
38.75
40.0
36.5
35.0
31.75
31.0
30.75
29.75
27.25
26.5
27.25
27.25
26.25
27.0
26.75
25.75
26.0
26.5
28.5
28.0
27.75
30.0
28.75
28.5
28.5
29.0
28.5
29.25
28.5
29.0
29.5
29.5
28.25
28.5
28.5
27.75
27.5
28.5
28.0
27.25
27.75
29.0
27.75
28.25
26.25
27.0
26.75
27.25
28.25
27.5
28.75
27.5
28.25
27.75
27.75
26.75
27.0
26.5
27.0
26.5
26.75
27.5
34.75
47.0
58.0
62.0
63.5
63.0
60.75
59.5
58.75
54.75
49.5
48.25
40.0
38.5
33.25
28.5
28.75
27.25
26.0
25.5
25.5
25.25
25.5
26.75
32.5
45.0
52.5
55.5
60.5
61.5
59.0
62.25
56.5
51.5
51.75
45.5
44.25
42.0
34.75
32.25
32.75
30.5
27.75
26.5
26.75
26.75
27.75
31.25
36.75
46.5
55.75
62.0
60.25
61.25
62.25
63.0
61.25
53.25
50.75
47.25
43.75
41.0
33.75
31.0
30.75
31.5
28.5
27.0
26.25
27.0
26.75
27.75
31.75
44.5
52.25
57.5
64.75
59.5
62.75
60.0
56.25
55.0
49.5
43.5
41.25
39.75
33.75
32.5
33.5
33.0
27.0
26.0
25.25
26.0
25.75
26.5
32.0
40.25
44.25
48.75
53.25
53.0
51.0
50.75
47.0
41.5
38.0
35.0
32.75
32.0
30.75
29.5
29.0
29.0
26.5
25.5
25.5
25.5
25.5
25.75
26.0
24.75
24.75
25.0
25.25
24.25
24.25
24.25
25.0
25.75
28.5
26.25
26.25
25.75
25.0
25.0
24.75
24.5
24.75
24.5
25.25
25.75
25.75
25.75
26.0
24.5
25.5
25.5
26.0
24.75
24.75
25.0
24.75
25.75
25.75
25.5
26.5
25.75
26.25
25.75
25.25
24.25
24.5
24.75
25.25
25.0
25.0
26.75
34.5
44.5
55.5
58.75
59.25
61.5
62.0
60.75
57.75
56.5
51.25
45.25
41.75
40.0
31.75
29.5
30.75
29.25
27.0
25.5
25.25
25.5
25.5
26.75
31.25
45.0
51.0
61.0
62.0
58.5
60.25
61.0
59.5
53.0
47.25
42.0
39.75
39.75
32.5
30.25
29.5
27.25
25.75
24.5
25.0
24.5
25.0
26.5
33.5
41.0
51.0
55.25
55.0
60.0
62.0
60.75
55.75
51.25
50.0
47.0
44.5
39.0
30.5
32.0
30.5
32.75
27.0
25.25
25.75
25.75
25.75
27.25
33.25
43.5
51.0
57.25
59.25
62.25
59.0
63.0
56.5
52.5
49.5
43.25
46.25
37.0
33.0
31.5
33.75
27.25
25.75
24.5
25.0
24.5
25.0
26.0
32.5
43.0
47.0
51.25
48.5
52.75
55.0
50.75
46.75
40.0
34.25
37.75
33.5
34.0
32.25
32.25
32.75
30.5
26.5
26.0
26.0
25.25
25.75
27.0
27.5
26.5
26.5
26.0
25.5
25.5
26.75
26.0
26.5
27.25
26.0
26.5
28.75
27.5
27.75
27.5
27.5
27.25
27.0
27.0
27.25
27.0
27.25
27.5
28.0
26.5
26.0
27.25
28.0
27.25
29.25
26.5
27.0
27.25
27.0
26.25
28.25
28.25
28.5
28.25
28.0
27.5
27.0
27.0
27.5
27.5
27.5
28.0
33.25
42.0
56.5
59.5
57.0
57.5
59.5
60.75
58.0
55.0
51.0
48.75
44.25
41.75
35.75
33.5
33.25
35.0
29.5
28.5
28.25
28.0
28.25
29.75
33.75
46.25
59.25
56.0
57.5
58.75
59.25
61.0
64.75
65.25
54.0
46.5
45.75
42.0
36.0
33.5
31.75
32.0
28.5
26.75
26.75
26.75
27.5
28.25
33.25
41.0
52.75
56.25
56.25
57.75
60.5
60.25
60.0
59.0
54.5
54.0
50.5
43.0
35.75
33.25
33.0
32.5
27.5
26.25
25.75
25.75
26.0
32.0
36.0
44.75
52.25
56.25
59.0
57.0
60.75
61.0
57.75
51.25
48.0
45.25
41.5
37.5
33.0
32.0
31.75
31.5
29.0
26.75
26.5
27.25
27.25
28.0
33.5
42.25
53.25
54.0
55.5
59.25
56.5
54.5
49.0
44.5
39.0
35.25
35.0
34.5
32.0
32.0
32.0
31.25
27.0
26.25
26.5
25.75
26.25
27.0
26.5
25.5
26.0
25.25
25.0
25.0
25.25
26.25
25.75
27.0
27.75
26.75
28.25
28.5
27.0
26.25
26.0
25.75
26.0
26.0
26.0
25.5
25.5
26.0
26.25
25.25
25.25
26.25
28.5
28.0
27.0
28.75
29.0
28.25
27.5
27.75
28.0
28.25
28.25
27.75
27.75
27.25
28.0
27.0
27.25
28.0
28.0
29.0
36.0
45.0
57.0
61.25
60.25
58.75
65.0
64.0
58.5
57.25
50.75
53.0
45.0
42.0
35.25
34.5
35.0
34.25
27.5
26.25
26.25
25.25
25.75
26.75
32.75
43.0
53.25
56.25
56.5
62.75
59.0
62.5
56.25
47.5
47.75
42.75
41.25
36.5
34.75
33.75
30.0
29.0
27.0
25.75
25.75
25.5
26.0
26.75
34.25
45.5
53.5
58.75
59.75
64.75
60.75
61.5
62.5
54.0
54.75
49.75
47.0
41.75
35.25
33.5
35.0
29.75
26.75
25.25
25.5
25.5
26.0
26.25
33.0
43.5
50.25
57.0
59.0
60.0
60.25
60.0
59.5
55.5
48.75
42.25
39.75
38.0
34.75
32.75
33.75
32.25
29.5
27.0
26.5
26.5
26.75
27.0
34.75
40.75
50.0
53.5
52.0
56.5
59.5
57.25
51.0
42.25
38.5
34.5
33.5
35.75
32.0
32.75
34.75
29.5
28.25
27.0
27.0
26.75
26.75
27.0
27.5
26.75
27.25
28.25
26.5
26.5
25.25
26.25
26.5
26.25
27.0
28.5
28.0
28.25
28.25
29.0
29.25
28.0
28.5
27.75
27.75
27.0
27.0
27.0
28.25
26.5
26.75
28.25
28.5
29.0
26.0
26.5
26.5
26.75
27.25
28.5
28.5
28.5
28.5
27.75
27.75
27.25
26.5
27.25
27.0
26.75
27.0
28.25
37.25
52.25
56.3333333333
59.75
57.75
60.0
60.0
62.75
56.5
59.75
54.25
50.0
45.25
41.5
36.75
34.0
33.0
34.0
27.75
25.0
25.5
25.75
24.75
25.5
32.75
43.3333333333
51.0325
55.4425
57.3333333333
63.25
61.5
60.75
62.5
51.75
49.5
46.5
43.25
42.0
38.25
35.0
35.75
30.75
27.25
26.0
26.0
26.0
26.0
27.75
36.5
42.75
53.75
58.5
60.0
61.25
63.5
64.5
62.0
57.5
55.5
53.5
48.5
46.25
36.75
36.5
34.75
33.25
31.75
30.75
30.5
30.5
30.5
32.5
38.25
49.25
56.25
58.75
61.25
60.0
65.5
62.25
56.5
54.0
53.75
49.25
47.0
45.0
36.5
37.75
37.0
35.25
33.0
30.25
30.5
30.75
30.75
31.5
36.5
41.75
49.0
52.75
55.0
55.75
60.75
55.5
49.0
42.0
37.5
36.0
32.75
31.5
31.0
33.5
33.25
30.5
29.25
28.25
28.0
28.0
28.75
28.5
28.75
27.75
28.0
27.5
26.5
26.75
27.5
27.5
26.75
27.0
26.5
27.75
29.25
29.25
28.25
28.0
28.0
28.75
28.375
28.375
28.25
28.0
28.75
28.75
29.5
28.0
29.25
30.25
29.5
30.0
28.25
28.25
27.75
28.25
29.25
30.5
31.0
30.25
29.75
29.75
30.5
29.75
29.0
28.75
29.75
28.5
28.75
28.75
30.25
36.75
44.75
56.25
60.25
59.25
62.0
62.0
61.25
59.25
57.0
53.0
50.25
49.75
43.25
37.25
37.0
35.0
31.5
30.25
28.5
29.25
28.0
28.25
30.5
35.25
43.75
55.0
56.75
60.75
60.5
61.25
61.25
59.5
52.25
48.0
46.0
42.5
40.5
36.5
34.25
34.0
29.75
28.25
27.75
28.0
27.75
28.25
28.75
33.75
44.0
56.5
63.75
60.25
62.25
63.75
66.75
65.75
59.0
56.0
54.0
49.5
45.5
37.75
36.75
35.25
37.5
33.75
33.75
32.75
32.75
32.75
34.75
37.5
47.75
57.75
58.25
62.0
61.75
61.75
60.75
60.5
55.0
51.5
47.5
42.25
40.25
36.75
35.0
35.75
33.75
30.0
29.0
28.75
28.25
28.75
29.0
36.25
45.75
50.0
53.0
52.75
54.5
55.75
55.5
49.0
44.5
38.5
36.0
41.5
33.5
33.5
31.75
30.5
30.25
27.0
26.0
26.75
27.25
25.75
26.5
25.75
25.0
25.25
25.5
25.25
25.5
24.5
26.25
26.75
26.25
27.0
26.5
26.25
26.25
26.75
27.25
26.75
26.0
26.0
26.25
26.0
26.0
26.25
26.75
27.0
26.0
25.0
26.25
27.25
26.0
25.75
27.0
27.5
27.75
30.0
28.75
29.0
28.5
29.0
27.75
28.25
28.5
28.25
28.25
27.5
28.25
27.25
31.5
35.0
41.25
51.75
63.25
60.5
58.5
64.25
63.0
58.25
59.0
59.75
48.25
43.25
41.5
32.5
32.0
31.75
31.25
30.5
29.0
29.25
29.0
29.25
30.0
32.0
43.25
50.25
54.5
56.0
57.75
60.0
60.0
61.25
56.5
53.75
49.75
42.5
40.25
36.5
34.25
32.75
30.25
28.5
27.75
27.75
27.25
28.0
28.75
35.25
43.75
56.75
59.75
60.25
60.25
65.75
65.25
64.5
59.25
54.5
50.25
45.0
43.25
37.0
35.0
34.75
31.0
30.0
29.0
29.25
28.5
28.75
30.5
39.5
49.75
57.5
60.25
66.25
63.25
63.25
62.5
58.75
53.0
57.5
44.5
38.75
36.0
33.0
32.25
32.5
29.75
29.0
28.0
28.5
28.5
29.0
32.25
37.25
44.5
53.25
56.25
56.25
59.75
57.0
53.75
50.5
41.75
38.75
40.0
35.75
35.25
33.0
33.75
33.25
30.5
28.75
29.0
29.5
28.5
28.75
29.25
29.25
29.25
31.0
29.0
31.5
30.75
29.75
30.25
30.0
30.25
32.0
31.5
30.75
30.75
31.25
31.0
30.75
29.25
29.0
29.0
29.25
29.0
29.5
29.75
29.0
28.25
28.25
28.75
29.75
29.25
29.75
29.5
30.0
29.75
30.5
30.25
31.0
29.25
29.0
29.0
29.5
29.5
29.0
29.0
29.0
29.25
29.75
29.75
37.5
45.0
57.25
64.0
62.0
64.25
61.0
62.5
58.25
58.25
59.0
51.25
47.25
42.5
36.5
33.75
33.75
35.75
31.75
29.25
29.25
29.0
29.5
30.75
37.0
46.25
55.5
58.75
57.75
60.25
62.25
60.25
59.5
55.25
50.0
46.25
50.5
42.0
35.25
33.25
32.5
34.0
29.75
28.75
28.5
28.5
28.75
30.25
41.0
43.5
52.25
67.25
61.25
64.0
56.095
66.0
62.5
61.75
56.25
53.0
47.5
43.5
37.5
36.75
36.75
34.5
31.5
29.5
30.25
30.0
30.25
31.5
35.75
47.25
51.25
56.5
64.5
60.75
64.0
59.5
57.5
55.0
52.0
45.75
41.75
38.75
33.5
31.75
32.75
34.0
29.75
28.0
28.25
27.75
28.25
28.5
32.25
40.5
46.0
48.5
55.5
53.0
57.5
53.25
48.5
45.25
41.5
38.25
35.25
34.0
32.25
33.5
32.25
32.25
27.75
27.25
27.25
28.0
27.25
28.0
27.5
27.0
26.75
26.75
28.0
26.75
27.0
27.0
28.75
28.25
29.75
28.75
28.5
28.0
28.0
27.5
28.25
27.5
28.0
27.75
27.0
27.25
27.0
27.75
27.25
26.25
27.0
28.75
29.75
28.75
28.0
27.75
27.5
27.5
27.75
28.25
28.0
28.25
29.0
28.25
28.5
29.0
28.0
28.25
27.75
28.0
27.75
31.25
36.75
46.5
57.75
60.0
67.0
60.25
64.75
62.0
63.25
56.0
53.5
51.0
48.25
43.5
38.75
37.5
38.25
38.0
29.5
27.75
28.0
28.5
27.75
29.25
33.75
41.75
49.25
53.75
58.75
59.75
63.0
59.5
57.25
57.75
52.5
48.5
45.0
43.25
35.0
33.5
35.5
32.5
30.75
28.75
29.0
28.25
28.25
29.5
31.5
37.75
50.5
50.25
50.5
49.75
48.0
47.25
45.0
45.0
41.5
38.75
37.25
37.5
36.5
37.25
37.5
32.75
30.5
30.0
29.5
29.5
29.75
30.0
30.5
29.25
28.75
29.25
30.25
30.25
29.75
30.5
29.5
29.25
30.25
30.25
31.0
30.0
28.75
29.0
29.5
29.25
29.5
29.25
29.75
29.25
29.5
29.5
30.25
28.25
28.75
29.0
29.0
29.25
29.0
33.0
29.75
31.25
31.5
32.0
31.5
31.25
31.25
30.75
31.75
29.75
30.25
30.25
30.0
29.75
30.0
29.5
30.75
29.0
28.75
29.5
28.75
29.0
30.25
31.5
30.75
30.75
31.5
32.0
31.75
31.75
32.0
32.5
32.75
32.0
31.5
31.75
31.75
31.75
31.5
31.75
32.75
31.0
31.25
31.25
30.75
30.5
31.5
30.75
31.5
32.0
33.25
32.25
32.75
32.25
33.0
32.5
32.25
32.25
31.5
31.25
32.0
32.25
31.75
33.0
37.75
47.0
57.0
63.5
62.0
63.25
60.0
61.75
58.5
56.75
54.25
51.75
47.75
44.75
36.25
38.25
36.25
31.25
29.0
27.75
27.75
27.5
27.25
28.5
35.0
47.25
55.0
58.5
60.5
53.8825
64.5
65.0
60.75
54.5
51.75
48.75
43.5
42.5
38.25
37.25
33.25
29.75
28.5
26.25
26.5
26.25
26.5
28.25
35.0
43.5
57.75
58.0
60.0
59.5
61.25
63.25
61.5
60.0
55.75
52.75
48.75
47.0
39.75
39.25
36.5
35.0
29.0
27.5
28.0
28.0
27.25
29.0
34.75
46.25
52.5
57.75
60.75
62.25
63.5
62.5
60.75
57.25
57.0
46.5
42.25
41.0
35.0
36.5
38.25
37.0
32.75
31.25
31.25
31.5
31.75
32.25
39.75
44.25
56.0
59.25
61.0
59.25
58.5
56.0
54.0
48.25
43.25
40.0
38.5
35.75
34.75
35.0
33.75
29.5
27.75
27.0
27.75
27.25
27.25
27.5
27.5
26.5
27.0
27.25
28.25
27.75
26.0
26.0
25.75
26.0
28.75
28.25
27.75
28.0
28.75
27.0
27.0
27.0
26.75
27.0
26.75
26.5
27.25
26.75
27.0
26.25
26.75
25.75
26.25
31.0
26.5
25.5
26.75
27.5
29.0
28.75
28.0
27.75
28.5
33.0
30.75
31.0
31.0
30.25
30.25
29.25
30.5
30.75
37.25
45.5
58.0
59.75
65.25
63.25
62.0
62.25
63.75
57.75
53.5
53.0
45.75
43.75
41.0
36.5
34.25
35.5
32.75
31.25
31.25
30.5
30.25
31.5
39.75
48.25
54.25
57.75
63.5
58.25
61.75
62.0
60.5
56.0
55.5
49.0
42.0
42.25
38.0
35.75
34.75
33.75
30.75
31.0
30.0
30.25
30.5
30.75
37.0
43.5
55.5
55.5
56.75
59.75
65.75
66.0
61.25
57.5
53.25
51.5
43.5
40.0
35.75
34.5
34.0
31.0
29.0
29.25
29.0
29.25
29.5
30.25
34.0
42.5
45.0
52.5
54.5
53.75
51.0
50.25
51.75
51.25
48.75
43.75
40.25
39.5
37.75
37.5
37.0
32.75
30.75
30.75
31.25
31.25
30.75
30.5
33.25
35.5
45.0
45.0
46.0
50.25
53.25
56.0
50.75
44.25
39.0
37.5
38.75
38.0
30.0
31.5
32.75
30.5
29.0
28.5
28.5
29.25
28.75
28.75
30.25
28.5
29.75
35.25
33.75
33.25
31.5
30.25
30.5
29.5
30.25
29.75
30.75
30.25
30.25
30.75
30.25
29.5
29.0
28.5
28.75
28.25
28.0
27.5
28.5
27.0
27.0
27.25
28.5
28.25
27.5
27.75
29.0
31.25
31.5
31.25
31.25
30.0
29.75
29.0
28.75
29.25
28.75
29.25
28.75
28.5
28.25
29.0
34.0
42.75
44.5
48.0
48.75
48.5
50.5
52.5
53.25
53.5
47.5
46.25
48.5
42.75
41.25
36.75
33.75
33.75
31.0
30.75
30.75
30.75
30.75
32.5
34.5
40.5
50.0
46.5
45.75
46.0
47.0
45.5
48.5
44.25
43.0
41.25
33.5
38.25
32.25
32.0
32.5
30.25
29.0
27.75
27.5
27.75
28.5
30.5
37.25
42.5
47.25
51.5
52.5
53.5
49.75
50.5
44.5
41.25
41.0
39.75
38.0
36.5
34.25
35.0
33.5
29.25
27.5
27.75
27.5
28.0
27.75
28.25
32.0
35.75
38.75
42.25
41.75
45.5
44.75
45.25
44.75
41.25
37.5
37.25
35.25
34.25
35.0
35.5
33.25
30.0
29.5
29.0
28.0
28.75
28.75
29.0
31.75
34.0
37.5
39.5
43.0
43.75
43.0
41.0
38.0
36.0
32.5
31.0
31.75
29.75
28.25
34.0
29.0
27.75
27.25
26.5
26.25
26.5
26.5
26.5
27.0
27.0
25.75
26.5
26.0
26.5
27.0
26.25
25.5
26.0
27.25
26.25
26.25
26.25
27.0
26.5
26.0
26.0
26.0
26.5
27.0
26.25
26.0
26.0
27.0
26.0
26.0
26.25
26.0
26.0
25.0
26.75
25.25
26.0
26.75
27.5
26.5
26.5
27.25
27.0
25.75
26.0
26.0
25.75
26.0
26.0
26.75
26.75
28.25
36.0
34.0
35.25
33.75
35.5
35.0
36.5
37.75
33.5
32.5
33.75
32.0
36.5
34.0
30.0
29.0
31.0
26.75
26.75
26.5
26.25
27.5
28.0
28.5
33.75
33.75
34.25
37.5
35.75
39.75
37.0
37.0
34.0
32.5
30.25
32.75
33.0
33.0
30.25
29.0
28.25
28.5
27.75
28.5
28.5
28.25
29.25
30.5
32.0
31.5
36.25
35.25
31.75
29.75
29.5
29.25
30.0
30.5
30.75
31.0
32.0
30.75
30.0
29.25
28.0
27.25
27.0
27.0
26.75
27.5
27.5
27.25
27.5
26.25
26.5
26.25
26.5
26.5
26.5
26.5
26.75
27.75
27.5
27.75
28.25
27.5
27.5
27.25
27.5
27.5
27.25
27.0
27.25
27.0
27.5
27.5
27.0
26.75
26.5
26.25
27.0
28.25
28.0
27.0
27.0
28.0
28.5
28.25
28.75
28.25
27.0
27.0
26.75
27.25
27.0
27.0
27.0
27.0
27.0
28.75
26.25
26.25
26.5
25.75
26.0
26.25
25.5
26.75
27.25
29.0
28.5
27.0
26.75
27.0
26.5
26.75
26.75
26.5
26.75
27.0
26.5
26.25
27.25
27.5
25.75
26.5
25.75
25.5
25.75
25.75
25.25
25.25
25.5
27.5
27.0
27.25
27.5
27.5
27.0
27.75
26.5
27.0
27.0
27.0
26.25
27.25
29.25
28.75
35.0
32.5
33.75
37.25
38.0
36.25
40.75
36.25
31.0
30.75
32.75
36.5
37.75
34.25
36.0
35.75
35.5
32.25
31.5
31.25
30.25
30.5
32.25
35.5
36.5
38.5
36.25
37.75
38.75
39.0
39.75
38.75
35.0
34.25
33.75
34.0
37.5
33.75
31.25
29.25
27.5
27.5
27.75
27.5
27.25
27.0
28.0
28.0
30.5
33.75
34.5
34.5
34.5
34.0
32.75
34.75
30.0
29.0
30.25
31.25
30.0
29.0
33.0
28.0
27.25
29.75
26.0
26.25
26.0
26.25
26.0
27.25
25.75
26.0
26.0
26.0
25.0
25.75
25.5
26.25
26.75
27.5
28.25
27.25
27.0
27.0
26.25
26.75
26.5
26.25
26.5
26.5
26.25
25.75
26.5
26.5
25.5
25.75
25.25
28.5
25.75
26.0
25.75
26.5
26.75
27.25
27.25
27.0
28.0
26.5
27.0
26.75
26.25
26.5
26.5
26.25
26.5
26.0
26.5
26.5
25.5
26.25
25.0
25.25
26.0
24.5
25.75
25.5
25.75
26.75
26.75
26.25
26.5
26.5
27.0
26.0
26.5
27.0
26.5
27.0
26.0
26.5
26.75
27.0
26.25
25.5
25.75
25.5
26.25
25.25
26.25
26.75
26.5
27.5
30.5
32.25
31.75
33.0
34.0
34.5
34.25
33.5
33.25
31.5
31.5
31.25
34.5
36.5
35.75
35.75
41.5
40.75
44.0
42.75
44.0
43.75
39.75
38.0
36.25
35.25
34.0
34.75
32.25
31.75
32.75
29.75
28.25
28.25
27.5
28.0
28.25
29.0
38.25
36.75
38.5
41.25
39.5
39.5
41.5
40.0
34.0
33.25
33.0
32.25
33.5
30.25
29.25
29.75
28.75
26.75
26.5
26.5
26.0
26.25
26.75
28.75
32.75
35.5
36.5
38.25
40.5
39.25
38.75
38.5
33.75
35.5
35.75
33.0
38.0
32.75
32.0
32.5
32.0
32.0
31.75
31.0
31.25
30.75
32.0
32.0
37.25
43.0
46.0
41.25
39.25
42.5
38.0
37.25
38.5
38.5
35.25
34.0
36.25
31.75
31.75
31.25
31.25
30.75
29.25
29.5
29.0
29.0
29.5
30.0
32.25
37.5
39.75
36.25
34.5
37.25
37.0
36.0
31.0
30.5
30.0
29.5
31.75
32.75
31.5
30.5
30.75
28.75
28.0
28.0
28.0
28.25
28.25
28.5
27.75
27.75
27.25
27.25
28.0
26.25
26.5
27.0
26.75
28.25
28.25
28.0
28.25
28.0
28.25
27.75
28.0
28.25
27.5
27.75
28.25
27.75
28.25
28.25
27.75
27.5
27.0
26.5
27.75
26.75
26.5
26.5
27.5
28.0
28.0
27.75
28.5
28.25
28.0
28.0
27.75
28.0
28.0
28.25
27.75
28.0
29.0
32.5
36.5
42.0
45.0
43.0
43.0
41.75
42.25
42.0
37.25
36.0
33.5
33.25
33.25
33.25
31.75
31.0
27.75
28.0
27.25
27.25
27.25
27.75
27.5
29.5
35.5
45.25
50.0
46.75
44.25
45.0
42.25
43.0
41.0
37.5
32.75
34.75
35.0
31.0
30.0
31.25
32.5
29.5
29.25
29.5
30.0
30.5
30.5
32.5
37.0
41.5
44.5
43.25
43.25
40.75
40.0
38.0
35.25
33.25
33.0
34.0
32.0
31.75
31.25
28.25
27.0
26.75
26.75
26.5
26.75
26.5
26.75
31.0
32.75
33.75
36.5
40.0
38.75
38.5
40.25
38.0
42.25
41.25
35.75
34.5
37.5
34.75
31.75
30.75
28.25
28.75
28.25
28.0
28.75
28.0
28.25
31.25
37.5
40.75
43.0
39.25
37.75
38.75
40.0
43.5
35.5
32.5
34.25
32.25
30.75
30.0
29.25
30.0
29.0
28.5
27.5
28.25
28.0
28.0
28.25
29.0
27.5
28.25
28.0
28.0
27.75
26.75
26.75
27.0
27.25
28.0
28.25
28.25
28.5
28.25
28.0
28.0
28.25
28.25
28.25
28.5
28.25
28.5
28.0
28.5
27.25
28.5
27.75
28.75
27.75
28.0
27.25
27.5
27.25
28.25
28.5
28.25
29.0
28.5
29.0
28.0
28.75
28.25
28.25
28.25
27.75
27.5
29.75
28.25
28.5
29.0
30.25
31.5
33.0
32.75
33.5
32.5
31.5
32.75
32.0
31.0
30.5
29.5
29.25
28.75
29.0
29.0
29.0
29.0
29.0
29.0
30.5
35.75
45.5
52.25
56.0
56.25
55.5
61.0
59.25
57.25
52.25
45.75
43.75
39.75
37.75
37.0
34.0
29.5
28.25
28.5
27.5
27.75
27.5
27.75
29.25
35.25
48.5
58.0
56.5
63.75
64.5
60.5
58.75
58.25
50.5
49.75
46.0
41.25
36.75
32.75
33.0
31.0
29.0
28.5
26.75
27.0
27.25
27.0
27.5
35.75
48.0
50.25
56.5
53.0
55.25
57.0
56.5
57.75
58.5
53.25
41.5
38.0
37.5
35.0
35.75
33.5
30.5
30.25
29.0
29.0
28.75
29.0
28.5
34.25
42.25
46.25
51.0
58.5
60.0
55.25
53.5
50.75
43.75
38.5
37.0
33.25
33.75
33.25
32.5
31.5
29.25
29.25
28.75
28.5
28.0
28.25
28.25
28.5
27.75
27.75
28.25
29.25
28.5
28.75
28.25
28.0
27.75
28.75
29.5
28.5
28.25
27.75
28.0
27.5
27.5
28.0
27.75
28.0
27.75
27.5
27.5
27.75
26.5
26.5
27.0
27.25
26.75
27.5
27.5
28.0
27.75
30.25
29.25
29.5
30.25
29.5
29.0
28.75
29.25
28.75
29.25
29.25
28.75
29.5
30.25
36.5
46.5
57.25
59.75
66.75
64.75
62.0
60.75
61.25
52.5
47.0
46.5
43.5
39.5
35.5
34.5
34.25
36.25
29.75
29.25
29.25
29.5
29.75
31.75
37.75
47.25
55.0
57.75
60.25
60.0
63.75
62.0
61.75
57.5
48.75
46.5
39.0
42.0
37.25
35.0
32.5
28.75
28.25
28.0
28.25
27.75
28.0
30.75
38.5
49.75
57.5
61.0
62.5
62.5
63.25
63.5
62.5
55.25
53.0
49.5
46.5
42.75
33.25
30.75
30.0
28.75
28.5
28.5
28.25
27.25
28.25
28.5
33.5
46.5
56.25
58.25
63.25
60.0
61.5
60.75
58.0
57.25
55.25
48.0
43.0
39.5
37.0
34.75
30.5
29.0
30.0
28.5
28.5
28.25
28.5
29.25
33.25
43.5
46.5
53.75
58.5
60.5
57.5
55.75
48.5
44.5
40.25
39.0
38.75
38.0
35.0
33.25
29.25
28.0
28.0
27.0
27.0
26.75
27.0
27.75
27.5
26.75
26.5
26.75
27.0
27.0
27.75
26.75
26.0
26.25
27.75
27.75
27.5
28.25
28.0
27.75
26.75
27.25
27.0
27.0
26.75
27.25
26.75
27.75
29.0
26.25
27.0
27.5
27.25
26.5
26.75
25.75
25.75
25.5
26.75
27.0
27.25
27.0
30.25
28.5
27.25
27.25
27.5
27.0
27.75
28.0
28.0
28.75
35.5
49.25
60.25
62.75
61.75
55.15
53.9125
62.75
64.0
55.0
49.75
48.0
46.75
42.5
38.5
37.25
32.5
33.75
31.75
30.25
30.0
29.5
28.5
29.5
35.25
46.0
55.5
63.75
56.2375
63.25
66.75
61.75
57.5
62.25
51.75
47.0
44.0
41.25
42.25
37.0
32.75
31.0
30.0
30.75
29.5
28.5
29.25
33.75
37.0
49.5
57.75
58.75
62.5
62.0
64.25
63.25
61.75
55.75
54.25
52.0
51.75
45.0
36.5
40.0
36.0
34.25
30.25
28.5
28.75
27.25
27.5
28.5
37.0
57.0
56.5
63.25
65.25
58.25
58.25
55.75
56.0
54.0
52.25
46.0
41.5
39.0
35.0
35.5
34.0
32.25
27.5
27.25
27.0
27.0
27.0
27.5
33.75
45.5
48.0
53.5
55.5
59.5
56.75
59.25
51.25
42.0
39.0
35.75
33.75
32.0
34.0
31.75
32.5
29.75
28.25
26.75
26.75
27.25
27.5
27.0
28.75
26.5
26.0
27.25
26.75
27.25
26.75
26.0
25.75
26.25
26.25
27.0
27.75
27.25
27.0
27.25
26.75
26.75
26.75
27.5
27.0
26.75
28.0
27.25
27.25
26.75
27.25
26.5
27.25
27.5
26.0
26.75
26.75
25.75
26.75
29.5
30.5
29.5
29.75
30.5
28.5
29.0
29.75
29.0
28.0
27.25
27.75
28.75
39.75
49.25
63.25
62.0
66.5
65.0
55.2425
64.75
63.5
56.5
53.0
50.5
49.0
43.0
35.5
37.75
37.25
32.25
30.5
30.25
29.25
28.75
29.25
31.75
36.25
48.5
58.25
60.0
64.5
63.0
64.25
62.5
57.0
58.75
52.0
47.0
42.75
41.0
36.75
37.0
34.25
30.5
30.0
29.5
29.5
28.5
28.75
30.5
36.25
50.5
56.0
59.75
65.75
61.5
61.25
62.0
59.5
51.25
49.25
49.5
47.0
40.5
35.75
34.5
37.25
34.25
32.25
30.0
29.75
29.25
29.75
30.25
34.75
50.5
57.0
62.25
60.5
59.5
63.5
58.75
54.5
53.0
51.75
46.5
41.75
38.25
35.0
34.0
37.25
33.0
31.5
30.25
29.5
29.75
29.5
30.5
34.5
45.5
51.0
55.5
61.0
57.0
59.5
61.25
53.0
45.75
40.0
36.75
37.0
35.5
35.5
35.25
35.5
30.0
28.5
28.25
28.5
28.0
28.25
28.75
28.5
28.0
28.0
28.25
30.0
30.75
29.25
28.75
28.0
28.0
29.5
30.5
29.75
30.0
29.5
29.75
30.25
29.5
29.5
29.25
29.75
29.75
30.0
29.5
29.25
28.75
28.25
29.75
30.5
30.0
28.75
28.75
28.75
29.25
31.75
29.0
28.5
28.75
28.75
28.5
29.5
29.0
29.0
28.5
28.75
28.25
28.25
30.0
36.75
52.25
59.0
57.0
59.75
58.015
63.5
64.0
60.5
55.25
54.75
49.0
45.5
40.75
36.0
36.5
34.75
32.5
28.75
27.5
27.25
27.0
27.0
29.0
39.5
46.0
54.5
59.5
67.0
67.25
63.25
63.0
58.25
63.0
54.0
46.5
43.25
40.75
41.0
38.25
36.25
31.5
29.5
29.25
29.0
28.25
28.25
29.25
34.5
54.25
61.25
58.0
59.25
64.5
61.5
60.5
59.0
57.0
49.5
52.0
45.25
41.0
39.25
36.0
34.25
30.0
29.0
29.5
29.0
28.75
29.0
29.75
40.5
51.75
57.0
58.5
60.75
60.25
64.5
64.0
58.75
54.0
53.0
50.0
49.5
43.0
43.5
37.5
35.25
33.0
31.25
30.75
30.75
30.25
30.0
29.5
33.25
43.75
46.5
57.5
56.0
59.25
55.0
53.5
48.75
47.75
41.5
38.0
37.25
35.0
34.5
35.25
31.25
30.75
30.25
29.0
28.25
29.0
29.5
29.0
28.5
27.75
27.75
28.25
29.25
29.5
30.0
29.5
28.25
28.75
29.0
29.5
28.75
28.75
29.5
29.5
29.5
29.25
29.5
29.25
29.75
29.25
29.5
28.5
29.0
28.0
28.5
30.75
30.75
30.0
29.75
28.75
31.25
29.0
28.5
29.75
30.0
29.75
30.5
30.0
29.5
28.75
28.75
28.5
29.0
28.25
29.25
32.75
35.25
50.75
60.0
62.5
63.5
67.5
67.0
64.5
63.5
53.25
49.75
50.0
47.25
43.0
38.0
37.0
36.5
34.0
27.75
27.25
27.5
26.5
26.75
27.75
35.0
49.0
55.75
60.75
64.75
65.75
62.25
62.75
55.75
52.25
47.75
44.75
40.25
36.5
35.0
36.75
34.0
30.75
29.25
29.25
29.0
28.5
28.5
29.25
33.25
46.25
54.75
55.75
60.5
60.25
62.75
62.5
59.25
51.25
47.0
48.5
44.5
42.0
37.25
34.5
32.5
31.75
30.25
29.5
28.75
28.75
29.5
30.0
35.75
51.0
57.25
58.0
63.5
59.0
61.75
60.75
57.5
53.25
50.0
47.75
44.75
42.0
39.75
38.25
38.0
33.5
33.25
32.75
31.25
31.25
32.0
32.75
35.0
46.5
50.0
51.5
54.75
57.75
56.5
57.75
53.5
49.0
40.5
41.25
36.75
35.75
35.5
32.75
28.0
28.0
27.5
26.25
27.0
26.25
26.5
26.5
25.75
25.5
25.5
26.5
26.25
28.0
27.25
26.75
26.75
26.5
26.5
27.0
26.5
26.5
26.5
26.5
26.0
26.5
26.5
26.75
27.0
26.25
26.5
26.75
25.5
26.0
26.25
25.75
27.25
26.75
25.25
26.75
27.75
27.25
27.0
28.25
28.0
28.5
27.25
26.75
27.75
27.0
27.25
27.5
27.0
27.25
27.25
29.0
33.5
49.5
59.0
58.75
64.5
66.25
63.5
63.5
60.75
56.25
54.25
53.25
45.5
39.25
35.5
33.5
34.25
29.75
28.25
28.0
28.0
27.0
27.75
28.75
37.25
44.5
54.5
58.25
57.815
61.25
66.5
64.25
61.75
53.5
48.0
45.5
42.0
41.25
38.5
33.75
35.25
30.75
29.5
29.5
28.25
28.25
28.5
30.5
33.75
46.25
53.75
59.5
62.25
63.5
61.5
60.5
58.75
52.5
49.25
52.5
46.25
44.0
41.25
36.25
32.75
29.5
28.5
28.25
27.0
27.25
28.0
28.0
35.0
51.25
54.25
59.25
61.25
61.0
65.5
60.5
59.75
55.25
53.0
46.5
42.0
40.75
34.0
31.0
31.0
29.0
28.5
27.25
26.25
27.0
26.75
33.0
32.75
38.75
48.75
53.75
56.5
61.75
58.5
54.5
54.75
50.25
42.25
38.75
38.0
37.25
35.75
37.5
36.25
33.0
28.25
27.25
27.25
27.25
27.0
27.25
26.0
26.5
26.25
27.75
27.75
27.5
26.5
26.25
28.0
27.0
28.0
28.25
28.25
27.75
27.75
28.0
27.5
27.5
27.75
27.75
28.0
28.0
28.0
28.5
26.75
27.5
27.0
28.25
27.25
26.75
26.5
28.0
28.5
29.25
27.25
29.5
29.75
29.75
28.75
28.5
27.5
28.0
28.25
28.0
28.25
28.5
28.25
34.5
50.0
59.0
62.0
63.5
61.75
54.355
61.25
54.25
51.0
44.0
44.5
44.5
39.25
35.0
36.5
33.0
29.25
28.75
28.25
28.0
27.25
27.25
28.75
34.75
49.75
52.75
55.75
58.25
57.0
58.75
57.0
55.75
54.25
45.0
42.75
40.25
42.5
38.0
34.0
30.25
29.75
27.5
27.25
27.0
26.0
26.5
26.75
31.75
49.25
55.5
58.75
58.5
59.5
58.25
57.5
61.75
56.25
48.25
46.0
45.0
38.75
32.5
31.5
30.75
29.5
27.75
27.75
27.5
26.5
26.75
27.0
31.75
45.25
53.0
54.25
56.75
62.0
59.5
57.5
58.0
51.75
48.5
40.5
38.0
37.75
36.5
33.75
32.75
30.25
28.0
27.25
27.25
27.25
27.25
27.5
29.75
37.75
41.75
47.0
54.75
49.5
49.25
46.75
40.5
38.0
33.0
32.5
31.75
32.25
32.0
30.0
27.75
26.5
26.0
25.25
25.5
25.25
25.5
25.25
25.0
24.75
25.75
25.0
26.5
27.0
25.5
25.5
25.5
26.0
26.25
25.25
27.5
26.25
26.25
26.25
24.25
25.5
25.5
25.25
25.0
24.25
25.25
25.0
24.75
24.25
25.25
24.25
25.75
24.5
24.25
24.0
24.0
23.75
25.25
24.5
25.75
27.25
27.0
25.75
24.75
25.5
25.75
25.25
25.5
25.0
24.75
25.25
26.75
31.0
30.75
32.75
32.75
34.75
32.5
34.5
34.0
33.25
32.25
32.25
37.0
37.5
31.5
29.5
28.75
28.5
27.0
27.25
27.25
26.25
27.0
28.0
29.25
35.5
35.5
38.5
37.25
37.0
38.75
38.5
38.25
34.5
33.75
33.0
35.0
31.75
30.5
31.75
30.25
30.25
28.25
27.25
27.5
27.5
27.5
27.75
29.25
32.0
34.0
33.5
33.25
38.0
37.75
37.75
37.25
35.0
33.0
32.0
33.25
33.0
31.0
30.25
28.5
27.75
26.5
26.5
26.25
26.5
26.5
27.5
28.25
32.0
36.25
36.25
36.0
36.0
42.25
40.0
41.5
36.0
32.75
32.5
32.5
36.25
32.5
30.5
28.25
28.25
27.25
26.25
26.5
27.0
27.25
27.5
28.5
32.75
34.75
34.75
36.75
35.0
37.0
36.0
34.0
32.75
30.25
30.0
31.0
29.5
28.5
30.25
29.5
27.0
27.25
26.75
26.75
27.0
26.75
26.5
27.0
25.75
27.0
27.0
26.25
28.5
27.0
28.5
31.0
30.0
29.0
27.25
28.0
29.0
28.75
29.0
28.25
28.0
28.5
28.25
27.5
28.0
27.5
28.0
29.0
28.5
29.0
31.75
32.25
32.75
30.5
31.25
31.5
31.5
30.5
30.75
29.75
31.5
31.25
29.5
29.25
28.75
28.25
28.5
28.25
28.25
28.0
29.75
33.75
50.75
58.5
59.0
65.5
64.25
64.75
61.75
59.25
53.0
49.75
49.0
49.5
42.25
34.5
34.5
32.25
30.25
28.75
27.5
28.0
27.5
27.5
28.0
33.25
49.5
55.5
58.0
63.75
62.25
61.75
64.75
57.0
53.0
49.5
44.5
40.25
37.5
35.0
32.75
32.75
31.75
28.25
27.5
28.0
27.25
27.25
27.75
31.75
47.5
54.0
56.0
65.0
59.75
58.75
57.75
57.25
49.0
46.5
45.5
42.0
38.5
34.25
32.25
31.75
28.75
26.75
27.25
26.0
25.5
25.75
26.0
29.5
44.0
48.75
56.75
59.75
63.25
64.0
58.5
61.75
54.25
51.75
45.25
38.5
39.5
36.75
34.75
35.25
30.75
28.5
26.5
26.5
26.5
26.25
27.0
29.5
44.25
49.25
54.75
59.25
56.25
58.75
55.5
58.5
45.5
39.0
35.25
35.5
36.25
32.25
30.25
32.5
31.75
29.5
28.25
28.5
28.0
28.25
28.25
27.75
27.5
28.75
28.5
27.75
30.0
29.0
28.25
30.5
29.25
28.5
28.0
28.5
29.25
29.0
28.75
29.0
28.0
28.75
28.25
27.5
28.25
27.75
28.25
28.25
27.25
29.5
28.25
28.5
29.5
29.5
29.25
29.0
28.5
28.0
27.75
28.0
31.75
29.75
28.0
28.5
27.75
28.25
28.5
27.25
27.75
28.0
29.0
33.25
46.75
59.75
62.5
64.25
57.58
56.6125
63.25
61.5
51.75
49.0
48.5
49.5
40.0
34.0
34.5
34.25
32.75
29.5
28.75
28.25
28.75
28.5
29.75
32.75
43.25
48.0
55.0
62.25
66.0
61.25
61.0
57.5
51.75
47.25
45.0
37.75
38.0
34.75
33.0
31.75
28.5
27.0
25.75
26.0
25.5
25.75
26.75
32.5
46.75
56.0
54.5
62.0
65.5
57.75
57.0
56.75
51.75
48.5
47.5
41.25
36.0
35.0
34.0
32.75
30.5
28.0
26.75
27.0
26.5
26.5
27.75
30.25
45.0
50.0
56.25
55.0
55.25
57.5
59.5
57.75
51.0
49.75
44.5
43.75
38.25
36.75
34.0
32.0
29.25
28.75
28.0
29.0
28.25
28.25
29.75
30.5
40.0
46.5
50.75
57.5
55.75
56.0
51.0
45.5
44.0
37.5
34.25
32.0
34.0
37.0
31.5
28.5
32.0
27.75
27.0
27.0
27.0
26.0
26.0
25.0
25.25
25.75
25.5
26.25
25.5
25.0
24.5
25.25
26.25
26.75
26.5
26.25
26.75
27.25
26.5
25.5
25.5
25.5
25.0
25.0
25.0
25.25
26.25
26.0
25.5
25.5
25.75
25.5
25.75
28.5
26.5
27.25
27.5
29.0
27.0
26.0
26.5
26.0
26.25
26.5
27.5
27.0
26.5
26.0
25.75
25.5
27.5
30.75
46.75
59.75
59.25
64.75
63.5
65.25
62.0
59.5
50.5
47.5
46.25
44.5
39.25
35.75
34.75
31.0
33.5
30.25
28.0
28.25
27.75
28.0
29.5
32.25
48.75
53.5
61.0
63.25
64.5
64.0
61.25
57.5
53.75
52.75
45.75
42.25
41.5
40.25
38.75
33.5
31.25
28.75
27.0
27.0
27.0
28.0
27.75
30.75
48.0
53.25
58.25
60.75
63.25
62.75
60.75
53.75
52.5
49.5
47.5
44.5
37.75
36.75
35.0
30.5
28.75
27.25
26.5
25.75
26.0
25.75
27.5
31.25
45.5
50.0
55.75
58.5
61.75
64.5
61.75
57.75
55.25
50.5
43.0
41.25
40.5
37.5
34.0
30.0
29.25
28.5
27.75
28.0
27.25
27.0
27.5
30.5
40.25
45.75
52.25
54.75
55.0
54.0
50.0
46.5
41.75
36.75
34.5
31.5
32.0
32.0
32.0
27.5
26.75
25.75
24.5
25.0
24.75
24.75
25.0
23.5
23.75
24.0
23.75
24.0
23.25
23.0
27.25
24.25
24.25
24.25
23.5
24.5
25.25
25.25
25.25
24.75
24.5
24.25
24.25
24.25
25.0
24.5
25.0
23.75
23.5
24.0
24.25
25.5
26.0
26.5
28.5
28.75
27.0
26.75
26.25
27.0
28.5
28.0
27.75
27.75
27.25
27.5
27.5
27.75
27.5
27.5
29.5
31.75
49.0
55.5
59.25
63.0
66.25
65.5
62.5
60.0
53.75
48.75
46.5
42.25
41.75
35.5
34.0
35.0
32.5
32.0
30.5
30.75
30.5
30.75
31.75
34.75
47.75
50.75
55.5
59.25
59.0
59.0
60.0
56.25
54.0
46.0
40.75
40.25
39.25
37.0
36.0
32.75
28.75
27.75
27.25
26.25
26.5
27.0
27.75
30.25
45.5
54.0
54.25
57.5
59.0
56.75
56.5
56.5
49.75
47.0
45.5
42.0
39.75
37.5
36.75
31.75
28.5
27.5
26.25
26.0
26.5
25.5
27.25
30.75
44.75
48.5
53.0
53.75
51.75
53.75
56.75
56.5
48.5
45.5
38.5
35.75
35.5
36.0
33.25
33.75
30.75
29.75
28.0
28.5
28.25
29.0
28.5
29.5
38.75
43.75
51.0
58.75
53.75
50.25
47.75
46.25
40.75
34.75
34.5
32.25
30.75
30.0
30.5
29.25
27.75
27.0
26.25
27.0
26.5
26.0
26.25
26.25
25.75
25.25
26.75
26.5
26.75
25.0
26.5
26.75
26.5
26.25
25.5
25.75
27.25
28.25
27.25
26.75
26.25
26.5
26.75
26.75
26.5
27.0
26.75
26.0
26.0
26.25
26.75
27.75
28.0
26.75
27.25
26.75
25.75
26.5
26.0
25.5
27.25
27.0
26.0
25.75
26.0
25.75
26.75
25.5
25.75
26.0
27.5
32.25
50.5
59.0
60.25
61.25
64.25
61.5
61.25
61.75
52.5
49.25
47.0
41.75
33.75
32.25
31.5
30.75
29.5
28.5
27.25
26.0
26.5
26.5
27.5
30.25
44.75
50.25
54.5
62.5
62.5
63.0
62.0
59.0
59.75
47.5
44.5
38.25
36.75
35.75
34.0
32.25
32.5
27.25
27.5
26.75
26.25
26.5
27.5
30.25
46.75
54.0
56.75
60.75
61.5
56.75
58.0
56.0
51.0
49.25
48.0
40.75
38.25
36.75
33.75
31.25
29.25
28.75
27.5
28.0
27.5
27.5
28.25
30.0
43.25
47.75
53.5
55.25
58.5
58.75
57.0
56.25
55.25
47.75
41.25
39.25
41.0
36.75
35.0
33.0
27.5
26.5
25.5
25.5
25.25
25.25
26.75
29.75
38.25
46.25
51.75
55.75
56.0
55.75
48.75
47.75
42.0
37.5
33.5
31.0
31.75
32.5
32.5
30.0
28.25
26.75
26.75
26.0
26.25
26.0
25.25
25.5
26.25
25.5
25.25
25.0
25.5
24.5
25.0
25.25
24.75
24.5
25.25
25.5
27.25
27.25
26.5
25.75
26.0
26.25
25.5
25.5
26.5
26.75
25.75
25.0
25.5
26.25
28.0
27.5
27.5
26.75
26.5
26.75
26.5
25.75
25.25
24.75
26.5
26.75
27.0
26.75
27.25
28.0
27.25
26.5
26.5
26.5
27.5
35.0
46.75
51.75
54.25
57.25
57.0
60.25
60.75
57.0
49.5
45.5
46.25
46.25
42.0
34.75
36.25
36.75
30.0
29.0
28.5
28.0
27.75
28.5
30.75
32.75
48.75
55.0
59.25
56.75
55.25
54.5
54.5
52.0
53.0
45.5
41.0
40.5
38.0
37.0
36.0
33.0
30.0
28.0
27.25
27.5
26.5
27.0
27.0
31.5
46.0
56.0
53.75
56.0
57.5
55.0
53.25
54.75
49.5
45.5
45.75
41.25
37.75
38.0
34.0
30.0
28.75
28.75
27.5
26.75
26.75
26.75
26.75
29.0
46.5
52.0
59.25
58.75
55.0
59.25
57.75
56.0
50.75
48.5
40.0
36.25
34.25
34.0
34.5
32.25
