4.3
5.0999999
5.1999998
5.1999998
5.1999998
5.1999998
5.1999998
5.1999998
5.1999998
10.1999998
13.3000002
14.6999998
13.3000002
12.8000002
12.0
11.5
13.1999998
11.5999999
10.5999999
4.4000001
3.9
3.7
3.7
3.7
3.4
3.60000000001
3.60000000001
3.7
3.60000000001
3.60000000001
3.60000000001
3.60000000001
3.7
8.7999997
12.1999998
13.5
13.4000001
12.5
11.5
11.5
12.6999998
11.4000001
8.0
3.1
3.0
3.1
3.0
3.1
3.0
3.0
3.0
2.9
3.0
2.9
3.0
2.9
3.4
9.89999960001
11.0999999
11.1999998
14.7000003
13.4000001
12.0999999
12.0999999
11.9000001
12.7999997
9.1000002
3.1
3.0
3.0
2.9
3.0
4.0999999
3.0
3.1
2.9
2.8
3.0
3.0
3.0
3.0
11.1999998
13.5
13.0825
16.5999994
15.7999997
15.2999997
13.2000003
13.4000001
13.5999999
11.3000002
6.9000001
5.29999989999
5.1999998
5.29999989999
5.1999998
4.4999999
5.0999999
5.1999998
5.1999998
5.1999998
5.1999998
5.0999999
5.1999998
7.0999999
14.7999997
16.1000004
15.9000001
14.0999999
13.0
12.5
12.1999998
12.8000002
12.8999996
8.89999960001
3.9
3.8
3.8
3.8
3.9
3.7
3.9
3.8
3.8
3.8
3.8
3.9
3.8
4.1999998
7.39999999999
6.70000010001
6.3
6.20000010001
5.5
5.3000002
5.3
5.0
4.8
4.29999989999
3.7
3.60000000001
3.60000000001
3.39999999999
3.7
3.7
3.60000000001
3.60000000001
3.5
3.60000000001
3.5
3.5
3.60000000001
3.60000000001
6.60000000001
5.5
5.60000000001
5.8
6.0
5.5
5.5999999
5.5
5.29999989999
6.9000001
3.7
3.8
3.7
3.7
3.7
3.8
3.7
3.8
3.7
3.8
3.60000000001
3.8
3.8
3.8
7.6999998
13.2000003
14.5
15.4000001
16.0999999
14.0
13.2999997
14.1999998
11.1999998
7.7000003
3.8
3.8
4.0
3.7
3.8
4.8999999
3.8
3.7
3.7
3.8
3.8
3.9999999
3.8
3.9
11.6999998
15.9000001
14.2999997
13.6999998
14.3000002
14.1999998
13.5999999
15.5
14.0
11.2000003
6.1999998
6.1999998
6.0
6.1999998
6.1999998
4.8
6.0999999
6.0999999
6.1999998
6.0999999
6.29999989999
6.0999999
6.1999998
6.0999999
12.4000001
14.8000002
14.9000001
14.5
14.7999997
12.0
11.5
12.0999999
13.2000003
10.1999998
3.8
3.9
3.8
3.8
3.8
5.1
3.9
3.9
3.7
3.8
3.8
3.60000000001
3.8
5.3
10.0999999
12.2000003
12.5
13.8000002
12.5999999
13.1999998
13.9000001
14.4000001
13.1000004
12.0
7.2
6.29999989999
6.29999989999
6.1999998
6.39999999999
5.1999998
6.39999999999
6.39999999999
6.39999999999
6.1999998
6.1999998
6.1999998
6.1999998
6.8999999
12.5
15.0999999
14.0999999
13.1999998
12.0999999
11.4000001
12.4000001
13.6000004
11.7999997
9.1999998
4.5
4.1999998
4.39999999999
4.29999989999
4.0999999
4.1999998
4.1999998
4.1999998
4.29999989999
4.39999999999
4.5
4.60000000001
4.1999998
4.6000001
8.0
7.29999989999
6.79999989999
6.0
5.5
6.0
6.3
6.6000001
6.5
5.70000010001
4.5
4.1999998
4.1999998
4.5
4.60000000001
4.3999999
4.29999989999
4.60000000001
4.60000000001
4.39999999999
4.5
4.70000010001
4.39999999999
4.29999989999
7.70000010001
6.20000010001
6.9000001
7.1000001
7.0
6.8999999
6.60000000001
6.9000001
6.8
4.8000002
4.5
4.60000000001
4.39999999999
4.1999998
4.1999998
5.7
4.3999999
4.1999998
4.1999998
4.5
4.5
4.1999998
4.29999989999
6.8
12.0
14.0999999
14.3000002
15.0
12.9000001
15.0999999
15.5999999
16.5999999
16.5
12.0
6.60000000001
6.60000000001
6.60000000001
6.70000010001
6.70000010001
5.8
6.8000002
6.70000010001
6.60000000001
6.70000010001
6.60000000001
6.8
6.60000000001
6.8000002
11.6999998
15.2999997
14.5999999
12.9000001
14.4000001
14.1000004
13.6000004
15.3000002
13.9000001
10.6999998
5.5999999
5.0999999
5.0
5.0
5.0999999
5.3999999
5.0
5.0999999
5.0
5.0
5.0999999
4.9000001
5.0
5.4000001
8.9000001
11.6999998
11.9000001
13.3000002
13.8999996
13.9000001
14.5
16.0000005
13.2000003
10.0
5.70000010001
5.60000000001
5.60000000001
5.60000000001
5.60000000001
6.0
5.60000000001
5.60000000001
5.60000000001
5.70000010001
5.60000000001
5.60000000001
5.6000001
5.8999999
11.7999997
12.6999998
12.0
14.9000001
15.5999999
15.1999998
14.3000002
16.3000002
15.5999999
11.6999998
7.10000000001
6.5
6.29999989999
6.3999999
6.39999999999
4.79999989999
6.39999999999
6.29999989999
6.29999989999
6.39999999999
6.29999989999
6.29999989999
6.29999989999
6.39999999999
9.5999999
12.7000003
12.0999999
10.3000002
10.1999998
10.3000002
12.4000001
10.9000001
10.9000001
10.0
4.9000001
3.79999989999
3.3
3.3
3.2
3.2
3.2
3.2
3.2
3.2
3.2
3.2
3.2
3.6
5.70000010001
5.70000010001
6.2
5.10000000001
4.70000010001
4.8000002
4.5
4.39999999999
4.7
4.2
3.2
3.2
3.2
3.2
3.2
3.3
3.1
3.2
3.2
3.2
3.2
3.2
3.2
3.3
6.6000001
6.0
5.7
5.70000010001
6.5999999
5.9000001
5.5
5.6000001
5.60000000001
5.29999989999
3.3
3.3
3.3
3.2
3.2
1.62989690824
0.0597938164938
0.0597938164938
0.0597938164938
0.059793816501
0.0597938164938
0.0597938164938
0.0597938164938
0.0597938164938
0.0597938164938
0.059793816501
0.0597938164938
0.0597938164938
0.0597938164938
0.0597938164938
0.0597938164938
0.0597938164938
0.059793816501
0.0597938164938
0.0597938164938
0.0597938164938
0.0597938164938
0.0597938164938
0.059793816501
3.755
3.9675
3.9575
3.9925
4.1
4.0775
4.0075
4.0275
4.2425
7.0475
10.5775
11.96
12.7
12.785
12.4875
12.4
12.925
12.17
9.655
5.5675
4.345
4.3025
4.09
4.0575
2.92989700825
2.92989700825
5.8000002
5.5
5.60000000001
5.70000010001
5.60000000001
5.70000010001
5.8000002
8.5999999
10.2999997
11.8000002
10.4000001
10.0999999
10.1999998
10.5
9.8000002
8.1999998
7.20000010001
5.8000002
5.8
5.70000010001
5.70000010001
5.8000002
5.8000002
5.70000010001
5.8000002
5.8000002
5.8000002
5.60000000001
5.8000002
5.70000010001
5.70000010001
6.0999999
5.8000002
5.70000010001
5.60000000001
5.70000010001
5.3999999
5.39999999999
5.70000010001
5.70000010001
5.70000010001
5.8000002
5.8000002
5.8000002
5.9000001
5.8000002
5.9000001
5.9000001
6.0
5.9000001
5.9000001
6.0999999
5.9000001
6.0
5.8000002
6.0
5.8000002
6.0
5.70000010001
5.8000002
5.8000002
5.9000001
5.70000010001
5.9000001
5.8000002
5.8000002
5.70000010001
5.60000000001
5.8000002
5.8000002
5.9000001
5.8000002
6.0
5.9000001
6.0
5.8000002
6.0999999
5.8000002
6.0999999
7.5999999
8.0
7.2
6.8999999
6.7
8.39999960001
7.8999999
7.8999998
7.8000002
6.70000010001
6.0999999
5.9000001
6.0
5.9000001
5.9000001
6.0999999
6.0
5.9000001
5.9000001
6.0
6.0999999
6.0
6.0999999
6.0
6.1999998
8.5
8.8000002
7.8999999
8.0999999
8.0
7.8
8.8000002
8.0999999
7.7000003
6.0
6.0
6.0
6.0
6.0999999
6.0
6.0999999
6.0999999
6.1999998
6.29999989999
6.0999999
6.1999998
6.0999999
6.4000001
10.0999999
11.5
10.4000001
11.7000003
10.1999998
10.3000002
9.9000001
12.6000004
11.5999999
9.7999997
6.0
6.0999999
6.1999998
6.0999999
6.2
4.4
6.29999989999
6.1999998
6.3999999
6.0999999
6.39999999999
6.0999999
6.29999989999
6.1999998
11.6999998
12.3000002
13.0
13.1999998
11.4000001
8.5
8.89999960001
10.5999999
9.3000002
7.5
3.0
3.0
2.9
2.9
2.9
3.9999999
2.8
2.8
2.8
2.8
2.9
2.8
2.8
2.8
6.70000010001
8.8000002
9.3000002
10.5
10.5999999
10.2000003
11.2000003
11.5
8.39999960001
6.8000002
5.1999998
5.1999998
5.1999998
5.0
5.1999998
2.5
5.0999999
5.1999998
5.1999998
5.0999999
5.1999998
5.0999999
5.0999999
5.1999998
5.1999998
5.0999999
5.0999999
5.0999999
5.0999999
5.1999998
5.1999998
5.1999998
5.0
5.0999999
5.0
5.1999998
5.0999999
5.0999999
5.1999998
5.0999999
5.0
5.1999998
5.0999999
5.0
5.0
5.1999998
5.0999999
5.1999998
7.3999998
10.5
10.5999999
9.7999997
9.3999996
9.0
10.8000002
10.5
10.5999999
7.5999999
5.1999998
5.2999999
5.1999998
5.2
5.1999998
5.1999998
5.0999999
5.1999998
5.0999999
5.0999999
5.1999998
5.1999998
5.0999999
5.1999998
7.1
7.3999999
7.5
7.2000001
7.7
7.1999998
6.4000001
6.8999999
7.5
5.9000001
5.1999998
5.1999998
5.0999999
5.0999999
5.1999998
5.0999999
5.1999998
5.1999998
5.0999999
5.0999999
5.1999998
5.0
5.1999998
5.1999998
8.0999999
8.1999998
6.8999999
7.3999999
7.6999998
7.5
7.4
7.8
7.5
7.0999999
5.0999999
5.1999998
5.1999998
5.1999998
5.0
4.4999999
5.1999998
5.1999998
5.0
5.0999999
5.1999998
5.0
5.0999999
5.0999999
9.7000003
11.7999997
12.2000003
12.5999999
11.7000003
12.6999998
13.1999998
12.8999996
11.6999998
8.1999998
4.0999999
4.0999999
4.0999999
4.0
3.8
5.2
3.8
3.9
3.7
3.8
3.7
3.7
3.8
3.9
9.1000001
12.6999998
13.7999997
14.4000001
14.1999998
14.2000003
15.0
14.5
14.2999997
10.0
6.7000001
6.4
6.6
6.5
6.5
6.0
6.4
6.2999999
6.2999999
6.4
6.4
6.4
6.4
6.2999999
11.0999999
11.5
13.4000001
14.5
11.0999999
13.1000004
14.3000002
15.0
13.0999999
11.0
5.9000001
5.8000002
5.7000001
5.7000001
5.6
4.7000001
5.8000002
5.8000002
5.6
5.7000001
5.6
5.7000001
5.7000001
5.8999999
11.5
13.9000001
16.3999996
15.2999997
15.2999997
14.0
13.3999996
11.7999997
9.3000002
6.9000001
4.4
3.5
3.6
3.5
3.6
4.6000001
3.6
3.6
3.5
3.6
3.5
3.5
3.5
3.7
8.1999998
10.9000001
12.0999999
14.2000003
15.5999994
15.5
14.9000001
16.1999998
13.0
10.5999999
5.7000001
5.7000001
5.9000001
5.8000002
5.8000002
5.9000001
5.8000002
5.8000002
5.8000002
5.9000001
5.9000001
5.9000001
5.9000001
6.2
7.9000001
7.9000001
7.8999998
7.7000001
7.1
8.3000002
6.7
8.1999998
7.3
7.0
5.8000002
5.9000001
5.8000002
6.0
5.9000001
5.9000001
5.9000001
5.9000001
5.9000001
5.9000001
5.8000002
6.0
5.9000001
6.0999999
9.0999999
8.7000003
7.9000001
8.7000003
7.2000001
7.5
8.1999998
8.2999997
8.1999998
7.8
6.0
5.9000001
6.0
6.0
5.8000002
4.9
6.0
5.9000001
6.0
6.0
5.8000002
6.0
6.0
6.0
10.4000001
13.6999998
14.0
11.5
10.9000001
14.0
16.0999999
14.0999999
12.2000003
8.5999999
3.8
3.9999999
3.9
3.8
3.6
4.4999999
3.7
3.7
3.7
3.7
3.7
3.7
3.9
3.7
7.6999998
13.0
15.1999998
14.8000002
13.8000002
13.9000001
14.6999998
14.5
14.1000004
10.3000002
5.1000001
5.5
5.3999999
4.9000001
5.3999999
5.4000001
5.0999999
5.0999999
5.5999999
5.5
5.3000002
5.1000001
5.6000001
5.7999999
10.7999997
14.0999999
15.2000003
16.1000004
14.6999998
13.3000002
13.4000001
13.5
13.4000001
8.9000001
5.1999998
5.0
5.0
4.9000001
4.9000001
5.0999999
5.5
5.0999999
5.5999999
5.2
5.4
5.4
5.4000001
5.7999999
10.4000001
12.5
16.5999994
16.5999994
16.2000003
16.3000002
15.7000003
14.3999996
14.5
12.5999999
6.7000001
5.6999998
5.7999999
5.3999999
5.5
6.2
5.2
5.3
5.5
5.0
5.0
5.1999998
5.2
6.2
10.6999998
14.7000003
14.7000003
14.9000001
14.0
11.0999999
12.5
12.5
14.0
11.0
4.3999999
4.8000002
4.3999999
4.8
5.6999998
4.3000001
4.6
4.5
4.7000001
4.9000001
4.8000002
4.7000001
4.6
5.5
7.9000001
7.5
5.7000001
6.0
5.7000001
6.5
7.2
7.3
5.7999999
6.3000002
5.0
4.9000001
4.8000002
4.6
4.6000001
4.6000001
4.9000001
4.8000002
4.6
4.7000001
4.9000001
4.9000001
5.0
5.0
6.9000001
8.0999999
7.3999999
6.4000001
5.0999999
6.0
6.9
6.3999999
6.9000001
6.8000002
4.5
4.6000001
5.0
4.8000002
4.7000001
5.5
4.8000002
4.8000002
4.9000001
4.8
4.8
4.9000001
5.0999999
5.0999999
10.2000003
14.0999999
15.7000003
14.9000001
13.5
14.5000005
13.9000001
15.0
14.5
9.6999998
6.1999998
6.0
6.0999999
6.1999998
6.0999999
6.1999998
6.0999999
6.2
6.0
6.2
6.1999998
6.2999999
6.1999998
6.3999999
9.0
13.5999999
15.6000004
16.2000003
13.6999998
13.6000004
14.9000001
15.5999999
14.5999999
10.9000001
6.2999999
6.5
6.4
6.4
6.1999998
6.2
6.1999998
6.2999999
6.1999998
6.2999999
6.1999998
6.2999999
6.0999999
6.8999999
11.5
13.4000001
15.5999999
14.6999998
13.7999997
12.5
13.8000002
13.9000001
12.8000002
11.6999998
6.6
6.5999999
6.2999999
6.2
6.0
7.1999998
6.0
6.0
6.1999998
6.0
6.0999999
6.0
6.0
6.0999999
11.0
13.6999998
16.5
15.7000003
15.3000002
17.1000004
16.1999998
16.6000004
15.6999998
14.2000003
9.2999997
8.2999997
8.6000004
8.4000001
8.3999996
8.2999997
8.2999997
8.3999996
8.6000004
8.3999996
8.5
8.5
8.7000003
9.5
15.8000002
17.1000004
14.65
14.1999998
14.0999999
14.0
13.7999997
14.8000002
15.4000001
13.0999999
8.7000003
8.7000003
8.5
8.5
8.5
8.3999996
7.8999998
8.6000004
8.7000003
8.7000003
8.5999999
8.5999999
8.5999999
7.8999999
11.0
12.4000001
11.4000001
9.6000004
10.0
9.4000001
10.1999998
9.3000002
10.4000001
9.7999997
8.5
8.0000002
8.2999997
8.1000002
8.1000002
8.2000003
8.2999997
8.3000002
7.8999999
8.5
8.3000002
7.9999998
8.0999999
7.8999998
10.9000001
11.4000001
10.0
10.5999999
10.8000002
9.4000001
10.8000002
10.2999997
11.6000004
9.4000001
8.2999997
7.7999999
7.8
7.8999999
7.9999998
7.7999999
8.1999998
8.0999999
7.7999997
7.6000001
7.6999998
8.0999999
7.5
7.0999999
10.0
13.7999997
14.3999996
15.5
15.5
15.2999997
12.3000002
14.3000002
15.3000002
10.4000001
8.0
7.9000001
8.0
7.9000001
7.9000001
6.7000001
7.9000001
8.0
8.0
7.9000001
7.8000002
8.0
7.9000001
8.0999999
11.7000003
16.2000003
13.8725
13.87
13.815
15.0
14.2000003
14.4000001
12.0
10.1999998
6.3
5.8000002
5.8000002
5.8000002
5.7000001
6.8
5.6
5.8000002
5.6
5.6
5.8000002
5.6
5.6
6.0
10.4000001
12.4000001
12.4000001
13.0
12.0
11.9000001
15.5
15.3000002
14.5999999
13.3000002
8.5999999
8.9000001
8.4000001
8.1999998
8.1999998
7.3999999
8.0999999
8.0999999
8.0999999
8.0
8.1999998
8.1999998
8.0
8.2999997
14.0999999
16.5
15.5475
16.0825
15.5
16.0000005
15.7000003
15.3000002
14.5
11.0
6.7000001
6.7000001
6.6
6.6
6.6
6.8
6.8000002
6.8000002
6.8000002
6.8000002
6.8000002
6.6
6.6
7.3999999
14.1999998
16.5999999
15.2000003
13.9000001
14.5999999
14.3000002
15.1000004
16.1999998
15.2000003
12.9000001
7.3000002
6.8000002
6.9000001
6.7000001
6.8000002
6.8000002
6.8000002
6.8000002
7.0
6.8000002
6.8000002
6.8000002
6.8000002
7.2000001
10.0
9.1999998
9.1000004
9.4000001
8.1999998
8.2999997
9.1000004
7.9000001
9.2999997
8.5
6.8000002
6.8000002
6.8000002
7.0
6.8000002
6.8000002
6.8000002
6.8000002
6.8000002
6.8000002
6.8000002
6.8000002
6.8000002
6.9000001
9.8000002
9.9000001
9.0999999
9.5999999
9.0
9.0
8.5
9.0999999
8.9000001
8.7999997
6.8000002
6.8000002
6.9000001
6.8000002
6.9000001
6.5
6.8000002
6.8000002
6.9000001
6.9000001
6.8000002
6.9000001
6.9000001
7.4000001
17.0
14.1975
14.4625
14.44
14.2375
16.8999996
14.6525
14.505
16.1999998
10.6999998
6.1999998
6.1999998
6.1999998
6.0999999
6.1999998
6.8999999
6.1999998
6.1999998
6.1999998
6.1999998
6.0999999
6.0999999
6.0999999
6.5
10.88
14.615
15.925
15.2175
16.0
16.0000005
14.1999998
16.6000004
14.5999999
12.5999999
7.7
7.6000001
7.9999998
7.8
7.7999999
7.0
7.6000001
8.0
7.7
8.0
7.6000001
7.8
7.7999999
8.0
12.5
15.0
14.5825
17.0
15.3000002
13.5
13.9000001
15.4000001
14.0
11.4000001
6.0999999
6.0
6.1999998
6.0
6.0999999
7.3000002
6.0
6.0
6.0
6.0999999
6.0999999
6.0
6.0999999
6.4000001
14.9000001
15.8000002
15.2075
15.6175
15.8000002
15.5
15.8000002
15.9000001
16.1000004
14.0999999
9.6999998
8.1999998
8.1999998
8.2999997
8.0999999
7.6999998
8.0999999
8.5
8.3000002
8.5
8.3999996
8.1999998
8.5
9.0
15.3000002
14.44
15.505
14.595
14.9000001
13.7999997
14.0999999
15.6000004
15.2999997
11.3999996
10.0
10.3000002
9.9000001
10.0
10.0999999
6.8000002
6.7000001
6.9000001
7.0
6.8000002
6.8000002
6.9000001
6.8000002
7.0
7.5
8.8000002
9.1999998
9.5
9.2999997
8.2000001
8.8000002
9.5
7.9000001
8.3
6.8000002
6.8000002
6.8000002
7.0
6.9000001
7.0999999
6.9000001
6.7000001
7.0999999
7.0
7.2
7.1000001
7.1000001
7.2
10.0999999
10.2999997
9.8000002
9.9000001
8.5
8.0
8.9000001
9.0
9.0
8.2000001
6.9000001
7.0
7.0
7.0
7.0999999
8.4000001
7.0
7.0999999
7.2999999
7.0
7.4
7.2
7.3999999
7.4
12.8000002
14.2475
14.1925
14.2125
16.5
16.6999998
16.6999998
13.7725
17.0999994
14.4000001
10.0
10.0
9.7000003
10.0
9.5
8.4000001
9.5999999
9.7999997
9.8000002
9.3999996
9.7999997
9.5999999
9.9000001
9.8000002
13.3000002
15.9000001
16.05
15.475
15.3425
16.9000006
15.9000006
16.2000003
13.0999999
11.3000002
7.2999999
7.1999998
7.0
7.0
7.0
7.5
7.0
7.0
7.0
7.0
7.0
7.0999999
6.9000001
7.3
10.2999997
12.8000002
13.4000001
13.4000001
15.0
17.1000004
14.615
16.8999996
15.3000002
14.7000003
9.0
8.5
8.2999997
8.0999999
8.0999999
7.0
8.0
8.0
8.0999999
8.1999998
8.1999998
8.0999999
8.0999999
8.2999997
14.5
14.6999998
15.5075
15.6025
17.0
15.3999996
15.4000001
15.0
12.5999999
11.4000001
9.5
6.0
6.0999999
6.0999999
5.9000001
6.3
6.0
5.9000001
5.9000001
5.8000002
5.9000001
5.9000001
5.9000001
6.6999998
11.1999998
13.7000003
16.4999995
13.1925
16.0
13.0
14.1000004
14.9000001
14.6999998
12.5999999
7.0
6.9000001
6.9000001
6.8000002
6.9000001
6.7000001
6.9000001
6.8000002
7.0
6.9000001
6.9000001
6.8000002
6.9000001
6.9000001
10.0
9.5
10.0999999
8.5999999
8.2999997
7.7000001
7.8000002
8.0
8.2999997
9.5
7.3999999
6.5
6.7000001
6.6
6.7000001
6.8
6.6000001
6.6
6.5
6.8000002
6.6000001
6.6
6.6000001
6.8000002
9.8000002
9.0999999
9.0
9.5999999
10.5
9.7999997
9.0999999
9.3000002
9.4000001
8.9000001
6.7000001
6.7000001
6.6
6.8000002
6.8000002
6.2000001
6.8000002
6.8
6.9000001
6.7000001
6.8000002
6.8
6.6
6.8000002
12.8000002
14.5999999
13.375
13.465
13.075
16.0000005
14.0999999
14.6000004
14.5999999
11.0999999
5.9000001
5.8000002
5.9000001
5.9000001
5.9000001
5.2000001
5.9000001
5.8000002
5.8000002
5.8000002
5.7000001
5.7000001
5.9000001
6.2000001
12.4000001
15.3000002
14.8175
14.3925
16.8999996
14.4000006
14.2000003
14.5
12.5999999
9.4000001
4.9000001
4.8000002
4.9000001
4.8000002
4.8000002
6.5
4.8000002
4.9000001
4.8000002
4.8000002
4.8000002
4.8000002
4.8000002
5.2000001
12.0
12.21
12.645
13.1475
12.985
13.2225
13.4075
13.6475
12.895
10.5999999
7.9000001
7.8000002
7.9000001
7.8000002
7.9000001
7.4000001
8.0
8.0
8.0
7.9000001
8.0
8.0
8.0
8.4000001
12.5999999
16.0
16.5999994
17.1000004
14.38
13.8625
16.5000005
14.4000001
14.7999997
12.6999998
7.5
7.0
7.1999998
6.9000001
6.9000001
6.9000001
6.8000002
6.9000001
6.8000002
6.8000002
6.8000002
7.0
6.9000001
6.9000001
10.9000001
13.8000002
14.0
12.6999998
14.6999998
15.5999999
16.0
14.8000002
13.8000002
10.8000002
7.0999999
7.0999999
7.0
7.0
7.0
6.9000001
6.9000001
7.0
7.0999999
7.0999999
7.0999999
7.0999999
7.0999999
7.2
10.5
10.5999999
8.5
9.2999997
9.0
9.2999997
8.0
8.6999998
10.5
9.3000002
6.9000001
7.0
7.0
7.0
7.0999999
7.2
7.0999999
7.1999998
7.1999998
7.0999999
7.0
7.1999998
7.0999999
7.2
10.2999997
10.1999998
9.9000001
10.0999999
9.7000003
9.5999999
9.4000001
10.3000002
9.1999998
10.0999999
7.1999998
7.1999998
7.1999998
7.2999999
7.1999998
6.7
7.1999998
7.2999999
7.4
7.2999999
7.5
7.1999998
7.3999999
7.4
13.0
15.1999998
15.0999999
17.0
16.0999999
14.545
14.93
14.9000001
13.9000001
9.4000001
6.0999999
6.1999998
6.1999998
6.0999999
6.0
6.2
6.0
6.0
6.0
6.0999999
6.0
6.0
6.2
10.0
13.7999997
16.0000005
16.6000004
15.7000003
15.0999999
15.0
14.2999997
14.5999999
15.3000002
11.7999997
6.6
6.5
6.4
6.5
6.4
6.0
6.4
6.4
6.4
6.3999999
6.2999999
6.4
6.3999999
8.9000001
12.9000001
16.1000004
12.44
17.1000004
14.5999999
16.0
15.6999998
14.0
13.4000001
9.7000003
5.6
5.6
5.5
5.6
5.7000001
6.3999999
5.6000001
5.6
5.7000001
5.7000001
5.8000002
5.6
5.6
8.0999999
11.9000001
15.2000003
16.0999994
16.3999996
16.5999999
16.1000004
15.7000003
12.8999996
13.4000001
12.5
8.6999998
7.4
7.4
7.4
7.3999999
7.0
7.2999999
7.4
7.3999999
7.2999999
7.5
7.4
7.5
9.0999999
14.0
15.4000001
14.5
13.8999996
13.3999996
13.6999998
14.4000001
14.2000003
13.2999997
10.5
6.8000002
6.7000001
6.8000002
6.8000002
6.7000001
6.6
6.8000002
6.7000001
6.6
6.8
6.7000001
6.6
6.7000001
7.2000001
9.2999997
9.3000002
9.2000003
8.4000001
8.2000003
9.0999999
8.0
9.9000001
9.0
8.0
6.7000001
6.6
6.7000001
6.7000001
6.6
3.47142867143
0.142857142857
0.142857142857
0.142857142857
0.142857142859
0.142857142857
0.142857142857
0.142857142857
0.142857142857
0.142857142857
0.142857142857
0.142857142859
0.142857142857
0.142857142857
0.142857142857
0.142857142857
0.142857142857
0.142857142857
0.142857142859
0.142857142857
0.142857142857
0.142857142857
0.142857142857
0.142857142857
4.07142857143
3.47142867143
6.9000001
6.9000001
6.9000001
6.9000001
6.9000001
6.9000001
7.5
12.8000002
15.3000002
14.3000002
15.4000001
14.0
15.3000002
16.1999998
16.0000005
14.0
11.5
7.9000001
7.8000002
8.0
7.9000001
8.0
8.0
7.9000001
8.0
7.9000001
8.0
7.9000001
8.0
8.0999999
8.0999999
14.2999997
16.5
16.6999998
14.335
15.5000005
14.5225
16.6000004
16.3000002
15.0
12.5
7.9000001
7.9000001
7.8000002
8.0
8.0
7.9000001
7.9000001
7.9000001
8.0
7.9000001
7.9000001
7.9000001
8.0999999
8.4000001
10.5999999
13.1999998
14.7000003
12.8999996
10.5999999
12.8999996
13.0
12.2999997
12.4000001
9.2000003
7.6
7.8000002
7.9000001
7.9000001
7.8000002
6.9000001
7.8000002
7.9000001
7.9000001
7.9000001
8.0
7.9000001
8.0999999
7.8
11.3000002
10.6999998
12.2000003
13.7000003
13.3000002
12.8000002
13.5
13.2999997
14.4000001
11.1999998
6.5
5.9000001
5.9000001
6.0
5.8000002
5.7000001
5.9000001
5.7000001
5.7000001
5.9000001
6.0
5.8000002
5.9000001
6.4000001
9.3000002
13.5
16.6000004
14.4000001
14.0999999
15.9000001
13.5
13.2999997
12.8000002
9.5
5.2999999
5.1999998
5.4
5.4
5.6
5.4
5.3999999
5.4
5.6
5.4
5.5
5.5
5.5
5.6
8.8000002
8.6999998
7.4
8.0
7.3000002
6.6
7.2
7.1999998
6.6000001
8.3000002
5.3999999
5.1999998
5.2999999
5.2999999
5.2999999
5.5
5.4
5.4
5.4
5.3999999
5.2999999
5.4
5.5
5.4
8.8000002
7.6
7.9000001
8.0
8.0999999
8.0
7.0
6.5
6.2999999
7.5
5.4
5.2999999
5.4
5.4
5.6
5.9
5.6000001
5.6
5.6000001
5.5
5.7000001
5.6
5.7000001
6.5999999
11.7000003
13.7000003
15.5
16.8999996
15.0
15.0000005
16.4000006
15.4000001
13.5999999
10.6999998
6.6
6.6
6.6
6.6
6.6
6.5
6.9000001
7.0
7.0
7.0
7.0
6.9000001
7.0999999
6.9000001
10.9000001
12.7999997
13.1000004
13.5
14.0
14.4000001
13.9000001
13.5
12.8000002
10.2999997
6.0999999
6.1999998
6.1999998
6.1999998
6.1999998
7.0
6.0999999
6.1999998
6.0999999
6.1999998
6.1999998
6.0999999
6.1999998
7.0999999
12.7999997
13.9000001
14.2000003
14.7999997
14.7999997
16.3999996
13.0025
16.2000008
15.5999999
12.5999999
7.9000001
7.9000001
7.9000001
7.9000001
7.7000001
6.7000001
7.7000001
7.8000002
7.8000002
7.8000002
7.8000002
7.7000001
7.7000001
7.8
11.2999997
13.0
12.2999997
12.2999997
13.2000003
16.0
15.5
14.6000004
12.7999997
10.5999999
7.5999999
5.8000002
5.6
5.7000001
5.5
6.8
5.7000001
5.6
5.7000001
5.7000001
5.8
5.7000001
5.8000002
6.2000001
10.5
13.9000001
14.5
15.5999999
14.7000003
16.8999996
16.8000002
16.5
16.1999998
13.1999998
8.4000001
8.1999998
8.3999996
8.2999997
8.1999998
8.0999999
8.0999999
8.0999999
8.1999998
8.1999998
8.1999998
8.1999998
8.2999997
8.3000002
10.9000001
12.2000003
12.7000003
11.9000001
12.6999998
12.0
11.8000002
12.0
12.1999998
13.0
11.0999999
10.2999997
10.5
10.1999998
9.3000002
8.0
8.0
8.1999998
8.1999998
8.2999997
8.0
8.1999998
8.0999999
8.1999998
10.9000001
10.5999999
10.0999999
9.9000001
9.1999998
9.0999999
10.7000003
11.0999999
10.7000003
10.5999999
8.0999999
8.0999999
8.0
8.1999998
8.0
7.9000001
8.0999999
8.0999999
8.1999998
8.0999999
8.1999998
8.1999998
8.0999999
8.0
11.3000002
15.4000001
16.6999998
13.7175
13.445
13.575
16.0
14.3000002
12.8999996
9.4000001
5.8000002
5.7000001
5.8
5.9000001
7.9000001
6.7
8.0999999
5.8999999
5.7000001
5.7000001
5.7000001
5.7000001
5.7000001
5.9000001
12.3000002
13.3000002
13.3999996
13.7999997
14.0999999
17.1000004
15.8000002
13.4000001
12.0999999
9.9000001
5.6
5.6
5.6
5.6
5.7000001
5.6000001
5.6
5.8
5.7000001
5.8000002
5.9000001
5.8
5.9000001
6.8
12.1999998
15.0
13.9000001
14.1999998
13.0
14.0
14.4000001
13.7999997
12.1999998
8.3000002
5.4
5.2999999
5.5
5.4
5.4
5.1000001
5.4
5.4
5.6
5.5
5.6
5.5
5.6
5.7000001
11.9000001
12.9000001
14.6000004
13.5999999
14.2000003
13.5
12.4000001
11.9000001
10.6999998
9.2000003
6.4
4.9000001
5.0
5.0999999
4.9000001
5.9000001
4.8000002
4.8000002
4.8000002
5.0
4.8000002
4.8000002
4.8000002
5.2000001
11.7999997
14.5
14.0999999
13.2999997
14.5999999
15.3999996
15.0999999
14.8000002
13.0
9.7000003
7.0
7.0999999
7.0999999
7.0
7.0999999
7.1999998
7.0999999
7.0
7.1999998
7.0999999
7.1999998
7.0999999
7.0
7.5999999
9.7000003
10.0999999
9.2999997
8.7999997
8.7999997
9.3000002
8.1999998
8.6000004
8.1999998
9.0
7.1999998
7.0
7.0
7.0999999
7.0999999
7.0999999
7.1999998
7.1999998
7.0
7.1999998
7.0999999
7.0999999
7.1999998
7.1999998
10.2999997
10.1999998
9.0999999
9.9000001
9.8000002
9.5
8.5
9.2999997
9.5
9.5999999
7.0
7.1999998
7.0999999
7.0999999
7.0999999
6.5999999
7.1999998
7.0999999
7.0999999
7.0
7.0999999
7.1999998
7.1999998
7.0999999
9.7000003
14.3000002
14.6999998
14.7000003
15.5999999
15.3000002
15.5999999
15.9000001
13.6000004
9.5999999
5.9000001
6.0
6.0
6.0
6.0
6.5
5.9000001
6.0
6.0999999
6.0999999
6.1999998
6.2999999
6.2
6.1999998
11.5
13.8000002
13.7000003
12.6000004
13.2000003
14.5
14.9000001
14.4000001
14.1999998
11.9000001
7.3999999
7.2999999
7.4
7.2999999
7.1999998
6.3
7.1999998
7.1999998
7.1999998
7.1999998
7.2999999
7.1999998
7.0999999
8.0
10.2000003
11.7000003
12.5
13.2000003
13.4000001
14.0
14.8999996
13.6999998
13.0
9.6000004
5.6
5.6
5.6
5.6
5.5
6.6000001
5.7000001
5.8000002
5.7000001
5.6
5.6
5.7000001
5.5
6.3
11.0
13.7000003
13.0
14.0999999
15.1999998
16.4000006
15.6999998
14.5
14.5
12.2000003
7.8999999
7.2999999
7.4
7.5
7.2999999
6.0999999
7.1999998
7.1999998
7.1999998
7.1999998
7.1999998
7.1999998
7.1999998
8.1999998
14.5
15.0999999
15.6999998
15.2999997
14.6999998
15.3000002
15.2000003
15.5
13.7000003
7.7000001
5.4000001
5.0
5.0999999
5.0
4.9000001
4.9000001
4.9000001
4.9000001
4.8000002
5.0
5.1000001
5.2
4.8000002
5.5
8.2999999
6.7000001
7.7000001
8.1000001
6.8000002
6.6000001
6.2999999
7.1000001
7.7000001
7.1000001
5.2999999
5.2000001
5.3000002
5.1999998
5.6
5.8
2.4000001
5.6
5.2000001
5.3
5.2
5.3999999
5.2999999
8.1999998
8.2999997
7.9000001
8.0999999
8.1999998
8.0999999
7.4000001
6.4000001
7.7999997
8.6999998
5.2
5.5
5.2999999
5.4
5.2
2.8
5.3
4.66
4.9175
4.935
4.635
4.855
5.08
5.1875
8.735
11.47
12.155
12.12
12.0375
12.0425
12.44
12.345
11.0925
8.36
5.0825
4.1
4.005
3.8625
3.82
1.9
8.0999999
8.0
7.9000001
7.7
8.0999999
7.5
7.6999998
5.5
10.0999999
11.7999997
12.4000001
12.0
12.0999999
11.5
13.9000001
12.4000001
10.7999997
6.9000001
3.7
3.7
3.6
3.6
3.7
4.7000001
3.8
3.6
3.7
3.8
3.8
3.8
3.8
3.8
9.4000001
11.5
12.6999998
13.7000003
12.4000001
13.0999999
13.7999997
14.0
11.9000001
8.5999999
5.5
5.6000001
5.7000001
5.4
5.4000001
4.4
5.3000002
5.1000001
5.1000001
5.4000001
5.0
5.1000001
4.8000002
5.5
10.3000002
12.0
13.8000002
16.5999994
14.7999997
13.8999996
14.4000001
13.0999999
10.8000002
7.9000001
5.1000001
3.8
4.0
3.8
3.6
3.7
3.7
3.6
3.7
3.7
3.7
3.8
3.6
4.1
6.2999999
5.9000001
6.9000001
5.2
5.2000001
6.5
7.7000001
7.0
6.5999999
5.5
3.7
3.6
3.6
3.7
3.6
3.7
3.7
3.6
3.6
3.7
3.6
3.7
3.6
4.3000001
6.5
6.0999999
6.2
6.7999999
7.5
7.7
6.9000001
7.7000001
7.4000001
6.8
3.5
3.5
3.6
3.5
3.5
3.6
3.5
3.7
3.5
3.5
3.6
3.6
3.5
3.8
3.6
4.0999999
4.4
4.0999999
3.8
3.7
3.5
3.5
3.6
3.5
3.4
3.5
3.4
3.4
3.4
3.4
3.5
3.6
3.6
3.5
3.5
3.6
3.6
3.7
5.6
6.0999999
5.1999998
4.9000001
4.2
4.7000001
3.9
4.0999999
4.2999999
4.2999999
3.4
3.3
3.3
3.5
3.3
3.0
3.4
3.3
3.4
3.3
3.3
3.4
3.5
3.4
7.0
10.1999998
13.1999998
14.3000002
10.0
8.6999998
10.5
10.5
7.8
6.8000002
3.1
3.0
2.9
3.0
2.9
2.9
2.8
2.8
2.6
2.7
2.8
2.7
2.8
3.2
8.4000001
10.2999997
9.5
9.8000002
10.5999999
10.6999998
10.0
9.6000004
9.2999997
6.0
2.9
2.9
2.8
3.0
2.8
2.8
2.8
2.8
2.8
2.8
2.7
2.8
2.8
2.8
6.5
9.6999998
10.4000001
10.4000001
10.2999997
10.2000003
9.5
10.0
9.6999998
7.8999999
5.5
2.9
2.8
2.9
3.0
3.0
2.8
2.8
2.8
2.9
2.8
2.8
2.8
2.7
6.0
11.1000004
12.6999998
11.1999998
10.1999998
10.2999997
11.0
11.6999998
9.5
6.1999998
3.1
3.0
3.0
3.1
3.0
3.0
3.0
3.0
3.1
3.1
3.0
3.0
2.9
3.1
4.1999998
7.0
7.4000001
6.6000001
6.4
6.3
6.6000001
6.2
6.4000001
6.2
3.1
3.0
2.9
2.8
3.0
2.8
2.8
2.8
2.9
3.0
2.9
3.0
2.9
2.8
5.7999999
5.5
5.6000001
4.5
6.3999999
5.9000001
5.4000001
4.1999998
4.5
5.2999999
3.1
3.0
2.9
2.9
2.8
3.1
2.9
2.9
3.0
2.9
2.8
2.9
2.9
3.0
9.3000002
12.1999998
13.2000003
11.0999999
11.4000001
11.2999997
10.5999999
10.5
9.6000004
6.8999999
3.6
3.6
3.5
3.6
3.6
3.4
3.5
3.5
3.5
3.6
3.6
3.7
3.6
3.6
7.3999998
12.4000001
11.9000001
10.9000001
11.7000003
10.3000002
9.8000002
9.6999998
9.2999997
6.3999998
3.1
2.9
2.8
2.8
2.9
2.8
3.1
3.0
3.1
3.0
3.0
3.1
3.2
3.3
9.0
12.5
11.4000001
11.6999998
11.3000002
11.2999997
10.2999997
9.2999997
9.0999999
5.7
3.0
2.9
3.0
2.9
2.9
2.8
2.8
2.9
3.0
2.9
3.0
3.0
3.1
3.4
6.6
10.6999998
12.0
11.4000001
12.0999999
11.0
10.5
10.0
9.5999999
7.3999998
3.2
2.9
2.9
2.8
2.9
2.9
2.8
2.9
2.9
2.7
2.9
3.0
2.9
3.5
9.3000002
10.0999999
13.6999998
13.3000002
13.2000003
11.5999999
11.0999999
11.0
8.0
5.3999999
2.9
2.8
2.8
2.8
2.7
2.6
2.8
2.7
2.7
2.7
2.8
2.6
2.8
2.8
4.5
6.0999999
6.2
5.1000001
4.8000002
4.8000002
4.8999999
4.7000001
5.0
4.3999999
3.0
2.8
2.8
2.6
2.7
2.8
2.7
2.8
2.7
2.6
2.7
2.8
2.8
2.8
5.7
4.5999999
4.1
4.5
3.7
3.5
5.2999999
5.1000001
5.0
4.7999999
2.8
2.7
2.6
2.7
2.6
2.9
2.7
2.7
2.8
2.7
2.7
2.8
2.7
3.1
8.3
11.0999999
10.4000001
10.8000002
10.5999999
9.5999999
10.0
10.0
9.5
6.8999999
4.2
3.6
3.4
3.3
3.3
3.1
3.4
3.2
3.2
3.3
3.3
3.3
3.1
3.6
9.0
12.4000001
12.0999999
11.2999997
11.0999999
10.6999998
10.5
10.6999998
9.7000003
6.8999999
3.1
2.9
3.0
2.8
2.8
2.9
2.8
2.7
2.8
2.6
2.6
2.8
2.8
3.5
9.8
11.5999999
11.8000002
12.0999999
11.3000002
11.5
10.3000002
10.7000003
9.5999999
6.3
3.3
3.0
3.0
3.0
3.1
2.8
2.9
3.0
2.8
3.0
2.8
2.9
2.8
3.1
9.2999997
10.5
12.4000001
10.5999999
12.2999997
11.0999999
10.5999999
10.4000001
9.0
7.0
4.5999999
3.0
2.9
2.9
2.8
2.8
2.8
2.7
2.7
2.8
2.6
2.6
2.6
3.4
8.4000001
10.1999998
11.0999999
12.0
12.1999998
11.0999999
11.0
10.0999999
9.4000001
7.4000001
2.9
2.9
2.8
2.8
2.8
2.9
2.8
2.9
2.8
2.7
2.9
2.8
2.9
2.9
4.1
7.0
7.0
7.2
8.0999999
5.1999998
4.9000001
4.5
4.5999999
4.3999999
4.2
6.0999999
6.1000001
6.0999999
4.6999999
2.7
2.8
2.8
2.6
2.8
2.8
2.8
2.8
2.8
5.5
5.1999998
5.0999999
4.0
5.0
5.2
5.5
5.3
4.3
4.9000001
2.8
2.8
2.7
2.7
2.8
2.8
2.8
2.8
2.7
2.8
2.8
2.8
2.8
3.1
11.5
13.5
13.8000002
13.5999999
13.8999996
11.7000003
12.5999999
11.5
8.5999999
7.7
2.9
2.8
2.8
2.8
2.8
3.8999999
2.8
2.8
2.8
2.8
2.8
2.8
2.8
3.9
10.6999998
11.9000001
11.6999998
13.5
14.0999999
11.8000002
12.5
10.4000001
11.2999997
8.2999997
3.8
4.0999999
4.7
5.0999999
5.0999999
4.7
4.8
4.5999999
5.0
5.0999999
5.0
5.0999999
5.0
7.0
10.6000004
13.0
12.4000001
13.2999997
11.9000001
12.8000002
12.1999998
10.5
10.0999999
7.6999998
3.9
4.0
4.0999999
4.2
4.2
5.1000001
4.0999999
4.2999999
4.7
4.5
4.0
4.2
4.4
4.8000001
9.8000002
12.5
12.6000004
12.0
11.5
12.2999997
14.0
12.0
11.5999999
10.1999998
6.5999999
4.6000001
4.8000002
5.3
5.6
5.4000001
5.6
5.7000001
5.7000001
5.8
5.7000001
5.7000001
5.7000001
6.0
12.3000002
13.4000001
12.5999999
12.8000002
12.5999999
12.0
13.0999999
12.2000003
12.5999999
8.9000001
4.0999999
4.4000001
4.3
4.5999999
4.6999998
5.0
5.0
5.0999999
5.0
5.0999999
5.0999999
5.1999998
5.0
5.0999999
6.2
8.0999999
8.2999997
7.5999999
7.4000001
7.5999999
6.5
6.5
6.6999998
7.2
4.4000001
4.5999999
5.0
4.0999999
4.5999999
4.3999999
4.6000001
4.6
5.0
4.8
4.2
4.5
4.0999999
4.0999999
6.5
6.0
5.4000001
6.5
6.5
6.5
4.8
4.3000001
5.3
6.2999999
4.1999998
4.1999998
4.1999998
4.3999999
4.5
4.5
4.8
4.5
5.4
5.2999999
4.8
4.8
5.2999999
4.6
7.2000001
5.9000001
6.6000001
5.1999998
6.0
5.0999999
6.0999999
7.3999999
5.5
6.2
4.0
3.8
4.1999998
4.0999999
4.0999999
4.9000001
4.5
4.2999999
4.6
4.7999999
3.9
3.8
3.9
4.7
10.5999999
13.3000002
13.8000002
13.4000001
12.4000001
12.5999999
13.9000001
13.3999996
13.0999999
9.0999999
5.5
4.8000002
5.0
4.9000001
4.9000001
4.7000001
5.0
5.0
5.4000001
5.2999999
5.2999999
5.5
5.5999999
6.9000001
11.6999998
12.4000001
13.3000002
13.2999997
12.9000001
14.2999997
13.2999997
12.0999999
10.6999998
8.5
4.2999999
4.2999999
4.7000001
4.1999998
4.1999998
4.4999999
4.0
3.9
4.0999999
4.2999999
4.2999999
4.0
4.0
5.2
9.4000001
11.6000004
12.8000002
11.7000003
12.0999999
11.1999998
11.0999999
10.0
10.1999998
9.6000004
7.2999997
4.4
4.3999999
4.0999999
4.9000001
4.2
4.5999999
5.0
5.0
5.0
5.0
5.0
5.0999999
6.0
11.0999999
11.8000002
13.2999997
14.5999999
13.4000001
11.7999997
12.7000003
11.9000001
10.8000002
7.1999998
3.6
3.3
3.4
3.3
3.4
3.2
3.4
3.4
3.4
3.4
3.4
3.4
3.4
3.4
4.5999999
4.8000002
5.0
5.9000001
4.7999999
4.8
4.6
6.6
6.1000001
5.7999999
3.2
3.3
3.2
3.3
3.2
3.3
3.2
3.2
3.2
3.3
3.2
3.2
3.2
3.3
5.7
5.6
4.3999999
6.0
5.8
6.1999998
5.8999999
6.0
5.9000001
4.0999999
3.2
3.0
3.1
3.1
3.1
3.1
3.1
3.1
3.1
3.1
3.1
3.2
3.1
3.5
8.5999999
12.5999999
11.8000002
10.6999998
10.9000001
10.6999998
10.8000002
10.4000001
9.5999999
7.7000001
3.3
3.1
3.1
3.0
2.9
3.0
2.9
2.9
3.0
2.9
2.9
2.9
2.8
3.7
9.2999997
13.0
13.0999999
14.3000002
15.3000002
14.0999999
13.8000002
10.0
9.5
6.7999999
3.1
2.9
3.0
2.9
2.8
2.8
2.7
2.8
2.8
2.8
2.8
2.7
2.7
3.2
10.4000001
12.5
10.6999998
11.2000003
11.5999999
10.8999996
10.7000003
10.2999997
9.9000001
8.9000001
3.6999999
3.0
3.0
2.9
2.8
2.8
2.9
2.8
2.7
2.8
2.7
2.8
2.8
3.2
8.1999998
10.5
11.0
12.0999999
11.0
12.1999998
11.9000001
11.0
10.0
8.2000001
3.4
2.8
2.8
2.8
2.8
2.8
2.9
2.8
2.7
2.8
2.8
2.8
2.8
3.1
7.4000001
10.6999998
12.9000001
11.8999996
13.4000001
15.1999998
13.2000003
11.7999997
9.4000001
7.9999998
3.2
3.0
3.0
2.8
2.9
2.8
2.8
2.8
2.8
2.8
2.9
2.8
2.8
3.1
6.5
7.5
5.5999999
5.2000001
4.8
4.7000001
4.9000001
4.9000001
4.6000001
5.7000001
3.1
2.9
2.9
2.9
2.8
2.8
2.9
2.8
2.8
2.8
2.8
2.8
2.8
3.3
5.9000001
6.1000001
5.0
5.3000002
4.2999999
5.3
4.2
5.3
5.7000001
5.2
3.1
2.9
2.8
2.8
2.8
3.9999999
2.9
2.8
2.8
2.8
2.9
2.8
2.8
4.4
10.1999998
12.5
13.0
12.9000001
11.8000002
11.0
13.1999998
13.1999998
12.3000002
10.9000001
5.2999999
5.0999999
5.1999998
5.0
5.0999999
4.5
5.0
5.0
4.9000001
5.0
5.0
5.0
5.1999998
6.0999999
11.0
13.6999998
12.8999996
12.0999999
13.3000002
10.5
10.5999999
11.2999997
12.5
10.0
4.3999999
4.0
4.1999998
4.0
4.0
3.9
3.9
4.0
4.0
4.0
4.0
4.0
4.0
4.3
9.5999999
11.5999999
12.9000001
14.5
13.0
11.7000003
12.0
11.2999997
10.5999999
9.3000002
4.2999999
4.1999998
4.0
3.9999999
4.0
3.5
4.0
4.0
4.0
4.0
3.9
4.0
3.9
5.6000001
8.0000002
12.0999999
13.4000001
12.0
12.5
11.8999996
10.2000003
10.0
8.8000002
8.7000003
5.7999999
3.1
3.1
3.0
2.9
3.0
2.8
2.9
2.8
2.8
3.0
2.9
2.9
4.8
8.3000002
10.3000002
10.8000002
11.5
9.5999999
10.0
9.9000001
8.4000001
9.4000001
8.1000001
3.0
3.0
3.0
2.9
2.8
2.9
2.8
2.9
2.8
2.9
2.9
2.8
2.8
3.1
4.5999999
4.9000001
5.2999999
5.5
5.4
5.0999999
4.6
4.5
4.6000001
4.2999999
3.0
2.9
2.8
2.8
2.8
2.8
2.9
2.8
2.9
2.8
2.7
2.7
2.8
2.8
5.7
5.2
5.2999999
4.7999999
4.6
4.2999999
4.2999999
5.1000001
4.4000001
3.9999999
3.0
3.0
2.8
2.8
2.8
2.8
2.8
2.7
2.9
2.8
2.8
2.7
2.8
2.9
5.0
5.8
4.8
4.7000001
4.8
4.2999999
6.3999999
5.3999999
4.3
5.6
3.1
3.0
2.9
2.9
2.8
3.0
2.8
2.8
2.8
2.8
2.7
2.8
2.8
4.4
8.5999999
10.5
11.5999999
12.0999999
11.6999998
12.2000003
12.3000002
10.3000002
9.5999999
8.5999999
3.5
3.4
3.4
3.3
3.4
3.1
3.3
3.3
3.2
3.2
3.3
3.3
3.3
3.4
8.5999999
10.8000002
12.2999997
11.5
11.0
10.0
10.2000003
10.8000002
9.7999997
7.2000001
3.2
2.9
3.1
2.9
2.9
3.6
2.8
2.8
2.9
2.8
2.7
2.7
2.7
3.7
7.1000001
9.0
11.2000003
13.1999998
12.3999996
12.8000002
12.0999999
12.0
11.5999999
11.0999999
5.6999998
4.5
4.5
4.4
4.4
3.4999999
4.4
4.4
4.4
4.2999999
4.4
4.4
4.1999998
4.0
9.3000002
14.0
14.2000003
13.5
10.9000001
10.6000004
11.7000003
12.1999998
10.5999999
6.7000001
2.9
2.9
2.7
2.7
2.8
2.7
2.7
2.8
2.8
2.7
2.8
2.7
2.8
2.9
3.9999999
5.8999999
6.6
6.2999999
4.8
4.9000001
4.4
4.5
4.8000002
4.3
3.0
2.9
3.0
2.9
2.8
2.8
2.8
2.8
2.9
2.8
2.8
2.8
2.9
2.8
5.5
5.0
4.3999999
5.5
6.1000001
6.0
6.6000001
6.8000002
6.3999999
6.1000001
2.9
2.8
2.8
2.9
2.8
2.8
2.8
2.7
2.8
2.9
2.6
2.7
2.7
3.2
11.0
13.1999998
12.3000002
12.2999997
13.5
12.9000001
12.8000002
13.2000003
11.5
8.1999998
2.9
2.8
2.7
2.6
2.8
3.0
2.6
2.7
2.8
2.7
2.7
2.7
2.8
4.6
10.1000004
12.5
12.6000004
12.5
13.4000001
12.7000003
12.6000004
12.8000002
11.5999999
8.5
3.5
3.4
3.4
3.4
3.4
3.1
3.4
3.2
3.3
3.2
3.3
3.2
3.3
4.6000001
9.1999998
11.2999997
11.3000002
10.6999998
10.9000001
10.5
9.1999998
9.2000003
9.0
8.9000001
3.4
3.2
3.0
3.1
3.0
2.9
3.0
3.0
3.0
3.0
3.0
2.9
3.0
4.6999998
10.0
12.3999996
12.8000002
11.8999996
11.9000001
12.1999998
9.6999998
10.5
8.9000001
7.2999999
4.5999999
3.1
2.9
3.0
2.9
2.9
2.9
2.9
2.9
2.9
2.9
2.9
2.8
4.5999999
12.0
12.5
13.2000003
14.6999998
11.3999996
12.5999999
13.7000003
11.4000001
9.6000004
8.0
3.2
2.9
2.8
2.9
2.8
4.6
2.8
2.8
2.7
2.8
2.9
2.8
2.8
3.2
5.0999999
5.4
6.2000001
5.1999998
4.9000001
6.2000001
4.7
6.5
5.8
5.2999999
4.7999999
4.3
5.7999999
6.4
6.5
2.5
2.8
3.2825
3.645
3.7575
3.7375
3.6775
3.3375
2.915
4.4375
4.89
4.62
4.69
4.815
4.7575
4.67
4.575
4.3325
4.08
2.775
2.2775
2.2425
2.42
2.69
2.8275
3.045
3.4175
3.55
3.6425
3.55
3.345
2.9825
2.91
5.9125
8.38
8.855
8.865
8.84
8.59
8.8925
8.69
7.635
6.345
3.5525
2.6925
2.6875
2.7575
2.96
3.02
3.1025
3.235
3.48
3.7075
3.7525
3.66
3.555
3.9125
7.3475
10.4075
10.595
10.5525
10.56
10.2575
10.34
9.7025
8.9
6.955
3.7525
2.79
2.835
3.07
3.1775
3.3625
3.465
3.645
3.9175
3.93
3.9325
3.7825
3.655
4.08
7.86
10.1125
10.1675
10.145
9.9525
9.625
9.495
9.2475
8.5475
6.75
3.67
2.7225
2.69
2.7425
2.91
3.035
3.1275
3.1275
3.1875
3.15
3.175
3.2275
3.21
3.605
6.0875
8.1675
9.05
9.155
9.5825
9.775
9.5275
9.23
8.8225
7.75
5.1125
3.1325
2.475
2.1575
1.93
1.8575
1.9325
2.08
2.0825
2.1675
2.2975
2.4125
2.3875
2.8725
5.83
8.3725
9.3
9.58
9.1575
8.8275
8.9725
8.725
7.93
6.0425
3.165
2.315
2.2375
2.3475
2.4575
2.5475
2.4725
2.3875
2.505
2.4975
2.51
2.5125
2.6
2.795
4.1625
5.1925
5.5325
5.4825
5.195
5.0125
4.7175
4.8325
4.84
4.6175
3.5825
3.095
3.0625
3.04
2.925
2.7175
2.645
2.8875
2.985
2.9975
2.9775
2.91
2.755
2.5225
4.1175
4.64
4.405
4.42
4.465
4.545
4.465
4.4
4.42
4.295
3.0575
2.6525
2.5675
2.4575
2.31
1.4
2.305
3.2
3.3
3.3
3.2
3.4
3.1
3.2
7.6999998
12.0999999
11.8000002
11.5
11.5
10.5
13.0
11.3000002
8.2000003
6.6999998
2.8
2.8
2.7
2.8
2.8
2.8
2.9
2.8
2.8
2.9
3.0
2.9
3.0
3.0
7.1999998
11.0999999
11.5
11.4000001
11.1999998
11.2999997
12.2999997
10.2999997
9.9000001
7.0
2.7
2.6
2.7
2.7
2.7
2.8
2.7
2.8
2.8
2.8
2.8
2.8
2.8
3.5
6.4000001
10.5999999
10.8000002
10.8000002
10.7000003
10.9000001
11.9000001
11.1999998
9.8000002
6.7000001
3.0
2.8
2.8
2.9
2.8
2.9
2.8
2.8
2.8
2.8
2.8
2.8
2.9
3.0
8.6999998
10.1000004
10.9000001
11.0
10.0999999
9.9000001
10.0
9.2999997
8.8000002
8.1999998
6.2
3.2
3.2
3.0
2.9
2.9
3.0
3.1
3.0
3.0
3.1
3.0
3.0
3.9
7.0
10.2999997
10.6999998
9.5
9.3000002
8.5
9.0999999
9.1000004
7.6999998
5.8999999
3.0
3.0
2.8
2.9
2.8
2.9
3.0
2.8
3.0
2.9
2.9
3.1
2.9
3.1
4.1999998
4.0999999
4.6
4.9000001
5.4000001
4.4
4.4
4.6
4.2999999
3.9
3.0
2.6
2.8
2.8
2.8
2.9
2.8
2.9
2.9
2.9
2.9
3.0
3.1
2.9
5.4000001
5.1999998
3.9999999
5.6999998
6.5999999
5.5999999
5.2
5.2999999
4.2
5.0
2.9
2.9
2.8
3.0
2.9
1.4
2.9
2.675
2.695
2.6925
2.69
2.705
2.755
3.1375
6.5825
8.155
8.6475
8.565
8.4325
8.065
8.325
8.1575
7.1975
5.8
3.33
2.5325
2.6725
3.045
3.225
1.4
3.435
2.8
2.8
2.7
2.9
2.8
2.8
2.8
8.0999999
10.7999997
12.7999997
11.4000001
10.9000001
11.4000001
13.0999999
11.5999999
10.5999999
7.0
2.9
2.8
2.8
2.7
2.7
2.8
2.8
2.8
2.8
2.9
2.8
2.8
2.9
3.3
7.1
10.3999996
11.6000004
12.4000001
12.1999998
10.8000002
11.6999998
10.4000001
9.2000003
6.4000001
2.9
2.8
2.9
2.8
2.8
2.8
2.9
3.0
2.9
3.0
2.8
3.0
3.1
4.1999999
7.4999998
9.7999997
11.6000004
11.5999999
10.4000001
10.0999999
9.9000001
8.9000001
9.3000002
6.7000001
4.7999999
2.8
2.9
2.8
2.7
3.1
2.8
2.8
2.9
2.9
2.8
2.8
2.9
3.2
7.8999998
10.5
12.5999999
10.7999997
10.9000001
9.9000001
10.5999999
9.9000001
9.9000001
6.6
3.7
3.5
3.3
3.3
3.2
3.1
3.3
3.3
3.4
3.2
3.3
3.2
3.3
3.4
5.3999999
5.6
5.8
5.7000001
5.2999999
5.0
4.9000001
4.9000001
4.9000001
4.5
3.5
3.3
3.3
3.2
3.1
3.3
3.1
3.3
3.2
3.2
3.3
3.3
3.4
3.4
5.8999999
4.5999999
4.8
6.3000002
4.2999999
4.1999998
4.3999999
4.9
5.2999999
6.0
3.3
3.4
3.2
3.3
3.2
3.0
3.2
3.2
3.1
3.2
3.2
3.2
3.2
3.9
8.3999999
11.2000003
11.1999998
11.5
12.4000001
11.9000001
12.5
11.5
8.9000001
5.5
3.0
2.9
2.9
2.8
2.6
2.8
2.8
2.8
2.8
2.8
2.9
2.9
3.0
3.3
8.3000002
12.1000004
12.6999998
12.0999999
10.9000001
12.4000001
12.4000001
10.6999998
8.7000003
6.8
3.6999999
3.3
3.2
3.1
3.0
3.1
2.8
2.8
2.9
2.8
2.8
2.9
2.9
3.3
8.5000002
12.2000003
11.9000001
13.4000001
12.8000002
11.9000001
14.2999997
13.0999999
11.8000002
7.0
3.6
3.3
3.4
3.2
3.2
3.3
3.1
3.2
3.1
3.2
3.2
3.2
3.3
3.3
6.6000001
10.5999999
11.5999999
11.9000001
11.9000001
10.7999997
10.0
10.2999997
9.8000002
7.7000003
4.5
3.3
3.5
3.6
3.2
3.2
3.3
3.4
3.3
3.2
3.3
3.4
3.3
3.5
8.0
12.0999999
12.5999999
11.8000002
10.9000001
11.1999998
11.8000002
11.5
9.5
7.7999999
3.7
3.6
3.5
3.2
3.4
3.2
3.3
3.1
3.0
3.0
3.2
3.2
3.1
3.3
4.0
4.5
4.8000002
5.5
5.3
5.8000002
5.3
5.5
4.3999999
4.2999999
4.0999999
4.0999999
4.0999999
4.5
3.4
3.5
3.4
3.5
3.4
3.6
3.5
3.4
3.4
3.5
6.0999999
5.7
5.0
4.6000001
6.0
5.5
5.6000001
5.0
4.2999999
4.0999999
3.4
3.4
3.3
3.3
3.3
3.1
3.4
3.3
3.4
3.2
3.4
3.4
3.3
4.1000001
9.6999998
10.4000001
11.4000001
11.5
10.7999997
10.0
10.5
10.0
8.9000001
6.9000001
3.3
3.2
3.2
3.1
3.2
3.1
3.1
3.2
3.1
3.0
3.2
3.1
3.1
3.2
7.3999998
12.5
12.7000003
11.1000004
11.0
11.0999999
11.6999998
10.5
8.9000001
5.6000001
3.4
3.3
3.2
3.5
3.2
3.1
3.3
3.3
3.3
3.2
3.2
3.4
3.1
3.3
7.1999998
10.5
11.2000003
10.8000002
10.2999997
10.4000001
11.0999999
10.3000002
9.4000001
5.7
3.4
3.1
3.3
3.2
3.0
3.3
3.2
3.2
3.2
3.1
3.2
3.1
3.2
3.5
7.3999998
10.4000001
10.5
10.5999999
11.1999998
10.3000002
10.2999997
10.1999998
10.4000001
6.1
3.7
3.5
3.5
3.5
3.5
3.3
3.6
3.4
3.6
3.5
3.6
3.6
3.6
4.1
6.3
10.3000002
9.3000002
9.4000001
8.7000003
8.6999998
10.4000001
9.5999999
8.8
5.6999998
3.4
3.2
3.1
3.1
2.9
3.1
3.0
3.0
3.2
3.1
3.2
3.1
3.2
3.2
4.5
5.5
5.4000001
5.2000001
5.0
4.8000002
4.6
5.0
4.7
4.3
3.1
3.1
3.2
3.0
3.0
3.0
3.1
3.1
3.2
3.0
3.1
3.2
3.1
3.3
4.6
5.0999999
5.1999998
4.3999999
5.0999999
5.5
6.0
5.0
4.3999999
3.9
3.0
3.0
3.1
3.0
3.0
2.29999998
3.1
3.0
3.0
3.0
3.1
3.2
3.0
4.1
9.7000003
10.6000004
11.5
11.5
11.4000001
10.6999998
11.0
10.7999997
9.3999996
7.5999999
2.4
1.79999996
1.89999998
1.79999996
1.60000002
2.29999998
1.89999998
1.79999996
1.80000001
1.79999996
1.79999996
1.79999996
1.89999998
2.7
8.2999997
11.8000002
10.5
10.1999998
10.5999999
11.3000002
13.0
9.4000001
8.1000002
5.0
2.9
2.9
2.9
2.9
2.9
2.9
2.8
2.8
3.1
2.9
2.9
2.9
2.8
3.2
7.7
12.0
13.5999999
12.1999998
12.2000003
11.1999998
10.6000004
10.7000003
8.6999998
5.3
3.4
3.1
3.2
3.2
3.1
3.1
3.0
3.0
3.2
3.0
3.1
2.9
3.1
3.3
7.1999998
9.3999996
11.0999999
9.9000001
10.0
9.3999996
10.8000002
10.5999999
10.2000003
7.2
5.5
2.9
2.8
2.8
2.7
3.2
2.7
2.6
2.7
2.7
2.8
2.7
2.6
3.4
7.1999998
10.7999997
11.0999999
11.0
10.9000001
9.6999998
10.5999999
11.0999999
10.5999999
8.6999998
7.8
7.7000001
3.4
3.7
3.8
3.0
3.8
3.7
3.8
3.8
3.8
3.9
3.8
4.0999999
6.5
6.9000001
6.4000001
6.4000001
6.9
5.9
4.0999999
3.7
4.0
3.5
2.7
2.4
2.4
2.4
2.5
2.4
2.4
2.6
2.5
2.5
2.5
2.5
2.6
2.6
4.1999998
3.5999999
4.5
4.0
3.7
3.4
3.5
3.6
3.5
3.5
2.7
2.4
2.4
2.5
2.5
2.5
2.4
2.5
2.5
2.6
2.5
2.5
2.5
2.7
3.7
3.7
4.5
4.3000001
4.2
3.5
4.2
3.6
3.2
3.2
2.5
2.5
2.4
2.4
2.4
2.3
2.5
2.5
2.39999999999
2.39999999999
2.5
2.5
2.5
2.5
4.5999999
4.0
4.5
4.0999999
4.1999998
3.7
4.1
3.7
3.39999999999
3.0
2.3
2.2
2.0
2.0
2.1
2.3
2.1
2.2
2.2
2.2
2.2
2.2
2.2
2.3
3.7
4.2
5.5
3.9
3.8
3.8
3.9
3.8
3.79999989999
3.8
2.60000000001
2.60000000001
2.60000000001
2.5
2.60000000001
2.3
2.60000000001
2.7
2.60000000001
2.7
2.60000000001
2.60000000001
2.7
3.2
3.39999999999
4.0999999
4.1999998
4.8999999
4.0999999
3.6
3.3
4.0
3.4
3.0
2.1
2.0
2.0
2.0
2.0
2.0
2.0
2.2
2.1
2.1
2.0
2.0
2.0
2.1
4.39999999999
4.29999989999
4.1999998
3.7
4.3
3.3
3.3
3.6
3.1
3.0
2.2
2.1
2.0
2.1
2.1
2.0
2.1
2.1
2.1
2.1
2.1
2.0
2.2
2.2
3.3
4.5
4.29999989999
4.4
3.8
3.5
3.3
3.3
3.39999999999
3.60000000001
2.2
1.89999998
2.0
2.1
2.0
2.0
2.1
2.1
2.1
2.0
2.0
2.1
2.1
2.1
3.6
4.5
3.9999999
3.1
4.29999989999
4.70000010001
4.6000001
3.3
4.0
3.1
2.2
2.0
2.1
2.2
2.0
2.2
2.2
2.1
2.0
2.1
2.1
2.0
2.1
2.1
5.3999999
3.79999989999
3.3
4.0999999
3.5
5.0
3.6
3.6
3.4
3.0
2.1
2.0
2.2
2.0
2.0
2.0
2.1
2.1
2.1
2.1
2.0
2.0
2.0
2.8
4.8
4.1
4.8999999
3.9
3.7
2.9
3.2
3.4
3.3
3.1
2.0
2.0
2.0
2.0
2.0
2.1
2.0
2.0
2.0
2.0
2.0
2.0
2.0
2.3
4.70000010001
4.3
6.20000010001
3.8999999
4.3
3.7
3.8
3.8
3.3
3.3
2.2
2.1
2.0
2.0
2.1
2.0
2.0
2.1
2.0
2.0
2.0
2.0
2.0
2.1
3.7
4.29999989999
4.5
4.0999999
3.60000000001
3.3
3.1
3.4
3.3
3.2
1.89999998
1.89999998
1.89999998
2.0
2.0
2.0
2.1
2.0
2.0
2.0
2.0
2.0
2.0
2.1
5.39999999999
5.6000001
7.0
6.8
6.5
5.9000001
5.8000002
4.0999999
3.1
3.10000000001
2.0
1.79999996
1.89999998
2.0
1.89999998
2.0
2.1
2.0
2.2
2.0
2.0
2.1
2.0
2.3
3.0
3.1
3.2
3.9
3.9
3.2
3.1
3.5
3.2
2.9
2.1
1.89999998
1.79999996
1.89999998
1.89999998
1.89999998
2.0
2.0
2.0
2.0
2.0
2.0
2.1
2.0
3.5999999
4.3999999
3.2
3.1
3.2
2.8
2.9
2.7
3.0
4.0
2.0
1.79999996
1.79999996
1.89999998
1.89999998
1.89999998
1.89999998
2.0
1.79999996
2.0
2.0
1.79999996
2.0
2.1
2.9
2.9
3.3
3.3
3.3
3.1
2.9
3.1
2.7
2.9
2.0
1.79999996
1.89999998
1.89999998
1.79999996
2.0
2.0
2.0
2.0
2.1
2.0
2.2
2.0
2.1
4.4999999
3.2
3.2
3.2
3.1
3.3
2.9
3.1
3.3
2.8
2.0
2.0
2.0
2.0
2.0
2.0
2.0
2.0
2.1
2.0
2.0
2.0
2.1
2.2
3.2
3.6999999
3.3
3.1
3.3
3.2
2.8
3.0
2.9
3.0
2.1
2.0
2.0
2.0
2.0
2.1
1.99999998
2.0
2.0
2.1
2.0
2.0
2.0
2.2
2.8
3.1
3.5
3.5
3.1
3.1
3.1
2.7
2.7
2.8
1.89999998
1.89999998
1.89999998
2.0
1.89999998
2.2
2.0
2.0
2.0
2.0
2.0
2.0
2.0
2.3
3.3
3.9999999
4.29999989999
3.9
3.5
3.6
3.39999999999
3.39999999999
3.6
3.3
2.5
2.39999999999
2.39999999999
2.39999999999
2.39999999999
2.39999999999
2.5
2.5
2.5
2.5
2.5
2.60000000001
2.5
2.7
3.5
4.5
5.5
5.6000001
4.70000010001
4.5
3.6
3.4
4.0
3.60000000001
4.2
3.79999989999
3.6
2.8
3.0
2.3
2.2
2.39999999999
2.39999999999
2.39999999999
2.39999999999
2.39999999999
2.39999999999
2.5
3.9999999
4.29999989999
3.4
3.3
3.1
3.4
3.1
3.0
3.5
2.9
2.3
2.39999999999
2.2
2.2
2.39999999999
2.2
2.2
2.39999999999
2.39999999999
2.2
2.39999999999
2.39999999999
2.3
2.39999999999
2.9
2.8
5.0
4.2
3.0
3.0
2.7
3.2
3.0
3.0
2.0
2.0
1.79999996
1.89999998
2.0
2.0
2.0
2.0
2.0
2.1
1.89999998
2.0
2.0
2.1
2.8
4.79999989999
3.8999999
3.4
4.2
3.1
3.3
2.8
2.8
2.9
2.0
1.89999998
1.89999998
1.89999998
1.89999998
1.89999998
2.0
1.89999998
1.89999998
1.89999998
2.0
2.0
1.89999998
2.1
4.3
5.3000002
5.5
5.29999989999
3.3
2.7
2.9
3.0
3.1
3.0
2.0
2.0
2.0
1.89999998
1.89999998
1.89999998
1.79999996
1.79999996
1.79999996
1.89999998
1.89999998
1.79999996
1.89999998
1.99999998
2.7
2.8
3.0
2.7
2.9
3.0
2.8
3.0
3.2
2.7
1.79999996
1.79999996
1.89999998
1.89999998
1.89999998
1.89999998
1.89999998
1.89999998
1.89999998
2.0
1.89999998
2.0
2.0
2.0
2.4
3.1
3.5999999
4.29999989999
2.7
3.1
2.60000000001
3.5
4.2
4.1999998
2.0
2.0
1.89999998
1.89999998
2.0
2.0
2.0
1.89999998
2.0
2.0
2.0
2.0
2.0
2.1
4.2
5.29999989999
5.2
3.9999999
3.7
3.1
3.1
3.1
3.0
3.1
2.1
2.0
2.0
2.0
2.0
2.0
2.0
2.0
2.0
2.0
2.0
2.0
2.0
2.0
4.29999989999
3.0
3.1
3.7
3.2
3.4
2.8
2.8
2.7
2.7
2.0
2.0
2.0
1.89999998
2.0
2.1
2.0
2.0
2.0
2.1
2.0
2.0
2.0
2.1
2.7
3.9
4.0
3.7
3.5
3.6
3.3
3.5
2.9
3.1
2.5
2.2
2.3
2.3
2.2
2.3
2.2
2.3
2.3
2.39999999999
2.39999999999
2.39999999999
2.39999999999
2.60000000001
3.5
4.3
4.5999999
3.9
3.6
3.5
3.5
3.39999999999
3.39999999999
3.4
2.3
2.3
2.39999999999
2.2
2.2
2.39999999999
2.3
2.3
2.39999999999
2.39999999999
2.39999999999
2.39999999999
2.39999999999
3.0
4.8999999
4.7
5.0
5.1999998
5.0
5.4000001
5.70000010001
5.8
5.8000002
5.70000010001
2.5
2.5
2.39999999999
2.39999999999
2.39999999999
2.2
2.5
2.39999999999
2.39999999999
2.39999999999
2.5
2.39999999999
2.39999999999
3.60000000001
5.70000010001
4.10000000001
4.0999999
3.39999999999
3.7
3.5
3.2
3.3
3.2
3.2
1.89999998
1.89999998
1.79999996
1.89999998
1.89999998
2.0
1.89999998
2.0
1.89999998
2.0
1.89999998
1.89999998
2.0
2.5
2.8
3.0
3.5
3.0
3.1
2.9
2.9
3.0
2.6
2.6
1.89999998
1.79999996
1.89999998
1.89999998
1.79999996
1.79999996
1.89999998
1.79999996
2.0
1.89999998
2.0
1.89999998
1.89999998
2.0
2.7
2.7
2.8
3.0
3.1
3.0
2.9
3.1
2.7
2.60000000001
1.89999998
1.79999996
1.79999996
1.89999998
1.79999996
1.89999998
1.79999996
2.0
1.79999996
1.89999998
1.89999998
1.89999998
1.79999996
2.0
3.8
3.7
5.1999998
5.0
4.29999989999
4.29999989999
4.39999999999
4.5
3.3
2.60000000001
2.1
2.0
2.0
2.0
2.1
2.0
2.0
2.0
2.0
2.0
2.1
2.0
2.0
2.2
4.0999999
3.6999999
2.7
3.1
3.0
4.3999999
4.0999999
2.9
2.9
2.8
2.1
2.0
2.0
2.0
2.0
2.0
2.0
2.0
2.0
2.0
2.0
2.1
2.1
2.6
4.1999998
4.29999989999
4.60000000001
4.60000000001
4.5
4.60000000001
4.1999998
4.5
3.2
2.7
2.0
2.0
2.0
1.79999996
2.0
2.0
2.0
2.0
2.0
2.0
2.1
1.89999998
2.1
2.0
3.3
3.6
3.89999999999
4.1
3.2
2.9
2.8
2.9
3.1
2.7
1.89999998
1.79999996
1.89999998
1.79999996
1.79999996
1.79999996
1.89999998
1.79999996
2.0
1.89999998
2.0
2.0
2.0
2.09999998
4.5
4.10000000001
3.39999999999
3.2
3.0
2.9
2.8
2.8
2.8
2.7
1.89999998
1.79999996
1.79999996
1.79999996
1.79999996
1.89999998
1.79999996
1.79999996
2.0
1.89999998
1.89999998
1.89999998
1.89999998
1.99999998
4.0
3.6
3.3
3.5999999
4.60000000001
3.10000000001
2.9
2.7
3.0
2.60000000001
1.89999998
1.79999996
1.79999996
1.69999999
1.79999996
1.79999996
1.79999996
1.60000002
1.79999996
1.79999996
1.79999996
1.79999996
1.79999996
1.89999998
2.60000000001
2.9
3.0
3.4
3.3
2.9
2.60000000001
2.7
2.60000000001
2.60000000001
1.79999996
1.79999996
1.79999996
1.60000002
1.79999996
1.79999996
1.79999996
1.69999999
1.79999996
1.79999996
1.79999996
1.79999996
1.79999996
1.79999996
2.1
2.39999999999
2.8
2.60000000001
2.7
2.7
3.0
2.8
2.4
2.5
1.89999998
1.79999996
1.69999999
1.79999996
1.79999996
1.79999996
1.79999996
1.79999996
1.79999996
1.79999996
1.79999996
1.79999996
1.79999996
2.19999998
3.8
4.0999999
4.2
4.70000010001
4.6000001
4.3999999
3.5
2.60000000001
2.7
2.60000000001
1.79999996
1.69999999
1.60000002
1.79999996
1.79999996
1.69999999
1.79999996
1.89999998
1.79999996
1.89999998
1.89999998
1.79999996
1.89999998
2.1
4.3999999
5.1999998
4.3999999
3.1
3.0
2.8
2.7
2.8
2.8
2.6
1.79999996
1.79999996
1.69999999
1.69999999
1.79999996
1.79999996
1.89999998
1.79999996
1.89999998
2.0
1.89999998
1.79999996
1.89999998
1.89999998
4.3
5.5
5.20000010001
3.1
3.1
2.9
2.7
2.9
2.7
2.7
1.89999998
1.69999999
1.69999999
1.79999996
1.79999996
1.79999996
1.89999998
1.79999996
1.89999998
1.89999998
1.79999996
2.0
2.0
1.79999996
4.0
4.3999999
3.1
3.2
3.0
2.9
2.7
2.8
2.7
2.5
1.79999996
1.79999996
1.79999996
1.79999996
1.79999996
1.79999996
2.0
1.79999996
2.0
2.0
2.0
2.1
2.0
2.0
4.0
4.39999999999
4.5
4.1000001
3.0
2.7
2.9
2.5
2.5
2.5
1.69999999
1.60000002
1.69999999
1.69999999
1.79999996
1.79999996
1.79999996
1.79999996
1.79999996
1.79999996
1.79999996
1.79999996
1.79999996
1.89999998
2.6
3.3
3.7
3.1
2.39999999999
2.8
3.0
2.6
2.60000000001
2.5
2.39999999999
4.9000001
3.0
2.89999999999
3.9
1.69999999
1.79999996
1.79999996
1.79999996
1.79999996
1.89999998
1.79999996
2.0
2.0
2.2
2.8
3.2
2.7
2.8
2.39999999999
2.39999999999
2.5
2.1
2.39999999999
2.2
2.2
1.99999998
2.1
1.79999996
1.69999999
1.79999996
1.79999996
1.79999996
1.79999996
1.89999998
1.79999996
1.79999996
1.79999996
5.0
5.0999999
3.2
3.0
3.0
2.39999999999
2.5
2.4
2.3
2.2
1.69999999
1.60000002
1.69999999
1.60000002
1.60000002
1.5
1.79999996
1.79999996
1.79999996
1.79999996
1.79999996
1.79999996
1.79999996
1.79999996
4.8999999
5.3999999
5.60000000001
4.70000010001
3.29999989999
2.3
2.0
1.80000001
2.0
1.79999996
1.20000004
1.0
1.20000004
1.20000004
1.20000004
1.10000002
1.20000004
1.20000004
1.30000001
1.20000004
1.20000004
1.20000004
1.20000004
1.20000004
4.0999999
2.39999999999
1.89999998
1.80000001
2.0
1.99999998
1.89999998
1.79999996
1.60000002
1.80000001
1.10000002
0.900000009999
1.0
1.0
1.0
1.10000002
1.20000004
1.20000004
1.20000004
1.20000004
1.20000004
1.20000004
1.30000001
1.20000004
3.39999999999
3.6
3.5
4.6000001
1.69999999
1.79999996
1.39999998
1.30000001
1.5
1.59999997
0.800000019997
0.800000019997
0.800000019997
0.800000019997
0.900000009999
1.0
1.0
1.0
1.20000004
1.20000004
1.20000004
1.20000004
1.20000004
1.20000004
4.2
3.8999999
2.3
1.89999998
1.60000002
1.69999999
1.40000003
1.69999999
1.69999999
1.60000002
1.0
0.900000009999
0.900000009999
1.0
1.0
1.10000002
1.10000002
1.0
1.20000004
1.10000002
1.10000002
1.20000004
1.20000004
1.10000002
2.59999998
2.19999998
1.79999996
1.69999999
1.79999996
1.69999999
1.69999999
1.59999997
1.69999999
1.60000002
1.10000002
1.0
1.10000002
1.20000004
1.0
1.20000004
1.20000004
1.20000004
1.20000004
1.20000004
1.20000004
1.20000004
1.20000004
1.20000004
1.5
1.5
1.39999998
1.80000001
1.60000002
1.79999996
1.69999999
1.59999997
1.80000001
1.60000002
1.0
1.0
1.10000002
1.10000002
1.10000002
1.30000001
1.20000004
1.20000004
1.20000004
1.20000004
1.20000004
1.20000004
1.20000004
1.30000001
4.2
4.39999999999
4.5
2.6
1.99999998
2.1
2.1
1.99999998
2.8
4.0
1.30000001
1.30000001
1.20000004
1.30000001
1.30000001
1.30000001
1.39999998
1.39999998
1.39999998
1.39999998
1.39999998
1.39999998
1.30000001
1.79999999
4.2
3.8
3.60000000001
2.6
2.0
2.0
1.60000002
1.69999999
1.69999999
1.79999996
1.10000002
1.10000002
1.20000004
1.10000002
1.20000004
1.20000004
1.30000001
1.20000004
1.39999998
1.39999998
1.30000001
1.30000001
1.39999998
1.30000001
2.7
3.9
1.99999998
2.2
1.89999998
2.1
1.69999999
1.69999999
1.79999996
2.0
1.20000004
1.20000004
1.20000004
1.20000004
1.20000004
1.20000004
1.39999998
1.30000001
1.30000001
1.39999998
1.39999998
1.30000001
1.39999998
1.39999998
3.89999999999
3.8
2.4
2.3
1.69999999
1.69999999
1.79999996
2.0
1.89999998
1.59999997
1.20000004
1.20000004
1.10000002
1.20000004
1.20000004
1.20000004
1.30000001
1.39999998
1.39999998
1.39999998
1.30000001
1.39999998
1.39999998
1.39999998
4.5999999
2.3
2.1
1.89999998
1.79999996
1.79999996
1.79999996
2.0
1.89999998
1.79999996
1.0
1.10000002
1.10000002
1.10000002
1.20000004
1.20000004
1.20000004
1.20000004
1.20000004
1.30000001
1.39999998
1.20000004
1.30000001
1.39999998
2.1
1.89999998
2.5
2.3
2.8
2.5
2.1
1.69999999
2.49999999
2.60000000001
3.0
2.3
2.09999998
2.0
1.69999999
1.20000004
1.20000004
1.20000004
1.20000004
1.20000004
1.20000004
1.20000004
1.20000004
1.20000004
1.69999999
1.89999998
2.1
2.60000000001
3.1
3.29999989999
2.1
2.0
2.4
2.19999998
2.3
3.60000000001
2.49999998
1.5
1.5
1.20000004
1.20000004
1.39999998
1.39999998
1.39999998
1.30000001
1.39999998
1.39999998
1.39999998
4.0
4.1
4.1999998
2.4
2.1
1.89999998
1.99999998
1.89999998
1.69999999
1.69999999
1.20000004
1.20000004
1.20000004
1.20000004
1.20000004
1.40000003
1.20000004
1.30000001
1.30000001
1.30000001
1.30000001
1.30000001
1.30000001
1.5
4.1999998
4.39999999999
2.6
2.5
2.4
2.3
2.4
2.39999999999
2.39999999999
2.3
1.60000002
1.60000002
1.5
1.60000002
1.60000002
1.60000002
1.60000002
1.69999999
1.69999999
1.69999999
1.79999996
1.69999999
1.79999996
1.79999996
4.8
4.8
3.8
3.0
2.5
2.89999999999
3.3
3.0
2.6
2.6
4.0
3.4
2.6
2.7
3.8000001
1.5
1.60000002
1.60000002
1.60000002
1.60000002
1.79999996
1.60000002
1.69999999
1.79999996
4.10000000001
4.70000010001
4.8000002
4.6000001
2.6
2.3
1.79999996
1.79999996
1.79999996
1.89999998
1.20000004
1.20000004
1.20000004
1.20000004
1.30000001
1.20000004
1.20000004
1.30000001
1.30000001
1.30000001
1.39999998
1.20000004
1.39999998
1.79999999
4.5
4.60000000001
2.79999998
2.3
1.89999998
2.00000001
1.69999999
1.69999999
1.80000001
1.69999999
1.0
1.0
1.0
1.20000004
1.20000004
1.20000004
1.20000004
1.30000001
1.20000004
1.39999998
1.30000001
1.30000001
1.39999998
1.39999998
1.89999998
3.6
2.19999998
2.2
1.90000001
1.99999998
1.60000002
1.99999998
1.89999998
1.69999999
1.19999999
1.10000002
1.10000002
1.10000002
1.20000004
1.20000004
1.20000004
1.20000004
1.20000004
1.30000001
1.39999998
1.30000001
1.39999998
1.30000001
2.10000001
3.7
2.8
1.79999996
1.59999997
1.60000002
1.59999997
1.5
1.5
1.5
1.30000001
0.900000009999
1.0
1.10000002
1.10000002
1.10000002
1.20000004
1.20000004
1.20000004
1.20000004
1.20000004
1.30000001
1.30000001
1.5
4.29999989999
4.70000010001
3.6
1.99999998
2.0
1.69999999
1.79999996
1.69999999
1.69999999
1.39999998
1.0
1.0
1.0
1.20000004
1.10000002
1.10000002
1.20000004
1.20000004
1.20000004
1.20000004
1.20000004
1.20000004
1.30000001
1.40000003
4.0999999
3.5
2.3
2.3
1.89999999
1.89999998
1.69999999
1.69999999
1.80000001
1.60000002
1.0
1.0
1.10000002
1.20000004
1.20000004
1.30000001
1.20000004
1.20000004
1.20000004
1.20000004
1.30000001
1.30000001
1.30000001
1.39999998
4.1999998
4.5
2.89999999999
2.39999999999
2.19999998
2.4
1.89999998
1.89999998
1.89999998
1.89999998
1.20000004
1.20000004
1.20000004
1.20000004
1.30000001
1.40000003
1.20000004
1.39999998
1.39999998
1.39999998
1.39999998
1.39999998
1.39999998
1.39999998
4.29999989999
3.3
2.1
2.5
2.5
2.3
2.60000000001
2.7
2.10000001
1.79999996
2.2
2.0
2.0
3.2
2.59999998
2.29999999
1.30000001
2.3
2.00000001
2.6
2.4
1.5
1.39999998
1.39999998
3.9
3.9
1.80000001
1.69999999
1.79999996
1.69999999
1.60000002
1.60000002
1.89999998
1.60000002
1.60000002
1.69999999
1.30000001
1.59999997
3.4
2.10000002
2.7
0.800000019997
1.0
1.0
1.0
1.0
1.0
1.0
1.80000002
2.4
1.5
1.39999998
1.59999997
2.8
3.39999999999
3.0
1.59999997
1.39999998
1.10000002
1.0
1.0
1.0
1.0
1.19999999
1.0
1.0
1.0
1.0
1.0
1.10000002
1.0
1.10000002
2.8
3.8
3.0
2.8
1.59999997
1.60000002
1.40000003
1.5
1.39999998
1.5
1.30000001
1.30000001
1.30000001
1.30000001
1.39999998
1.19999999
1.30000001
1.39999998
1.39999998
1.30000001
1.39999998
1.39999998
1.20000004
1.39999998
3.4
1.80000001
1.60000002
1.5
1.39999998
1.60000002
1.69999999
1.40000003
1.60000002
1.30000001
0.900000009999
1.0
0.900000009999
0.900000009999
1.0
0.900000009999
0.900000009999
0.900000009999
1.0
1.0
1.0
1.0
1.0
1.30000001
3.6
3.9
4.29999989999
2.19999998
1.60000002
1.69999999
1.80000001
1.5
1.39999998
1.39999998
0.800000019997
0.800000019997
0.800000019997
0.800000019997
0.800000019997
0.900000009999
0.800000019997
0.900000009999
0.900000009999
0.900000009999
1.0
1.0
1.0
1.19999999
3.9
3.8
1.99999998
1.69999999
1.69999999
1.60000002
1.69999999
1.5
1.69999999
1.69999999
0.900000009999
1.0
1.0
1.0
1.0
1.10000002
1.0
1.0
1.0
1.0
1.10000002
1.0
1.0
1.30000001
4.1999998
3.9999999
1.89999998
1.89999998
1.69999999
1.69999999
1.60000002
1.60000002
1.5
1.60000002
0.900000009999
0.900000009999
1.0
0.900000009999
1.0
1.19999999
1.0
1.0
1.0
1.0
1.0
1.0
1.0
1.10000002
4.1
3.3999999
2.0
1.89999998
1.99999998
2.2
2.0
1.89999998
2.1
1.99999998
1.30000001
1.30000001
1.30000001
1.39999998
1.39999998
1.39999998
1.39999998
1.39999998
1.39999998
1.39999998
1.39999998
1.39999998
1.39999998
1.60000002
3.39999999999
3.3
3.6
3.0
2.4
2.1
2.3
2.2
2.1
2.0
1.5
1.5
1.5
1.5
1.60000002
1.39999998
1.39999998
1.39999998
1.39999998
1.5
1.5
1.39999998
1.5
1.60000002
1.79999996
2.39999999999
2.1
2.0
2.5
2.60000000001
3.0
3.7
2.09999998
2.0
2.2
2.5
2.2
2.4
2.09999998
1.39999998
1.5
1.60000002
1.60000002
1.39999998
1.60000002
1.5
1.5
1.69999999
4.0999999
4.6000001
2.3
2.3
2.2
2.3
2.2
2.1
2.0
2.0
1.5
1.5
1.39999998
1.39999998
1.39999998
1.39999998
1.39999998
1.39999998
1.39999998
1.60000002
1.60000002
1.39999998
1.60000002
1.80000001
4.39999999999
4.60000000001
3.0
2.2
2.1
2.3
1.99999998
2.1
2.3
2.1
1.39999998
1.39999998
1.39999998
1.39999998
1.39999998
1.39999998
1.39999998
1.39999998
1.39999998
1.39999998
1.39999998
1.39999998
1.39999998
1.59999997
4.5
4.8000002
2.6
2.39999999999
2.3
2.3
2.39999999999
2.60000000001
2.0
2.0
1.5
1.39999998
1.39999998
1.39999998
1.39999998
1.39999998
1.39999998
1.30000001
1.39999998
1.5
1.39999998
1.5
1.39999998
1.5
4.70000010001
4.0
2.3
2.3
1.99999998
2.2
2.0
2.2
2.1
2.1
1.39999998
1.39999998
1.39999998
1.39999998
1.39999998
1.69999999
1.39999998
1.30000001
1.39999998
1.39999998
1.39999998
1.39999998
1.39999998
1.39999998
4.60000000001
4.2
2.39999999999
2.3
2.3
2.4
2.60000000001
2.60000000001
2.7
2.5
1.89999998
1.69999999
1.79999996
1.89999998
1.79999996
2.79999998
1.79999996
1.79999996
1.89999998
1.79999996
1.79999996
1.79999996
1.79999996
1.79999996
2.4
4.0999999
3.6
2.7
4.2
2.9
2.9
3.3999999
4.39999999999
3.6
3.0
3.0
4.0
3.9
3.9999999
2.59999998
2.6
1.79999996
1.79999996
1.89999998
1.79999996
1.79999996
1.69999999
1.79999996
2.7
2.7
2.9
3.1
2.7
3.5999999
4.2
4.4000001
3.8
3.0
2.60000000001
2.2
2.39999999999
2.3
1.89999998
1.69999999
1.79999996
1.79999996
1.79999996
1.79999996
1.79999996
1.79999996
1.79999996
1.79999996
3.6
3.9999999
2.7
3.9000001
3.5
2.60000000001
2.39999999999
2.5
2.5
2.3
1.79999996
1.79999996
1.69999999
1.79999996
1.79999996
1.79999996
1.79999996
1.79999996
1.79999996
1.79999996
1.79999996
1.79999996
1.79999996
1.99999998
4.70000010001
4.70000010001
4.1
2.6
2.39999999999
2.1
2.6
2.3
2.39999999999
2.39999999999
1.79999996
1.79999996
1.79999996
1.69999999
1.79999996
1.79999996
1.69999999
1.79999996
1.79999996
1.79999996
1.79999996
1.89999998
1.69999999
2.09999998
4.5
3.3
2.60000000001
2.9
2.8
2.60000000001
2.60000000001
2.5
2.5
2.5
1.79999996
1.79999996
1.79999996
1.79999996
1.60000002
1.79999996
1.79999996
1.79999996
1.69999999
1.79999996
1.79999996
1.79999996
1.79999996
1.89999998
4.9000001
3.9999999
2.8
2.7
2.7
2.7
2.7
2.60000000001
2.60000000001
2.60000000001
1.69999999
1.79999996
1.79999996
1.79999996
1.69999999
1.79999996
1.79999996
1.79999996
1.79999996
1.79999996
1.79999996
1.79999996
1.79999996
1.89999998
4.8000002
5.0999999
2.8
2.9
2.60000000001
2.8
2.60000000001
2.60000000001
2.5
2.60000000001
1.89999998
1.69999999
1.79999996
1.79999996
1.79999996
1.79999996
1.79999996
1.79999996
1.79999996
1.79999996
1.79999996
1.79999996
1.79999996
1.89999998
2.4
2.3
2.7
2.60000000001
2.60000000001
3.6
2.7
3.60000000001
3.1
2.3
1.89999998
1.89999998
1.79999996
1.89999998
1.89999998
1.79999996
1.89999998
1.89999998
1.79999996
1.79999996
2.0
1.89999998
1.89999998
2.0
1.79999996
4.5
4.8000002
3.8
3.0
3.3
2.5
3.2
2.5
2.3
3.8
1.89999998
1.79999996
1.79999996
1.89999998
1.79999996
1.79999996
2.0
1.79999996
1.79999996
1.89999998
1.89999998
1.79999996
2.0
1.89999998
4.5999999
5.3
4.2
3.0
2.9
2.6
2.9
2.60000000001
2.60000000001
2.4
1.89999998
1.79999996
1.79999996
1.79999996
1.79999996
1.89999998
1.79999996
1.79999996
1.79999996
1.79999996
1.89999998
1.79999996
1.89999998
2.09999998
4.70000010001
3.9999999
2.9
2.8
2.8
2.8
2.5
2.39999999999
2.7
2.39999999999
1.79999996
1.79999996
1.79999996
1.79999996
1.79999996
1.79999996
1.79999996
2.0
1.79999996
1.79999996
1.79999996
1.79999996
1.79999996
2.0
4.0
5.0999999
3.8
3.1
2.6
2.7
2.5
2.60000000001
2.7
2.39999999999
2.0
1.79999996
1.79999996
1.79999996
1.79999996
1.79999996
1.79999996
1.79999996
1.79999996
1.79999996
1.79999996
1.79999996
1.89999998
1.89999998
4.9000001
4.5
2.5
2.9
2.8
2.8
2.7
2.7
2.6
2.3
1.79999996
1.79999996
1.89999998
1.79999996
1.79999996
1.79999996
1.79999996
1.79999996
1.79999996
1.79999996
1.79999996
2.0
1.79999996
1.79999996
4.9000001
2.8
3.1
2.8
2.8
2.7
2.6
2.7
2.60000000001
2.60000000001
1.69999999
1.79999996
1.79999996
1.79999996
1.79999996
1.79999996
1.79999996
1.79999996
1.79999996
1.79999996
1.79999996
1.79999996
1.79999996
1.79999996
2.3
2.3
2.39999999999
2.6
2.2
2.2
2.2
2.39999999999
2.2
2.3
1.60000002
1.79999996
1.79999996
1.79999996
1.79999996
1.79999996
1.79999996
1.79999996
1.79999996
1.79999996
1.79999996
1.79999996
1.79999996
1.79999996
3.0
3.60000000001
2.3
2.3
2.5
1.89999998
2.2
2.2
2.2
2.0
1.69999999
1.79999996
1.79999996
1.79999996
1.79999996
1.79999996
1.69999999
1.69999999
1.79999996
1.79999996
1.79999996
1.79999996
1.79999996
1.99999998
4.70000010001
2.5
2.5
2.60000000001
3.2
3.9
2.7
2.5
2.60000000001
2.5
1.79999996
1.79999996
1.79999996
1.79999996
1.79999996
1.79999996
1.79999996
1.79999996
1.79999996
1.79999996
1.79999996
1.79999996
1.79999996
1.79999996
4.5999999
5.0
3.2
2.8
2.7
2.7
2.7
2.89999999999
3.70000010001
2.2
1.89999998
1.79999996
1.79999996
1.79999996
1.79999996
1.89999998
1.89999998
1.79999996
1.79999996
1.79999996
1.79999996
1.79999996
1.89999998
1.79999996
4.9000001
5.0999999
4.7
3.9
2.8
2.60000000001
2.5
2.39999999999
2.5
2.5
1.79999996
1.79999996
1.79999996
1.79999996
1.79999996
1.79999996
1.79999996
1.79999996
1.89999998
1.79999996
1.69999999
1.79999996
1.79999996
1.89999998
4.8000002
4.8000002
4.9000001
5.0999999
2.7
3.3
2.5
2.8
2.60000000001
2.39999999999
1.79999996
1.79999996
1.79999996
1.79999996
1.79999996
0.906206876418
0.0124137928287
0.0124137928287
0.0124137928287
0.0124137928215
0.0124137928287
0.0124137928287
0.0124137928287
0.0124137928287
0.0124137928287
0.0124137928215
0.0124137928287
0.0124137928287
0.0124137928287
0.0124137928287
0.0124137928287
0.0124137928215
0.0124137928287
0.0124137928287
0.0124137928287
0.0124137928287
0.0124137928287
0.0124137928287
0.0124137928215
1.51
1.5075
1.415
1.435
1.4725
1.4875
1.4675
1.49
1.6125
2.535
3.1
3.1075
3.035
2.8325
2.905
2.875
2.97
2.98
2.805
2.045
1.7725
1.8275
1.7825
1.8425
1.7425
1.7
1.64
1.59
1.6175
1.63
1.5175
1.525
1.525
2.5625
3.1575
3.0075
2.9375
3.03
2.9175
2.8325
2.85
2.86
2.785
2.0025
1.7125
1.685
1.8
1.885
0.906206876418
0.906206876411
1.79999996
1.79999996
1.79999996
1.79999996
1.79999996
1.79999996
2.09999998
4.70000010001
4.9000001
2.89999999999
2.5
2.5
2.5
4.9000001
3.8000001
2.39999999999
2.2
1.69999999
1.79999996
1.79999996
1.79999996
1.79999996
1.79999996
1.79999996
1.79999996
1.79999996
1.69999999
1.79999996
1.79999996
1.79999996
2.09999998
4.5
4.8000002
3.39999999999
2.8
2.7
2.39999999999
2.5
2.39999999999
2.3
2.3
1.79999996
1.79999996
1.79999996
1.79999996
1.79999996
1.79999996
1.69999999
1.79999996
1.79999996
1.79999996
1.79999996
1.79999996
1.79999996
1.89999998
4.8000002
4.70000010001
3.39999999999
2.60000000001
2.60000000001
2.5
2.3
2.3
2.5
2.2
1.79999996
1.79999996
1.79999996
1.79999996
1.69999999
1.5
1.79999996
1.79999996
1.79999996
1.79999996
1.79999996
1.79999996
1.79999996
1.79999996
4.20000010001
4.8000002
5.0
4.9000001
3.39999999999
2.5
2.2
2.0
2.0
1.80000001
1.39999998
1.5
1.39999998
1.39999998
1.39999998
1.39999998
1.5
1.5
1.39999998
1.39999998
1.39999998
1.39999998
1.5
1.69999999
4.5
4.6000001
4.5
4.1
2.0
2.1
2.2
2.0
2.2
2.1
1.5
1.39999998
1.39999998
1.60000002
1.39999998
1.39999998
1.5
1.39999998
1.5
1.60000002
1.5
1.39999998
1.60000002
1.60000002
3.0
3.60000000001
2.39999998
3.10000000001
2.6
3.5
3.4
3.39999999999
3.3
3.5
2.1
1.69999999
1.60000002
1.60000002
1.5
1.39999998
1.60000002
1.39999998
1.39999998
1.5
1.39999998
1.39999998
1.5
1.39999998
1.79999996
1.89999998
1.80000001
2.3
3.2
3.5
2.6
2.8
3.3
3.3
1.60000002
1.39999998
1.39999998
1.39999998
1.39999998
1.39999998
1.39999998
1.39999998
1.39999998
1.39999998
1.39999998
1.39999998
1.39999998
1.39999998
4.29999989999
4.39999999999
4.60000000001
4.6000001
2.59999998
2.1
2.2
3.2
2.3
2.89999991
1.39999998
1.39999998
1.39999998
1.39999998
1.39999998
1.5
1.5
1.39999998
1.39999998
1.39999998
1.39999998
1.39999998
1.39999998
1.5
4.1999998
4.5
4.5
4.39999999999
4.39999999999
3.2
1.89999998
1.99999998
3.5999999
2.0
1.39999998
1.39999998
1.39999998
1.39999998
1.39999998
1.69999999
1.39999998
1.39999998
1.60000002
1.39999998
1.5
1.39999998
1.39999998
1.80000001
4.60000000001
4.60000000001
4.8
4.8
3.1
3.29999989999
2.5
2.60000000001
2.60000000001
2.5
2.0
1.89999998
2.0
2.0
1.79999996
2.0
2.0
1.79999996
2.0
1.79999996
1.89999998
2.0
1.89999998
1.79999996
3.7
4.9000001
5.0999999
5.0
3.2
2.7
4.8
2.5
2.5
2.39999999999
1.89999998
2.0
2.0
1.89999998
2.0
1.80000001
2.0
2.0
2.0
1.89999998
2.0
2.0
2.0
2.2
4.9000001
4.9000001
5.3
4.1000001
4.20000010001
4.3999999
3.8999999
4.39999999999
4.10000000001
3.5
1.5
1.60000002
1.5
1.5
1.60000002
1.60000002
1.60000002
1.60000002
1.60000002
1.60000002
1.60000002
1.60000002
1.60000002
1.80000001
3.7
3.5
3.6
3.8
2.3
3.3
3.79999989999
3.7
3.8999999
3.4
1.60000002
1.60000002
1.60000002
1.60000002
1.60000002
1.60000002
1.60000002
1.60000002
1.69999999
1.60000002
1.69999999
1.69999999
1.60000002
1.69999999
4.1
3.5
3.60000000001
3.7
3.8
2.2
2.1
2.8
3.5
3.5
1.69999999
1.60000002
1.69999999
1.60000002
1.69999999
1.69999999
1.69999999
1.79999996
1.69999999
1.79999996
1.79999996
1.79999996
1.79999996
1.89999998
4.20000010001
4.8
4.8
4.8000002
4.9000001
4.20000010001
2.2
3.89999999999
2.3
2.5
1.69999999
1.69999999
1.60000002
1.69999999
1.69999999
1.60000002
1.69999999
1.60000002
1.60000002
1.60000002
1.60000002
1.60000002
1.60000002
1.80000001
4.39999999999
4.7
4.5
4.10000000001
2.1
3.0
2.2
2.2
3.39999999999
2.0
1.60000002
1.60000002
1.60000002
1.60000002
1.60000002
1.60000002
1.60000002
1.60000002
1.60000002
1.60000002
1.60000002
1.60000002
1.60000002
1.60000002
4.5
4.60000000001
3.5000001
2.39999999999
2.2
2.39999999999
2.5
3.1
2.2
2.1
1.60000002
1.60000002
1.60000002
1.60000002
1.69999999
1.69999999
1.60000002
1.60000002
1.60000002
1.60000002
1.60000002
1.60000002
1.60000002
1.60000002
4.5
4.8
3.39999999999
2.4
2.2
2.39999999999
2.2
2.3
2.3
2.0
1.79999996
1.79999996
1.79999996
1.79999996
1.79999996
1.69999999
1.79999996
1.79999996
1.89999998
1.79999996
1.79999996
1.79999996
1.79999996
1.89999998
4.5
4.70000010001
3.6
2.3
2.3
2.1
2.2
3.8999999
2.1
2.8
1.60000002
1.60000002
1.60000002
1.60000002
1.60000002
1.60000002
1.60000002
1.60000002
1.60000002
1.60000002
1.60000002
1.60000002
1.60000002
1.99999998
3.7
3.39999999999
3.79999989999
3.6
3.6
3.60000000001
3.5
3.7
3.5
3.39999999999
1.60000002
1.60000002
1.60000002
1.60000002
1.60000002
1.60000002
1.60000002
1.60000002
1.60000002
1.60000002
1.60000002
1.39999998
1.60000002
1.60000002
3.1
3.6
3.39999999999
3.3
3.3
3.5
3.39999999999
3.39999999999
3.6999999
2.7
1.60000002
1.60000002
1.60000002
1.60000002
1.60000002
1.60000002
1.60000002
1.60000002
1.60000002
1.60000002
1.60000002
1.60000002
1.60000002
1.60000002
3.1
3.8
3.7
3.8
3.7
3.4
3.8999999
3.7
3.5
3.2
1.60000002
1.60000002
1.60000002
1.60000002
1.5
