48.5
49.25
56.5
57.5
57.25
54.75
65.0
65.5
66.75
66.25
69.25
68.5
67.25
66.5
71.25
72.75
73.0
71.25
60.75
56.0
55.5
55.0
57.5
52.25
58.25
51.75
48.0
48.0
53.75
57.25
66.0
63.0
65.5
68.75
64.75
63.75
65.75
67.0
73.0
75.25
73.75
72.25
72.25
69.0
69.0
62.5
52.0
46.5
44.5
44.5
48.5
48.25
53.25
55.25
56.5
56.0
56.5
56.75
62.75
69.5
66.0
66.5
64.0
66.0
70.25
67.75
57.75
56.75
55.5
53.5
52.5
46.25
47.75
48.5
47.5
48.25
53.5
56.25
56.0
56.0
57.5
56.75
56.5
54.5
56.0
56.25
63.75
60.5
58.25
57.75
58.25
53.75
55.75
55.0
64.5
57.25
58.5
49.0
45.75
47.0
51.75
55.25
67.25
69.0
74.25
76.0
71.0
67.75
65.0
70.5
75.75
81.25
83.25
78.25
73.25
71.0
62.25
60.25
56.5
48.0
50.0
57.0
60.0
49.75
52.75
54.5
63.0
65.75
69.75
76.75
66.5
61.5
63.0
70.75
73.25
75.75
79.0
73.5
66.0
63.75
58.5
58.0
55.5
48.25
52.75
51.75
53.5
54.75
54.75
58.75
68.25
65.0
72.5
68.0
62.5
67.0
67.5
72.5
75.75
78.75
79.75
77.5
68.25
58.25
58.5
58.0
55.75
53.25
50.25
59.25
47.25
47.5
54.0
56.25
66.5
62.0
69.75
75.0
71.75
63.75
67.0
72.0
78.75
84.0
81.0
74.0
69.25
61.5
59.25
63.0
59.75
52.25
49.5
51.5
53.75
52.0
55.5
58.0
64.0
64.25
64.0
69.75
64.5
60.0
58.75
66.0
68.25
75.75
76.25
73.25
66.5
64.0
62.25
58.0
59.0
52.75
49.0
47.25
50.5
50.75
55.25
58.25
58.5
61.25
58.5
58.75
65.25
64.25
66.0
67.75
72.25
70.75
75.25
74.5
62.75
59.5
60.25
60.25
58.0
51.25
50.25
50.75
50.5
51.5
56.75
57.25
59.25
59.5
60.25
59.75
66.0
68.0
71.25
67.25
64.0
64.75
66.0
65.75
64.0
62.75
60.25
58.25
57.75
52.25
49.75
50.5
51.25
52.75
57.0
60.25
72.0
68.5
70.0
72.5
61.25
68.5
68.75
70.5
77.5
82.75
82.25
71.0
76.25
75.25
63.25
59.0
56.5
49.0
48.75
46.75
57.25
57.0
62.25
57.5
65.25
65.25
66.0
70.0
71.0
61.25
64.5
65.75
73.0
75.25
75.0
70.75
63.0
64.5
58.5
55.5
55.25
51.0
48.25
48.75
48.75
48.5
53.25
59.0
66.5
65.0
63.25
68.75
62.25
63.25
66.5
67.0
74.25
79.25
77.5
68.5
65.5
65.75
61.75
57.0
54.0
51.0
49.0
48.0
48.5
58.5
60.5
57.25
63.5
64.5
62.75
67.5
60.0
60.5
63.5
68.75
72.0
75.75
71.75
62.25
60.5
55.75
58.75
60.75
55.5
49.5
48.5
51.5
57.5
49.0
52.75
55.0
65.75
68.25
69.5
72.75
63.5
65.25
61.5
64.75
71.25
72.25
74.75
70.5
62.25
58.0
59.5
59.75
53.75
47.25
48.0
48.5
48.5
47.75
54.0
55.75
56.25
54.75
56.5
56.0
64.75
66.25
58.5
58.75
63.25
60.75
56.0
56.75
54.75
54.0
55.25
57.25
54.0
47.75
46.75
45.25
47.0
47.25
52.25
53.5
55.75
57.25
55.25
58.5
56.0
59.0
63.75
65.25
67.0
66.75
65.25
59.25
57.75
55.0
54.0
54.0
54.25
48.0
47.25
56.25
53.0
46.25
52.25
62.5
70.0
62.5
64.75
66.5
60.75
59.75
60.5
61.0
64.5
73.5
71.0
63.0
61.25
61.75
60.0
56.25
56.75
50.25
48.25
50.5
48.75
47.25
49.5
55.0
65.0
63.25
62.5
50.25
35.0
53.25
56.25
63.75
71.75
68.0
71.25
65.0
64.25
65.75
57.0
55.0
50.75
58.0
54.0
53.0
53.25
48.75
49.25
53.5
63.5
60.0
59.75
63.0
57.0
56.75
57.0
61.0
62.0
64.5
66.25
59.5
58.75
62.25
62.75
57.25
64.25
58.5
55.75
47.0
45.5
43.5
50.75
54.25
61.0
60.0
59.75
64.25
65.5
69.5
72.0
77.0
79.0
75.75
76.75
73.25
77.25
66.0
59.5
59.0
62.75
52.75
58.75
58.5
46.75
44.25
50.75
56.25
63.75
74.25
72.0
70.75
75.5
73.25
67.75
67.75
64.25
69.75
68.25
68.75
70.5
75.0
66.25
67.0
60.25
58.5
57.5
57.5
54.75
51.5
54.0
55.75
55.75
54.25
55.0
59.0
57.5
57.75
56.5
56.75
60.0
61.25
60.25
56.75
56.5
56.0
61.25
62.5
60.75
57.5
55.5
54.5
48.0
48.0
54.5
55.0
58.25
62.75
65.5
66.0
66.0
67.5
67.25
67.0
70.5
69.5
67.5
65.75
63.5
58.0
56.75
58.5
61.75
59.25
60.25
48.5
50.5
50.0
58.25
62.25
56.5
59.75
60.75
70.5
73.5
67.0
62.75
74.5
66.75
72.25
67.75
64.25
70.5
67.5
59.75
55.5
56.25
54.75
59.5
61.25
56.5
51.5
62.75
67.75
76.0
76.25
78.75
79.75
76.0
74.25
83.25
86.0
87.0
88.0
90.25
82.5
83.25
85.0
77.25
67.0
63.75
68.25
65.25
73.5
71.75
69.25
69.0
69.25
73.0
70.0
72.75
73.75
82.75
84.5
83.0
81.0
82.0
86.75
92.75
84.75
83.0
79.75
72.25
70.5
63.75
74.0
75.25
69.25
67.5
67.25
67.0
63.5
80.0
76.0
83.5
75.75
79.75
82.75
78.25
74.25
81.0
93.0
90.0
86.0
85.5
82.75
73.5
68.75
69.25
72.25
71.75
64.0
59.5
66.5
70.25
71.25
76.0
74.25
77.5
82.75
81.5
86.25
90.75
82.5
85.0
91.0
91.0
78.75
85.25
83.0
74.75
73.0
66.75
58.25
55.5
55.5
58.25
63.75
66.0
67.0
60.0
60.25
60.75
61.75
71.5
76.75
73.0
77.0
84.25
79.5
60.0
63.5
67.25
69.0
64.75
67.25
65.5
66.0
53.25
56.0
52.25
59.5
61.5
68.75
59.5
55.75
60.75
56.0
60.75
60.5
69.0
66.0
70.0
75.5
77.75
74.0
66.5
66.25
55.5
55.25
58.75
60.0
52.75
51.5
57.25
59.0
56.25
64.25
77.25
72.5
73.25
76.0
71.75
73.75
72.75
73.25
80.75
91.75
85.75
72.25
81.0
74.75
70.0
59.0
62.0
73.0
67.25
63.5
71.75
57.75
63.25
64.25
66.75
66.75
70.0
75.75
77.75
86.0
75.75
79.75
81.75
91.5
85.5
82.0
83.25
80.5
78.0
67.5
63.0
57.0
56.0
65.5
69.5
67.5
63.75
64.0
76.0
72.75
79.25
78.25
70.25
75.75
80.75
82.75
80.25
83.25
92.25
89.75
90.75
77.25
71.75
65.75
67.0
70.25
69.25
79.0
76.25
68.25
64.5
66.0
82.25
84.0
83.5
80.25
79.0
80.25
79.5
72.75
70.0
91.0
93.25
85.0
84.25
73.0
74.0
71.5
64.75
57.5
56.25
59.75
71.5
59.5
61.25
64.25
71.25
67.25
72.25
79.5
75.75
77.0
69.75
72.0
77.75
85.75
90.25
88.0
82.5
71.75
67.25
64.5
70.5
64.5
55.0
58.25
61.25
57.75
61.0
66.5
64.25
62.75
63.75
63.5
67.25
68.5
73.0
77.25
73.0
69.5
63.25
58.0
56.75
55.75
56.5
56.5
55.0
52.5
54.25
47.25
47.5
51.25
52.75
53.75
55.25
55.25
61.75
60.75
60.25
64.25
70.75
75.0
75.0
79.75
68.0
69.25
58.25
63.5
64.75
56.5
57.5
50.0
61.5
58.5
59.25
59.0
63.75
61.0
66.0
66.5
67.5
67.0
69.75
75.25
69.25
69.25
67.5
77.75
79.0
75.25
74.25
65.75
63.0
62.5
56.0
52.75
59.25
61.25
49.25
47.5
55.75
58.0
54.0
66.5
67.5
70.0
66.5
69.75
68.5
70.0
71.5
79.5
82.5
81.25
76.25
68.5
65.75
55.25
59.5
57.25
52.25
58.5
65.25
51.5
59.0
60.0
68.25
68.75
69.75
71.75
78.25
76.0
73.5
72.25
77.5
84.25
85.5
82.0
81.0
72.75
68.75
66.0
61.0
58.25
62.5
52.75
48.75
52.25
58.75
60.0
65.25
70.0
64.5
66.5
68.25
68.75
65.0
63.5
66.0
75.0
77.75
71.5
75.5
65.75
64.75
59.5
54.75
48.5
45.5
45.5
46.5
46.0
60.25
59.0
66.75
63.5
63.0
68.0
62.0
58.5
65.75
63.0
63.5
71.25
72.75
65.25
60.75
64.75
59.75
59.0
56.25
52.75
51.25
50.0
49.5
47.75
55.0
57.25
56.5
57.0
56.0
60.25
56.5
56.75
64.5
63.0
64.0
63.0
58.25
59.25
55.0
55.25
56.0
55.0
57.5
49.25
46.75
46.0
46.0
46.0
52.5
55.5
53.75
55.0
55.0
52.75
53.75
58.25
61.0
59.25
66.5
66.75
66.25
62.0
67.0
77.5
75.25
68.25
69.0
62.75
71.75
69.0
61.5
54.75
74.75
69.25
74.5
75.0
76.0
76.0
78.75
83.0
78.5
76.5
84.75
83.0
87.75
81.0
82.25
77.75
67.5
63.25
71.0
62.75
57.0
73.0
70.75
59.25
61.0
69.0
71.25
72.5
77.25
80.5
87.5
88.75
74.0
72.0
78.0
88.25
84.25
89.0
85.0
83.5
76.25
76.75
73.0
62.25
61.75
65.75
64.0
56.25
63.75
68.25
77.25
71.75
84.75
89.75
90.75
83.75
72.5
73.0
82.0
89.75
86.25
89.75
84.0
77.5
71.25
66.75
66.25
63.5
65.5
68.5
71.5
59.75
54.0
57.0
66.5
69.25
78.75
87.25
85.5
82.25
76.0
76.75
77.25
86.0
87.25
85.5
81.5
71.0
63.75
61.0
57.0
55.25
58.0
64.25
63.75
53.0
60.0
59.25
72.5
79.5
79.25
83.25
70.25
72.25
77.0
80.5
73.75
74.25
75.5
77.0
78.0
78.5
71.0
71.0
61.0
53.0
52.25
51.5
49.75
49.75
58.25
53.0
55.0
55.0
58.25
60.25
67.75
67.25
68.0
64.5
66.0
67.0
67.75
56.0
58.5
66.25
66.75
66.5
64.0
62.25
62.0
58.5
51.0
50.25
53.25
54.25
58.75
58.5
57.5
57.75
57.25
58.5
65.75
66.0
67.5
72.75
69.75
65.0
63.5
61.75
61.25
56.25
55.75
51.0
57.0
62.25
58.5
60.0
71.5
68.0
78.5
70.75
88.0
93.5
91.75
81.645
80.8175
80.105
81.555
91.25
89.25
82.75
77.25
71.0
64.0
64.0
67.5
66.0
64.75
63.25
59.5
62.25
65.0
66.5
78.75
80.75
89.5
82.785
82.1675
90.75
86.75
88.25
84.3975
93.0
88.75
90.0
84.0
71.25
74.0
67.75
60.0
70.75
64.75
62.5
62.25
56.0
55.25
66.25
69.5
72.5
87.5
86.5
83.25
88.0
78.0
79.5
86.5
80.0
76.5
75.75
74.5
74.75
65.5
59.5
60.0
51.5
51.25
55.5
53.5
54.75
57.25
58.25
67.75
77.0
81.5
87.5
91.25
82.25
72.25
85.5
88.75
85.5
80.75
86.0
83.25
77.0
72.25
55.75
58.0
59.25
61.25
59.0
59.5
57.75
56.0
56.75
63.5
69.0
75.0
80.5
77.5
77.25
75.0
85.25
83.75
81.25
75.5
76.0
72.75
70.0
63.0
60.75
66.75
69.0
65.25
55.25
54.75
56.5
64.75
65.0
67.25
59.75
64.5
63.5
74.5
82.0
84.25
80.75
76.25
68.5
58.25
60.0
58.75
62.0
61.5
61.25
62.5
55.75
52.75
50.5
51.75
57.5
63.0
54.25
62.0
64.75
62.0
62.75
67.0
71.75
77.0
77.0
80.0
81.0
76.75
75.5
72.0
65.25
69.0
64.25
64.25
60.25
50.75
57.25
66.0
61.5
63.25
65.5
70.75
62.25
87.0
92.0
91.75
89.0
82.25
74.0
76.5
78.75
75.0
75.0
77.5
78.5
62.0
58.0
63.5
68.5
60.0
54.75
58.25
59.75
58.25
63.75
77.25
80.0
79.25
78.25
83.0
84.5
72.0
76.25
80.75
84.0
79.75
82.0
79.5
72.5
73.0
62.5
58.5
61.25
66.75
58.25
64.0
65.25
58.5
66.5
65.75
67.5
76.5
70.0
85.5
85.75
74.5
64.5
70.25
79.0
86.0
72.25
77.0
73.25
56.0
57.0
65.5
70.5
62.25
54.5
53.25
46.5
55.5
63.75
66.0
64.75
72.25
81.75
75.75
76.25
70.25
69.75
81.25
84.5
85.0
68.75
61.25
65.25
70.0
57.75
53.5
53.0
52.75
59.0
59.0
48.0
55.0
56.25
59.0
60.25
69.25
63.25
62.25
62.25
67.5
65.25
59.0
61.0
66.25
61.75
60.5
55.75
65.25
63.0
54.5
52.75
50.5
52.5
59.0
58.5
59.25
55.0
57.0
61.75
66.25
65.0
61.75
63.25
73.5
72.0
72.0
67.5
69.25
60.0
62.25
60.25
63.25
54.5
60.5
62.25
63.0
61.75
56.25
55.5
56.5
58.25
57.75
60.0
57.25
58.75
57.25
58.75
69.5
72.75
72.75
81.5
69.0
69.75
65.5
60.75
61.75
62.0
61.0
57.25
64.0
71.0
71.25
63.5
55.75
63.25
77.5
77.25
86.5
92.25
84.1025
93.75
85.0
81.5
79.5
85.75
83.75
85.0
78.25
71.0
59.75
53.25
60.5
55.75
66.5
73.5
66.0
65.25
65.0
68.25
70.0
69.75
84.5
87.25
87.0
82.0
82.5
86.25
82.25
84.75
83.0
81.0
82.25
82.0
85.5
69.5
54.75
65.0
69.5
63.5
65.5
56.0
57.0
63.25
69.5
73.5
82.5
86.5
77.25
77.75
69.75
67.25
68.75
84.25
76.25
76.75
74.0
64.75
57.5
62.5
60.0
53.0
62.25
52.75
55.25
53.0
52.5
58.75
73.5
70.5
75.0
84.75
86.75
79.5
75.0
77.75
80.5
88.75
88.25
82.5
75.0
76.5
75.0
71.0
67.75
71.0
65.5
68.25
60.0
60.25
61.75
67.75
80.0
78.0
71.0
77.25
72.5
72.5
74.5
68.5
75.25
83.0
82.0
82.5
83.0
81.25
86.5
78.25
63.25
54.25
56.75
54.0
53.25
53.75
67.5
64.0
68.5
65.0
61.75
71.5
71.5
71.75
81.75
70.5
71.5
80.5
72.75
66.25
65.0
66.75
67.5
63.75
70.25
69.25
65.25
67.0
67.25
58.5
61.25
64.25
65.75
75.0
75.5
73.25
75.25
77.25
80.25
82.25
68.75
63.25
62.75
73.25
74.75
61.75
57.0
55.5
63.0
57.5
50.5
62.0
71.0
64.75
58.5
68.0
70.25
64.5
74.25
77.75
72.75
73.5
69.0
67.0
74.5
77.25
78.75
80.25
71.5
71.0
61.75
59.5
61.25
59.0
62.5
58.5
61.75
58.25
65.0
62.25
68.25
69.25
77.0
79.25
66.25
74.0
73.75
69.5
75.5
77.75
84.0
79.75
71.75
66.5
65.25
59.75
60.0
60.5
59.5
65.75
68.25
61.75
69.25
71.25
72.0
66.25
66.25
74.75
76.0
72.25
74.0
74.5
70.5
84.75
87.0
81.5
73.75
68.75
73.0
63.75
58.5
61.75
71.0
62.0
69.5
52.25
60.0
59.25
69.75
70.25
64.25
77.0
74.5
77.5
69.5
69.0
73.5
84.25
88.0
78.25
66.5
67.5
71.0
68.25
57.5
56.5
62.0
51.0
57.5
63.0
61.5
61.5
73.75
73.75
74.25
76.25
70.5
65.75
66.0
64.25
68.25
82.0
89.5
78.25
79.0
81.5
83.0
61.25
62.75
62.25
51.25
56.0
62.0
61.0
56.25
56.5
61.5
67.75
66.0
64.0
60.75
61.0
74.0
76.25
71.5
71.25
59.75
59.75
57.0
59.5
60.5
60.0
59.25
64.25
62.25
60.75
53.75
59.0
62.5
66.75
66.25
69.5
61.25
59.25
63.75
68.0
65.75
67.0
73.75
66.25
73.5
71.5
63.75
66.75
71.5
70.0
78.0
71.75
69.75
64.75
62.5
68.0
66.25
70.5
66.0
69.25
88.75
86.3975
85.9
92.75
86.8525
87.2175
88.97
91.9625
92.93
85.5
84.75
86.0
75.5
75.5
75.75
69.5
80.75
80.25
67.0
71.0
71.0
71.5
78.5
83.0
88.0
87.25
83.25
83.0
83.0
89.75
90.75
89.315
90.4725
87.25
85.25
75.25
71.25
63.75
66.75
63.5
63.0
60.0
60.0
54.5
68.0
67.75
77.0
74.75
80.25
85.5
84.25
86.75
86.25
88.5
91.25
87.37
93.5
82.0
84.75
76.0
71.0
66.25
72.75
70.5
72.0
72.0
72.0
72.0
71.25
70.25
77.5
80.75
86.5
90.5
83.5025
81.8525
88.25
92.25
92.75
91.75
89.75
81.25
75.25
69.75
76.0
73.25
65.0
58.75
60.25
66.5
67.75
67.5
62.75
73.5
79.75
73.5
71.0
75.0
80.5
78.75
80.5
81.5
87.0
91.25
90.75
81.75
87.5
83.0
74.75
66.5
63.25
60.25
60.25
62.0
68.25
67.75
71.0
69.75
66.0
71.25
72.75
67.5
82.25
76.5
86.25
82.0
80.75
79.75
78.5
70.25
70.25
68.25
74.25
73.5
73.5
70.0
61.25
59.25
59.25
66.5
69.0
68.0
66.25
63.25
61.75
66.75
75.5
68.25
76.0
72.25
75.5
77.5
82.25
83.75
78.25
61.25
66.0
62.5
67.25
65.25
60.5
55.25
69.0
69.5
66.0
69.5
84.5
90.25
93.25
92.25
90.75
86.0
85.0
91.5
87.5
82.045
85.75
78.25
77.75
80.75
78.5
63.0
64.25
60.5
68.0
65.5
60.5
65.75
77.75
71.0
83.75
81.0
89.25
85.75
80.0
78.25
76.0
80.75
79.25
83.25
79.5
74.0
77.0
77.25
68.0
67.75
62.5
64.25
63.75
65.25
57.25
57.5
59.5
64.5
78.5
79.75
86.5
91.5
84.0
81.25
86.25
91.75
92.0
93.75
87.0
86.5
82.25
76.75
74.0
66.75
60.0
56.75
54.0
60.5
64.0
61.75
65.0
71.25
73.0
70.5
79.5
81.5
82.75
80.75
83.0
82.0
86.0
81.5
80.0
70.5
71.25
77.5
67.0
60.5
54.0
63.5
54.75
52.75
50.75
68.75
61.0
60.25
68.0
77.0
80.25
76.25
77.5
81.75
89.0
81.75
88.0
83.75
88.25
75.5
77.0
69.75
70.75
71.25
62.75
56.25
57.5
63.75
64.25
61.0
56.75
55.25
58.5
61.25
59.75
62.0
76.75
82.0
74.5
74.25
72.0
70.25
65.5
69.5
55.75
54.25
57.0
64.5
66.5
63.5
58.5
56.0
54.25
56.25
55.25
60.0
64.5
66.0
68.25
71.0
71.5
68.25
71.5
70.0
78.25
78.25
73.75
68.25
66.75
60.25
62.75
62.0
70.25
63.0
58.75
60.25
58.25
62.75
74.25
73.5
74.0
74.0
78.5
91.5
81.56
80.305
87.25
84.0
81.0
85.5
83.75
83.5
80.25
81.0
61.5
67.5
64.5
61.5
65.5
65.75
58.25
52.75
51.25
67.0
74.25
71.5
74.5
87.75
93.5
80.4675
78.7275
90.75
92.25
87.25
85.5
87.75
81.75
81.75
75.5
68.75
67.0
64.5
62.0
60.0
64.5
60.75
63.75
67.75
80.0
84.5
83.0
87.25
81.7225
81.5275
80.4075
80.505
92.5
86.985
90.75
84.6925
80.96
88.75
83.0
69.75
67.0
75.75
85.25
76.5
65.75
62.0
60.25
68.5
83.0
79.0
73.5
84.25
86.5
81.5
80.5
83.0
79.75
84.0
83.0
88.75
85.0
80.0
69.5
60.25
61.75
59.0
61.0
64.75
71.5
73.75
69.75
67.0
71.75
73.0
75.75
78.75
84.75
85.5
80.75
75.25
77.5
83.75
88.75
75.75
75.25
77.0
61.75
55.5
56.75
62.25
66.5
61.25
57.5
56.75
59.75
64.75
63.25
58.75
66.25
60.0
63.0
71.5
71.25
79.75
79.0
66.75
63.0
66.5
66.75
68.0
59.25
56.0
56.75
56.0
62.5
61.5
56.75
55.0
63.75
64.0
56.25
62.25
62.5
58.25
67.25
64.5
76.75
67.25
72.5
72.0
76.5
61.5
61.5
61.0
64.75
63.75
56.5
69.75
71.75
67.25
75.0
58.75
56.75
72.25
69.5
65.25
70.5
78.25
82.25
79.0
81.0
78.5
83.0
76.5
75.5
73.5
70.25
70.5
64.5
61.25
57.0
52.75
57.25
61.5
61.75
55.5
51.25
55.25
70.0
70.75
70.25
78.0
84.5
87.25
81.0
79.75
80.75
82.0
85.25
85.75
80.0
74.75
63.0
55.75
55.25
58.25
65.0
60.0
60.0
64.5
62.5
61.25
67.5
65.25
71.5
73.5
75.0
76.75
75.75
80.0
85.5
84.25
85.75
76.5
76.75
73.5
67.75
60.25
56.25
56.5
67.75
59.75
52.75
51.75
51.25
57.25
65.75
63.0
66.0
73.5
80.5
84.5
83.0
84.75
83.25
82.0
73.75
75.5
78.0
76.0
68.75
54.75
53.0
50.0
55.25
58.75
58.25
55.5
48.75
56.5
70.75
68.5
71.75
75.75
78.0
80.5
84.75
82.0
81.75
87.5
89.0
86.75
78.25
70.75
61.5
58.0
59.75
67.0
67.25
66.0
62.5
58.25
58.0
58.75
59.0
58.25
57.5
60.5
63.75
66.0
71.5
69.75
69.25
76.0
70.0
61.0
60.25
67.25
70.5
68.25
69.75
64.5
59.75
57.5
61.25
55.5
55.5
58.25
63.25
67.25
60.75
57.0
62.5
61.0
70.75
67.0
71.0
77.5
73.25
68.5
69.5
67.0
63.5
60.5
60.5
70.5
66.0
58.5
62.0
60.5
60.25
56.25
68.0
77.75
75.5
73.0
74.5
74.25
84.5
89.75
88.5
87.5
83.75
85.0
79.0
73.25
72.0
56.75
61.75
62.25
60.0
62.25
53.25
64.75
66.5
72.5
73.25
73.5
77.75
77.0
82.25
80.0
79.25
80.5
91.25
87.75
85.75
84.0
83.25
73.5
62.5
60.5
61.0
68.0
67.75
78.5
68.75
65.25
63.0
62.25
72.25
76.0
78.75
83.25
84.0
88.0
86.5
88.5
83.32
86.6225
92.5
85.5
78.25
72.0
62.5
59.5
66.25
66.25
68.5
58.25
65.25
61.0
61.25
61.0
70.75
74.75
79.5
82.5
90.0
87.25
85.75
91.5
91.25
85.8925
85.36
84.75
88.75
84.25
69.75
66.0
68.75
63.0
63.75
63.75
63.0
71.0
74.0
78.25
75.25
76.5
82.25
83.75
90.5
90.25
89.25
88.0
90.75
90.25
90.0
84.25
81.0
73.0
73.25
57.0
71.5
60.0
67.75
60.5
64.75
64.5
63.25
68.0
64.25
64.75
65.5
64.75
71.5
74.0
72.5
79.5
73.75
69.5
66.75
69.75
64.0
72.0
68.0
62.5
70.0
67.5
63.25
70.0
60.25
71.25
65.25
64.0
70.5
67.25
67.75
70.5
61.5
72.0
74.5
83.25
83.25
88.25
81.75
72.75
71.25
69.75
68.5
66.0
68.75
70.75
79.25
79.75
61.0
57.25
68.5
73.5
71.25
76.0
81.75
86.0
90.5
90.25
93.25
91.25
80.56
81.1
91.25
87.5
88.75
84.0
69.75
68.5
62.25
60.0
62.0
57.5
58.0
66.25
64.25
60.75
68.0
64.75
70.0
76.5
77.0
79.0
81.5
80.25
79.5
81.0
86.0
81.75
76.25
73.5
60.75
61.0
61.75
56.25
61.25
61.0
60.75
55.25
54.75
61.75
72.25
71.75
76.25
78.0
83.0
81.5
84.0
79.0
81.0
87.5
81.25
77.0
81.0
67.75
70.25
62.75
56.5
68.5
61.75
60.5
59.5
62.0
56.0
70.5
72.25
76.5
79.75
79.5
84.0
79.75
80.0
81.75
84.25
83.5
78.25
75.25
71.5
71.5
65.75
65.0
60.75
62.0
67.75
70.0
61.75
62.0
59.25
67.25
71.0
78.75
80.25
79.75
86.25
81.25
74.25
71.0
77.0
83.5
76.0
70.0
67.0
63.25
68.25
67.25
66.0
58.75
56.75
53.75
61.75
59.75
57.25
55.75
65.5
58.0
54.75
66.25
66.25
62.5
63.0
62.5
72.75
68.0
66.75
58.75
56.5
61.5
55.0
56.25
58.0
50.25
59.75
52.25
56.75
53.0
58.75
52.5
62.0
53.25
59.25
57.0
60.5
71.75
75.0
72.25
74.5
72.5
73.75
58.25
57.75
55.75
66.25
60.0
53.5
57.75
51.5
54.75
54.75
49.75
59.0
53.0
62.25
50.75
58.25
62.75
63.25
55.0
71.0
70.5
69.75
73.5
69.0
65.75
63.25
53.5
59.0
50.25
59.0
54.5
50.0
58.0
50.0
64.5
60.0
64.0
68.5
63.25
81.0
85.75
84.0
86.5
77.25
78.25
91.75
91.0
85.8675
84.615
90.25
84.0
75.75
65.5
65.5
66.75
61.0
68.0
69.5
56.75
65.75
66.0
81.5
83.5
88.0
87.25
78.5
81.25
74.25
76.25
86.25
84.25
82.75
81.5
79.75
75.0
65.75
63.75
63.75
64.5
73.25
70.5
63.25
62.5
68.5
71.5
80.5
85.0
80.2825
84.5725
93.0
81.9225
81.6625
84.8925
86.6375
87.735
87.015
85.0375
85.75
87.5
79.25
74.5
60.5
55.75
55.5
57.0
57.25
63.75
57.75
65.75
69.25
72.75
83.5
83.0
77.0
66.5
69.0
72.75
77.25
78.25
73.0
71.0
68.25
64.5
58.5
58.0
58.25
52.25
45.5
44.75
47.0
46.0
49.5
50.75
57.75
58.0
58.5
61.75
66.75
65.0
60.5
54.25
53.75
69.0
65.0
56.0
52.25
62.0
54.5
51.0
59.25
51.5
47.25
50.5
56.5
45.25
51.0
51.75
58.25
58.5
55.5
56.0
60.5
62.75
55.25
54.0
66.25
60.75
56.0
59.0
69.25
62.5
53.5
55.25
54.5
61.0
64.75
59.75
48.0
46.25
56.0
59.5
63.0
63.0
71.75
75.5
63.0
65.5
68.75
79.0
76.5
81.25
90.0
84.0
64.75
66.75
55.75
59.5
58.0
50.0
51.75
58.0
47.25
50.75
66.0
57.5
67.0
74.25
85.25
84.75
77.5
79.5
80.0
82.25
89.75
82.3875
84.75
87.25
75.0
70.25
66.5
53.75
50.75
48.75
50.5
49.25
55.5
56.0
63.25
60.0
68.5
60.0
70.0
72.75
63.75
66.75
61.0
59.75
71.0
70.0
72.25
69.75
62.0
55.5
55.75
51.75
49.5
48.0
48.0
48.0
48.0
48.0
47.75
47.0
61.25
61.5
68.75
73.5
73.25
70.75
66.5
64.0
73.0
73.0
72.25
74.0
64.75
59.5
53.5
49.5
48.25
43.25
45.25
43.75
43.25
44.0
46.75
51.25
59.0
55.0
60.25
61.25
60.75
58.5
56.25
59.75
66.25
68.0
67.5
65.75
67.25
64.5
60.0
59.75
48.5
43.0
43.0
43.25
42.0
43.0
46.5
49.5
49.25
49.75
59.25
59.25
64.0
65.0
57.75
51.75
52.25
57.0
54.25
54.5
52.0
51.75
54.75
51.0
49.25
47.0
45.0
45.0
45.25
45.25
48.25
53.5
51.0
50.75
53.0
50.75
50.75
52.5
51.5
55.25
53.5
54.75
52.25
51.0
52.5
53.0
54.25
50.5
49.75
46.75
53.25
54.25
50.75
51.75
54.25
57.75
57.0
58.5
63.0
70.25
59.0
58.0
61.5
64.0
72.75
75.5
73.5
68.25
59.5
56.25
63.25
59.0
50.5
42.5
40.25
41.75
42.0
45.75
54.75
47.5
64.0
63.75
68.5
70.75
65.75
63.5
63.25
62.75
68.75
76.5
75.25
74.75
64.5
62.0
63.0
59.75
52.75
48.75
45.5
57.0
56.25
56.0
62.0
53.25
65.75
63.0
65.75
67.75
57.75
62.5
62.25
62.5
68.5
71.75
73.5
71.75
64.75
63.0
63.0
63.75
52.25
48.0
53.25
51.75
43.25
44.0
46.0
47.75
61.5
63.5
73.25
74.5
69.5
67.0
66.25
67.0
74.5
78.0
76.5
73.25
63.25
63.25
60.5
58.5
55.0
49.25
51.0
52.75
52.75
45.25
51.75
55.25
67.75
66.0
74.75
76.5
70.0
70.0
66.75
70.25
75.5
76.5
76.75
74.25
66.25
62.25
59.0
63.0
57.25
54.0
55.0
55.0
52.5
52.75
53.5
57.25
54.0
56.0
59.5
68.5
69.0
66.25
64.25
59.25
57.75
62.25
67.75
61.25
59.5
57.25
56.75
53.5
55.25
50.5
45.0
48.75
47.5
44.25
52.75
53.5
54.75
55.5
53.75
53.75
56.5
51.5
54.25
57.25
61.0
58.0
59.0
58.0
65.25
66.0
56.5
55.25
51.75
48.25
47.0
53.75
55.25
46.75
44.0
51.0
56.0
63.75
68.75
73.75
62.25
65.75
66.25
65.75
67.0
73.0
75.5
71.25
63.75
61.75
64.0
60.0
53.75
47.0
45.25
49.5
51.0
51.0
51.0
51.0
64.5
66.25
72.75
74.25
68.0
70.75
70.0
68.0
75.0
79.5
80.0
82.75
66.5
65.75
58.75
57.75
49.75
52.5
50.75
47.25
54.0
54.0
54.0
54.0
62.0
67.0
68.25
69.75
63.5
62.25
58.25
63.75
67.5
72.75
73.25
70.75
67.25
61.25
63.0
60.75
50.75
49.5
53.75
54.25
44.0
44.0
44.0
44.0
60.75
70.5
70.5
76.25
71.25
69.25
67.25
82.25
75.75
77.5
84.75
78.25
69.75
70.75
67.0
60.75
60.5
63.75
54.25
50.25
62.0
56.0
56.0
56.0
62.0
64.25
74.0
75.5
66.75
64.5
70.5
69.75
83.25
80.5
75.75
72.75
63.5
67.0
72.75
67.25
63.0
53.75
54.25
56.25
61.75
61.5
55.0
57.5
59.0
55.25
60.5
65.5
72.75
82.0
79.75
77.5
77.5
83.0
82.5
85.0
71.25
69.5
63.0
57.25
54.75
53.75
53.5
51.5
54.25
53.25
56.0
59.75
63.25
61.0
60.75
61.25
59.5
62.0
61.0
60.5
64.25
63.0
62.0
63.0
66.5
72.5
67.25
67.5
64.0
60.0
62.5
56.5
52.25
62.25
68.25
63.5
70.0
67.25
72.0
73.5
62.0
61.75
58.5
61.25
70.75
74.0
72.75
67.0
63.25
56.5
58.25
54.0
52.75
55.5
53.75
53.5
44.75
45.5
47.5
49.5
62.5
64.75
67.75
68.5
65.75
63.5
64.0
63.25
70.25
74.25
75.75
73.5
62.75
58.0
58.25
56.25
51.25
52.75
56.25
56.25
56.0
56.75
68.25
52.25
59.25
66.25
68.75
72.5
60.5
60.0
60.5
58.25
71.75
72.25
68.25
70.25
65.5
63.0
63.75
61.0
52.0
49.75
53.75
48.75
45.75
46.25
50.25
53.0
65.25
68.0
71.25
74.75
71.0
67.5
65.0
67.75
70.5
74.5
77.5
73.0
62.0
54.0
57.5
55.25
51.5
47.5
44.25
46.75
51.0
47.25
55.75
51.75
60.0
61.75
66.75
70.25
63.25
62.0
57.25
56.75
62.5
68.0
67.0
63.5
55.75
54.5
51.5
54.0
48.5
43.75
42.5
42.25
42.0
41.75
46.75
47.5
48.75
48.5
51.75
52.5
57.0
56.5
56.25
58.25
57.25
62.0
64.5
62.0
49.25
48.0
48.75
47.25
47.5
44.0
41.5
42.0
43.0
41.5
45.75
47.25
48.75
48.0
47.0
46.5
49.0
47.0
55.75
54.5
56.5
54.0
53.25
50.25
54.0
56.25
48.0
46.25
46.75
43.25
41.5
41.25
43.75
55.25
48.5
48.5
56.25
62.25
68.25
73.5
64.25
62.25
64.25
63.0
68.0
72.25
71.5
68.25
61.5
58.0
60.0
57.25
50.75
45.25
50.0
53.75
51.25
49.5
44.5
50.0
60.0
61.25
68.5
69.25
71.75
67.0
65.0
66.75
69.5
76.5
74.25
72.0
64.25
60.75
57.25
53.25
51.5
43.25
43.25
42.5
44.0
52.75
51.25
50.75
65.5
60.75
65.0
70.0
61.0
62.0
60.75
61.75
69.0
72.25
71.25
71.5
61.75
61.5
62.75
56.0
50.0
43.5
44.5
49.75
46.5
41.25
47.75
50.25
64.5
64.5
70.0
71.5
73.5
63.75
65.5
63.5
69.0
73.5
73.75
72.25
64.0
59.5
59.0
53.75
53.5
45.25
43.5
45.0
50.75
49.0
50.5
54.75
65.5
59.0
68.75
72.25
66.0
71.25
64.75
62.75
66.75
72.5
73.0
70.25
67.25
68.25
65.0
53.75
50.75
46.0
42.75
42.75
43.5
43.75
50.5
51.0
52.75
52.5
55.5
58.75
62.25
61.75
57.5
55.5
52.0
59.5
64.0
60.75
55.0
56.75
52.5
52.0
52.5
45.0
42.0
42.75
42.0
42.0
49.0
50.25
51.75
51.0
52.5
53.75
55.5
51.5
54.25
52.25
60.0
59.75
59.0
55.75
59.75
65.0
59.5
56.75
52.5
58.5
52.25
48.5
46.25
49.75
52.75
55.5
65.0
64.75
66.5
71.75
68.75
68.25
67.75
65.0
74.0
72.25
77.5
73.25
66.5
59.0
61.0
62.5
52.5
59.75
56.0
53.0
45.75
46.5
53.0
55.5
70.75
67.25
75.25
74.0
70.5
67.25
68.75
73.25
71.0
75.5
80.0
76.25
65.5
63.75
58.75
57.75
53.25
48.25
46.0
44.25
45.25
53.25
57.0
54.0
66.5
66.5
68.75
67.75
62.75
62.75
61.75
62.75
69.25
77.25
74.5
77.5
75.0
70.75
67.25
63.75
58.5
50.0
49.25
47.25
55.5
47.5
49.75
54.75
65.5
67.25
71.75
72.75
68.5
72.0
66.0
68.75
76.0
79.5
75.5
76.75
74.5
71.25
66.5
68.75
55.25
49.0
48.25
56.0
59.5
50.25
54.0
55.5
66.0
64.25
72.5
74.25
76.0
76.75
71.25
69.75
69.25
72.75
75.0
69.25
66.25
72.25
65.0
56.75
54.75
51.5
46.0
46.5
44.25
45.0
51.5
52.75
53.5
53.0
57.5
57.75
59.0
62.75
55.0
57.5
58.75
61.25
63.5
63.0
58.0
56.75
55.75
51.5
52.5
46.75
44.75
43.5
44.25
43.25
51.25
51.75
54.0
52.5
52.0
56.75
54.75
55.25
55.75
55.25
59.75
59.5
56.75
56.0
60.75
65.75
56.75
57.0
65.0
52.0
47.5
46.0
47.25
45.75
53.75
58.25
68.0
69.0
66.25
72.5
65.5
67.5
66.0
66.25
72.5
76.25
74.75
70.5
66.25
61.25
65.5
58.5
59.25
51.75
43.5
50.1975
49.4425
50.38
52.055
54.0
69.75
69.0
70.5
76.0
74.0
69.25
70.5
70.5
71.75
78.75
75.75
73.25
63.5
59.0
58.5
60.0
56.25
51.04
50.195
50.9375
51.615
51.5325
53.2075
60.75
70.0
64.75
67.25
68.0
61.0
60.25
60.75
62.25
68.25
73.0
73.0
72.25
63.75
58.5
62.25
58.25
56.5
54.5
51.0
49.25
42.5
43.75
49.75
52.75
64.5
66.0
70.25
75.75
75.5
67.75
71.0
74.0
77.75
86.5
86.0
81.5
69.25
65.25
61.5
59.0
58.75
49.25
45.75
46.0
57.5
52.0
57.75
59.25
67.75
67.25
76.25
77.75
69.75
73.25
69.5
73.0
74.25
81.75
76.5
81.25
77.25
75.25
71.0
67.5
59.25
54.75
52.0
50.25
50.25
52.25
57.25
58.0
60.0
60.75
60.75
60.0
69.5
70.75
66.0
66.75
65.0
71.5
76.75
77.0
61.5
60.0
57.5
55.0
56.75
50.75
48.75
48.0
49.25
48.5
55.25
57.0
58.25
58.0
57.25
57.75
57.0
59.5
65.0
65.25
68.25
68.5
71.0
68.0
69.5
68.5
64.25
59.25
58.75
50.25
51.5
59.0
60.5
49.0
59.75
55.0
68.25
64.5
68.25
71.0
65.0
71.5
69.25
66.75
75.5
75.25
76.0
72.0
66.5
64.5
65.5
59.0
62.75
58.75
56.5
51.5
46.25
47.25
54.25
57.0
68.5
70.75
72.6666666667
72.36
70.0725
66.6666666667
64.75
64.75
70.75
75.25
76.25
76.5
67.0
57.5
57.75
60.0
53.25
54.75
53.75
53.0
52.0
51.5
51.75
57.0
67.5
65.0
66.75
67.5
59.75
61.75
59.5
61.0
70.0
73.5
71.0
71.75
62.5
60.75
62.25
66.0
54.5
54.5
54.5
55.75
56.75
53.5
52.5
52.75
66.25
68.25
70.75
72.75
69.75
67.25
65.5
64.75
69.0
72.0
73.5
72.25
61.25
56.75
55.5
54.0
53.75
48.75
45.75
46.75
52.75
56.75
52.75
59.25
65.25
62.75
71.5
73.75
71.5
70.25
68.5
70.0
69.5
72.75
73.5
72.75
71.5
68.75
68.5
61.5
55.5
48.5
47.25
47.25
46.75
46.5
53.25
56.25
57.75
60.75
61.75
60.25
67.25
68.0
61.75
56.25
56.0
58.5
63.0
63.5
56.5
55.5
55.25
54.0
54.0
47.5
47.25
45.625
45.625
45.75
47.5
53.0
54.25
55.5
54.5
54.25
55.5
52.75
54.75
56.0
56.5
56.5
59.75
56.75
58.25
60.5
60.25
54.25
53.75
53.5
48.0
46.25
50.75
57.75
51.25
52.0
55.25
66.0
63.0
67.75
69.25
62.75
61.0
61.25
62.75
71.75
70.25
73.5
72.75
67.0
64.25
62.25
61.25
55.0
47.0
45.25
45.5
48.25
57.0
58.0
58.25
68.25
70.0
72.25
74.75
67.0
65.0
64.25
64.5
68.25
73.25
75.0
73.25
66.5
68.75
69.75
66.25
59.75
57.5
56.0
55.5
55.75
52.25
52.0
55.75
68.5
63.0
68.75
68.5
58.75
60.25
59.25
61.0
69.25
74.5
74.0
73.0
66.25
58.25
61.5
61.0
54.75
49.5
47.0
47.0
51.5
54.5
52.5
54.25
68.0
66.75
73.5
71.75
72.25
65.25
64.5
66.0
68.75
72.5
74.25
73.75
65.0
57.5
60.75
61.75
55.0
49.75
46.75
46.5
47.0
59.25
55.5
57.0
65.75
63.0
69.75
70.5
65.5
63.75
64.5
67.0
68.0
73.0
71.25
71.25
70.5
68.5
67.5
58.75
54.0
48.0
45.75
45.5
45.5
46.0
51.75
55.25
55.0
54.75
58.25
59.75
65.25
63.5
56.0
53.25
54.75
58.75
62.0
60.75
55.75
54.0
54.0
53.25
52.75
47.0
45.25
46.0
47.0
46.75
52.75
54.0
54.0
56.0
53.0
54.75
54.5
54.25
54.0
54.25
57.0
58.5
55.75
56.75
60.75
61.25
55.0
54.25
53.75
49.0
44.5
44.0
52.25
55.25
53.75
54.75
65.0
67.0
68.5
69.75
64.25
63.5
63.0
63.25
71.0
71.75
74.25
72.5
65.25
60.75
61.5
60.75
53.25
47.5
45.5
47.25
51.25
55.75
54.0
57.0
70.75
69.75
74.75
74.5
74.75
68.0
67.25
66.75
74.0
77.0
77.5
75.75
67.0
62.5
60.5
57.25
55.0
48.0
46.0
53.75
57.75
49.75
52.75
56.0
65.5
70.0
73.75
76.0
73.75
74.25
74.0
73.0
71.0
76.25
76.75
77.25
73.75
67.25
61.25
60.5
53.75
46.75
47.5
56.25
49.75
44.75
51.5
54.25
71.0
72.0
73.5
74.75
76.75
72.0
72.0
72.75
73.25
76.75
77.25
76.25
69.75
65.25
63.75
65.75
54.25
48.25
46.0
46.75
53.5
57.25
52.5
55.5
68.25
68.25
72.25
73.75
73.25
73.25
73.25
73.0
75.5
78.5
76.75
73.75
73.75
72.0
65.0
55.75
54.75
48.0
45.75
46.75
46.5
47.0
51.5
54.5
55.75
55.0
56.25
60.5
67.25
65.5
57.0
54.0
54.0
59.0
61.75
63.75
59.5
55.25
55.5
53.25
54.5
47.5
45.75
45.0
46.25
46.5
52.25
54.25
54.75
54.25
54.0
55.25
54.25
55.0
55.5
54.75
56.5
58.0
56.0
56.0
62.0
62.75
57.5
53.0
54.25
48.0
45.75
45.75
49.25
55.75
56.75
56.5
65.75
65.5
69.5
70.25
64.25
66.5
68.5
67.5
73.5
79.25
80.75
78.75
67.25
63.5
62.25
61.0
55.0
48.0
45.75
45.0
57.5
52.25
51.25
56.25
71.0
72.75
76.75
79.5
72.75
71.25
74.0
72.0
74.75
80.5
80.25
79.0
67.25
58.0
56.0
54.0
53.5
48.5
52.75
56.25
51.0
47.25
52.0
56.25
64.5
65.75
69.0
69.0
67.25
68.25
68.0
71.75
72.0
75.5
76.5
75.0
70.75
66.25
65.0
63.5
54.25
52.25
55.25
45.0
47.0
46.25
52.25
55.0
68.0
71.5
76.25
75.25
77.0
74.0
73.0
74.25
76.0
76.75
77.5
77.5
74.25
71.0
66.5
61.5
56.75
48.0
46.75
46.0
56.5
51.0
52.25
56.75
64.75
66.25
73.0
75.5
75.5
76.75
75.0
74.25
73.75
77.75
78.0
73.0
72.75
71.0
62.75
55.5
53.5
47.0
45.25
44.75
46.5
44.75
50.75
53.75
54.0
53.0
55.5
59.75
66.0
63.0
61.5
64.5
65.0
60.0
63.25
63.75
59.0
54.5
54.0
52.25
52.0
47.0
44.5
45.25
44.75
44.75
50.75
52.75
53.0
52.75
52.75
53.0
53.25
53.0
53.0
55.0
58.5
58.75
56.5
55.75
60.5
61.5
55.5
52.5
52.75
47.5
46.75
49.0
55.25
50.75
52.25
57.25
70.0
63.0
68.25
70.5
64.5
66.75
69.75
67.0
72.0
77.0
75.75
74.75
65.0
62.0
61.0
59.5
55.5
48.5
46.25
45.25
50.0
55.25
52.0
56.0
72.75
72.5
74.25
75.5
69.0
73.25
77.25
76.75
77.5
75.75
78.5
77.75
68.75
64.25
61.25
60.5
57.0
52.25
48.5
46.5
46.5
48.5
51.5
55.5
69.25
67.25
70.25
72.5
65.25
68.25
66.25
65.0
65.5
68.75
75.25
69.25
65.75
59.0
56.0
54.75
55.0
49.0
47.25
46.0
48.0
46.75
51.75
54.25
56.25
56.25
54.75
54.75
54.5
54.5
54.5
54.25
54.25
55.25
55.5
55.5
56.0
55.0
56.0
54.0
55.25
48.25
46.25
46.75
46.5
47.0
51.5
53.75
55.0
55.75
55.25
57.25
60.25
61.25
60.75
53.5
54.25
53.75
53.75
55.5
55.0
55.75
54.75
53.75
54.0
48.0
46.0
45.75
46.0
45.75
52.25
54.25
55.25
54.0
54.5
58.5
62.75
57.75
54.25
53.0
53.25
53.75
53.5
54.5
54.25
55.0
55.0
54.25
53.5
47.75
46.0
45.75
45.5
46.0
52.75
55.0
54.75
55.75
54.0
54.25
53.5
54.25
54.75
54.75
55.75
58.25
59.0
57.75
59.75
55.75
54.5
54.5
53.5
48.0
46.75
51.25
52.75
47.25
53.25
57.75
69.75
65.0
70.75
70.5
63.5
64.25
68.75
65.75
70.5
77.5
77.5
76.75
67.25
62.0
60.75
60.25
55.75
48.0
45.75
44.75
46.75
55.75
51.0
52.5
67.25
69.0
74.0
75.0
71.25
68.0
66.5
67.0
70.5
76.75
79.5
78.5
68.0
61.5
58.25
55.0
51.25
45.75
43.5
44.25
44.25
53.25
54.5
54.5
68.25
61.75
67.25
66.75
61.25
64.5
64.25
63.75
70.75
74.5
74.75
75.5
68.25
62.0
64.5
61.75
52.75
44.0
42.25
50.0
52.25
42.25
47.25
52.0
67.75
68.75
70.5
71.25
70.5
66.25
65.0
68.0
75.0
79.5
78.0
77.0
68.75
62.75
62.5
57.25
54.5
53.0
52.5
52.5
59.5
58.75
55.5
57.5
69.5
66.5
72.75
72.25
74.75
73.25
76.75
73.25
72.0
76.25
73.25
72.0
71.25
67.0
67.25
59.25
53.75
51.0
51.0
52.0
52.25
52.0
52.75
53.75
54.25
54.5
53.0
53.75
58.0
60.25
69.25
67.5
64.75
64.75
68.0
67.0
58.25
54.75
55.25
53.25
53.0
52.0
50.75
50.25
50.25
50.5
53.25
53.25
55.0
54.0
54.5
54.0
59.75
60.0
55.25
54.0
55.5
58.25
58.5
57.0
60.25
60.5
55.0
53.0
52.25
50.0
49.5
58.0
58.75
57.5
58.0
64.0
68.0
64.25
66.5
70.5
64.5
63.75
68.25
66.25
72.0
76.75
75.25
74.0
64.5
60.75
62.0
60.0
55.75
50.0
60.5
60.75
57.75
57.0
59.0
62.0
70.25
70.75
71.5
74.5
71.0
67.75
69.25
67.75
74.25
75.75
76.5
75.0
65.5
59.5
57.25
57.5
52.5
50.25
50.0
53.75
61.75
54.25
53.75
54.5
65.0
65.75
69.0
66.0
61.25
64.5
65.75
63.25
72.0
76.5
77.25
74.25
68.5
60.25
62.5
64.5
61.0
63.0
61.75
61.5
61.25
61.25
61.0
56.5
65.0
71.5
71.75
72.75
71.25
69.25
68.0
67.75
72.25
76.75
75.0
72.5
60.0
56.5
56.0
53.0
53.75
51.75
51.25
60.75
58.5
51.0
53.25
56.25
67.75
64.25
64.25
69.0
59.75
67.75
66.75
65.25
70.75
73.75
72.5
73.25
66.0
61.5
58.0
53.25
53.5
51.0
51.0
51.25
51.25
53.25
51.5
52.25
53.75
53.5
58.75
60.5
62.25
61.25
55.75
53.5
54.0
57.25
61.25
62.75
56.25
55.25
54.75
53.25
53.0
50.25
51.0
51.25
50.5
49.75
51.5
52.75
53.75
53.5
52.5
54.0
58.0
60.25
53.0
52.75
56.5
57.25
55.5
54.25
63.0
66.0
60.5
57.5
52.5
51.5
50.25
57.25
61.0
55.25
53.0
54.75
67.25
64.5
66.0
67.5
64.5
64.5
67.25
66.0
70.25
74.75
74.5
70.0
63.75
60.5
62.25
58.0
54.75
52.75
52.0
51.75
51.25
59.0
58.25
54.75
65.0
69.25
68.75
72.0
65.75
64.25
64.75
65.25
71.75
74.25
74.0
73.0
60.75
57.25
55.75
56.25
55.5
51.0
50.5
50.75
50.5
50.5
53.5
55.0
63.75
65.25
63.25
65.25
60.75
60.5
60.0
61.0
71.25
74.25
75.25
69.75
58.25
55.75
60.75
60.0
53.0
51.5
50.75
59.0
61.5
59.0
54.5
56.75
64.25
69.5
71.5
72.0
67.0
66.25
64.75
66.25
70.0
76.5
75.25
73.0
58.0
56.5
55.5
55.0
54.75
51.75
50.75
58.0
57.75
52.5
53.25
54.25
65.0
62.75
66.25
70.0
68.0
66.25
67.5
66.5
71.75
75.25
74.0
70.25
65.25
60.25
58.75
57.0
57.0
54.0
49.25
49.5
49.75
49.75
51.5
52.5
53.75
56.5
60.0
59.5
56.25
53.25
55.25
55.25
56.25
56.0
53.25
54.5
53.5
54.5
53.75
52.25
53.25
52.0
51.5
51.75
51.5
50.75
52.75
53.0
54.25
53.75
53.0
54.25
53.0
54.0
53.0
54.25
56.0
58.75
59.5
55.0
54.5
53.25
53.25
52.75
52.0
49.5
49.0
54.5
59.25
59.25
56.75
53.25
67.0
62.5
64.25
69.75
63.25
62.0
67.5
66.75
71.75
69.75
68.5
69.75
61.25
55.0
53.75
52.25
53.25
50.75
50.5
49.75
60.25
50.75
53.5
54.0
62.0
62.0
61.5
62.75
60.0
59.75
61.25
66.0
69.75
66.75
64.0
62.75
54.75
53.75
53.5
52.5
52.0
52.75
59.5
53.5
49.25
49.0
51.25
53.75
56.75
53.75
52.75
54.75
54.5
56.0
53.5
54.0
53.75
53.5
53.75
54.0
53.75
54.75
53.75
53.75
52.0
50.75
50.5
50.0
50.0
50.25
52.25
53.75
53.75
53.5
53.75
53.25
53.5
52.25
52.0
53.25
52.25
52.75
53.5
53.0
54.0
52.75
53.75
52.5
52.5
50.75
50.25
49.75
50.25
50.0
52.75
52.75
53.5
54.5
53.75
54.5
53.0
57.5
59.5
59.25
59.75
55.0
54.0
55.0
55.75
55.5
53.0
53.0
52.75
52.5
51.5
49.75
50.0
50.0
52.0
53.75
53.25
54.5
53.5
56.0
57.5
55.0
53.25
52.75
58.5
58.0
54.0
53.75
54.0
53.5
53.75
53.0
52.25
50.5
50.25
50.0
50.5
51.25
53.0
54.0
54.0
53.75
53.25
52.75
53.0
52.75
52.75
53.75
54.75
57.5
56.5
55.5
54.0
55.25
53.75
52.75
52.25
50.75
50.0
50.5
50.0
50.0
52.75
55.75
65.25
67.25
59.25
63.25
60.0
60.25
63.25
64.0
73.25
73.5
67.5
67.5
64.5
62.25
55.0
51.5
52.0
51.5
49.25
53.0
50.0
50.5
52.25
54.5
57.75
64.5
63.0
64.75
64.5
66.5
64.75
68.25
67.75
69.25
68.25
63.5
61.5
58.75
53.5
52.5
52.75
51.25
50.0
51.5
48.75
46.75
48.5
53.75
57.0
53.0
52.25
57.25
61.75
61.75
64.0
64.0
64.25
63.25
62.75
61.75
61.5
55.75
53.5
50.0
49.75
47.75
46.5
47.5
46.75
47.0
49.75
49.75
51.0
50.5
50.0
50.75
49.25
49.0
49.5
49.0
49.25
51.25
52.0
53.75
53.0
55.25
55.5
55.25
52.5
51.5
49.0
49.75
49.5
49.75
51.25
52.5
53.0
58.75
57.0
57.0
57.25
56.75
57.25
57.25
57.5
56.75
57.0
56.0
56.0
52.25
51.0
49.5
49.75
49.75
51.25
49.75
49.5
50.25
49.5
49.75
51.75
50.75
50.5
50.25
58.25
60.0
61.75
63.0
62.75
61.0
55.75
50.75
51.0
52.0
52.0
50.25
51.25
50.5
50.75
49.75
50.25
50.0
50.0
51.0
52.25
51.0
51.75
50.0
51.0
51.75
50.0
52.0
53.25
53.75
51.75
55.25
54.25
55.25
52.25
50.25
50.5
50.5
55.75
57.75
49.5
47.0
49.5
51.0
50.75
54.0
58.5
60.0
62.0
63.5
63.75
64.25
67.5
65.25
65.0
65.0
68.75
64.75
50.25
47.5
47.75
57.5
57.25
57.25
57.5
57.25
52.5
50.75
52.5
57.25
61.25
61.5
60.75
62.0
61.25
62.0
66.25
68.5
67.0
62.0
63.0
62.0
55.5
52.5
52.75
54.25
55.25
60.0
63.75
53.0
52.75
56.5
57.75
53.75
58.5
63.25
66.5
67.75
70.25
68.0
69.0
68.5
68.0
68.25
71.75
63.0
53.0
55.25
52.75
50.5
52.25
62.0
56.75
51.0
52.75
52.5
52.25
54.0
53.75
65.75
69.75
70.0
70.75
72.25
73.75
73.5
71.75
68.75
67.5
64.25
57.0
55.5
55.5
55.0
64.25
57.75
54.5
54.5
55.0
55.75
67.5
66.0
67.5
74.5
71.5
73.25
77.0
75.75
76.0
77.5
74.0
72.75
73.0
71.0
59.75
54.0
56.5
54.5
54.75
52.25
51.25
50.25
51.0
51.5
52.75
52.0
51.5
52.0
59.75
64.0
62.5
63.75
63.0
62.5
56.0
57.0
53.0
54.0
53.0
51.0
52.25
51.25
52.0
51.75
55.75
56.75
56.0
55.25
56.25
56.25
55.75
55.75
61.0
63.0
61.5
61.5
63.5
65.75
63.75
56.75
56.0
56.0
56.25
56.25
54.25
53.75
54.0
56.5
62.0
64.0
60.0
58.5
63.75
59.75
57.5
57.75
61.0
67.5
66.75
67.5
67.0
71.0
72.0
70.25
72.75
69.25
58.75
56.0
57.0
56.0
55.25
63.25
61.75
54.5
53.0
54.75
59.5
62.75
62.75
63.75
64.0
63.5
63.5
63.25
62.5
64.5
64.25
56.0
54.0
53.75
49.25
46.75
47.25
45.5
53.25
56.25
47.75
46.75
46.75
50.0
55.75
51.25
53.25
56.5
58.25
58.75
66.25
61.75
63.25
64.0
65.75
66.25
68.0
61.5
53.5
50.75
51.75
60.0
60.5
59.75
58.0
57.5
50.75
52.25
54.25
62.0
65.75
67.5
65.0
61.5
63.25
64.0
63.5
65.0
64.5
59.5
53.75
56.0
55.5
50.5
52.25
50.75
59.75
60.0
58.25
53.25
50.5
53.5
64.75
60.0
60.75
61.0
65.75
64.75
66.0
67.25
61.75
63.25
63.0
62.0
59.75
57.25
53.25
49.5
50.0
49.75
49.25
49.25
50.25
49.5
49.75
51.75
51.0
51.75
50.75
50.75
55.25
56.75
56.5
56.75
56.5
56.25
50.5
51.5
52.0
52.0
52.25
50.25
50.0
49.25
49.5
49.5
50.5
53.25
50.25
49.75
51.0
51.25
51.5
50.75
55.0
56.5
57.0
56.25
59.0
59.5
57.5
51.25
53.5
52.25
51.0
50.75
50.75
50.0
50.25
50.25
49.75
50.0
50.0
50.75
51.0
51.0
52.5
55.0
55.5
54.25
56.25
56.0
57.25
56.25
57.0
58.25
53.5
52.75
51.75
51.5
50.5
54.5
59.5
59.5
50.75
50.75
50.0
52.75
67.25
70.0
70.0
70.75
65.5
67.0
64.75
65.0
74.25
72.5
73.0
71.75
64.25
56.25
57.25
54.0
50.75
49.75
50.5
49.25
50.5
59.75
58.25
52.0
64.5
65.25
69.25
67.0
61.5
61.5
62.75
62.25
69.25
71.75
72.25
72.25
63.25
58.75
62.75
61.5
53.0
51.5
50.0
49.75
49.75
58.0
59.0
53.0
67.0
68.0
71.0
74.0
68.5
63.75
62.25
63.5
69.5
66.25
70.0
65.0
57.0
52.25
53.25
51.25
51.0
51.25
55.25
60.75
55.25
51.25
51.75
54.5
66.25
60.5
62.0
62.25
58.75
56.0
56.75
57.5
67.5
70.25
69.5
65.75
65.0
58.75
57.75
54.5
51.75
51.25
50.75
50.75
51.5
51.5
51.0
52.75
53.25
52.25
52.75
52.0
58.75
62.5
58.25
58.0
60.25
62.75
66.25
62.25
54.25
52.75
52.5
52.0
52.0
52.5
51.0
51.75
52.25
51.25
52.5
52.0
54.0
53.0
54.0
56.25
56.75
59.5
60.75
58.75
61.25
63.5
66.0
65.5
65.25
58.5
58.25
52.0
52.0
52.0
50.5
62.0
61.0
53.0
52.25
52.75
67.25
62.25
66.75
67.25
63.5
62.25
61.25
60.25
68.5
73.0
72.25
72.25
65.0
63.0
63.75
63.5
53.0
51.0
57.25
56.25
53.75
50.0
51.0
52.5
66.25
68.75
71.25
72.0
67.75
64.75
63.5
63.25
71.0
70.25
70.75
69.25
57.75
57.25
56.25
55.0
52.0
50.5
51.0
55.25
62.0
55.75
51.0
53.75
65.5
62.0
69.5
70.0
62.25
62.0
62.25
60.5
68.25
70.25
69.5
70.75
65.75
60.75
64.25
64.5
52.0
49.5
49.0
49.0
59.5
57.5
49.5
54.25
65.0
66.5
73.25
73.25
72.75
73.25
62.75
62.25
69.25
72.75
74.0
71.25
61.5
63.25
63.0
59.5
49.5
50.0
50.0
58.25
59.5
49.75
49.5
53.0
65.25
61.75
63.5
69.0
73.0
74.5
71.0
68.75
68.0
70.75
72.0
70.0
70.75
65.25
59.25
50.5
50.0
48.5
49.75
48.75
48.75
51.0
49.0
50.25
50.5
51.5
50.75
52.5
58.5
57.25
60.25
58.75
56.75
63.25
63.5
64.5
51.75
50.75
50.75
49.75
50.0
49.0
50.0
49.75
49.25
50.5
51.0
49.75
51.25
51.0
51.0
54.25
59.5
63.0
55.25
50.5
53.5
53.5
53.5
55.5
62.0
55.75
51.0
49.25
49.75
50.5
58.75
59.25
54.75
50.5
50.0
52.0
64.0
64.0
65.5
63.0
58.0
64.0
65.75
65.25
71.75
73.75
75.75
76.75
69.5
63.75
62.0
59.25
50.75
49.75
49.25
57.0
56.75
50.5
50.25
54.0
68.0
68.0
72.5
72.5
71.0
69.25
65.25
69.0
77.75
75.5
74.25
72.5
63.75
58.5
55.75
55.5
52.75
52.75
52.5
55.5
59.5
56.0
50.5
54.5
61.75
62.5
69.25
71.0
64.25
66.0
65.75
65.25
72.0
73.75
74.0
73.5
66.25
62.5
62.75
61.5
56.25
54.75
56.75
61.0
61.25
62.5
53.25
58.25
68.75
70.5
75.0
76.25
69.75
69.0
69.0
68.5
76.75
76.25
77.25
75.25
65.0
56.75
53.75
60.0
64.0
63.5
63.25
62.5
62.5
59.75
54.0
55.75
64.5
68.75
67.0
69.0
73.0
71.0
68.75
70.25
71.5
74.5
77.5
74.5
71.5
71.5
66.5
60.0
55.0
53.25
52.5
52.75
52.25
52.5
53.5
53.0
53.75
52.75
52.5
56.5
63.25
60.25
58.5
59.5
59.0
63.75
65.25
64.25
59.5
60.0
59.75
57.75
57.75
58.0
59.0
57.5
59.0
58.25
58.0
58.25
59.25
59.75
59.75
57.0
55.25
56.5
62.25
64.5
66.75
65.0
63.5
64.5
64.75
60.0
59.5
58.5
58.75
57.75
58.0
58.75
60.5
62.25
56.5
54.5
62.0
70.0
66.75
67.75
68.25
72.0
71.0
71.75
72.75
75.0
74.75
75.75
68.75
63.75
61.5
61.5
55.75
53.0
52.0
56.5
61.75
61.5
53.0
56.0
69.5
70.25
75.25
77.75
71.25
67.5
68.75
68.5
78.5
76.0
74.5
72.0
63.5
59.25
56.5
56.0
51.75
50.75
51.25
59.0
60.75
56.75
52.0
54.75
62.25
65.25
68.75
70.25
65.5
63.25
63.25
63.5
71.5
75.75
73.0
72.5
67.0
63.25
64.5
64.75
54.75
51.25
52.75
58.75
60.25
51.25
52.5
55.25
68.25
68.75
75.75
75.25
71.75
69.75
68.25
69.5
77.5
79.25
76.75
75.0
66.5
62.75
59.5
59.25
61.5
62.0
61.75
52.75
51.75
51.5
53.0
54.75
67.25
69.0
69.75
72.25
68.5
66.5
67.25
66.25
70.25
72.5
73.0
71.75
66.75
60.75
56.25
52.25
52.25
51.5
51.5
53.75
52.25
52.25
52.25
54.0
55.25
54.0
53.75
52.75
60.25
64.75
55.75
62.25
58.0
58.25
59.5
60.5
55.25
53.25
53.75
52.75
52.25
52.25
52.75
52.5
52.5
52.75
50.5
49.25
51.75
50.25
51.75
56.25
56.0
55.0
57.75
57.5
60.5
60.25
61.5
61.25
62.75
58.0
53.75
51.25
52.75
52.75
51.5
51.25
57.25
57.75
54.25
54.5
61.0
65.75
70.25
71.5
67.75
69.25
68.5
70.25
74.25
77.25
74.25
75.25
70.5
65.0
60.5
57.5
53.0
51.75
51.5
50.5
48.25
57.5
54.25
50.0
65.25
66.75
70.0
71.0
69.0
63.75
63.25
64.25
69.0
71.5
72.25
69.5
61.25
57.25
60.25
59.75
50.75
48.25
48.5
57.5
53.75
49.0
49.0
51.25
63.25
59.0
66.25
68.5
63.25
64.25
70.25
69.75
76.5
75.75
77.5
73.25
65.5
62.25
64.5
63.5
52.75
52.0
54.75
59.75
59.25
51.75
51.0
55.25
66.25
69.0
74.25
74.25
78.0
74.0
74.25
75.0
73.25
76.25
76.25
76.5
73.75
65.0
61.5
64.75
53.75
54.25
58.5
52.0
54.75
50.0
50.75
52.5
66.0
65.0
62.5
63.75
71.75
72.5
71.0
68.75
68.25
70.0
71.25
69.25
70.5
64.5
61.25
55.0
49.0
48.5
47.75
47.75
48.25
48.25
48.25
49.0
49.75
48.5
52.0
55.75
61.0
61.5
56.25
56.0
54.0
55.75
57.5
59.5
51.25
49.25
49.5
47.75
48.0
47.75
48.25
47.5
47.75
48.25
47.5
47.75
47.75
47.25
47.25
50.5
58.75
59.0
49.5
47.75
51.25
52.5
55.5
57.5
55.25
51.5
51.5
51.75
52.0
58.25
57.25
57.25
57.0
57.25
53.0
50.75
56.75
59.75
64.0
71.5
67.5
67.5
68.0
67.75
71.75
75.75
76.75
74.75
68.5
65.75
59.25
57.75
52.5
51.25
50.25
52.5
59.75
59.5
53.25
53.25
66.5
68.25
73.75
72.75
67.25
66.0
66.25
66.25
76.5
74.75
75.75
78.0
69.5
59.25
54.0
52.0
52.25
51.0
52.75
51.5
55.75
60.75
52.75
52.5
61.75
65.25
69.5
71.5
66.75
64.75
64.75
64.75
70.25
75.25
76.5
76.0
68.25
62.75
64.0
65.75
53.5
50.75
52.5
60.25
60.75
51.25
52.75
54.75
67.5
67.75
71.0
73.75
75.75
71.0
70.0
72.0
73.5
74.0
72.75
72.25
62.75
61.25
60.75
64.5
52.0
53.25
60.0
51.75
51.5
50.5
51.0
53.25
64.75
70.5
71.75
70.5
71.0
71.0
69.25
70.0
72.5
72.0
66.75
70.75
70.75
68.5
64.5
58.0
53.75
53.0
52.75
52.25
53.25
52.5
51.5
52.0
54.5
53.0
52.5
53.25
64.25
60.5
57.75
58.0
57.75
62.25
65.5
66.25
58.0
54.0
52.5
51.0
51.0
50.5
51.25
50.75
50.75
50.75
52.25
51.5
51.75
51.75
52.0
54.0
54.25
54.5
48.5
51.5
55.0
58.25
59.25
61.5
63.75
58.75
55.25
51.75
51.25
53.75
61.5
61.25
56.0
51.75
51.25
53.5
65.5
61.0
62.5
63.0
64.25
67.75
69.25
66.75
69.0
72.25
71.25
67.75
66.0
62.75
60.75
58.25
51.75
50.25
58.75
57.75
50.5
49.25
50.25
53.0
60.5
60.75
69.75
71.25
67.25
66.0
64.5
65.0
71.0
67.75
71.0
69.25
64.5
61.5
54.25
53.25
51.0
51.0
50.25
55.5
59.0
51.25
51.5
54.0
62.0
66.75
68.0
68.5
63.0
61.75
61.75
62.25
73.75
73.75
75.5
73.5
65.25
62.5
58.75
58.0
52.25
51.0
55.25
60.5
55.75
50.5
52.75
54.5
66.75
66.25
71.0
75.5
74.5
71.0
71.0
73.0
72.75
74.75
72.75
72.75
65.5
62.0
60.25
62.75
51.75
51.75
54.5
60.25
59.0
51.25
52.5
53.25
64.5
65.75
66.25
66.5
65.75
66.75
69.0
66.5
70.25
69.75
70.25
66.0
69.25
67.5
65.0
56.75
52.0
51.0
50.25
51.0
50.5
51.0
52.5
51.25
51.5
51.25
51.5
56.25
61.25
59.25
59.5
63.5
63.25
60.25
61.5
61.75
55.0
52.5
51.5
50.5
50.5
50.0
51.5
50.75
50.5
50.25
51.25
51.5
53.5
50.75
55.0
62.5
61.5
51.75
50.0
54.25
54.0
53.75
57.25
61.0
51.0
53.75
51.25
49.75
50.0
49.5
50.75
60.25
58.0
51.75
54.75
63.5
62.25
63.25
66.25
61.25
60.0
61.25
62.25
67.5
71.75
69.5
74.0
64.25
63.25
57.25
56.0
52.5
49.75
49.75
50.75
60.0
58.75
51.0
54.0
68.5
67.25
72.75
70.75
68.0
61.25
61.75
66.0
66.5
64.75
68.75
65.75
57.5
55.75
53.75
56.25
53.5
50.25
59.0
62.0
60.75
60.5
55.25
51.0
62.75
61.5
65.5
65.5
60.0
62.0
59.5
62.0
65.0
70.5
68.25
66.75
64.25
56.25
57.0
55.75
50.5
50.25
51.25
54.5
59.25
59.5
56.25
53.75
65.5
66.5
69.5
69.75
64.0
63.75
61.75
60.75
65.75
69.75
72.75
69.75
56.75
53.75
52.5
58.25
49.75
49.5
58.0
56.5
52.0
49.75
51.25
50.75
64.0
61.5
62.25
64.25
63.5
63.75
65.5
64.5
64.75
65.75
69.0
65.75
65.5
65.25
63.25
58.75
51.25
49.75
49.0
49.25
49.0
49.5
50.75
52.5
53.0
52.0
54.5
60.25
62.25
60.0
57.25
58.25
59.25
56.5
49.75
53.75
52.0
52.25
50.25
50.75
47.75
50.25
48.5
49.25
49.0
49.25
52.0
52.25
53.75
52.5
52.75
51.5
50.5
50.0
56.75
58.25
59.0
62.75
55.75
53.0
52.75
51.0
52.0
50.25
52.75
52.75
61.25
53.0
48.5
48.75
51.0
50.25
62.25
62.25
60.25
59.5
58.25
54.75
56.5
60.25
66.25
68.75
62.25
55.5
66.75
65.25
55.5
53.0
52.0
50.5
49.5
48.25
51.0
57.75
55.25
52.25
58.75
61.5
66.75
65.75
61.75
60.0
60.25
61.25
65.75
69.5
68.75
63.75
55.75
53.5
53.25
52.0
52.75
49.25
50.5
57.25
60.0
49.25
51.75
54.5
60.25
63.0
67.25
66.25
60.5
63.25
63.75
61.75
65.25
69.25
69.75
62.5
63.0
64.0
53.25
52.5
52.5
49.75
49.5
48.5
48.0
55.75
57.0
52.0
63.75
65.5
66.0
66.75
62.75
60.75
60.0
63.0
69.5
68.75
66.75
60.0
55.75
59.25
54.75
53.5
52.0
50.0
50.0
50.75
50.75
50.75
51.25
54.25
65.75
61.75
60.5
60.25
55.75
53.25
61.5
56.75
67.5
70.25
70.25
63.75
64.0
62.25
54.25
50.75
53.0
51.0
49.25
50.5
48.75
49.75
51.5
51.5
52.5
51.5
51.75
53.0
58.75
58.25
62.75
63.0
62.25
61.5
53.0
52.75
51.75
53.25
53.5
52.25
51.75
51.5
51.0
51.75
50.0
50.0
51.75
53.25
53.0
54.0
52.5
55.5
57.5
55.0
57.75
59.75
60.75
62.25
61.75
62.5
61.0
57.5
55.0
51.5
51.0
51.0
49.0
53.5
59.25
55.25
50.5
52.25
64.0
62.75
62.25
65.5
60.0
62.5
63.0
66.25
67.5
72.0
70.25
69.5
63.5
61.5
63.75
63.0
51.25
50.25
49.75
52.75
60.0
55.5
51.25
54.25
67.0
66.25
71.25
72.5
67.5
61.75
62.5
62.25
67.25
70.25
72.75
69.75
64.5
64.0
59.0
56.0
52.0
49.0
48.25
47.75
49.25
58.25
58.25
51.75
65.5
61.75
67.75
70.0
63.75
62.5
60.75
61.5
65.25
68.75
64.75
64.0
69.5
66.25
67.0
67.25
54.0
49.75
60.25
59.0
59.0
57.75
50.5
52.5
62.0
60.5
67.0
68.25
73.25
66.75
65.0
64.25
67.25
64.25
64.5
66.0
57.25
54.25
56.0
54.75
54.75
49.5
59.75
52.0
50.75
50.25
52.0
54.0
62.0
61.0
64.25
64.0
62.25
63.75
61.25
62.5
62.0
64.5
64.25
64.75
66.0
64.5
62.0
56.75
52.75
49.5
50.0
48.0
49.25
51.0
51.25
51.5
53.75
52.75
50.5
50.5
55.0
58.5
58.75
56.5
56.25
62.5
64.75
64.75
53.75
49.25
51.0
49.75
49.75
49.0
46.75
48.25
47.75
47.0
49.0
50.25
51.0
51.0
51.75
52.5
59.5
53.75
54.25
55.5
58.0
56.75
59.0
57.5
55.75
52.0
49.5
50.0
49.25
47.25
46.0
46.75
51.25
55.5
52.0
52.25
60.0
59.0
60.5
63.25
60.5
60.0
61.75
62.25
64.25
68.5
70.0
68.0
63.25
63.75
61.0
60.0
52.25
50.25
48.75
59.0
58.25
52.0
51.5
53.5
61.5
60.25
66.5
68.5
64.5
60.5
60.25
59.75
66.0
69.25
71.75
67.0
55.0
57.5
53.75
50.5
52.0
61.5
58.0
56.25
46.0
48.0
51.0
55.75
65.0
64.75
66.0
67.5
62.0
68.25
63.0
60.5
67.5
71.25
74.5
75.0
70.25
66.25
68.0
62.0
57.75
61.5
59.75
58.5
58.5
56.75
50.0
53.0
65.5
65.5
71.0
72.75
77.5
69.25
67.5
63.25
68.5
75.0
72.5
73.0
59.0
55.75
52.75
53.5
54.5
55.25
61.5
54.25
50.5
51.0
53.25
56.5
66.5
64.0
68.75
68.75
65.0
64.0
60.75
61.25
65.75
73.5
72.0
69.0
63.75
60.0
58.25
57.0
53.75
50.5
49.75
50.75
49.75
51.25
52.0
53.75
54.5
53.25
53.0
52.75
56.25
57.25
55.75
56.0
57.5
58.5
57.0
57.75
49.5
48.25
51.25
50.75
51.0
49.5
48.25
49.5
49.25
48.0
50.0
51.75
52.0
51.25
51.5
51.25
51.25
50.25
50.5
53.25
54.75
52.0
49.0
48.0
49.25
50.5
52.0
50.75
52.25
49.0
48.25
49.5
58.75
57.5
50.25
52.5
62.25
61.25
63.0
65.0
60.25
65.5
62.5
62.5
67.0
71.75
71.25
70.5
65.25
67.75
64.25
58.0
51.25
49.75
57.75
59.25
53.0
49.0
51.0
53.5
60.5
62.0
70.75
71.5
65.25
62.0
62.75
64.0
68.5
71.75
66.75
65.75
56.0
55.25
53.5
51.0
52.25
50.0
54.75
58.25
50.0
48.75
50.0
54.0
61.5
62.25
69.0
70.25
62.75
62.75
62.0
60.5
64.5
68.25
67.0
67.5
65.75
62.5
62.0
55.75
51.5
49.75
49.5
49.25
57.5
58.0
53.25
54.0
60.0
61.5
68.75
68.5
64.0
60.5
61.25
61.0
63.25
67.5
65.5
65.75
58.5
54.25
53.75
52.25
53.75
50.75
50.75
58.25
59.5
50.5
54.0
53.5
59.0
61.75
66.25
67.25
60.25
60.0
56.75
57.5
63.75
66.0
67.0
66.75
56.25
52.25
50.5
50.0
48.5
51.25
49.75
50.75
50.0
50.5
51.25
52.25
53.25
52.0
52.75
51.5
60.25
59.25
52.75
53.25
50.5
52.75
55.0
54.5
55.75
52.25
53.5
52.5
52.0
49.0
49.0
50.25
49.0
48.75
49.0
50.75
49.5
49.25
55.5
52.75
58.5
56.0
55.25
52.75
58.0
54.25
53.75
55.25
61.0
58.0
51.75
51.75
52.25
49.25
51.0
53.75
51.0
45.0
47.0
49.5
54.25
59.5
64.0
65.0
60.0
63.0
60.5
62.25
66.5
68.5
68.0
66.25
60.5
59.75
53.5
50.75
53.5
58.5
55.75
56.5
56.25
52.5
51.5
53.5
61.75
60.75
66.0
66.0
67.5
63.0
61.25
61.75
69.5
68.25
73.25
69.25
57.25
55.0
57.75
54.0
53.0
52.5
61.0
57.25
56.25
51.75
49.0
53.25
59.25
61.5
63.0
62.25
58.5
62.5
62.0
60.75
69.25
68.5
68.0
68.0
61.75
59.5
62.0
61.25
50.25
54.25
57.25
58.75
48.25
49.75
53.5
54.0
62.0
62.25
63.75
66.75
63.0
63.75
63.5
63.25
67.5
69.25
70.25
69.5
62.75
58.75
60.75
57.5
58.25
58.0
59.25
61.0
58.75
58.5
58.25
61.0
65.75
60.5
67.75
67.0
65.5
62.25
60.75
59.75
65.0
69.5
70.25
70.25
66.25
62.75
57.0
59.75
55.25
52.75
50.75
49.5
51.5
51.0
52.0
57.25
53.25
54.25
55.5
55.25
58.0
63.0
54.0
54.5
61.0
54.25
59.0
58.75
53.0
59.5
54.25
55.0
54.75
52.0
49.25
49.5
49.0
47.5
50.75
54.5
54.5
55.25
56.0
57.25
60.0
60.75
52.25
53.5
57.5
57.0
60.0
57.5
62.25
60.5
61.0
57.25
54.5
52.5
51.75
51.5
53.25
51.75
54.75
58.25
65.5
59.75
65.0
65.5
60.5
62.25
65.0
65.0
70.5
71.25
70.75
71.5
64.75
61.25
57.75
55.0
54.0
59.75
58.0
54.75
53.0
52.5
55.0
55.25
64.25
63.0
66.5
68.75
60.0
57.0
57.25
60.0
67.0
66.5
67.5
65.75
57.25
59.5
57.25
52.25
51.0
49.25
49.25
53.25
59.0
53.0
51.0
52.75
61.5
60.5
62.75
65.5
58.5
58.75
57.5
53.5
61.5
65.25
65.5
67.75
61.75
58.25
61.5
58.5
51.25
54.75
54.75
49.0
48.75
49.25
51.75
54.0
58.5
61.0
64.25
63.75
62.5
56.25
55.5
57.5
64.75
68.0
66.5
66.75
62.75
57.75
50.5
52.0
52.0
54.75
59.25
50.5
48.75
51.0
51.0
52.75
61.25
58.25
61.25
61.0
58.0
55.0
52.0
55.5
64.0
65.5
64.5
65.0
60.0
59.5
56.0
54.25
53.5
51.0
51.0
51.5
51.75
51.5
51.25
53.0
52.75
53.0
54.25
53.0
56.0
57.25
54.25
51.75
49.75
52.75
54.0
56.5
52.0
52.25
52.5
50.0
48.25
49.5
48.75
49.5
50.0
48.75
52.0
52.0
51.5
52.25
52.75
57.75
56.0
55.0
54.0
52.25
54.0
56.25
56.0
57.5
57.25
51.0
52.5
52.75
52.5
49.0
53.0
55.0
52.5
50.0
50.75
52.5
60.75
58.0
57.75
59.25
57.75
58.75
58.5
58.5
64.0
71.75
65.5
67.0
69.5
66.0
64.75
59.25
60.75
59.0
54.5
59.75
51.75
47.5
47.75
51.0
53.75
52.25
57.25
60.75
59.25
62.0
62.0
60.0
66.25
67.0
67.5
66.0
61.0
60.5
54.0
52.5
50.25
47.75
49.25
47.75
49.75
55.25
52.5
51.5
59.5
58.25
61.75
60.75
59.0
58.5
60.5
61.5
67.0
70.5
70.0
70.25
63.25
61.75
58.5
56.0
54.0
49.5
49.75
52.5
58.75
57.0
50.25
49.25
60.25
58.75
65.25
65.25
62.75
63.75
60.75
59.5
63.5
70.0
71.75
68.25
64.0
63.25
56.5
55.75
52.5
53.75
