142.25
143.0
160.0
166.0
142.5
139.75
141.5
141.75
139.25
143.5
140.5
141.5
144.25
140.5
144.25
139.25
139.75
200.5
218.5
224.0
217.25
221.75
221.25
219.75
221.5
220.5
220.0
213.0
219.5
215.5
217.75
221.25
217.75
218.25
226.5
215.0
217.25
222.75
225.0
219.0
237.0
259.75
280.25
277.5
279.25
284.5
292.25
285.75
265.0
260.0
250.75
246.75
239.0
235.25
237.75
236.5
230.5
225.75
223.5
225.75
225.75
228.0
222.5
231.0
254.25
274.75
294.25
297.0
296.5
298.0
295.0
297.25
299.75
271.75
257.75
243.5
240.75
176.5
182.75
183.0
151.25
148.25
147.0
140.75
159.75
168.25
163.75
188.0
251.75
264.0
295.5
292.75
303.25
292.75
295.0
292.75
292.0
276.25
244.0
236.25
232.0
177.0
171.75
180.25
151.5
148.25
140.5
143.0
159.75
160.5
168.75
186.25
254.75
273.75
286.25
306.5
299.5
302.0
316.0
327.25
293.0
283.25
274.0
251.75
249.75
177.75
183.0
173.5
158.5
143.5
142.25
144.75
158.0
166.0
170.25
187.75
250.25
279.75
292.5
300.75
303.75
311.75
297.25
299.5
291.25
270.25
252.25
243.75
243.0
178.5
175.25
176.0
151.25
139.5
146.25
139.25
143.0
138.25
140.75
134.5
143.5
187.0
237.0
243.5
232.5
240.75
242.5
267.75
245.25
231.5
201.75
147.25
150.0
148.25
142.75
143.25
144.0
140.25
143.5
145.75
142.25
146.75
145.75
141.0
145.5
181.25
226.75
232.0
233.75
236.0
238.75
235.75
234.0
234.75
213.0
162.75
159.0
159.0
144.0
146.75
142.0
140.0
141.5
142.75
160.25
165.75
165.75
191.25
246.75
266.5
280.5
288.5
296.5
327.25
337.25
312.0
314.5
280.25
292.75
259.5
241.0
181.25
185.75
181.75
154.75
143.75
145.5
145.0
164.5
168.5
168.75
189.25
259.25
280.25
301.25
308.75
316.25
298.0
307.5
312.75
308.75
281.0
263.0
250.0
276.75
197.5
185.0
176.75
154.0
144.0
142.75
139.5
159.0
162.25
173.25
189.5
250.0
274.75
287.75
301.5
313.5
340.0
328.25
312.25
333.25
302.25
254.5
244.25
239.25
180.25
180.5
180.5
160.25
146.5
146.0
147.75
161.75
167.75
172.5
188.75
256.5
277.5
329.0
306.25
320.5
319.5
338.0
319.0
300.75
278.5
273.5
254.25
251.0
194.0
195.0
194.5
167.75
160.0
158.75
159.75
176.5
182.25
182.5
203.75
262.0
288.0
295.75
300.25
294.5
302.25
311.25
321.25
306.0
310.25
279.75
257.75
237.75
185.0
178.75
177.0
150.75
139.75
138.5
140.25
140.75
138.25
139.0
134.25
143.0
187.0
235.5
260.5
235.75
238.75
233.0
235.75
232.75
246.25
218.0
153.25
146.75
151.5
139.25
149.25
139.5
146.0
143.5
135.0
147.25
141.5
142.5
139.25
143.5
183.5
233.25
246.75
274.0
263.0
236.5
235.25
230.75
223.5
202.5
142.25
143.75
141.5
141.25
138.75
138.25
139.5
134.0
135.25
137.75
136.75
138.5
136.25
139.75
159.25
193.25
167.0
171.0
202.5
214.75
178.25
202.0
176.25
170.5
143.5
147.0
150.75
143.5
140.0
137.75
142.75
145.5
140.0
157.5
167.5
164.75
187.75
258.5
301.5
321.75
356.0
339.75
339.0
329.5
348.0
333.25
310.75
279.25
295.75
277.75
186.75
182.0
177.5
154.0
144.5
141.75
142.25
160.5
170.0
169.25
190.75
262.25
315.25
355.75
363.25
350.75
358.5
346.25
334.25
335.5
321.75
317.0
287.75
283.25
196.75
190.5
186.5
157.25
145.5
141.5
143.0
164.5
165.0
167.75
193.0
251.75
299.75
329.25
337.0
335.5
339.5
334.25
340.75
344.5
310.5
331.5
287.75
259.0
197.5
190.5
189.75
160.5
149.5
155.0
148.75
168.25
174.25
174.25
199.5
267.25
312.5
335.0
335.25
343.25
323.75
332.0
327.0
320.75
311.0
271.25
263.25
260.75
185.75
192.75
184.25
164.5
149.0
148.75
149.5
152.5
149.5
149.25
156.5
168.75
206.5
259.5
266.5
269.0
271.75
256.25
282.5
277.25
233.75
209.0
147.75
150.75
146.0
141.75
141.75
146.25
145.0
148.0
145.5
143.75
151.0
139.75
149.25
146.5
189.25
242.75
239.25
242.75
243.75
256.5
250.5
255.0
243.5
228.75
189.5
155.5
156.0
153.25
151.25
157.25
148.75
154.5
151.0
167.5
179.0
175.0
191.75
267.75
311.25
336.5
336.0
345.5
351.0
359.0
328.25
340.0
313.0
305.5
292.75
275.5
222.0
192.0
196.5
167.75
153.25
149.75
151.25
170.25
179.75
169.75
193.0
280.25
334.75
329.5
344.0
346.5
328.0
332.25
330.75
329.75
309.25
289.25
313.25
280.25
193.25
192.5
189.75
168.5
151.25
152.75
160.0
174.5
175.25
182.25
198.25
269.75
309.75
341.0
338.5
337.75
358.0
341.0
326.25
338.0
322.75
312.5
283.5
305.25
210.5
193.0
192.0
165.75
151.75
151.5
153.25
167.25
178.25
175.0
208.0
280.0
306.5
309.75
314.75
318.0
331.75
350.75
331.25
332.25
307.0
299.25
279.0
281.25
207.5
196.0
185.75
165.75
154.5
151.25
151.75
170.75
176.5
179.0
206.75
281.0
321.25
316.0
324.25
328.0
319.25
326.0
320.5
334.25
307.25
272.5
250.25
255.25
182.5
188.5
183.5
154.5
151.0
148.5
149.25
148.0
141.25
147.5
150.25
175.75
202.5
255.5
247.75
259.5
274.75
267.0
254.5
276.75
241.5
233.75
180.75
169.75
147.75
148.5
147.5
145.5
151.25
145.0
149.5
150.75
144.0
153.25
148.75
146.75
193.0
244.5
254.25
248.0
250.25
257.75
261.75
261.0
247.75
233.5
191.0
175.5
155.25
154.75
155.0
146.25
150.25
147.5
151.5
171.5
167.0
175.5
213.25
288.75
316.75
324.5
349.25
341.5
356.25
334.0
334.5
334.75
333.5
314.25
303.5
262.0
197.5
186.0
186.5
164.75
155.75
151.25
151.5
168.5
173.0
173.5
203.25
275.25
297.25
334.25
341.0
346.75
339.75
338.0
333.5
341.0
314.5
294.25
312.75
299.5
193.5
193.25
180.0
157.25
153.0
149.0
143.0
168.25
175.25
171.75
198.5
269.5
317.25
343.25
341.75
363.0
371.0
344.5
346.25
330.75
315.5
313.0
274.75
260.5
195.75
190.25
190.25
164.25
152.75
152.0
146.0
159.75
165.5
171.25
193.75
270.25
304.5
322.5
341.75
341.75
323.75
319.5
330.5
316.5
306.25
289.25
271.5
269.25
198.0
205.5
195.5
174.25
164.25
155.5
163.75
171.75
183.0
178.75
202.5
269.25
318.25
321.25
325.5
340.75
320.25
322.75
324.5
329.0
301.25
293.25
257.75
254.25
187.25
188.5
181.5
156.75
150.25
139.5
143.75
151.25
143.0
139.75
146.0
169.0
212.0
258.25
261.25
241.5
264.75
277.25
287.5
260.0
267.75
214.25
154.25
153.5
146.75
151.25
149.75
145.75
151.25
145.0
151.5
145.0
149.0
152.75
148.25
167.0
207.25
253.5
248.0
261.0
274.5
257.5
269.75
260.25
258.0
235.75
154.5
150.0
153.25
147.25
151.25
148.5
153.25
148.5
147.0
163.5
170.75
172.0
188.75
263.0
321.75
330.5
335.0
349.25
357.5
333.75
330.5
326.75
332.25
286.75
284.25
278.5
191.5
187.25
186.5
157.75
153.75
156.75
151.75
168.5
174.25
172.25
198.25
279.5
309.0
339.0
346.75
360.75
347.5
316.25
332.0
322.5
314.25
299.25
303.75
287.25
205.75
193.0
194.25
166.0
156.0
162.0
150.5
173.5
178.25
180.0
203.25
265.0
300.0
319.75
331.0
333.0
354.75
357.5
333.5
348.25
331.25
295.0
283.25
273.0
196.5
202.5
191.0
168.5
159.0
155.75
160.0
169.75
180.25
177.75
192.5
258.75
295.25
311.75
335.5
333.75
331.0
334.25
332.5
333.25
319.5
301.5
288.25
282.5
206.0
198.75
195.25
171.75
158.25
159.75
147.5
165.75
168.5
172.25
195.5
259.75
319.5
310.75
330.0
328.0
345.75
353.0
335.5
322.5
299.75
291.5
277.0
256.0
199.5
194.5
193.5
168.5
158.75
156.25
153.5
154.75
153.0
154.0
162.25
171.5
216.25
247.0
261.25
261.5
275.0
271.75
277.5
273.0
267.25
233.75
165.0
163.5
161.25
161.5
154.25
158.0
157.25
148.75
151.25
160.25
151.5
148.0
155.5
155.0
213.25
261.75
251.0
269.5
270.0
273.5
271.75
283.0
261.75
220.5
163.0
161.0
160.75
158.0
152.25
154.0
158.0
155.25
152.5
177.6
172.0
169.0
189.75
260.25
306.75
335.25
351.5
349.25
338.0
357.25
337.25
316.0
313.0
301.25
279.75
280.75
206.5
189.5
188.0
162.0
149.75
144.5
144.25
177.5
165.0
167.75
232.5
276.75
319.0
328.75
338.75
336.5
338.0
341.5
334.25
328.75
312.75
282.25
269.25
259.0
195.75
195.25
191.0
157.75
165.25
153.5
152.75
167.75
173.25
177.0
193.75
273.75
324.0
337.0
347.5
348.75
340.75
345.25
346.5
336.25
315.75
287.25
290.5
282.5
215.25
207.25
188.0
153.0
149.75
144.25
149.25
164.75
172.5
171.0
198.25
280.0
308.25
320.0
356.0
335.0
358.0
334.25
335.5
317.75
314.0
305.5
286.5
266.0
199.75
193.0
191.5
171.5
151.5
152.0
154.0
173.5
175.75
176.5
197.0
275.5
309.25
332.5
332.0
322.0
348.25
351.75
329.0
334.25
301.0
283.5
269.5
261.5
210.75
207.5
197.75
174.5
164.75
162.25
163.0
164.25
167.25
158.25
157.5
171.0
212.75
253.5
251.5
244.75
279.75
257.25
271.25
270.25
268.75
231.25
184.0
155.0
155.25
153.75
149.25
148.5
150.0
148.5
151.5
154.25
147.75
148.0
152.5
155.25
210.5
251.25
253.25
244.5
275.5
264.75
273.25
268.5
270.75
231.0
182.25
178.5
157.75
154.0
148.75
153.5
153.75
149.0
155.25
157.0
148.75
153.0
153.75
155.5
168.5
177.25
185.5
200.5
205.0
193.0
198.75
202.75
187.75
194.0
168.5
162.25
165.25
156.75
159.75
155.75
158.0
155.75
159.0
169.75
184.5
174.75
202.5
265.0
302.25
329.5
329.0
345.25
345.25
337.0
347.0
329.5
321.25
299.5
302.0
278.25
212.0
201.0
205.5
185.25
167.5
167.25
166.0
183.0
188.0
192.0
210.5
275.0
317.0
321.75
332.0
342.5
339.0
335.25
337.5
319.75
307.0
300.0
299.0
279.75
211.75
205.75
210.75
186.0
166.25
165.0
163.0
180.0
183.0
183.25
209.25
267.0
319.25
317.75
340.0
334.0
343.75
343.0
328.75
327.0
314.0
298.75
282.5
277.5
227.0
210.75
191.0
166.25
154.0
150.25
147.0
170.75
172.75
173.75
194.25
270.0
304.0
325.5
334.0
318.5
319.5
314.25
328.75
320.0
299.0
279.5
279.0
257.75
191.75
189.25
183.0
160.0
151.0
140.75
143.25
141.0
143.5
144.5
139.25
148.0
235.5
248.25
235.75
239.25
256.25
249.0
254.0
255.75
244.0
233.25
158.25
148.25
144.75
145.0
144.0
141.25
142.5
143.25
147.25
140.25
137.0
136.75
145.75
156.0
209.0
251.0
239.0
241.25
252.25
253.0
277.0
259.5
263.5
216.75
147.25
147.5
151.75
150.5
146.25
146.75
146.5
146.25
145.5
165.5
167.0
166.4
193.25
290.75
318.5
334.25
329.75
355.75
337.0
334.25
335.75
328.75
324.5
304.5
302.25
263.25
189.0
191.0
190.75
168.5
151.5
151.25
152.5
183.75
170.25
175.25
228.75
278.0
298.0
332.75
351.0
355.75
339.5
329.25
344.25
317.215
287.7125
266.615
259.66
243.5525
206.58
193.3525
185.755
168.9825
159.145
154.6675
159.535
166.96
169.9675
183.2
219.28
271.115
307.3
324.125
329.46
334.6175
337.05
335.6975
329.89
327.75
329.25
301.25
299.0
280.75
199.75
200.75
192.25
163.25
154.25
145.5
148.0
165.0
170.5
169.25
214.0
256.25
283.0
325.25
340.75
337.75
357.5
341.75
333.25
333.0
325.25
310.75
276.75
269.5
203.0
203.75
195.25
165.75
157.75
156.25
156.25
175.0
182.75
178.25
232.25
267.25
288.5
310.75
320.75
312.5
334.0
343.75
326.5
322.5
310.5
283.75
281.25
246.5
186.25
189.5
188.5
157.5
141.0
146.25
148.0
145.5
143.0
145.25
142.5
150.0
218.0
234.0
237.25
252.0
266.25
266.25
270.0
267.25
238.75
218.5
155.5
155.25
151.75
150.75
152.75
151.75
152.0
150.75
148.0
148.0
148.0
146.25
154.25
156.75
239.25
248.5
250.5
259.0
278.75
259.25
250.75
256.0
264.25
223.25
177.0
175.75
167.0
169.5
168.25
166.0
165.75
166.0
158.75
181.25
186.0
184.0
214.0
286.0
302.25
314.25
326.0
332.75
343.0
345.5
347.25
325.25
318.0
297.25
283.25
273.25
198.5
194.75
183.5
167.75
148.0
154.5
149.5
172.75
170.5
175.75
192.0
262.0
301.5
328.0
338.5
350.25
336.75
332.25
333.5
325.5
307.75
293.75
297.25
287.25
199.0
197.75
186.5
162.5
149.75
143.0
144.5
168.5
169.25
174.25
206.0
270.0
321.5
336.5
345.75
352.25
342.75
357.0
339.75
338.75
327.0
298.0
282.75
278.5
217.75
205.5
188.25
156.5
146.25
147.5
144.75
166.25
167.5
168.25
228.0
272.75
313.25
311.0
331.25
313.0
319.0
334.5
333.75
330.0
320.75
306.0
266.25
255.75
192.5
192.75
185.0
150.0
145.25
146.25
147.0
167.0
171.25
170.0
208.75
265.5
288.25
311.0
331.5
322.0
332.5
344.25
315.75
334.0
308.5
300.25
270.5
256.0
206.5
205.75
215.75
159.5
150.0
147.75
146.25
147.25
148.0
147.75
150.75
167.5
228.5
260.25
262.0
243.25
245.0
253.75
254.5
252.75
246.0
159.0
156.25
162.0
150.5
146.0
148.5
153.75
151.25
154.0
150.5
156.0
150.25
155.5
154.0
214.75
253.25
262.0
266.0
277.75
276.5
276.25
257.5
253.0
177.75
168.5
195.5
150.5
148.5
152.0
148.5
148.75
143.75
178.25
175.25
170.5
197.25
275.5
320.5
337.5
328.5
333.5
328.25
351.0
340.0
327.25
328.25
286.5
283.0
272.5
227.25
216.0
200.5
177.5
157.25
161.5
155.5
181.25
184.0
182.5
221.25
281.5
305.25
330.75
346.0
348.25
354.25
351.25
345.5
344.25
316.5
302.0
300.5
268.5
195.75
200.5
192.75
160.5
152.0
145.75
149.5
168.75
170.5
172.25
206.25
256.25
309.25
344.25
357.0
359.0
356.75
362.0
351.0
335.75
321.75
284.25
270.25
262.5
196.25
200.25
197.75
168.0
152.5
159.25
154.75
176.0
172.75
172.75
208.75
272.75
294.75
319.25
336.75
339.25
340.25
339.5
346.75
340.0
312.0
328.75
300.0
262.75
195.5
197.75
192.5
165.75
149.25
147.5
149.25
181.5
169.25
176.75
209.25
257.0
311.5
319.0
327.75
326.0
331.0
324.25
322.5
318.5
310.0
287.75
290.25
259.0
192.0
191.5
185.75
151.75
155.75
149.75
148.5
146.5
143.5
147.0
151.25
163.0
237.0
255.5
266.25
255.75
282.25
278.75
271.75
282.0
262.5
216.25
153.25
149.0
144.25
146.75
149.25
152.0
148.5
151.5
148.25
148.0
151.0
147.5
148.25
149.5
213.75
237.75
250.75
250.75
260.5
262.0
268.75
258.75
251.0
246.25
171.75
169.25
183.0
155.5
149.25
151.5
139.25
149.0
143.5
171.5
167.5
169.75
217.25
263.75
333.0
324.5
336.0
348.75
351.75
345.0
336.25
337.5
292.25
271.0
261.5
256.5
191.0
191.0
188.5
150.5
144.75
147.5
147.0
169.75
167.5
172.25
234.25
282.5
302.75
318.0
324.5
325.75
344.75
336.75
342.0
323.5
326.25
237.5
197.0
193.75
175.5
172.0
176.0
166.0
152.75
155.25
149.25
175.0
168.75
165.0
223.0
260.25
290.5
330.0
333.75
322.0
345.0
336.0
326.0
336.5
309.25
248.75
211.25
202.75
199.25
189.5
164.5
162.75
156.5
152.0
155.0
185.75
178.0
177.25
207.25
283.25
287.0
305.5
326.75
326.75
334.75
345.75
315.25
332.25
317.5
212.0
190.5
209.5
196.25
158.5
159.25
159.0
144.75
146.75
142.75
172.0
163.25
171.0
204.5
251.5
288.25
316.5
327.25
301.5
308.75
312.25
319.5
327.0
289.5
260.25
198.0
173.25
162.25
156.0
150.25
147.0
142.0
139.25
136.75
144.25
142.25
141.5
144.25
144.25
219.75
249.75
249.5
238.0
246.0
194.25
192.5
174.25
177.75
174.75
155.0
149.5
153.5
145.75
151.75
145.25
148.75
138.75
146.5
145.5
138.75
152.0
139.75
163.25
243.5
247.0
256.5
246.0
261.0
199.0
160.75
169.25
184.75
185.75
156.75
155.0
145.0
143.0
146.25
142.75
144.5
142.5
145.25
169.75
168.0
170.75
198.0
257.25
291.0
301.5
308.75
314.0
317.5
310.75
315.75
318.0
294.0
229.5
199.5
183.25
189.25
159.25
164.0
144.75
148.0
141.75
143.0
164.0
161.75
161.5
198.25
264.25
294.75
298.25
301.75
296.0
296.5
331.75
299.0
299.5
301.5
221.75
208.0
186.0
161.75
169.5
181.0
157.75
147.75
146.25
149.25
172.75
168.75
170.5
206.5
257.5
309.25
314.75
322.25
310.25
342.0
321.0
330.5
318.0
308.0
214.5
205.0
205.75
182.0
179.0
183.75
167.75
161.75
160.0
159.75
178.75
181.5
180.75
211.5
249.25
292.0
324.0
315.0
314.25
303.5
331.25
325.75
325.25
311.75
219.0
199.75
194.5
180.0
182.0
176.75
174.0
170.5
167.5
167.75
164.25
163.5
172.0
162.75
161.75
194.0
186.75
187.0
185.5
223.0
185.5
209.75
209.25
215.75
202.0
196.5
179.25
200.25
162.25
162.25
154.75
159.75
158.5
159.25
158.5
156.75
155.25
157.75
160.75
235.0
280.0
262.0
256.75
271.25
195.25
186.25
192.75
178.0
179.5
176.5
167.5
163.0
158.0
154.75
159.25
155.5
149.75
154.25
153.75
147.75
152.0
152.0
152.25
229.0
252.0
250.0
286.25
270.0
221.0
197.5
191.75
165.75
173.0
196.0
169.0
154.5
157.25
150.5
154.75
149.25
152.0
150.5
175.0
174.5
177.0
212.75
277.75
323.75
326.25
338.5
334.0
337.0
327.75
334.25
341.5
306.0
234.25
201.0
208.75
188.75
205.75
171.75
160.25
150.0
145.25
147.25
167.0
171.25
168.0
213.5
269.25
296.0
322.0
329.75
340.25
321.75
347.75
321.0
326.25
313.5
236.75
236.75
212.75
181.25
185.0
166.25
163.0
152.25
142.25
142.5
168.5
167.5
166.0
200.5
271.75
320.25
314.25
318.0
346.75
338.0
333.5
357.25
335.5
330.0
238.0
231.75
205.5
199.75
183.75
160.0
160.0
143.75
143.75
141.25
169.25
161.5
165.0
202.25
288.75
302.5
322.25
345.0
339.75
347.5
367.0
355.25
335.75
320.25
235.5
211.75
188.5
166.75
167.25
163.5
153.25
144.5
139.25
142.75
167.5
167.25
167.0
205.5
268.75
289.25
307.75
319.75
319.75
338.25
342.5
342.75
320.0
315.5
205.25
208.5
167.75
162.0
165.75
167.5
161.75
140.25
145.75
138.25
146.75
140.0
143.0
143.75
147.25
223.25
238.25
235.75
236.75
248.25
174.75
173.5
195.75
169.5
192.25
153.0
150.5
144.0
147.5
142.5
140.75
147.0
145.75
147.75
136.0
145.5
143.0
142.75
148.0
200.5
220.0
226.0
223.75
235.5
162.0
181.75
200.75
167.0
176.5
163.5
163.5
157.25
156.5
155.5
159.0
156.0
161.75
155.0
181.0
177.75
180.75
214.75
270.5
290.0
299.0
314.0
328.5
336.75
319.5
343.75
336.25
324.5
230.25
200.25
196.25
186.5
188.0
183.5
176.25
164.5
162.5
157.75
185.5
187.75
188.0
222.75
278.25
306.25
326.5
355.5
351.25
335.75
360.5
351.75
342.5
316.75
223.75
204.75
196.0
177.25
169.5
181.25
172.25
162.0
158.0
159.0
178.75
175.75
179.5
209.5
281.5
321.5
322.5
344.75
334.0
355.5
341.0
342.5
335.75
325.0
220.25
218.25
214.0
180.75
188.75
195.0
160.0
145.25
151.25
152.5
171.75
169.75
173.25
232.0
299.0
308.5
315.0
333.0
331.5
348.25
337.5
363.5
330.0
317.75
228.5
240.75
211.25
181.75
186.25
177.0
159.75
156.5
156.5
153.25
176.75
178.25
176.0
212.25
256.5
288.75
310.5
332.5
313.75
320.25
332.25
341.0
312.5
310.75
198.75
202.75
193.0
180.25
164.25
163.75
155.25
142.0
141.25
139.25
143.25
141.75
143.5
137.0
144.75
215.0
239.75
256.75
236.5
259.75
209.0
176.5
179.0
176.75
173.0
166.0
179.5
181.0
160.25
153.0
147.0
153.5
149.25
147.75
147.75
147.75
145.5
143.75
150.25
227.5
246.75
246.25
242.5
278.75
209.0
176.5
196.25
182.5
192.5
176.5
176.25
156.0
151.0
152.5
154.25
155.25
148.0
145.0
169.5
169.75
173.0
210.25
285.25
314.75
326.75
329.5
336.25
322.5
334.5
335.5
334.25
314.5
214.0
208.75
205.5
187.0
176.75
165.0
153.0
151.75
149.5
151.0
175.25
178.5
194.5
227.25
277.5
312.0
328.75
330.5
342.25
334.0
350.25
330.25
331.5
312.75
216.75
210.75
203.75
184.75
193.25
169.5
159.75
152.0
152.75
150.75
171.75
177.5
188.25
222.25
267.75
303.0
309.25
325.25
332.5
329.75
336.5
330.0
348.75
320.75
231.25
202.25
213.25
197.25
184.0
195.25
162.0
154.25
154.25
157.0
178.75
173.0
186.75
227.25
274.5
328.5
323.0
348.5
330.25
336.75
348.5
360.25
341.5
334.5
231.75
223.5
213.0
216.5
186.5
172.75
165.25
159.0
154.75
154.5
173.75
179.25
175.5
209.5
278.75
326.25
327.25
321.75
326.25
321.75
326.0
339.25
328.0
298.0
205.75
211.75
191.75
180.5
186.25
170.75
159.25
148.0
148.5
146.5
154.75
149.5
151.0
157.75
178.5
246.25
270.75
265.0
255.25
251.25
194.0
174.75
182.75
203.75
188.0
167.0
181.75
203.75
156.5
154.0
153.5
153.25
155.0
154.5
153.0
157.75
152.25
153.5
161.75
239.75
273.75
256.0
273.0
260.0
176.25
191.75
191.0
169.5
182.25
178.25
181.0
186.0
157.75
158.5
157.0
154.0
158.0
156.5
176.75
181.5
188.75
235.0
273.0
294.75
331.25
325.5
336.25
337.0
346.25
330.25
341.0
314.0
232.75
227.0
199.0
196.5
190.0
229.75
180.75
156.25
156.0
153.0
177.5
177.0
181.0
212.25
258.0
296.25
322.25
333.0
349.25
350.25
366.5
346.5
344.0
336.25
218.5
219.0
205.0
188.25
176.25
176.75
165.0
164.25
160.0
158.5
184.75
182.25
184.0
219.25
292.0
330.75
326.75
326.25
323.5
323.75
343.75
337.75
339.75
327.25
234.0
211.5
205.25
184.5
178.25
188.75
159.75
160.5
158.5
160.5
178.5
181.75
175.0
232.25
297.5
317.25
325.0
342.0
339.25
336.0
333.5
336.5
342.75
320.75
232.75
214.25
201.75
185.5
195.0
184.0
160.25
148.25
151.25
149.25
178.75
170.25
171.25
209.0
261.5
293.0
313.0
318.75
313.75
323.75
306.5
314.0
300.75
290.25
214.25
202.75
187.8
192.75
167.75
169.0
159.75
155.0
155.75
150.0
155.5
150.5
149.75
156.0
157.25
224.25
253.75
265.75
249.75
263.25
197.0
196.5
185.5
180.5
172.25
172.25
180.75
177.75
153.5
153.0
157.75
157.25
153.25
157.5
153.5
152.5
151.75
159.75
174.0
246.25
260.75
268.25
246.75
276.5
209.5
187.0
194.0
186.75
176.5
185.0
184.75
183.0
155.75
148.25
154.25
157.0
151.75
151.0
182.0
174.75
178.5
211.5
273.25
312.0
324.5
323.25
329.75
326.5
317.5
323.25
321.25
306.0
213.0
207.75
191.25
168.75
166.5
178.75
159.25
151.25
155.75
153.0
176.25
180.0
178.0
220.0
283.75
332.75
324.25
329.5
316.25
315.5
346.5
314.5
326.75
296.0
207.5
197.75
209.75
190.5
168.75
167.25
160.0
153.5
145.25
148.75
176.0
166.75
169.75
205.5
254.25
315.25
309.5
321.25
339.5
324.25
360.25
336.0
327.5
309.5
217.25
211.0
216.25
174.75
171.25
175.0
159.0
153.25
146.0
152.75
172.0
179.25
169.75
211.75
290.25
313.75
313.5
320.5
321.25
330.75
319.25
329.25
347.0
325.25
228.75
223.5
209.25
196.75
211.0
184.75
164.75
151.0
151.0
152.0
167.75
174.75
174.0
206.75
265.25
288.75
301.25
309.25
321.5
329.5
314.5
319.75
338.25
316.0
201.0
200.25
179.5
191.5
177.0
161.25
158.25
151.5
150.0
145.25
150.0
147.75
145.25
142.0
151.75
237.8
255.75
263.75
250.0
286.25
198.0
185.25
205.75
198.5
197.75
176.5
173.5
162.0
158.5
155.75
158.0
157.0
155.5
155.0
151.0
159.75
153.0
151.75
150.25
223.75
272.5
267.25
256.75
280.0
194.25
188.25
200.75
169.75
194.25
162.75
181.25
175.75
195.0
173.5
157.5
155.75
155.75
153.5
178.75
178.5
178.5
216.0
282.25
310.0
305.75
325.0
310.0
324.25
332.0
310.0
299.0
297.75
217.75
215.5
192.0
173.5
174.25
175.75
164.25
152.25
156.0
147.0
177.25
178.75
178.5
211.0
272.25
311.0
316.25
325.75
309.5
311.25
317.5
316.25
305.25
299.5
220.0
212.75
232.5
178.75
181.25
176.0
161.25
157.25
152.5
151.0
174.75
174.0
180.25
210.5
255.0
290.0
303.25
323.25
316.75
321.25
318.5
330.5
326.0
306.75
230.0
242.5
212.0
184.75
178.5
181.25
174.0
162.0
158.0
162.0
178.0
180.5
172.5
218.25
258.75
301.5
299.25
317.25
322.0
334.25
338.75
336.25
285.25
286.25
213.0
216.5
205.0
221.25
183.75
174.75
159.75
153.0
155.75
158.0
174.75
193.25
214.75
240.5
298.0
302.0
312.25
329.0
297.75
315.25
307.0
304.0
291.25
303.25
189.5
179.75
173.75
176.0
174.5
170.0
155.0
154.25
151.75
149.25
148.5
151.0
148.25
146.75
150.5
210.5
232.0
241.25
244.25
245.0
183.5
177.25
163.25
176.75
165.75
165.25
169.0
149.75
149.75
145.75
149.5
148.5
148.25
149.25
149.75
146.75
148.5
146.0
148.5
213.0
245.25
261.75
250.0
275.0
161.5
163.25
165.75
165.75
166.25
164.25
162.25
159.5
165.5
153.75
155.5
159.0
157.25
157.25
179.5
181.75
180.0
209.75
257.75
276.75
304.5
309.75
303.5
327.0
302.75
300.25
299.0
278.75
211.5
193.25
186.5
181.25
196.0
183.25
169.5
157.75
158.25
156.5
183.0
183.0
177.0
212.5
247.75
261.5
290.0
292.75
297.75
298.75
295.0
308.25
291.5
253.0
172.25
166.25
155.0
150.75
150.75
145.75
142.75
139.5
140.0
135.0
160.5
160.75
160.0
195.25
237.0
244.25
256.5
274.25
268.75
265.75
262.0
265.5
260.25
233.75
148.75
145.5
143.5
140.25
143.5
136.5
140.75
129.0
128.0
126.0
150.0
151.75
149.25
186.0
223.25
232.0
258.0
267.75
262.75
264.25
268.75
263.0
265.5
248.25
161.75
157.75
153.75
141.5
141.25
135.5
135.25
127.0
124.75
124.75
148.5
149.5
146.25
184.5
219.5
242.25
253.75
259.75
269.5
258.75
268.4
268.0
254.75
239.5
156.0
151.25
146.75
138.0
141.0
136.25
132.5
126.75
123.25
125.0
123.25
122.5
124.75
122.0
128.0
179.75
200.5
204.25
204.25
205.75
137.5
132.25
130.25
128.0
126.25
129.5
126.75
126.0
127.75
125.0
126.5
127.5
126.0
129.25
124.75
126.5
124.75
126.5
126.0
184.75
204.75
203.25
201.0
201.75
130.5
127.25
130.75
129.5
126.75
130.5
127.0
126.0
127.0
124.5
126.75
126.75
129.0
130.25
148.0
148.0
147.0
179.75
224.25
253.25
259.0
269.5
272.0
276.5
270.5
267.5
261.5
241.75
162.75
154.25
150.25
146.25
141.0
141.0
141.0
127.75
128.5
126.0
149.25
149.0
150.0
182.0
220.5
249.0
258.25
260.75
267.75
269.25
273.25
265.5
263.25
248.0
164.75
157.0
157.75
143.25
139.0
137.5
132.0
128.75
124.0
122.0
147.75
144.5
145.0
182.0
225.0
245.25
253.5
258.75
262.5
264.75
265.0
263.0
256.5
241.5
159.0
151.25
150.5
139.25
139.25
138.0
139.5
129.25
128.0
126.0
150.0
148.75
149.25
185.25
229.5
239.75
252.5
251.0
263.0
259.0
266.75
262.5
254.5
241.25
158.5
151.5
151.75
136.75
134.5
144.0
128.75
122.25
123.5
119.0
146.75
144.0
145.25
181.5
220.0
232.0
249.75
242.5
251.25
255.75
249.25
253.75
246.25
232.75
150.25
146.5
140.5
134.25
136.75
138.5
127.5
124.25
125.5
123.75
122.25
123.5
123.25
123.25
125.25
179.75
200.25
201.75
199.5
201.75
123.25
125.75
126.75
131.5
125.75
125.5
131.5
126.0
123.25
125.0
125.5
123.5
125.75
123.5
127.25
123.25
125.5
126.0
123.75
182.25
197.75
203.0
200.25
200.5
126.75
120.5
122.5
125.5
123.25
126.25
123.75
125.75
124.0
121.0
123.5
120.5
120.75
121.25
119.5
123.0
121.0
120.0
122.0
124.75
123.5
123.75
126.0
135.75
135.25
130.5
133.5
126.5
129.5
127.25
128.0
128.5
124.0
124.0
124.25
124.0
125.5
125.0
148.25
149.75
146.25
183.0
225.5
249.25
256.5
260.5
269.75
261.25
262.75
267.25
259.75
237.75
146.25
141.5
146.0
135.0
136.25
139.75
131.75
124.0
118.5
123.5
144.5
142.75
147.5
178.0
223.5
239.0
245.25
255.0
260.25
263.25
261.0
256.25
255.5
238.25
151.5
145.5
140.0
138.5
143.0
136.25
137.0
122.25
123.75
123.75
142.75
145.0
145.5
179.75
225.75
239.0
254.25
260.25
260.25
262.5
261.25
254.25
250.75
228.75
152.75
147.5
139.0
134.75
138.0
137.25
131.0
123.25
126.5
122.0
146.75
144.5
145.5
183.0
226.25
239.25
251.0
252.0
249.0
254.0
255.25
252.333333333
253.0
232.0
146.0
142.5
140.25
139.0
139.75
128.0
124.5
120.75
123.25
119.25
120.0
119.25
117.75
120.0
121.0
180.0
205.5
204.25
195.0
193.5
118.25
117.5
115.25
117.25
118.0
119.25
116.75
117.75
117.0
119.75
117.0
116.5
118.25
118.25
118.0
115.25
117.5
115.5
114.25
174.75
192.5
191.25
194.5
194.75
120.75
120.25
118.25
118.25
118.0
119.75
118.75
118.5
115.75
116.75
117.25
118.0
118.25
118.5
141.75
139.25
140.75
177.0
221.0
247.75
257.5
266.0
262.5
264.25
267.5
268.75
261.0
243.75
152.0
140.75
142.5
133.0
136.75
142.5
132.0
123.0
127.25
122.75
148.25
148.75
145.75
180.25
222.5
249.0
254.0
264.25
268.5
269.0
266.0
263.0
263.0
247.75
155.75
145.5
138.25
136.75
146.75
137.75
131.75
122.25
122.5
122.75
148.5
144.25
146.0
183.75
232.25
243.5
259.0
259.25
261.75
269.25
275.5
272.5
263.25
244.25
147.0
145.5
150.0
142.5
143.75
133.75
131.0
124.25
124.5
121.5
144.75
146.0
143.25
184.5
227.5
242.5
254.0
261.25
267.75
265.75
269.0
275.25
272.75
253.25
151.0
141.0
145.25
136.0
138.5
136.25
126.75
121.0
122.25
121.5
144.5
145.75
143.25
179.0
222.5
240.0
245.75
254.5
259.0
261.5
260.75
264.0
249.75
239.75
153.25
146.75
145.0
137.0
138.5
131.5
126.75
119.75
120.5
118.0
119.75
119.25
118.25
120.25
127.75
194.75
211.0
213.0
205.25
201.75
124.5
124.0
117.25
114.5
116.5
111.75
113.25
115.25
118.25
119.25
118.0
122.0
118.75
118.5
119.5
117.75
120.0
122.75
120.25
172.0
186.25
189.25
191.75
192.0
118.0
117.25
115.0
114.25
116.0
114.75
113.0
111.75
112.5
111.5
116.75
118.0
118.0
118.5
145.25
145.25
141.0
172.75
226.0
247.75
243.25
249.5
249.75
253.5
254.5
244.25
246.25
229.75
149.75
142.25
138.5
139.0
134.25
141.0
130.5
121.75
120.25
120.0
146.5
145.0
144.75
175.5
227.0
252.75
269.75
271.25
270.75
268.25
263.5
263.75
264.75
242.25
160.75
150.0
140.5
140.75
150.5
149.75
139.5
131.5
127.25
126.75
154.75
152.25
151.25
184.0
228.25
251.5
263.25
265.25
275.75
265.25
274.0
269.5
266.25
257.25
165.25
149.0
138.75
131.25
125.75
125.5
126.25
124.0
126.0
126.75
149.0
146.25
146.5
179.25
228.25
239.75
257.75
254.25
263.75
266.0
263.5
258.25
244.75
228.25
134.75
132.25
139.25
134.75
138.0
133.5
127.75
119.5
119.75
120.0
143.75
140.5
142.25
174.75
221.5
242.75
245.75
258.0
263.25
255.5
247.0
244.75
247.25
226.75
132.0
132.0
134.5
133.5
136.25
134.0
123.75
119.75
118.0
118.25
120.0
118.25
116.0
117.5
127.25
195.25
210.0
207.5
196.75
194.0
120.25
119.0
116.75
115.75
113.75
113.0
113.0
112.75
114.0
110.5
110.5
120.5
119.5
117.75
118.25
118.75
119.5
119.25
121.25
184.5
196.5
200.75
199.0
197.75
123.25
123.25
119.75
125.5
118.75
122.25
122.25
119.5
121.25
117.5
119.75
123.5
120.25
120.25
143.5
142.0
145.0
183.0
248.25
260.5
283.75
273.75
279.5
269.75
269.25
274.0
263.75
241.25
147.25
143.0
139.75
134.5
132.0
133.75
125.0
121.5
120.25
121.5
144.75
144.0
145.0
176.5
250.75
264.25
273.75
283.0
281.0
276.5
273.75
274.0
265.75
240.5
154.5
148.5
147.0
140.0
139.0
143.5
134.0
127.0
127.75
126.0
147.5
147.0
149.0
181.0
234.25
262.0
268.0
268.75
267.5
278.5
270.75
268.5
275.5
245.75
146.5
139.75
138.75
137.5
140.75
138.5
132.75
123.25
120.25
120.25
145.0
142.0
145.0
178.75
223.75
257.75
271.5
276.75
279.25
281.25
286.75
280.5
280.5
266.25
166.25
151.0
156.75
146.25
140.0
140.75
130.25
125.25
129.5
126.0
149.25
148.25
148.75
182.5
244.75
259.5
268.75
268.75
272.5
270.25
275.75
271.0
257.25
228.25
146.0
138.75
135.5
133.75
131.0
135.75
124.25
117.25
118.75
115.75
116.5
117.25
115.75
116.5
128.75
192.0
208.75
207.75
204.0
197.75
118.75
122.0
128.25
125.5
121.25
121.75
126.0
120.25
120.25
120.25
118.75
120.25
119.5
118.75
118.25
119.75
119.75
118.5
117.5
178.75
194.0
200.5
200.75
196.0
122.5
127.75
126.5
127.0
118.75
118.75
120.25
119.5
119.75
118.25
118.25
121.75
118.5
120.75
142.75
143.75
145.5
177.5
229.5
272.75
276.0
290.0
282.75
282.0
285.25
283.5
272.75
243.0
155.25
141.25
137.5
132.75
135.0
136.25
131.5
120.75
124.5
119.75
142.5
142.25
144.5
179.5
237.25
272.0
270.5
280.0
273.25
281.75
274.5
269.0
269.25
231.0
147.25
135.0
131.25
134.25
139.75
134.75
128.25
119.25
120.75
118.5
142.5
142.25
141.25
172.5
235.5
262.25
272.75
281.25
273.5
273.75
283.25
276.75
271.75
240.5
151.25
145.75
143.25
139.75
145.5
138.75
133.5
123.5
121.75
123.5
145.75
145.5
145.5
176.0
229.5
259.5
274.75
278.25
278.25
278.5
281.25
273.25
275.75
263.25
163.25
153.25
141.0
138.75
144.5
137.75
130.0
120.5
120.75
118.0
141.0
144.75
141.5
172.25
243.75
265.0
265.5
275.75
270.75
271.0
278.0
263.5
268.0
236.25
232.75
222.0
213.5
210.75
211.5
214.75
205.75
193.75
194.0
192.0
192.25
190.5
190.75
192.0
194.25
200.75
202.75
204.75
204.0
197.25
198.75
199.25
197.25
198.25
200.5
198.75
201.0
199.25
195.5
192.75
193.0
195.5
193.75
196.25
194.25
193.75
194.5
194.25
193.5
195.25
193.75
196.5
194.25
194.75
199.0
195.75
194.0
197.25
194.5
194.25
194.75
194.5
195.25
196.25
194.0
193.25
196.75
193.0
198.0
194.75
193.5
201.25
235.5
257.0
265.5
274.0
269.75
274.0
266.25
270.25
271.75
251.5
227.25
216.75
210.5
209.0
207.0
204.25
200.0
204.5
201.0
199.25
198.75
199.25
199.5
203.5
240.75
258.75
266.0
272.25
272.75
265.75
272.25
253.0
248.5
226.5
210.75
211.5
215.0
206.25
213.5
213.25
205.5
194.0
193.75
192.5
192.25
195.25
192.25
194.25
192.5
193.5
197.0
194.25
195.5
199.5
199.0
200.5
196.25
195.75
196.0
195.0
199.75
197.25
195.75
198.0
195.0
194.5
195.25
195.25
196.0
194.25
195.5
205.25
237.75
257.0
263.0
262.75
266.75
264.0
262.25
261.5
262.5
248.0
232.0
223.5
216.25
210.0
212.0
213.75
209.75
196.75
201.0
195.0
195.5
194.5
200.0
203.5
226.0
252.0
263.25
267.0
262.0
265.0
269.75
263.0
261.5
241.75
226.25
216.75
217.75
216.0
214.25
220.25
211.25
199.75
198.75
198.25
199.5
198.25
199.0
199.75
210.5
211.0
216.75
217.75
212.0
207.25
207.0
204.0
203.75
206.25
202.25
204.0
202.0
203.5
202.25
201.5
203.0
202.5
202.0
202.25
202.75
201.75
201.75
203.75
201.4
204.0
204.25
202.25
203.75
208.5
205.0
205.0
202.75
205.75
202.5
201.75
204.5
202.25
203.0
202.25
201.0
199.25
201.75
203.75
202.25
201.25
204.75
210.25
237.75
265.0
273.25
287.0
275.0
280.75
272.5
281.25
276.75
252.25
234.0
210.0
214.0
212.25
215.0
219.5
213.75
207.25
205.25
203.0
203.75
201.5
203.0
210.75
226.5
258.5
277.75
265.25
275.0
267.75
266.75
261.0
261.75
238.75
229.5
214.5
214.75
209.75
209.0
213.0
206.0
200.5
199.75
199.75
198.25
199.75
198.5
204.25
233.0
265.5
264.5
283.25
273.0
280.25
279.25
280.25
262.0
242.75
228.5
225.5
222.25
221.75
216.5
205.75
209.5
199.0
197.0
195.25
197.0
197.5
195.75
208.0
238.0
250.5
263.5
270.0
271.75
286.75
280.25
282.75
270.25
245.25
237.0
222.25
216.75
209.75
215.5
207.75
205.25
201.25
200.0
198.0
201.25
198.0
200.75
208.25
237.25
255.75
267.25
281.0
266.75
270.5
263.5
260.0
254.25
233.75
217.0
215.25
207.75
207.75
207.5
209.25
202.25
195.75
197.0
194.25
195.5
195.0
195.75
195.0
194.25
198.5
197.75
203.75
200.0
203.0
202.0
200.0
201.75
198.25
198.0
199.5
198.25
201.0
200.25
199.0
198.25
196.75
198.25
195.75
196.25
195.75
196.25
195.25
194.75
196.5
195.75
196.75
196.75
195.75
198.0
196.75
196.5
199.0
197.5
199.75
199.5
196.75
198.75
195.75
197.75
195.25
194.25
197.0
194.0
196.75
196.75
204.5
233.0
268.25
274.5
278.75
276.75
286.0
286.25
279.75
270.75
249.5
236.0
221.0
216.75
212.0
208.25
206.25
205.75
198.25
197.0
197.5
199.25
195.5
198.0
206.75
231.25
254.5
276.5
283.5
283.25
283.75
286.75
278.25
267.5
248.5
236.25
222.5
216.75
210.0
220.0
215.25
213.25
200.75
201.5
200.5
200.0
201.0
201.5
211.25
231.5
265.5
269.0
284.25
284.0
284.75
278.75
277.75
262.0
250.5
233.0
221.0
217.0
216.75
219.75
217.5
213.0
199.0
197.25
197.5
197.75
198.25
197.25
202.0
231.0
254.25
262.5
275.0
272.5
273.75
281.25
268.75
263.0
245.25
231.25
220.5
212.75
211.0
211.75
207.0
207.0
196.75
195.0
194.25
193.0
194.5
196.75
210.25
239.75
268.75
263.5
265.5
271.25
269.25
268.5
266.0
253.0
225.0
214.5
213.0
204.75
206.5
210.5
206.25
204.75
196.25
194.0
190.75
193.25
191.25
189.25
191.5
191.0
198.25
188.0
187.0
185.5
184.25
184.75
186.5
185.25
185.25
184.75
186.25
193.75
195.0
192.5
193.5
194.0
193.5
193.25
193.25
195.0
193.0
191.25
193.25
194.0
194.75
195.0
193.25
193.75
196.0
194.5
192.0
193.0
194.0
192.25
194.25
194.0
192.75
193.5
192.75
196.25
194.25
193.75
194.75
193.0
194.0
192.75
201.75
233.25
255.5
276.5
274.5
272.0
279.25
276.75
277.25
280.75
249.0
236.75
223.25
221.25
217.0
210.75
218.25
210.25
206.25
202.0
195.75
198.5
195.75
199.5
205.5
227.5
260.0
272.5
276.5
288.5
275.0
283.25
280.0
269.75
255.5
237.25
216.75
222.75
212.25
211.0
212.75
208.25
202.0
197.0
199.0
196.0
198.75
199.5
205.75
241.5
262.5
274.5
279.0
278.75
278.5
276.5
266.75
282.0
256.25
240.0
229.75
218.75
212.5
218.25
220.25
209.25
201.25
198.5
200.75
197.75
197.75
200.5
203.0
228.5
251.25
265.0
266.5
271.5
286.75
281.0
271.5
263.0
240.25
224.25
219.75
219.25
212.0
212.0
218.75
208.5
205.0
198.75
198.5
199.25
199.25
198.25
218.75
244.0
269.25
265.0
271.5
268.5
265.75
268.75
267.75
263.25
243.0
239.0
226.75
217.2
210.75
214.5
213.75
206.0
202.25
200.0
196.25
197.25
197.75
196.75
197.25
198.25
198.25
197.75
202.5
202.5
202.25
202.25
204.25
192.75
193.0
190.5
194.25
200.25
197.25
199.25
197.5
199.25
197.5
198.0
199.25
196.0
198.75
198.5
200.25
196.5
197.25
197.75
198.5
199.0
198.0
198.5
200.0
197.25
198.0
202.0
198.0
200.75
198.25
199.25
198.0
198.0
198.25
196.5
200.5
196.5
197.75
198.0
204.0
223.25
250.75
256.5
256.75
259.5
265.5
265.5
255.75
248.5
242.75
231.75
219.5
215.75
214.5
219.25
216.0
209.25
201.75
204.25
197.75
199.0
202.0
198.25
204.5
221.0
248.25
268.5
264.75
271.75
267.0
266.0
265.75
254.25
238.25
229.75
216.25
215.75
216.0
214.0
211.75
203.0
200.25
197.0
197.25
195.75
196.0
196.25
202.5
221.75
251.5
261.0
261.25
267.25
260.0
261.25
258.0
255.75
242.25
232.25
221.25
217.25
215.25
218.25
220.0
213.75
206.75
201.0
200.25
199.25
196.75
204.25
207.75
223.5
255.0
259.25
269.5
261.75
258.25
266.25
270.75
255.75
245.25
225.5
225.0
223.0
213.75
221.5
217.25
208.25
200.0
201.75
196.75
197.25
195.0
197.25
203.75
219.75
246.25
255.5
269.0
261.25
258.5
260.5
255.25
252.5
227.0
226.0
214.25
210.0
210.75
212.75
214.75
206.5
194.25
195.0
195.25
194.5
196.0
199.5
199.0
194.5
197.25
195.25
193.5
196.75
196.25
197.75
197.8
197.75
196.25
196.75
199.0
196.25
199.0
195.25
195.5
195.5
194.75
199.25
195.0
201.0
193.75
195.5
199.75
197.0
198.0
196.0
199.75
202.0
195.75
197.0
198.75
197.25
199.25
199.25
198.0
197.5
197.75
197.0
195.75
198.75
200.0
197.25
196.75
197.25
192.0
195.25
201.0
215.0
240.5
254.5
251.75
257.5
267.25
264.75
262.0
258.0
242.75
224.0
216.25
205.5
205.75
206.0
211.25
203.0
193.5
194.25
191.5
192.5
191.5
190.5
197.5
220.75
245.5
252.0
256.75
258.25
262.75
254.5
253.0
238.75
228.75
221.25
211.5
200.25
204.5
206.0
210.5
204.5
195.75
193.0
193.75
191.75
192.0
192.0
203.5
223.0
252.75
249.25
253.25
253.0
266.25
259.0
248.75
246.25
229.25
224.25
214.25
219.5
209.0
208.75
207.0
199.0
188.25
188.25
190.0
189.5
190.75
191.0
199.75
217.5
237.25
242.5
249.25
252.0
259.25
259.25
260.25
251.0
234.25
223.25
221.75
210.25
208.75
204.5
214.75
204.5
193.75
194.0
193.25
195.0
191.25
194.75
196.25
217.5
240.25
251.25
250.75
259.25
261.0
260.75
254.25
243.25
231.0
224.0
215.25
214.0
201.75
202.75
210.5
202.0
193.0
191.75
192.75
193.25
195.0
191.25
193.0
197.75
198.0
195.5
200.25
201.0
205.75
199.0
198.75
197.0
203.5
196.5
195.0
195.5
195.25
191.0
190.5
196.0
191.5
193.0
193.25
195.0
197.25
193.75
197.25
192.0
192.5
196.25
194.0
193.5
195.25
197.5
194.5
194.25
194.0
193.5
194.25
193.0
192.25
192.25
195.5
193.75
197.0
197.25
192.75
192.25
191.75
191.25
196.25
220.0
237.25
249.25
250.75
259.5
261.0
267.5
258.0
252.0
237.75
228.0
213.25
210.25
207.0
210.5
207.25
203.0
190.75
190.75
191.5
187.75
190.0
188.75
199.25
218.75
240.0
253.5
258.0
265.75
265.25
261.5
260.0
251.25
239.0
151.25
148.75
142.75
134.5
139.5
133.75
128.25
119.5
117.0
120.75
140.5
139.5
141.0
173.0
223.0
240.5
251.5
253.75
260.75
257.0
257.5
260.75
255.0
239.25
146.0
143.75
138.0
133.25
136.0
136.0
131.75
119.75
118.25
118.75
140.25
144.25
139.75
167.0
208.5
239.75
248.25
257.25
257.25
256.0
261.25
256.75
249.0
239.25
153.0
148.75
140.25
137.5
135.0
135.25
127.0
119.0
118.75
116.75
141.0
140.75
141.5
170.75
209.25
239.0
252.75
250.5
245.75
248.25
250.75
252.5
235.25
221.5
138.0
134.75
134.25
130.75
125.5
127.25
120.75
112.75
110.0
111.75
110.25
111.75
113.75
116.5
116.0
176.75
200.5
200.75
204.5
206.5
128.5
125.0
123.75
124.0
123.75
121.75
123.75
118.75
119.0
122.0
118.5
118.25
118.75
118.75
118.75
118.0
119.75
117.75
118.5
176.75
197.0
196.75
197.75
196.5
122.75
123.5
120.75
118.75
122.5
119.75
121.25
119.5
119.5
119.0
121.5
121.25
119.75
122.75
140.75
142.5
142.75
175.25
220.0
248.5
267.25
261.0
255.25
260.25
254.5
252.0
255.25
249.0
159.5
148.25
136.0
129.5
126.0
122.5
119.75
114.75
113.5
114.25
137.5
138.25
137.25
176.75
224.5
242.0
252.0
261.0
257.5
260.0
258.5
255.25
256.75
239.25
150.0
148.0
139.5
132.0
131.25
132.25
125.5
118.75
118.75
114.75
140.75
138.0
140.0
180.75
212.75
231.75
235.0
242.5
246.0
254.5
267.0
278.25
259.5
239.25
152.0
145.25
139.5
131.0
138.2
129.5
127.5
118.0
116.0
115.75
139.25
138.75
140.75
174.25
218.0
256.25
266.75
268.5
275.25
274.0
271.25
270.0
263.25
249.0
162.25
153.25
149.25
142.5
134.5
130.25
125.5
118.5
119.25
120.0
140.0
143.0
142.5
182.25
226.0
245.75
256.25
260.5
256.5
265.75
257.5
262.0
250.25
233.75
148.25
139.0
136.0
136.25
133.0
130.5
125.0
119.5
121.25
119.5
121.0
119.25
119.25
120.25
120.75
180.5
201.75
202.0
203.0
211.25
138.75
136.75
137.5
130.25
125.5
124.5
125.75
123.0
122.5
123.5
122.5
122.25
122.25
122.0
124.25
121.0
120.0
120.0
122.75
184.75
202.25
202.5
203.0
210.75
139.5
137.0
138.75
124.75
120.75
120.25
123.75
119.5
119.5
116.0
118.0
118.0
117.75
118.5
139.5
141.75
141.0
173.25
221.25
256.25
270.75
273.5
282.5
270.5
269.5
273.5
266.25
252.25
167.25
151.75
147.0
133.75
138.5
137.25
129.75
122.5
120.25
122.0
144.0
144.25
143.5
177.5
221.75
259.75
262.25
269.0
266.75
275.5
265.75
272.25
267.0
251.75
159.25
150.0
148.75
134.5
138.75
135.0
126.75
126.5
123.25
123.75
147.75
145.5
145.5
179.5
242.75
259.25
268.75
279.25
283.25
274.75
283.75
275.75
267.75
253.25
166.0
150.0
151.75
139.5
136.25
137.75
125.5
124.5
120.25
118.0
142.0
141.5
142.0
174.75
226.25
251.0
259.25
265.75
273.25
274.75
272.0
270.0
266.0
253.5
160.25
150.5
150.25
131.75
137.75
136.5
129.75
119.75
121.5
121.5
143.25
143.5
145.25
174.75
219.0
253.5
258.0
263.75
262.75
264.25
269.25
265.5
258.0
234.0
147.75
131.75
126.75
123.75
126.75
127.5
121.25
118.5
115.75
117.75
115.5
118.0
117.0
117.25
120.0
172.5
195.0
194.25
194.25
194.5
115.25
117.0
119.0
117.25
117.5
121.0
117.0
118.25
116.0
117.25
114.75
117.25
116.5
114.0
117.25
116.25
116.75
114.75
116.0
174.0
194.25
192.0
190.0
192.25
119.0
118.25
118.75
118.0
118.75
118.25
118.5
118.25
117.75
116.25
115.5
120.25
115.75
116.5
138.75
142.75
138.5
168.5
192.0
195.75
193.25
194.5
198.25
195.0
197.25
196.0
192.75
196.5
118.5
123.25
118.5
120.25
118.0
117.25
118.25
117.75
117.5
117.75
137.75
143.5
138.5
176.0
215.75
242.75
255.0
258.75
261.0
261.25
274.25
279.0
266.25
251.5
169.5
156.5
149.75
132.75
136.75
135.75
126.0
118.25
117.0
114.0
140.5
136.5
136.25
175.25
222.5
250.5
260.0
264.75
278.25
276.5
273.0
276.25
269.0
253.25
169.0
166.0
154.0
139.25
145.0
138.25
132.0
122.5
118.5
119.5
141.75
144.25
141.25
175.75
231.75
251.75
266.75
272.5
272.0
270.5
273.0
270.0
267.75
256.25
157.0
152.5
149.25
137.0
143.5
134.75
128.5
120.25
117.25
119.25
140.75
139.5
141.5
175.75
220.0
242.25
253.75
261.5
257.0
260.75
264.5
263.75
253.0
242.0
155.5
136.0
134.25
133.25
130.25
131.25
124.5
118.5
120.0
117.0
118.5
117.25
116.75
118.75
117.0
180.25
197.75
200.75
202.0
206.75
134.75
134.5
132.0
124.75
123.0
122.25
121.75
117.5
118.0
119.25
116.25
117.0
117.5
118.0
115.25
115.75
117.75
117.25
119.0
175.25
195.25
193.75
202.0
205.75
127.75
125.0
127.5
118.0
114.5
124.0
120.25
120.75
119.75
117.5
120.75
118.75
117.75
119.25
140.5
140.25
139.5
173.0
213.25
254.5
258.5
265.5
272.0
273.75
279.0
270.0
268.75
251.75
165.0
155.75
145.0
136.0
132.5
132.75
126.25
118.5
121.25
117.25
140.75
142.5
140.75
174.0
221.5
240.5
262.5
264.25
271.5
273.25
279.0
278.5
274.5
252.75
166.75
159.0
149.25
136.25
132.5
128.75
128.5
116.75
115.0
113.5
138.75
137.75
140.75
174.0
226.25
250.25
267.0
269.5
274.5
273.75
278.25
272.25
265.0
251.25
163.75
156.75
148.25
135.0
138.25
134.25
124.25
117.0
116.5
119.25
141.75
141.75
139.75
178.0
232.25
250.75
262.0
265.0
271.75
270.5
276.75
274.5
278.5
258.5
159.75
152.5
148.5
135.0
138.75
138.5
126.25
118.0
114.5
114.5
137.5
140.75
139.0
172.25
218.0
248.75
258.0
262.5
259.5
261.5
262.75
260.25
256.25
242.25
144.5
135.5
139.5
128.75
131.25
130.0
125.5
117.25
116.0
115.25
115.25
116.0
118.5
116.75
117.5
176.5
198.25
199.5
199.75
210.5
138.25
141.25
134.25
125.5
122.0
120.5
123.25
121.75
119.0
119.0
120.75
118.0
118.25
118.0
118.0
119.0
117.5
120.5
120.0
182.0
197.75
196.75
199.25
206.75
131.5
137.0
128.75
121.5
121.5
125.5
119.75
120.0
120.25
119.25
117.0
118.25
119.25
120.25
143.0
140.5
141.25
172.0
236.5
248.0
270.0
275.0
278.5
267.75
277.5
274.5
264.75
258.25
160.0
156.75
148.0
133.0
133.75
129.0
128.25
119.75
118.5
119.0
142.75
143.75
143.5
175.5
220.5
261.75
267.5
285.75
283.75
284.0
281.75
281.5
271.0
263.0
170.0
158.25
151.0
141.75
138.0
128.5
125.25
122.5
122.25
118.0
144.25
142.75
141.75
178.5
224.75
253.75
275.75
277.25
277.25
280.75
279.25
281.0
270.25
256.75
168.5
156.5
157.0
142.0
145.0
141.25
125.75
123.25
121.5
121.5
143.75
143.0
144.25
179.75
226.25
255.0
265.25
274.75
272.75
282.5
270.0
267.75
255.25
246.0
169.25
159.75
151.75
139.75
141.5
133.0
127.75
122.5
121.75
120.0
142.5
144.0
143.5
178.75
222.75
254.0
274.0
272.75
266.75
271.0
274.75
275.5
266.25
238.5
158.75
148.75
147.0
135.25
134.0
136.0
135.25
118.0
120.25
122.0
117.0
119.0
119.5
118.75
121.0
180.25
201.25
204.5
207.5
210.5
146.75
145.25
139.0
128.5
128.5
128.0
125.25
124.0
122.25
124.5
123.0
125.25
125.75
122.0
127.0
124.25
122.0
123.0
122.75
177.0
196.0
197.0
197.0
206.75
141.5
142.0
138.0
132.5
128.25
128.75
127.25
122.75
125.0
122.0
126.5
126.25
122.0
124.0
144.5
146.75
145.0
180.5
219.5
245.5
258.25
271.5
271.25
269.75
269.25
273.0
268.25
252.75
164.0
159.0
148.75
140.5
138.5
139.0
130.25
116.75
118.0
116.25
138.75
140.25
138.5
174.5
215.5
240.0
254.75
264.0
270.25
277.0
279.5
275.25
266.5
255.0
165.75
151.5
150.0
137.0
131.5
134.0
120.75
117.75
116.5
115.75
138.25
137.5
140.0
176.75
227.5
263.25
272.75
276.75
284.5
282.75
292.0
282.75
274.5
249.75
162.0
156.75
150.0
135.75
138.75
138.5
134.0
123.75
122.25
123.75
144.75
145.75
145.5
177.25
221.0
260.75
266.0
272.5
285.5
279.25
285.0
283.75
273.0
261.5
188.5
179.75
175.0
160.75
158.75
155.5
146.75
141.25
137.25
137.75
138.25
139.25
136.5
169.25
207.0
246.0
259.75
264.0
274.75
266.5
270.25
265.75
254.25
242.5
179.5
166.75
157.0
152.75
153.25
155.75
149.0
141.75
141.25
139.75
138.25
139.0
138.0
142.25
140.25
180.5
197.25
198.25
199.75
216.75
162.5
160.75
161.25
150.5
148.5
145.75
145.25
146.5
143.75
144.25
143.0
145.5
145.0
147.0
144.0
141.25
145.0
141.25
142.0
183.0
192.0
194.0
188.75
198.5
152.25
155.25
154.75
145.25
143.25
141.0
140.0
147.25
143.0
145.0
147.5
143.25
145.75
143.25
142.5
143.5
142.5
176.0
225.5
244.5
258.5
273.0
277.0
277.75
273.0
282.75
263.5
255.25
187.5
179.0
171.5
162.75
155.5
156.5
144.25
134.25
138.0
134.75
133.25
138.5
138.75
173.5
217.25
248.0
262.25
272.5
285.5
280.25
279.25
288.5
268.0
253.25
194.5
183.25
181.75
163.0
163.5
156.75
149.25
138.0
137.25
135.25
141.75
145.0
147.0
182.0
227.0
259.5
271.0
275.75
274.75
276.5
285.75
284.25
273.5
256.0
192.75
185.25
172.0
158.0
160.25
155.25
150.0
139.75
138.5
139.5
137.5
137.5
141.0
170.75
229.75
255.5
271.25
277.75
276.0
279.25
287.0
287.0
273.75
260.0
197.25
179.5
173.0
160.25
160.0
153.75
143.25
137.5
135.5
135.75
138.25
136.0
143.5
173.0
216.25
251.25
271.25
270.5
278.0
272.5
271.75
272.5
258.75
239.25
177.5
169.75
165.75
158.0
157.0
158.0
148.0
140.0
136.75
140.0
136.75
136.0
135.5
136.25
137.0
179.5
195.75
197.0
200.25
205.5
155.5
155.25
158.0
144.0
142.5
143.0
140.5
140.75
138.5
139.0
140.0
140.5
141.0
140.0
140.25
144.25
142.5
142.25
139.75
178.75
193.0
192.0
194.0
199.75
151.5
153.25
152.4
144.75
142.25
144.0
142.25
144.0
139.0
140.5
138.25
139.25
140.0
139.75
138.25
139.0
140.0
171.75
225.25
259.75
266.75
278.25
281.0
272.0
286.0
280.25
283.25
259.5
187.75
179.5
172.75
159.25
159.5
161.5
155.0
143.75
143.75
142.5
140.5
143.5
141.0
179.25
221.25
255.5
264.75
274.75
278.0
282.75
284.75
280.0
268.0
258.75
189.75
181.5
176.75
163.0
161.5
157.75
149.5
144.75
142.5
143.0
142.5
140.5
144.25
176.0
231.75
260.75
269.25
268.75
283.25
280.25
289.75
282.75
270.75
263.75
192.25
179.25
177.25
155.0
158.25
157.0
148.25
142.75
138.25
141.0
138.25
137.75
139.0
172.0
222.75
257.75
272.25
289.75
281.5
292.75
287.75
285.5
281.25
263.0
205.0
181.0
174.5
161.0
160.75
161.25
151.75
140.5
140.0
142.0
137.75
139.0
138.0
173.75
218.0
257.0
268.0
270.25
273.25
278.25
273.25
272.0
261.25
246.75
179.25
162.25
157.5
154.5
162.5
160.0
152.0
141.0
140.75
140.25
140.75
139.25
140.0
140.75
139.5
180.75
200.25
195.5
195.0
211.25
158.25
159.75
158.0
147.25
146.0
144.0
143.25
144.75
141.25
140.5
142.75
144.75
144.5
142.75
141.75
147.25
141.75
142.75
145.75
180.5
196.5
194.0
197.25
205.5
154.75
156.25
159.25
146.75
147.0
145.75
144.75
142.0
145.25
142.25
141.0
142.0
141.75
141.0
142.25
142.0
143.5
175.5
218.75
259.25
272.25
278.25
277.75
277.5
273.75
265.0
267.25
246.75
181.0
180.5
179.0
160.0
156.0
158.0
152.25
142.75
143.0
140.5
142.75
146.75
145.75
177.0
230.75
250.75
270.0
275.75
276.75
283.0
284.5
277.25
265.5
250.0
182.75
172.25
164.0
163.75
153.25
154.25
147.75
138.75
141.0
143.25
139.5
140.5
144.5
181.25
235.5
252.5
260.75
256.0
263.5
264.25
269.5
276.25
261.0
254.5
199.75
180.0
170.75
152.5
154.5
157.5
146.0
141.0
141.5
140.5
137.0
135.75
142.5
179.5
225.25
253.5
259.25
267.5
274.5
275.0
276.5
280.5
276.75
264.25
205.0
187.5
166.25
151.5
154.25
157.25
149.0
140.75
147.75
144.0
142.0
142.0
143.0
182.75
221.25
252.75
269.25
276.25
286.0
280.0
283.5
273.25
260.75
244.0
183.75
176.75
163.0
158.5
160.25
161.5
153.25
145.5
145.75
145.25
144.75
147.75
146.25
145.0
145.0
188.0
200.75
202.25
203.25
211.0
161.0
162.5
159.75
155.5
150.75
147.75
147.25
149.5
146.25
144.75
148.25
146.25
148.75
146.25
146.5
146.5
146.5
149.75
148.25
185.0
198.75
198.5
200.5
207.5
157.0
161.75
164.5
154.0
150.0
149.0
150.0
148.0
147.5
146.75
146.25
148.75
151.25
145.0
148.25
142.75
147.75
182.0
225.25
258.5
273.25
280.25
289.5
280.0
281.0
280.5
281.5
261.0
188.5
181.5
179.75
159.0
155.75
153.0
146.75
141.75
140.75
141.0
139.25
137.5
142.0
174.0
230.75
268.25
280.75
288.75
282.25
279.75
276.0
278.25
265.0
256.5
192.0
185.25
178.0
160.0
153.25
148.75
145.5
139.25
140.25
139.75
142.0
138.25
140.75
180.75
229.25
264.75
275.5
275.0
284.0
283.5
291.75
286.75
275.75
262.0
191.5
181.5
174.75
158.5
161.5
160.5
151.5
142.75
142.5
142.75
139.75
145.25
139.5
172.25
226.25
254.75
263.75
274.75
275.5
283.25
285.5
289.75
270.0
250.5
193.0
177.75
171.25
158.5
158.75
158.75
149.5
142.5
138.75
138.0
139.75
138.5
140.5
171.0
221.75
244.25
262.5
270.5
268.0
266.25
266.5
265.0
256.0
246.25
176.5
157.75
157.0
155.75
159.5
154.0
147.0
136.75
135.5
134.25
134.0
136.0
138.0
135.25
135.0
175.0
187.75
188.75
195.25
198.0
150.0
147.5
145.5
137.75
134.5
136.5
138.0
134.75
135.75
135.0
134.0
135.0
135.25
134.0
136.75
135.75
135.75
137.0
137.0
174.0
188.5
187.75
189.25
194.25
144.25
143.75
144.75
140.25
140.0
138.25
140.25
136.0
135.75
136.0
136.75
137.75
138.75
135.25
136.75
135.25
136.25
174.25
214.25
256.0
267.0
279.5
277.5
293.75
286.25
283.75
278.5
264.25
194.5
179.5
175.5
159.75
161.5
161.75
150.25
144.75
140.5
140.25
138.0
138.0
137.0
173.5
217.75
259.25
274.0
276.75
284.25
290.75
284.75
281.5
274.75
270.25
209.25
181.0
181.25
164.25
165.0
158.75
147.25
144.75
142.0
141.25
141.75
140.25
140.0
178.5
224.0
251.5
258.75
274.75
272.25
280.5
281.75
281.0
276.0
261.5
186.5
175.5
174.5
160.75
165.5
154.0
146.75
138.5
143.25
139.0
139.0
140.0
138.0
173.75
220.5
258.0
264.5
277.5
280.75
277.0
286.5
287.75
269.75
261.5
200.75
177.5
173.75
159.25
157.0
153.0
149.25
143.5
138.5
142.5
140.75
139.0
140.0
171.0
216.0
246.5
265.25
266.5
266.25
271.5
273.25
265.25
258.75
255.75
173.5
160.6
158.5
153.25
158.5
150.75
148.25
138.75
136.75
136.75
135.25
133.75
135.75
140.5
142.0
182.5
199.0
196.0
200.75
212.25
154.75
155.5
156.5
145.75
144.25
144.25
149.0
145.25
145.0
142.0
145.5
143.5
141.5
141.75
145.75
141.25
142.0
140.0
142.0
142.0
180.0
193.75
194.75
193.25
192.75
194.75
161.5
154.0
155.25
146.5
142.75
144.5
143.75
144.5
144.25
143.25
142.5
142.5
143.25
142.0
141.5
141.75
142.75
167.25
221.0
256.75
276.0
275.75
283.5
284.0
278.0
274.75
268.25
262.75
210.5
177.5
166.0
152.75
156.75
164.75
151.25
141.75
138.25
137.5
138.0
137.5
140.5
160.0
223.75
255.0
267.5
273.0
266.25
271.75
271.0
279.0
272.0
256.75
195.5
169.75
169.0
159.0
156.0
160.25
150.5
143.5
143.75
141.0
141.75
141.75
145.0
172.5
238.5
255.75
276.5
275.75
289.5
286.0
286.75
286.0
282.0
266.5
213.0
181.5
174.5
162.5
164.75
163.25
156.0
142.5
142.25
139.75
144.25
143.75
145.25
173.0
220.25
256.25
264.5
274.25
292.25
283.75
281.25
281.0
281.0
264.5
205.5
178.25
173.5
162.0
155.5
160.5
150.5
142.0
140.75
138.25
137.5
137.75
138.75
162.5
225.0
249.25
268.75
268.25
268.0
270.5
261.5
257.75
261.75
246.75
194.75
164.5
161.0
154.75
157.25
155.25
151.5
138.0
138.0
136.75
135.75
136.0
139.75
137.0
138.5
167.75
197.0
198.0
202.75
210.25
176.0
157.25
156.5
148.0
144.25
145.75
144.5
142.0
143.0
144.0
140.0
143.5
142.25
141.75
143.0
142.5
141.75
141.5
139.75
169.75
198.0
194.5
195.75
204.75
167.25
155.25
156.75
149.5
142.75
144.75
141.75
143.0
141.75
142.5
143.5
141.5
145.0
139.0
137.5
140.5
138.25
139.25
138.5
140.75
147.25
155.25
159.75
157.25
154.25
156.25
158.75
152.25
148.75
145.75
146.25
145.75
145.25
143.5
142.5
143.5
145.5
141.75
140.75
142.25
144.5
171.25
220.0
254.5
267.5
274.75
277.0
282.0
280.0
276.25
281.75
265.0
207.0
177.0
172.25
160.5
155.0
164.0
149.25
141.25
143.25
144.0
141.75
139.25
140.5
162.75
232.25
263.5
276.0
279.75
287.75
283.75
284.0
279.25
270.75
263.25
203.25
179.0
175.75
159.75
156.75
158.25
149.75
142.25
140.75
141.25
138.75
140.0
139.0
160.25
218.0
260.25
264.25
273.75
275.5
285.0
280.25
279.75
279.0
269.5
218.75
180.25
177.25
163.75
158.6
166.75
156.5
145.5
147.0
145.0
145.25
144.25
144.0
172.5
216.5
256.75
269.25
277.25
274.75
278.75
280.75
276.5
269.5
250.25
198.5
161.75
155.25
153.75
155.25
155.5
156.5
141.25
138.25
137.25
136.0
139.25
136.0
138.75
141.75
181.25
195.5
196.5
206.25
214.75
168.75
160.0
158.5
151.5
145.5
143.75
143.75
139.5
140.25
142.0
140.0
141.5
140.75
138.25
139.0
138.75
142.0
141.5
141.75
180.25
191.5
195.0
196.25
211.5
167.5
152.25
159.25
150.5
149.25
146.75
146.5
146.0
146.25
146.5
143.75
142.25
144.5
141.5
142.0
141.0
142.0
171.75
216.75
254.0
268.5
273.75
275.0
282.25
288.25
279.75
280.5
264.25
207.25
173.75
171.25
156.5
161.0
154.5
148.0
140.25
139.5
139.0
139.0
136.5
140.0
172.0
230.25
251.0
266.25
264.75
273.75
276.75
288.75
283.25
274.5
264.0
206.5
183.0
176.0
154.0
157.0
159.25
148.5
142.25
139.5
140.25
140.0
138.75
138.75
176.0
232.75
254.75
256.5
268.5
264.75
257.75
251.75
244.75
246.5
216.0
175.75
150.0
146.25
141.5
140.25
137.0
138.0
135.75
137.0
137.5
137.5
136.25
135.25
137.75
134.75
136.0
138.75
137.25
138.25
136.75
136.0
138.25
137.75
139.25
140.0
139.25
140.0
137.75
137.75
139.25
137.5
138.25
138.5
136.5
138.0
135.25
139.75
138.0
137.25
136.0
138.5
140.25
138.75
138.75
140.75
139.25
142.0
138.5
139.25
140.5
139.0
139.0
137.0
137.75
137.0
136.75
137.25
137.25
139.5
137.0
136.25
137.25
139.0
185.25
188.25
195.5
190.5
189.25
150.25
138.25
139.0
138.25
138.75
140.75
139.75
139.25
140.5
140.75
139.25
138.25
138.75
140.5
137.25
141.75
137.0
140.0
139.5
175.0
191.25
191.25
194.5
191.75
152.5
147.0
140.25
141.0
140.25
139.5
141.0
138.75
139.0
138.5
139.5
138.25
136.75
138.0
138.25
144.5
137.25
185.0
219.0
252.5
270.75
284.75
288.5
275.5
279.75
279.5
264.5
269.0
213.75
192.0
174.75
163.0
158.0
155.5
153.75
140.0
138.75
140.25
139.0
141.5
139.75
181.25
223.0
257.25
271.25
272.25
281.0
274.0
288.0
279.5
270.0
268.75
210.0
184.75
174.0
163.75
158.0
164.0
148.5
142.75
139.0
139.75
137.5
138.75
144.5
186.5
225.25
258.75
262.25
276.75
283.0
276.5
278.25
273.5
271.5
261.25
208.0
182.5
172.25
162.75
162.0
156.5
152.5
141.0
140.5
137.5
139.25
139.0
138.5
186.0
216.5
263.5
269.25
275.5
284.0
282.5
291.5
280.75
277.25
264.75
211.0
182.0
172.5
162.0
162.75
169.0
158.0
146.5
148.0
149.25
144.0
146.25
145.75
170.25
226.0
243.5
262.75
267.0
266.75
276.75
272.25
264.25
260.25
249.0
202.5
169.75
159.0
153.0
150.5
146.5
141.25
138.5
140.0
138.75
139.75
136.75
139.25
143.0
135.25
192.5
196.5
200.0
196.0
208.25
172.75
163.75
161.0
149.75
144.75
146.25
141.5
140.5
141.25
140.5
142.25
138.75
137.0
139.75
142.75
138.75
138.25
136.5
139.75
178.25
195.5
204.0
203.0
199.75
164.25
151.75
154.0
147.5
144.25
144.75
145.75
144.0
141.75
138.75
138.5
139.0
139.5
139.75
137.75
136.75
141.5
172.25
221.75
256.0
258.0
271.25
271.0
277.75
286.5
276.25
278.25
260.75
205.5
179.75
178.5
164.0
158.0
160.5
159.5
144.75
139.5
138.5
140.75
137.5
139.5
173.25
216.75
250.75
256.0
271.0
269.0
267.0
268.75
277.75
272.75
254.5
204.25
181.0
175.75
159.75
155.75
157.5
154.25
141.0
142.75
137.0
136.5
138.25
137.5
175.25
223.75
250.5
267.25
272.5
276.5
277.25
279.5
276.25
268.25
256.25
198.75
184.25
178.5
168.0
160.25
161.5
154.25
148.0
146.75
143.75
143.25
145.0
145.0
181.0
228.5
256.75
263.0
263.25
275.0
269.25
279.0
270.5
270.75
261.5
204.5
185.25
178.0
169.5
165.25
165.0
158.25
156.75
157.0
152.25
153.75
150.5
156.25
189.25
225.25
242.75
255.5
254.0
264.25
258.5
261.5
260.25
256.25
236.75
175.0
159.25
161.25
157.5
153.5
161.0
151.25
146.75
146.5
145.75
144.25
142.25
142.75
144.0
147.0
185.75
198.75
204.5
202.25
212.25
165.75
161.5
164.5
159.75
153.75
148.25
148.75
147.5
150.75
151.0
145.0
150.0
146.0
144.0
143.25
145.0
143.5
145.25
143.75
182.5
197.75
197.5
199.25
207.75
166.25
163.25
163.25
157.25
152.25
149.25
149.0
151.0
148.25
146.5
146.75
146.0
146.5
145.0
145.75
145.0
145.5
179.25
220.25
238.0
248.5
253.5
255.0
259.0
252.5
254.5
253.75
243.25
198.75
176.75
170.0
159.75
163.0
169.75
158.75
141.5
142.75
138.0
138.5
137.25
140.5
179.5
213.25
236.0
241.25
251.75
258.0
266.25
269.0
267.5
265.25
248.25
206.25
183.75
177.25
166.0
166.75
159.5
150.5
143.25
142.5
140.75
138.25
146.25
139.5
176.5
218.75
246.25
250.75
255.25
258.25
258.0
264.0
263.25
257.5
256.0
200.5
183.5
178.0
161.0
165.5
158.5
153.25
145.0
145.75
142.25
142.5
141.5
145.5
179.25
219.0
241.75
244.5
251.75
260.5
266.75
264.5
259.75
260.5
249.75
191.75
181.25
174.0
162.5
161.0
160.5
150.75
151.25
147.0
149.0
146.75
144.75
148.75
179.25
222.5
242.5
253.5
258.0
264.25
262.75
258.25
258.5
250.25
242.25
175.5
158.25
159.25
153.0
157.5
150.75
145.0
139.75
142.75
140.25
138.0
139.25
138.0
141.5
137.25
178.0
192.75
192.25
193.0
194.5
155.5
142.5
142.75
142.0
142.25
143.75
141.5
143.75
138.25
139.5
138.75
140.0
140.75
140.0
147.25
140.25
138.5
139.5
143.75
181.5
190.5
193.0
190.25
192.5
145.5
143.25
143.0
138.5
142.0
142.75
139.0
139.75
139.5
139.5
139.75
140.5
137.5
138.75
139.25
141.75
144.75
170.25
212.5
236.5
240.5
249.25
248.75
261.25
260.5
255.25
259.0
232.0
172.5
166.25
158.5
155.75
155.0
156.5
149.0
147.0
142.5
140.5
146.0
145.25
142.75
177.75
218.5
232.5
237.0
251.5
242.5
248.25
247.0
246.0
242.0
237.25
178.25
167.5
153.75
148.5
141.5
140.0
139.5
141.0
137.75
137.75
137.5
136.75
139.5
174.0
213.25
240.75
248.5
247.0
253.5
254.0
246.25
255.5
257.25
236.75
184.5
160.75
160.5
158.75
156.5
158.5
148.0
141.0
142.25
140.0
139.5
141.0
138.0
172.5
214.5
230.5
236.0
240.5
252.25
249.75
242.0
245.5
242.75
227.5
163.75
159.25
158.75
152.75
152.75
146.0
144.75
140.0
137.5
139.75
136.0
135.5
137.0
171.75
213.75
224.75
236.25
243.0
234.5
233.25
229.75
179.5
178.5
167.0
160.25
159.75
148.0
151.75
144.5
131.75
132.25
136.75
133.0
134.5
133.0
136.0
134.5
134.75
133.5
131.5
134.5
136.25
134.0
134.0
141.0
138.25
135.0
133.5
134.0
135.75
132.0
138.0
133.75
134.75
134.75
135.75
136.25
133.0
134.5
137.0
132.75
138.5
136.75
134.75
136.25
136.0
134.75
137.75
133.0
134.75
133.0
132.75
139.0
130.5
137.0
135.75
132.75
133.25
136.0
134.25
135.25
136.25
135.0
133.75
134.5
136.0
136.25
132.25
136.5
135.75
134.0
137.25
135.25
139.75
134.25
136.75
135.5
133.5
137.25
134.0
134.75
134.75
133.5
136.5
137.75
135.25
133.75
140.25
134.0
136.75
136.5
132.5
133.25
132.5
132.5
133.0
130.25
134.5
135.25
138.25
133.0
132.5
134.0
136.5
135.0
133.25
135.75
135.75
136.5
134.5
133.25
136.0
135.0
134.0
137.0
132.25
136.75
134.5
134.5
142.25
150.5
142.0
135.75
138.5
135.75
132.5
140.75
134.25
134.75
135.25
136.5
136.75
134.75
133.5
136.0
135.0
134.75
137.75
134.0
134.25
135.5
140.5
138.5
142.75
138.0
141.0
136.75
141.75
139.5
136.25
138.5
136.75
138.25
136.0
139.0
136.5
135.75
138.5
136.0
139.5
139.0
139.25
135.25
135.75
141.0
139.5
141.75
140.0
140.5
143.25
144.5
143.25
139.25
140.0
135.25
136.75
140.5
136.0
141.0
136.25
141.0
136.75
138.0
132.0
134.75
136.5
133.0
135.0
135.0
140.75
137.0
144.5
139.25
142.0
143.5
141.0
138.75
137.5
140.0
136.25
137.5
142.0
142.5
137.25
141.5
140.75
139.5
138.25
136.75
136.25
138.25
139.25
141.5
135.75
138.5
141.0
138.5
144.25
144.25
144.0
144.5
142.75
142.0
139.25
138.75
138.75
140.5
135.75
139.75
135.5
137.0
138.25
141.5
141.0
139.0
138.5
142.25
142.25
140.5
139.25
139.25
145.0
