323.72
319.94
312.5
326.44
355.78
367.38
369.96
351.39
323.23
310.25
281.33
268.75
251.18
240.47
241.09
247.92
246.65
259.6
291.93
299.43
308.71
314.36
319.6
321.5
323.39
327.12
329.19
336.95
369.67
356.375
364.86
385.6025
373.165
340.16
362.92
335.75
300.99
284.14
286.08
290.38
285.74
277.17
310.58
322.47
332.61
330.4
336.72
333.34
335.49
328.86
330.32
333.5
335.64
357.44
366.48
356.5
329.23
327.12
319.69
309.22
285.91
273.29
262.6
255.39
226.89
237.39
282.45
292.91
304.02
314.41
317.6
321.17
327.51
330.2
333.8
337.85
339.26
351.86
354.56
347.54
323.53
318.6
307.79
284.82
259.0
243.51
218.16
208.41
188.7
204.35
241.52
256.19
257.29
270.91
281.61
294.11
298.48
311.43
316.75
338.32
330.59
334.74
336.74
335.98
351.02
332.09
313.8
287.17
259.55
250.09
250.5
244.0
250.41
230.38
242.16
242.44
245.28
251.55
257.64
286.55
289.41
294.67
297.73
305.26
321.22
316.8
323.74
314.86
302.94
300.88
294.5
256.96
263.31
237.04
229.5
229.49
220.73
207.34
207.65
227.01
231.38
221.32
229.48
232.98
243.82
254.79
253.45
255.37
266.09
283.63
296.16
293.89
288.5
283.02
257.14
241.81
231.14
216.48
174.31
173.34
200.69
166.77
152.73
174.04
190.15
206.69
214.3
214.6
227.19
216.01
206.13
203.22
218.57
229.1
232.53
232.65
239.83
242.09
244.54
240.77
222.4
217.9
204.68
208.49
205.29
194.12
211.03
209.82
217.45
213.37
217.41
220.01
224.23
238.88
235.46
243.86
274.2
285.6
287.46
308.8
324.06
321.79
288.77
264.6
260.19
259.29
247.86
224.45
210.01
196.88
211.48
206.85
182.66
194.17
207.03
205.6
207.4
207.33
211.94
213.26
221.7
238.3
252.77
255.48
251.36
227.97
205.75
202.35
207.81
209.66
211.11
208.72
192.1
183.75
189.84
194.54
197.13
207.31
207.22
203.64
205.66
215.74
220.15
221.05
225.2
244.64
247.56
240.63
214.53
192.28
175.0
160.51
143.94
145.44
135.05
130.76
119.42
113.67
146.79
153.51
164.3
177.44
188.27
193.13
206.08
203.25
196.15
213.52
207.8
217.92
232.73
253.39
259.4
292.43
289.83
288.47
289.36
281.6
267.24
264.65
248.51
242.57
252.88
240.45
235.85
219.48
200.64
203.08
212.19
206.46
210.36
210.54
229.78
237.34
240.86
257.56
274.45
291.74
296.4
288.83
279.29
263.18
244.44
239.39
223.43
221.13
233.81
241.38
249.04
242.84
235.59
237.89
244.03
250.17
252.27
258.59
281.64
297.16
305.7
337.45
345.79
333.4
335.77
285.45
266.71
251.31
257.5775
250.4225
243.025
224.73
221.3675
253.4675
260.235
260.005
261.8925
257.1375
253.025
247.515
239.985
256.075
278.555
292.1025
294.3475
324.0725
299.0425
288.46
282.04
270.705
257.555
247.6475
244.2925
239.4525
228.7225
211.9975
201.135
214.78
237.715
205.5175
204.4225
194.145
190.075
197.3625
204.7
202.43
247.5825
256.2825
281.065
316.32
318.55
303.58
281.0
261.99
252.62
231.08
224.74
216.67
201.82
189.18
220.38
226.54
233.39
228.5
225.96
226.89
229.14
232.85
240.9
250.44
257.9
273.23
277.82
268.31
246.78
230.38
213.87
186.67
172.42
169.15
162.65
149.18
124.92
110.48
152.25
163.39
172.19
188.97
203.68
209.35
212.8
227.79
230.91
241.04
250.49
263.71
270.09
263.33
236.78
222.42
220.37
196.18
170.51
151.85
137.67
134.35
111.07
105.66
149.05
156.17
168.5
174.9
186.96
193.49
191.54
202.2
219.16
252.1
258.73
273.34
289.77
327.25
308.87
286.81
247.17
230.77
226.64
218.93
206.52
201.31
195.21
209.53
249.17
257.06
228.8
229.47
215.36
203.26
201.85
210.68
220.88
230.96
253.28
275.26
280.79
321.99
332.78
344.57
314.93
287.47
292.54
284.31
277.06
267.7
237.33
235.54
248.49
251.84
246.18
219.99
212.33
195.38
192.86
195.07
188.52
194.66
219.96
229.33
237.9
283.39
303.15
319.04
300.53
294.74
292.14
281.86
267.93
254.17
235.94
224.63
248.84
255.98
246.76
227.03
210.31
207.67
219.6
230.84
244.04
257.14
274.3
273.9
286.12
334.06
340.12
331.73
323.21
298.93
285.73
286.47
293.02
272.47
260.67
246.7
262.76
270.65
266.86
261.09
249.48
256.83
255.58
268.2
266.8
283.99
306.35
324.07
358.85
353.1225
311.7575
361.57
337.28
314.3
290.3
283.67
269.81
276.13
270.71
246.18
248.31
257.76
266.06
258.79
249.12
250.27
254.71
256.1
262.09
267.13
267.52
289.95
294.3
282.82
254.74
240.95
214.74
179.3
162.12
158.16
137.82
136.06
119.55
103.99
139.44
155.01
165.33
180.44
185.57
196.7
199.75
209.89
223.64
235.87
243.0
261.81
265.83
260.57
237.94
224.36
200.01
173.69
178.98
172.79
158.95
134.5
109.97
102.25
135.14
147.65
164.23
182.69
197.86
202.83
200.37
212.99
215.03
241.04
235.69
240.79
262.29
315.95
293.46
293.84
309.23
307.91
294.3
282.89
270.01
255.64
242.87
226.39
234.51
227.43
228.43
238.93
208.56
181.1
182.39
186.78
183.84
180.08
199.97
220.2
224.57
266.72
260.55
284.56
283.24
264.71
262.33
254.82
257.91
251.01
241.72
214.69
224.68
233.44
239.84
220.02
200.74
173.09
166.76
188.23
183.15
189.97
212.16
229.47
250.55
272.55
276.77
290.61
282.06
279.04
283.36
265.29
255.48
235.2
228.5
196.31
227.57
214.65
212.34
179.09
159.29
156.63
154.27
161.25
163.89
168.62
191.86
202.46
218.01
274.43
285.22
295.26
311.84
292.97
296.94
288.6
282.88
276.42
245.5
219.18
230.5
236.26
244.4
223.64
216.41
208.74
162.38
167.44
172.24
175.21
198.9
214.88
223.05
278.49
287.89
294.65
301.23
302.11
291.89
282.02
270.94
269.09
264.36
245.43
257.24
249.07
260.76
230.22
224.67
216.56
213.65
203.32
201.85
206.68
211.08
219.29
218.82
209.01
183.15
169.48
169.13
170.08
166.62
160.39
154.94
158.06
141.06
151.93
185.11
200.13
202.06
209.6
213.86
220.93
230.14
241.38
248.01
255.68
257.75
266.41
261.64
239.88
214.9
215.95
213.26
194.05
173.37
163.25
156.07
159.96
127.5
137.48
179.67
193.12
208.08
215.27
223.28
228.85
232.6
238.62
242.86
266.42
272.26
280.06
306.66
328.37
330.16
306.32
302.4
279.56
266.1
273.7
267.49
269.02
262.56
220.61
239.93
231.18
224.92
209.25
196.73
200.9
214.88
217.52
214.5
226.68
251.57
262.81
274.99
295.24
291.02
275.56
267.74
259.4
242.12
226.97
236.9
237.76
214.84
190.89
205.1
217.4
211.59
202.76
190.93
179.61
179.69
197.11
201.75
206.64
233.43
235.92
250.99
275.18
254.19
257.08
268.12
263.78
237.76
232.9
235.46
222.33
206.27
181.24
192.33
200.85
200.63
189.1
173.94
175.66
177.69
183.34
186.07
194.36
217.39
227.89
244.51
276.21
273.26
261.91
262.25
238.59
228.18
216.15
216.82
215.9
199.26
161.64
171.77
192.26
210.07
208.98
211.69
196.59
162.59
175.06
189.23
190.22
212.7
244.14
268.35
290.58
294.16
283.01
294.56
293.23
265.98
255.09
258.03
238.88
224.37
190.45
198.2
210.76
208.6
210.23
217.81
213.79
182.8
167.95
168.2
169.25
179.77
206.86
222.19
218.06
226.68
201.29
180.91
168.03
163.54
156.61
149.18
146.95
130.09
119.11
147.46
147.91
149.49
152.83
162.89
168.38
164.0
167.17
177.41
190.29
193.14
205.24
221.3
212.54
180.82
162.11
180.51
183.51
158.53
137.64
135.8
137.43
127.5
116.8
138.42
147.36
149.7
157.78
175.74
188.98
143.79
150.62
154.57
177.91
185.02
202.1
210.15
224.94
235.07
236.68
248.44
250.46
237.71
244.82
237.12
221.3
193.48
146.7
169.47
170.39
157.17
153.45
136.56
144.94
148.24
150.93
153.11
157.67
175.29
189.6
205.15
236.65
249.23
256.1
259.71
271.65
263.24
264.89
253.36
252.3
229.53
205.7
203.09
195.8
194.54
189.66
158.09
141.18
147.85
157.41
156.8
160.86
191.22
202.11
224.49
233.72
241.94
242.69
237.11
239.28
235.87
237.76
238.71
237.05
224.54
175.85
179.38
193.81
192.9
189.66
163.1
152.81
134.84
142.85
153.36
156.5
178.39
187.42
201.74
250.8
276.38
280.13
272.96
261.73
263.79
256.26
252.3
257.91
238.49
209.74
211.24
228.23
229.4
204.95
156.55
150.57
144.62
146.75
155.78
166.06
187.6
197.87
223.32
267.42
280.02
291.01
283.77
285.11
265.01
253.41
253.78
233.95
226.08
201.75
202.87
212.71
215.61
222.65
217.62
192.2
162.41
154.96
145.39
149.58
166.48
183.46
197.77
185.66
214.51
213.11
202.03
204.97
191.05
180.12
171.23
159.99
154.27
141.15
165.87
186.92
173.0
137.99
167.64
147.71
119.67
109.76
113.1
112.73
112.47
124.97
149.45
149.28
168.66
172.74
170.27
170.6
160.35
158.3
161.26
154.79
138.38
124.6
145.27
171.05
175.89
163.23
133.66
153.49
155.75
127.23
124.53
159.03
167.16
178.42
221.41
220.52
255.25
261.09
267.17
272.08
270.84
263.47
250.36
237.9
225.77
196.26
204.67
203.58
184.15
155.7
136.39
133.1
139.98
133.89
144.25
165.85
191.5
202.37
219.23
230.2
253.69
240.29
250.66
234.89
242.26
255.1
266.05
265.02
256.62
222.5
223.4
239.62
222.44
207.16
196.67
167.25
165.65
172.36
180.9
182.95
209.52
225.35
238.97
277.68
290.52
281.81
279.45
286.51
266.47
271.56
242.76
242.03
234.2
210.74
202.44
212.06
215.19
191.55
175.77
166.28
155.21
166.9
182.58
175.68
218.44
247.53
269.03
278.04
278.41
282.53
293.36
284.7
273.34
251.44
258.21
253.61
238.24
225.22
235.06
238.81
231.57
239.18
209.88
158.67
154.55
160.69
161.8
173.36
202.57
211.19
213.52
223.51
227.54
233.35
231.36
235.13
235.16
224.2
222.22
226.8
225.64
195.31
207.72
219.95
214.66
211.59
200.78
176.49
171.14
154.51
149.55
160.46
173.34
214.0
239.54
244.17
219.67
227.92
205.54
194.42
186.32
168.07
155.97
143.71
127.31
125.66
144.91
139.74
138.77
126.02
127.97
126.86
134.38
134.18
136.96
156.02
158.27
182.64
185.74
170.9
161.36
147.0
129.0
140.13
133.02
116.39
117.09
112.35
98.92
98.78
117.59
130.75
141.84
155.49
156.73
163.28
164.08
168.06
149.82
178.99
179.5
190.52
198.38
205.12
237.99
237.99
274.35
268.36
254.47
242.34
248.66
233.3
224.91
187.06
186.04
199.9
196.97
187.33
168.43
159.83
176.26
226.09
227.55
229.03
257.23
262.77
272.29
284.18
296.23
303.63
291.92
261.69
243.2
232.28
220.68
220.64
205.45
177.81
185.72
221.74
225.46
216.74
212.39
211.17
223.34
245.11
246.88
255.17
273.24
293.31
304.24
308.48
296.91
276.48
288.11
264.44
258.21
264.52
259.86
251.75
256.26
218.92
222.72
258.66
260.73
255.18
247.21
216.25
198.52
206.62
212.5
222.65
239.53
244.97
264.36
273.81
276.47
260.13
278.26
262.91
244.16
254.46
249.75
238.61
232.32
208.07
208.09
244.79
258.29
231.02
228.95
212.81
173.56
186.52
205.17
208.77
232.76
245.22
263.85
270.82
274.03
259.42
255.8
249.54
277.81
265.06
259.26
237.47
220.76
211.77
202.83
223.7
231.15
224.29
193.17
186.9
171.42
172.29
180.16
187.27
189.71
218.21
234.08
212.45
219.17
215.45
197.9
187.88
173.15
171.9
177.43
179.27
170.01
156.01
134.97
143.7
149.12
153.23
150.02
150.06
149.14
156.21
157.76
156.55
160.8
160.79
165.98
130.2
122.56
150.44
168.81
175.15
174.61
177.91
174.7
163.8
144.11
150.62
158.04
168.8
147.86
132.43
129.31
144.16
134.73
140.06
155.13
180.9
176.16
188.3
195.4
204.53
227.35
251.35
306.46
320.0
313.27
306.11
288.42
272.42
263.1
234.5
236.78
266.93
274.81
279.48
276.52
260.1
238.03
240.69
253.43
256.07
257.43
283.58
295.26
297.62
298.83
295.29
292.51
288.29
282.24
279.23
260.31
261.55
256.01
242.43
250.86
281.53
290.64
270.03
260.88
240.53
232.79
246.83
259.3
260.09
275.52
284.44
290.61
286.11
286.89
276.2
287.32
267.53
263.95
257.36
249.95
241.72
230.51
194.05
194.64
236.21
228.29
203.88
202.85
208.6
218.38
231.2
248.27
257.27
274.31
284.7
289.28
333.8
337.21
329.32
314.6
318.11
279.85
266.5
269.26
252.03
238.03
212.37
206.96
249.11
263.14
253.9
250.73
219.75
195.19
213.45
222.22
230.44
258.16
269.39
276.46
283.66
285.46
297.08
277.72
260.33
252.17
231.45
228.96
230.55
210.6
183.24
178.48
202.68
206.35
221.45
217.36
177.48
161.28
159.02
163.7
173.84
179.23
197.33
207.19
173.72
153.82
145.61
148.33
145.81
122.91
111.65
107.89
105.36
81.55
71.1
81.5
101.57
105.9
111.83
114.58
119.08
120.51
129.08
139.99
152.01
175.37
181.19
181.93
155.57
156.26
133.2
119.05
116.96
112.63
111.13
101.78
85.52
70.0
67.11
77.52
102.18
106.01
112.83
117.68
111.75
118.75
130.17
141.85
171.03
178.57
190.57
196.32
174.86
196.75
204.72
213.07
217.56
216.68
208.22
204.44
193.53
181.08
162.86
154.62
157.13
130.8
134.03
141.85
127.75
126.64
146.74
151.79
161.59
187.74
193.61
196.21
168.5
208.18
211.3
230.0
224.84
226.64
221.96
210.34
170.39
166.6
138.17
123.8
145.64
145.28
144.51
141.05
133.37
130.23
143.28
150.61
150.68
176.19
184.64
182.1
161.71
169.08
171.54
185.21
200.95
187.86
187.56
187.99
187.82
169.93
139.48
150.26
170.19
167.28
160.2
145.95
112.53
111.1
110.09
108.25
112.73
136.48
157.48
172.12
149.83
208.31
214.41
228.23
227.77
223.77
215.74
219.96
200.41
214.71
170.38
168.48
189.7
196.11
190.86
188.06
156.18
131.63
115.31
113.96
121.9
147.72
162.39
178.81
160.55
186.26
190.06
208.35
210.6
203.68
201.81
197.84
196.91
184.48
159.39
154.13
166.44
164.36
162.51
168.16
127.84
116.51
110.02
114.94
110.28
112.22
116.08
118.55
97.11
94.86
105.34
108.58
108.11
125.0
121.43
99.25
94.18
75.38
69.28
79.61
101.3
101.87
103.01
100.12
100.09
102.21
104.26
105.43
107.21
106.83
116.79
115.13
89.11
84.22
102.29
103.1
98.29
103.65
106.52
101.6
100.36
82.26
71.58
78.3
98.31
100.3
105.22
107.05
105.35
106.06
111.48
112.97
136.34
135.54
142.25
147.24
141.98
191.62
222.48
236.9
242.08
235.26
236.8
246.16
226.31
208.14
175.3
156.2
155.13
148.3
150.67
144.87
131.87
116.53
111.94
122.01
111.36
141.86
143.1
137.46
163.46
188.34
213.64
261.31
230.8375
232.91
252.03
241.83
253.22
256.56
220.78
194.26
198.68
167.09
156.45
151.0
138.68
118.65
116.63
114.22
110.15
135.81
130.48
123.9
129.34
152.96
196.96
207.05
224.66
221.45
238.4
244.38
250.79
234.16
198.92
174.69
192.9
176.47
153.64
142.01
133.45
125.79
120.51
121.44
118.67
134.67
148.64
143.23
144.4
190.87
206.22
234.23
233.16
231.91
227.74
230.76
229.57
217.56
199.8
184.42
210.0
206.42
191.53
175.23
166.71
141.64
125.45
124.49
129.8
147.46
162.15
158.57
160.53
187.12
206.4
227.81
214.71
213.03
217.03
209.47
211.58
202.78
180.43
166.02
187.8
190.96
179.38
156.91
147.24
134.62
115.44
117.24
120.49
122.37
152.19
196.66
179.61
167.08
172.72
177.68
164.04
160.7
160.05
153.82
155.71
137.64
130.85
132.51
159.36
132.52
119.95
110.46
107.85
110.36
113.61
115.06
119.41
120.2
139.01
177.11
174.83
163.89
168.66
176.29
167.21
156.87
153.88
149.33
149.13
131.26
114.24
104.44
133.77
133.77
130.48
104.27
107.68
111.26
106.47
115.0
143.11
142.03
168.09
186.65
199.23
220.76
234.36
255.9
273.78
269.38
255.38
251.51
249.31
229.01
195.32
171.09
183.06
175.37
162.4
145.97
128.55
129.11
119.88
123.49
121.73
137.73
146.42
162.29
212.63
243.97
269.13
268.94
271.99
277.62
257.92
260.99
250.69
241.67
213.7
187.7
195.92
184.69
177.13
166.49
135.6
111.87
113.8
121.85
127.13
146.55
158.27
162.45
190.69
233.54
258.75
266.78
284.76
266.55
260.32
246.06
245.47
226.84
202.83
175.02
193.73
201.92
181.85
169.81
153.11
146.28
143.17
143.39
136.29
143.61
162.02
208.27
221.74
247.14
276.27
279.02
274.58
261.09
251.14
256.61
253.91
229.09
212.73
185.16
188.0
185.64
180.09
176.36
166.74
135.38
110.93
116.89
117.95
140.42
149.6
145.52
181.2
207.83
241.06
241.9
227.44
239.22
232.65
231.5
235.79
216.63
190.02
164.59
184.67
176.96
179.27
177.08
154.06
135.53
134.15
135.43
136.21
134.61
173.12
174.56
161.01
169.32
181.73
179.06
185.36
185.89
179.99
166.1
166.21
123.58
118.15
122.37
129.0
137.81
143.04
145.26
134.54
108.04
99.76
102.16
104.28
105.51
116.95
107.07
81.22
78.37
103.32
106.37
106.41
103.54
98.31
94.74
93.72
75.29
69.71
84.73
114.72
126.98
137.84
123.15
106.01
103.33
135.19
135.13
137.64
127.76
131.57
117.24
122.16
158.12
195.71
211.14
217.47
216.9
230.03
232.3
207.65
186.99
164.83
140.82
146.41
139.93
150.22
133.12
114.77
108.94
111.8
115.8
113.79
140.24
134.25
119.57
130.03
150.42
194.05
217.05
238.89
248.86
246.17
222.41
205.94
193.43
170.8
139.24
163.05
153.42
148.54
149.74
136.15
116.74
115.59
122.3
126.72
153.54
150.41
126.66
132.64
168.08
198.81
215.64
213.64
217.16
231.32
246.35
229.82
221.62
189.39
167.45
169.62
161.82
144.21
132.93
115.1
107.82
108.84
115.62
121.68
146.49
133.5
118.01
127.48
171.76
210.6
227.14
241.19
225.28
231.59
226.11
211.13
204.26
179.31
163.93
186.31
176.36
168.08
162.02
127.99
116.56
117.55
118.23
126.16
140.06
157.32
200.63
198.67
221.71
249.49
247.48
247.61
249.14
231.31
217.02
223.45
209.19
163.03
136.97
150.27
155.15
142.0
123.66
114.81
108.38
110.28
114.56
117.33
112.44
118.55
103.8
89.36
84.01
100.3
106.01
106.2
103.96
101.58
99.97
95.93
81.72
76.07
78.0
100.46
104.01
104.81
103.21
105.07
105.33
101.96
102.36
105.97
107.17
116.38
95.88
84.31
80.7
102.91
104.56
101.5
99.57
99.11
97.35
95.49
78.2
68.48
72.21
101.36
106.46
115.8
111.96
109.27
107.46
111.41
112.21
145.17
137.5
138.79
121.88
138.09
160.72
198.42
213.44
226.01
223.97
223.99
218.3
226.77
214.77
180.2
152.27
172.05
158.95
161.91
134.35
111.49
113.78
114.14
120.8
128.74
145.07
155.1
136.41
151.68
162.55
186.54
216.02
233.93
225.01
236.47
229.87
228.8
215.25
185.37
169.33
181.64
161.75
149.32
129.26
116.42
111.96
118.37
121.11
132.9
137.89
146.19
131.61
145.34
156.89
188.23
199.85
210.27
207.43
223.55
230.74
219.19
208.19
165.54
143.53
162.25
172.88
161.26
159.4
151.96
129.91
136.61
143.64
161.72
189.01
195.22
161.86
187.6
195.58
218.8
238.62
247.95
238.3
228.19
228.24
230.33
219.9
186.42
165.02
189.22
171.59
165.89
148.62
125.81
124.38
126.43
132.77
139.0
165.03
179.26
179.64
209.45
215.63
235.36
252.57
243.43
244.33
236.64
250.39
236.78
217.65
181.65
142.54
166.27
149.86
144.4
126.88
113.37
109.7
112.36
113.65
117.45
123.15
140.17
117.8
103.07
86.07
98.06
103.73
103.47
101.94
98.15
113.92
133.48
116.67
107.5
111.48
150.8
149.29
159.15
159.05
127.19
120.17
125.16
125.92
132.15
129.06
140.88
113.9
108.37
114.03
124.25
159.7
154.2
141.96
137.49
132.41
139.4
127.26
117.69
115.07
136.08
137.38
109.45
107.61
102.92
100.04
100.2
112.19
145.21
131.31
134.65
113.59
117.73
145.21
188.2
197.49
200.4
215.38
207.96
219.74
218.03
208.5
178.74
152.79
166.57
170.41
174.02
161.4
145.68
112.45
108.57
111.08
110.84
133.92
149.68
130.06
175.84
208.17
231.95
235.88
248.39
257.58
249.81
249.71
225.71
224.34
193.69
164.93
161.77
165.06
155.87
148.78
110.96
104.75
117.13
104.87
111.98
132.69
134.77
109.08
146.91
211.19
245.83
246.39
243.96
239.62
236.41
240.07
226.96
216.35
182.68
157.48
173.34
183.12
165.73
145.89
121.4
117.55
124.66
132.43
135.53
155.08
173.29
156.18
175.5
176.88
194.49
216.63
229.54
217.22
216.99
226.44
228.21
204.82
178.55
140.6
167.81
180.88
186.8
171.88
148.26
121.57
121.56
140.57
145.95
161.31
176.74
175.0
203.87
227.66
246.47
259.49
259.46
251.73
231.73
220.8
222.05
210.3
184.85
159.62
175.82
183.26
190.37
182.4
154.26
109.49
111.53
114.59
116.92
118.01
131.05
136.85
156.86
153.4
173.55
173.93
158.6
151.62
151.96
153.49
145.37
124.85
122.54
118.15
127.28
139.63
137.9
123.24
108.4
99.37
99.73
99.34
98.83
104.65
112.06
89.15
125.04
146.84
150.48
151.36
152.81
147.46
129.58
141.09
149.35
148.05
138.67
133.78
151.79
159.11
144.23
142.84
137.47
106.6
100.27
98.59
133.22
126.01
131.93
122.93
164.74
191.49
228.48
241.88
242.73
229.0
218.1
218.66
226.41
222.83
193.84
156.34
160.21
175.74
161.41
137.97
113.98
108.46
109.71
111.2
107.27
134.57
136.65
103.9
153.67
201.54
221.11
223.04
219.9
236.65
229.33
216.95
205.68
187.76
173.96
149.51
162.66
173.2
166.57
160.5
137.29
107.63
107.98
108.82
113.83
136.68
135.3
125.34
195.16
222.6
244.11
247.14
251.81
240.16
249.74
243.61
242.19
234.49
201.34
169.84
177.66
202.82
171.31
159.44
139.6
112.69
108.03
112.05
119.0
133.77
138.37
107.0
125.99
157.81
186.07
201.75
215.94
212.54
195.43
195.82
194.4
198.6
173.07
150.38
163.39
174.31
167.44
156.97
133.03
108.04
104.45
110.46
107.32
132.15
132.9
108.33
140.97
176.3
209.23
238.5
227.87
219.25
220.24
233.76
218.29
206.98
178.18
165.69
190.57
209.98
211.38
165.23
124.26
105.33
105.33
105.67
106.48
106.61
115.15
97.48
112.28
141.14
172.69
142.5425
136.5825
132.66
129.7475
127.71
127.2325
113.0675
104.0
104.5525
114.9325
126.0225
128.73
126.435
154.625
176.9025
174.525
171.9175
172.1025
166.78
189.4575
171.0475
158.875
144.1725
144.41
139.4075
136.3325
127.28
103.25
100.91
102.62
92.85
104.89
102.0
124.81
138.16
123.2
133.77
124.97
121.01
128.43
144.73
167.84
171.12
175.31
140.16
151.29
157.44
173.44
197.45
231.87
232.71
221.39
221.41
214.83
200.97
166.29
150.0
162.76
174.1
170.85
168.8
122.88
109.67
124.79
122.6
113.9
133.76
144.35
115.66
132.75
150.96
201.34
217.1
241.74
236.25
232.17
231.76
233.13
216.81
200.77
172.68
183.35
193.74
181.62
161.94
146.51
106.21
110.89
113.5
107.76
132.17
129.13
104.31
158.14
190.95
217.14
228.23
232.69
238.88
218.5
210.55
224.39
207.47
171.48
143.87
158.89
166.63
155.05
151.7
147.09
141.9
124.37
111.68
109.21
131.38
127.44
97.62
125.87
150.31
178.57
197.06
213.55
166.48
212.57
159.47
215.82
237.22
199.78
177.97
187.48
203.53
179.54
157.95
122.78
121.48
114.36
107.65
114.85
136.91
128.58
103.79
148.71
207.55
221.69
237.1
236.9
249.07
175.53
182.03
226.41
234.71
200.14
177.89
179.5
139.75
136.39
170.46
136.6
108.39
105.33
105.67
106.48
106.61
115.15
97.48
112.28
141.14
172.69
143.05
139.01
142.48
147.09
144.76
139.9
123.39
120.49
117.87
139.92
152.04
140.86
138.5
133.94
136.64
134.62
135.66
134.26
132.31
147.79
110.97
108.63
115.44
158.01
158.51
153.84
144.28
144.12
146.5
147.45
125.72
120.05
118.04
100.4
115.82
116.52
114.84
104.28
105.98
101.29
98.17
149.17
135.53
121.78
90.76
129.75
161.58
188.29
199.59
207.17
202.31
203.01
197.59
194.55
187.67
153.49
136.25
135.04
147.33
145.49
122.52
114.08
106.73
106.9
109.83
115.68
134.12
124.21
92.6
120.91
161.13
181.5
192.93
204.4
215.66
203.83
212.12
198.61
189.91
160.43
142.05
144.94
150.98
144.36
141.34
134.75
107.91
108.01
101.9
107.75
135.17
126.92
96.56
132.19
183.03
204.42
213.41
221.0
222.61
213.36
215.99
213.55
205.91
168.86
162.2
163.33
174.23
155.76
138.87
124.89
113.66
119.28
119.51
116.79
126.8
123.41
96.21
145.94
181.25
208.54
220.01
215.26
213.83
220.25
223.16
213.79
199.61
167.64
173.49
179.17
197.81
194.32
183.38
170.34
128.67
107.05
108.81
110.15
125.92
141.33
149.7
194.32
218.1
240.78
234.91
238.68
225.19
222.83
229.02
223.76
188.25
159.24
161.74
165.11
177.91
173.55
164.34
161.04
120.58
120.33
124.8
130.81
143.47
149.94
121.73
107.77
99.04
102.71
104.32
102.93
101.21
94.82
96.76
97.73
76.65
64.45
62.83
81.38
96.5
100.74
100.45
100.13
103.47
103.12
103.02
109.0
116.48
121.51
96.45
90.64
88.15
97.55
94.63
97.87
96.75
95.46
93.48
90.92
72.22
65.04
65.4
82.02
101.15
129.88
142.1
134.39
129.4
128.9
109.76
132.74
124.92
119.45
115.29
142.5
186.43
190.24
191.955
218.88
226.31
221.01
214.33
209.71
204.87
142.79
117.76
114.52
132.88
132.0
130.14
122.31
119.33
119.47
118.02
116.92
147.11
133.67
107.05
126.9
190.58
218.69
215.65
217.94
218.83
222.15
241.36
229.13
218.28
192.19
173.33
172.49
194.57
181.38
171.45
147.6
117.17
114.58
110.99
109.98
136.55
121.18
93.88
111.22
145.51
189.47
225.99
235.22
229.1
229.27
223.76
215.19
196.18
136.98
106.64
115.24
144.17
146.88
149.85
141.72
138.01
131.53
138.43
118.34
138.36
123.69
124.03
164.88
195.03
215.85
224.53
232.75
195.44
194.14
190.66
188.89
176.65
138.53
123.44
120.2
134.99
127.67
122.13
115.34
113.03
117.57
110.45
106.57
133.18
124.76
98.1
116.45
139.72
158.39
166.99
177.03
170.26
165.68
185.56
180.54
157.25
111.71
101.01
107.96
125.26
116.85
123.23
127.5
137.05
140.86
135.09
137.16
132.77
149.82
138.91
133.99
139.31
157.58
155.16
139.48
126.06
110.11
109.24
110.84
90.0
84.02
79.07
83.06
104.16
105.61
104.2
107.38
105.43
108.87
109.57
111.53
118.31
116.15
93.67
86.15
80.35
96.9
99.44
100.79
97.21
98.35
95.71
96.24
75.92
66.74
64.81
79.13
99.91
99.11
97.96
105.58
109.91
110.46
101.2
127.11
129.06
130.81
105.45
114.73
153.21
170.85
187.06
179.66
174.56
184.63
166.88
148.66
144.68
121.47
104.02
102.81
120.84
122.29
115.94
110.2
103.76
108.39
106.17
108.78
128.38
124.55
98.86
116.85
149.37
178.01
192.45
214.69
228.06
216.94
205.58
162.49
149.55
121.31
108.82
111.19
126.0
125.48
117.06
110.5
108.16
110.39
107.85
103.07
127.49
126.88
102.62
108.98
157.15
202.94
211.55
206.89
217.16
215.93
214.07
202.87
196.53
178.32
162.76
160.06
191.06
145.45
116.9
103.56
100.95
102.72
110.18
103.95
128.15
117.97
86.96
110.16
153.15
209.16
213.92
205.97
206.17
206.97
231.21
206.89
196.04
178.61
162.34
163.98
186.16
181.77
165.87
157.34
141.72
106.35
106.55
97.85
126.96
115.58
106.67
157.29
200.43
238.35
228.19
217.36
214.1
213.39
204.35
181.64
177.49
146.63
147.55
147.89
163.83
142.0
118.53
109.93
109.24
109.6
109.4
110.76
107.25
104.48
85.46
82.69
81.16
98.54
98.85
99.06
92.33
96.72
96.47
97.1
77.37
68.22
66.09
75.58
100.48
103.61
101.86
102.92
104.0
103.44
104.57
106.69
105.22
104.65
82.26
81.12
78.2
103.9
96.35
92.04
96.12
97.43
96.12
96.59
76.41
68.38
67.08
75.43
103.26
102.82
101.91
100.62
103.4
103.72
105.78
136.1
129.67
121.93
96.1
95.73
100.33
101.1
98.51
130.17
125.34
116.38
122.64
96.79
79.17
71.55
71.59
80.93
98.86
102.26
104.15
106.53
107.87
113.18
105.61
111.92
130.66
115.36
93.74
117.55
165.6
213.91
217.74
218.97
225.56
232.88
220.27
194.18
184.82
172.88
162.06
162.29
180.21
171.17
168.5
153.1
144.28
133.84
105.8
111.41
132.84
109.31
92.54
105.55
160.93
213.69
214.5
202.39
214.49
215.28
207.08
194.47
186.2
170.02
151.15
143.32
161.75
124.4
112.54
106.0
102.66
107.3
106.26
113.04
130.06
110.78
90.83
104.36
150.28
171.01
198.88
205.07
199.74
197.87
181.87
158.4
165.24
130.36
115.52
114.11
135.15
128.91
124.47
115.04
117.0
121.05
110.87
110.23
132.77
112.07
87.9
110.66
141.69
161.1
178.7
191.57
198.57
167.48
169.66
164.13
173.98
158.44
141.77
127.61
132.44
115.15
113.79
106.5
102.78
102.65
99.99
102.94
97.83
100.19
77.99
88.29
97.29
139.14
145.47
106.59
100.21
99.94
99.66
99.47
76.27
68.94
68.87
76.82
100.64
102.56
101.65
99.67
98.35
102.52
103.37
103.17
102.52
103.17
79.37
78.93
80.01
115.63
137.59
152.02
157.76
161.32
164.76
165.89
94.29
67.97
68.59
72.97
98.88
99.51
102.04
100.34
99.92
99.01
105.66
175.47
192.25
179.72
120.5
125.38
155.24
166.05
172.05
170.62
171.66
178.98
190.53
177.79
152.38
141.77
132.85
120.12
141.79
134.92
124.3
123.93
108.37
107.92
112.58
108.44
151.47
120.96
99.29
113.83
139.19
158.49
183.67
184.63
172.83
175.35
162.52
144.81
145.61
129.06
114.57
109.8
127.64
115.3
110.27
107.17
102.91
102.11
103.94
105.64
144.03
115.23
93.0
112.3
134.8
157.18
172.16
171.07
176.71
187.6
195.94
178.23
151.47
145.73
128.38
116.93
133.62
127.72
125.91
106.64
100.75
101.27
102.01
114.74
139.64
111.71
98.06
118.15
161.16
209.94
214.1
213.83
212.95
211.77
199.09
187.1
153.68
145.72
138.92
132.95
168.26
152.2
153.08
119.28
111.45
106.4
102.51
105.65
147.31
119.15
101.12
135.34
169.99
183.37
194.32
198.39
199.96
208.53
197.98
189.2
174.1
161.18
147.29
146.12
174.65
170.04
154.84
116.94
112.76
112.92
112.75
112.96
109.36
116.9
134.93
138.03
141.99
146.84
149.49
152.82
145.76
145.51
145.1
151.97
139.34
138.98
141.9
147.81
170.62
163.69
144.9
135.83
111.95
113.48
110.61
114.19
113.01
115.99
117.87
135.05
128.62
132.39
140.48
144.49
138.77
139.7
144.24
123.42
97.3
90.14
89.03
87.12
113.1
112.6
109.69
111.05
110.42
109.18
104.39
140.45
128.27
107.57
87.86
101.67
146.42
161.33
171.13
209.05
212.05
221.5
212.76
183.57
177.46
144.59
116.23
107.69
129.12
127.88
117.27
113.29
103.66
110.35
103.46
105.62
151.05
121.75
94.75
97.66
132.37
144.52
160.15
160.26
183.38
204.5
202.09
181.1
167.14
152.74
137.04
130.12
156.99
152.91
122.68
103.32
100.08
98.36
102.1
104.79
147.71
116.0
86.73
107.9
160.8
175.05
181.81
182.97
187.78
199.72
193.49
172.44
177.22
153.82
136.68
130.95
158.56
151.39
134.98
108.25
101.8
102.47
108.3
108.24
150.0
113.85
92.87
117.07
164.55
192.6
210.3
203.17
204.93
208.79
206.0
186.59
170.65
151.24
137.14
133.18
139.34
118.72
113.79
102.06
104.89
105.29
101.34
104.65
142.45
110.71
90.93
102.78
130.52
144.61
155.6
156.9
149.67
155.4
170.56
154.67
158.31
151.05
143.24
139.33
165.86
155.7
135.23
104.4
102.03
101.32
95.07
99.3
95.56
101.39
109.74
124.51
147.98
154.34
153.99
152.99
158.73
159.33
153.4
154.37
142.68
137.08
130.83
94.8
123.89
125.25
136.64
142.08
145.0
141.97
142.7
117.85
109.93
116.85
89.17
87.99
85.95
121.13
134.94
137.25
134.76
137.29
135.86
136.62
88.69
75.15
75.89
79.51
108.91
105.2
104.56
105.94
106.49
105.81
111.08
165.82
156.1
128.18
108.28
124.72
155.29
194.52
212.46
209.25
225.69
216.06
210.28
200.21
185.84
167.91
150.19
128.74
164.29
165.65
151.19
119.31
97.82
103.99
109.91
114.63
159.61
126.85
97.37
103.88
144.08
159.98
166.79
166.34
167.54
166.49
170.09
167.05
162.91
159.28
141.74
137.21
166.37
157.21
144.69
123.03
118.58
116.57
114.25
109.53
153.07
126.85
97.37
103.88
167.25
203.85
216.3
211.23
218.45
215.95
221.02
190.46
180.47
157.68
121.84
104.29
134.28
127.91
134.72
128.43
111.27
115.84
115.11
116.31
143.8
121.98
99.29
120.18
182.72
197.81
212.06
220.35
229.1
228.67
224.58
200.22
196.41
180.13
154.45
147.0
187.84
183.61
161.15
128.43
111.27
115.84
115.11
116.31
143.8
121.98
99.29
120.18
200.61
225.99
240.84
236.41
234.08
235.81
234.86
217.54
202.48
182.06
168.39
156.09
181.96
176.31
172.2
156.74
153.56
154.35
143.93
124.03
119.36
143.08
110.91
114.0
123.69
137.8
140.32
131.49
138.88
142.13
137.94
137.6
104.66
85.11
81.13
84.69
125.8
134.94
130.23
126.21
121.6
111.65
104.22
103.83
104.18
117.23
93.62
90.68
87.37
123.4
118.16
111.85
109.57
106.99
106.73
116.83
101.66
98.81
94.71
130.26
161.05
141.1
124.25
141.74
119.64
155.9
160.6
164.72
135.53
111.89
91.53
107.2
176.55
189.39
205.74
208.52
211.19
210.38
216.46
191.78
170.75
129.86
113.37
101.38
127.56
130.2
127.76
116.16
110.76
112.02
112.77
112.55
155.05
126.85
97.37
103.88
167.25
203.85
216.3
204.38
209.54
210.66
211.74
209.33
206.14
187.73
174.85
167.45
195.5
188.54
142.24
124.63
122.19
126.74
128.4
131.64
182.12
144.64
163.79
190.21
211.39
221.95
224.37
228.22
224.71
217.23
230.39
207.63
196.26
177.35
166.19
153.41
174.76
144.87
137.24
134.03
133.14
134.99
129.49
121.63
176.34
146.5
114.65
123.68
188.8
212.99
216.27
228.04
223.71
213.48
220.92
204.88
200.25
195.58
165.21
143.99
160.17
134.08
140.24
116.75
106.77
110.9
110.16
113.3
159.32
134.36
105.02
112.78
142.49
161.11
180.58
211.07
206.48
208.82
194.24
168.77
162.14
135.61
115.57
102.88
129.72
118.02
118.98
109.01
105.27
105.88
104.84
105.2
104.01
117.24
93.39
86.41
84.67
116.91
114.3
110.38
107.41
111.3
110.07
112.2
81.76
74.41
73.15
75.79
105.61
106.3
104.93
100.68
103.06
103.55
102.77
102.82
104.35
116.59
95.4
97.6
100.88
135.1
135.87
126.37
116.06
112.25
111.13
111.96
81.42
72.91
70.83
72.78
107.12
110.34
110.07
107.26
106.84
104.87
115.68
188.21
176.24
138.27
108.75
135.09
180.58
192.52
217.85
223.38
217.75
209.06
219.03
192.89
167.51
129.82
116.15
96.88
120.51
119.06
112.85
106.97
100.43
102.44
104.83
106.47
170.14
147.34
106.55
113.36
172.09
187.74
192.12
192.97
186.1
194.64
190.53
180.77
173.62
159.35
124.39
106.31
133.99
129.39
123.8
111.26
105.46
110.44
108.04
107.69
182.68
146.89
104.73
116.47
150.24
164.99
193.13
199.27
204.92
203.9
202.89
189.44
167.44
129.36
111.86
103.98
133.05
124.24
122.16
102.99
104.76
110.62
99.96
103.57
172.98
137.05
98.99
112.81
161.5
175.88
187.94
192.19
199.04
197.63
185.09
158.74
155.93
138.34
109.43
98.93
128.26
119.44
117.2
106.62
101.79
99.11
99.58
106.72
164.94
139.1
102.89
98.31
96.57
116.0
127.54
129.24
102.82
101.69
96.78
99.27
97.18
99.19
98.69
93.86
123.6
116.4
112.34
103.61
100.54
100.53
101.18
98.63
99.13
112.01
83.55
80.08
79.83
130.63
118.45
117.54
115.58
116.54
117.37
117.59
87.33
73.1
67.01
68.85
101.41
101.14
100.02
101.39
98.62
96.81
99.62
100.25
103.1
114.68
86.34
79.88
81.76
136.51
132.37
123.89
131.05
140.59
139.33
143.41
120.14
104.84
98.58
81.63
115.24
107.19
100.25
111.43
112.14
110.38
99.74
167.17
145.81
120.17
94.83
107.25
157.3
191.39
211.46
211.95
215.69
208.86
211.97
211.57
206.04
182.61
163.02
113.1
129.0
126.0
114.52
105.83
103.84
102.04
104.66
111.29
166.25
137.46
114.97
124.81
177.58
207.76
211.56
203.64
208.29
214.29
209.99
193.01
181.93
168.19
159.01
154.73
184.96
164.72
143.83
108.01
106.75
102.25
107.17
109.52
153.4
128.25
109.54
147.76
196.15
204.56
213.14
211.42
215.5
211.07
208.75
208.0
195.63
168.54
159.39
153.54
181.76
168.26
150.29
108.72
101.86
99.83
104.78
113.35
152.03
121.86
98.45
131.29
174.5
192.29
208.64
217.53
216.93
217.44
218.67
197.71
191.47
173.28
163.85
145.84
175.75
167.02
152.95
107.65
102.79
102.07
101.86
106.44
140.59
116.34
90.92
133.32
193.17
207.2
214.35
219.14
215.96
211.69
207.69
194.52
184.55
166.82
150.03
145.11
173.58
164.46
158.7
148.26
139.11
128.6
107.11
102.3
96.89
107.61
78.92
97.65
154.8
151.95
153.57
152.78
147.95
156.6
155.69
153.78
126.79
118.29
118.06
111.5
112.78
100.14
101.93
103.0
102.0
103.3
104.31
102.79
101.7
110.99
85.37
92.51
93.72
118.61
117.55
108.96
149.62
155.14
152.89
151.5
128.28
121.28
106.86
89.63
108.19
105.04
105.46
107.48
105.97
108.07
104.31
160.0
147.34
123.69
100.96
121.72
163.14
187.12
182.18
178.98
182.17
183.34
176.36
172.29
154.25
124.93
107.35
95.57
127.26
126.2
118.55
120.85
110.3
104.54
104.26
107.12
161.71
138.74
111.63
122.45
163.66
197.33
205.34
205.7
205.9
205.68
205.23
196.21
189.18
145.68
117.35
111.68
134.86
124.98
123.5
108.32
106.65
98.73
101.79
107.62
155.92
131.83
96.04
105.76
152.79
180.32
203.99
214.59
204.22
204.84
201.95
191.42
176.42
136.03
107.17
105.05
138.97
128.46
126.16
108.62
107.0
106.08
103.86
103.96
146.81
129.69
97.16
111.84
148.4
181.08
196.16
195.95
204.67
208.42
205.58
191.63
193.78
174.04
138.68
124.79
148.06
124.43
125.2
122.69
109.03
112.91
107.61
112.94
160.46
137.91
158.46
174.26
200.15
210.56
221.81
222.95
222.36
220.33
210.17
202.08
194.52
176.49
162.9
154.08
177.99
134.69
120.48
109.88
105.93
101.46
106.63
104.5
102.14
121.0
88.29
82.82
83.37
112.78
81.6
102.64
103.59
104.85
104.77
100.59
77.77
72.69
74.36
78.02
105.99
105.51
106.42
103.97
102.81
104.34
105.82
104.78
102.39
120.36
84.74
80.61
83.79
114.09
111.32
99.4
96.21
99.12
99.46
99.45
77.71
71.47
71.02
76.97
105.08
109.45
109.88
108.51
108.39
121.67
109.94
160.08
144.71
131.24
96.54
110.17
152.17
180.83
177.64
178.81
178.32
174.67
164.88
152.85
149.59
123.15
107.59
100.4
130.95
125.1
115.3
111.01
107.11
111.69
108.76
112.24
156.95
130.6
96.21
105.82
154.76
197.53
183.61
184.5
186.31
178.91
173.66
165.8
164.66
131.72
113.32
107.88
131.8
124.37
119.88
108.45
107.55
110.93
105.72
109.44
153.82
131.11
98.51
108.29
153.78
164.29
177.35
182.69
180.58
186.2
177.79
159.62
157.06
129.71
111.75
114.19
138.45
131.28
125.08
114.0
110.55
107.24
104.87
105.97
147.26
124.17
90.14
117.19
170.22
195.24
202.84
198.9
199.94
200.73
187.49
155.33
149.76
118.77
102.38
100.81
131.38
124.48
119.25
114.08
108.02
112.09
101.7
104.24
157.22
135.41
97.41
103.39
144.61
164.87
170.84
175.03
174.47
173.86
177.1
163.38
146.69
124.78
108.52
108.28
126.93
117.84
109.64
102.83
99.65
99.89
99.34
100.47
100.18
114.9
77.89
78.74
78.79
106.14
101.85
95.66
94.3
99.01
98.19
99.17
74.36
65.92
66.74
74.66
98.58
99.51
100.68
99.77
99.63
99.28
96.57
165.11
148.59
129.87
105.45
92.91
96.04
94.64
98.28
98.19
98.94
98.94
99.59
99.22
68.89
65.3
64.63
70.82
94.47
102.42
127.78
135.73
135.75
135.45
197.71
144.24
128.61
118.58
92.09
121.3
168.91
183.18
192.59
186.74
179.81
179.66
178.34
166.6
155.94
136.26
117.18
103.39
126.02
123.57
119.79
111.74
107.17
101.33
108.93
114.98
168.86
147.46
105.54
107.54
163.42
170.66
180.22
184.49
178.15
173.77
162.28
159.22
141.07
125.9
111.25
114.0
135.33
121.25
129.67
106.21
101.67
105.19
117.36
113.05
161.77
135.49
97.44
100.8
144.97
194.67
204.14
193.63
179.1
186.77
196.03
184.89
177.17
132.11
107.66
107.93
158.64
159.73
154.58
141.85
143.86
145.55
142.7
134.78
159.55
136.63
96.51
127.9
167.5
182.93
186.73
185.2
183.33
177.71
169.35
159.63
153.79
130.32
110.18
115.61
127.35
130.63
114.13
107.71
105.69
104.66
99.74
103.92
159.73
137.4
98.64
106.72
150.22
182.15
187.53
178.17
183.5
190.87
177.07
161.7
151.91
130.76
109.91
99.72
123.89
122.49
118.68
103.92
97.61
98.63
96.1
100.55
122.79
133.45
92.06
89.96
103.91
127.52
131.18
131.81
131.19
133.39
133.22
133.25
116.41
102.98
71.4
76.13
101.95
99.14
100.25
101.5
101.28
102.03
99.47
102.5
102.28
156.63
106.61
96.21
98.5
105.35
106.33
102.91
101.79
107.0
105.54
103.84
73.71
66.66
66.12
77.43
100.49
102.88
101.52
103.4
100.18
112.25
113.89
178.82
151.47
128.86
90.04
105.97
140.98
168.1
182.4
197.78
197.9
179.21
160.98
154.08
151.42
124.17
111.91
101.44
120.92
122.41
115.63
112.93
115.75
113.9
109.55
103.21
156.39
141.02
98.1
105.27
155.49
181.08
186.23
189.17
184.97
216.39
214.27
205.0
200.63
179.41
163.68
156.7
137.43
129.67
122.99
109.19
37.69
110.8725
111.52
110.5975
143.705
69.01
95.65
100.58
157.64
181.46
194.96
202.77
200.58
206.78
202.5
176.85
153.25
127.45
111.29
112.96
140.77
125.74
119.3
118.49
121.15
110.51
110.87
107.88
161.94
152.68
101.6
120.68
173.21
182.78
186.85
214.13
220.03
218.86
219.01
199.32
177.96
152.85
141.35
135.19
142.53
128.81
116.95
106.13
103.38
103.69
105.75
108.23
161.38
143.16
96.84
103.68
153.8
188.93
202.1
195.99
191.1
201.25
226.4
191.09
188.93
175.88
155.01
158.11
175.69
154.91
113.27
103.17
101.27
100.3
101.24
96.35
100.26
154.28
97.03
92.73
94.21
99.65
101.86
107.86
121.4
124.33
130.45
124.29
111.7
104.83
109.71
118.0
129.67
119.86
114.79
116.39
116.0
115.55
115.12
114.6
116.35
171.94
120.57
118.14
126.71
129.8
132.16
126.44
130.24
125.67
128.4
122.96
113.04
105.98
103.3
109.74
102.07
97.83
100.07
101.46
98.22
107.07
165.87
147.62
131.94
132.26
100.62
122.63
160.12
204.05
228.54
238.8
235.49
236.63
234.91
234.54
212.32
148.72
118.17
115.61
127.08
123.67
117.54
106.9
104.2
119.7
115.74
110.82
171.65
166.68
122.36
146.75
181.52
204.43
226.89
227.24
221.48
220.82
225.69
230.11
213.85
174.98
168.58
168.37
153.68
140.55
136.82
121.02
113.57
116.67
111.46
111.32
163.37
149.25
113.33
132.04
170.5
226.19
244.12
228.26
229.62
232.9
228.16
225.98
219.82
179.09
154.12
159.28
186.62
176.03
160.4
133.27
110.02
113.86
104.04
109.21
162.16
151.87
105.84
136.19
175.48
219.59
249.32
256.32
254.36
248.83
259.09
247.18
224.11
183.65
147.29
120.97
133.76
124.76
118.55
107.62
106.01
116.3
106.07
118.04
168.01
151.44
107.26
126.32
183.16
218.38
234.06
238.36
236.28
231.36
233.46
218.91
214.36
180.65
161.76
161.85
169.71
143.45
127.81
101.86
101.62
103.17
105.31
105.19
103.74
158.18
135.0
157.72
159.37
172.07
177.14
176.54
181.75
183.09
189.48
188.84
167.25
155.58
146.99
152.95
148.41
122.18
115.29
106.63
105.47
106.78
107.75
114.98
110.45
139.87
146.1
134.84
142.57
151.16
167.83
169.37
166.41
169.5
182.13
186.29
147.98
108.76
116.41
135.53
154.42
149.73
143.03
144.43
104.66
107.58
111.0
177.3
162.0
151.95
117.33
168.91
203.94
232.09
247.35
256.7
265.75
262.18
260.05
243.11
236.7
219.35
197.07
179.85
180.64
163.45
150.55
110.74
109.51
115.81
122.17
114.49
167.17
157.08
115.12
149.49
194.09
224.15
241.91
255.71
255.08
239.66
240.69
230.03
215.3
181.42
170.13
154.04
132.62
122.93
118.18
109.71
103.8
127.74
123.3
116.57
169.88
145.46
112.46
139.18
199.85
220.14
228.73
246.7
254.48
256.95
249.81
255.05
244.59
207.65
193.9
192.63
196.59
190.23
186.83
168.97
141.31
115.84
112.91
111.2
172.7
158.09
123.64
157.75
197.19
222.82
253.96
258.17
254.22
256.27
246.52
233.36
239.34
235.25
204.26
205.55
187.56
163.77
136.3
107.7
106.6
111.62
103.78
105.69
165.97
155.86
119.27
160.84
210.24
223.2
238.86
252.51
248.82
247.36
246.62
247.9
232.46
223.65
178.0
170.82
167.9
168.13
131.3
113.21
103.04
103.16
101.64
99.49
102.94
135.06
95.73
86.72
87.5
131.25
128.43
124.96
119.85
113.78
110.99
109.45
97.42
91.8
88.67
108.25
109.04
106.96
100.74
100.65
96.24
98.92
101.48
100.65
99.25
164.86
103.91
85.06
82.19
120.18
118.3
106.78
109.51
104.18
104.57
107.74
90.79
89.2
80.08
96.98
95.31
101.64
104.99
100.62
96.07
96.61
97.33
168.64
155.03
137.77
106.3
147.95
206.65
234.49
246.65
258.33
269.02
257.3
256.97
253.86
238.96
225.18
201.82
191.07
194.02
198.02
177.22
158.34
139.38
131.47
121.81
119.67
174.49
164.53
120.87
121.96
166.14
201.8
221.13
218.75
236.49
238.62
231.69
233.88
220.04
198.49
179.43
161.63
156.21
148.04
137.78
121.91
112.85
114.91
106.16
107.5
165.01
153.31
117.07
140.59
187.07
209.6
215.37
231.66
218.46
214.55
220.04
217.31
209.61
199.38
184.67
175.91
173.35
167.53
154.91
106.94
103.53
109.75
105.78
106.44
166.98
150.31
110.16
130.56
170.33
197.46
213.89
218.62
233.93
229.51
237.21
237.97
221.81
173.1
154.74
153.45
151.22
142.2
139.48
126.66
106.38
99.88
100.97
101.5
165.06
145.88
108.86
137.84
166.04
204.41
215.53
235.02
244.35
229.84
232.48
240.21
236.04
209.21
185.6
186.26
184.23
169.6
157.69
137.78
117.15
103.89
106.67
101.79
99.85
134.08
88.62
84.51
86.35
136.75
134.68
123.76
133.65
135.49
141.06
161.56
162.63
157.63
158.65
183.07
167.35
136.24
116.62
115.65
110.36
110.23
109.62
113.03
112.04
111.73
82.57
79.85
92.54
142.69
164.71
159.27
158.0
153.33
153.62
151.45
127.94
104.66
80.84
98.88
107.72
115.23
106.13
95.34
101.71
102.48
102.4
170.95
158.21
154.36
116.35
162.29
205.02
221.16
254.98
258.15
261.11
251.09
249.9
253.2
242.97
223.62
186.62
157.62
150.04
149.21
133.86
116.54
103.46
106.43
107.9
104.78
165.59
148.1
108.61
166.18
208.56
223.45
240.67
249.12
258.42
250.28
236.3
247.99
244.56
201.22
166.33
164.49
164.84
147.02
131.73
119.84
113.72
106.8
105.5
109.67
167.2
148.38
110.96
165.63
200.82
216.36
241.4
242.51
253.95
243.11
243.35
242.12
242.87
214.94
190.23
199.11
186.94
170.16
165.0
132.5
102.2
105.66
102.14
102.3
155.34
136.07
105.96
135.59
176.09
191.32
221.93
227.12
227.8
235.67
233.23
226.12
226.25
192.47
165.2
181.21
171.37
157.18
147.4
131.54
104.18
108.91
100.3
105.21
148.13
123.04
98.95
130.1
170.82
201.93
231.73
232.02
235.24
229.55
226.14
216.56
215.6
183.34
162.64
151.27
142.91
142.07
138.75
125.98
103.38
97.68
98.12
96.23
98.8
122.99
85.91
73.94
73.85
117.08
112.7
115.35
115.94
111.23
117.31
117.94
100.89
90.59
91.98
123.26
118.18
104.82
97.7
100.04
98.94
99.14
99.25
98.83
99.92
121.84
91.96
78.02
78.07
112.86
108.08
99.51
101.24
100.35
99.71
99.05
70.86
64.86
64.34
96.42
97.47
98.06
99.16
98.07
100.23
96.45
99.25
160.59
145.27
134.07
103.88
91.89
90.07
91.8
98.28
99.53
106.51
110.25
103.45
105.65
103.03
95.42
95.07
113.46
111.21
113.23
104.54
101.22
102.25
102.68
99.29
101.74
158.85
139.72
106.32
132.52
164.0
188.87
213.96
219.73
213.07
210.46
202.12
216.25
211.75
189.96
160.2
157.39
160.04
148.33
149.61
121.97
114.96
116.94
112.37
109.14
169.57
152.04
118.11
133.19
172.93
182.19
227.16
228.35
243.47
239.75
228.38
236.5
237.43
202.02
186.34
182.79
177.44
167.26
158.34
139.45
111.59
111.7
101.16
106.05
159.45
131.71
119.8
143.98
175.64
194.97
217.87
230.44
244.91
239.25
231.04
248.26
243.74
205.15
179.27
182.84
165.15
156.22
141.95
123.79
104.67
103.54
99.53
102.93
157.38
131.91
107.6
128.74
164.93
176.6
191.16
203.52
208.19
199.25
215.19
217.9
216.71
197.69
178.24
174.78
168.06
159.9
122.74
115.69
101.79
98.02
96.06
97.17
98.52
142.3
98.2
84.78
97.99
109.92
110.83
113.1
115.43
115.29
120.25
120.05
95.16
83.12
69.47
98.65
101.04
100.1
96.65
96.08
95.85
93.27
95.71
97.09
98.81
125.62
94.09
101.44
98.19
99.38
104.91
101.31
96.67
102.22
101.05
104.6
70.51
62.23
69.07
97.71
99.75
99.08
97.86
96.54
96.26
93.95
96.41
158.11
138.18
127.14
110.2
136.8
169.88
198.63
208.74
205.28
218.34
216.8
213.23
210.81
205.79
182.03
177.69
171.76
158.98
153.25
134.97
127.58
108.58
124.44
107.83
109.05
165.23
143.47
114.96
138.85
164.65
182.33
196.83
207.73
211.59
195.63
214.71
218.29
215.77
192.68
163.98
162.61
153.19
145.64
143.75
128.81
107.19
103.83
103.65
102.5
150.05
131.44
118.24
146.16
178.07
193.76
219.21
227.19
224.91
222.54
210.98
219.2
205.19
188.54
184.76
190.17
182.85
151.03
141.44
131.92
111.72
103.64
107.35
106.89
149.79
131.4
113.13
160.29
196.03
225.43
240.06
246.39
255.0
250.65
239.92
256.33
232.05
202.08
174.9
196.0
164.0
150.13
142.65
124.86
106.76
98.24
97.85
100.86
146.7
126.3
106.6
128.65
167.97
194.82
217.49
224.04
213.81
223.68
216.06
209.55
202.8
184.04
163.39
171.43
176.33
167.49
163.87
138.69
112.96
96.14
96.73
95.8
95.7
133.22
102.62
115.44
128.16
141.67
145.24
147.04
156.4
148.23
148.6
154.26
139.06
115.43
98.19
102.06
99.79
98.98
93.95
98.96
99.48
96.54
99.75
98.84
97.89
122.49
96.06
76.69
76.11
109.71
105.94
101.43
114.53
114.92
104.66
115.31
80.1
73.1
78.13
102.78
103.09
102.34
97.62
96.61
95.89
98.22
95.09
163.74
146.81
130.86
111.33
125.35
165.55
187.61
204.23
208.75
214.24
213.65
197.7
198.99
206.83
177.07
141.32
153.06
166.06
158.0
142.71
149.59
144.95
132.97
114.4
105.71
159.46
138.5
126.48
171.25
198.01
217.1
235.42
242.76
260.89
263.44
251.44
247.89
229.24
206.74
156.98
174.22
167.96
170.5
173.54
155.93
132.78
114.25
107.85
106.89
152.86
130.35
107.06
125.84
160.17
197.71
220.75
228.56
231.08
243.93
216.02
229.84
233.03
197.05
172.73
167.5
139.86
133.55
134.77
121.42
106.26
103.95
108.85
114.24
146.2
131.27
108.53
124.61
171.09
188.55
220.75
228.56
231.08
243.93
216.02
229.84
241.2
207.19
167.57
145.88
130.5
138.26
132.01
112.57
100.13
106.65
110.63
104.56
153.99
132.58
112.23
133.73
161.52
187.22
210.9
229.17
236.45
233.11
220.07
218.5
214.44
201.23
188.39
196.57
188.75
173.83
143.43
130.43
129.16
127.6
111.23
94.41
94.78
120.57
95.73
104.72
95.01
113.05
114.09
112.68
139.99
141.56
143.5
142.71
127.29
114.44
140.44
136.41
133.24
132.3
142.84
136.14
120.32
98.84
96.33
98.29
96.68
121.32
97.18
74.13
73.76
106.45
100.87
119.03
123.77
133.61
126.58
128.13
101.87
94.8
116.91
113.25
105.9
101.2
99.7
99.0
101.24
101.89
108.94
156.2
141.66
134.35
116.88
139.26
167.74
190.5
213.14
219.82
236.35
248.82
220.98
218.45
227.62
197.55
171.64
169.59
164.12
162.9
153.04
128.28
104.35
108.5
106.83
114.38
162.03
141.56
125.09
135.97
169.69
194.25
225.17
235.68
242.59
226.64
216.5
224.07
246.47
209.48
188.4
180.4
171.62
148.72
149.79
146.19
145.56
139.21
129.6
124.18
165.65
147.62
138.38
150.52
197.2
223.74
235.56
247.42
256.35
252.9
253.6
246.17
237.91
216.08
192.46
186.06
165.75
159.78
157.7
149.3
138.4
113.6
109.14
106.24
156.14
136.46
119.01
128.35
187.91
210.84
234.47
239.44
244.41
267.82
251.05
247.92
244.91
212.63
155.43
135.52
133.13
132.64
133.11
124.64
110.82
115.82
110.86
119.51
156.55
136.12
116.9
126.0
159.57
181.89
198.34
221.03
221.85
217.21
224.82
215.64
204.21
179.01
163.7
166.19
153.16
143.69
134.45
123.92
106.46
104.39
105.35
103.93
105.85
123.33
101.88
75.37
79.87
126.63
124.24
120.6
123.92
121.95
125.61
113.43
89.63
85.61
110.96
132.82
126.16
124.02
123.28
103.83
101.97
100.9
100.12
99.21
102.63
122.38
101.65
74.25
73.51
104.56
104.63
108.14
107.55
105.23
103.08
101.94
76.74
81.79
94.25
105.05
104.92
100.54
113.79
107.04
106.44
101.39
98.71
148.63
140.56
135.8
122.23
146.37
173.17
197.69
217.55
228.4
231.12
237.64
230.51
229.26
228.19
186.74
170.2
166.96
167.45
160.49
144.0
123.2
109.84
120.68
119.81
117.63
147.63
136.3
123.96
141.81
170.63
181.89
196.07
203.09
204.54
209.19
191.59
212.81
209.82
183.06
169.34
153.98
143.51
136.69
133.61
128.62
125.13
118.99
121.82
119.04
134.57
122.32
118.72
122.55
156.65
175.79
192.22
209.08
214.69
228.19
222.92
222.18
236.21
194.29
179.52
187.24
168.56
160.5
168.96
126.5
114.05
115.19
105.34
111.05
132.65
134.68
132.78
155.96
192.0
218.44
236.26
257.54
242.04
249.29
249.69
253.3
247.46
225.55
201.2
174.87
136.9
128.45
128.08
123.31
106.99
105.32
109.21
108.37
135.04
128.22
121.64
152.1
194.73
211.71
222.29
234.3
245.42
243.55
229.46
228.83
225.12
205.78
197.21
186.81
175.5
175.56
163.49
134.77
101.8
99.88
97.89
97.48
99.54
112.33
112.34
113.21
130.78
143.77
141.19
141.17
143.78
144.52
154.09
153.43
133.52
125.09
152.51
146.55
117.43
118.24
108.41
107.12
109.54
110.56
109.51
111.08
110.99
121.78
117.87
87.79
104.36
144.01
148.42
156.17
153.86
154.15
153.8
154.19
136.4
129.14
155.05
144.99
115.78
127.58
130.37
121.25
108.73
107.05
103.82
134.35
124.88
121.17
109.77
100.73
125.75
150.62
175.89
182.87
180.3
181.44
179.94
182.83
177.5
159.61
171.8
182.7
182.01
175.63
156.95
140.15
138.29
108.28
109.7
106.44
134.99
122.22
112.79
114.73
134.14
151.77
160.02
171.04
157.92
168.64
173.04
173.79
170.69
156.24
149.33
148.86
148.65
124.23
120.5
115.8
104.93
105.49
108.19
107.13
138.17
126.57
119.62
126.2
178.51
212.23
241.79
244.6
254.17
248.71
251.25
245.06
243.31
199.06
197.25
187.56
170.63
166.13
159.38
149.28
113.0
104.0
108.14
115.85
141.07
134.73
122.99
139.59
170.19
197.49
212.03
222.62
227.76
226.26
227.22
229.06
222.13
216.48
200.94
176.45
158.56
154.72
157.37
149.44
137.1
111.48
119.06
112.05
152.38
134.86
125.58
122.85
164.82
189.38
200.11
204.66
226.68
217.11
215.7
225.79
217.15
201.88
200.3
181.76
178.15
166.75
134.79
117.26
98.89
100.88
99.12
99.64
105.66
139.54
120.69
91.42
93.2
101.26
128.87
129.38
136.3
138.51
135.81
135.19
138.05
130.63
157.39
164.03
160.53
148.33
130.53
115.56
109.29
109.38
107.5
98.29
102.0
113.39
102.04
70.33
69.83
93.89
96.5
98.0
99.82
103.34
125.46
129.58
103.74
104.36
123.93
109.68
106.51
97.95
110.15
129.82
129.73
128.36
107.26
138.18
125.06
121.5
123.34
135.95
164.45
177.57
213.2
231.4
238.46
216.22
205.93
192.43
197.85
169.7
168.54
162.86
162.07
160.3
159.33
143.98
109.35
114.79
121.7
123.65
145.15
129.62
131.92
176.37
196.71
215.35
228.24
243.33
257.55
239.93
243.01
228.69
234.97
193.19
197.21
168.16
158.88
156.95
141.39
125.55
106.74
112.09
115.39
125.8
147.8
144.66
138.34
128.93
171.9
185.99
188.1
198.29
202.92
205.22
190.9
199.03
193.91
173.62
184.07
152.44
147.75
160.88
145.32
139.87
112.57
109.66
111.91
106.8
133.75
135.69
130.58
144.83
172.63
193.85
213.28
228.82
235.39
231.05
221.43
230.41
223.17
192.26
185.82
170.59
164.08
158.71
164.07
149.23
136.92
117.67
115.46
114.85
131.9
132.75
130.12
164.7
198.76
214.26
222.39
237.59
233.12
237.52
240.33
230.12
214.21
195.79
203.33
167.44
151.29
149.63
140.26
128.15
108.69
102.29
99.7
95.52
100.06
129.1
130.54
118.11
121.49
135.61
146.66
145.75
144.59
144.29
145.62
144.97
133.24
122.31
154.59
153.62
150.96
140.55
117.81
94.11
97.9
100.2
99.44
97.55
101.83
107.41
104.61
80.43
74.76
95.82
94.86
96.17
98.02
115.69
125.71
121.81
105.67
109.4
130.52
111.9
106.9
102.82
102.27
106.9
103.03
101.99
104.56
130.4
127.69
129.41
136.54
149.95
182.15
187.66
207.78
211.66
223.49
203.79
202.33
187.24
188.64
167.74
186.95
166.97
178.21
183.13
162.85
145.89
139.94
114.32
107.08
116.02
137.89
131.94
136.42
156.28
205.45
219.27
234.99
255.98
253.01
244.74
246.89
234.52
237.63
198.95
194.18
174.56
176.44
164.55
167.51
160.77
119.15
106.44
109.05
112.6
132.56
129.66
136.3
147.7
187.9
197.78
200.36
234.45
234.39
222.51
220.1
213.87
214.69
199.57
195.35
174.47
168.87
145.94
144.78
138.24
106.0
103.7
105.25
119.72
134.09
124.58
126.34
126.44
177.63
180.84
228.73
218.51
235.77
227.46
217.22
216.41
222.23
187.4
193.1
180.67
164.79
156.26
161.8
162.95
164.93
161.35
141.86
113.87
134.39
135.6
145.4
176.03
203.49
215.15
231.05
232.45
251.09
230.67
219.2
227.79
204.65
199.12
182.9
156.15
150.1
138.17
138.01
125.7
108.39
105.6
105.0
106.16
106.38
126.98
131.4
103.2
130.97
139.02
148.25
144.37
147.16
143.74
119.08
107.37
89.2
80.33
102.38
98.96
100.1
101.9
103.53
103.7
102.49
104.89
103.03
104.91
107.21
107.44
117.62
83.36
80.72
79.71
89.82
92.16
95.94
91.85
125.11
99.56
110.37
85.75
101.09
97.78
99.34
99.77
101.73
109.65
110.86
121.45
111.79
133.16
131.21
131.88
138.72
154.63
174.28
189.73
207.39
209.08
208.06
197.04
198.81
192.83
188.6
185.22
177.92
170.91
170.97
162.5
160.31
146.96
121.36
114.76
115.53
114.67
132.87
137.12
144.77
144.74
168.1
175.5
187.21
196.26
195.91
204.33
216.82
227.07
220.19
206.3
192.06
180.5
179.01
174.15
169.15
155.99
155.54
137.24
122.31
115.1
130.61
134.5
134.09
133.69
165.02
186.79
207.94
225.03
237.86
247.85
233.31
238.59
246.27
234.45
220.23
207.04
194.95
184.64
182.71
171.94
126.27
119.09
128.05
123.36
150.9
151.5
189.19
187.06
207.75
225.83
243.95
254.31
262.1
255.59
266.7
250.58
256.4
246.39
232.17
195.9
180.43
175.1
154.25
134.43
114.98
119.29
120.69
126.28
153.1
159.1
163.98
187.99
216.03
227.35
247.43
265.35
280.64
269.78
261.03
254.14
247.37
250.59
237.9
215.99
193.34
188.86
182.96
164.16
137.83
131.74
131.11
130.19
137.61
146.8
150.97
131.21
156.81
158.93
173.16
158.75
157.9
167.94
165.4
152.58
135.39
144.28
177.54
172.27
169.96
165.86
167.96
158.99
142.12
122.71
123.7
126.76
128.04
141.82
133.31
111.42
105.9
121.39
119.81
111.54
108.38
112.69
122.14
122.04
98.94
98.51
133.22
123.64
122.85
125.38
121.78
124.52
121.82
126.2
127.44
145.49
136.75
146.45
154.64
161.6
322.43
284.55
263.9
237.42
224.7
231.67
206.78
196.49
205.82
213.82
221.43
213.8
212.88
220.51
209.92
205.4
200.0
183.2
165.67
168.29
188.6
202.09
208.81
215.35
229.57
226.7
237.97
271.09
288.12
284.41
271.43
257.18
266.45
254.83
244.97
215.57
208.01
210.08
219.67
218.63
221.51
225.67
249.43
245.48
275.39
288.69
305.4
277.25
259.27
242.54
217.26
214.43
201.29
180.53
174.95
164.28
165.84
179.76
190.19
182.87
187.24
200.31
211.31
217.33
235.07
244.65
256.01
259.35
276.89
287.33
294.1
289.45
309.91
293.32
275.23
280.42
280.48
270.7
249.16
237.7
230.63
232.9
224.18
213.87
201.15
204.98
213.39
200.73
188.33
198.77
190.79
202.04
215.95
226.03
237.08
256.07
279.16
281.99
270.77
271.55
266.15
257.65
245.72
238.59
236.72
216.54
212.7
221.01
210.99
209.33
207.79
182.11
159.76
166.09
175.78
191.54
202.34
218.15
224.92
220.7
226.44
212.9
187.97
176.21
176.44
170.49
166.56
162.32
144.38
111.84
138.56
130.64
137.93
156.38
159.99
169.73
177.88
181.71
182.76
186.81
184.99
198.44
198.43
175.53
159.71
157.93
140.64
143.25
139.84
133.8
131.86
139.71
140.61
150.61
182.87
165.36
188.54
192.43
165.88
170.45
170.7
180.18
177.21
203.68
213.58
226.24
251.27
274.53
284.19
289.99
290.8
278.14
293.76
283.86
273.87
263.1
253.26
262.54
261.34
263.54
269.41
266.13
281.13
267.42
252.28
264.58
272.25
283.63
310.09
319.93
336.29
304.275
300.11
354.35
346.78
319.29
321.92
312.44
292.37
288.79
273.22
251.1
235.68
243.94
260.51
267.59
281.44
292.92
296.9
279.83
270.19
261.17
278.42
293.15
314.82
327.12
313.37
297.97
282.84
276.19
277.05
264.59
236.39
224.09
234.39
242.59
253.92
244.94
248.16
250.71
259.94
272.3
248.39
234.82
239.35
248.25
265.01
278.86
291.05
294.78
297.35
288.2
262.82
261.33
248.92
218.04
207.72
213.86
224.26
216.35
211.23
195.21
191.46
197.83
203.45
183.69
184.34
201.45
215.0
209.66
231.27
234.92
257.2
271.58
265.17
260.36
243.53
243.05
234.95
220.25
227.65
235.53
242.66
256.38
267.93
258.07
254.0
250.99
230.19
220.88
212.11
186.14
168.95
177.41
186.27
208.72
212.63
189.84
170.61
166.76
147.45
136.92
124.1
121.22
119.99
115.22
95.38
99.89
122.08
125.93
129.76
134.57
146.38
153.31
160.9
163.81
168.27
175.73
184.39
198.85
205.31
184.66
165.18
163.14
142.49
128.22
155.37
160.28
171.34
171.23
147.58
155.19
181.19
182.39
189.09
202.24
179.88
165.44
169.32
178.29
171.95
209.89
208.99
219.16
228.9
250.26
262.56
261.11
266.37
262.84
263.21
263.2
245.95
222.06
230.69
233.99
222.58
198.32
193.89
174.36
174.01
170.59
158.53
178.63
198.22
197.38
218.48
222.49
238.89
251.09
253.59
246.55
231.15
218.99
217.14
210.59
208.18
211.21
201.07
215.33
191.6
167.13
165.93
166.8
176.37
175.73
152.51
149.61
161.56
168.96
182.87
190.53
195.84
197.99
211.13
208.67
213.14
214.52
210.5
197.47
187.87
181.61
172.15
185.75
160.85
157.04
157.12
150.82
160.16
159.51
174.34
183.06
192.5
205.84
235.15
239.16
243.4
225.1
207.12
183.09
155.76
134.79
130.84
119.11
110.26
99.75
97.35
127.7
164.96
181.73
196.46
199.98
210.46
227.87
232.81
243.05
256.44
277.27
295.71
303.46
315.02
289.96
264.68
249.05
218.98
180.21
173.16
163.44
143.6
134.51
135.11
158.32
189.79
210.09
220.97
228.2
234.84
245.2
259.84
266.74
275.26
276.57
276.22
296.96
311.29
286.97
259.7
249.59
216.89
195.09
179.09
166.26
163.89
148.24
127.27
156.12
201.91
221.54
238.84
244.32
250.3
259.79
255.95
266.54
273.12
281.12
284.6
299.18
309.24
281.73
262.12
251.39
242.48
212.66
200.11
185.29
169.52
175.06
164.08
184.81
215.21
226.24
242.02
253.63
266.86
282.34
293.21
297.53
305.85
326.95
338.86
349.58
359.85
362.1675
372.755
349.23
316.52
303.9
297.14
301.74
282.17
271.22
265.28
261.55
280.7
289.07
297.53
303.09
308.35
295.02
288.43
300.67
308.48
321.77
344.27
358.22
364.36
360.1925
353.695
361.23
346.94
349.95
327.28
320.85
298.09
293.41
286.25
298.33
286.25
284.94
281.87
280.16
289.19
302.27
281.31
272.84
285.67
304.59
344.04
358.68
362.05
370.0
371.83
329.64
313.71
298.71
302.51
293.22
264.73
257.87
271.05
285.93
298.33
276.13
268.44
267.06
249.11
250.49
261.34
260.91
260.69
283.94
308.34
317.4
324.94
338.38
341.75
319.31
300.55
292.78
283.46
272.01
255.53
236.75
235.83
239.33
234.66
237.15
254.96
243.66
246.28
239.61
222.16
228.83
226.68
256.46
281.14
293.01
300.7
316.59
341.11
317.54
289.95
286.15
273.19
271.88
255.5
250.89
230.34
229.71
224.57
232.07
232.77
228.92
222.29
209.82
196.04
215.48
222.45
234.37
248.29
268.61
279.18
270.38
244.46
237.09
213.62
196.31
173.11
154.92
154.11
160.24
153.83
171.55
202.37
213.65
217.61
230.88
238.16
232.64
224.6
221.72
228.74
244.22
237.45
262.52
275.3
264.87
237.89
223.26
193.2
176.7
159.72
146.33
162.62
168.63
147.77
150.95
172.18
151.73
162.93
174.57
189.86
201.13
197.36
201.49
209.29
237.77
236.08
251.94
267.22
286.39
285.82
271.5
253.85
238.18
225.72
210.7
206.0
199.46
204.76
208.42
212.08
214.89
225.02
232.53
236.18
238.96
214.47
221.73
229.28
227.02
256.14
268.1
273.73
291.19
299.96
285.98
271.09
265.34
253.0
256.13
240.94
226.55
228.52
235.64
239.28
232.18
228.18
225.37
227.69
224.8
212.68
216.56
229.66
221.13
241.0
250.72
270.15
290.14
282.47
263.13
241.62
243.29
233.85
242.61
257.4
261.23
237.54
242.02
255.08
255.16
245.01
224.77
194.59
188.46
204.76
213.51
214.53
233.23
251.14
260.28
270.79
299.55
298.84
296.2
292.33
261.94
264.53
253.73
246.96
242.98
250.1
236.85
192.02
187.07
194.23
194.52
198.2
199.33
188.28
192.13
190.86
198.92
216.08
218.08
232.18
252.81
277.41
272.12
281.91
278.56
283.32
275.21
273.89
252.33
259.31
260.35
248.59
224.03
209.07
182.96
193.75
201.33
205.31
203.87
210.23
213.13
220.13
230.96
241.66
227.7
210.85
226.76
210.76
193.01
182.23
173.44
174.27
175.18
155.93
180.75
220.91
236.93
241.74
251.48
259.05
265.67
276.29
282.16
280.13
299.05
300.69
314.99
325.73
313.34
283.76
269.84
253.6
227.24
212.74
200.0
191.2
191.43
171.04
195.39
225.53
233.16
242.76
253.68
271.51
286.5
292.36
294.59
295.5
311.39
302.68
306.79
312.5
306.38
323.84
337.86
327.19
300.1
292.39
289.73
282.97
283.13
270.65
283.42
272.95
286.47
295.07
291.32
304.76
301.67
305.43
310.48
315.13
327.02
350.31
365.85
372.725
377.8275
390.6175
378.8275
370.46
361.99
350.31
352.87
331.0
313.87
305.03
310.65
299.11
279.79
293.7
302.84
310.85
320.28
325.37
332.3
332.05
341.86
368.86
366.8075
365.265
375.895
384.1375
370.28
363.43
366.63
343.52
322.89
311.63
290.17
281.04
285.56
268.01
278.98
294.62
308.04
320.97
333.44
338.79
341.46
348.0
352.98
371.56
360.4825
365.6825
375.455
390.9475
374.2925
349.03
355.14
339.46
318.31
300.02
285.73
287.26
273.21
255.03
273.34
292.46
304.94
310.15
317.72
317.33
322.5
326.53
329.84
354.74
362.65
370.92
362.21
357.91
334.32
325.67
305.83
283.57
260.31
251.37
235.07
238.38
247.08
228.45
234.65
246.9
255.34
265.01
271.11
274.75
279.48
282.53
289.54
291.68
309.63
316.37
308.93
283.47
270.0
239.82
217.69
201.13
193.51
195.49
195.57
183.35
208.17
230.42
237.94
239.91
243.58
252.01
257.76
266.75
274.39
282.56
287.14
286.19
293.8
293.6
277.48
250.3
239.35
213.54
194.96
179.59
176.23
168.06
162.86
140.42
167.26
207.14
214.09
220.44
225.36
230.19
248.18
255.59
276.55
282.02
303.74
312.19
322.3
328.01
320.86
320.34
305.52
279.36
267.24
256.57
248.66
239.09
244.45
241.32
245.92
265.96
263.45
257.16
262.92
269.47
279.23
281.44
287.67
291.5
293.48
309.48
310.49
305.27
295.69
297.34
282.64
280.62
289.64
273.38
252.36
237.09
243.14
250.5
254.56
260.23
254.79
255.56
254.64
251.81
252.53
259.11
259.05
250.09
254.25
257.87
254.68
251.54
242.68
245.46
241.49
229.77
218.04
210.77
203.29
199.21
202.3
191.01
184.39
188.68
212.36
217.13
214.83
221.96
227.26
234.18
236.96
231.54
243.51
261.91
259.14
264.72
245.7
219.61
198.87
186.59
181.95
153.46
136.02
138.16
141.94
144.24
171.88
187.09
211.94
222.4
219.26
223.14
229.11
240.34
249.1
256.25
271.08
293.79
289.32
283.97
272.69
242.97
224.95
193.98
177.62
176.39
172.68
161.68
156.71
163.27
197.76
237.54
263.95
279.89
285.73
296.51
298.55
305.3
315.7
319.3
322.48
323.1
326.03
327.51
327.08
45.54
295.085
292.67
260.865
240.5475
236.4675
229.235
225.04
214.365
225.47
271.27
356.49
348.19
347.19
344.01
346.19
341.89
339.69
342.82
349.23
349.91
353.44
357.66
348.5
321.94
296.49
272.53
252.42
239.45
226.28
216.73
205.68
186.18
211.52
255.63
264.64
275.42
289.62
317.2
314.89
331.32
322.85
325.52
347.54
348.32
360.93
363.075
370.0525
374.27
342.71
317.48
290.33
265.64
252.49
254.27
239.66
254.4
259.74
250.23
265.03
277.71
314.27
350.45
359.42
351.07
364.57
344.81
340.03
335.46
339.98
343.69
336.7
362.68
348.42
337.56
297.67
272.86
252.27
243.64
256.75
250.41
245.72
266.34
287.8
299.64
312.0
325.11
330.28
335.24
341.78
341.3
353.49
357.67
360.9425
359.6325
367.115
379.8325
349.42
332.06
308.37
303.63
295.43
282.45
254.08
250.16
242.58
249.29
273.0
293.46
312.79
324.87
337.59
347.12
350.37
343.2
351.74
371.99
357.225
363.25
374.18
381.8875
338.9
319.83
293.58
267.58
255.1
236.95
227.19
225.91
222.48
246.08
276.14
292.86
75.89
305.54
325.9
