24.71
24.95
24.8
24.49
24.59
35.54
41.12
42.04
38.66
38.57
39.86
41.02
41.63
41.79
42.55
44.16
44.09
38.75
25.49
25.4
25.71
25.29
25.13
24.91
24.92
24.63
24.25
27.64
39.2
39.15
39.84
41.31
41.58
47.07
52.88
53.37
55.6
58.66
61.34
63.22
65.67
56.14
28.5
27.47
27.94
26.4
24.73
24.94
24.84
24.4
24.43
24.63
25.9
24.5
24.1
34.32
35.91
36.55
38.93
41.69
43.08
45.2
48.78
51.68
46.62
20.78
24.47
24.27
24.13
24.14
23.82
24.16
24.41
24.02
24.02
23.87
24.03
23.91
24.15
34.1
35.33
36.6
40.18
45.11
50.44
54.47
56.83
59.63
52.57
20.8
24.27
27.81
49.95
56.9
59.19
51.4
28.51
49.97
53.23
53.27
53.13
52.93
51.23
52.91
58.24
70.31
79.25
83.24
85.53
85.09
82.48
83.49
80.46
67.02
31.22
27.91
28.65
27.44
25.02
25.15
25.4
24.66
24.82
29.62
55.52
61.37
61.68
64.75
68.77
81.32
82.19
81.91
84.59
84.5
83.43
83.39
81.33
69.72
29.98
27.49
27.94
27.16
25.78
25.62
25.13
24.7
24.86
31.19
64.01
67.51
68.4
70.67
72.45
81.89
83.14
85.18
84.54
85.84
83.6
83.45
79.63
66.25
31.11
30.17
29.52
26.18
25.49
25.65
25.66
25.36
25.3
32.37
69.78
70.75
69.87
72.54
77.27
81.57
83.75
84.87
82.73
84.38
84.61
85.64
83.05
68.98
30.09
28.27
27.85
27.62
25.78
24.89
25.84
24.31
25.24
31.65
66.16
68.52
69.17
71.46
76.03
84.04
84.98
84.82
82.16
84.64
82.45
82.42
84.75
71.03
31.51
28.26
28.7
28.04
27.08
25.14
25.0
24.63
24.58
25.01
24.96
24.53
24.61
53.11
66.74
66.57
66.96
66.97
66.39
67.18
67.22
67.0
55.56
21.49
25.12
24.68
24.8
24.97
24.64
24.43
24.27
24.12
24.03
24.5
24.43
24.35
24.55
50.9
65.45
66.24
66.55
66.37
67.02
66.55
66.59
66.5
55.98
22.75
24.45
24.38
24.6
24.35
24.02
24.33
24.11
24.5
24.55
61.59
70.1
70.18
71.16
72.91
71.42
78.18
83.51
83.39
87.26
87.21
84.8
82.25
84.5
82.81
79.26
76.01
72.75
60.99
26.11
24.77
24.96
24.35
25.33
26.42
25.19
24.88
60.42
73.06
77.18
89.11
86.22
90.31
91.59
92.19
89.49
91.49
86.01
84.18
78.55
75.66
73.97
62.62
26.39
25.32
24.87
25.81
25.57
25.15
24.42
24.61
54.75
73.45
81.04
88.25
91.21
92.27
89.46
88.3
87.9975
87.38
85.8375
79.08
68.0025
62.8125
61.87
54.09
32.185
24.8025
24.5725
24.6075
24.6175
25.91
46.4025
55.7675
57.815
56.925
71.7625
82.355
85.855
87.2875
87.805
88.3075
87.0175
87.2075
86.0425
80.24
69.37
65.1175
63.9975
53.785
32.5725
26.1675
25.7875
25.6125
25.6775
27.45
35.035
37.64
53.0675
72.02
77.3
83.37
86.58
84.01
84.96
85.25
82.66
83.41
82.25
77.17
74.53
72.92
73.09
62.42
25.82
24.76
24.88
24.38
24.07
24.5
24.36
23.62
23.88
47.96
62.93
69.33
69.19
67.46
68.07
69.11
67.22
66.24
55.46
21.73
24.33
24.73
24.06
23.97
23.39
23.86
23.99
23.68
23.5
24.04
23.48
23.35
23.84
49.38
62.87
65.03
65.09
65.24
66.02
66.25
65.67
64.97
54.21
20.57
23.72
24.57
24.37
23.95
24.68
24.23
23.92
23.86
24.67
24.16
24.3
51.0
67.99
68.31
65.49
66.84
68.04
68.36
68.97
67.93
69.05
69.53
69.5
58.99
24.92
25.72
24.97
24.99
24.45
24.71
24.4
24.35
24.47
24.7
24.35
24.44
58.3
71.89
75.71
86.85
90.31
89.57
92.33
91.54
87.0
87.84
88.3
82.57
79.81
76.86
75.99
62.52
27.66
25.05
25.45
24.86
24.6
24.47
25.3
24.4
60.32
74.5
73.85
84.88
89.71
89.79
86.75
85.44
87.97
88.93
86.28
80.12
79.26
76.71
75.47
62.7
26.62
24.44
25.06
24.61
24.41
24.27
59.84
68.12
68.09
72.28
78.29
88.84
88.85
90.45
93.02
91.84
88.38
90.82
90.17
84.27
81.11
77.36
77.3
63.73
27.25
26.09
25.75
26.04
26.13
25.68
25.95
25.82
52.96
67.26
76.72
84.7
87.22
90.23
86.48
89.68
89.87
91.38
88.07
80.07
73.99
73.31
73.38
62.96
25.76
24.95
25.17
24.57
24.32
24.5
24.63
24.16
24.19
47.55
63.39
66.19
67.42
67.85
67.4
67.14
67.55
68.19
57.53
21.84
24.85
25.82
25.05
24.58
24.57
24.25
24.38
24.55
24.2
24.23
24.05
24.53
24.25
49.74
64.37
65.82
66.21
66.48
65.82
66.53
66.21
66.05
55.62
21.01
23.84
24.87
24.56
24.6
24.24
24.14
24.68
24.24
24.11
60.4
68.72
69.05
69.63
74.13
78.63
87.33
88.77
90.08
92.47
91.99
91.54
90.72
88.39
82.96
79.14
76.66
75.84
64.19
27.72
27.19
26.69
26.05
25.92
25.74
26.87
26.57
62.14
75.83
78.75
86.58
88.7
91.33
89.23
90.91
90.94
86.66
85.8
81.96
78.51
75.62
74.81
63.74
30.08
26.92
25.93
25.48
25.54
25.25
25.66
25.41
63.56
73.79
79.18
87.46
89.08
88.87
90.42
89.54
87.62
88.29
88.43
83.2
79.37
75.45
75.48
63.52
27.84
26.34
26.47
25.95
25.75
25.48
65.35
70.94
70.92
75.4
80.92
89.27
92.27
92.44
93.6
94.12
92.83
92.46
91.05
86.96
83.99
77.86
76.72
63.72
28.16
27.98
26.23
26.23
26.1
26.09
27.2
25.97
64.37
77.62
84.58
92.78
96.73
96.49
94.54
96.48
92.25
91.07
85.68
84.04
77.87
74.95
76.33
64.33
27.57
25.71
25.14
25.04
25.07
25.88
25.27
24.86
24.85
51.09
65.44
65.11
65.45
65.63
66.76
66.77
66.66
67.04
57.01
21.94
25.53
26.36
26.01
26.33
25.36
24.9
24.71
24.66
24.65
24.72
24.36
24.59
24.77
47.46
61.21
63.99
66.07
66.08
67.06
66.11
66.16
66.06
56.75
21.03
23.47
25.08
26.17
25.34
25.2
24.78
24.83
24.68
24.96
56.53
66.65
68.04
68.71
73.41
76.04
87.58
91.86
89.54
88.96
90.56
89.5
89.23
88.37
83.14
80.05
78.21
76.68
64.93
26.1
24.93
25.1
25.22
25.92
25.06
27.27
25.67
58.65
74.65
77.84
86.88
89.53
90.07
91.55
90.51
92.32
88.74
88.03
84.68
81.14
78.88
75.94
61.77
26.09
25.79
25.1
24.81
25.32
25.03
25.57
25.21
61.06
73.49
77.58
86.09
90.57
91.87
88.56
94.01
89.73
87.13
86.53
81.11
78.29
76.87
76.25
64.79
26.69
25.02
24.99
25.04
25.02
24.63
62.85
69.15
68.56
73.02
76.13
86.15
85.41
88.28
91.28
92.97
90.31
90.03
86.38
80.85
78.44
76.42
75.27
64.27
25.45
24.8
24.46
24.58
25.13
24.71
24.72
24.47
63.2
72.49
77.35
84.2
85.15
87.77
84.61
84.41
84.25
87.22
80.09
76.72
72.56
71.22
73.6
61.8
24.83
24.72
24.3
24.79
24.42
24.58
24.7
24.35
24.24
53.46
64.39
64.73
64.87
65.06
66.71
66.83
65.49
64.78
54.61
22.44
23.58
26.16
26.48
25.28
25.24
25.01
24.79
24.55
24.83
25.02
25.1
24.75
24.91
54.07
64.96
64.95
65.63
65.38
65.89
66.29
66.2
65.8
54.16
21.88
23.92
25.46
25.4
25.11
25.12
24.81
24.77
25.07
25.34
63.46
69.04
69.36
69.81
74.02
78.71
87.76
90.26
91.4
92.54
94.35
92.54
90.34
89.3
85.89
79.81
78.8
78.64
64.0
27.01
25.94
25.97
25.92
25.7
26.36
26.59
25.61
65.77
76.32
80.57
88.22
89.91
90.43
89.27
90.62
92.39
90.29
86.1
81.81
78.75
78.21
77.57
64.24
26.53
25.65
25.55
25.58
25.67
25.86
26.04
24.89
64.48
74.74
79.7
87.26
89.86
93.26
91.33
91.73
93.49
90.06
88.76
82.49
77.71
77.03
74.33
66.53
29.52
26.92
26.32
26.84
26.35
26.51
67.46
71.65
70.75
73.7
77.97
87.71
91.37
92.75
92.03
95.9
90.12
91.33
87.93
84.53
80.47
78.41
77.94
62.46
26.43
25.71
25.88
25.8
25.41
25.6
25.73
25.18
64.93
74.48
79.16
85.63
86.89
90.33
87.2
85.29
87.26
86.1
83.62
76.3
73.32
72.94
76.09
63.48
26.57
25.98
25.1
25.94
24.24
24.86
25.26
24.1
24.33
54.58
65.48
65.29
64.96
65.52
66.2
65.86
65.49
65.42
54.15
20.29
22.44
24.54
24.51
24.31
23.87
23.98
24.27
24.04
24.21
24.11
23.94
24.18
23.99
56.21
65.03
66.09
65.53
65.96
66.13
66.55
66.16
66.83
54.33
21.37
22.37
25.0
25.51
25.56
24.69
24.97
25.58
24.89
24.71
65.13
69.81
69.93
70.33
75.13
78.71
84.99
89.26
90.11
89.28
89.25
88.03
86.37
83.89
79.25
76.66
77.74
75.83
64.63
28.55
25.88
26.57
26.9
26.03
26.46
27.14
26.25
64.51
74.02
78.8
87.66
90.1
87.94
89.94
89.44
90.37
87.65
85.36
80.85
76.42
75.67
76.8
61.53
27.74
26.36
25.89
25.6
25.59
26.18
26.01
25.25
62.27
72.11
77.13
85.66
90.08
91.03
92.02
91.6
90.76
88.16
86.1
78.58
79.0
78.39
79.52
67.17
29.29
25.99
25.39
25.01
25.32
25.6
65.04
69.97
69.87
73.15
79.82
89.53
90.41
89.69
82.64
84.85
83.71
88.9
88.64
80.54
74.53
77.91
76.66
63.52
26.72
25.27
24.98
24.77
24.57
24.81
24.97
24.7
62.0
72.59
80.2
84.36
84.3
85.31
83.31
84.0
83.16
87.96
83.44
76.83
73.0
72.08
75.14
63.31
26.15
25.45
24.57
24.39
25.1
25.38
24.96
24.5
24.63
53.33
65.36
65.62
66.79
67.6
68.63
67.79
67.04
67.79
56.15
20.37
21.78
24.12
24.22
24.92
24.74
24.18
24.47
24.17
23.53
23.67
23.93
23.74
24.21
54.0
65.34
65.56
65.12
67.29
66.0
66.25
67.15
67.49
54.83
21.17
24.22
25.94
25.27
24.94
24.39
24.48
24.82
24.82
24.4
64.06
69.83
69.53
70.32
73.68
80.46
86.65
88.3
89.94
91.24
90.69
87.78
87.01
87.76
82.96
77.6
76.22
75.13
63.52
27.48
26.94
26.49
25.91
25.42
25.76
26.28
25.08
58.43
68.92
71.99
77.85
87.37
87.0
86.96
86.73
81.94
83.56
82.7
80.9
76.28
76.28
75.97
61.11
26.72
25.6
25.23
25.3
25.38
25.56
25.32
24.59
57.43
68.95
76.97
86.2
88.85
89.81
91.25
88.7
89.83
87.4
86.95
79.82
75.12
77.61
77.13
63.78
27.3
24.77
24.86
24.58
24.27
24.86
61.68
67.69
67.23
71.42
78.86
88.31
90.83
91.86
95.34
96.11
92.31
91.78
85.97
81.04
76.44
76.87
77.17
61.43
26.2
25.3
24.84
25.44
25.1
25.41
25.58
24.96
60.21
73.24
79.29
86.6
90.56
91.27
90.5
90.19
87.63
85.1
82.03
75.7
69.07
73.98
75.53
60.78
24.26
24.23
23.66
23.86
24.22
23.93
24.47
24.02
24.13
54.85
66.01
64.9
65.43
65.8
63.65
64.15
64.16
63.8
65.88
66.1
69.05
70.19
70.26
37.04
23.53
23.21
23.88
23.71
23.64
23.29
23.41
23.32
23.49
53.51
65.35
65.14
66.81
67.0
66.35
68.03
67.52
67.98
55.09
20.73
22.16
25.32
24.88
24.21
23.8
24.44
23.76
24.35
23.35
62.86
69.8
68.55
69.18
75.67
78.49
81.75
86.16
90.86
92.5
94.6
96.56
93.17
89.37
84.77
80.18
78.88
78.4
64.37
27.28
25.1
25.33
25.14
24.91
24.91
25.98
24.58
56.61
70.73
79.34
88.68
89.9
89.99
95.17
95.26
92.88
91.12
87.05
83.22
77.22
77.81
77.02
64.96
25.45
24.85
24.08
24.53
24.45
24.93
25.93
24.76
54.9
66.78
74.2
82.03
84.51
87.89
84.18
87.93
85.93
87.08
82.16
77.76
74.11
74.29
74.89
61.76
25.6
25.03
24.98
24.59
24.94
24.98
58.41
66.35
66.82
68.85
76.02
85.86
89.63
90.47
89.48
91.22
92.98
92.94
89.27
82.16
76.68
77.98
77.73
65.93
27.9
26.96
27.18
27.31
27.19
28.33
26.93
26.62
60.36
72.0
76.62
85.59
86.87
87.17
88.07
86.21
85.27
83.79
80.1
75.46
72.34
74.45
76.29
62.3
25.98
26.0
25.66
25.89
26.03
25.94
27.08
25.59
25.62
51.76
66.86
66.85
68.53
67.54
68.93
67.96
68.63
68.25
67.97
67.52
67.9
71.22
71.12
37.02
25.09
25.32
25.51
25.64
25.73
25.85
25.42
25.36
25.56
54.01
67.18
66.98
67.13
66.88
66.96
66.91
66.39
66.07
54.8
21.78
22.22
26.68
25.35
25.56
25.47
25.64
34.68
70.79
71.08
70.33
70.07
70.24
69.84
70.12
73.17
76.23
70.42
80.14
81.03
79.09
77.76
78.59
76.64
60.16
24.14
26.52
31.66
26.79
25.41
26.11
25.71
26.22
26.9
35.75
71.9
71.85
71.6
71.87
75.35
79.62
73.72
73.48
74.57
74.26
82.73
82.07
78.99
64.28
26.64
28.44
28.85
27.73
26.4
25.52
25.28
24.83
25.35
35.55
70.51
70.61
70.34
68.88
73.1
77.91
78.79
74.26
73.25
78.12
81.07
81.15
80.64
63.65
27.01
27.71
28.7
28.0
25.56
25.6
25.97
26.11
25.5
37.07
71.51
71.32
71.32
72.04
73.38
76.84
76.89
78.47
77.79
80.8
76.92
77.44
78.26
62.56
26.87
27.28
29.56
26.95
25.23
25.74
25.33
25.16
25.14
37.06
70.97
70.32
70.67
68.56
73.33
76.3
78.4
78.91
77.08
77.41
79.89
78.95
76.32
64.49
24.8
26.81
27.38
29.15
25.83
25.67
24.85
24.96
24.72
26.47
24.85
25.28
24.78
53.26
67.93
67.11
68.21
67.88
68.8
68.89
68.52
66.7
55.11
21.18
21.03
24.14
24.62
24.86
24.75
24.61
24.22
24.98
24.88
24.32
24.4
24.57
24.51
55.36
67.19
66.0
66.02
65.88
65.98
66.58
66.47
65.84
53.32
20.42
21.09
24.91
24.64
24.31
24.42
24.91
24.62
24.67
24.83
67.01
70.67
70.16
70.94
74.83
79.37
84.87
87.79
87.17
88.47
90.78
90.5
91.46
88.84
81.3
74.75
77.97
76.17
61.8
25.73
25.93
25.68
26.05
25.25
25.44
26.48
25.44
67.85
74.03
82.59
88.0
90.8
88.0975
89.75
86.04
81.32
81.47
82.9
79.73
72.55
77.32
75.82
63.18
26.6
26.61
26.76
26.12
26.22
27.12
27.38
25.71
67.65
75.03
80.53
83.9
89.17
88.29
86.17
86.55
86.64
87.84
90.1
87.04
81.82
81.22
81.4
64.91
26.8
25.84
25.85
26.28
26.09
25.87
68.25
71.36
71.07
71.66
80.81
85.14
86.89
86.9
88.26
87.96
83.98
84.39
84.3
78.13
78.01
77.91
76.51
65.38
28.77
26.12
25.25
25.35
25.7
26.49
25.41
25.76
68.59
71.83
79.09
87.31
82.64
80.95
81.6
83.5
84.83
83.23
84.4
78.09
71.82
73.67
75.94
62.0
29.66
26.95
26.2
28.47
27.63
29.42
29.22
28.21
25.48
55.82
68.3
68.49
68.0
68.92
67.97
67.26
65.6
67.18
66.14
66.9
66.71
70.79
71.76
37.05
25.08
24.91
24.5
25.08
25.14
24.75
24.85
24.68
24.63
54.36
67.27
67.23
67.23
67.16
67.15
67.43
67.39
69.93
54.97
22.16
21.28
24.53
25.34
24.88
25.85
24.57
25.1
24.95
25.34
67.31
71.34
70.79
70.64
73.1
76.82
86.99
89.62
91.89
94.34
94.38
94.23
93.28
88.68
82.57
79.46
82.91
75.83
61.9
27.02
26.62
26.15
26.78
26.56
26.94
26.82
26.03
67.54
52.59
80.65
88.95
89.31
87.61
89.83
91.35
90.39
89.49
88.27
85.95
80.09
81.03
77.12
63.27
27.42
27.07
27.01
26.49
27.82
27.52
26.94
26.43
68.25
72.35
80.28
85.39
87.56
89.48
89.43
90.32
91.33
88.41
89.57
85.79
82.0
82.84
77.56
62.38
26.17
26.93
26.23
26.78
25.53
26.45
69.86
73.79
73.46
77.47
84.97
89.7
95.27
94.74
92.97
93.26
93.86
93.34
91.04
85.36
81.65
82.41
79.78
63.57
28.43
27.86
27.53
26.77
27.31
26.61
26.56
27.62
70.94
75.88
80.93
87.33
88.08
90.23
91.1
86.4
87.95
88.25
84.84
78.67
74.82
77.41
75.77
63.87
26.82
26.27
25.97
26.72
25.86
31.09
28.16
26.17
25.09
58.45
70.0
70.38
70.71
70.4
70.25
70.71
70.07
69.4
69.02
69.23
68.97
73.18
73.93
36.47
25.1
25.3
25.56
25.43
25.29
25.71
25.37
25.3
24.23
56.78
70.03
69.06
69.32
69.25
70.18
68.84
69.0
68.29
55.43
21.65
21.41
25.89
26.3
25.84
25.41
25.33
25.1
25.08
25.24
69.33
72.94
73.21
73.94
75.97
83.51
90.69
90.88
92.19
92.9
95.05
92.05
90.26
91.56
87.2
82.01
83.7
79.2
66.29
29.0
28.14
27.95
27.95
29.71
31.45
27.32
26.39
67.72
77.62
83.34
88.41
91.79
89.34
91.81
91.26
91.58
91.89
89.36
84.43
78.59
79.93
75.52
62.58
26.29
24.96
25.15
25.59
25.95
26.64
27.25
25.44
69.15
75.72
80.89
87.44
90.33
91.0
89.63
90.69
88.23
87.4
86.4
86.19
80.95
81.38
71.19
54.85
27.03
26.18
26.33
27.43
27.84
26.38
64.04
57.55
52.91
55.5
64.82
82.78
79.14
78.76
84.46
87.06
84.17
85.04
84.73
82.41
75.64
78.8
75.33
60.79
26.92
26.85
25.84
26.36
25.76
27.1
25.97
24.59
67.58
73.16
78.68
83.22
87.9
87.55
87.82
87.99
86.45
84.78
82.59
79.59
74.71
75.19
76.52
67.56
29.09
27.43
26.76
26.5
26.28
26.46
27.47
26.16
25.07
58.34
70.25
70.12
69.52
69.3
70.14
69.24
69.57
69.74
69.64
69.8
67.43
70.47
72.09
35.62
24.75
24.39
25.04
25.26
24.65
25.45
24.75
24.93
23.23
56.68
69.53
69.26
69.07
68.3
68.92
69.2
70.21
67.88
56.01
22.65
21.6
24.24
25.31
25.04
25.09
25.46
25.21
25.02
25.32
70.11
72.86
73.36
72.18
76.07
81.21
89.13
92.82
92.42
92.4
96.29
93.51
90.14
87.54
84.25
76.54
76.97
78.85
63.91
27.52
26.29
27.51
26.37
25.91
26.37
26.55
26.52
67.09
74.48
84.54
90.88
92.71
92.34
92.14
92.78
90.12
91.64
88.62
83.64
74.7
76.3
78.36
63.63
28.68
27.13
26.76
26.33
25.8
26.4
25.79
26.1
66.99
74.37
79.42
84.72
86.67
88.56
85.68
89.43
91.59
90.11
87.43
84.18
77.34
77.35
80.07
67.08
30.14
28.73
27.52
27.1
27.22
27.66
71.13
73.51
71.8
77.02
84.37
91.66
89.11
85.88
86.75
88.22
92.1
91.46
90.44
84.64
78.58
78.95
79.09
62.59
25.68
24.99
24.88
25.13
26.56
28.0
26.54
25.29
65.91
72.82
79.95
84.12
87.21
85.82
87.47
87.55
86.84
87.29
84.86
78.94
73.32
74.62
77.42
68.33
28.01
28.31
26.17
27.17
28.14
28.28
28.04
27.74
25.13
57.54
70.06
69.45
67.76
69.35
69.83
69.15
68.76
70.13
70.12
69.3
68.69
70.39
71.86
36.31
24.71
24.59
24.93
24.46
25.16
24.79
25.16
25.01
22.82
55.92
68.38
66.11
66.36
65.86
65.55
66.08
66.08
66.52
53.14
20.91
21.28
24.23
25.24
26.02
25.77
25.61
25.57
25.7
25.41
69.15
73.06
72.44
69.68
74.32
79.16
85.32
87.86
89.69
86.71
91.03
93.03
89.84
88.58
83.92
76.73
76.66
75.29
62.2
26.15
25.42
25.5
24.99
24.95
25.14
25.17
25.29
66.54
73.22
79.47
87.93
89.61
90.11
90.3
93.6
91.65
90.88
86.07
80.41
74.57
74.98
75.96
63.22
27.57
25.96
25.62
25.5
25.29
26.95
29.08
28.88
67.2
74.91
78.69
86.29
89.37
90.7
87.06
88.79
90.08
89.68
85.91
81.13
75.08
71.76
72.66
60.26
27.31
27.01
26.89
27.51
25.99
26.71
70.16
71.93
69.71
75.97
82.93
90.51
91.06
91.18
91.69
93.5
93.95
93.88
88.18
81.75
77.08
77.96
79.66
61.65
26.73
26.04
25.83
26.11
26.4
27.05
27.0
26.25
67.63
72.99
79.32
85.3
86.34
83.47
82.83
86.52
88.7
86.43
86.62
76.35
72.57
73.84
76.31
60.9
25.87
24.69
24.82
24.76
24.55
24.99
25.79
24.87
21.76
57.49
73.72
71.19
69.45
70.68
69.27
70.15
68.51
67.67
68.84
66.52
66.9
70.93
72.46
35.01
24.76
24.71
25.57
24.62
25.55
24.87
25.06
25.23
22.19
57.64
71.81
72.82
70.06
72.62
76.49
78.32
75.75
76.21
75.21
72.74
73.32
76.93
78.69
77.72
78.51
78.05
77.59
79.3
78.1
77.9
78.11
77.64
74.1
79.26
85.13
91.61
94.27
97.37
100.01
98.3
98.53
96.52
95.68
91.07
84.66
80.48
81.94
78.55
74.87
75.42
78.29
78.18
78.46
78.71
78.41
78.07
74.44
68.93
82.81
92.99
96.73
95.61
96.96
99.88
99.22
96.48
93.6
89.25
81.87
80.08
77.73
66.02
28.29
26.82
25.9
26.3
26.12
26.61
28.05
26.18
69.32
80.24
82.13
86.29
93.62
85.33
86.85
89.34
87.26
85.95
83.62
83.81
79.26
81.01
79.82
69.17
28.42
26.54
26.68
26.23
26.25
26.1
71.63
77.64
74.51
79.59
84.6
91.94
87.84
93.91
97.98
94.35
91.9
93.41
90.35
87.23
76.02
81.82
79.81
67.68
28.32
27.3
26.11
25.45
25.55
25.5
25.71
25.26
68.45
79.61
84.39
92.7
91.07
93.52
93.54
87.89
85.88
86.62
82.72
85.57
79.19
78.75
80.3
67.89
26.99
24.99
24.8
24.57
25.19
26.14
25.32
24.32
21.14
57.05
72.34
71.42
71.005
71.4025
71.705
71.5125
71.3475
71.4475
67.26
53.13
48.6575
49.645
50.645
35.6125
25.445
20.8175
18.9475
19.1525
19.665
19.96
20.7325
19.8975
18.415
42.4375
64.8575
70.115
70.775
71.06
72.92
70.01
71.85
73.21
61.96
22.55
21.55
23.91
24.88
24.54
24.18
24.62
24.82
24.62
24.77
67.02
75.15
74.84
72.17
77.39
84.64
91.93
95.48
94.86
96.13
94.34
95.13
92.89
93.86
87.56
81.87
81.46
82.05
69.61
26.25
25.52
25.0
25.0
24.77
24.92
25.66
24.97
67.0
79.39
85.0
92.83
93.66
96.41
100.79
97.75
94.49
95.81
93.9
87.32
75.36
73.75
78.58
70.42
27.99
26.3
25.26
25.35
25.74
24.76
26.67
25.48
67.07
77.96
84.49
92.22
94.86
94.41
95.29
93.75
94.13
99.76
96.85
87.97
82.49
81.46
82.45
68.79
28.78
25.59
25.59
25.49
25.2
25.17
70.53
76.6
73.29
78.43
82.04
83.73
87.29
90.63
67.72
89.59
65.08
85.41
84.07
86.2
80.46
80.63
82.49
69.86
32.11
28.55
26.76
26.61
26.35
26.29
28.08
26.06
67.18
79.15
83.26
91.65
91.93
90.93
90.12
68.23
68.79
91.24
90.82
83.23
78.73
79.75
62.06
62.81
29.35
27.27
25.72
24.57
25.19
26.14
25.32
24.32
21.14
57.05
72.34
71.42
73.47
72.76
72.55
72.16
72.31
73.0
72.54
73.44
74.16
76.61
80.42
42.24
26.61
25.65
25.66
25.53
26.0
25.75
26.09
25.75
21.76
58.39
74.68
74.47
73.92
73.85
73.77
75.47
75.01
75.3
65.06
23.92
22.39
24.63
26.08
25.58
25.78
25.2
25.56
25.85
26.03
71.29
79.06
79.43
77.85
79.61
84.18
86.15
90.81
90.77
92.73
89.71
88.6
81.97
78.86
79.64
76.09
71.88
77.51
68.61
28.22
26.82
25.99
27.08
26.09
26.32
26.79
25.63
70.99
79.56
82.83
87.44
85.27
79.45
79.95
80.23
80.83
86.95
89.17
83.57
77.39
77.21
81.54
69.55
26.93
26.4
25.92
25.89
26.33
27.41
27.54
26.37
68.92
78.45
81.19
86.16
86.83
87.11
87.2
88.01
87.75
88.01
84.87
80.44
70.56
73.55
78.76
67.53
27.96
27.16
26.6
26.26
27.0
26.17
72.62
78.45
73.84
78.26
82.19
80.3
78.08
86.82
87.47
87.09
89.49
89.67
88.91
85.13
78.82
77.11
80.09
70.3
26.47
25.59
25.13
25.3
25.68
25.45
25.34
25.33
67.13
75.09
80.89
84.78
83.55
83.88
83.93
84.45
84.68
85.1
85.25
80.68
71.84
72.34
76.72
65.27
28.34
30.25
27.44
25.48
24.78
24.91
24.75
24.72
20.65
55.75
71.76
71.55
72.24
71.88
71.96
71.24
69.9
71.12
72.34
71.39
71.92
73.17
75.79
38.8
24.28
24.31
24.41
24.72
24.49
24.57
24.58
24.74
20.39
55.81
71.97
71.42
71.51
69.95
69.97
69.92
69.35
71.08
59.32
20.53
20.19
22.28
24.3
24.26
24.87
23.77
24.37
24.08
75.82
115.63
115.3
115.4
111.6
114.96
122.45
109.21
88.7875
88.9
87.69
90.36
88.87
87.02
85.67
82.33
77.32
75.37
81.3
69.71
28.47
25.79
25.81
25.34
24.96
25.18
25.94
25.31
63.3
74.73
81.7
87.93
87.09
89.0
90.35
88.81
87.55
90.86
89.24
85.26
78.95
76.96
79.31
65.23
26.19
25.12
25.32
24.59
24.9
25.51
25.21
24.1
62.92
73.27
77.96
84.35
86.02
90.33
87.19
87.2
85.82
84.55
85.05
81.11
75.25
70.65
73.59
63.37
26.05
25.47
25.56
25.2
25.48
24.99
68.82
76.51
72.84
73.99
79.83
82.59
83.41
84.21
85.71
83.68
81.79
80.55
78.78
70.43
68.42
70.75
110.8
120.96
118.73
117.65
116.26
116.14
116.27
117.07
116.63
115.43
111.78
115.52
82.97
80.08
83.26
85.82
82.96
81.65
84.8
83.29
82.58
78.41
75.39
74.23
75.6
62.12
25.42
25.26
25.19
25.43
28.77
27.39
27.22
24.57
21.16
49.88
66.71
67.99
67.71
67.62
67.49
68.62
68.89
68.62
59.15
20.71
20.56
21.32
24.86
24.39
24.36
24.33
24.08
24.26
24.19
24.21
24.76
24.09
20.78
52.41
69.25
69.85
69.4
69.12
68.06
67.66
69.88
70.0
59.38
20.5
20.63
21.34
24.13
24.18
24.61
24.07
24.04
24.45
24.17
66.53
73.39
71.36
68.63
74.3
80.39
86.72
86.81
86.75
88.23
87.27
84.51
83.48
80.31
75.78
69.68
69.59
73.41
61.42
25.37
25.07
25.13
25.13
28.01
29.74
27.45
24.59
63.48
77.34
81.47
86.99
89.85
89.59
88.25
89.17
90.05
88.66
86.55
82.49
76.03
75.13
78.48
65.02
24.67
25.04
24.57
23.98
24.99
33.49
76.0
72.64
67.43
72.89
81.73
92.18
91.91
90.38
91.97
91.29
87.59
86.81
86.36
71.13
26.65
25.31
30.84
28.5
26.92
25.75
25.86
25.72
27.15
33.76
79.81
78.56
73.9
75.82
82.88
86.97
89.92
90.07
89.84
89.94
89.64
85.27
82.51
68.43
27.06
24.42
27.41
26.07
25.55
25.42
24.56
24.73
25.59
32.62
75.57
73.56
68.44
70.84
79.57
85.38
85.58
83.15
83.74
82.71
80.97
80.37
80.18
64.16
25.72
23.11
25.78
26.06
25.24
25.38
25.52
26.04
25.68
24.97
24.73
24.31
20.75
54.7
71.83
70.72
69.92
70.16
70.33
69.48
68.52
68.78
57.9
20.38
20.19
20.71
24.63
24.36
24.07
23.66
24.59
24.28
24.24
23.97
24.38
23.78
19.51
54.17
72.41
71.73
71.09
70.58
69.97
71.45
71.63
71.62
58.98
20.94
20.59
21.29
24.25
24.07
24.57
23.79
23.81
24.1
24.0
24.32
23.9
58.12
71.93
71.96
71.35
71.15
70.24
72.69
71.58
71.42
71.6
72.33
72.3
61.47
22.44
23.0
25.92
24.95
24.64
25.38
25.01
24.85
25.88
33.92
77.48
76.9
72.08
76.33
81.19
83.26
85.62
85.93
85.04
88.47
89.19
85.22
85.48
69.19
25.89
25.23
27.51
28.0
25.93
25.95
25.52
25.16
25.65
34.81
77.82
78.04
74.34
75.82
82.74
85.92
87.24
87.22
86.88
87.02
86.75
87.52
84.9
71.21
27.45
24.65
29.66
26.69
25.53
25.03
25.04
25.04
24.68
33.66
78.87
76.5
71.72
74.33
80.24
86.27
89.85
88.34
86.48
88.26
88.08
87.76
85.1
67.61
24.51
23.41
27.86
27.26
25.17
24.55
24.06
24.54
24.27
33.13
78.24
76.33
72.38
73.19
79.11
85.15
87.21
85.45
83.8
83.42
85.57
85.63
83.58
67.92
26.09
23.95
31.41
31.77
29.9
29.79
30.45
29.15
35.47
33.57
27.17
24.1
20.63
55.87
72.99
72.53
72.27
71.58
72.63
71.03
71.72
72.05
59.59
22.12
21.9
21.6
25.96
25.52
24.8
24.12
24.43
24.37
24.24
24.27
24.2
23.64
20.33
55.16
72.19
71.35
71.39
71.98
71.89
71.97
71.95
73.07
60.66
21.73
20.95
22.35
25.78
25.07
24.71
24.8
33.25
76.86
77.76
77.16
77.08
75.95
72.7
75.81
81.38
86.25
86.89
87.57
87.8
86.34
87.99
87.26
84.64
70.13
29.33
25.81
27.24
24.88
24.7
24.02
24.25
26.37
27.61
36.2
77.87
64.47
69.15
77.1
83.43
84.32
88.76
87.58
87.11
87.58
88.63
87.33
85.35
69.28
26.61
26.05
31.13
30.59
25.43
24.98
24.68
25.14
24.41
33.25
78.62
76.21
72.63
75.32
82.91
85.59
88.65
89.63
87.82
86.52
84.23
85.8
82.39
65.91
24.92
23.54
29.57
28.4
25.28
24.99
25.56
25.33
25.57
34.6
78.08
76.86
73.31
75.37
82.83
87.11
87.02
87.33
85.67
86.13
87.23
85.07
81.91
67.62
24.24
23.07
29.46
27.67
25.0
24.49
25.8
25.28
25.88
34.83
78.72
78.45
76.69
78.2
82.18
86.44
89.77
92.25
88.63
88.85
86.6
85.44
84.35
67.35
24.48
25.22
31.33
29.39
27.71
26.34
25.55
24.65
25.61
24.85
25.31
25.08
20.7
56.39
74.12
73.86
73.05
72.72
71.51
69.83
69.55
69.18
57.23
20.85
20.97
21.34
24.97
24.81
24.66
24.27
24.73
24.69
24.86
24.15
24.37
23.8
20.09
55.0
72.15
72.53
72.35
72.0
71.47
71.6
71.39
71.37
59.58
21.23
21.27
21.36
24.79
24.72
24.06
24.84
33.39
76.15
77.75
77.03
76.76
76.45
73.65
73.39
79.44
85.69
88.04
87.27
88.94
87.02
83.95
81.19
83.3
68.77
24.95
23.78
28.37
26.78
25.73
25.36
25.32
26.39
26.42
34.17
77.4
77.99
75.45
76.6
81.99
87.51
87.61
89.62
88.65
89.98
89.5
86.3
84.01
68.44
25.29
24.99
28.13
25.46
24.82
24.91
25.06
26.55
26.76
37.24
80.31
76.67
73.74
75.82
83.4
89.53
90.13
87.99
85.68
84.8
85.17
83.32
81.15
66.47
24.0
23.22
30.71
29.0
26.7
25.32
26.47
26.94
27.56
36.52
80.48
77.75
72.97
76.17
81.4
85.05
86.73
88.41
86.76
87.76
88.94
85.95
83.77
69.64
25.03
23.76
28.52
27.5
27.9
25.98
25.44
26.01
27.86
35.71
81.27
79.5
77.02
78.01
85.22
89.88
90.81
89.58
84.62
84.02
82.84
83.82
83.03
66.75
24.32
23.21
30.11
30.74
26.33
27.01
26.19
26.18
24.83
24.43
25.56
23.84
19.99
55.27
72.75
73.58
73.68
73.27
73.48
73.12
72.65
71.82
59.66
22.0
20.76
20.54
24.34
24.23
23.8
24.69
24.11
23.84
23.87
24.14
24.21
22.87
19.89
55.48
73.03
73.28
73.68
73.15
73.12
72.48
71.83
71.01
58.91
20.95
20.57
21.12
24.15
23.99
24.2
23.72
33.0
75.71
76.73
76.72
77.09
76.1
73.53
74.84
82.11
89.36
88.56
90.64
91.94
86.71
85.38
84.75
83.71
67.28
25.6
24.1
29.12
26.83
25.85
24.85
24.99
24.81
24.72
33.79
78.75
77.06
72.96
75.62
82.01
84.69
84.85
85.24
86.26
84.26
82.84
81.76
80.28
63.55
24.09
23.16
28.08
27.62
25.6
25.45
25.36
25.04
24.84
34.36
78.14
77.06
72.96
75.62
82.44
88.14
90.42
90.13
89.97
89.08
86.89
83.87
83.66
69.97
28.57
25.08
29.01
28.17
26.82
25.68
26.02
27.12
26.71
35.82
79.78
77.57
73.8
77.19
82.39
86.88
90.47
90.65
88.4
87.59
88.29
86.56
85.13
68.16
25.85
23.63
28.46
27.57
26.44
25.68
26.02
27.12
26.71
35.82
79.78
77.57
73.8
77.19
81.89
89.53
92.43
89.51
87.02
88.54
87.51
85.34
81.85
66.75
25.46
23.71
27.83
26.78
25.44
25.06
24.82
24.63
24.63
24.59
26.26
23.37
20.59
55.44
72.62
72.95
73.21
73.37
72.5
72.69
72.91
71.62
59.96
21.03
20.95
20.8
24.11
24.36
24.78
24.42
24.98
24.7
24.58
24.6
24.59
23.65
20.6
56.28
72.62
72.34
73.46
74.02
73.89
73.71
74.04
73.58
60.62
21.66
21.94
21.04
24.76
24.57
24.45
24.6
33.4
73.23
75.69
77.22
78.0
77.01
73.88
77.45
84.73
90.2
90.58
91.74
93.47
91.79
89.48
87.36
83.71
68.71
26.0
23.54
28.05
27.51
26.43
25.92
26.25
26.33
26.17
35.27
78.54
77.06
72.96
75.62
82.44
88.14
90.42
90.18
89.71
89.71
90.31
87.26
85.06
70.04
27.81
23.95
27.21
27.85
26.83
26.04
25.35
25.12
25.47
34.42
79.03
78.2
75.77
78.59
84.7
87.67
92.16
92.09
90.69
87.97
86.07
85.06
83.68
68.79
26.62
24.53
28.71
28.38
26.61
25.82
25.69
25.87
28.27
36.5
79.87
79.17
74.96
78.31
86.37
88.3
91.35
91.31
87.67
91.13
91.54
88.84
86.22
69.82
27.08
25.88
27.36
26.76
25.95
25.48
25.41
25.5
28.64
36.01
78.93
78.49
75.9
75.63
82.12
86.7
89.65
91.34
85.79
86.32
85.35
84.14
82.12
67.01
25.55
23.62
26.73
25.09
28.95
28.11
26.82
25.72
25.42
25.36
25.75
25.15
21.08
56.45
73.14
74.47
74.83
74.13
73.77
73.77
73.09
72.56
59.73
21.49
21.2
21.2
24.92
25.09
24.61
24.75
24.85
24.91
24.85
25.04
24.5
24.09
20.87
56.89
73.76
73.87
73.82
73.75
73.89
74.09
73.77
74.28
61.25
21.06
20.82
21.2
25.31
25.04
24.7
25.09
33.47
77.33
77.66
77.88
78.88
78.12
74.31
77.0
83.06
87.06
88.9
89.51
86.11
87.8
86.76
84.21
83.79
67.67
25.88
24.43
29.22
31.32
31.22
29.78
27.71
29.73
30.69
36.66
81.67
79.65
75.95
78.22
85.19
88.84
89.37
88.15
87.99
90.72
90.57
88.14
86.22
70.04
27.8
24.56
31.22
30.65
28.49
27.95
26.03
28.26
27.13
35.56
79.82
79.98
77.02
78.7
84.28
89.61
89.88
90.86
89.13
87.72
88.32
87.02
84.83
69.1
27.34
25.37
31.17
30.38
32.04
30.59
29.67
30.32
29.98
37.77
78.96
79.89
77.41
79.82
81.57
84.23
86.78
86.76
85.66
87.06
89.49
84.29
81.64
65.02
25.92
24.77
31.06
31.49
30.91
29.81
29.89
31.31
30.26
29.15
26.72
61.89
78.95
78.87
79.31
79.51
78.54
77.46
76.68
77.38
76.47
76.35
76.38
63.14
22.39
22.71
26.39
26.05
26.29
26.17
26.02
26.56
26.32
26.11
26.21
26.11
22.32
58.89
76.0
75.76
76.77
75.87
73.46
72.7
73.09
73.25
60.67
22.65
23.22
22.14
25.33
25.97
26.57
26.45
26.41
26.46
26.23
26.32
26.26
26.5
22.67
57.41
75.22
75.09
75.34
76.3
75.76
74.77
75.11
76.99
64.03
22.83
22.52
22.38
26.96
27.0
26.02
26.32
35.12
79.72
80.46
80.74
81.16
80.03
80.93
82.79
88.81
92.46
93.23
89.46
91.39
90.66
90.35
90.33
87.15
71.29
27.39
25.25
29.1
30.34
27.67
26.85
26.81
26.78
27.08
35.92
80.97
81.45
78.22
81.47
86.16
89.7
91.83
90.95
90.64
90.38
91.0
90.28
88.1
72.93
28.66
24.05
25.45
25.09
25.02
25.28
25.19
26.29
28.45
35.59
78.88
78.6
76.03
79.5
83.41
87.13
88.14
89.83
89.1
89.25
88.94
88.02
85.91
68.95
26.86
23.54
27.59
26.57
26.03
26.41
26.08
25.55
27.19
35.89
79.06
77.88
72.7
74.24
82.61
88.59
87.67
89.65
90.13
88.24
87.84
87.48
85.4
70.59
26.07
23.37
26.07
25.84
25.31
24.81
24.8
24.51
26.76
36.31
77.78
76.74
71.12
71.86
76.04
81.46
82.59
81.44
83.63
83.75
84.27
83.47
82.82
67.42
26.79
24.34
29.96
26.74
25.58
25.21
24.98
25.15
25.38
27.21
24.91
24.05
20.14
55.91
71.8
72.49
73.11
73.52
73.31
73.36
73.12
72.09
58.81
20.79
20.41
20.29
24.47
24.56
24.49
24.21
23.95
23.79
24.2
23.94
23.63
23.48
19.73
55.54
72.26
73.94
72.82
72.81
72.52
72.54
72.36
72.05
58.83
20.99
20.44
20.59
24.02
24.47
24.5
24.08
33.62
76.79
77.62
78.18
77.93
76.64
73.81
75.92
82.94
85.17
86.05
86.56
87.05
86.8
87.6
87.07
84.95
66.42
24.44
22.38
25.13
25.03
25.16
25.11
25.36
25.63
26.88
38.33
78.4
78.91
76.12
78.72
85.02
88.62
92.59
90.82
91.15
92.02
92.82
91.51
87.99
70.42
26.55
22.83
27.88
27.59
27.1
27.85
25.81
25.51
25.61
35.15
79.08
78.48
75.43
76.52
80.67
85.18
85.11
87.1
86.55
85.88
85.83
88.88
85.57
68.86
24.58
22.04
25.45
25.23
24.93
24.86
24.89
25.41
26.97
37.6
79.95
78.33
74.0
76.99
82.84
83.3
85.35
84.54
84.69
86.03
87.02
84.92
84.66
68.28
23.98
23.95
26.68
25.91
25.9
25.59
25.7
26.0
28.86
37.89
79.44
78.83
76.55
77.39
81.92
83.95
86.28
87.54
84.83
86.91
84.64
84.51
83.56
69.28
25.77
25.31
27.15
26.86
26.47
26.94
27.76
27.98
27.59
27.59
25.44
25.15
20.89
57.36
73.92
75.06
56.18
74.05
73.93
72.64
73.44
74.48
58.76
21.22
21.48
22.28
24.84
24.51
24.35
24.16
23.89
24.63
24.28
24.5
24.51
24.33
21.81
56.92
74.14
75.21
74.63
73.74
73.66
73.53
72.85
72.95
59.17
21.03
20.63
21.23
24.52
24.57
24.21
24.41
34.09
76.01
77.0
77.25
76.5
76.43
72.45
74.9
79.08
84.75
85.11
85.79
86.65
85.04
84.26
86.22
84.33
67.63
25.05
23.12
26.7
25.79
26.25
25.4
25.81
25.41
26.36
38.1
78.76
79.07
74.92
76.5
81.21
84.41
86.82
89.57
86.4
87.84
87.49
88.78
86.09
70.55
25.04
23.82
28.24
26.8
25.93
25.57
25.46
26.13
26.2
37.13
80.95
78.34
73.98
74.69
78.62
84.25
84.17
88.36
88.56
86.89
87.82
88.82
85.15
73.76
25.19
23.35
25.99
25.72
27.27
27.49
26.05
26.78
27.32
37.1
78.55
78.06
70.93
71.49
78.26
84.25
86.09
88.01
86.57
90.06
89.19
88.11
88.8
71.72
26.15
23.17
28.59
28.46
27.64
27.41
26.53
27.2
29.0
40.84
80.37
78.61
77.13
75.82
81.46
84.63
84.46
76.99
81.18
68.13
88.09
84.83
83.5
67.19
26.67
23.41
27.68
27.04
26.32
27.96
26.97
25.93
26.5
25.8
26.5
25.73
22.62
60.15
76.19
75.6
76.74
76.61
76.01
74.63
74.62
74.71
62.29
25.03
24.16
23.85
26.75
26.98
27.04
26.78
27.03
26.91
27.29
27.06
26.22
26.62
22.68
57.44
74.65
74.63
75.52
73.29
71.77
71.41
71.64
72.08
58.22
21.57
21.06
21.52
24.99
25.73
25.12
24.6
34.4
75.34
77.44
77.53
77.82
77.31
74.15
75.75
83.81
86.49
86.69
86.59
86.83
88.35
86.8
87.82
85.68
67.63
25.99
23.41
27.07
28.51
26.93
25.8
26.02
26.63
26.57
35.62
78.13
78.34
76.41
75.24
83.2
85.62
86.31
87.03
86.02
87.03
85.65
85.41
84.18
68.23
25.25
24.02
26.72
26.4
26.24
25.8
25.62
25.84
26.72
36.12
79.34
79.13
78.2
77.17
81.51
85.15
87.4
87.98
86.53
87.63
86.61
89.28
77.52
62.14
25.51
25.09
26.87
27.65
28.51
27.12
26.71
27.47
27.06
36.5
79.57
79.54
76.17
76.47
81.48
82.7
85.06
86.18
86.75
88.46
87.66
86.85
86.76
70.13
26.01
25.25
27.22
25.81
25.71
25.96
25.88
25.51
26.86
37.67
77.45
77.81
75.32
74.44
80.37
86.83
85.37
85.04
84.51
85.26
85.86
83.16
63.53
43.95
29.18
26.65
27.17
29.83
26.59
25.09
25.12
25.78
26.34
25.78
26.15
25.44
21.94
57.13
73.63
73.17
72.97
73.16
59.61
39.98
37.51
37.67
33.24
21.39
20.91
22.27
25.26
24.94
24.54
24.66
25.0
24.7
24.93
24.81
24.57
25.05
21.88
56.91
73.58
72.77
73.14
73.23
71.86
69.88
69.12
69.83
57.05
20.52
20.77
21.02
23.99
23.74
23.89
23.55
33.42
75.68
76.5
76.72
76.38
75.83
70.94
74.93
81.17
85.9
86.7
87.05
73.59
56.6
91.27
91.11
83.7
68.3
23.8
23.79
26.24
27.44
28.81
27.52
26.11
24.89
25.68
34.87
77.13
76.83
72.78
74.34
80.21
85.17
88.77
89.64
87.57
86.46
86.95
85.54
83.93
68.44
25.92
23.44
26.27
25.04
25.54
24.92
25.21
27.28
29.69
39.42
80.2
79.92
75.54
78.47
81.84
83.39
86.27
86.82
86.15
84.03
85.25
85.74
82.33
65.18
25.68
22.78
27.08
26.96
27.84
25.6
25.65
26.32
26.33
36.89
77.75
78.71
75.51
75.04
81.48
86.57
87.85
87.77
87.6
89.43
88.52
87.05
86.06
70.62
27.44
24.86
27.62
26.5
26.22
25.62
27.09
27.78
28.47
36.22
79.65
79.38
77.81
75.95
78.6
81.45
85.08
85.86
86.77
86.7
88.05
85.45
85.16
70.31
24.2
22.7
26.34
27.91
25.27
24.73
24.88
25.15
26.61
27.34
25.47
24.91
22.12
56.56
74.09
74.41
74.22
76.81
76.5
75.34
75.1
74.96
60.68
21.25
20.3
21.89
24.37
24.25
24.61
24.68
24.75
24.22
24.93
24.49
24.2
24.72
21.73
56.24
73.01
73.65
74.66
74.13
73.89
74.33
74.19
74.1
60.7
21.21
20.47
21.61
24.38
24.27
25.11
24.78
33.81
77.84
78.82
79.27
78.61
78.87
75.65
75.92
80.51
88.06
89.25
90.04
90.44
89.79
90.39
89.42
88.92
70.43
26.3
25.61
28.88
27.8
27.02
26.54
26.85
25.67
25.82
35.84
79.89
80.14
77.86
80.16
84.27
88.85
89.23
89.84
90.03
92.36
90.88
90.58
89.64
71.0
26.86
27.42
29.79
29.24
31.21
28.81
27.77
30.22
30.28
38.63
80.41
78.62
76.23
74.34
80.6
85.34
87.96
89.19
88.82
90.48
89.7
88.57
87.27
72.06
25.89
24.86
27.61
27.24
25.92
25.0
25.42
25.26
26.08
36.33
78.41
77.66
74.89
75.13
81.44
85.31
86.72
86.41
89.51
88.31
90.66
90.6
87.47
72.14
25.19
25.7
29.66
27.19
27.15
26.8
26.09
27.23
32.84
41.55
81.81
81.49
78.98
78.64
82.29
83.24
86.03
87.84
86.15
86.45
86.95
86.7
84.95
71.53
25.24
26.51
28.48
25.37
25.16
24.64
24.04
24.24
24.55
24.73
24.91
24.32
21.1
52.09
72.14
72.3
72.12
72.54
73.55
73.08
73.48
72.65
62.06
20.48
19.83
21.41
24.38
24.18
23.99
23.86
24.53
24.61
24.02
24.46
24.43
24.21
22.24
52.95
73.2
73.24
72.86
71.57
71.52
71.59
72.55
71.61
61.5
20.58
19.59
21.77
24.25
24.12
24.33
24.5
24.51
24.36
24.11
65.34
76.98
77.67
76.19
76.88
84.18
87.44
86.89
86.36
87.02
87.36
75.53
64.3
53.54
46.62
71.35
76.42
82.71
70.28
25.98
24.65
24.42
25.16
24.78
25.16
26.12
24.67
64.69
78.02
82.48
86.76
90.81
91.67
89.82
89.01
89.33
87.65
83.65
81.1
75.62
77.25
81.17
68.76
25.47
24.63
24.7
24.15
24.78
26.35
24.57
23.94
63.84
75.27
81.99
86.15
87.41
88.84
89.2
87.91
88.53
86.44
86.1
84.25
77.98
78.38
80.53
70.26
25.63
24.77
24.75
24.32
24.5
25.12
68.13
78.67
76.2
77.42
83.87
92.62
93.32
94.29
97.27
96.44
92.71
92.06
89.24
54.96
77.07
79.56
83.52
70.76
26.5
24.43
24.03
24.17
26.23
25.89
24.12
23.76
64.52
77.6
83.22
93.4
93.55
90.4
76.44
53.47
55.41
52.74
49.7
44.56
73.58
79.17
78.39
66.28
25.31
23.91
23.65
25.9
24.21
23.64
24.49
23.97
20.93
52.6
73.56
73.14
73.56
73.85
73.94
73.07
73.28
73.17
62.38
20.26
19.87
22.05
24.05
24.13
23.56
23.48
23.3
23.53
23.62
23.71
23.58
23.47
21.32
52.66
73.52
73.41
74.62
74.81
73.36
72.34
71.63
71.83
62.01
20.61
20.19
21.62
23.64
23.7
23.88
23.95
23.34
23.35
23.59
64.95
77.23
77.5
76.54
77.05
83.51
89.88
91.99
93.77
92.52
93.19
96.52
94.15
92.33
88.98
84.64
84.37
83.99
72.94
26.89
24.46
25.16
24.53
23.96
23.78
24.41
23.89
66.41
78.53
85.24
92.8
98.03
98.32
99.54
96.46
95.05
89.66
56.68
51.88
82.84
84.74
83.88
71.82
26.73
25.21
23.86
24.12
23.76
24.37
24.48
23.7
65.32
81.06
87.87
92.08
94.77
92.59
95.37
98.08
96.02
94.7
94.71
89.47
84.05
81.88
82.98
70.2
25.38
24.73
24.9
24.18
24.13
24.95
66.68
78.17
76.42
77.72
85.68
91.56
93.89
93.95
94.53
98.61
95.23
70.68
56.76
54.38
81.94
83.58
81.82
69.17
22.1
22.34
23.97
24.94
25.62
25.1
23.29
23.84
66.2
79.93
84.26
90.74
93.58
92.5
91.29
96.55
93.98
91.9
91.67
85.81
80.32
82.45
83.99
71.88
25.06
24.18
24.4
24.01
26.25
23.87
25.27
23.84
21.74
55.46
76.63
75.54
76.93
78.23
78.16
76.57
75.64
75.87
64.46
20.85
21.07
23.59
24.11
24.26
23.47
23.7
23.59
23.53
23.65
23.46
23.39
23.59
21.43
54.58
76.17
75.61
76.49
76.55
76.47
77.25
76.71
75.93
65.85
21.19
20.71
23.51
24.02
23.53
23.55
23.36
23.39
23.64
23.41
66.86
80.31
80.44
79.38
81.08
86.42
89.56
93.82
94.24
96.36
96.56
97.45
96.29
93.56
89.84
85.63
84.19
79.55
73.83
27.51
26.18
25.74
25.54
25.05
25.42
26.64
25.6
67.92
82.39
86.56
94.68
95.87
96.92
97.69
97.79
97.13
99.91
95.99
89.53
84.33
85.41
85.75
73.57
26.19
25.15
24.7
24.71
23.94
24.3
24.82
23.93
67.97
81.4
86.04
92.21
94.1
95.17
97.79
98.09
98.46
99.47
96.07
90.97
86.49
86.15
83.66
72.19
28.63
29.17
25.99
26.56
26.59
26.09
68.96
78.24
73.99
74.69
83.81
96.04
100.6
101.9
108.26
107.23
109.08
106.64
105.58
99.53
94.78
97.34
95.93
80.11
25.69
25.64
24.47
24.39
25.2
24.54
24.67
23.73
72.29
85.38
94.1
97.26
99.67
97.89
99.46
99.07
98.74
97.88
94.77
92.21
89.18
89.39
90.74
77.46
25.67
24.22
24.47
24.21
23.6
23.96
23.47
23.83
22.14
58.09
84.61
84.77
84.9
84.66
84.95
85.14
84.89
84.06
71.15
21.19
21.05
23.85
24.26
23.98
23.97
23.74
23.88
23.88
23.67
23.73
23.83
23.6
22.28
57.73
84.36
84.43
84.11
84.55
84.3
84.46
84.39
84.5
72.13
21.58
20.65
24.14
24.37
23.71
24.18
24.17
23.77
24.03
23.84
23.96
23.81
62.19
87.08
85.21
85.12
84.85
85.27
87.05
85.84
86.18
86.77
86.72
85.87
73.95
21.98
24.75
24.47
24.59
24.52
24.33
24.17
24.09
24.23
24.07
23.97
24.33
73.37
89.84
95.25
104.39
102.86
104.66
106.78
108.4
107.02
108.11
105.95
99.1
95.81
95.16
94.27
80.08
25.63
25.41
24.45
26.66
28.76
27.07
25.85
24.67
75.95
89.63
95.95
103.93
108.05
108.43
107.1
110.29
112.74
109.39
89.79
53.04
93.32
118.08
116.82
91.78
27.48
27.1
26.55
29.01
27.66
27.65
75.99
90.37
90.06
91.54
97.85
106.46
109.2
110.18
110.4
110.72
110.77
109.86
107.31
105.15
98.1
99.55
97.31
82.41
27.16
26.26
25.06
26.08
24.6
24.99
25.01
24.18
71.83
85.01
78.79
94.44
100.92
101.88
100.02
100.38
100.98
101.15
98.0
95.78
90.25
91.49
90.76
90.48
89.92
89.02
88.68
89.01
88.75
88.64
89.73
88.96
87.41
85.47
85.2
85.0
84.74
84.64
85.24
85.94
85.5
84.94
84.83
84.63
85.31
88.88
87.76
87.51
88.2
88.98
88.9
88.67
88.83
88.75
88.45
88.93
87.74
85.01
85.17
84.89
84.91
85.51
86.1
85.99
85.3
85.35
85.32
84.92
85.26
89.36
89.81
89.76
89.57
89.25
88.94
89.44
88.98
88.96
88.44
88.83
88.88
89.02
95.47
101.84
105.84
106.98
105.45
107.44
109.18
109.27
107.13
102.79
94.52
96.17
95.88
92.21
91.99
90.64
90.99
91.34
90.96
90.78
91.65
91.55
89.6
90.7
99.21
107.84
109.41
108.84
111.09
114.55
110.51
108.19
106.54
101.43
96.13
96.22
94.56
92.9
92.16
91.31
91.85
91.69
91.82
91.17
91.4
90.65
90.26
91.68
100.82
107.15
108.89
109.17
108.38
109.75
108.87
106.76
108.19
105.9
99.06
96.36
94.5
94.04
93.91
92.91
92.58
92.18
92.37
92.62
91.72
91.45
89.3
90.31
96.2
104.44
107.54
110.03
112.69
110.16
109.82
109.23
104.1
100.8
96.35
98.04
96.47
93.27
92.25
91.06
90.76
90.93
90.54
90.62
90.72
90.88
90.03
90.04
94.34
102.15
104.81
103.09
103.86
104.59
103.58
102.3
100.1
97.27
91.52
94.8
95.24
92.85
91.1
90.76
90.48
90.65
90.63
90.79
90.7
89.73
89.48
86.76
86.63
86.06
85.87
86.26
86.2
86.43
85.69
85.49
85.71
86.21
86.32
89.61
89.53
89.4
89.73
89.51
89.7
89.84
89.75
89.69
89.68
89.68
88.3
86.31
86.09
85.98
86.21
86.93
86.96
86.98
86.86
86.72
86.78
86.97
86.65
89.81
90.17
89.99
89.23
89.03
89.48
88.94
89.01
89.58
88.78
89.53
90.24
88.79
95.9
102.68
104.8
109.1
100.89
65.26
65.21
61.85
60.41
53.9
100.06
118.67
115.18
116.19
116.13
115.43
114.53
114.56
113.75
114.0
114.67
114.44
113.42
114.09
117.79
126.85
130.61
133.77
137.12
135.41
129.55
130.44
128.36
123.77
119.15
117.04
117.3
116.77
116.56
115.77
114.94
114.72
114.48
115.63
115.52
114.97
114.05
116.34
121.03
131.89
129.71
129.59
133.88
133.42
135.02
98.12
95.69
91.36
86.28
80.44
77.36
73.52
70.67
69.53
68.02
67.73
67.27
66.88
65.68
63.69
62.4
62.89
74.33
109.74
129.71
129.59
133.88
133.42
135.02
98.12
102.7
104.12
97.83
96.61
93.84
77.61
26.29
25.79
25.08
24.04
24.27
23.82
24.21
24.0
72.75
85.03
92.64
98.83
99.43
98.89
98.22
101.91
105.03
99.79
99.06
96.01
90.62
92.09
93.23
77.58
28.64
26.49
25.28
26.66
25.89
25.74
24.71
23.74
22.9
59.36
81.95
81.87
85.18
85.73
85.61
84.27
84.5
84.51
70.2
20.85
21.86
24.38
23.96
23.9
23.95
24.49
24.09
24.17
23.97
24.01
23.67
23.48
22.81
59.68
82.32
82.6
82.41
82.92
83.63
85.0
86.2
85.53
70.87
21.3
22.58
24.21
24.66
24.04
24.04
23.74
23.91
24.0
24.03
74.51
88.09
88.14
87.61
89.25
95.66
101.8
101.52
103.15
107.52
107.57
107.63
105.31
105.63
101.41
99.53
97.4
97.0
79.67
26.07
25.52
25.19
25.65
25.06
25.1
25.6
25.27
75.62
88.56
94.37
103.75
104.05
104.51
110.2
109.61
108.23
109.17
108.2
102.0
99.81
102.91
98.48
80.13
25.25
24.49
24.31
24.08
24.38
23.89
23.91
24.18
73.77
85.3
92.97
99.99
102.68
106.72
104.4
105.76
107.27
107.4
108.24
101.03
97.9
98.6
97.62
79.62
26.87
27.21
25.98
27.14
25.88
26.21
75.4
85.76
85.2
85.17
73.86
96.29
100.57
102.11
103.14
104.25
105.94
104.95
105.76
101.56
99.8
97.21
97.44
79.2
24.92
25.17
24.05
23.92
23.92
23.71
24.5
23.42
74.05
85.13
91.84
98.81
99.78
99.92
97.19
99.55
100.36
98.37
95.91
92.25
89.8
90.8
91.3
76.03
24.05
23.54
23.11
22.96
23.39
22.99
22.91
23.48
22.15
56.87
77.24
77.04
77.16
76.93
76.72
76.88
76.74
77.55
64.5
20.42
21.75
24.13
23.65
23.05
23.24
23.54
23.3
23.48
23.91
23.89
23.82
23.06
23.3
60.01
80.65
80.65
80.76
81.72
81.57
81.75
81.48
81.26
67.59
20.37
21.63
23.47
23.59
23.17
23.64
23.32
23.08
22.88
22.64
73.34
85.16
85.38
86.08
86.15
93.32
98.26
100.06
102.41
102.16
101.75
103.19
100.45
98.99
96.06
93.27
93.81
92.05
77.76
26.09
24.27
24.48
24.77
24.12
25.02
24.97
24.08
67.09
75.41
83.04
87.94
90.18
93.18
96.18
96.49
93.82
92.69
91.91
86.86
85.47
83.57
83.93
70.18
25.82
25.31
24.66
24.86
24.8
25.51
25.36
24.68
62.49
68.9
75.82
82.86
84.46
86.4
89.93
91.0
92.36
89.47
90.11
84.98
82.53
80.83
80.45
67.64
25.43
25.13
24.28
24.38
24.34
24.38
62.31
68.98
68.33
66.31
75.53
80.7
85.59
87.58
90.26
91.62
91.83
94.74
93.24
90.17
89.58
86.54
85.23
71.2
25.78
24.68
24.83
25.51
26.28
27.56
25.7
25.37
66.87
74.89
81.68
86.7
86.13
87.93
85.56
89.53
93.24
89.66
89.2
84.36
80.93
82.44
86.8
73.47
29.76
28.88
25.79
29.05
29.33
25.4
24.48
24.48
23.3
54.28
72.24
72.2
72.25
72.28
72.04
72.06
72.18
72.8
62.51
19.44
21.81
23.15
23.04
22.89
22.88
23.05
22.89
22.78
23.16
22.85
22.87
23.78
22.67
56.11
75.13
75.28
76.28
75.94
75.92
76.12
75.61
75.62
62.99
20.11
23.07
24.13
23.24
23.12
22.76
23.18
23.17
23.16
23.03
70.29
81.18
80.88
81.05
82.86
86.67
90.83
91.49
91.29
91.45
92.55
95.2
92.84
91.27
86.72
85.0
84.5
87.42
73.47
26.36
25.32
25.08
26.03
24.3
24.16
24.62
23.81
69.74
80.0
81.74
84.21
85.96
86.79
87.45
88.41
88.47
87.89
87.88
85.96
83.15
83.0
85.72
71.46
24.67
23.66
24.04
23.84
23.41
23.44
24.09
23.43
69.81
80.21
89.32
95.28
95.03
96.09
97.07
99.44
100.02
97.5
95.59
93.44
89.98
87.7
86.01
71.9
24.75
24.6
24.59
23.96
23.92
24.08
70.6
79.19
79.07
76.95
84.68
93.04
95.17
94.09
95.09
96.53
96.34
96.54
95.72
92.9
89.91
88.14
88.27
71.92
26.53
24.79
24.26
24.2
24.77
25.16
25.32
24.46
72.46
80.27
85.03
91.51
93.17
92.67
91.24
93.61
93.06
92.71
92.24
87.0
85.6
83.21
84.97
68.99
25.67
24.72
24.19
24.05
24.55
23.99
25.19
24.36
23.83
57.01
73.69
73.84
73.9
74.09
74.17
74.2
74.37
73.94
62.32
21.02
24.71
24.56
24.87
24.26
25.41
24.05
24.09
24.0
24.07
24.93
23.88
24.08
24.09
57.38
75.67
74.94
75.25
75.24
75.24
75.25
75.58
75.37
62.43
21.09
24.4
24.98
24.21
24.57
24.67
24.29
24.63
24.03
24.47
70.21
80.2
79.73
81.4
80.94
85.37
92.46
95.96
98.34
99.38
100.85
100.82
97.35
96.56
92.3
89.89
87.59
86.59
70.13
25.45
25.07
25.15
24.76
25.02
24.84
25.35
24.21
67.91
76.96
85.16
92.55
95.23
98.89
97.85
97.47
97.75
96.14
93.16
88.27
88.12
85.08
80.37
67.75
27.7
25.23
24.54
24.25
26.47
25.93
25.6
25.22
63.94
68.63
72.73
82.53
85.5
86.92
85.41
84.19
86.76
89.75
87.06
79.96
78.14
73.68
71.62
59.82
28.54
28.98
28.7
28.26
28.2
27.61
60.01
62.86
63.48
64.87
69.76
77.06
79.51
80.36
81.19
83.75
82.04
84.87
82.65
77.29
75.97
74.42
72.64
59.08
25.36
24.15
23.73
23.8
23.61
24.11
24.01
23.54
56.34
60.17
66.95
70.97
73.93
73.18
74.45
77.9
77.05
76.85
76.1
69.43
69.21
70.54
71.33
57.45
24.71
23.85
24.62
23.55
23.81
23.72
24.02
24.06
23.69
46.94
58.04
58.43
58.15
57.86
57.91
59.3
58.23
59.83
52.3
19.68
23.06
23.48
23.83
23.51
23.57
23.54
23.72
23.4
24.18
23.54
23.81
23.45
23.99
50.48
64.09
64.07
63.66
63.85
64.65
64.25
64.76
64.03
53.59
21.1
24.17
23.64
23.55
23.93
23.08
23.68
23.64
23.84
23.55
65.43
71.86
71.29
71.0
71.1
74.71
80.26
87.64
90.87
88.66
92.37
92.97
89.19
88.53
86.36
86.45
81.83
81.4
70.93
27.45
26.35
25.63
24.88
24.38
24.19
24.72
24.98
63.39
67.94
73.18
84.04
86.04
85.67
89.44
91.44
89.02
88.81
87.49
86.35
80.55
78.34
76.6
62.82
24.76
24.48
24.71
24.25
26.5
26.93
25.43
24.81
62.77
69.5
73.69
81.85
83.75
86.06
85.93
88.11
88.33
91.56
90.48
84.51
82.32
79.44
78.62
63.05
26.05
23.86
23.57
24.3
23.42
24.78
61.34
67.92
67.2
68.77
75.11
81.08
82.92
85.94
87.04
86.91
89.76
84.44
82.93
78.86
78.64
76.52
74.08
60.76
25.08
24.36
25.56
27.06
28.32
27.38
29.04
25.08
58.8
62.15
68.22
73.36
75.19
75.11
75.44
78.16
80.14
79.45
76.19
70.49
70.56
70.07
70.72
60.42
27.52
26.14
26.45
25.63
26.21
25.52
25.75
25.76
25.61
46.88
56.47
56.03
56.94
56.2
55.41
54.59
54.17
54.11
46.95
21.26
25.79
25.44
25.47
25.62
25.59
25.57
26.02
25.43
25.75
25.7
25.58
25.19
25.44
46.84
56.45
56.44
56.04
56.38
55.68
55.68
55.78
56.78
49.14
21.15
25.79
24.83
24.85
24.84
24.95
24.65
24.83
25.14
24.69
58.2
63.09
63.22
63.47
62.54
67.92
73.17
78.1
80.44
83.04
85.2
86.3
88.02
86.85
82.84
81.12
76.94
75.54
62.49
25.81
23.72
25.08
24.11
24.01
24.03
24.41
24.33
57.17
60.38
68.98
80.85
86.04
83.98
88.73
87.48
82.95
81.2
78.77
74.05
73.33
70.78
70.57
58.57
26.9
27.43
29.54
28.7
27.83
25.46
25.51
24.9
54.8
60.2
62.51
73.02
76.69
75.35
75.83
76.5
79.68
74.86
74.7
73.37
69.95
65.51
64.88
56.94
26.93
25.69
25.43
26.48
25.8
26.88
49.46
53.07
53.48
52.8
61.03
74.1
78.76
80.99
81.09
85.04
84.77
85.57
85.12
76.86
75.9
70.94
70.06
58.99
28.52
28.2
26.61
27.02
27.55
26.66
26.45
25.25
49.45
53.24
58.51
67.86
73.39
76.8
74.97
75.47
77.03
76.92
77.5
74.5
70.65
68.38
69.38
58.59
25.58
25.55
25.84
24.71
25.0
24.78
25.35
24.12
24.28
41.4
49.17
53.03
53.42
54.08
55.26
58.28
58.03
59.02
49.03
23.07
25.56
24.06
24.67
23.74
23.87
24.14
23.66
24.33
23.74
24.06
23.95
23.79
24.1
42.99
52.9
55.03
57.3
56.75
58.38
59.09
58.2
59.88
52.08
21.46
25.26
25.03
24.89
24.18
23.47
23.64
23.8
23.86
23.71
55.41
59.14
59.73
59.32
60.34
67.32
75.98
82.61
83.83
90.22
91.68
89.2
89.96
87.18
85.43
81.2
77.83
77.3
63.11
25.45
24.96
24.97
24.79
24.85
24.51
25.45
24.81
53.49
57.29
62.47
76.25
77.96
86.49
81.94
85.37
84.5
88.79
82.93
80.56
74.77
72.97
70.18
59.49
26.08
25.56
25.38
26.94
26.45
25.32
25.35
44.4
52.93
51.1
50.98
52.95
54.47
56.07
56.86
57.6
56.59
56.43
57.82
49.97
27.08
26.24
25.12
25.18
25.11
24.89
27.37
26.68
24.71
25.07
47.91
51.71
52.98
52.14
60.43
72.34
76.77
79.3
83.76
82.08
83.57
84.85
84.66
82.95
80.67
75.47
72.86
61.87
26.74
25.87
25.56
25.25
25.31
25.46
26.4
25.93
50.97
55.99
63.67
75.35
78.46
79.95
74.14
73.63
75.17
77.86
82.88
80.58
75.29
73.26
74.12
62.51
26.06
24.76
24.16
24.31
24.53
24.33
25.19
24.39
24.64
45.52
54.97
55.09
58.5
57.98
58.1
58.5
56.67
57.61
49.08
22.28
25.03
25.12
24.91
25.19
24.72
24.77
25.22
25.22
24.76
25.37
24.63
24.84
24.9
46.78
52.45
52.63
54.5
56.35
57.74
58.69
60.41
61.99
51.52
25.38
26.08
25.69
24.61
24.44
24.58
24.24
24.43
24.17
24.51
53.77
57.3
56.84
57.27
57.96
62.49
69.16
74.32
72.56
71.82
75.07
78.49
77.65
78.32
75.34
72.97
70.08
67.71
56.35
25.5
25.03
25.14
25.24
25.05
25.14
25.93
25.23
46.18
47.74
56.83
68.07
74.83
75.59
79.3
79.63
77.79
79.24
76.19
73.02
71.18
65.8
64.93
54.07
26.07
25.88
25.73
25.15
25.69
26.08
25.87
25.74
45.71
51.1
67.15
81.55
88.7
90.17
90.01
91.36
99.02
96.16
93.64
90.32
86.97
83.0
80.19
65.97
26.21
25.02
25.49
25.2
24.67
25.06
52.28
60.1
57.86
57.1
67.43
77.59
84.76
90.49
94.39
96.46
98.86
99.69
97.16
93.59
90.81
86.54
85.75
70.38
26.0
25.26
25.16
27.23
25.4
25.94
25.97
26.55
54.51
62.37
69.4
84.05
91.52
93.6
92.77
96.84
96.96
94.23
93.1
92.04
87.16
86.28
86.07
70.46
27.4
25.56
25.35
27.55
25.93
25.44
26.03
24.5
24.13
47.03
58.6
63.41
67.52
68.64
69.2
70.54
70.48
70.86
58.1
21.86
24.8
24.99
25.07
25.0
24.95
24.97
24.49
24.52
24.71
24.47
24.58
24.48
24.91
49.49
62.84
65.52
68.8
69.89
70.9
72.55
71.74
72.03
59.54
22.2
24.87
24.76
25.1
24.97
24.7
24.53
24.52
24.44
24.14
60.73
68.72
67.45
42.88
73.29
83.73
92.72
98.03
100.59
101.86
102.39
103.17
100.06
100.75
101.19
96.65
94.18
91.44
75.14
26.88
24.96
25.44
24.69
26.29
25.49
25.6
25.3
70.36
80.05
86.76
95.05
98.93
102.02
103.69
98.85
101.03
99.7
101.64
95.38
93.67
91.58
91.28
74.92
27.08
26.59
25.42
25.85
25.36
25.57
24.84
24.51
68.68
82.42
88.86
93.8
97.05
99.33
101.84
99.59
97.88
96.06
91.82
89.11
90.23
88.99
89.11
72.52
25.71
23.95
25.04
24.25
24.08
24.04
24.11
55.96
75.58
75.76
72.82
74.02
74.73
76.12
76.52
76.56
78.04
78.66
79.06
65.61
24.85
25.1
25.0
24.81
25.11
24.28
24.65
24.74
24.5
24.23
24.65
49.46
68.54
68.32
67.31
70.19
74.53
75.32
76.55
76.37
76.86
78.22
77.8
64.85
24.72
25.14
24.27
24.38
24.35
24.29
24.11
24.6
24.12
24.16
24.42
24.16
24.08
43.75
56.71
64.18
67.93
73.06
74.96
75.84
76.48
76.78
63.06
22.64
25.07
25.06
24.14
24.66
24.09
24.19
23.93
24.48
23.86
24.0
24.57
24.13
24.05
42.63
52.84
60.11
65.03
67.47
71.72
75.38
76.42
77.26
64.35
25.28
26.46
25.8
25.13
24.46
24.72
24.84
24.81
24.49
24.21
48.75
55.63
57.36
57.37
59.76
64.35
79.63
93.08
96.13
101.03
101.31
99.22
102.7
99.94
98.53
97.67
91.49
89.68
70.93
25.07
24.49
25.03
24.9
26.13
25.4
25.43
27.42
47.24
54.47
64.19
83.53
99.55
101.0
100.02
102.96
101.54
105.02
101.64
98.16
93.92
90.51
89.37
72.65
25.75
25.18
24.74
24.95
24.77
25.55
25.34
24.89
48.2
53.83
63.94
82.63
97.27
101.71
101.92
106.38
106.56
104.9
102.78
100.12
96.69
92.21
90.78
73.27
26.4
24.58
24.91
24.65
24.8
24.66
57.14
68.05
68.82
68.62
67.25
83.97
95.94
94.61
91.25
93.28
92.23
89.74
89.54
84.72
82.1
79.77
79.74
64.98
26.21
24.95
24.63
24.67
24.66
24.6
25.94
24.12
55.92
65.97
79.19
89.42
90.9
87.89
85.53
89.68
94.39
88.89
86.32
84.26
78.54
76.61
76.35
61.93
25.52
25.4
24.16
24.69
25.64
24.52
24.83
24.63
24.53
49.34
61.74
67.58
69.57
69.64
70.36
71.51
71.05
71.44
57.03
23.04
25.85
26.68
25.01
25.44
25.03
24.81
24.9
24.62
24.53
24.29
24.26
24.36
24.31
50.09
64.89
68.11
68.24
68.64
69.59
70.02
69.78
70.06
57.49
22.24
24.75
24.33
24.73
24.31
24.7
24.25
24.59
24.46
24.33
62.25
72.78
73.54
72.63
74.43
80.01
85.73
86.48
84.2
86.97
87.26
84.46
83.49
84.37
83.38
81.61
81.06
81.57
65.11
26.29
25.15
25.23
24.73
25.27
26.17
25.44
24.62
62.16
75.36
77.14
83.68
87.06
89.23
88.06
89.84
88.46
86.2
85.04
83.42
80.37
78.09
77.22
62.87
25.45
25.13
24.6
24.73
25.61
26.31
25.72
25.36
61.68
74.16
80.91
88.79
89.41
91.69
88.4
85.7
86.67
87.1
85.59
85.76
81.69
81.05
79.68
66.15
27.62
25.71
25.7
25.67
25.77
25.9
65.32
74.34
75.13
77.66
80.1
85.89
85.54
84.86
86.67
86.53
87.17
85.99
83.63
82.61
80.81
78.94
77.69
62.36
24.83
24.53
24.81
24.49
24.58
25.29
24.39
24.17
63.36
73.96
76.03
85.86
87.8
88.46
88.1
85.43
85.27
85.01
84.89
81.68
76.2
74.03
75.51
59.5
24.91
24.84
24.16
24.27
24.29
25.17
24.99
24.03
24.07
51.63
66.2
66.12
65.78
64.53
66.93
66.09
66.73
69.72
55.98
21.56
23.68
23.97
24.2
24.03
24.29
23.95
23.72
23.78
24.0
24.24
23.89
24.17
24.64
42.42
51.8
55.73
59.08
65.19
69.63
69.75
70.79
72.44
58.33
23.32
24.54
24.4
24.68
24.84
24.95
25.39
24.42
25.02
25.09
48.07
58.28
60.03
61.8
61.35
67.44
75.76
88.01
87.83
89.33
89.09
86.99
86.76
88.06
77.91
75.85
75.45
77.15
61.59
25.92
24.66
24.87
25.32
26.84
26.29
26.07
25.57
44.85
50.6
52.86
60.53
69.66
73.0
76.03
83.12
86.1
86.63
86.56
83.75
79.05
73.29
72.7
58.22
26.34
26.17
24.92
25.1
25.56
25.41
25.55
24.87
41.95
45.81
51.54
66.22
72.88
75.34
76.12
82.04
84.63
82.73
81.69
84.34
77.92
73.24
72.52
57.63
27.29
26.72
26.32
26.08
25.91
26.5
45.03
47.49
47.47
47.54
50.4
59.39
68.56
77.21
80.64
84.0
87.8
87.35
86.2
82.54
79.09
76.49
75.75
60.82
26.58
26.09
26.5
26.36
27.58
25.83
26.9
25.71
42.61
46.92
50.57
70.48
83.06
88.2
81.94
81.21
81.19
81.88
81.56
78.75
78.42
75.32
75.68
61.35
25.99
26.28
25.87
25.95
26.44
26.07
25.87
25.89
26.32
44.8
56.34
58.47
64.46
68.18
69.03
69.26
69.32
68.92
57.21
24.09
26.52
25.92
26.11
25.98
25.47
25.89
26.61
26.4
26.23
26.77
26.45
26.43
25.91
47.49
60.16
65.07
72.27
78.96
80.58
82.63
82.01
82.07
65.51
23.79
26.07
25.52
25.66
25.52
25.66
25.73
25.62
25.92
25.91
57.37
67.0
67.02
68.04
68.89
71.52
80.54
91.31
94.3
92.81
93.85
95.81
93.73
91.01
89.28
89.14
88.19
90.64
72.61
26.15
26.47
26.8
26.96
27.9
26.04
26.37
24.89
55.13
67.17
71.04
81.08
89.55
90.28
93.43
94.42
96.15
97.8
96.05
94.37
89.06
87.97
87.63
69.86
25.44
25.83
25.9
26.17
25.5
25.39
25.83
24.98
61.95
77.53
81.89
87.91
90.18
93.62
92.03
91.35
90.37
88.63
86.03
89.67
90.86
88.18
87.6
70.25
26.06
25.29
24.61
24.79
24.75
24.84
25.0
58.17
80.06
82.11
78.75
79.9
80.2
80.25
81.0
80.66
81.1
80.56
80.97
66.84
25.25
24.65
25.36
24.83
24.9
25.25
24.53
24.24
24.56
24.85
24.64
54.86
72.84
77.79
75.59
76.68
77.42
78.26
78.45
79.37
79.24
79.88
79.96
64.42
25.73
25.66
25.24
25.66
25.47
25.54
25.28
25.28
25.28
25.21
25.29
25.15
25.35
41.5
45.8
48.96
56.3
61.28
66.08
68.11
69.38
73.24
61.89
22.75
26.05
26.84
26.08
25.47
25.92
25.59
25.69
25.66
25.64
25.82
25.73
25.81
25.87
40.04
42.82
45.66
53.01
57.0
62.39
64.73
70.08
76.65
63.04
22.64
27.29
27.07
26.69
25.66
25.32
25.61
25.83
25.93
25.21
44.16
49.2
50.63
50.65
52.97
52.97
58.83
71.4
75.38
79.92
84.12
86.03
86.39
86.9
85.94
85.29
85.71
87.66
70.37
25.7
26.41
26.19
25.86
26.38
28.32
26.14
27.01
44.09
54.75
57.14
60.02
69.29
73.92
77.2
79.03
82.49
82.43
84.15
82.55
83.85
85.28
86.19
74.4
25.82
25.98
26.34
25.8
26.21
27.23
26.54
26.32
41.96
49.55
49.64
54.21
63.94
70.74
75.94
78.81
79.77
83.23
84.77
84.9
86.15
85.2
86.53
74.15
26.27
25.42
25.66
25.72
26.17
25.7
44.17
48.87
49.39
50.97
50.37
58.84
66.71
71.26
77.04
77.41
82.79
84.26
83.63
85.92
85.91
84.9
86.1
6.27
26.31
25.8
