4.0490002
1.54699999
3.626
2.564
5.737
12.3080001
11.1029997
11.283
11.8670001
12.468
10.27
9.434
8.4079997
7.908
6.5410002
1.68400002
2.0179999
3.311
4.076
4.362
3.4290001
2.943
3.46
4.1010001
3.1419999
3.102
1.55599999
5.3309997
7.8990002
10.7380004
12.4130001
10.8349996
12.1490001
13.631
10.1609998
8.8320002
8.0120003
7.0020001
5.6960001
3.171
2.9630001
2.04599998
1.39200002
1.59100002
2.48
2.9089999
2.399
1.91799999
2.595
2.859
2.853
3.273
3.6850001
5.3799999
9.987
11.1609998
10.6620002
10.1849999
11.9180002
10.21
8.6219997
8.5109999
8.1620002
4.8239999
2.108
2.241
3.5379999
3.7699999
3.7360001
2.6360001
2.5540001
2.1130001
2.815
2.814
3.886
7.8769999
10.2649999
13.3810001
11.6410002
13.4190002
15.2070003
13.204
10.5929999
10.2260003
9.9650001
3.422
3.8040001
2.38800002
4.957
2.85999991
3.5899999
4.3980001
4.671
2.393
4.1399999
4.2569999
4.7250002
5.6300001
4.911
5.7750001
9.5409999
12.5740003
10.6290002
10.1139998
9.7769999
13.3689999
8.2920001
7.2449999
8.1919999
8.1250002
4.825
3.7199999
2.5709999
4.1060001
4.5309999
4.46
4.3410001
4.5089998
3.101
3.6429999
3.6880001
4.809
4.605
5.16
4.7529998
5.484
5.3370002
5.4709999
5.7779999
2.79100001
2.75499997
4.0730001
2.00200001
3.5529999
2.269
3.043
3.0310001
2.333
3.181
3.226
2.6649999
1.94799997
2.912
3.7359999
3.833
2.62199987
2.912
3.7359999
3.55
3.1600001
2.818
3.5319999
2.4380001
2.24799992
1.91100002
4.227
2.928
3.795
4.4190002
4.1040001
2.7530001
1.64199996
1.38999999
2.32899999
3.731
5.0050001
4.6229999
3.815
4.7579999
2.68399999
3.921
11.3040004
14.4779997
13.395
13.6570001
13.5289998
14.6059999
9.9219999
11.3739996
10.6739998
7.7739999
6.0710001
6.0369999
4.7560001
5.1039999
4.74
5.253
4.579
5.661
4.592
5.608
5.2189998
3.8499999
5.6319999
5.2189998
5.3340001
5.6849999
7.7040002
11.4689998
14.927
13.4790001
12.7209997
11.4490004
16.052
10.4840002
8.789
9.2189998
9.5710001
6.4330001
3.081
3.8149999
4.5910001
4.4059999
4.0459999
4.519
3.29
3.822
3.657
7.8530001
12.4849997
11.69
11.145
12.3249998
13.283
12.4850002
9.231
8.1739998
8.0139999
7.637
3.893
2.25499999
2.523
2.736
2.44700001
2.674
2.51900001
2.593
2.799
2.895
2.9350001
3.5289999
3.74600011
7.619
13.0170001
11.9279999
11.546
13.072
13.1989999
9.7259999
9.8130002
8.4640003
4.523
3.468
4.418
3.8539999
3.464
3.915
4.3919999
3.6290001
4.2010001
3.895
4.0820001
4.8140002
3.367
3.8070001
6.6440001
12.4089999
11.045
11.4000001
10.5490003
12.1590004
12.2870002
8.4429998
9.1300001
9.9829998
6.1070001
3.03
2.861
3.851
4.5389998
3.429
4.0160001
4.616
3.9190001
4.5639999
3.7380001
4.06
4.806
3.847
4.616
4.8140002
4.5639999
4.513
4.3529999
5.0220001
4.1
4.576
3.7079999
3.124
4.288
2.856
3.035
3.241
4.252
3.705
3.8220001
4.526
3.472
4.9119999
4.0060001
4.608
3.422
3.11
3.486
4.2080001
3.8659999
4.4620001
3.855
2.494
2.241
3.2420001
2.98
3.001
3.449
3.5650001
3.8440001
3.9510001
3.077
3.466
2.961
2.222
2.76
4.28
4.5349998
3.498
2.551
2.6729999
1.99499998
2.601
3.671
5.2660001
4.6780002
5.7489998
12.3140001
13.9830003
12.1560002
11.5450001
12.7030001
9.8769998
7.757
8.3540001
8.319
5.028
4.207
3.524
4.0070001
4.3930001
3.8920001
2.6359999
2.7750001
3.00800012
3.093
3.9229999
3.819
5.5729999
4.7699999
8.6990001
13.0559998
11.8179998
12.0620003
10.3720002
12.6680002
7.8719998
7.308
8.1480002
8.2410001
3.9099998
3.2060001
3.265
2.8129999
3.042
3.132
2.955
2.895
2.50000002
3.341
6.6069998
12.1490002
12.073
11.6409998
11.3650003
11.657
10.8980002
9.2089997
8.2479999
8.118
5.121
2.11799999
1.61800008
2.36300002
2.02599999
3.097
2.206
3.1519999
2.256
3.4050001
2.374
3.6459999
3.006
2.0589999
2.784
2.67
2.571
8.5679998
10.52
11.1560001
11.8239999
12.178
13.23
10.0839996
8.3400001
7.822
6.411
3.8700001
2.371
2.79
1.81999999
2.674
1.19400001
2.4189999
1.74799997
2.775
2.125
2.3309999
2.22000008
4.585
11.5949998
10.7940001
10.302
13.0819998
12.671
11.5870004
8.4099998
8.0039997
8.6339999
3.381
1.88100009
3.042
4.079
3.7489999
3.0129998
3.542
4.161
3.895
3.0520001
2.4140001
2.37499998
4.161
3.895
3.0520001
2.995
2.91
3.166
3.81
2.1879999
2.533
3.4969999
3.8930001
3.2810001
3.006
3.196
4.3049999
4.5240002
3.6359999
2.993
3.9839999
4.266
3.4189999
2.6560001
2.704
3.698
4.118
3.975
4.0480001
3.896
3.895
3.622
3.965
3.5
3.065
2.539
2.2680001
2.278
2.628
3.152
3.5910001
3.9560001
3.9269999
3.357
2.6809999
1.894
1.53500003
1.71499997
2.582
1.98051546392
0.0210309278336
0.0210309278373
0.0210309278336
0.0210309278373
0.0210309278336
0.0210309278336
0.0210309278373
0.0210309278336
0.0210309278373
0.0210309278336
0.0210309278336
0.0210309278373
0.0210309278336
0.0210309278336
0.0210309278373
0.0210309278336
0.0210309278373
0.0210309278336
0.0210309278336
0.0210309278373
0.0210309278336
0.0210309278373
0.0210309278336
3.01
3.475
3.895
4.3425
6.1775
7.2225
8.61
10.7825
11.49
11.425
10.655
10.6725
9.335
7.8025
7.0975
6.3275
4.9325
3.4675
3.0425
3.29
3.2825
3.2725
3.0925
3.09
1.07051536392
1.18951546392
2.9210001
3.72
3.831
2.17199998
2.561
3.53
2.9129999
1.84199999
2.22400001
3.262
2.144
3.241
4.21
3.8629999
3.149
3.001
4.23
4.1939999
2.625
2.649
3.231
2.6190001
2.984
4.1299999
3.8
2.728
2.898
4.586
4.503
3.66
4.1679999
4.1409999
2.73
3.0929999
4.0579999
3.138
1.79599989
2.181
3.3979998
3.2680001
3.519
4.75
2.896
3.402
4.7620001
3.295
3.8100001
3.402
4.7620001
4.273
4.1990001
3.7229999
3.303
5.0550001
4.1400002
2.939
3.734
2.8770001
1.48799997
2.2720001
3.174
3.017
2.00700007
1.708
1.88299996
2.141
2.686
3.16
3.371
3.057
3.663
3.057
3.508
3.6280001
3.4809999
4.153
2.175
2.37299997
3.6730001
3.106
2.5239999
3.727
4.5999999
4.013
2.816
3.141
3.7400001
3.793
3.87
2.18600001
2.747
4.1790001
3.535
3.567
3.8689999
4.1790001
4.2550001
4.7379999
4.1839999
3.383
3.8439999
3.637
2.871
2.898
3.599
3.34
3.593
4.0929999
3.816
4.8870001
3.995
4.4709999
3.8940001
4.2610001
4.079
4.5440002
3.937
4.7620001
4.8270002
4.7279999
5.0850001
4.7280002
5.4070001
4.403
4.7059998
6.168
6.1310001
4.3359999
2.6289999
2.34200011
4.8160002
3.2119999
5.6839998
3.641
4.7119999
4.0810001
4.5980001
5.0799999
4.5140001
4.569
4.0110001
4.228
4.0069998
4.1389999
5.517
5.089
5.096
5.1169999
4.1919999
4.9560001
5.1180001
4.5980001
3.039
3.456
4.6339998
4.3080001
3.717
3.796
3.559
4.152
3.886
4.4619999
4.0170001
4.3559999
3.818
5.0599999
4.1709999
4.7509999
4.7620001
5.487
4.6749998
3.9139999
4.5449998
3.17
4.228
4.5020001
3.462
2.991
3.862
4.0590001
2.971
2.722
3.7330001
4.059
3.219
2.564
3.3899999
3.9359999
3.011
2.282
1.659
2.799
3.615
3.533
2.461
2.651
3.8029999
3.419
1.69399999
0.92200002
2.19200008
3.931
3.3890001
1.93900001
0.97799999
1.52799999
2.728
3.449
3.112
2.11100002
1.34000003
1.26899999
1.95300003
2.8650001
3.9979999
2.11100002
2.3350001
3.391
3.897
3.33
3.2580001
3.8499999
5.257
4.4639999
2.733
2.435
3.2840001
3.392
2.5
2.171
2.968
2.991
2.17300001
2.79
4.4199998
3.856
3.111
3.954
3.684
3.523
4.4689999
4.124
2.97
3.3180001
4.073
3.364
2.18
2.724
2.4990001
2.938
2.556
1.91100001
2.718
3.1689999
2.00799991
1.75999997
2.899
2.918
2.07700002
2.25200001
3.509
3.6419999
3.2659999
4.4129999
3.178
2.922
3.716
4.105
3.518
2.96
4.3410001
4.6310001
3.754
2.943
3.86
3.174
2.12799997
2.23
3.0030001
2.6000001
1.52100002
1.83899997
2.876
2.409
1.407
1.89400003
3.4400001
4.4460001
4.4299998
5.043
3.9309999
3.425
7.4360001
9.953
8.8790002
7.7049997
9.4459997
10.4099999
8.6010001
6.3020001
8.1039999
8.7230001
5.5039999
3.258
2.7720001
3.12
2.814
2.5760001
3.418
3.9070001
2.192
4.2580002
3.425
7.0319998
11.0250001
12.2389999
11.3129997
12.2920003
12.2359996
10.7579999
10.3260002
10.0949998
7.95
4.51
3.158
3.9569999
3.174
1.389
2.02900002
3.192
3.913
3.01
1.99599997
1.82899999
2.879
2.6950001
2.713
8.8049998
12.1149998
11.6189999
12.7179999
12.7859998
13.0830002
9.9549999
8.036
8.683
6.9719999
5.741
5.8540001
6.9579999
7.8530002
4.1189999
3.354
1.86400002
1.42199999
0.98300001
1.20800001
1.8430001
3.461
2.2049999
2.6029999
3.193
10.362
10.145
10.7059999
10.9829998
12.7719999
11.809
8.7010002
8.391
8.763
8.0839999
3.969
3.074
3.325
3.936
3.496
2.865
1.92100002
2.36699999
2.4780001
2.987
3.14200003
3.616
7.458
12.1070004
10.7929997
11.1389999
11.0479998
11.447
11.3249998
9.1990004
8.5640001
10.0030003
6.5380001
3.7529999
3.69
2.05400001
2.436
2.504
3.222
3.443
2.681
2.292
2.73
1.9820001
3.229
3.443
2.681
2.36
2.978
2.5430001
3.8799999
3.5439999
2.664
2.854
3.6850001
2.61
2.47800002
1.85
2.699
4.3449998
4.5550001
4.2449999
2.067
3.362
4.5710001
3.322
3.456
4.06
4.2430001
3.7590001
4.0869999
3.632
4.5539999
4.5439999
2.35899998
2.467
2.8940001
3.038
2.898
4.0899999
4.3769999
4.5239999
4.1440001
4.909
5.581
4.7710001
3.581
3.364
4.015
3.9509999
4.599
5.4230001
4.6210001
4.009
4.4819998
6.537
10.361
9.579
10.1750002
11.9489999
12.7779999
9.8519998
9.3839998
9.3190003
7.1010001
4.291
2.7200001
1.64600003
3.773
3.077
2.3380001
3.406
3.587
2.544
2.3610001
2.918
4.954
4.0380001
4.331
2.56
5.911
10.7090002
10.4819998
11.6269999
11.6210003
13.7480002
12.7750001
10.7990003
9.5329999
7.4840002
6.625
4.0319999
3.916
2.909
4.2249999
2.888
3.521
3.5869999
4.435
4.4049998
2.72699998
3.5869999
4.435
4.4049998
4.838
8.4950001
13.3710003
11.5360002
11.2869997
12.1950002
13.1690002
9.8669997
9.7469997
8.3409996
8.7730002
4.189
3.6779999
5.756
4.9219999
4.8730001
2.60499998
2.38799998
2.8880001
3.2210001
3.2309999
2.85800008
3.371
3.161
7.1410003
7.3189998
12.0649996
11.224
12.8449998
13.072
14.171
12.2549997
9.546
8.8150001
7.148
3.806
3.732
3.9909999
4.3279998
4.244
2.668
4.117
3.066
3.6419999
3.801
4.079
3.0940001
5.293
6.786
10.152
12.9549999
13.8739996
15.2060003
14.8579998
13.3569999
9.3680001
9.8400001
10.178
8.6790001
4.428
5.921
4.6030002
4.5280001
5.8940001
5.5380001
4.7640002
4.2390001
3.87
4.2659999
5.2590001
5.819
5.671
5.0579999
4.0130001
3.4640001
5.4210001
5.3460002
3.539
4.2119999
4.5120001
2.4989999
3.434
4.5780001
5.47
3.9639999
3.722
4.8959999
5.9289999
6.0190001
4.3689999
5.602
4.4980001
6.4660001
5.6470001
5.4589999
5.1280001
5.027
3.76
4.295
4.724
5.2420001
3.358
2.894
4.5670002
2.887
5.6109999
5.9849999
5.2200001
4.7219999
5.092
6.092
7.1400001
7.1289999
6.0370002
5.144
6.026
5.1889999
6.737
8.112
12.1539998
13.3449998
11.328
13.0810003
12.8209996
13.0830002
10.0830002
8.3270001
8.4489999
7.2870002
3.3450002
4.2650001
5.5289998
4.5479999
4.0200001
3.92
3.855
3.78
3.7630001
3.4160001
3.556
3.684
3.855
4.0430001
3.767
4.248
5.2290001
7.8739998
12.5079999
15.4269995
12.2209997
15.2820001
13.415
10.4050002
10.4429998
9.5089999
7.5290001
5.5120001
3.385
3.558
4.9689998
2.661
3.795
4.05
3.729
3.148
4.3120001
3.777
3.485
3.751
4.7260001
8.9300003
12.848
11.5300002
11.7420001
11.901
12.974
11.948
10.8659997
11.0120001
8.6299999
6.4809999
4.0530001
4.638
5.7749999
5.2769999
2.6299999
4.6260002
3.9750001
4.7449999
5.2610002
5.5219998
4.4119999
4.4229999
7.194
14.4279999
11.6589999
12.0419998
11.4270001
12.698
11.3369999
11.0859999
9.4689998
7.4259998
6.6210001
3.3220001
4.6070001
5.3139999
5.3130002
4.8990002
4.7669999
3.8360001
3.4310001
4.7210001
3.675
4.6530001
9.3849997
13.8369999
13.96
13.9000001
12.7800002
13.3179999
12.3660002
11.5830002
11.8389997
10.7270002
6.2459998
4.6419999
6.7809999
5.6370001
4.4489999
3.305
2.895
3.738
4.661
3.8490001
3.115
4.062
4.02
3.242
4.586
4.862
5.3170002
4.408
4.3580001
4.2579999
3.0219999
2.875
4.1580001
3.8450001
3.2230001
3.5490001
4.5090001
3.8359999
4.7940002
5.7949998
4.4599999
5.2939999
5.4779999
5.1660001
5.5449998
4.4990001
5.4779999
5.1660001
5.5449998
4.909
3.678
3.9840001
4.573
3.7159999
2.861
3.416
4.332
4.211
3.347
2.823
4.0520001
5.6000001
6.0120001
3.535
2.877
3.0989999
3.716
4.3559999
4.9029998
3.503
3.716
4.3559999
4.9029998
5.0179999
8.5099998
10.0240002
12.7039999
11.829
11.7290001
12.3940001
12.8829999
9.9489999
9.3899999
8.0479999
5.914
3.959
2.834
1.9109999
1.49599999
1.65100002
2.639
3.3179999
1.69099997
3.007
1.65000001
3.41
2.2639999
3.349
2.755
7.5110001
11.8699999
10.402
11.7390003
11.8099999
12.315
11.81
10.0290003
10.605
9.1310001
7.112
4.0140001
3.6989998
5.5659999
3.965
3.668
1.86499991
3.4509999
4.0449998
5.0919999
10.1739998
11.527
11.2449999
11.7379999
11.8239999
12.7860002
9.7460003
9.7779999
9.5709996
8.539
4.7390001
4.2159999
5.2719998
6.195
3.377
3.976
2.584
4.217
3.86
5.7330001
4.4499999
4.614
3.9829999
5.1180001
6.198
8.4960003
11.9430003
11.9850001
11.8769999
14.3870001
12.6939997
15.3079996
11.7590003
11.743
9.3360002
6.4579999
3.8910001
2.751
4.158
3.338
1.50999999
2.0980001
3.139
3.619
4.1909999
4.253
3.554
3.139
4.2240001
6.9619999
13.8299999
13.3320002
13.9099999
12.5619998
13.0229998
11.171
9.598
8.729
8.3889999
6.7699999
3.973
3.494
4.806
3.6350001
3.883
4.3400002
3.6630001
4.329
3.936
4.1390001
4.9360001
4.4620001
4.191
4.0140001
5.2639999
3.503
4.5620001
3.331
3.168
3.2059999
2.985
3.3849999
3.309
3.198
3.6030001
3.653
4.9759998
4.8799999
5.717
4.642
4.4579999
4.99
4.8730002
4.6669999
4.7850001
5.099
5.233
5.138
4.7559999
5.442
5.54
3.8220001
3.669
3.726
2.671
3.386
3.9150001
2.302
3.974
3.3850001
3.8620001
3.952
4.1489999
4.779
4.5930002
4.3840001
4.5410001
5.1070001
5.1099999
4.8870001
5.0750001
6.5999999
11.197
14.2269998
13.0620003
13.362
13.8260002
13.0190001
12.3389997
10.6700001
10.5710001
7.5969999
5.7980001
4.5750001
4.171
4.5020001
4.806
4.3479999
4.648
4.5299999
4.7290001
4.7709999
5.5010002
4.915
5.292
5.224
7.2830002
11.2240004
13.6029997
14.5210004
12.0710001
13.1040001
13.5289998
11.0650001
10.7199998
9.3269997
8.3209998
4.6700001
4.3340001
5.6330001
3.7849999
5.429
4.1640001
3.3739999
4.6600001
6.3499999
5.1860001
5.5740002
4.202
3.6329998
6.0420001
11.0169998
14.2729998
14.3109999
13.0809999
12.112
13.5700002
10.8109999
9.9049998
10.493
8.052
4.8509998
3.315
4.839
4.0269999
4.878
4.264
4.9919998
4.6620001
4.315
4.0489999
4.3089999
6.3489998
14.3489999
12.9709997
13.6430001
12.665
12.8539996
12.8839999
11.0489997
10.3070002
8.1670001
3.636
2.369
3.001
1.97399997
1.82800003
3.329
2.289
3.545
2.90399989
3.845
2.965
3.215
4.184
3.546
3.898
7.1009998
15.092
11.7090001
13.2210002
12.9660001
15.2659998
12.2179999
11.2810001
10.3829999
7.353
5.958
3.3589999
4.464
3.726
4.4949999
3.758
4.3730001
4.073
4.567
4.271
4.15
7.0669999
8.9129996
8.954
8.7399998
8.5399999
9.0440002
8.4990001
8.4189999
8.1800003
7.819
7.5579998
7.8440001
7.3999999
7.1260002
8.1730001
7.5180001
7.5080001
8.0509998
7.5580001
7.9630001
8.2600002
8.0080002
9.0110002
8.1349998
8.1399998
8.869
9.3069997
8.3740001
9.4490003
8.803
9.0559997
8.8410003
8.7049999
10.2999997
8.7379999
7.0550001
6.8310001
6.3529999
7.1519999
7.3869998
6.9839999
7.6160002
8.2480002
7.48
7.671
8.2470002
7.72
9.0929999
8.432
9.2340002
10.9869999
7.02
7.7325
8.6375
10.825
23.254
23.384
20.0709996
16.7179995
14.25
11.8979998
7.7399998
5.3129999
6.2049999
7.7479999
6.6099999
7.665
7.5289998
7.4219999
7.6170001
7.4950001
7.41
7.157
7.4019999
11.3389998
19.5390002
24.372
22.56
22.884
23.366
14.0825
20.873
19.1689997
15.671
12.0440002
8.713
4.947
5.5219998
5.1130002
4.8099999
5.3499999
6.2130001
5.2419998
5.474
6.0020001
6.7390001
6.0
9.924
18.1020002
24.678
21.504
21.788
24.398
24.631
20.898
18.0489998
16.8529997
13.4689999
5.9779999
4.6689999
5.697
4.8530002
4.6570001
5.757
5.5629999
5.207
4.9880002
6.5670002
5.9990001
6.3480001
6.911
6.5509999
9.9030001
20.6319996
9.385
10.53
11.795
13.65
14.385
19.9979997
20.1260004
17.5299997
13.1349998
9.8039999
7.6659999
7.6629999
8.1509998
7.852
7.395
7.243
7.549
7.855
7.5270001
8.1259997
5.98
11.56
21.024
7.4225
9.1325
10.0925
23.86
13.5975
21.82
20.8
19.4509995
13.605
5.658
4.5540001
4.243
4.271
3.9479999
3.741
4.016
4.302
3.894
3.819
4.6649999
4.102
3.666
4.1270001
3.918
4.8269999
3.895
4.016
4.497
4.0960001
4.771
5.2389998
4.3530001
2.9599999
3.544
3.739
3.252
3.78
4.256
3.699
3.917
4.3729999
4.562
3.598
4.402
4.8109998
4.3890001
4.694
4.309
4.1730001
4.444
4.2079999
4.103
4.517
4.2250001
4.5469999
4.0640001
3.927
3.514
3.5390001
3.839
4.048
3.487
4.128
4.3299999
4.0309999
4.1930001
4.7020002
4.4849999
4.9859998
5.9700001
4.885
5.1670001
5.263
5.4300001
4.9060001
12.0029997
12.7119999
9.5160003
7.0029998
4.5
3.9230001
4.7709999
4.7290001
3.8679999
3.6130001
4.484
4.746
4.1819999
5.2130001
4.359
5.135
5.0379999
4.6259999
5.3640001
6.0970002
6.1549999
6.3729999
10.691
8.7360001
5.9630001
6.1629998
6.006
4.523
3.591
4.855
4.9259999
4.4790001
5.0139999
5.5020001
5.0780001
5.105
5.438
5.1099999
5.0830002
5.0109999
5.602
5.069
5.2519999
4.9990001
5.5460001
5.1370001
5.3139999
6.9059999
5.642
4.4149999
5.2120001
4.4290002
4.097
3.556
3.276
3.9530001
4.0080001
3.5569999
3.8720001
4.2260001
4.3219998
4.3370001
4.0639999
4.2899999
4.46
4.4589999
5.0660002
5.236
4.5290001
5.8069999
4.773
5.2709999
4.898
3.8740001
3.74
3.642
3.328
3.7170001
3.857
4.0529999
3.8660001
4.7679999
4.7049999
5.1749999
4.9630001
5.3569999
5.6560001
5.513
5.4329998
5.5650001
5.632
4.509
5.375
4.927
5.9169998
4.6540001
4.352
4.2750001
3.8390002
2.959
3.9419999
3.588
3.7399999
4.134
4.2410001
4.3710001
5.003
5.4070001
5.493
5.033
5.0869999
5.342
6.076
5.593
5.454
4.6520002
5.175
5.4199998
4.9300001
5.3309998
4.0190001
3.8300001
3.921
3.585
3.051
4.1470001
3.863
3.8709999
4.53
4.5249999
5.0659999
5.02
5.181
5.5090001
5.7369999
5.342
5.4259999
5.9480002
5.375
5.4759998
6.366
5.7319998
5.8799998
5.7
4.539
4.543
4.8599999
4.3309998
4.6789999
4.71
4.297
3.954
3.9289999
4.347
3.89
3.869
3.9519999
4.3230002
4.6459999
5.0299999
5.2119999
5.3640001
7.1759999
5.5779998
12.4380002
6.7075
7.135
8.0625
10.5625
14.04
16.7275
23.213
21.141
18.3170004
14.888
9.9780002
8.8379998
8.9040003
8.591
8.7139997
8.7880001
8.796
8.8249998
9.6100001
9.8779998
9.737
8.819
14.3789997
21.73
7.7
24.176
10.6725
23.287
15.0825
18.5440006
17.8430004
14.7860003
14.5099998
10.0900001
7.4019999
6.5500002
6.7650001
6.6749999
7.049
7.059
6.9360001
6.6890002
6.9220002
7.3079999
7.3889999
6.23
7.2789998
7.7279999
7.8810003
14.0699997
8.85
24.677
23.575
24.592
23.346
20.8269997
18.8599997
16.5810003
14.9479999
9.9920001
5.641
4.4619999
4.5110001
4.4729998
5.4620002
4.9139998
5.6690001
5.1200001
5.2450001
6.8849997
11.6339999
21.8380004
7.21
22.895
24.662
23.74
23.766
20.1419996
18.0629997
16.8949999
12.4250002
7.5600002
7.118
7.3919999
7.4170001
7.448
8.0989999
7.8070001
8.1719999
8.9250002
8.7040002
9.8200001
8.7259998
8.0550001
9.3389997
8.7599998
13.7200002
9.905
23.118
22.873
24.63
23.878
21.3159995
17.1560002
16.2779999
16.7299995
14.1940002
8.217
7.9139998
7.234
7.2819998
6.7560001
7.362
7.267
7.2799999
7.0269999
6.7620001
7.5349999
6.832
7.154
7.1790001
6.563
7.536
6.2460001
6.063
5.6750002
5.1830001
4.6500001
4.7490001
5.0480001
4.841
5.4830001
5.7790001
5.707
5.4730001
5.5569999
5.6369998
6.0579999
6.73
6.5180001
6.233
8.0329998
8.1230001
8.03
7.4039998
8.7010002
9.8959999
24.435
23.976
20.417
22.803
21.9400002
22.205
17.5780001
17.3760005
16.25
12.7460003
8.3530001
7.227
7.2360001
7.052
8.1109998
7.177
7.4030001
7.6270001
7.757
8.0739999
7.9960003
8.1370003
7.7480002
14.1129994
24.091
23.165
21.92
21.596
23.559
19.959
18.1779995
17.158
15.559
11.112
7.7480001
7.0510001
7.7130001
7.276
7.02
7.9160001
7.4739999
7.6479998
8.7000003
17.4120007
8.5425
8.335
23.09
21.54
22.012
21.3290002
17.191
17.6220007
15.4299998
13.1630001
8.009
7.3899998
7.2279999
7.5520001
8.21
7.2909999
7.7249999
8.0160003
8.1940003
8.704
9.2090001
8.4299998
8.3470002
8.9110003
8.3340001
9.5040001
19.4700003
9.2175
11.5625
22.218
22.526
16.945
21.3350005
17.6789995
16.5280004
12.8610001
10.224
8.256
6.895
7.4580002
7.651
8.1570001
7.8250001
8.8000002
8.5429998
9.9280004
7.6540001
9.2860002
9.4590001
8.6279998
16.7200003
24.472
23.062
22.854
22.467
22.397
22.494
18.9490004
15.4240003
14.9860001
11.0469999
6.9259999
6.6570001
6.862
6.9089999
7.2129998
7.4490002
7.5139999
7.1130002
6.79
6.6199999
8.533
10.5539999
18.5279999
24.106
21.468
23.43
23.284
22.633
17.6070004
17.1560002
13.8770003
10.769
7.6540003
6.447
5.631
5.5049999
6.036
6.0749998
6.2900002
5.8800002
5.8679998
6.4530001
6.503
5.5949998
6.1560001
6.592
6.342
5.7550002
5.7160001
5.3080001
5.1590001
4.672
4.029
2.81
4.0880001
3.785
4.5039999
4.872
5.8600001
5.698
5.7379999
5.968
6.2849998
6.2359998
6.2710001
6.0749998
6.102
6.652
5.829
5.866
6.0850001
6.2940002
5.7999999
5.4429998
5.3219998
5.6920002
5.7130001
5.6359999
5.2969999
4.9119999
5.085
4.5150001
4.9399998
5.6790001
5.55
6.0840001
6.6569998
6.5480001
6.924
6.954
7.9809999
8.3039999
8.28
8.152
7.993
8.2
7.8230002
13.2610001
13.7225
23.368
21.296
22.457
23.445
23.41
19.1889996
16.7459998
15.6599999
12.1020002
9.1929998
6.8059999
6.7219999
6.8630001
6.7379999
7.2180002
7.2710002
7.0740001
7.7640002
8.697
8.282
8.8580003
9.033
14.6030001
24.389
23.058
21.879
22.139
21.8140003
21.9780001
20.267
18.7139997
14.9690003
9.7209997
6.072
5.2180002
5.42
5.7679999
5.4430001
5.783
6.2139999
6.191
6.1520002
7.2449999
6.4620002
7.4099999
6.8069999
14.6220002
21.842
24.267
22.907
24.73
24.045
23.892
19.1690006
17.0249997
16.8400002
12.223
8.4050003
7.8450001
8.3719998
6.5350001
6.8929999
6.7649999
6.448
7.3860002
7.1759999
6.8
7.7750001
8.065
7.4780001
13.3730002
23.741
21.667
18.5639992
22.395
22.528
20.2229999
18.6969996
16.3270002
13.3429999
11.7779998
8.017
6.3339999
6.2980001
6.8729999
6.4729998
6.3329999
6.8640001
6.5469999
6.6919999
7.8589997
9.112
8.1290002
8.1699999
13.0099998
24.418
23.222
21.203
22.212
24.087
23.482
17.7299995
17.2189999
17.3600006
11.9919997
6.5320001
6.3510001
6.889
6.983
6.128
6.7460001
7.2339999
7.0189998
6.1859999
7.267
6.5779998
6.3900001
7.52
6.9560001
6.7080002
8.8200002
8.8140001
6.434
6.0250001
5.7520001
5.45
5.6610001
6.2109999
5.8740001
6.2839999
6.8829999
6.615
6.424
7.652
6.467
7.6860001
7.135
7.0080001
6.625
6.9949999
6.4819999
7.3350001
6.325
6.5360001
7.0139999
5.787
5.7619999
5.894
5.385
5.1240001
6.024
6.0349998
5.5039999
6.0639998
6.7950001
6.128
6.0929999
6.5599999
5.9189999
6.5260001
7.2190001
7.7239999
6.8720002
7.3740001
7.953
7.059
9.593
24.964
23.656
21.652
18.165
24.475
23.826
18.7980003
18.0780001
16.8830004
10.9489999
7.8020001
6.5520001
6.3590002
6.687
6.941
6.7620001
6.7809999
6.9709999
6.8279998
7.957
8.059
7.881
7.741
14.6110005
24.937
22.373
23.536
23.559
22.372
20.7769999
19.2290001
15.5570002
13.6209998
11.1070003
6.4819999
6.1369999
6.3180001
6.4760001
6.8480001
6.7980001
7.197
7.7210002
7.2539999
8.7269998
8.5080002
8.6479998
8.8260002
10.8369999
14.8625
22.132
21.392
21.567
22.608
20.9669999
18.5120001
16.5760002
13.7730002
10.3869996
6.3330002
6.451
7.286
6.5369999
6.641
7.4350002
7.0920001
6.6830001
6.6359999
8.0129998
8.8269997
8.2389999
8.3970001
14.5969997
21.91
22.375
24.586
24.709
24.07
20.4080002
18.4460001
14.7479997
13.3080001
10.2410002
6.0260001
6.639
6.9600001
6.9200001
7.083
6.8989999
7.7999999
6.368
6.8140002
7.296
8.1600001
8.4899998
7.7360001
14.3540001
21.496
20.9910001
22.109
21.742
20.34
18.5089997
15.915
13.9880004
13.5650001
9.9580002
5.9819999
5.7479999
5.415
5.283
5.973
6.254
6.0069999
5.8069999
6.463
6.026
6.112
6.717
6.7020002
5.832
5.5569999
5.2309999
4.7389999
4.375
4.888
4.0919999
4.16
4.3820001
4.382
5.382
5.3560002
5.0280001
5.7930002
6.618
6.4059999
6.1370001
6.315
6.8729999
6.599
6.7909999
6.1620002
5.8229999
6.243
6.359
6.1299999
7.1590002
6.7360001
6.319
5.4819999
5.1490002
4.6930001
5.9030001
5.68
5.8589999
6.6029999
6.8369999
6.546
7.0610001
7.753
7.3330002
8.2139998
7.0490003
9.0339999
8.1879997
9.5629997
7.898
9.2160001
10.4559998
12.2275
22.697
22.098
22.461
24.865
21.9519995
18.9860001
15.0380001
15.0759997
10.4310003
5.9350002
5.2910002
5.214
4.98
5.5910001
5.208
5.6230002
9.8979998
7.18
21.284
21.252
21.142
22.936
18.5300007
15.8189997
14.4790001
11.7189999
9.578
5.7550002
6.079
5.7610002
6.4019999
6.7979998
6.6400001
6.1570001
7.1859998
8.141
8.108
7.75
7.7150002
8.3770003
10.2589999
7.713
8.161
7.898
7.8410001
7.7210002
10.9879999
22.49
21.941
22.243
21.247
20.9789997
19.0150004
16.3369999
15.507
10.8799996
6.9180002
5.7509999
5.309
6.2320001
5.0840001
5.8040001
6.0310001
5.756
6.6029999
6.6760001
5.7080002
6.8200002
7.326
5.8770001
9.0029998
21.4460004
20.099
19.8429997
22.124
22.2029998
17.92
17.0839996
14.0910001
12.592
7.2910001
4.4130001
4.7540002
5.224
5.6140001
6.171
6.066
6.9000001
5.7740002
8.3860002
7.1629999
7.7459998
8.2149997
10.2999999
17.8550005
21.1310005
19.6479998
19.4119997
18.5860004
21.766
17.1190004
16.1530004
13.0060001
10.0539999
5.8369999
3.9019999
4.372
4.6099999
4.9379999
4.513
5.3680001
4.6770001
4.6190002
5.0810001
4.6510001
5.1819999
4.766
4.6129999
4.576
5.2119999
4.597
4.8910001
4.468
4.8689999
4.408
4.6779999
4.3710001
5.1750002
3.856
4.6400001
4.931
4.3659999
5.3730001
4.934
4.9779999
5.169
5.1210001
2.477
5.0539999
4.4690001
5.4399998
4.9460001
5.043
6.2810002
6.595
5.747
5.2649999
5.7439999
5.1889999
4.9429998
4.688
4.588
4.2249999
4.4160001
4.6789999
5.352
5.286
4.856
5.191
2.7460001
5.2050002
6.3170002
6.322
6.7609999
7.0220001
6.566
8.8790002
23.0699996
21.0940001
19.0399999
19.7589998
22.362
11.45
11.905
10.6525
8.8075
6.405
4.7225
4.145
4.0475
4.16
4.2075
4.1875
3.3399999
4.6200001
5.1700001
5.427
6.2899999
6.1330002
6.3380001
10.2450001
22.492
19.7880005
20.728
21.145
22.498
19.5149999
14.8610001
12.592
11.4200001
9.0260001
5.859
4.9949999
5.7530001
5.8309998
5.4059999
5.5959999
6.3509998
5.8609998
9.405
22.692
20.5919996
15.1699996
18.9440002
20.894
17.7680006
16.3839998
12.1940003
10.4220004
7.0620001
5.1749999
4.8310001
5.3380001
5.013
5.0440002
4.7879999
5.483
5.2419999
5.1639998
5.223
5.457
4.584
5.5120001
5.3510001
6.1090002
5.6310001
5.5310002
6.1599999
19.9419999
21.36
20.7870002
21.354
23.129
21.3430003
17.4890003
15.731
13.559
8.7780001
4.108
4.681
4.4919998
3.9969998
5.5010002
4.5339999
4.7890001
4.96
3.8640001
5.227
5.1590002
5.772
4.7509999
5.0220001
4.7449999
5.3779998
4.1859999
4.632
4.53
3.7829999
3.721
3.3659999
3.535
3.2739999
3.155
3.496
4.0050001
4.381
4.1299999
4.3620001
4.8970001
4.603
4.829
5.418
5.2119999
5.2550001
4.9700001
4.977
5.4030001
4.551
4.576
4.803
3.9210001
4.131
3.8180001
2.769
3.299
3.423
3.6860002
3.8330001
3.7339999
4.1459999
4.1560001
4.609
4.28
5.247
4.5429998
5.1870001
4.8069999
5.0089998
4.879
4.6239998
5.2579999
4.2829999
3.996
2.952
5.0020001
3.17
3.341
3.217
3.196
3.501
3.9970001
3.975
4.2859999
4.5300001
4.836
5.428
5.6600001
4.2909999
6.2690001
5.9760001
6.355
6.694
5.8580001
7.2529998
6.2430001
6.2910001
4.9330001
3.591
3.489
2.757
2.37399991
2.3079999
2.3
2.3929999
2.569
2.6189999
2.906
3.381
3.665
4.4169998
5.0369999
4.636
5.017
5.006
4.6949999
5.6699998
4.645
5.8179999
5.5249999
5.1499998
5.5239999
4.8210001
4.08
3.202
3.0069999
2.9740001
3.056
2.927
2.976
2.952
3.279
3.6280002
4.2340001
4.928
4.342
4.4430001
4.592
5.2450002
5.214
5.3119998
5.7
5.536
5.4200001
4.6090002
2.985
3.0649999
2.9910001
2.755
3.102
2.5369999
2.3599999
2.4229999
2.669
2.566
3.6409999
3.516
3.747
4.2299999
4.664
5.5090001
4.8529999
4.8159999
5.1560001
5.191
5.977
4.8150001
5.5840001
4.148
3.2249999
2.898
2.681
2.7290001
2.5320001
2.3789999
2.4239999
2.77
2.402
3.026
3.226
3.437
4.3089999
4.405
4.2589999
4.688
5.0239999
4.859
5.329
4.974
5.352
4.4640002
5.618
4.589
4.2459999
3.6509999
3.6749999
2.8120001
2.5089999
2.877
2.6850001
2.397
2.4090001
2.5
2.864
3.473
4.0840001
3.7929999
3.848
4.282
4.7290001
3.7450001
4.6240001
3.929
4.7520001
4.21
5.1650002
4.3600001
4.1760001
3.79
3.065
2.856
2.7919999
2.855
3.0540001
3.391
3.38
3.714
4.8269999
4.1449999
5.543
4.674
5.763
5.0699999
5.131
5.747
5.5669999
5.9160002
5.6099999
5.977
5.2969999
4.9029999
3.4960001
3.7409999
3.4
2.765
3.5749999
3.1469999
2.708
2.934
2.831
3.9589999
3.2860001
3.6050001
4.4719998
4.253
4.0109999
4.4269998
4.4390002
4.595
4.7630001
4.433
4.9349999
4.6899998
4.914
6.536
6.198
6.125
6.0209999
6.45
6.3109999
6.6080001
2.9470001
2.4090001
2.502
2.423
2.605
3.561
3.8020002
4.3040001
4.4790001
4.6139999
4.2079999
4.8770001
5.037
4.9330001
5.2720001
4.5420001
5.5339999
6.5119998
6.4589999
6.2529998
5.037
5.108
5.1270001
5.7420001
5.691
5.2739999
3.171
2.621
2.9090001
3.3190001
3.7680001
4.1020001
4.8210001
4.262
4.568
4.994
4.839
4.892
4.6820002
5.165
4.6419999
5.4270001
5.671
4.5520001
4.1790001
3.4020001
4.759
6.171
3.511
2.4210001
2.5669999
2.4060001
2.526
2.927
3.642
3.6810001
3.8030001
4.6280001
4.0050001
4.4519999
4.5080001
5.2310002
4.3770001
5.3510001
4.359
5.2579999
5.5599999
4.95
3.7160001
3.7559999
4.15
4.1820002
2.774
2.747
3.386
2.685
2.491
3.5130001
3.765
3.122
3.6889998
4.303
3.842
4.3859999
4.2750001
4.3439999
4.7879998
4.5199999
6.859
6.8439998
6.7910001
6.4129999
5.875
5.5930002
6.263
3.9030001
2.951
3.25
2.7009999
3.291
3.683
3.6160001
4.013
4.3840001
4.7509999
4.4459998
4.9349999
4.4629998
5.7480002
4.964
5.7170001
5.5739999
5.931
4.997
4.7679999
4.152
4.3179998
3.064
2.8459999
2.572
2.908
2.8839999
2.8550001
3.167
3.606
3.798
4.0340001
4.1999999
4.4089999
5.3509998
4.953
5.843
4.9020001
5.8039999
5.318
6.1039998
10.2870002
20.8409997
19.8699997
19.5520001
19.7869996
19.9520004
18.5140002
15.3209996
13.935
13.4789996
7.247
5.8860002
4.3810001
4.2320001
4.8230002
5.1230001
6.566
5.4630001
6.1209998
4.797
5.2539999
5.7090001
5.6990002
5.8200002
13.2719999
22.723
18.5290003
19.4140005
20.0050002
20.447
17.4060002
14.658
13.894
12.1059999
6.6819999
5.546
4.3900001
4.396
4.7980001
6.0449998
5.9660001
5.2339999
5.549
5.3889999
6.1399998
5.5739999
6.9270001
6.7
13.5180001
21.124
18.8629999
18.7249994
19.0409997
20.9909996
17.4949999
15.5220003
14.388
11.5539999
6.7509999
3.9909999
3.7400002
3.832
4.3710001
5.774
4.4849999
3.4199998
5.8629999
4.971
5.76
5.5680001
6.5809999
6.796
10.8260002
18.25
17.705
17.0240002
18.316
21.334
16.8340006
15.6560001
12.9749999
9.099
5.3000002
3.3069999
2.683
2.7460001
2.683
2.631
2.7060001
3.01
2.677
2.674
2.604
2.6110001
2.872
3.28
9.7490001
18.636
18.0310002
19.1670008
20.703
22.444
20.2810002
16.02
13.1679998
11.5520001
6.3550001
3.8800001
3.462
3.44
3.3869999
3.482
3.401
2.899
3.324
3.339
3.2139999
3.316
3.9829999
7.5340001
15.4169998
19.2820005
19.7340004
20.9030002
21.29
19.7900004
14.966
13.0
11.5130001
6.8460002
3.561
2.3639999
2.4239999
2.267
2.453
2.264
2.442
2.2349999
2.284
2.299
2.4129999
2.2839999
2.3360001
2.274
2.195
2.333
2.2050001
4.1880001
2.518
2.292
2.261
2.288
2.314
2.3429999
2.31
2.352
2.232
2.291
2.3010002
2.243
2.3869999
2.326
2.284
2.356
2.234
2.323
2.236
2.272
2.199
2.2940001
3.026
2.385
2.4519999
3.009
2.6029999
2.294
2.235
2.316
2.218
2.298
2.328
2.24
2.266
2.365
2.196
2.352
2.298
2.254
2.192
2.304
2.2139999
4.8659999
16.2919993
14.3239999
16.4530006
19.3619997
21.765
19.1109996
16.9699998
13.736
12.6830001
7.9510002
3.802
2.418
2.46
2.505
2.4160001
2.5189999
2.447
2.6889998
2.541
2.491
2.395
2.526
2.334
2.733
7.9140003
15.842
16.8980007
16.7060004
17.2849999
21.618
18.6430001
16.2680006
14.4650006
11.7720003
6.2160001
3.461
3.048
2.9920001
3.006
3.004
3.028
3.28
3.124
2.964
3.0809999
3.484
3.632
3.691
6.7069998
23.632
20.493
18.9479998
19.5
21.855
19.1370003
16.0570002
12.7350001
9.7580004
6.2109999
4.7429998
3.694
3.706
3.686
3.708
3.617
3.166
3.626
3.674
3.775
4.1450001
4.512
4.2979999
11.546
18.271
17.4329996
16.2430005
20.237
22.555
19.9190005
17.0770006
15.5500002
11.494
6.22
2.9670001
3.256
2.756
2.684
3.8760001
2.743
2.551
2.5329999
2.587
2.596
2.835
3.327
3.201
9.9639997
20.732
20.912
19.7950004
19.0880003
21.0980004
21.4520002
18.0749998
16.1560001
16.3510003
8.7260001
5.2879999
2.7049999
2.5559999
2.439
2.468
2.483
4.0570002
2.56
2.425
2.42
2.494
2.437
2.319
7.983
6.0149999
6.73
5.889
7.5439999
5.8510001
5.5640001
6.076
6.0339999
5.4860001
5.5
5.1079998
5.533
6.092
5.096
5.3959999
5.517
6.0190001
5.1749999
5.7059999
5.481
5.6159999
5.0210002
5.3250001
4.888
5.431
5.092
6.0320001
4.2260001
3.8690001
3.699
3.597
3.4880001
3.521
3.8719999
4.736
3.8210001
4.472
4.9849999
5.2530001
4.7609999
3.4350001
5.5419998
5.1470001
5.9010001
6.1299999
6.553
6.1239999
5.7969999
6.0209999
4.7019999
4.4530001
4.5130001
4.072
3.9730001
3.9780001
3.824
3.573
3.499
3.9839999
2.8770001
2.4259999
2.37
2.454
2.417
2.604
2.457
2.3729999
2.4270001
2.4149999
2.827
3.125
10.7820001
24.363
22.786
20.839
23.282
22.737
20.4519997
18.2779999
16.098
12.631
6.062
3.9389999
2.8330001
2.726
2.753
2.7990001
2.6749999
3.0709999
2.8309999
2.742
2.7939999
3.0550001
3.432
3.376
8.2800002
19.7660001
19.5570003
21.944
22.216
23.1
19.8989998
17.2629995
13.9790001
13.5870004
8.4359999
5.8709998
3.7579999
3.531
3.496
3.464
3.522
3.177
3.363
3.488
3.443
3.8799999
4.0940001
4.0800001
10.619
18.5390003
18.361
18.644
17.6739998
20.0609999
19.3409997
17.1900006
16.474
15.0249996
8.754
5.0859999
2.972
2.698
2.685
2.729
2.641
3.013
2.648
2.7130001
2.69
2.604
2.665
2.6169999
16.3790002
21.1940005
21.051
20.3160004
21.6109999
23.8
18.5760003
17.0939998
16.4779996
14.5359998
7.6970003
3.766
3.8860002
3.4060001
3.242
3.373
3.2230001
4.2790001
3.409
3.2189999
3.304
3.272
3.192
3.176
7.1029999
5.6620002
3.8650001
3.9909999
3.6740001
3.2149999
3.137
3.214
3.228
3.29
3.161
3.6919999
3.686
3.996
3.835
4.621
4.7549999
5.47
5.7390001
5.0350001
5.52
5.2060001
5.3529999
4.9990001
5.1659999
4.9659998
5.1039999
4.3660002
3.8499999
3.204
3.2049999
3.1839998
3.247
3.157
3.229
3.2489999
3.418
3.659
3.8870001
3.819
3.9170001
1.778
4.8280001
3.84
3.6875
3.72
3.8375
4.695
7.955
12.94
14.2625
13.9825
14.115
13.71
11.9975
10.895
9.6125
7.8175
5.51
4.3075
3.555
3.2725
3.2175
3.225
3.2
1.694
3.4125
3.359
3.396
3.403
3.237
3.3999999
13.7010002
23.4
21.643
19.736
20.837
21.839
20.3229998
17.3449993
15.8700004
14.8270001
9.0260001
4.855
3.412
3.604
3.613
3.324
3.2460001
3.418
3.264
3.2160001
3.324
3.2709999
3.1979999
3.272
11.9689999
21.279
19.2109996
18.0439997
21.425
22.355
17.9630001
14.3789997
14.5900001
12.7100001
6.3999998
4.402
3.615
3.5609999
3.4229999
3.499
3.5
3.306
3.4880001
3.449
3.517
3.37
3.4530001
11.5470002
17.0129998
23.677
22.318
23.893
24.083
24.89
21.079
18.375
15.927
12.402
6.5110001
4.0349999
3.211
3.233
3.134
3.2079999
3.151
3.1820001
3.1690001
3.176
3.181
3.204
3.124
3.077
14.8309999
20.0999999
19.6929996
20.54
20.917
22.049
18.0170001
13.9339996
12.612
11.7790003
6.8470001
4.922
4.0080001
3.336
3.2379999
3.258
3.243
5.0029999
3.2190001
3.224
3.286
3.2250001
3.111
3.226
6.556
5.7280002
5.599
4.5539999
4.2390001
4.3670001
3.925
3.911
3.808
3.7890001
3.9879999
4.2490001
4.403
5.072
5.4650002
5.4300001
6.1110001
5.5630002
6.342
6.2060001
6.4319999
6.4359998
6.4380002
6.7340002
5.928
5.5039999
5.2909999
4.2179999
4.227
3.9889999
4.1419999
3.9750001
3.643
3.919
3.9900001
3.8079999
4.5929999
4.9849999
5.2690001
5.6329999
5.4190001
4.622
5.8209998
5.6369999
5.6659999
5.878
5.4329998
5.6229999
7.0899999
24.662
24.284
21.356
22.987
23.199
21.8790003
18.1349992
15.665
13.073
8.7560001
6.754
3.8150001
3.515
3.5670001
3.47
3.566
3.204
3.465
3.509
3.5029999
4.181
4.132
4.188
14.2900004
21.859
18.7580004
19.2059994
19.1849995
21.6739996
19.5129998
17.7810001
16.0889998
14.2890001
10.6149998
5.2049999
3.131
2.9120001
2.887
2.858
2.8720001
2.716
2.917
2.9629999
2.794
2.884
2.8049999
2.865
12.336
21.519
20.1039999
21.253
20.471
22.616
20.4470005
17.5539999
16.1259994
13.5799999
6.7899997
3.459
2.7909998
2.568
2.619
2.641
2.573
3.053
2.5569999
2.6
2.624
2.563
2.595
2.507
8.797
22.609
21.093
20.841
22.53
22.643
19.7530004
17.2779999
13.8850003
11.5739999
7.8429997
4.4270001
3.6950001
3.594
4.449
3.4149999
3.2849999
2.8779999
3.287
3.2740001
3.365
3.29
3.176
3.249
8.6820002
18.415
21.392
20.899
19.5640001
21.438
18.7450001
13.4089999
11.9429998
10.8540001
8.9530001
3.604
2.582
2.469
2.452
2.479
2.39
2.8310001
2.4069999
2.466
2.449
2.496
2.405
2.398
5.398
3.881
3.288
3.15
2.757
2.3820001
3.824
2.87
2.45
2.392
2.482
2.3819999
2.4290001
2.846
2.795
3.1960001
3.816
4.0090001
3.5580001
4.078
4.2
5.086
4.1859999
3.843
4.25
3.891
3.9100001
3.176
3.7770001
2.6909999
2.804
2.779
2.4379999
2.398
2.368
2.494
2.406
2.711
2.917
3.873
4.078
3.51
4.147
5.142
4.8440001
4.7050002
4.249
4.8429999
4.6449999
4.0919999
3.8099999
3.272
2.923
2.902
2.914
2.7960001
2.809
2.87
2.806
3.105
2.541
2.4180001
2.4459999
2.466
2.3710001
2.454
2.551
2.5120001
2.346
2.3320001
2.443
6.309
6.3469999
10.3199997
8.1059999
4.2929999
3.615
4.15
3.375
3.005
2.869
2.767
2.5170001
2.468
2.446
2.5679999
2.372
2.5250001
2.4180002
2.4150001
2.457
2.513
2.3899999
2.454
2.442
2.438
7.4299998
4.914
3.6430001
3.041
3.185
2.872
3.207
2.637
2.6460001
2.572
2.767
2.7899999
2.5159999
2.426
2.501
2.373
2.5470001
2.438
2.419
2.544
2.338
2.431
2.38
2.4180001
6.5009997
4.176
3.662
3.4369999
2.9779999
3.3740001
2.857
3.123
3.089
2.838
2.759
3.0129999
2.634
2.436
2.462
2.4229999
2.4179999
2.427
2.493
2.459
2.488
2.3529999
2.4899998
2.421
7.3050001
5.9559998
5.639
5.3929999
4.36
4.018
3.206
3.398
3.2690001
3.025
3.7190001
3.135
2.4909999
2.485
2.449
2.333
2.516
3.104
2.352
2.387
2.348
2.435
2.3220001
2.409
7.5420001
6.227
4.8540001
3.6
3.003
3.369
3.143
3.2140001
3.057
2.957
3.143
3.037
3.039
3.521
3.748
4.2950001
4.3479999
4.46
4.1419999
4.145
4.377
4.3269999
4.222
3.9380001
4.4240001
4.0979999
4.0760001
4.0539999
3.524
3.6570001
3.412
3.0990001
3.2680001
3.198
3.322
3.731
4.0930001
4.5410001
4.4349999
4.73
5.8439998
4.2410002
5.167
2.764
2.875
2.819
2.736
2.813
11.8270001
22.773
21.559
22.554
22.106
23.868
22.1209996
18.0079994
14.7729998
11.4000001
8.204
4.0610001
3.3359999
2.775
2.6959999
2.758
2.766
2.68
2.791
2.772
2.928
2.776
2.756
3.4490001
16.3310003
22.284
21.783
22.514
21.955
24.816
20.5270003
17.3289995
14.0629998
10.1130004
7.299
4.0999999
2.8069999
2.796
2.689
2.757
2.7209999
2.731
2.7840001
2.7630001
2.7360001
2.6329999
2.618
2.744
8.108
21.0210002
20.786
20.22
24.214
22.362
17.9710001
16.9190006
14.0960002
9.9769997
5.9519999
3.4009999
2.8919999
2.775
2.842
2.7469999
2.868
2.6649999
2.739
2.858
2.703
2.704
2.808
2.703
13.3980003
18.8239999
19.5200004
20.04
20.483
19.4939997
17.4840002
15.5240002
13.639
11.5030003
5.1069999
3.6750001
3.059
2.76
3.727
2.772
2.617
2.766
2.597
2.6379999
2.551
2.552
2.6409999
2.49
7.368
20.496
20.251
20.3459996
20.939
19.2389997
17.2140002
15.0360002
13.5439997
9.7410002
5.027
3.4790001
2.912
2.755
2.867
2.671
2.7599999
3.8680001
2.716
2.703
2.796
2.76
2.659
2.6929999
5.619
5.0380001
4.162
4.1359999
3.408
3.492
3.237
3.321
3.008
3.073
3.416
3.0290001
3.2580001
3.7379999
4.329
4.8259999
4.3540001
4.8859999
5.2890001
4.7129998
5.8040001
5.5679999
5.8939998
4.812
4.957
3.781
3.506
3.047
3.1789999
3.061
2.753
2.674
2.714
2.721
2.801
2.8129999
2.754
3.199
3.6169999
3.7590001
3.9629999
4.244
4.4519999
4.4560001
5.3770001
5.138
5.5779998
5.6990001
7.0049999
20.9029995
21.841
20.32
20.969
20.018
19.007
17.3809996
14.1890001
12.2249999
9.5370002
5.7490001
3.791
3.928
3.8249999
3.8280001
3.9170001
3.5290001
3.754
3.833
3.8840001
3.7709999
3.814
3.808
8.7540002
17.8059997
18.1590004
19.4049996
21.645
20.4430002
16.724
16.1350003
13.1740003
10.849
6.3570001
4.0
3.2390001
3.18
3.262
3.182
3.331
3.2929999
3.24
3.23
3.255
3.1109999
3.218
3.1519999
8.312
23.801
22.957
21.849
20.9310005
21.097
20.4389998
14.8740001
14.1180001
11.9739999
5.8740001
4.0439999
3.326
3.5580001
3.4340001
3.456
3.462
3.4880001
3.485
5.981
20.7169999
17.2260008
20.7850004
20.0399999
18.6269997
16.7209997
15.3080001
12.3920002
10.4039998
6.5020001
3.9269999
3.676
3.645
3.615
3.704
3.631
3.682
3.646
3.6280001
3.635
3.645
3.296
3.513
3.6280001
3.635
3.645
3.53
3.539
5.1749999
16.2479997
17.3329997
18.3869991
19.8349998
20.605
17.7849998
15.9109998
14.2810002
12.8300004
10.0540002
3.886
3.42
3.2679998
3.293
3.171
3.2450001
3.122
3.393
3.2229999
3.167
3.244
3.2329999
3.12
3.6139999
3.457
3.684
3.8699999
3.467
3.464
3.658
3.526
3.089
3.461
3.071
3.582
3.442
3.56
3.403
3.538
3.533
3.9020001
3.4579999
3.486
3.796
3.618
3.552
3.551
3.696
3.325
3.152
3.05
3.081
3.153
3.073
3.2109999
3.12
3.1369999
3.1160001
3.12
3.201
3.1289999
3.0630001
3.1180001
3.182
3.256
3.474
3.549
3.513
3.55
3.89
3.588
5.8360002
19.8450005
21.743
19.9609998
23.076
21.5000002
19.3780004
16.2030005
14.2030001
11.5619998
6.717
4.678
3.611
4.05
4.1950001
3.485
3.4099999
3.7
3.615
3.422
3.405
3.4910001
3.377
3.414
5.6699999
19.6619997
15.8809996
17.1220007
17.7019997
17.6829996
15.448
13.2919998
11.4000001
9.8830003
6.8740001
4.759
3.811
3.709
3.726
3.6770001
3.767
3.5479999
3.714
3.799
3.691
3.768
3.633
3.684
5.438
20.1799996
20.3699999
20.2380004
21.883
22.206
20.3919997
16.9780006
15.6329999
12.7269997
8.5180002
4.6999999
3.51
3.3740001
3.393
3.467
3.412
3.383
3.457
3.354
3.434
3.418
3.317
3.3940001
5.4560001
20.138
18.1670008
21.4279999
20.323
21.0669995
18.2440001
16.6730003
14.8179998
9.9819999
5.2230001
3.809
3.796
3.521
3.491
3.9499999
3.495
4.115
3.244
4.1339999
3.687
3.4339999
3.501
3.489
3.602
3.582
3.544
3.5770001
3.698
3.536
3.551
3.639
3.57
3.643
3.914
3.897
4.0929999
3.87
4.0359999
3.9200001
4.033
4.74
12.9450001
3.8189998
3.5809999
3.4670001
3.487
3.585
3.52
3.622
3.5260001
3.6569999
3.598
3.532
3.5490001
3.696
3.5139999
3.6459999
3.9390002
3.9750001
3.983
3.8910002
4.052
3.962
4.169
6.7569997
11.1059997
3.809
3.538
3.5089999
3.489
3.595
3.532
3.607
3.53
3.7470001
3.5
3.55
3.621
3.6
3.531
4.0070001
3.5589999
4.013
3.9329999
4.039
4.266
4.0390001
4.1649999
8.9580001
7.1019999
3.983
3.8910002
4.052
3.962
4.169
6.5149999
20.9849998
21.805
23.51
24.605
21.823
18.6600001
16.7470007
13.7510004
12.8200002
9.7370002
4.269
3.4589999
3.4709999
3.453
3.4780001
3.3699998
3.562
3.669
3.496
3.35
3.453
3.4040001
7.94
19.0999999
19.1359996
19.2770004
20.0300003
20.0319999
18.1630001
16.4440003
13.9099999
10.0060001
6.0009999
4.2029999
3.4330001
3.3369998
3.3
3.434
3.272
3.367
3.34
3.48
3.2019999
3.291
3.144
3.1950001
3.258
8.2790003
18.7340002
16.1729999
16.9969997
19.5929994
19.4899999
16.9399996
13.0750002
11.4549999
10.251
6.6470001
3.743
3.8610001
3.652
3.6059999
3.413
3.367
3.436
3.527
3.209
3.273
3.2019999
3.1089999
3.6780001
10.8840003
19.1300001
16.4109998
16.8450003
19.3670001
20.534
15.1429997
12.8639999
11.171
9.342
5.8169999
3.831
3.596
3.7250001
3.462
3.423
3.359
3.279
3.5930001
3.4210001
3.3710001
3.455
3.4159998
3.31
9.2519998
17.0570006
18.8080002
18.8259993
21.822
21.49
16.8860002
15.296
13.0120001
11.8069996
7.6000001
3.8310001
3.0119999
2.955
3.02
3.012
3.0
3.2429999
2.8959999
3.0350001
2.994
2.8739999
2.94
2.824
5.06
3.644
3.434
2.92
3.229
2.888
2.835
2.98
2.8899999
2.941
2.945
2.853
2.847
2.969
2.8719999
3.476
3.5210001
3.436
4.017
3.631
3.376
3.787
3.758
3.305
3.7619999
3.659
3.491
3.674
3.712
3.8069999
4.4090001
3.5330001
3.26
3.2249999
2.945
3.1010001
2.946
3.261
3.594
3.3500001
3.788
3.62
3.977
4.0960001
4.2199999
4.166
3.7190002
8.025
18.0429993
19.9290004
20.3290002
22.131
21.5309998
17.5870008
15.6820002
14.1360001
11.2659998
7.8780002
4.6579999
3.7370002
3.483
3.2939999
3.234
3.228
3.28
3.69
3.285
3.3100001
3.257
3.193
3.363
3.2440001
9.1539998
17.1900005
17.9560003
17.2489995
18.5369997
20.1719997
18.8110004
17.2189999
13.0349998
7.8729999
5.6900001
3.9759999
4.0430001
4.0410001
3.941
3.985
3.9790001
3.875
3.968
3.9619999
3.9439998
3.887
3.915
3.865
8.464
16.9949999
19.4090004
18.7569999
18.8369999
19.971
16.5630007
16.2559996
12.9270001
9.789
6.3239999
4.2759999
3.945
3.86
3.8810001
3.838
3.881
3.3190001
3.714
3.716
3.793
3.76
3.7400001
3.865
8.283
17.3139997
16.717
18.2730002
22.091
23.484
18.7999998
16.4069995
15.1620002
12.2469998
7.50399999999
2.927
3.0630001
2.82799989999
3.262
3.4279999
2.883
2.70499999999
2.86500000001
2.89999999999
2.765
2.716
2.7620001
2.75999999999
8.318
15.9460001
16.0299997
18.8430004
18.4460001
19.2149998
15.9580001
12.9500003
11.8810001
10.3969998
5.4939999
2.939
2.4800001
2.643
2.456
2.466
2.411
2.5199999
2.594
2.40700000001
2.528
2.413
2.468
2.4
2.841
2.39199990001
2.415
3.9110001
3.422
2.70400000001
2.5449999
2.453
2.4780001
2.3630001
2.406
2.448
2.473
2.388
2.3880001
2.49400000001
3.093
3.091
3.2950001
3.078
3.1739999
3.326
3.36399999999
3.02699999999
3.245
3.001
3.6
3.154
2.664
2.643
2.9859999
2.6900001
2.5440001
2.344
2.413
2.332
2.427
2.6379998
2.68900000001
2.9190001
3.196
2.9290001
2.894
3.099
3.618
3.653
3.714
5.9979998
17.0619999
18.0209999
19.3109999
22.281
23.409
21.6350003
17.3929997
15.1579999
11.3510003
6.7659998
3.792
2.83199999999
2.805
2.697
2.6919999
2.8280001
2.653
3.049
2.65
2.7
2.662
2.7079999
2.614
5.6890001
17.2639994
19.2080001
19.5260001
20.3569995
21.123
19.2850002
17.1829996
14.9619999
12.19
8.12199989999
5.86300020001
3.649
3.397
3.296
3.278
3.2260001
3.24000000001
2.807
3.281
3.2169998
3.1360001
3.282
3.1770001
3.223
6.875
19.6270002
19.4390001
20.4770004
20.4959997
18.9919999
16.6239996
15.0
13.2420001
10.7140002
6.6259999
3.581
3.406
3.407
2.8839999
2.379
2.27499999999
2.55
2.3170001
2.29300000001
2.366
2.294
2.262
3.038
9.146
17.3190003
17.9089995
19.4650002
21.336
19.5530005
15.4879999
14.3299999
14.3470001
10.4780001
5.0780001
2.917
2.7309999
2.697
2.834
2.7280001
2.751
2.511
2.735
2.737
2.655
2.6780001
2.6999999
2.70600000001
5.5620001
15.2729998
16.9699993
16.4939994
14.9169998
16.3869996
14.0640006
11.1699996
9.6750002
8.8940003
5.0740001
2.359
2.369
2.4070001
2.335
2.3309999
2.3860001
2.719
2.405
2.299
2.2220001
2.366
2.309
2.201
3.5550001
3.06200010001
2.642
2.2849999
2.1950001
2.24000000001
2.295
2.233
2.3310001
2.289
2.288
2.268
2.375
2.24699989999
2.65399999999
2.527
2.7019999
2.53000000001
3.0549999
3.048
2.698
3.09400010001
2.78
2.992
2.637
2.912
2.808
2.612
2.968
2.8229999
2.314
3.0169999
2.39799999999
2.268
2.18900000001
2.6119999
2.542
2.587
2.7430001
2.5729999
2.9939999
2.659
2.65500000001
2.675
3.035
2.754
3.0540001
6.4310001
18.349
20.9399999
20.1580002
21.2189995
19.6159996
19.5470003
16.8880005
12.737
13.955
10.2330003
5.535
2.596
2.493
2.374
2.498
2.435
2.5389999
2.9510001
2.465
2.375
2.534
2.475
2.40100010001
2.53
5.5140002
19.4770003
18.1070003
19.493
20.0740005
21.973
17.7040001
14.0019998
12.5620003
10.3070001
6.9210003
3.35999999999
3.396
3.2629998
3.31499989999
3.262
3.25700000001
2.7670001
3.295
3.3390001
3.249
3.295
3.277
6.6520002
22.079
19.1259997
14.25
17.2720003
17.3140006
16.8119998
15.388
14.9310003
11.1310001
5.6729998
3.283
2.6819999
2.44
2.2430001
2.2480001
2.428
2.292
2.3649998
2.261
2.305
2.317
2.189
2.234
5.809
16.2130003
16.5250006
16.9920006
19.5750004
19.5450001
16.8530002
14.5020003
11.1219998
10.7849998
6.536
4.204
4.1590001
4.216
2.367
2.4420001
2.449
2.448
2.588
2.3739999
2.444
2.41699999999
2.38899989999
2.38499989999
7.6290001
18.7720002
19.3229999
20.1690001
20.882
19.7290001
17.3850002
16.9189996
14.3779998
12.316
7.7839999
3.6859998
2.552
2.753
2.609
2.6090001
2.575
2.575
2.544
2.66899999999
2.5980001
2.5870001
2.592
2.631
2.557
3.032
2.578
2.566
2.5029999
3.503
3.4529999
2.721
2.532
2.549
2.557
2.479
2.569
2.4980001
2.544
2.572
2.567
2.517
2.5019999
2.6280001
2.50900000001
2.5410001
2.552
2.4750001
2.5209999
2.58300000001
2.525
3.0540001
2.613
2.7
2.503
2.549
2.49
2.58
2.6590001
2.557
2.63200000001
2.542
2.623
2.499
2.574
2.5990001
2.662
2.636
2.589
2.51300000001
2.613
2.555
3.189
16.8809999
18.8479995
18.8610001
21.01
19.4820004
18.948
14.6199999
14.908
13.4430004
13.6289997
5.609
2.963
2.70499999999
2.606
2.714
2.672
2.592
2.451
2.614
2.609
2.678
2.641
2.631
4.5510001
8.974
11.4629998
10.909
11.2350001
11.0600004
8.0219998
7.9189999
5.7640002
4.44
4.007
3.8299999
2.811
2.208
2.2740001
2.138
2.166
2.316
2.498
2.114
2.187
2.217
2.213
2.13
2.1450001
2.448
3.656
4.2650001
4.553
5.994
5.5980001
5.5169999
6.0360001
6.0180001
5.705
4.6300001
2.926
2.865
3.00900000001
2.99800000001
2.896
2.945
2.86
3.092
2.857
2.8939999
2.99
2.917
2.954
4.0169999
3.48800010001
6.634
7.3229999
7.36199999999
6.3399999
5.3020001
4.9289999
5.3730001
4.8180001
4.2119999
2.9780001
2.846
2.891
2.8100001
2.791
2.955
2.7669999
2.8199999
2.8759999
2.842
2.744
2.7980001
3.7709999
6.1659999
6.1860001
6.4629998
7.1140001
7.2629998
7.13000010001
6.517
5.6589999
5.384
2.9989999
2.8559999
2.779
2.824
2.6630001
2.68500010001
2.84
2.69199989999
3.113
2.747
2.748
2.784
2.75799999999
2.6790001
2.662
4.07600009999
2.633
2.6740001
2.765
2.734
2.668
2.756
2.684
2.659
2.8090001
2.678
2.7580001
2.745
2.819
2.752
2.716
2.7030001
2.82900000001
3.5440001
3.122
3.29500010001
3.336
3.128
3.306
3.1819999
3.253
3.181
3.856
3.363
3.2060001
3.1710001
2.72399999999
2.677
2.844
2.656
2.681
2.709
3.13
3.136
3.046
3.056
3.217
2.921
3.054
3.1139999
3.055
3.078
3.167
5.934
8.0070002
8.068
7.635
7.8689999
6.964
6.4459999
4.937
4.5539999
3.608
3.1130001
3.021
3.048
3.103
3.0930001
3.0640001
3.1
2.954
3.035
3.017
3.202
3.018
3.07799999999
4.5349999
4.167
4.0970001
3.854
3.8580001
3.825
3.861
3.7060001
3.704
2.782
2.7659999
2.657
2.652
2.8209999
2.709
2.695
2.747
2.74
2.7789999
2.6610001
2.654
2.63800000001
2.7410001
2.639
2.7479999
4.56200000001
3.1809999
3.0210001
3.718
3.539
3.545
3.379
3.512
3.66499999999
3.247
2.9510001
2.628
2.6869999
2.70699999999
2.6050001
2.666
2.613
2.72100000001
2.666
2.564
2.679
2.6399999
2.557
2.7220001
4.95600000001
3.164
3.015
3.435
3.426
3.408
3.364
3.541
3.649
3.559
3.2
2.702
2.805
2.7570001
2.7379999
2.771
2.6960001
2.8370001
2.6579999
2.70400000001
2.75700000001
2.779
2.747
2.778
5.4169999
4.3669999
4.1259999
4.1640001
4.1180001
4.1960001
3.641
2.889
2.986
2.922
2.755
2.866
2.8229999
2.896
2.77699999999
2.757
2.8499999
3.1639999
2.808
2.763
2.72
2.88
2.773
2.74400000001
3.9950001
3.255
3.9679999
3.1150001
2.7380001
2.782
2.66
2.648
2.6919999
2.684
2.7380001
2.6100001
2.63499999999
2.741
2.6139999
2.7240001
3.005
2.706
3.38100009999
2.967
3.009
3.122
3.166
3.13
2.9950001
2.6060001
2.733
3.037
2.7179999
2.763
2.688
2.648
2.755
2.648
2.726
2.755
2.611
2.728
2.738
2.679
2.777
2.6979999
2.672
2.803
2.659
2.6610001
2.7300001
2.8169999
2.8840001
2.7749999
2.815
2.896
2.824
2.8799999
2.817
2.9020001
2.898
2.786
2.7670001
2.7410001
2.6900001
2.731
2.651
2.7659999
2.714
2.71
2.644
2.733
2.735
2.6720001
2.748
2.74
3.52600000001
4.014
4.0739999
3.83
3.796
3.751
3.875
3.625
2.8030001
2.8489999
2.581
2.6240001
2.699
2.57900000001
2.666
2.674
2.641
2.6059999
2.613
2.653
2.5859999
2.58100000001
2.695
3.40199999999
3.031
3.181
3.0339999
2.6599999
2.606
2.64
2.6559999
2.6
2.6660001
2.624
2.675
2.694
2.6030001
2.703
2.604
2.6860002
2.68799989999
2.647
2.632
2.722
2.617
2.603
2.66699999999
3.1949999
3.004
3.631
3.123
3.21
3.03999999999
3.365
3.17099999999
2.777
2.645
2.7060001
2.702
2.8090001
2.625
2.665
2.72399989999
2.727
2.681
2.69300000001
2.649
2.717
2.615
2.606
3.063
3.575
2.6440001
2.674
2.6739999
2.73899999999
2.686
2.685
2.8419998
2.745
2.699
2.7790001
2.79
2.77600000001
2.819
2.673
2.769
2.783
2.691
2.795
2.627
2.753
2.69100000001
2.71
2.6190001
3.801
2.636
2.747
2.70400000001
2.7389999
2.756
2.6930001
2.693
2.8849999
2.691
2.70699999999
2.818
2.717
2.81299999999
2.7940001
2.7260001
2.77200010001
2.7949999
2.68599999999
3.104
3.168
3.09600000001
3.138
3.164
2.7
3.01
2.86599999999
2.713
2.71
2.72799989999
2.739
2.783
2.7299999
2.7319999
2.84800000001
3.2599999
2.862
2.846
2.77600000001
2.715
2.83199999999
2.75700000001
2.68399999999
2.961
2.6610001
2.789
2.714
2.743
2.841
2.674
2.896
3.0729999
2.722
2.69
2.7120001
2.724
2.678
2.658
2.7519999
2.719
2.64999999999
2.6929999
2.628
2.746
2.698
2.6049999
2.39400001
2.683
2.593
2.6589999
2.594
4.074
3.091
3.20400000001
2.9229999
2.6069999
2.814
3.54399999999
3.285
2.79
2.6319999
2.6740001
2.4430001
2.06100003
1.97099998
2.073
1.97999998
2.05100011
2.04599998
1.972
2.07999999999
2.02900003
2.106
1.97399999
2.01799999
1.96200011
2.34800000001
2.7250001
1.95300001
2.14399989
2.445
1.97400004
1.99700009
1.98899996
1.94499999
2.123
2.03499993
1.99799999
2.104
2.11099997001
1.97100002
2.0899999
2.03199998
2.08000002
2.04300001
2.02400009
2.063
2.035
1.99100002
1.95600003
2.17
1.99799997
2.02
1.98000002
2.03099991
2.02899999999
2.00399999999
1.98100001
2.11099998
1.99499999001
2.03799989
1.96600002
2.04300001
2.03499998
1.99000002
1.96900003
2.1390001
1.98700003
1.95999997
2.04
1.993
1.96699995
2.03900001
2.0229999
1.96799999
2.023
1.94099999
2.06899999
1.98599997
1.96599998
2.033
2.02300011
2.01099999
2.00800012
1.99999999
2.111
1.93799996001
2.00200008
2.00400001
1.96800001
2.061
1.94600003
2.13
1.97900001
1.97599998
1.99700002
1.92000002
2.08999993
2.72299989
2.49500002
1.99199988
1.99700003
2.0240001
1.89499998
1.95099998
2.08400002
1.95600003
1.94399995
1.99600001
1.97299999
2.01000001
2.003
2.27600001
2.3319998
2.5329999
2.666
3.0079998
2.8880001
2.826
2.549
2.802
2.415
2.9300001
2.44899999999
2.39799999999
2.6669999
3.5290001
2.9469999
2.63099999999
2.545
2.04600003
2.023
2.03200011
1.926
1.97600001
2.06700008
1.91500003
2.39600002
2.35100001
2.4559999
2.629
2.449
2.77400010001
2.675
2.5390001
2.75
2.462
2.82900000001
2.507
2.728
2.8389999
3.802
3.656
3.284
2.646
2.766
2.7490001
2.668
2.728
2.856
2.734
2.701
2.783
2.711
2.715
2.776
2.68
2.7150001
2.704
2.709
2.66
3.727
2.7259999
2.652
2.70099999999
2.716
2.63
2.7019999
2.665
3.06299999999
2.82
2.686
2.806
2.729
2.745
2.756
2.691
2.7040002
1.436
2.801
2.665
2.585
2.595
2.82
3.3625
4.5775
8.575
11.0725
11.965
12.825
13.4725
11.9675
10.9475
10.115
8.6
6.1075
3.7775
2.795
2.26
2.115
2.17
2.1675
1.105
2.1875
2.01799979999
2.14999999999
2.01199998
2.716
2.427
3.09900002
3.375
2.851
3.667
3.2330001
3.04700000001
3.217
3.2060001
2.5780001
2.07599999
2.1080001
1.93
1.95799998
2.102
1.98099998001
1.92300002
1.978
2.36500003
1.99799998
2.01500003001
1.96599996
2.01999999
1.94600003
2.059
2.29499998
2.62100001
5.4550002
5.4840002
5.023
4.3150001
3.806
3.39
3.535
2.97100000001
3.0569999
3.01199989999
2.9350001
2.973
2.8889999
2.917
3.033
2.637
2.8799999
3.001
2.91
3.3830001
3.0920001
2.898
2.94
3.02200010001
2.9070001
2.9079999
2.992
3.01100000001
2.707
2.365
2.248
2.4170001
2.2850001
2.25599999999
2.362
2.2970001
2.36
2.319
2.2460001
2.662
2.4219999
2.323
2.4119999
2.294
2.343
2.254
2.359
2.3049999
2.29599999999
2.20699999999
2.379
2.238
2.269
2.278
2.358
2.34
2.25
2.2950001
2.35
2.2470001
2.693
2.671
2.6940001
2.527
2.7379999
2.6190001
2.745
2.941
2.906
2.695
2.643
2.774
5.2299998
5.8020001
6.0010002
6.8039999
6.24499989999
5.78099989999
5.4580002
4.6489999
3.091
2.783
2.654
2.674
2.64
2.625
2.678
2.367
2.705
2.691
2.605
2.7
2.657
2.61899990001
4.3590002
3.574
6.194
5.888
5.374
5.9250002
6.309
5.3430002
5.109
3.51
3.322
3.261
2.242
2.0659999
2.03599999
2.006
2.03700002001
1.96699998
1.95199992
2.099
1.99399997
2.02800001
1.96100013
1.97700002
3.62899999999
4.651
4.176
3.808
3.727
3.79500010001
3.73300009999
3.90500000001
3.677
2.48299990001
2.1569999
2.05299999
1.99799992
2.04899999
1.982
2.102
1.95199999
2.31200000001
2.0399999
2.026
1.95300001
2.03400002
1.96099997
2.101
2.988
3.644
4.6559999
4.7480001
4.5510001
6.6230001
5.9419999
5.486
5.3299999
4.891
4.3740001
2.8180001
2.81
2.797
2.86100010001
2.7769999
2.7640001
3.517
2.86399999999
2.822
2.7189999
2.751
2.805
3.594
3.692
5.24
5.316
6.668
6.185
7.3759999
7.4159999
7.085
6.473
4.9990001
4.881
4.7450001
4.1570001
4.194
4.0850001
4.0460001
4.1229999
3.7899999
4.1520002
4.14799999999
4.0579999
4.122
4.0940001
5.309
4.8270001
4.7950001
4.1279998
4.09
3.486
3.428
3.63400000001
3.577
3.58
3.343
3.40500000001
3.3970001
3.4560001
3.40100000001
3.467
3.7479999
3.88099999999
3.5160002
3.6120001
3.775
3.887
3.8539999
3.8009999
4.2490001
3.8400001
3.934
3.802
3.9100001
3.7700001
2.4369999
2.056
1.98199999
2.051
2.1470001
1.97599997999
2.04199999
1.97200002
2.449
2.17700001
2.25
2.423
2.11500002
2.6820001
2.68
2.459
2.411
2.47400009
2.502
2.774
2.588
2.4270001
2.444
2.545
2.347
2.416
1.99799998
2.04899992
2.05
2.00199999
2.424
2.2879999
2.2950001
2.31099999999
2.402
2.3269999
2.4749999
2.283
2.4020001
2.369
2.254
2.2939999
2.42299989999
5.6109998
11.3309999
13.0799999
12.375
12.0
11.5990004
11.6110001
11.3049998
10.868
11.282
9.565
3.633
2.931
2.54
2.4760001
2.551
2.522
2.657
2.522
2.56400000001
2.496
2.5469999
2.502
2.464
4.74499989999
10.7680001
13.0819998
12.1470003
12.013
12.8800001
13.9120002
14.171
13.7220001
12.434
9.7940001
3.8180001
2.66499999999
2.7190001
2.607
2.563
2.6409999
2.6540001
2.5809999
2.601
2.6049999
2.769
2.56200000001
2.554
4.52500009999
15.2889995
18.1009998
21.26
21.948
20.6629998
20.5669999
16.2719998
15.4819999
13.9130001
10.4070001
4.824
2.894
2.676
2.637
2.741
2.618
2.508
2.66899999999
2.69
2.68600009999
2.614
2.582
2.68199999999
9.28700020001
19.6879999
22.303
23.721
19.7760003
18.1530009
16.3089995
13.5040002
12.7580004
9.348
4.812
3.376
2.52
2.449
2.396
2.3550001
2.298
2.7179999
2.38699989999
2.46
2.275
2.2940001
2.298
2.288
3.486
2.847
3.467
2.4450001
3.448
2.46600009999
2.332
2.195
2.3869999
2.2230001
2.252
2.368
2.641
2.645
2.888
3.085
3.11500010001
3.057
3.362
3.6640001
3.267
3.998
3.564
3.9829999
3.7869999
2.982
2.75300010001
2.198
2.2309999
2.27299999999
2.209
2.282
2.199
2.196
2.343
2.199
2.252
2.671
2.741
2.788
3.17
2.774
3.6969999
3.486
3.1240001
3.632
3.6969999
3.431
18.1789998
20.801
22.33
23.622
20.791
20.9160001
17.349
14.5110002
12.7719998
8.3479998
4.4380001
2.889
2.825
2.838
2.783
2.819
2.774
2.8209999
2.74
2.7680001
2.739
2.763
2.769
2.763
6.0329999
19.3880005
18.3430004
17.533
21.125
20.8710002
18.7000001
16.4660001
14.7880001
12.289
6.7589998
3.36500010001
2.658
2.70099999999
2.597
2.7300001
2.685
3.0319999
2.7160001
2.625
2.629
2.678
2.637
2.694
7.7289999
22.04
20.344
19.0279999
18.085
18.703
16.2720003
15.5560002
14.4849996
11.5479999
6.7219999
3.484
3.20600000001
3.225
3.225
3.164
3.125
2.99299999999
3.18399999999
3.1329999
3.288
3.116
3.121
3.1209999
9.4190001
20.3899998
19.4750004
22.276
21.227
21.1029997
18.5590002
15.066
12.8180004
10.5820002
6.2940001
3.47700000001
2.66
2.667
2.743
2.66
2.624
2.983
2.671
2.6770001
2.693
2.59699999999
2.718
2.553
7.50799989999
17.3640002
22.218
18.9319992
17.9949999
17.2279997
17.6519995
14.29
14.2220001
14.0209999
9.842
4.9680002
3.391
3.266
3.57500010001
3.1820001
2.95899989999
3.6160001
3.0550001
2.96
3.058
3.037
3.005
2.8879998
5.211
4.6099998
3.984
3.797
3.7940001
4.058
3.609
3.53
3.34800000001
3.67
3.5160001
3.756
3.957
3.783
4.3290001
4.6689999
5.06
4.902
4.862
4.658
4.8339999
4.7980001
4.852
4.6459999
4.507
4.51300000001
3.69
3.48299999999
3.6819999
3.344
3.6589999
3.303
3.25999989999
3.8029999
3.371
3.794
3.623
4.0200001
4.4579999
4.3769999
4.2990002
3.222
5.0899999
4.4590001
4.3929999
4.6869998
4.7619999
4.444
5.9939999
21.618
20.188
20.099
22.479
22.783
18.235
16.434
14.8979997
13.2189998
8.3400001
4.2540001
2.583
2.467
2.488
2.435
2.356
2.45099999999
2.356
2.383
2.528
2.375
2.408
2.41
10.5769997
21.771
20.719
21.837
20.972
20.3529997
16.9889998
17.3629999
14.6740002
13.1680002
6.8500001
3.018
2.659
2.426
2.408
2.604
2.414
2.6230001
2.4090001
2.43899990001
2.3589999
2.43199999999
2.334
8.2329998
16.9009995
19.2400003
17.0390005
18.7639999
19.2969998
17.2930003
15.1069999
13.7839999
13.178
9.5439999
4.222
2.87
2.7460001
2.6980001
2.728
2.903
2.704
2.7649999
2.6059999
2.703
2.8050001
2.602
2.681
7.1859999
15.552
17.5010004
18.7739992
21.479
20.2879997
18.4219998
16.1260004
16.8839998
15.4090004
10.9960003
4.9729998
4.372
3.804
3.7950001
3.995
2.784
2.79700000001
3.25399999999
2.698
2.856
2.659
2.6800001
2.6819999
2.7080001
7.2019999
17.2260001
20.927
20.2650002
21.851
20.988
18.4869996
15.1560001
14.1699996
13.2080002
8.8149998
5.2349999
4.0969999
3.729
3.577
3.5100002
3.487
3.88099989999
3.537
3.411
3.456
3.449
3.387
4.8729999
4.8469999
4.3050001
3.806
3.6679999
3.176
3.164
3.04300010001
3.16
3.1329999
3.1129999
3.114
3.184
3.142
3.5380001
3.623
4.0609999
3.64
4.2740002
3.851
3.911
4.1679999
3.757
4.2150002
3.74600000001
4.2190001
3.772
4.1600001
4.152
4.113
3.52
3.63
3.678
3.61700000001
3.7
3.9610001
3.739
4.0229999
3.949
4.20000010001
4.4090002
4.056
3.8809999
4.3219999
4.1499999
4.5350001
4.0179999
4.552
4.056
8.40000009999
21.1909996
22.557
22.481
23.768
22.333
17.6999998
17.3660002
13.8339996
13.1209998
7.3930001
4.0390002
3.553
3.525
3.4930001
3.5540001
3.5399999
3.85
3.51899999999
3.468
3.5880001
3.461
3.3959999
3.465
8.7509999
15.4199996
19.5300001
19.0970001
22.22
21.257
19.7640004
18.0109996
14.5799999
12.4289999
9.82999999999
5.345
4.2660001
4.017
4.142
4.039
4.08100010001
3.418
4.171
4.2120001
4.1120002
4.148
4.0160001
4.1829999
11.3629999
18.9169996
19.4930004
19.894
21.945
21.5479997
18.6380005
17.8459997
16.2330003
14.8989997
8.8920002
3.7140002
2.649
2.778
2.6660001
2.6269999
2.7050001
3.176
2.663
2.664
2.597
2.692
2.602
2.583
6.81499989999
15.52
18.3199997
21.135
21.103
21.981
19.4650003
16.0990004
14.243
12.947
8.359
4.61199999999
4.295
3.902
3.77299999999
3.73
3.5990001
3.5159999
3.855
3.57999999999
3.644
3.6599999
3.566
3.6520001
10.7120004
21.1509996
21.03
21.686
20.4680001
20.5469999
17.0129995
14.8140001
13.3460002
12.9749999
7.109
3.7330001
3.2349999
3.24
3.225
3.205
3.214
3.768
3.301
3.175
3.298
3.13200000001
3.2170001
3.053
6.241
6.5009999
4.3799998
3.585
3.7529999
3.229
3.251
3.1670001
3.202
3.174
3.17800009999
3.337
3.5279999
3.6229999
4.497
3.7730001
4.5880001
4.372
4.4959998
4.9679999
4.4170001
4.5910001
5.17
4.3599999
4.892
4.845
4.69
3.915
3.208
3.069
3.203
3.0389999
3.176
3.393
3.515
3.5930001
3.427
3.836
4.158
4.4160001
4.07900000001
3.9459999
4.9659998
4.3699999
4.727
4.8340001
4.8870001
4.8859999
6.2669999
19.7089999
22.564
23.488
23.074
22.011
18.0859996
16.4719996
14.3660001
12.566
7.7320001
4.0559999
3.609
3.5329999
3.57
3.6240001
3.494
3.537
3.568
3.508
3.57599999999
3.41800000001
3.3830001
3.5210001
9.547
22.229
20.2200001
21.584
20.5180001
21.727
18.135
17.1590004
14.815
13.8040004
8.037
3.9410001
3.531
3.402
3.387
3.4519999
3.403
3.417
3.326
3.3879998
3.352
3.346
3.3019999
3.4
11.5970002
20.0309999
21.835
20.721
20.834
19.4740002
17.2620001
15.2299996
13.639
12.1460004
7.702
4.506
3.5199999
3.501
3.628
3.5539999
3.6469999
3.1669999
3.50599999999
3.5649999
3.41
3.44
3.301
3.4589999
9.507
21.468
21.5
23.597
23.065
21.945
18.9430005
16.1659994
14.6160002
9.9850001
5.5940001
4.8930002
2.795
2.7870001
2.8109999
2.756
2.7889999
2.809
2.7759999
2.623
2.797
2.56
2.677
8.9000001
17.6649998
21.711
20.335
22.614
20.0249999
20.0720002
14.3059997
12.6160002
11.7550002
7.7059998
3.4310001
2.6929999
2.524
2.601
2.57999989999
2.5220001
2.5760001
4.2319999
2.515
2.531
2.572
2.587
2.54000009999
2.457
6.677
6.90000009999
5.273
5.1010001
4.493
6.2049999
5.16800000001
5.086
5.0319998
4.5970001
4.3170002
4.0719999
4.5380001
5.2000001
4.5520001
5.8680001
5.438
5.0550001
6.2319999
6.0079999
5.9040001
5.7489998
5.4319999
5.825
5.4129998
5.4629998
4.7350001
4.7310002
4.5139999
3.8000001
3.8819999
4.0280002
3.98700009999
3.82
3.8010002
3.8659999
4.32900000001
3.998
4.605
4.264
4.3889999
3.8150001
4.7150002
3.958
4.7290001
4.019
4.3470001
4.0640001
5.5959999
20.5380001
19.5310001
22.239
23.241
22.455
18.864
18.6080007
15.9999996
14.5520001
10.4000001
4.4439998
3.4200001
3.3960001
3.394
3.357
3.452
3.352
3.431
3.489
3.37
3.3960001
3.3099999
3.36500000001
10.83
21.976
20.1690004
21.853
20.7510002
21.0590003
18.3250004
17.8480005
14.8460002
10.9360004
5.9450002
4.8880001
3.44100000001
3.4869999
3.3719999
3.467
3.372
3.62
3.429
3.365
3.4349999
3.395
3.278
3.32999999999
5.8439999
18.9569999
20.864
21.957
21.287
21.591
20.2670004
17.3760004
16.2800007
14.513
9.1839998
5.5680001
3.85400000001
3.712
3.712
3.695
3.749
3.9230001
3.803
3.805
3.60400000001
3.771
3.602
9.4660001
18.751
22.736
23.901
23.869
23.743
19.4850002
17.276
17.0520001
14.4319997
9.9839997
5.6129999
4.773
4.183
4.8670001
4.6370001
4.0440001
4.1290002
3.516
4.0539999
4.0250001
4.08199999999
4.007
4.0219998
3.95299989999
10.158
23.664
20.4120001
20.2459995
20.914
21.787
19.2540002
15.8729997
14.033
10.9660001
5.7329998
3.5190001
3.184
3.101
3.127
3.126
3.0449999
3.83
3.149
3.112
2.9930001
3.157
2.9150001
6.61999989999
5.79699990001
5.036
5.369
4.5090001
4.3049998
4.22000009999
3.8249999
4.0860001
3.852
3.9989999
4.32
3.8779999
4.65000009999
4.097
4.6189999
4.1070001
4.859
4.769
4.6300002
4.5369999
4.556
4.356
4.9220002
3.99999990001
5.102
4.385
4.5320001
4.47
4.358
4.5699999
3.8680001
3.9589998
3.868
3.786
3.6669999
4.222
4.259
4.3270001
4.5380002
4.451
4.9059999
3.8680001
5.0899999
5.0599999
5.3729999
5.1720002
5.74000000001
5.6990001
6.0769999
20.1530005
23.705
20.749
21.617
21.1799997
18.3509999
15.6170006
17.0849996
15.8439999
12.6000004
6.4529998
3.838
3.3399999
3.2509999
3.197
3.302
3.332
3.45
3.1819999
3.3
3.263
3.1550001
3.232
15.7000003
24.645
20.0919998
20.929
20.24
20.5650002
16.0710001
14.9040003
14.6210003
12.5040001
8.9949999
4.967
3.696
3.51
3.5
3.424
3.5820001
3.4600001
3.513
3.4159998
3.447
3.50999999999
3.44
3.5829999
16.3899999
20.445
22.232
21.641
23.576
24.027
19.2090002
15.6219998
14.1539998
13.5479998
10.1480002
5.8929999
3.3459999
3.44399979999
3.364
3.335
3.402
3.43799989999
3.42
3.34699999999
3.4300001
4.1340001
3.9550001
4.0379999
14.9580002
22.284
21.096
22.223
20.755
24.071
18.5449998
16.8599996
14.8599996
11.2860002
8.0530002
5.2819998
4.36200009999
3.875
4.602
3.641
3.431
3.375
3.371
3.444
3.32599999999
3.5979999
4.1339998
5.1530001
15.6599999
15.765
21.166
24.78
24.271
22.581
15.9759999
16.1859994
14.1959996
11.8080001
6.6200001
4.0050001
3.099
3.192
3.144
3.035
3.2619999
3.1840001
3.075
3.089
3.0819998
3.136
2.991
5.3179999
4.7839999
5.1529999
4.18700010001
4.7200002
4.1839999
3.47500000001
4.1509999
3.9420001
3.547
4.153
4.18500010001
4.07900000001
4.45400000001
4.2059999
4.2560001
4.242
4.338
4.4260001
4.0810001
4.471
4.1200002
4.527
3.97799989999
4.432
4.2329999
4.148
4.4479999
4.1210001
5.056
5.8719999
5.338
4.0030001
3.5340001
3.8230001
3.453
3.8880001
3.6380001
4.1080001
3.911
4.2020001
4.2280001
3.7099999
3.8260001
4.004
4.334
4.35199990001
4.868
4.8609998
13.5900002
24.317
23.171
24.003
20.525
24.382
19.859
17.5310001
13.369
10.7810001
7.0670001
5.102
3.471
3.23
3.329
3.202
3.42
3.373
3.271
3.26100000001
3.314
3.285
3.8219999
4.0050001
15.5009999
23.146
19.4669997
21.969
20.698
20.2720004
15.3370004
12.8340001
12.7160001
12.9719997
10.9960003
7.1840002
3.2750001
3.244
3.31800000001
3.28900010001
3.2279999
3.4009999
3.2909998
3.264
3.342
3.279
3.855
3.9320001
12.7009997
22.0640003
21.386
19.9880002
21.858
22.595
19.0839996
18.3459997
16.5389996
15.2100001
10.6690002
6.2170001
3.64
3.3389999
3.526
3.399
3.425
3.307
3.3899999
3.457
3.38400000001
3.3809999
3.28
3.458
10.5489998
22.29
19.8360001
21.654
22.847
23.357
17.6249995
15.0869999
14.0659999
11.5539999
8.6269999
4.4549999
3.155
3.10799990001
3.18700000001
3.06
3.13
2.90300000001
3.21000000001
3.131
3.076
3.09400010001
3.79300010001
3.67
8.698
17.1609997
20.272
15.8589997
15.032
17.3460002
15.5100002
14.862
14.8369999
14.026
12.2120003
4.98
3.21
2.788
2.825
2.8589999
2.92099999999
5.3000001
2.8769999
2.856
2.891
2.84499999999
2.871
2.79700000001
7.3770001
6.1100002
4.9649999
4.743
4.8759999
4.4980002
4.8369999
4.449
4.428
4.7579999
5.1109998
5.231
5.74399990001
5.7250002
5.9720001
6.6029999
6.5829999
5.8500002
7.3800001
7.3800001
6.8920002
6.855
7.13999980001
7.286
7.1889999
6.862
6.0769999
5.628
5.1459999
4.308
4.1650001
4.7079999
4.2359998
4.4949999
4.75
5.06100009999
5.448
5.5099999
5.5570001
5.425
5.8499999
5.5580001
3.8260001
6.0879998
6.405
6.2819998
6.0150001
6.4100001
5.822
6.26
10.3469997
10.7899999
7.3870001
5.536
4.815
5.2120001
4.31
4.86000019999
5.698
2.91499999999
2.867
2.6980001
2.676
2.796
2.767
2.82399999999
2.79
2.7760001
2.844
2.736
2.798
7.267
6.0899999
5.5020001
7.0039999
6.5179999
5.63499999999
6.1129999
6.4189999
6.2720001
6.5809998
5.463
6.06999990001
3.7239999
2.786
2.75999999999
2.829
2.849
2.825
2.8
2.8410001
2.831
2.741
3.51100000001
3.4220001
9.55800010001
7.036
6.9289999
7.023
6.7509999
5.6059999
4.6600001
4.935
4.5480001
5.342
4.7860001
4.882
2.7660001
2.85999999999
2.755
2.845
2.8610001
2.771
2.9239999
2.8730001
2.9090001
2.748
2.902
2.832
7.3429999
6.18799999999
5.934
6.6210001
6.599
5.9130001
5.5469999
5.4429998
4.6920001
5.1879999
4.1129999
5.0899999
3.081
3.1800001
3.151
3.071
2.8140001
2.82
2.77499999999
2.916
2.822
2.869
3.02699999999
3.495
8.1870001
6.697
5.59499999999
5.053
4.644
4.7919998
3.7070001
4.2650002
3.826
3.641
4.3669999
3.997
3.4409999
2.845
2.7659999
2.82
2.874
2.7280001
2.844
4.106
2.902
2.786
2.829
2.743
7.461
6.247
5.0080001
5.2480001
4.8319998
4.0659999
4.0480001
3.805
4.408
3.867
4.3580002
4.2599999
4.44300000001
4.8990002
4.42000000001
4.858
5.0709999
4.9459999
5.1230002
4.79300000001
5.27100009999
5.869
5.6430001
5.59899999999
6.046
6.0550001
5.533
5.9520002
4.8100002
4.7309999
4.7650001
3.86999979999
4.7549998
4.1030001
4.55499980001
4.881
4.66899989999
4.5340001
4.6690001
4.8949999
5.0739999
4.9419999
4.4600001
4.16
4.701
4.8839998
4.747
4.9409999
4.76
9.93700000001
20.9410004
24.821
23.038
24.518
23.972
22.1080003
22.282
16.8539992
15.6679997
12.2420001
6.3970001
4.135
4.1999998
4.1200001
3.677
3.283
3.184
3.43799999999
3.23
3.367
3.568
3.93799999999
9.8309998
15.1269999
23.994
23.251
24.216
24.725
24.391
20.4919997
21.331
18.9189996
15.862
10.1550002
5.6309998
3.594
3.723
3.5800001
3.644
3.677
3.783
3.60600000001
3.67600000001
3.726
3.671
4.264
7.9659998
10.3659999
20.993
22.603
20.526
19.6959996
23.447
19.1980003
18.1719999
14.572
14.677
11.119
6.3299999
3.2819999
3.358
3.322
3.23
3.294
3.378
3.324
3.298
3.352
3.311
3.8220001
7.7629998
11.6459999
21.919
23.418
23.824
22.478
24.685
22.023
20.473
17.934
16.8220005
12.6929998
4.8579999
3.546
3.55299990001
3.5109999
3.467
3.21800009999
3.274
1.60619310345
0.0383862068993
0.038386206892
0.0383862068993
0.0383862068993
0.038386206892
0.0383862068993
0.038386206892
0.0383862068993
0.0383862068993
0.038386206892
0.0383862068993
0.0383862068993
0.038386206892
0.0383862068993
0.038386206892
0.0383862068993
0.0383862068993
0.038386206892
0.0383862068993
0.0383862068993
0.038386206892
0.0383862068993
0.038386206892
3.62
3.1475
2.8275
2.49
2.335
3.685
4.1325
4.58
4.145
3.74
3.5575
3.5425
3.895
4.115
4.2775
4.53
4.7275
4.8375
4.8375
4.86
4.7725
4.98
5.0675
5.1375
5.1525
5.4125
5.4625
5.3675
5.37
5.3875
5.345
5.3375
5.1825
5.1225
4.805
4.5425
4.1975
4.04
3.4575
3.555
3.7775
3.73
4.0975
4.1775
4.43
4.775
5.0925
5.1025
1.68419310345
3.05719320345
5.25599999999
5.3530002
6.2090001
5.7920001
9.8670001
23.602
20.4430002
22.102
21.136
24.046
22.974
18.7819996
17.9760008
16.2459998
14.3069997
7.4379999
3.145
3.079
3.243
3.104
3.174
3.15
3.187
3.23
3.1909999
3.192
3.6720001
7.1109998
9.9200003
23.74
23.404
24.829
23.588
23.873
20.0919997
19.6339999
15.9759993
13.796
12.7109999
5.825
3.17000000001
3.185
3.32900000001
3.18700010001
3.234
3.2949999
3.622
3.2699999
3.2070001
3.2
3.658
6.905
11.6679998
21.4250004
21.627
21.422
22.118
22.823
18.8130001
18.5080004
16.3810001
15.7310005
10.3189998
5.5050001
4.8180001
4.813
4.194
3.79700000001
3.732
3.893
3.598
3.93
3.79399999999
3.829
4.3370001
7.9230001
9.1439998
20.7310005
22.375
19.095
20.1
18.29
23.899
20.212
18.9519995
16.2740002
12.1650004
6.1419999
4.6590002
3.878
4.5759999
4.84299999999
3.831
3.382
3.33500000001
3.479
3.288
3.59
4.059
8.3610001
12.67
23.901
23.849
24.666
17.1375
16.2525
21.725
20.6160001
17.1310006
17.9889994
12.73
4.185
3.21900010001
3.271
3.158
3.274
3.167
3.237
5.082
3.251
3.2
3.19
3.174
9.84100009999
8.3850002
7.92199990001
7.3959999
7.2019999
7.421
7.5820002
7.9920001
7.7160001
7.1209998
7.431
6.7409999
6.427
6.9300001
6.843
6.0880001
6.82800009999
6.9789999
6.1079998
6.332
6.99
6.42499989999
6.6330002
6.6029999
6.4890001
6.707
6.895
5.9939999
7.0220001
6.1100001
6.52600000001
5.6639998
5.61999989999
5.743
6.355
5.641
6.05700019999
6.1100001
5.7650001
6.566
5.69299980001
6.6069999
5.7639999
4.3579999
6.1229999
6.4519999
6.84400010001
7.24
7.424
12.7589998
12.385
24.688
21.0975
20.72
23.539
20.0979997
20.1449995
17.5600004
15.7370005
11.3769999
3.50900000001
3.431
3.441
3.43999989999
3.3450001
3.482
3.412
3.252
3.43599989999
3.3859999
3.9689999
7.1129997
8.631
21.2360005
22.316
24.129
23.948
20.635
21.876
19.2480005
17.6890001
14.611
12.3060003
6.07
3.311
3.173
3.255
3.141
3.22
3.269
3.28200000001
3.264
3.1699999
3.298
3.415
3.8329999
9.96
13.6009999
22.323
20.988
21.276
23.462
24.021
21.0799996
19.2650003
19.3009997
17.0619993
11.9390001
4.3070001
3.496
3.4679999
3.403
3.3050001
3.4459999
3.444
3.418
3.41800000001
3.443
3.7439999
3.99400000001
10.1619997
13.888
21.1780004
18.7625
19.2525
20.9225
22.5575
21.5229996
19.3039999
17.7959995
16.1510005
12.6830001
4.125
3.28999999999
3.25
3.3030001
3.2870001
3.2080001
3.398
3.45699999999
3.353
3.2330001
3.934
4.041
9.803
13.0980001
13.525
24.437
24.053
18.2325
17.16
23.362
20.498
19.2230004
17.7639999
13.7839999
5.4679999
4.387
3.60200000001
3.4850001
3.459
3.47399999999
3.612
4.749
3.52600000001
3.55
3.736
3.8920001
7.8579998
7.9660001
7.377
6.684
6.3049998
6.292
6.3009999
5.7819998
5.6829998
5.5940001
5.737
5.652
5.605
5.7720001
6.1050001
6.171
5.825
5.7150002
5.815
6.0869999
6.165
6.0840001
6.132
6.1600001
5.5449998
6.0740002
5.8969998
5.73299980001
5.6299999
5.6170001
5.56699989999
5.4760001
5.5519998
5.457
5.6159999
5.57700010001
5.6190002
5.634
5.829
5.6799998
5.7019999
5.9490001
6.3540001
4.8129999
6.516
6.445
6.37800010001
5.9960001
6.519
9.97700000001
13.53
9.995
12.34
20.0475
24.475
24.4825
24.167
21.554
20.3409997
15.7670002
5.198
3.251
3.312
3.29799989999
3.342
3.227
3.3340002
3.3029999
3.232
3.302
3.982
3.91
14.5209999
18.9319999
17.495
22.08
24.746
24.248
23.0325
22.315
21.168
18.3339996
17.3169994
13.1310001
3.80300009999
3.2509999
3.38099999999
3.32700010001
3.2249999
3.36900000001
3.358
3.2280001
3.366
3.56
4.0549999
3.8829998
7.9099999
8.1700001
24.713
19.815
20.625
21.495
22.435
20.915
23.076
19.5299997
16.243
11.914
4.365
3.156
3.17099999999
3.1959999
3.1430001
3.181
3.19
3.394
3.212
3.275
3.826
3.7540001
7.786
11.5990002
15.075
20.03
20.035
24.815
21.5375
22.4339995
18.132
18.7880001
17.8480006
14.0040002
6.51099990001
5.58900019999
3.4939999
3.458
3.47500000001
3.446
3.478
3.501
3.46800009999
3.498
3.43
4.25300010001
12.612
13.7869997
11.5225
15.7525
24.868
16.545
15.7475
21.2440003
20.0499999
17.8579998
16.6499996
11.1170001
5.556
3.754
3.503
3.487
3.4429999
3.3939999
3.465
4.7280001
3.357
3.731
3.908
5.86
8.4900003
6.76
6.5629999
6.412
7.6900001
6.8889999
6.145
6.272
6.24
6.1269998
6.06
6.079
6.2320001
6.1000002
6.1399999
6.029
6.089
6.135
6.07900000001
6.0
6.052
6.01099990001
6.0160001
5.7189998
6.0439999
5.9830001
6.085
6.0800001
7.4680002
7.0870001
6.6199998
6.70799990001
6.0940001
6.0930002
5.9649999
6.0150001
6.125
5.9720001
6.0599999
5.9820001
6.0899999
6.0
6.0320001
4.7010001
6.3910001
6.846
6.7059999
6.3349998
6.855
14.3690005
12.6175
18.905
20.23
20.4375
21.3
22.216
20.4100001
19.2859997
17.9289999
14.5039997
4.931
3.366
3.372
3.49
3.383
3.3660001
3.519
