37.100001
34.799999
35.8
36.400002
35.8
41.300001
43.6
46.799999
97.799999
147.800003
202.8
214.4
215.7
196.099997
197.799995
179.199997
156.400001
140.099998
126.299999
113.099998
66.0
42.7
40.399999
39.9
37.9
41.800001
41.4
41.6
42.0
46.699999
48.700001
52.400002
101.299999
153.5
180.5
194.900002
196.300002
184.200005
182.0
173.800003
138.400001
131.0
119.5
106.100003
75.0
48.300001
38.0
35.399999
38.5
37.299999
38.299999
38.400002
37.7
44.199999
47.599998
50.599998
103.800004
148.300003
197.499997
204.2
199.100003
186.599999
190.799995
170.099999
140.900002
129.700001
115.0
102.599998
62.800002
46.0
37.800001
37.699999
37.2
38.6
38.899999
38.8
38.600001
44.599998
47.3
50.100001
95.599998
145.400002
195.099999
199.800003
194.400002
185.599999
196.600006
181.900002
155.100006
125.399997
110.600003
109.200001
67.799999
40.4
37.899999
36.1
36.299999
38.5
38.4
40.0
39.199999
46.899999
49.5
54.300001
102.5
148.300003
186.800004
194.300003
192.900002
185.200005
180.200005
173.299995
137.300004
119.5
114.299999
93.200001
56.700001
37.4
35.699999
33.9
33.799999
37.5
37.0
36.5
35.299999
34.4
33.799999
34.700001
35.899999
35.100001
34.799999
32.300001
31.2
31.5
31.2
31.6
32.899999
34.200001
34.4
34.699999
34.299999
34.200001
33.699999
32.5
34.100001
33.1
34.200001
33.1
33.5
33.799999
33.600001
34.2
34.600001
34.700001
33.6
34.9
33.0
34.5
33.0
33.199999
34.699999
34.600001
33.9
34.100001
34.5999980001
34.600001
35.0
32.5
36.399999
34.6999990001
34.4000019999
34.200001
34.600001
41.0
42.799999
46.6
98.4000019999
145.799995
202.399997
190.5
193.200005
189.799995
183.599999
170.599999
149.399994
131.899998
118.0
104.5
60.3000009999
41.3000009999
38.8000009999
38.7
40.5999980001
39.6
39.799999
39.600001
40.1999990001
46.5
49.1999990001
55.899999
110.599998
165.199997
201.299997
141.795
210.3
205.2
134.385
210.9
188.5
168.700005
150.900002
152.700005
122.099998
62.299999
44.7
42.1
40.8000009999
43.700001
44.299999
44.6
43.299999
49.0
51.6
54.8000009999
102.400002
150.099998
199.000002
212.5
154.6775
198.199997
205.6
192.5
158.5
136.199997
116.399997
101.800004
65.8000020001
44.6
39.1999990001
37.7
39.1999990001
40.3
39.200001
38.6999990001
38.600001
46.899999
48.200001
54.700001
95.5
144.700005
187.300003
207.9
205.199998
195.7
192.700005
182.099998
151.0
132.200005
116.699996
97.0
63.0
44.299999
41.799999
39.8000009999
40.1999990001
40.600001
41.1999990001
41.2
42.1
46.9
49.0
51.3000009999
98.100003
146.400002
194.6
192.599998
208.4
198.8
200.599997
171.5
140.5
127.799995
114.100003
101.399997
64.400002
41.1999990001
39.9
39.0
38.799999
40.8
41.399999
41.200001
41.3000009999
41.1999990001
40.6999990001
42.0
42.299999
41.3
38.8000009999
37.8000009999
36.0999980001
35.8000009999
35.0
35.200001
35.100001
36.9
37.6
37.799999
38.4000019999
38.200001
39.0
37.6999990001
37.4000019999
39.0
39.5
39.1
37.5
36.9
36.700001
37.8000009999
38.8000009999
43.0
41.9
41.899999
39.9
37.399999
37.1999990001
36.6999990001
36.700001
39.2
38.299999
38.399999
39.0
37.899999
36.5
35.6
36.5
36.6999990001
36.4
37.200001
36.5
43.3000009999
45.100001
48.600001
105.899997
156.799995
190.199997
198.599998
202.4
191.300002
186.200005
176.099999
154.400002
132.300003
116.700001
101.5
60.1999990001
38.7
37.5
37.6999990001
39.3000009999
38.4
38.6
38.6
38.5
45.5
47.0
50.4000019999
101.299999
156.0
184.0
197.400002
203.299997
189.0
196.9
190.900002
153.599998
142.599999
130.800003
114.099998
71.3000020001
42.7
38.700001
38.5
37.100001
40.7
42.399999
43.6999990001
42.4
48.8000009999
50.5999980001
54.7
104.799999
154.700005
212.4
200.999997
208.199998
194.6
196.599998
183.0
159.5
135.900001
116.0
102.699996
60.499998
47.3000009999
36.200001
35.0999980001
38.4000019999
36.1999990001
36.8000009999
36.700001
35.4000019999
39.399999
41.0
46.299999
97.100003
156.800003
201.399997
198.900003
204.0
194.699997
192.400002
183.200005
155.300003
138.200005
119.5
113.400002
69.5
44.2
42.6999990001
40.6999990001
38.799999
41.899999
43.299999
42.200001
39.2
42.4
43.399999
49.4
92.900002
139.800004
173.400002
176.399994
179.599999
159.099999
116.899997
80.2999989999
44.3
42.1
40.100001
40.2
40.3000009999
39.299999
36.700001
35.5
36.0
36.7
36.399999
37.3000009999
37.3000009999
37.100001
37.0
36.5
36.3
35.399999
34.8
34.399999
34.5
34.0
34.0
34.6999990001
34.799999
37.299999
36.5999980001
37.899999
36.700001
36.6
35.4000019999
34.6999990001
38.6999990001
36.399999
38.1
36.3000009999
36.600001
37.4
36.100001
38.200001
37.6
36.0
36.0
36.4000019999
38.5
38.9000019999
38.899999
36.9
38.8000009999
40.9
41.6
42.200001
41.5
41.200001
39.6999990001
38.700001
36.8000009999
40.6999990001
39.600001
40.399999
40.1
40.9000019999
42.9
44.5
48.899999
55.2
57.0
56.399999
54.6999990001
53.200001
49.5
45.4
38.4000019999
41.8000009999
39.9
41.0
40.8000009999
39.200001
36.7
33.6
18.3734693674
0.746938734665
0.746938734781
0.746938734665
0.746938734665
0.746938734665
0.746938734781
0.746938734665
0.746938734665
0.746938734665
0.746938734781
0.746938734665
0.746938734665
0.746938734665
0.746938734781
0.746938734665
0.746938734665
0.746938734781
0.746938734665
0.746938734665
0.746938734665
0.746938734781
0.746938734665
0.746938734665
16.3734693673
18.7734693674
37.0
36.600001
36.5
35.7
34.5
35.0
32.5
30.9
30.7
30.4
29.8
30.0
29.5
30.8
32.7
35.1999990001
35.799999
35.399999
35.600001
34.799999
33.0999980001
31.6000000001
33.399999
32.4000019999
32.799999
33.0
33.299999
32.700001
34.5
34.9000019999
33.0
33.0
31.5
31.6
31.2000000001
30.2000000001
30.0
30.4
33.0
35.5
36.399999
36.6
36.6999990001
36.5
33.8
33.399999
35.0
34.399999
34.1999990001
34.200001
34.899999
34.6999990001
35.299999
36.0
34.200001
33.200001
32.2
31.5
31.3
30.7000000001
31.3
31.2
34.0
35.6
36.9
38.5999980001
39.3
38.4
35.0999980001
35.0
33.399999
36.8000009999
35.200001
32.799999
33.4
33.0
33.0
32.6999990001
33.5
31.5
31.7000000001
30.7999999999
30.2
30.6
30.2999999999
32.499999
33.000001
33.9000019999
35.1
35.1999990001
34.3000009999
33.899999
34.0
31.7
34.8
35.0
33.3000009999
33.0
32.4000019999
33.6
35.0
34.600001
33.899999
33.5
31.799999
31.6
30.1
29.5
29.9
30.2000000001
33.5
34.0999980001
34.1
34.6999990001
36.0
35.9
34.0
34.0
35.8000009999
35.6
34.799999
37.1999990001
36.8000009999
35.1999990001
37.0
38.8000009999
34.9000019999
34.0
34.0
32.5
31.1000000001
29.6
29.0
29.6
32.2000000001
37.5
36.600001
36.3000009999
37.5
37.8000009999
33.9000019999
33.600001
35.200001
34.8000009999
35.4
36.100001
36.600001
35.5
38.3
36.9
34.6999990001
35.0
33.4000019999
32.5
30.2999999999
29.2000000001
29.1
29.7
31.9
36.299999
35.700001
35.1999990001
35.8
37.0
33.5
31.5
33.2
34.9000019999
34.3000009999
34.100001
36.299999
34.799999
36.100001
37.5
34.6
31.5999990001
31.8000009999
30.5
29.6000000001
29.8
30.5
32.9
33.700001
36.5
36.899999
37.3000009999
37.1999990001
36.1
31.999999
31.3
15.9
32.2
33.200001
33.400002
32.599999
33.1
34.299999
35.1
32.0
31.5
30.0
31.3
30.2
30.0
29.9
31.200001
35.0
35.5
35.8
35.0
34.7
36.399999
36.4
35.899999
33.9
34.899999
34.4
34.0
34.0
35.300001
35.800001
36.899999
35.5
33.699999
34.0
33.299999
33.3
31.9
31.6
32.3
33.0
34.4
35.699999
35.300001
35.800001
34.899999
32.300001
31.3
32.0
32.100001
32.300001
32.400001
32.200001
32.4
32.799999
32.199999
32.900002
31.6
30.4
30.5
30.4
31.3
32.299999
31.1
31.1
32.800001
33.700001
33.7
34.0
33.199999
32.900002
31.2
35.099999
32.300001
32.799999
35.100001
33.199999
33.199999
32.5
32.3
33.1
31.8
31.2
30.9
30.2
30.2
30.5
30.9
31.6
35.6
33.3
32.7
33.5
32.899999
36.1
38.300001
41.2
34.0
32.099999
32.4
36.6
38.5
40.6
43.2
87.0
118.900002
109.0
143.5
150.800003
154.5
148.200005
146.300003
118.300004
110.400002
84.799999
56.299999
47.4
45.6
44.399999
42.900002
40.4
45.5
44.9
45.6
46.9
48.8
51.0
54.700001
105.199996
166.699997
210.4
150.1975
217.5
194.200002
183.299995
176.400002
148.099999
129.300004
120.599998
108.199996
66.800001
42.399999
37.599998
36.5
41.399999
39.4
37.799999
37.7
42.4
46.1
48.5
50.6
98.700001
148.700005
204.0
216.2
210.9
197.099998
191.699997
185.099998
161.699996
142.0
126.599999
110.700001
76.0
52.300001
44.300001
43.199999
42.4
45.700001
45.8
46.799999
47.6
50.5
52.5
55.600001
104.0
159.899994
204.900003
211.0
199.200002
185.800003
179.199996
181.599999
153.5
135.0
116.799999
101.900002
67.799999
42.100001
37.700001
38.299999
40.1
42.400002
40.299999
39.099998
44.799999
46.5
48.800001
54.5
97.0
147.799995
186.599999
200.999997
192.099999
187.599998
189.800003
188.0
153.600006
135.200005
122.600003
106.899997
62.399999
43.5
40.400002
39.600001
39.199999
43.2
42.1
43.1
44.299999
44.4
45.399999
46.7
45.400002
42.400002
41.1
42.700001
41.199999
41.399999
42.899999
47.6
50.8
53.300001
47.600001
38.9
38.100001
38.399999
38.300001
35.900002
36.800001
37.9
36.899999
37.199999
37.600001
38.0
37.900002
38.0
38.0
37.0
35.600001
35.399999
36.700001
35.300001
34.299999
34.8
35.9
37.399999
38.099998
37.100001
36.799999
37.8
35.5
34.799999
40.299999
37.4
37.7
36.7
43.299999
45.8
48.2
51.2
96.199996
153.0
203.3
216.5
210.9
193.200002
198.5
185.699997
151.299995
139.199997
124.900002
108.700001
65.000002
46.4
44.6
43.399999
42.4
45.099998
44.700001
44.300001
45.0
46.6
48.900002
55.6
101.399997
157.099999
196.900002
211.0
201.7
189.299995
179.5
186.599999
158.900001
137.0
122.200001
119.599998
70.899999
44.3
40.799999
40.199999
41.200001
42.100001
41.899999
41.7
45.600001
48.399999
51.300001
61.100001
108.799999
157.599998
195.900002
204.2
198.400001
183.0
184.699996
170.300003
138.400001
130.699997
125.700001
114.400002
78.400002
56.9
42.700001
39.399999
43.399999
44.9
44.300001
43.800001
49.0
48.9
47.900002
60.0
103.400002
154.0
195.700002
209.8
211.2
194.400002
191.300003
184.100006
151.300003
136.5
127.0
109.700001
71.700001
48.4
45.399999
43.299999
41.4
46.300001
45.799999
45.299999
49.199999
49.600001
49.4
58.399997
109.100003
160.0
187.699997
192.599998
190.0
182.099999
179.700005
171.599998
140.0
122.5
116.599998
105.900002
60.6
40.5
40.199999
37.800001
37.1
39.5
39.700001
40.7
39.9
40.0
40.399999
42.600001
46.599998
45.4
45.099998
42.600001
42.5
40.9
40.200001
40.799999
45.299999
48.6
49.399999
49.700001
38.100001
37.699999
36.700001
36.399999
36.5
37.400002
36.900002
36.9
36.899999
37.899999
38.200001
39.0
42.700001
39.899999
38.1
37.0
37.0
35.800001
33.8
34.0
34.6
36.1
37.5
37.699999
37.4
37.099998
36.3
35.899999
40.899999
38.0
37.1
37.4
42.299999
45.199999
46.1
56.5
111.899997
156.599999
195.5
206.8
205.1
199.1
183.199997
178.300003
146.400002
120.600003
123.299999
114.199996
70.599998
47.399999
46.899999
44.299999
40.6
45.899999
45.600001
45.5
45.700001
47.800001
48.799999
55.9
110.600003
158.300003
200.799998
202.0
210.1
202.700003
194.100006
181.699997
163.400002
134.099998
117.5
112.700001
67.599998
42.400002
40.199999
37.199999
39.399999
39.8
39.100001
39.1
43.400002
45.5
46.7
59.0
109.399997
152.599998
199.500002
211.5
207.5
194.700002
189.5
192.199997
154.800003
132.0
129.200001
126.799995
83.600003
56.399999
44.0
40.8
41.299999
42.799999
41.899999
41.700001
49.400002
49.200001
50.699999
61.199998
110.0
155.5
193.699997
212.1
205.9
194.999997
189.400002
187.5
160.400001
142.099999
135.799995
129.200005
73.900002
46.5
43.5
42.600001
40.100001
43.600001
43.199999
42.200001
49.800001
50.1
50.5
59.500002
109.800004
151.0
183.700005
191.599998
194.5
175.799995
166.199997
175.600006
140.199996
127.5
120.5
102.800004
57.800002
39.899999
38.7
36.400002
38.0
39.5
39.6
40.0
41.7
41.199999
38.899999
39.0
41.200001
39.2
39.4
38.600001
37.6
36.800001
36.900002
38.200001
38.099998
37.800001
37.699999
37.199999
38.5
36.5
36.1
37.600001
37.800001
40.0
40.0
38.799999
39.199999
39.100001
40.200001
39.0
40.299999
39.100001
37.699999
37.399999
38.0
37.199999
36.100001
36.699999
36.600001
37.2
37.700001
36.9
36.5
36.4
35.799999
35.799999
38.700001
37.799999
38.900002
39.100001
45.8
47.3
47.6
57.300001
102.799999
138.0
178.700005
189.800004
197.7
183.699997
180.900001
175.0
147.5
129.800004
122.599998
98.0
63.299999
44.5
42.399999
40.300001
39.100001
42.4
43.099998
43.1
49.299999
50.800001
52.099998
61.9
114.099998
159.899994
192.800003
217.1
213.9
196.4
186.799995
184.800004
157.300003
135.0
119.0
108.299999
68.900002
41.9
39.9
38.099998
40.899999
38.6
39.200001
40.399999
46.299999
47.1
48.5
57.200001
102.300004
142.899994
186.5
202.0
198.6
184.0
171.299995
169.599998
128.600003
117.099998
118.799999
114.900002
91.200001
58.100001
47.200001
40.799999
42.6
44.0
43.699999
43.600001
47.600001
51.2
51.3
58.599998
104.399997
144.199996
179.699996
206.9
194.700005
189.499997
191.100006
194.199997
158.200005
132.200005
118.200001
113.099998
75.300001
46.300001
44.200001
40.800001
40.199999
44.299999
42.599998
41.899999
51.0
49.7
50.199999
58.399997
107.5
138.600006
180.099998
192.300004
180.199996
168.699997
172.400002
166.099998
131.300003
113.799999
116.700001
109.099998
62.9
41.4
40.5
38.5
38.899999
41.399999
41.399999
40.8
40.899999
42.199999
41.700001
40.599998
41.9
39.2
42.100001
41.699999
42.200001
37.899999
38.199999
35.899999
37.4
38.299999
39.5
38.200001
38.199999
37.800001
36.9
37.700001
38.5
38.800001
40.099998
38.300001
41.4
39.400002
39.100001
39.799999
40.5
40.200001
38.5
37.799999
37.9
38.099998
36.700001
37.0
37.899999
38.0
40.4
39.799999
40.5
40.7
38.199999
39.0
40.1
39.7
39.5
40.0
46.399999
48.299999
47.799999
58.799999
113.100003
150.5
208.8
203.400003
199.199998
190.100006
189.600006
171.900002
138.400001
128.5
122.400002
107.599998
66.899997
44.099998
42.400002
40.199999
42.799999
42.9
42.199999
41.9
48.2
49.699999
49.400002
61.700001
108.899997
147.599999
189.300003
192.399994
184.0
171.800004
170.900001
166.599999
141.200005
128.200001
118.299999
115.799999
81.399997
55.400002
47.300001
43.900002
42.1
45.600001
46.399999
45.6
53.2
54.800001
55.600001
69.900002
115.800004
153.299995
185.400001
203.1
190.799995
181.199997
183.0
173.900002
144.700005
131.300004
121.799999
125.200001
84.099998
54.700001
42.0
38.800001
40.299999
41.8
40.900002
40.599998
48.0
47.5
50.0
61.799999
109.5
150.099998
195.5
203.3
199.4
189.799995
184.099998
186.5
145.900001
127.5
116.0
109.299999
73.200001
46.0
44.0
40.8
42.599998
42.799999
42.200001
43.799999
49.4
52.799999
52.799999
63.099998
115.099998
139.900002
174.400002
182.0
186.799995
172.5
168.099998
162.699997
124.599998
113.5
110.300004
98.800004
63.399999
45.3
44.699999
42.399999
41.300001
43.299999
43.0
43.5
44.100001
44.600001
44.4
45.399999
49.399999
50.400002
50.899999
51.400002
38.299999
37.399999
38.0
38.599998
37.5
37.9
38.699999
39.299999
39.900002
38.5
38.100001
38.699999
39.0
40.799999
40.9
40.600001
40.099998
40.299999
40.2
40.800001
41.700001
40.100001
39.7
39.399999
38.199999
36.4
36.100001
36.3
35.900002
37.099998
37.399999
38.299999
38.200001
38.1
37.700001
38.399999
38.8
40.799999
41.799999
42.3
48.0
48.199999
48.0
57.900002
107.900002
149.200005
184.5
191.699997
192.500002
182.0
181.699997
163.100006
130.800004
112.5
104.5
98.5
62.600001
41.5
39.800001
38.2
38.399999
39.5
39.6
38.2
45.5
46.200001
47.5
59.299999
115.299999
161.200005
199.000003
206.1
202.399998
192.3
185.100006
186.699997
156.0
126.699996
115.700001
108.100003
67.300002
42.5
40.200001
38.1
40.299999
39.3
39.0
37.0
42.100001
46.1
46.399999
54.3
103.100003
144.199996
195.199997
206.6
209.800003
188.800002
182.099999
182.799995
150.399994
131.800003
129.699996
132.5
101.200001
65.300002
45.300001
41.9
39.6
43.0
44.299999
41.2
52.300001
50.399999
49.599998
62.900002
107.700001
150.199997
186.0
206.1
193.400002
180.100006
180.100006
161.900002
125.600002
111.700001
100.0
102.700001
68.299999
42.299999
39.699999
37.199999
37.199999
38.9
38.9
37.200001
40.700001
46.0
45.299999
57.199999
107.699996
144.5
202.9
207.2
208.8
196.0
187.099998
176.600006
135.900002
114.900002
104.099998
63.700001
40.800001
39.8
38.699999
36.400002
35.5
36.5
36.800001
36.699999
36.599998
37.6
37.6
38.300001
39.199999
37.199999
37.1
36.5
36.200001
36.5
35.7
34.600001
34.200001
35.400002
36.100001
36.0
36.299999
35.700001
34.9
35.5
36.399999
36.8
37.5
36.5
36.699999
37.399999
37.400002
38.1
39.1
37.4
37.4
36.3
36.700001
36.200001
35.2
34.5
35.0
35.1
35.6
36.0
36.4
35.600001
35.399999
36.1
39.8
36.399999
36.899999
36.199999
37.299999
45.799999
44.699999
48.700001
58.300001
75.200001
103.200001
105.900002
103.599998
97.300004
78.299999
73.299999
55.200001
43.899999
45.399999
46.700001
47.0
46.300001
46.100001
43.9
42.5
44.5
44.799999
44.399999
44.900002
53.400002
52.5
57.0
64.599998
75.200001
88.0
86.0
87.399997
78.599998
69.799999
66.0
47.699999
43.199999
44.0
44.5
44.9
44.3
43.600001
41.5
39.599998
42.2
42.300001
42.0
42.700001
51.200001
50.600001
54.5
63.3
76.900002
87.700001
80.600003
82.299999
77.700001
66.699998
61.5
44.9
38.700001
40.5
41.0
40.799999
40.699999
39.400002
36.5
35.899999
37.1
38.0
37.799999
39.100001
48.0
46.100001
50.8
60.1
70.700001
79.799999
75.0
88.0
84.299999
69.5
60.800001
43.2
36.4
38.5
39.100001
39.0
38.600001
37.5
35.9
34.6
35.799999
36.0
35.900002
38.300001
46.0
45.9
50.5
59.100001
71.0
75.5
68.200001
67.299999
60.4
50.699999
42.299999
32.000001
34.5
35.599998
37.0
37.0
37.5
36.4
33.9
35.800001
35.2
34.800001
34.700001
34.4
35.099998
35.699999
36.5
36.699999
35.5
34.5
33.300001
32.699999
31.6
31.8
31.2
32.299999
32.199999
33.4
34.400002
35.0
34.699999
34.800001
34.699999
35.299999
36.200001
36.399999
36.2
36.699999
36.700001
37.400002
37.1
38.099998
36.1
35.600001
34.799999
34.9
35.100001
33.799999
33.200001
33.1
33.799999
33.699999
34.9
33.5
35.599998
35.8
35.5
37.0
33.9
35.1
33.800001
34.699999
42.799999
42.700001
55.9
105.299999
146.099998
202.499997
208.5
205.8
189.200005
187.799995
178.199997
141.0
125.900002
112.199996
106.0
72.300002
42.900002
42.099998
39.699999
39.799999
43.600001
43.5
42.5
49.100001
49.300001
50.399999
63.100003
111.100003
148.0
180.599998
193.300004
185.300003
181.0
173.199996
169.5
136.099998
112.600003
100.899997
99.100003
71.399999
42.2
38.7
36.9
36.899999
38.3
37.7
37.1
44.799999
44.699999
45.399999
55.9
106.699996
143.299995
199.800003
205.8
190.099999
181.600006
178.099998
175.900001
139.800003
122.599998
115.5
111.5
83.100003
56.799999
42.5
37.799999
37.800001
38.5
39.299999
39.1
43.3
46.0
46.200001
59.299999
105.100003
148.700005
200.200003
209.1
202.9
191.699997
183.300003
160.699997
135.199996
120.699996
110.699996
105.700001
66.4
41.6
39.199999
35.5
37.6
37.900002
38.399999
38.199999
44.300001
45.6
45.1
58.799999
109.399997
142.900001
170.899994
181.599999
188.0
179.900002
173.700005
161.900001
129.100002
107.299999
96.0
99.700001
63.800002
42.199999
41.599998
39.1
38.400002
39.4
39.2
39.4
41.300001
41.5
40.5
42.5
41.5
41.600001
42.199999
43.099998
45.2
46.7
45.899999
41.100001
34.900002
34.699999
34.799999
36.5
35.600001
36.600001
38.5
37.400002
37.199999
38.600001
39.0
40.3
41.3
40.899999
39.800001
41.200001
40.0
39.300001
36.1
35.6
36.299999
37.699999
37.199999
37.6
35.699999
34.899999
35.4
35.800001
36.5
35.5
35.5
34.600001
18.7693877551
0.73877551021
0.738775510195
0.73877551021
0.738775510195
0.73877551021
0.73877551021
0.738775510195
0.73877551021
0.73877551021
0.738775510195
0.73877551021
0.738775510195
0.73877551021
0.73877551021
0.738775510195
0.73877551021
0.738775510195
0.73877551021
0.73877551021
0.738775510195
0.73877551021
0.738775510195
0.73877551021
21.7693877551
19.1693867551
37.6
36.200001
43.899999
45.300001
44.9
56.600003
103.900002
137.399998
176.600006
190.0
185.0
175.5
175.199997
159.699996
142.700005
126.700001
111.900002
111.900002
80.299999
45.899999
43.200001
41.900002
41.0
42.899999
43.899999
43.4
51.600001
52.0
52.599998
62.0
108.700001
138.900001
173.199997
180.400002
187.400001
172.899994
163.0
157.900001
132.299999
119.400002
109.0
108.5
81.100003
51.8
42.099998
38.299999
38.699999
40.600001
40.600001
40.399999
46.399999
47.6
46.199999
59.600003
101.599998
144.899994
178.199996
173.5
182.400002
178.800004
176.200005
179.900001
142.199996
118.5
106.799999
111.099998
69.0
42.699999
40.800001
37.300001
36.200001
40.100001
39.299999
38.200001
39.700001
47.399999
44.300001
56.4
103.5
136.400001
154.5
173.400002
178.900002
178.0
158.900001
150.099998
122.299999
104.200001
95.700001
97.700001
59.100003
37.5
36.699999
33.700001
33.6
34.699999
33.600001
35.200001
35.300001
35.0
35.199999
34.5
35.599998
35.5
33.699999
32.399999
31.8
31.2
31.4
30.3
30.0
30.5
32.2
33.399999
33.399999
33.0
33.0
32.9
33.6
34.0
33.5
34.6
35.3
34.800001
34.300001
34.699999
35.5
34.799999
34.100001
34.0
34.1
33.5
32.700001
31.6
30.3
31.7
32.899999
33.5
33.800001
33.0
33.299999
32.399999
34.7
33.9
34.0
35.0
42.200001
42.300001
41.6
53.0
96.400002
141.5
188.900002
199.0
204.900003
199.0
196.299995
184.299995
143.0
128.300003
119.0
115.299999
68.399997
38.7
37.5
34.299999
35.600001
35.9
36.199999
36.799999
44.0
43.699999
42.399999
54.4
104.300004
132.200001
160.200005
168.300003
182.900001
176.899994
163.5
151.5
122.399997
119.700001
108.600003
102.400002
70.100001
41.5
38.899999
35.0
35.700001
36.799999
36.5
36.599998
37.699999
45.199999
42.100001
54.1
107.400002
137.0
192.600003
153.8875
205.6
197.599997
183.099998
180.300003
155.099999
131.100002
116.900002
116.200001
79.299999
52.0
38.600001
35.5
36.0
36.599998
37.0
37.300001
39.299999
41.6
44.1
56.699999
103.199996
137.700005
178.699996
188.300004
189.099999
183.5
172.700005
174.700005
143.099998
122.600003
108.200001
104.900002
67.800001
39.199999
37.1
34.200001
35.100001
36.900002
36.0
35.900002
37.1
44.5
42.699999
51.9
84.299999
119.899997
130.900002
138.200005
136.300003
132.700005
131.199997
118.900002
86.299999
63.299999
46.5
48.099998
39.1
37.100001
36.6
33.600001
34.099998
34.400002
34.1
35.1
35.700001
35.799999
35.599998
35.899999
36.1
35.100001
34.100001
33.5
32.299999
33.2
33.199999
32.800001
33.099998
33.599998
33.9
33.6
34.300001
33.700001
33.0
33.899999
34.199999
34.3
34.5
34.600001
36.2
35.600001
35.400002
36.1
35.699999
34.600001
33.799999
33.799999
33.4
32.399999
33.200001
33.299999
32.899999
32.699999
33.699999
34.3
33.4
33.300001
33.200001
32.9
35.5
34.6
33.5
34.4
42.799999
43.5
42.5
55.000002
98.899997
137.5
182.299995
194.399994
204.8
191.700005
184.199996
176.599999
141.300003
114.799999
109.800004
97.399997
58.300001
40.3
39.100001
37.2
39.399999
38.6
38.6
39.799999
46.899999
46.5
48.0
58.699999
106.900002
137.5
169.5
185.700005
183.200005
172.699996
174.700005
166.300003
132.0
122.799999
108.400002
104.899997
72.0
45.4
42.6
39.8
38.300001
45.399999
48.100001
47.8
53.2
45.8
42.900002
55.599998
98.0
123.799995
158.699996
174.199997
168.400001
155.699997
160.5
154.699997
114.899997
105.0
96.600003
102.200001
82.799999
52.899999
37.899999
34.5
35.2
36.199999
36.299999
36.600001
36.9
45.300001
43.299999
57.300002
99.5
132.799999
157.300004
172.599998
169.800003
157.200005
155.100006
149.599999
118.299999
101.400002
90.700001
96.0
67.100003
39.699999
36.9
34.100001
35.700001
36.299999
35.9
36.300001
36.900002
41.5
44.5
53.800001
99.599998
121.600003
153.799995
171.900002
173.699996
159.100006
143.0
134.400002
109.0
96.900002
88.0
93.200001
59.900002
45.0
43.800001
39.1
34.299999
35.900002
35.5
37.1
36.4
36.199999
36.599998
37.299999
36.1
34.700001
32.200001
32.7
32.000001
31.1
31.1
29.5
30.5
31.2
32.299999
33.5
34.0
33.9
32.799999
33.399999
34.699999
34.5
34.6
35.399999
35.300001
35.8
35.600001
35.5
35.799999
34.5
33.3
32.6
32.499999
31.800001
29.7
29.3
30.2
32.300001
32.799999
33.0
33.699999
33.699999
33.399999
33.399999
35.800001
34.100001
34.300001
35.200001
42.399999
42.6
42.299999
53.600001
103.5
138.699996
180.300004
190.800004
194.700003
186.599998
185.5
178.600006
143.199996
124.0
114.0
101.799999
60.0
39.0
38.799999
35.300001
37.4
36.1
37.9
37.5
41.299999
46.4
44.800001
58.600001
104.300004
134.100003
167.600006
175.899994
180.099998
170.199997
165.799995
174.400001
140.799995
112.599998
104.900002
102.5
73.899997
48.299999
42.900002
37.1
39.800001
38.399999
37.899999
39.4
41.799999
47.200001
46.299999
58.200001
107.200001
126.700001
164.599998
176.900002
178.400002
165.800003
160.299995
154.099999
135.0
117.100003
107.099998
102.200001
76.399997
57.600001
46.799999
40.9
39.899999
43.0
44.700001
44.199999
46.300001
56.100001
58.0
68.599998
114.5
136.599998
172.100006
176.699997
177.400001
165.599999
170.0
161.900002
132.800003
115.5
97.799999
92.5
63.600003
40.699999
39.300001
35.8
37.5
37.699999
38.0
38.799999
39.0
43.899999
47.100001
56.0
98.399997
124.700001
152.800003
170.799995
170.599999
160.599999
156.599998
156.900002
111.600003
93.299999
94.700001
98.400002
63.800001
48.299999
45.300001
38.799999
39.4
39.099998
38.699999
39.799999
38.700001
41.599998
46.699999
49.800001
56.5
58.399999
59.6
59.299999
64.600003
65.5
69.400002
69.699996
69.599998
53.5
40.9
41.200001
45.300001
38.799999
36.700001
38.0
36.600001
39.199999
37.399999
35.5
38.1
41.799999
50.5
54.199999
54.599998
55.399999
54.400002
54.0
51.600001
51.600001
49.4
45.6
39.0
35.800001
33.5
33.199999
32.700001
32.2
32.5
36.5
31.8
33.299999
32.9
35.0
41.300001
40.0
45.799999
56.6
65.700001
63.299999
63.399997
63.0
51.9
41.399999
32.5
32.0
34.6
38.3
40.100001
40.700001
41.099998
39.2
37.700001
35.2
38.099998
38.7
37.7
39.0
43.199999
41.5
45.9
65.0
74.5
70.5
69.100003
64.600003
59.9
47.299999
34.100001
32.800001
32.700001
33.600001
34.699999
35.8
35.899999
33.799999
31.9
32.3
32.799999
32.200001
32.1
34.699999
41.799999
39.5
44.1
58.400002
63.999998
61.600001
63.499998
63.399999
57.5
50.1
36.0
33.9
35.700001
34.600001
36.100001
35.799999
35.399999
33.399999
31.5
33.0
32.200001
32.699999
32.5
34.599998
41.3
40.800001
45.5
58.3
60.5
63.699998
64.299999
62.0
58.400002
44.699999
34.4
34.799999
36.700001
36.100001
35.900002
36.6
36.099998
34.300001
32.700001
33.4
33.200001
33.599998
33.399999
35.0
42.700001
41.1
41.899999
42.0
36.600001
34.300001
34.299999
33.6
33.0
33.0
33.2
33.699999
35.199999
35.399999
35.699999
37.800001
36.699999
34.899999
33.200001
34.1
33.5
33.5
33.100001
33.399999
40.5
38.4
38.2
38.100001
36.199999
34.5
32.6
33.199999
32.700001
32.300001
31.5
33.399999
34.199999
33.100001
34.300001
33.600001
32.899999
32.399999
32.8
33.5
33.6
33.300001
33.600001
33.9
38.4
38.899999
37.1
37.4
35.700001
33.399999
32.599999
32.5
32.300001
31.2
33.100001
32.899999
33.3
32.700001
33.600001
33.599998
33.199999
33.3
33.400002
33.4
33.200001
33.699999
34.1
36.200001
36.899999
42.9
41.800001
41.300001
36.0
33.300001
32.8
31.3
30.1
29.4
29.5
30.1
32.900002
32.800001
34.6
35.599998
36.600001
34.0
32.7
34.1
33.5
33.299999
34.200001
35.699999
36.200001
38.300001
43.700001
48.9
48.7
47.199999
45.299999
45.100001
43.400002
37.0
32.300001
32.700001
34.300001
35.0
36.600001
37.200001
37.399999
35.700001
34.100001
34.1
34.5
35.7
36.9
36.900002
37.4
37.299999
45.899999
48.299999
46.700001
44.2
43.100001
40.799999
38.800001
36.299999
29.1
29.0
32.399999
32.799999
34.300001
35.599998
35.6
33.6
31.8
36.600001
32.600001
32.9
35.200001
34.9
35.100001
35.5
44.199999
48.699999
50.399999
49.600001
47.9
47.1
42.100001
36.399999
35.1
34.9
37.700001
39.5
40.1
42.0
41.700001
40.5
38.5
35.899999
39.5
39.199999
39.5
43.0
41.5
47.899999
49.300001
54.6
49.799999
47.200001
44.1
39.099998
34.1
29.9
28.4
28.4
31.1
33.5
35.3
36.0
35.799999
33.3
31.7
32.6
32.599998
32.7
32.2
32.199999
33.5
33.2
32.600001
32.600001
30.6
30.8
29.9
30.1
28.8
28.6
28.8
30.0
30.2
32.5
32.8
32.8
32.600001
31.8
32.0
33.5
33.099998
32.6
32.799999
33.0
32.800001
33.200001
32.000001
31.999999
30.2
30.7
29.7
32.6
31.800001
31.3
32.000001
34.100001
33.100001
32.3
33.0
32.5
32.0
32.200001
31.5
37.1
32.199999
32.100001
32.699999
39.099998
41.299999
48.0
101.0
140.600006
181.600006
175.900001
171.599999
162.200005
155.300003
145.799995
116.700001
101.5
94.700001
98.399997
61.700001
43.100001
42.8
41.299999
40.5
39.099998
41.199999
41.9
41.099998
43.9
50.200001
60.600001
114.300004
151.299995
182.300004
183.400001
183.200005
172.900002
177.0
163.0
116.700001
97.400002
84.899997
82.799999
59.700001
39.3
39.5
36.799999
35.199999
37.099998
36.700001
36.3
36.700001
37.700001
41.799999
52.299999
98.700001
143.200001
163.299995
167.0
160.0
145.099998
106.700001
96.5
85.900002
74.099998
75.0
58.799999
41.799999
42.699999
39.599998
37.299999
36.0
37.400002
36.600001
36.6
36.100001
38.5
37.6
51.899999
98.0
127.600002
165.600006
167.0
168.0
148.400002
147.5
140.5
113.099998
100.199996
82.899997
79.200001
53.899999
38.900002
39.299999
36.899999
35.300001
36.1
36.799999
36.9
36.3
38.8
38.199999
56.299999
100.700001
130.400001
156.200005
178.599998
174.099999
160.900002
153.599999
148.699997
113.599998
98.799999
85.799999
84.100003
54.0
39.4
38.800001
36.9
35.699999
37.100001
37.1
37.699999
37.0
37.6
36.799999
36.899999
36.799999
36.5
34.4
32.5
32.6
30.9
30.4
29.6
28.6
30.1
31.1
32.299999
33.299999
35.600001
36.0
35.1
35.5
36.5
36.800001
36.9
36.9
36.200001
37.6
37.1
36.200001
36.3
34.300001
33.100001
32.499999
30.4
31.1
30.8
31.0
33.4
33.799999
34.199999
34.400002
35.600001
35.1
35.200001
34.5
37.899999
36.0
35.900002
36.3
40.199999
44.800001
55.099998
100.0
132.199996
172.5
166.800003
174.400001
155.200005
147.400001
140.0
115.0
93.600003
83.899997
77.100003
54.0
42.6
42.5
41.099998
39.1
40.7
40.3
43.199999
42.199999
44.0
44.699999
56.899999
100.799999
131.299999
165.899994
161.699996
165.200005
155.5
169.699997
166.699996
120.700001
99.200001
85.599998
78.299999
55.200001
41.599998
42.300001
40.199999
39.600001
39.699999
40.200001
40.9
40.699999
42.300001
42.1
56.0
101.399997
131.599998
171.599999
178.800003
170.200005
152.900002
145.800003
141.400002
115.900002
100.600003
88.199996
81.700001
62.200001
49.600001
42.2
39.399999
38.700001
39.4
38.799999
39.399999
38.5
39.899999
40.1
53.200001
96.200001
140.900002
170.599998
176.200005
170.900002
161.800003
151.100006
148.699997
116.099998
108.0
91.099998
72.900002
51.800001
41.199999
42.300001
40.800001
39.3
40.100001
39.900002
40.0
39.399999
38.8
39.100001
46.0
91.200001
131.300004
174.599999
181.300003
181.0
166.400001
156.899994
157.099998
124.199996
105.599998
90.200001
77.5
54.699999
43.100001
42.600001
40.3
38.9
38.700001
41.0
40.5
41.100001
40.5
41.0
41.899999
41.700001
42.0
41.700001
41.0
44.1
44.4
44.399999
42.0
32.2
33.1
33.5
35.599998
35.200001
36.099998
36.5
35.5
35.199999
37.700001
38.3
37.3
37.2
36.5
36.599998
37.5
37.199999
36.700001
35.799999
35.600001
34.3
34.0
32.8
31.5
31.2
32.600001
32.700001
34.799999
34.700001
36.0
36.5
35.5
35.200001
36.899999
37.800001
37.1
36.9
44.0
44.199999
54.799999
96.099998
134.800004
162.400002
167.800004
189.100002
175.599999
154.699997
146.900002
125.5
105.600003
87.099998
84.900002
54.700001
40.5
41.100001
38.700001
36.2
37.699999
39.0
38.9
37.7
36.699999
37.700001
48.099998
93.200001
139.0
168.0
183.5
182.400001
171.599998
167.599998
157.299995
125.999996
104.099998
87.5
85.400002
60.200001
44.4
44.6
39.6
37.5
19.8166512125
0.0333044249855
0.0333044249855
0.0333044249564
0.0333044249855
0.0333044249855
0.0333044249855
0.0333044249564
0.0333044249855
0.0333044249855
0.0333044249855
0.0333044249564
0.0333044249855
0.0333044249855
0.0333044249855
0.0333044249564
0.0333044249855
0.0333044249855
0.0333044249855
0.0333044249564
0.0333044249855
0.0333044249855
0.0333044249855
0.0333044249564
37.17
37.9475
37.9775
37.9825
38.8575
40.545
45.135
63.625
95.9175
119.8475
137.8675
141.84
136.965
130.9775
125.04
107.26
89.8675
78.9125
74.8725
66.2825
52.0825
42.9975
39.9375
37.955
37.4475
38.1475
38.1025
38.0175
38.89
40.6125
45.44
62.55
96.015
119.8375
135.275
140.755
135.5875
127.0425
119.5675
102.4875
85.065
74.1275
67.8975
59.32
47.0075
40.7625
38.3925
36.49
35.4925
35.6725
36.54
36.8275
37.0275
37.675
37.9825
38.185
38.5325
38.03
37.635
37.36
37.1175
36.8725
36.795
36.0325
36.2075
35.765
35.195
35.295
35.5575
35.395
34.9375
34.75
35.4275
35.7725
35.69
35.53
35.4525
35.785
36.1025
36.1925
36.3725
35.785
34.895
34.3625
33.135
32.0025
30.5275
30.0675
33.2975
34.395
34.4975
34.7325
34.875
34.78
34.35
34.175
35.405
34.4775
34.1575
34.9875
37.215
39.505
45.1725
65.2925
89.3475
112.8475
128.3425
132.805
128.405
120.5825
114.2125
100.3675
83.8325
73.0175
67.6025
61.2075
47.835
40.895
38.4675
36.41
37.0575
37.4275
38.0275
38.29
39.5325
41.425
47.2375
67.8275
100.02
124.995
138.8475
140.405
136.195
131.54
123.315
105.7475
87.165
76.06
69.2475
64.14
51.7375
43.275
39.5325
37.295
36.76
36.3675
36.5175
36.445
37.38
38.7225
42.99
61.4375
88.9825
117.5075
131.8275
135.4175
129.5025
120.3725
113.11
99.005
85.37
78.2575
72.8675
65.585
53.845
43.8325
38.1525
35.4275
37.135
37.8575
37.805
37.7225
38.3975
39.875
44.715
63.92
90.86
114.8125
131.47
135.455
129.365
123.7675
116.875
100.36
83.7225
72.825
72.12
64.05
50.56
42.715
40.0275
38.05
37.6425
38.3175
38.38
38.09
38.6475
40.2175
45.2075
63.205
91.6275
114.69
130.8175
135.4925
129.695
122.7675
115.335
98.0775
81.825
71.8625
65.9775
56.8725
45.2075
40.12
38.125
36.2725
35.05
35.205
36.4575
36.8375
36.8175
37.1175
37.2275
37.2075
37.4175
36.89
36.6075
36.37
35.73
35.3225
34.83
34.7125
35.2675
35.33
34.96
35.3075
35.82
35.7525
35.3975
35.195
35.8125
36.24
36.25
36.0425
35.875
36.1325
36.26
36.3
36.3475
35.6025
35.035
33.4975
32.015
31.065
30.3275
30.5025
32.18
32.3925
32.98
33.435
34.4625
34.6525
34.52
34.385
35.4525
34.65
34.29
34.5775
36.2225
38.2175
44.9425
66.2875
85.5125
108.95
125.6225
131.8175
127.9925
119.8925
112.8825
97.8525
81.5075
71.2725
66.5025
59.5125
46.8
40.735
38.4825
36.3675
37.14
37.58
38.12
38.6675
39.78
41.6475
48.2125
69.2875
98.3425
121.2475
134.295
136.805
132.875
128.3175
121.0275
101.695
83.8125
73.875
67.8525
62.0375
50.32
43.2425
40.0025
38.0025
37.545
37.1575
37.315
37.2225
38.135
39.195
43.79
63.135
93.7675
118.9025
131.8975
131.455
126.215
117.785
110.0425
94.41
79.3525
70.905
66.055
60.7225
50.72
42.4675
37.94
35.5525
37.415
37.9675
37.77
37.6775
38.11
39.2275
44.305
64.6475
99.13
124.3425
141.295
146.15
142.1725
136.1875
129.6225
109.07
91.4025
83.26
73.695
61.7725
49.01
42.5775
40.3775
38.4325
38.0
38.675
38.6725
38.5775
38.99
40.1425
45.445
64.3425
92.8525
115.305
131.5325
133.8725
124.5275
118.525
111.3825
92.6225
78.6725
70.3675
64.42
55.22
44.555
40.175
38.245
36.2975
34.6675
34.6125
36.2125
36.6875
36.77
36.995
37.0225
37.07
37.0375
36.465
35.9125
35.25
34.77
34.73
34.8025
34.565
35.3275
35.2725
34.9875
35.3575
35.785
35.85
35.6225
35.4675
36.22
36.66
36.585
36.42
36.3425
36.45
36.67
36.535
36.2225
35.45
34.86
34.575
34.1975
33.94
33.785
33.6525
33.95
34.3075
34.7875
35.2275
35.5775
35.5925
35.2625
35.01
36.175
35.5075
35.1425
36.22
37.825
39.635
46.4675
68.78
97.065
122.37
135.1075
142.785
136.2525
123.7575
118.6075
102.46
87.39
77.97
74.4375
60.62
46.2275
41.065
38.9575
36.795
37.785
38.09
38.62
39.375
40.4225
41.955
48.9475
70.6325
103.8225
128.7775
141.5925
142.4825
136.3475
131.7875
129.1875
105.7075
91.6425
78.0475
72.205
61.75
48.9575
43.08
40.29
38.3025
37.88
37.65
37.855
37.6425
38.185
39.03
44.055
64.4175
96.32
118.82
131.195
136.0875
128.085
118.1325
109.9775
93.8575
79.0875
71.1125
68.5575
62.9925
51.7775
42.9575
38.3325
35.9125
37.57
38.2
38.0575
38.0275
38.2925
39.085
44.3675
65.25
93.31
113.97
129.475
131.1925
125.8225
120.2375
113.65
94.5375
78.4
69.445
68.75
59.4925
47.3925
42.1725
40.22
38.29
37.8925
38.3875
38.2775
38.1675
38.4225
39.3725
45.0075
64.8875
88.86
110.95
125.2
126.93
122.7025
119.5325
112.0975
92.025
76.7975
68.93
63.17
53.7175
43.6875
40.025
38.2625
36.4975
18.5166522125
18.6166522125
38.200001
37.2
37.1
37.7
36.5
36.8
35.5
34.100001
34.399999
32.9
32.299999
32.699999
32.4
34.700001
34.6
34.099998
33.600001
35.599998
35.300001
36.799999
36.399999
36.300001
37.4
37.700001
37.400002
37.100001
37.0
36.399999
36.700001
36.9
36.300001
34.699999
35.5
34.300001
33.8
34.399999
34.300001
33.800001
32.6
32.899999
33.3
34.5
35.9
36.899999
36.700001
36.4
36.799999
37.4
36.6
39.200001
39.100001
42.4
45.599998
46.200001
40.300001
37.400002
36.600001
35.199999
35.1
34.699999
36.299999
34.1
35.0
36.900002
38.299999
37.6
38.5
39.2
38.3
36.700001
37.700001
36.699999
36.9
39.199999
38.600001
42.899999
46.1
46.400002
48.600001
51.200001
51.0
48.399999
41.2
37.7
33.4
30.6
30.5
33.400002
34.699999
35.6
36.699999
38.300001
38.100001
36.1
37.0
36.200001
36.5
35.600001
36.300001
36.1
36.399999
39.0
43.799999
45.1
42.599998
41.299999
39.9
37.699999
34.899999
32.699999
36.7
39.299999
39.699999
42.900002
39.200001
38.200001
37.3
34.9
35.799999
36.299999
36.5
36.300001
35.899999
36.1
36.2
38.0
42.600001
39.300001
38.599998
38.0
38.8
37.800001
34.200001
30.4
31.3
34.6
34.399999
36.0
37.0
38.7
37.399999
35.0
36.0
35.599998
35.599998
35.700001
36.5
36.2
35.600001
38.5
42.4
43.7
42.100001
41.399999
40.5
37.399999
34.5
32.100001
32.4
34.100001
36.0
36.799999
37.800001
39.5
37.0
35.600001
35.9
36.399999
35.699999
36.0
35.699999
35.900002
36.0
35.200001
34.4
32.699999
32.4
30.9
30.3
29.6
30.1
29.9
32.600001
33.099998
33.400002
34.100001
34.699999
35.199999
35.5
35.0
35.8
35.799999
35.600001
36.099998
36.0
35.5
35.5
35.200001
34.3
33.699999
33.200001
33.800001
32.3
32.0
32.600001
32.299999
32.600001
32.799999
34.199999
35.9
35.799999
35.100001
35.600001
34.800001
36.299999
35.699999
35.7
37.899999
39.699999
43.699999
58.800001
102.0
136.900002
168.400001
186.099998
188.5
175.800004
161.800004
158.900001
131.299995
105.799999
96.099998
94.0
59.900002
42.699999
43.400002
39.099998
35.5
40.4
39.899999
43.899999
43.700001
47.5
48.2
62.399999
101.799999
152.100006
181.900002
196.199997
199.900003
183.0
181.399994
170.299995
125.5
107.400002
97.900002
93.899997
62.299999
46.399999
46.700001
43.699999
42.3
41.4
44.0
45.1
43.300001
44.199999
45.4
61.100001
100.700001
146.599999
179.399994
190.699997
192.300003
180.400002
169.099999
158.5
122.100002
104.900002
95.200001
97.200001
69.400002
50.199999
42.300001
40.2
38.799999
40.5
39.5
39.1
39.5
38.8
39.800001
51.700001
90.299999
136.300004
159.0
174.100006
176.5
164.199996
152.699997
142.700005
106.5
87.299999
80.900002
76.5
50.6
41.200001
41.699999
41.100001
38.800001
39.899999
40.4
40.600001
40.5
40.1
42.700001
54.4
93.799999
137.099998
170.099998
175.199996
174.099998
168.400002
166.900002
152.800003
111.599998
86.200001
76.899997
62.200001
48.0
40.199999
41.8
39.800001
38.800001
39.0
39.1
39.1
39.200001
39.4
38.4
38.5
38.200001
37.4
36.6
35.1
34.699999
34.4
32.700001
33.4
33.9
35.399999
35.200001
35.6
37.199999
38.100001
37.6
38.600001
38.5
38.5
39.700001
38.5
38.6
38.600001
38.4
38.299999
37.899999
36.299999
35.800001
34.700001
33.200001
33.199999
33.0
32.800001
34.2
34.100001
34.3
34.900002
36.299999
36.799999
37.800001
37.0
37.5
38.9
38.1
38.0
40.699999
41.199999
40.399999
55.299999
99.399997
138.199997
162.900001
172.099999
174.099998
158.400001
145.199997
138.900002
110.599998
93.299999
84.0
76.700001
51.299999
39.699999
40.300001
40.300001
37.9
40.199999
40.700001
39.0
41.199999
41.199999
40.899999
57.499998
94.700001
135.800003
157.300003
186.699997
177.900001
167.100006
152.200005
153.700005
116.099998
92.099998
85.700001
77.799999
55.899999
41.699999
42.5
41.199999
38.599998
40.200001
40.300001
40.299999
39.799999
40.299999
39.299999
51.2
93.599998
140.5
183.099999
187.700005
185.099998
171.400001
162.899994
147.300003
116.700001
97.599998
90.400002
85.0
66.700001
53.599998
43.299999
41.6
39.5
40.200001
41.699999
40.300001
40.6
40.1
40.8
52.299999
92.400002
140.0
166.400002
186.0
175.5
166.900001
157.399994
154.400001
119.0
99.599998
85.5
75.700001
54.900002
40.600001
40.899999
39.7
38.4
38.0
39.700001
39.5
39.600001
38.900002
39.800001
57.299999
87.400002
133.300003
174.700005
194.699997
190.800003
175.599998
165.099998
161.299995
119.0
93.200001
80.600003
71.699996
51.900002
38.5
39.5
37.6
35.899999
36.700001
36.600001
37.0
36.600001
36.800001
36.5
36.3
35.899999
34.9
34.800001
34.899999
34.900002
34.700001
34.399999
34.800001
34.5
34.6
35.800001
35.199999
36.0
36.8
36.1
36.0
35.300001
36.4
37.200001
36.800001
36.0
36.4
35.699999
36.300001
35.699999
34.300001
33.100001
31.9
32.500001
31.6
31.0
32.4
32.1
33.5
34.700001
34.9
34.300001
34.6
35.300001
35.300001
34.7
37.0
35.700001
35.800001
38.800001
38.399999
39.300001
53.5
94.799999
134.699996
154.199997
166.800003
173.399994
161.400002
148.400001
137.300003
108.5
94.900002
81.400002
79.799999
55.9
38.5
39.4
38.200001
35.799999
39.700001
37.8
37.899999
40.800001
39.600001
40.900002
56.799999
95.799999
132.700001
158.199997
180.599998
173.299995
160.600006
171.900002
154.5
116.400002
94.5
76.599998
72.0
51.799999
42.9
42.099998
40.200001
38.799999
38.3
40.0
40.600001
40.1
39.900002
39.800001
52.699999
98.100003
144.400002
189.599998
199.299997
202.600003
188.2
172.5
162.900001
126.299995
99.900002
89.0
87.700001
61.300001
45.199999
40.0
38.0
35.600001
42.8
37.399999
36.699999
36.600001
36.6
36.799999
49.2
86.200001
128.400002
155.200005
171.400001
160.700005
157.5
165.700005
144.599999
112.700001
92.200001
81.0
78.900002
56.5
46.599998
47.800001
47.100001
45.5
42.4
48.299999
47.8
47.5
48.7
47.899999
59.099998
96.700001
130.800004
150.300004
163.0
169.300003
160.299995
162.699997
150.300003
107.099998
80.799999
74.199996
68.5
45.700001
37.300001
38.5
37.399999
35.800001
36.599998
36.5
36.7
36.5
37.100001
35.800001
35.399999
35.600001
34.600001
33.1
32.100001
32.1
32.4
31.5
31.799999
30.9
32.4
33.0
34.0
34.800001
35.900002
36.0
36.3
35.200001
37.4
37.100001
36.400002
36.100001
36.100001
37.100001
36.799999
36.799999
36.399999
34.8
34.5
33.599998
33.4
32.3
33.200001
31.8
33.4
33.899999
34.0
35.0
36.199999
36.4
35.699999
36.0
38.200001
36.899999
37.9
39.899999
39.2
39.0
51.6
93.899997
132.199996
169.300004
166.099999
175.5
161.099999
148.099998
134.699997
112.299999
99.700001
84.299999
73.200001
50.600001
39.0
40.100001
39.5
38.0
39.200001
39.1
39.199999
41.100001
40.399999
41.0
54.300001
94.400002
137.5
167.599999
181.100006
175.799995
161.699997
159.800003
142.300003
111.200001
95.600003
79.5
68.5
49.899999
39.300001
39.600001
38.5
36.700001
39.0
38.699999
38.0
38.899999
38.5
38.100001
45.800001
84.0
129.299995
153.800004
158.5
176.900001
164.899994
150.800004
143.599999
110.200001
93.599998
86.100003
78.0
64.400002
46.899999
41.200001
39.699999
38.199999
39.0
39.600001
39.600001
39.9
39.099998
39.200001
47.5
84.600003
127.400002
143.099999
170.300003
159.599998
150.099998
138.0
131.399998
107.5
97.399997
80.700001
72.099998
50.4
37.5
38.400002
36.899999
36.899999
38.399999
37.100001
36.299999
36.6
36.6
36.5
46.600001
86.600003
136.200005
177.099999
184.600006
180.900002
161.199997
171.399994
155.100006
113.799999
92.300004
81.700001
72.700001
55.2
40.300001
40.5
39.800001
38.4
37.199999
39.400002
39.6
40.5
39.6
39.9
40.4
40.2
39.5
38.0
38.1
37.699999
36.9
40.5
44.4
46.6
48.0
39.199999
32.5
33.6
33.599998
33.799999
33.6
33.599998
36.1
36.200001
35.200001
34.600001
34.599998
34.400002
35.1
34.200001
34.199999
33.2
33.300001
33.5
32.5
32.9
31.5
30.3
30.6
31.600001
32.5
33.5
34.0
33.899999
34.199999
34.200001
35.7
35.7
34.599998
36.899999
37.5
36.800001
51.1
89.899997
133.799999
147.400002
160.299995
159.600006
150.400002
141.599999
129.400002
101.399997
93.299999
84.700001
77.0
49.9
37.600001
38.5
36.5
35.699999
38.0
36.899999
36.5
35.800001
35.700001
38.799999
54.699998
91.699996
128.699996
155.299995
174.300003
178.899994
160.400002
154.699996
143.800003
110.700001
95.299999
79.799999
87.799999
64.899997
53.100001
48.9
38.400002
36.599998
37.699999
37.4
37.3
37.9
37.0
36.699999
47.5
85.200001
134.200001
169.0
188.700005
180.599998
171.600006
167.299995
156.100006
117.5
96.5
80.200001
86.200001
69.700001
51.5
47.0
39.0
36.9
37.5
37.9
37.899999
37.0
37.300001
36.400002
45.9
94.5
137.200005
160.5
169.5
192.0
181.799995
182.0
175.0
128.800003
100.0
88.100003
88.099998
62.199999
45.600001
46.599998
40.5
35.100001
37.0
36.8
36.0
36.400002
36.200001
36.299999
46.799999
87.599998
122.999996
136.099999
160.800004
156.099998
152.199997
148.800004
133.599998
105.5
80.400002
72.5
62.600003
42.600001
36.700001
37.300001
36.0
34.600001
35.9
35.299999
35.300001
35.5
35.5
34.699999
34.7
34.1
34.0
33.199999
32.5
32.6
32.7
30.6
29.7
30.4
30.5
31.2
32.100001
33.0
34.0
35.0
35.0
34.4
35.599998
35.799999
35.200001
35.600001
35.5
36.099998
34.700001
34.0
34.199999
32.7
32.0
31.2
33.0
31.2
31.2
30.8
31.800001
31.7
33.199999
34.700001
34.699999
35.0
34.5
34.700001
35.700001
34.8
35.4
35.4
35.2
37.799999
53.699999
91.400002
126.000004
146.099998
173.299995
174.0
159.900001
146.5
146.5
117.300004
94.200001
84.100003
73.099998
51.4
37.300001
39.199999
37.100001
35.200001
38.7
36.199999
36.199999
35.800001
36.5
37.6
50.399999
92.799999
136.399998
153.599998
193.0
168.300004
154.600006
154.5
141.599998
113.800004
89.899997
87.799999
73.0
53.7
37.5
40.700001
37.799999
36.4
36.0
36.799999
36.400002
35.600001
35.5
35.400002
45.399999
85.200001
121.0
166.300003
181.199997
174.099998
161.599998
142.200005
140.400001
112.600003
88.400002
87.100003
76.599998
57.599998
44.3
38.1
36.600001
35.299999
38.0
35.5
35.699999
35.4
36.299999
35.6
44.5
85.299999
116.299999
134.099999
164.5
156.200005
142.0
132.0
119.300004
92.100003
80.199996
76.0
65.599998
49.5
40.599998
42.300001
40.6
39.399999
40.600001
40.0
39.700001
40.0
39.300001
39.7
49.699999
86.0
121.800004
144.399994
150.900001
151.900002
148.0
116.5
109.099998
92.200001
79.700001
76.5
66.699998
49.899999
41.700001
42.400002
41.0
39.700001
38.2
41.0
41.600001
41.300001
41.399999
42.0
41.200001
41.700001
44.299999
46.300001
50.6
53.900002
44.8
34.599998
33.0
33.0
31.5
33.4
33.799999
33.800001
35.399999
35.399999
35.299999
34.8
35.700001
35.9
36.100001
36.0
35.300001
35.5
34.900002
34.700001
34.899999
34.4
33.899999
33.199999
32.100001
32.900002
33.5
32.9
33.600001
34.4
34.5
34.9
35.100001
35.100001
35.100001
34.900002
35.9
35.900002
35.5
37.699999
37.799999
37.700001
52.7
89.5
133.700001
171.300003
177.900002
169.900002
155.700005
161.299995
152.200005
113.899997
94.399997
88.099998
77.100003
50.800001
38.4
38.900002
37.299999
35.5
35.699999
36.300001
37.100001
38.200001
37.2
38.0
50.9
91.399997
136.900001
174.599998
186.799995
182.399994
162.699996
152.900002
142.5
114.0
89.600003
79.900002
74.799999
49.1
36.399999
37.5
35.1
33.899999
36.9
34.199999
34.899999
35.0
33.600001
34.899999
45.300001
77.399997
128.599998
159.0
163.099998
156.300003
150.299995
144.400002
142.900001
105.099998
88.300004
81.400002
75.799999
53.0
40.700001
37.899999
36.0
35.4
34.200001
37.399999
36.5
36.699999
35.799999
36.299999
48.5
87.5
121.900001
144.199997
162.800003
150.800004
146.800004
149.299995
142.400002
108.099998
83.0
71.200001
67.5
44.599998
34.6
35.600001
33.4
32.399999
34.0
33.5
33.3
32.399999
33.099998
32.799999
47.0
79.799999
117.299999
145.400002
169.099998
152.5
138.400002
108.299999
63.5
32.000001
31.0
32.9
32.9
34.0
34.799999
35.8
34.700001
32.5
33.0
33.0
33.599998
33.7
33.399999
33.799999
33.899999
32.699999
31.2
30.3
29.2
28.9
30.0
30.0
27.1
27.5
27.9
29.0
30.4
32.700001
31.7
32.5
31.7
32.800001
32.799999
32.699999
32.3
32.600001
33.0
32.700001
32.699999
32.299999
31.7
30.8
29.6
29.0
28.0
27.3
27.4
27.6
28.1
28.8
29.8
30.7
31.7
32.5
31.8
31.9
32.0
33.200001
32.699999
34.4
34.700001
34.700001
38.299999
46.2
51.6
51.699999
57.5
54.0
52.5
50.199999
51.0
30.5
29.9
30.8
31.6
36.699999
34.599998
33.9
32.700001
30.5
32.5
32.1
31.6
33.199999
34.099998
33.4
36.700001
44.8
50.399999
49.099998
49.099998
51.800001
53.9
49.100001
48.0
31.699999
29.4
31.3
31.7
33.5
34.399999
35.399999
33.4
31.6
33.799999
32.5
32.699999
32.299999
32.5
32.5
33.5
42.6
50.200001
51.799999
53.399999
52.5
52.7
53.4
44.8
33.600001
33.700001
35.8
34.599998
35.0
36.399999
37.299999
35.0
34.200001
33.500001
35.100001
34.700001
35.2
34.6
34.900002
36.5
45.4
49.5
48.599998
50.200001
50.299999
49.700001
48.600001
45.0
29.1
29.2
31.1
31.8
33.0
33.5
34.9
33.0
32.100001
31.5
31.6
32.5
32.1
32.3
31.9
34.699999
43.0
48.9
49.399999
50.900002
49.599998
47.5
47.900002
43.5
29.3
30.2
31.3
31.8
33.5
32.300001
34.1
32.6
31.1
31.0
30.8
31.1
30.9
31.2
30.5
30.8
30.2
29.9
28.1
27.1
26.3
26.1
26.2
26.4
25.1
25.6
26.9
28.2
29.3
29.9
29.7
29.4
29.7
31.5
30.1
30.7
30.6
30.0
30.8
29.5
30.4
30.3
30.5
29.3
29.5
29.5
29.6
28.7
27.4
27.1
29.7
31.899999
29.5
29.7
30.4
29.2
29.2
30.5
30.5
30.0
32.399999
31.7
34.5
36.100001
43.5
45.5
44.6
45.100001
45.299999
45.200001
44.600001
44.200001
39.199999
36.4
38.1
38.299999
38.400002
38.5
41.100001
35.899999
31.1
32.0
32.1
32.2
33.800001
34.4
36.199999
38.399999
45.099998
45.100001
42.200001
42.699999
42.5
43.6
43.200001
43.299999
31.4
29.3
30.6
31.8
32.199999
33.300001
34.100001
32.299999
31.600001
32.099999
31.0
31.2
31.3
31.4
31.8
33.4
45.5
44.900002
43.799999
49.099998
49.7
48.199999
45.699999
40.9
31.0
30.2
31.999999
31.6
31.9
33.6
34.1
31.4
30.5
30.9
31.3
30.8
31.400001
30.6
31.0
32.899999
41.5
46.300001
46.1
44.800001
43.9
43.1
43.099998
45.9
35.9
34.099998
32.9
30.2
31.1
32.000001
33.5
31.8
31.1
31.4
31.0
31.0
31.7
31.1
31.2
32.800001
41.900002
45.099998
45.8
43.6
40.299999
41.900002
41.9
41.4
30.799999
26.9
27.3
28.9
30.5
30.8
32.0
30.7
29.2
30.0
29.7
30.2
30.0
29.6
29.8
29.6
29.4
31.0
31.299999
32.000001
29.7
30.4
32.6
30.2
29.3
29.6
26.9
26.8
28.4
28.3
28.9
28.7
29.4
29.1
29.1
29.5
30.4
29.4
28.7
29.2
28.5
28.0
27.2
26.2
26.1
25.6
24.8
24.8
24.6
24.5
25.4
26.8
28.1
28.0
28.9
27.9
29.2
29.0
28.8
28.7
31.2
30.9
30.6
37.2
44.800001
42.0
40.299999
41.0
41.899999
40.100001
39.8
39.0
29.7
26.5
28.7
29.5
30.9
30.5
31.800001
31.0
28.1
29.9
29.1
29.7
31.3
31.0
30.8
37.3
45.2
44.5
42.9
45.5
44.0
44.100001
44.699999
46.100001
38.9
35.600001
31.4
31.0
31.9
32.5
34.100001
32.0
30.0
30.9
30.6
31.2
30.8
31.3
31.2
32.399999
41.9
45.799999
44.799999
46.200001
46.4
42.9
43.300001
44.100001
34.5
31.3
32.9
33.300001
33.5
34.699999
34.0
32.0
30.2
31.5
30.7
30.9
30.7
31.2
31.3
32.700001
41.399999
44.4
44.5
44.5
45.899999
45.4
44.1
41.3
29.0
27.2
30.2
32.0
31.4
33.3
34.5
33.0
30.9
31.2
32.1
31.8
32.399999
32.300001
32.2
34.199999
42.5
45.7
43.2
42.099998
41.0
40.4
39.699999
40.5
29.3
29.3
29.8
31.2
32.199999
32.9
34.0
32.000001
30.4
31.5
31.2
31.4
31.1
31.2
30.9
32.1
31.0
29.3
28.6
27.4
26.7
26.7
25.4
25.4
25.4
25.9
26.9
28.4
28.7
30.0
30.3
30.2
30.1
30.3
30.8
30.9
31.2
30.9
30.2
30.3
30.2
29.5
29.5
28.4
28.6
28.1
27.1
28.3
27.8
28.2
28.7
30.8
29.7
30.6
30.3
30.1
30.0
30.3
31.1
30.7
31.7
32.199999
33.0
38.900002
45.299999
44.800001
43.800001
45.399999
46.0
43.799999
42.600001
41.800001
26.0
24.6
27.9
29.3
29.6
31.6
32.1
31.1
29.0
29.3
30.2
30.7
31.8
31.8
31.9
38.2
45.400002
45.299999
44.5
45.0
43.199999
41.9
42.0
40.100001
25.8
26.3
29.2
30.2
29.4
31.1
32.099999
30.6
28.8
29.6
29.3
29.5
29.4
28.7
30.4
31.2
44.600001
46.299999
45.399999
44.5
44.8
42.6
40.600001
40.099998
27.4
27.0
28.9
31.0
30.8
32.1
33.0
30.3
27.9
29.0
29.6
29.2
29.7
28.8
30.1
31.0
40.9
48.799999
50.0
50.399999
49.9
49.3
45.600001
42.899999
28.7
27.3
29.5
30.3
30.5
32.0
32.3
30.8
28.3
29.0
29.1
29.5
29.2
28.7
29.4
31.3
41.0
45.8
44.200001
44.200001
42.799999
42.799999
42.699999
38.2
28.1
27.8
29.3
30.0
30.1
31.7
32.1
30.5
29.1
30.1
29.5
29.7
29.5
29.9
29.7
29.6
29.1
28.4
27.3
27.1
26.6
25.7
26.4
26.6
26.0
26.8
26.9
27.7
28.5
28.9
29.5
29.2
28.9
30.3
30.6
30.1
29.3
29.4
29.2
29.6
29.3
28.9
27.3
26.6
26.5
25.8
26.4
26.1
25.8
26.4
27.0
28.2
28.8
28.8
29.1
28.9
28.3
29.9
29.5
29.4
32.000001
31.3
32.299999
38.599998
46.899999
48.7
59.5
55.200001
54.5
56.5
54.0
40.3
28.7
28.2
29.4
30.8
31.4
32.5
33.899999
31.5
29.2
31.6
31.2
30.7
32.600001
32.6
33.100001
38.900002
46.800001
51.1
56.399999
53.0
51.399999
52.9
49.399999
43.699999
30.599999
28.4
29.7
31.4
33.5
34.2
35.399999
33.1
31.5
31.2
32.799999
33.100001
32.599998
32.0
32.5
33.4
45.6
52.5
67.799999
65.800002
68.0
69.200001
60.499998
52.700001
34.8
30.6
33.0
33.399999
33.5
34.3
34.4
31.0
29.5
30.8
30.4
30.5
30.7
30.4
30.6
31.6
43.399999
53.199999
61.699999
65.899997
65.5
61.9
55.899999
51.100001
29.9
28.1
30.9
31.8
31.5
32.900002
32.899999
31.2
29.0
31.2
31.1
29.6
30.6
30.0
30.1
30.7
40.8
50.0
54.699999
56.100001
59.1
56.899999
50.5
44.100001
32.3
28.7
31.2
31.2
32.099999
33.9
33.5
31.4
29.4
30.4
30.6
30.1
30.4
30.2
31.5
29.8
30.2
29.3
28.7
28.1
27.3
26.8
27.1
27.5
26.1
28.3
29.3
29.6
29.7
30.2
30.5
28.9
29.3
31.3
30.7
29.9
30.5
30.5
30.2
30.3
30.6
30.1
29.1
29.1
29.6
29.6
28.8
28.5
28.2
27.3
27.9
28.1
29.0
31.0
30.4
30.3
29.6
31.4
31.2
31.4
31.0
31.0
31.0
32.300001
42.200001
51.5
63.600003
65.300002
68.5
68.0
55.7
44.200001
28.6
29.4
30.4
30.3
31.1
33.100001
33.5
32.200001
29.5
30.4
31.6
30.6
30.8
31.0
32.000001
32.0
41.4
55.100001
69.200001
71.700001
70.800004
62.000002
57.099998
49.2
33.899999
32.9
30.5
31.3
31.4
34.1
32.7
31.3
29.1
30.9
30.4
29.9
30.4
30.1
30.2
32.2
42.300001
53.200001
60.800001
59.900002
62.199998
60.599998
52.5
42.200001
31.2
28.1
30.7
31.900001
33.5
35.5
35.0
33.100001
32.199999
33.5
32.900002
32.3
32.9
32.700001
33.100001
33.699999
44.199999
54.9
63.299999
62.3
58.6
53.5
51.6
42.900002
28.5
29.5
32.299999
33.600001
35.0
37.0
36.5
34.100001
33.199999
32.700001
34.599998
33.300001
34.200001
33.899999
34.0
34.800001
44.5
54.099998
59.8
59.2
57.5
54.6
47.5
39.299999
26.8
27.6
29.5
31.5
32.700001
34.699999
34.399999
32.199999
30.9
31.2
32.099999
31.7
31.9
31.8
32.0
31.3
31.5
31.5
29.4
28.7
28.2
27.0
27.7
27.5
27.4
28.4
28.9
29.4
30.3
31.2
31.2
30.5
31.5
32.100001
31.6
31.0
31.800001
31.2
31.2
31.2
31.0
30.8
29.7
29.5
29.5
29.5
29.5
28.2
28.9
29.9
30.1
29.9
30.7
31.6
31.2
30.2
30.6
32.2
31.2
32.0
31.5
31.4
32.1
33.400002
41.899999
40.7
38.800001
37.700001
38.0
37.400002
37.799999
36.0
30.0
29.3
31.3
32.1
32.899999
34.1
33.8
32.9
31.2
36.400002
32.0
32.5
32.1
32.0
32.5
39.800001
67.200001
99.200001
89.199996
103.200001
111.200001
114.899997
113.0
100.399997
80.399997
66.0
47.900002
39.5
40.6
42.700001
43.100001
41.200001
39.600001
39.900002
40.699999
41.400002
41.100001
41.5
42.700001
50.399999
93.0
128.599998
136.300003
158.799995
153.5
138.800004
126.900002
116.0
92.800004
85.100003
80.5
78.799999
54.699999
46.5
42.699999
40.100001
38.699999
39.799999
39.600001
39.199999
39.299999
38.400002
39.399999
47.699999
89.5
127.099998
139.5
167.5
171.700005
162.5
147.5
138.900001
114.299999
100.299999
88.700001
79.600003
58.200001
43.7
42.6
40.8
39.4
40.399999
40.600001
39.799999
41.0
39.600001
40.0
46.9
93.0
141.5
162.5
175.599998
169.099998
164.900001
159.600006
148.099999
114.700001
91.799999
86.900002
76.200001
54.5
42.5
43.0
40.899999
38.700001
40.0
39.200001
39.600001
39.599998
38.899999
37.9
38.5
38.2
37.600001
36.9
36.0
35.4
36.5
34.100001
36.3
34.3
34.600001
35.099998
36.5
37.899999
39.600001
38.300001
38.400002
38.9
40.099998
40.4
39.5
39.8
38.899999
39.300001
39.1
39.300001
37.600001
36.0
35.199999
33.300001
32.1
32.8
32.600001
32.300001
33.2
34.5
35.1
37.1
37.600001
38.100001
37.700001
37.600001
39.899999
39.0
39.4
39.100001
39.9
38.800001
55.799999
98.599998
140.199997
172.099999
184.200005
179.599999
162.100006
156.299995
141.599999
113.900002
90.400002
83.700001
84.599998
54.900002
42.300001
42.600001
40.099998
38.199999
39.199999
40.600001
40.3
41.1
39.299999
39.300001
52.8
88.700001
132.199996
167.0
189.399994
198.099997
185.699997
170.799995
150.299995
118.100003
95.5
85.200001
88.700001
56.099998
40.4
40.2
38.5
37.0
39.8
38.2
38.0
38.0
38.099998
37.200001
53.8
94.899997
134.5
148.799995
177.799995
176.5
167.900002
151.699997
152.399994
121.0
95.400002
82.200001
85.200001
60.099998
47.700001
43.0
42.0
39.699999
40.6
41.100001
41.100001
40.900002
40.099998
40.899999
57.699998
97.899997
143.899994
168.599999
182.199997
182.600006
167.599999
150.299995
138.299995
118.200001
97.299999
83.700001
86.200001
57.5
41.399999
41.1
39.700001
39.3
39.699999
40.100001
39.5
39.799999
39.100001
39.0
54.3
95.299999
141.0
164.800003
186.400001
174.900001
158.400002
162.099998
147.0
114.200001
98.100003
89.5
79.099998
53.800001
40.899999
40.9
39.0
37.299999
39.0
38.099998
38.0
38.300001
37.200001
37.0
37.3
38.400002
38.800001
38.600001
36.0
34.100001
33.5
36.299999
36.3
33.300001
34.399999
34.399999
36.3
36.5
37.3
37.399999
37.700001
37.4
38.900002
38.899999
38.599998
40.3
37.799999
37.9
38.199999
37.100001
38.8
39.899999
38.600001
41.199999
38.0
35.100001
37.899999
34.2
34.700001
35.9
35.600001
37.2
37.399999
37.2
38.100001
37.0
43.0
38.4
38.4
38.300001
38.100001
37.399999
51.9
102.700001
160.5
194.0
207.3
208.7
200.100003
194.0
172.600006
138.099999
119.5
107.900002
90.200001
62.699999
47.0
46.600001
45.699999
42.699999
41.199999
43.5
44.0
43.600001
41.9
42.0
55.0
97.299999
148.600006
182.5
200.200002
200.500003
187.599999
179.5
175.599999
141.800004
123.5
102.5
76.5
56.2
41.200001
41.199999
39.199999
37.5
42.200001
38.800001
38.200001
38.700001
38.200001
38.5
50.400002
95.099998
138.800004
174.0
185.300004
185.400002
178.0
173.900002
167.5
132.0
113.899997
105.400002
89.400002
61.499998
49.7
48.100001
41.799999
41.300001
44.5
46.600001
40.0
39.700001
40.200001
39.299999
55.200001
93.799999
138.5
173.299995
186.0
187.099999
173.900002
158.0
152.599999
130.200001
109.200001
101.5
81.5
58.5
42.899999
42.200001
40.700001
38.899999
40.200001
39.6
39.700001
39.300001
38.899999
39.9
51.700001
97.0
145.599999
170.200005
189.400001
182.0
166.199997
163.599999
156.599998
124.300004
99.399997
90.700001
75.700001
58.6
41.399999
40.599998
38.6
37.0
39.5
38.5
38.0
37.899999
36.800001
37.899999
37.5
37.5
36.5
35.799999
33.799999
34.0
32.399999
33.100001
33.299999
32.8
33.399999
34.5
34.700001
36.100001
36.699999
37.1
36.1
36.799999
38.399999
38.600001
38.2
37.5
36.600001
36.6
37.600001
37.299999
35.600001
35.300001
34.700001
34.4
33.9
37.300001
34.5
33.699999
34.799999
35.5
35.299999
36.1
36.300001
36.2
35.699999
36.0
39.400002
37.0
37.200001
37.600001
37.0
36.799999
52.399999
98.799999
150.099999
197.999998
216.0
201.600003
189.400001
173.700005
156.800003
125.299999
111.599998
102.200001
97.799999
68.300001
43.7
41.9
39.9
38.6
41.700001
40.299999
39.5
39.099998
40.5
43.0
49.5
95.0
143.5
182.800004
186.0
185.599999
178.200005
166.800003
159.199997
130.800003
107.099998
96.299999
83.099998
59.099998
43.399999
43.800001
41.299999
43.5
43.1
41.1
38.4
38.399999
36.800001
37.1
55.699999
96.099998
138.100003
174.199997
191.0
196.999997
194.399998
183.799995
171.700005
132.100003
113.599998
105.600003
101.099998
76.099998
57.900002
50.199999
46.5
45.300001
45.8
46.100001
44.9
41.4
40.4
40.800001
58.400002
99.099998
147.199996
174.400002
192.599999
195.800002
188.0
171.199997
160.300003
123.700001
105.0
96.599998
92.100003
66.499998
51.0
49.900002
48.200001
43.2
43.300001
41.9
40.199999
40.9
40.6
40.399999
58.900002
98.399997
146.5
166.0
183.699997
191.599998
176.5
170.599998
152.800004
119.799999
103.5
94.700001
93.0
60.5
44.699999
50.0
48.1
45.799999
42.3
40.700001
41.600001
40.6
40.200001
41.799999
41.5
40.100001
46.1
46.100001
45.0
43.599998
41.199999
40.1
40.200001
40.800001
41.700001
42.200001
38.8
39.1
39.600001
39.099998
38.899999
39.299999
44.0
40.1
45.0
40.699999
40.600001
41.800001
41.4
43.2
47.100001
45.199999
43.8
42.6
40.4
40.0
40.0
40.300001
42.0
42.299999
42.299999
40.6
45.7
45.200001
44.5
45.100001
43.300001
44.7
44.899999
46.3
46.400002
47.7
57.899999
100.0
144.400001
173.900002
192.599999
193.099999
184.5
169.100006
158.399994
127.100003
107.599998
99.300004
87.5
64.899999
43.7
42.600001
41.299999
39.900002
46.0
44.699999
41.5
42.200001
44.900002
46.399999
57.499998
100.900002
152.099999
170.799995
186.099999
186.900002
173.200005
167.700005
160.699997
129.199997
113.0
104.399997
87.0
64.700001
49.5
49.0
47.400002
47.199999
45.0
47.8
47.400002
47.699999
47.399999
47.699999
58.600001
101.299999
141.599999
175.599998
186.099998
184.900002
179.099998
170.299995
153.700005
122.5
104.900002
98.099998
85.399997
65.099998
53.300001
44.0
41.100001
39.200001
47.100001
41.399999
41.600001
44.699999
42.0
45.0
55.200001
100.400002
150.900001
176.5
187.800003
192.300003
181.300004
167.799995
154.100006
123.799999
109.599998
95.200001
74.299999
56.0
44.400002
47.5
47.300001
46.7
43.799999
45.6
40.199999
40.4
43.3
44.0
49.0
80.700001
107.0
105.5
113.899997
112.0
112.600003
108.199996
96.600003
61.0
48.399999
36.799999
37.699999
40.4
40.699999
39.900002
38.1
38.0
38.700001
37.799999
38.100001
37.9
37.400002
37.399999
37.899999
36.6
36.199999
35.299999
35.200001
34.700001
35.0
34.1
34.099998
34.2
35.700001
35.400002
36.800001
37.0
37.0
36.900002
36.5
37.199999
38.200001
37.5
37.799999
38.4
37.100001
37.1
37.300001
37.300001
36.100001
35.6
34.9
34.300001
33.299999
34.5
34.099998
35.199999
34.9
35.299999
35.700001
36.3
36.900002
36.800001
35.799999
36.5
39.200001
36.7
37.199999
36.9
37.300001
36.699999
49.099998
100.399997
156.900001
193.400001
208.6
203.800002
194.200003
184.800003
164.699996
137.400002
118.200001
115.900002
93.700001
65.600003
51.900002
44.1
40.699999
39.4
40.5
40.699999
40.900002
41.5
40.700001
41.0
52.199999
104.399997
157.0
207.7
144.6075
215.7
197.399997
183.900002
176.5
146.200005
115.5
105.900002
93.100003
62.400002
45.4
41.299999
38.300001
37.400002
39.899999
38.899999
38.800001
40.0
38.799999
39.0
51.100001
101.400002
150.900001
175.700005
194.999997
192.800003
182.400001
179.199997
168.099998
140.0
131.400002
135.200005
130.5
102.399997
60.499998
45.6
41.699999
40.3
41.099998
41.899999
41.200001
41.799999
41.300001
41.700001
55.5
101.299999
150.199997
170.400002
196.200002
191.099999
171.0
176.699997
167.099998
134.5
109.299999
102.100003
84.099998
65.299999
43.5
43.299999
39.699999
38.699999
39.5
39.600001
39.399999
39.1
39.5
39.1
51.4
108.299999
153.099998
168.400001
181.900002
189.0
180.0
176.199997
156.400001
123.900002
105.299999
98.799999
91.900002
64.4
47.199999
41.699999
38.4
37.100001
38.100001
37.600001
37.5
37.6
39.399999
39.200001
38.899999
39.399999
38.399999
36.5
35.0
35.400002
34.899999
33.799999
34.600001
34.200001
35.299999
35.2
36.299999
36.5
36.8
36.300001
35.599998
36.0
37.300001
36.4
37.300001
36.699999
38.299999
39.2
39.4
39.600001
38.899999
35.899999
35.0
35.100001
34.100001
33.0
33.700001
33.1
34.0
35.300001
36.099998
36.699999
36.4
36.599998
36.0
35.799999
39.200001
36.599998
37.799999
37.6
43.0
46.3
56.300001
106.0
152.800004
173.5
184.799995
183.699997
184.600006
184.0
166.099998
129.199996
111.199996
98.599998
98.200001
66.899999
50.200001
44.299999
41.099998
39.3
42.300001
40.0
40.600001
40.800001
44.299999
49.200001
60.499998
107.700001
163.599998
191.5
205.9
203.199998
185.300003
169.199997
173.0
145.199997
117.100003
101.600003
97.299999
69.400002
46.199999
46.200001
43.700001
42.4
42.0
44.1
43.9
43.5
44.699999
54.199999
64.099998
111.400002
152.699997
200.9
210.0
195.5
192.700005
173.099999
161.0
129.199996
114.5
107.0
107.799999
84.900002
58.0
44.299999
42.299999
39.5
40.699999
40.299999
40.5
40.599998
41.299999
48.1
61.800002
106.399997
151.900002
186.0
196.800003
191.099998
182.899994
166.099999
158.900001
124.700001
110.0
98.400002
104.200001
69.300001
46.799999
42.0
41.5
39.100001
40.1
40.200001
40.299999
41.200001
40.7
45.300001
61.300001
108.899997
163.300003
193.400002
206.3
197.199997
182.5
176.899994
173.0
139.800003
116.599998
97.5
90.099998
63.099998
43.600001
42.0
39.799999
37.799999
38.899999
38.199999
39.299999
38.9
40.0
40.200001
40.9
40.800001
39.5
38.299999
36.3
36.700001
36.6
36.0
36.199999
36.0
36.7
36.799999
37.5
38.5
37.6
38.2
38.0
37.3
39.0
38.300001
38.600001
38.299999
39.2
41.699999
39.699999
40.600001
39.699999
38.300001
36.199999
36.200001
36.1
35.399999
33.699999
34.5
35.700001
36.5
37.099998
37.7
37.699999
37.8
37.200001
36.600001
39.300001
37.5
38.099998
38.199999
41.700001
46.9
63.700001
108.200001
166.0
188.800003
211.1
197.9
190.200003
184.800004
160.099998
126.100002
105.899997
100.600003
97.0
66.300001
50.199999
43.5
40.399999
38.100001
41.0
39.5
38.400002
39.100001
39.699999
45.399999
60.899997
106.100003
155.800003
180.0
196.299995
178.200005
172.099999
169.5
167.700005
130.300003
110.0
95.899997
96.199996
64.699999
43.899999
43.1
41.5
38.399999
41.800001
40.3
39.600001
39.5
41.600001
46.700001
65.299999
113.800004
165.700005
185.5
213.3
207.999997
199.200002
189.5
181.299995
139.900002
120.700001
116.200001
107.700001
74.900002
58.2
45.0
41.299999
42.0
43.7
41.6
41.2
39.800001
42.100001
45.7
61.500002
108.0
160.700005
197.599998
190.400002
198.499997
190.200005
181.199996
171.0
135.799995
117.299999
104.299999
89.200001
60.500002
43.9
42.800001
41.0
39.6
39.8
39.700001
39.2
39.5
41.5
45.0
57.6
107.200001
156.300003
187.5
203.499997
213.0
182.800003
176.799995
157.400001
124.800003
79.200001
62.399997
48.5
48.700001
40.9
39.4
38.4
36.0
37.599998
36.799999
36.0
36.0
36.4
36.399999
35.7
36.4
36.299999
35.899999
34.799999
35.100001
34.699999
36.1
36.0
34.699999
34.399999
35.899999
36.299999
36.5
36.7
36.6
36.1
36.200001
37.699999
37.0
37.0
36.299999
37.1
37.200001
37.1
36.600001
37.7
37.400002
37.0
35.600001
34.300001
34.0
33.5
34.0
33.600001
34.0
35.200001
35.899999
35.5
36.1
36.299999
35.300001
35.299999
36.5
37.0
36.200001
36.0
40.600001
43.600001
43.0
48.3
54.199999
61.100001
79.399997
72.799999
72.900002
72.799999
63.200001
56.0
37.6
39.200001
40.199999
40.100001
41.199999
40.0
39.299999
35.7
36.199999
37.8
36.900002
37.400002
40.9
44.099998
42.400002
48.299999
53.699999
64.0
72.799999
72.5
83.599998
80.399997
69.100003
55.7
36.599998
38.5
39.400002
38.8
39.1
38.899999
38.0
35.2
36.400002
37.5
35.600001
36.1
39.6
42.700001
41.1
48.299999
52.8
59.900002
68.299999
69.700001
69.0
68.0
59.799999
51.799999
36.299999
37.6
39.900002
40.199999
40.0
39.600001
38.5
34.799999
35.200001
36.100001
35.899999
36.200001
35.700001
42.2
41.300001
47.0
53.0
63.0
74.0
73.0
69.400002
70.0
57.9
52.200001
37.299999
38.899999
39.0
39.299999
40.0
39.2
39.7
35.600001
35.7
37.399999
36.899999
36.100001
36.5
43.0
41.899999
46.800001
53.100001
64.299999
66.299999
63.800001
66.099998
63.9
55.200001
45.5
35.600001
38.3
37.899999
38.900002
39.299999
39.0
37.600001
34.699999
35.299999
36.0
35.799999
35.400002
35.600001
35.799999
35.899999
35.900002
36.299999
34.5
33.9
34.300001
33.899999
33.9
32.5
31.0
33.0
34.899999
35.8
35.4
36.4
35.100001
34.899999
34.799999
35.0
36.0
36.100001
35.5
35.900002
35.800001
36.199999
36.6
36.599998
34.900002
34.700001
33.600001
33.5
32.400002
32.0
31.700001
33.9
34.399999
35.299999
35.300001
35.4
36.1
35.100001
35.1
38.900002
35.700001
35.399999
35.600001
36.199999
42.199999
42.1
58.299999
84.600003
113.599998
112.400002
131.000004
140.900002
138.800003
131.700005
118.799999
91.200001
76.299999
63.400002
52.100001
46.5
51.6
45.300001
41.100001
42.799999
43.199999
43.899999
43.4
44.900002
56.5
57.800001
79.599998
118.299999
155.699997
193.0
206.4
203.100003
198.0
187.200005
176.400002
154.5
130.899997
115.0
116.100003
71.299999
47.299999
45.099998
41.899999
42.5
43.5
43.3
42.600001
43.600001
50.1
50.700001
69.699998
107.5
160.199997
188.400002
207.6
202.5
197.999997
189.699997
182.5
145.0
120.599998
118.0
112.0
84.5
61.299999
45.9
40.700001
41.700001
43.799999
42.4
41.7
42.4
47.9
51.4
69.699998
107.5
161.600006
191.400002
204.4
201.399997
194.099997
185.400001
177.799995
141.199996
126.599999
109.200001
102.900002
68.5
44.899999
42.899999
40.0
21.0427586276
0.285517255194
0.285517255135
0.285517255194
0.285517255194
0.285517255135
0.285517255194
0.285517255135
0.285517255194
0.285517255194
0.285517255135
0.285517255194
0.285517255194
0.285517255135
0.285517255194
0.285517255194
0.285517255135
0.285517255194
0.285517255194
0.285517255135
0.285517255194
0.285517255135
0.285517255194
0.285517255194
34.795
35.76
35.705
33.86
32.165
31.1725
30.8925
31.155
29.72
28.7825
28.4225
28.32
30.5
31.7475
32.91
34.2825
36.2725
37.3525
37.1775
37.2175
36.9325
37.4725
36.6175
37.0925
37.955
38.54
38.9325
38.3375
38.635
39.0125
38.2475
38.4425
38.33
37.13
35.77
34.39
33.3425
32.3525
30.0
30.095
31.65
32.1025
34.2175
34.2375
34.64
36.5
37.6125
37.98
22.8427596276
20.6427586276
40.400002
39.700001
43.5
47.200001
48.7
65.400002
106.5
158.900002
200.1
206.3
205.4
204.599997
191.5
184.599999
156.400001
138.5
119.400002
95.0
64.499998
51.600001
49.799999
46.899999
43.600001
49.6
52.399999
52.1
49.9
50.799999
52.900002
68.800001
107.200001
154.300003
206.2
213.9
213.7
195.8
186.400002
181.5
151.5
129.899997
117.599998
99.5
69.999998
46.0
43.2
40.299999
41.399999
40.899999
41.0
39.6
41.199999
43.600001
44.900002
65.199999
103.599998
152.399994
197.899997
212.6
208.2
201.400003
187.200005
177.299995
144.800003
131.300004
127.5
111.400002
79.900002
57.1
45.4
40.8
42.700001
43.300001
42.9
41.899999
42.600001
44.400002
46.600001
63.0
103.299999
148.5
188.400001
217.7
209.7
196.399997
186.600006
177.800004
154.699996
133.400001
124.200001
97.0
64.5
48.1
47.200001
42.0
42.799999
46.299999
46.199999
44.400002
45.100001
45.799999
48.300001
65.0
102.599998
154.400002
194.299995
202.2
203.199998
195.9
185.5
175.699996
143.099998
122.400002
106.700001
91.5
61.999998
48.0
45.5
41.899999
43.199999
44.399999
43.699999
41.5
41.9
40.9
41.6
40.699999
39.699999
38.099998
38.0
38.199999
39.0
41.4
37.399999
41.1
42.199999
41.700001
42.700001
45.0
42.100001
43.700001
43.9
42.800001
44.0
45.899999
45.399999
42.899999
45.899999
45.1
44.0
45.9
44.200001
42.400002
42.0
41.200001
40.100001
40.100001
38.6
37.0
40.800001
40.800001
42.3
41.200001
40.299999
40.300001
39.699999
38.400002
41.0
41.600001
43.4
43.4
44.399999
47.200001
51.0
64.699998
108.0
155.5
187.099998
199.800003
197.000003
189.0
176.599998
172.5
143.600006
122.200001
110.799999
106.300004
69.0
50.399999
44.7
40.600001
40.899999
43.399999
41.5
41.200001
44.5
49.5
51.1
73.0
102.400002
165.5
209.1
185.0875
216.8
210.1
186.899994
178.100006
156.200005
141.0
126.299999
117.599998
71.9
48.200001
46.600001
39.5
44.099998
43.100001
41.7
45.0
45.300001
45.299999
48.5
71.900002
109.5
150.199997
188.100006
208.3
203.000003
203.799997
199.200005
183.900002
159.700005
145.5
132.599999
126.299999
89.700001
60.700001
50.0
44.0
43.099998
46.200001
45.900002
43.5
45.200001
42.399999
43.199999
69.400002
107.799999
163.099998
211.6
216.9
215.4
202.2
186.099998
175.699997
150.799995
131.199997
116.199996
105.400002
68.200001
45.5
44.300001
44.0
41.5
42.0
41.299999
41.399999
42.599998
42.700001
44.299999
67.799999
102.899997
158.900001
197.7
211.0
202.099998
186.600006
173.099998
166.399994
138.5
122.399997
114.800004
96.400002
64.799999
46.800001
44.0
40.9
40.399999
42.7
43.3
43.6
41.799999
43.600001
44.699999
48.100001
48.899999
47.7
45.300001
37.899999
37.0
37.0
35.700001
37.799999
40.200001
40.299999
39.4
40.2
42.0
41.699999
39.300001
40.899999
41.4
41.9
42.6
43.599998
43.9
44.600001
45.1
44.9
43.899999
42.400002
39.899999
38.199999
38.300001
36.5
36.799999
38.599998
37.600001
38.800001
40.5
39.799999
38.599998
40.200001
38.1
40.300001
43.0
41.4
41.300001
42.5
44.5
48.6
53.0
68.6
111.300004
155.5
193.100006
204.4
196.999997
189.600006
180.600006
171.799995
142.599999
133.199996
127.300004
101.599998
69.800002
56.800001
49.0
43.699999
42.0
45.8
46.299999
45.1
46.100001
50.5
55.4
70.199998
117.200001
174.300004
189.4975
198.2175
205.4425
211.7
189.200005
182.099999
148.200005
133.700005
125.299999
102.799999
71.900002
44.199999
41.799999
38.5
42.0
39.600001
39.400002
40.200001
40.0
43.899999
49.0
63.800002
102.600003
155.800003
198.999997
213.9
211.9
203.799997
184.900001
178.799995
152.800003
137.5
123.799999
109.200001
79.799999
57.200001
49.899999
44.9
41.599998
44.700001
43.2
43.3
42.800001
42.5
49.300001
63.500002
106.700001
164.200005
195.099999
204.5
205.799998
199.100003
185.299995
169.900002
143.699997
128.5
115.799999
98.0
63.9
42.800001
40.9
37.699999
36.5
39.299999
38.399999
39.099998
38.7
40.1
43.5
60.800001
98.0
158.700005
190.599998
206.2
204.6
193.2
182.900002
180.199996
142.899994
129.499996
119.799999
90.199996
65.799999
45.4
43.0
39.0
39.600001
37.200001
37.199999
41.0
36.800001
37.300001
37.7
38.3
38.900002
36.700001
36.2
35.300001
40.5
39.299999
41.699999
42.399999
42.8
42.299999
42.300001
42.900002
42.099998
42.2
39.800001
42.199999
35.399999
41.0
40.5
40.299999
43.9
41.0
43.300001
42.700001
43.700001
43.3
43.299999
41.5
41.9
42.0
42.4
42.3
42.299999
42.9
43.1
39.899999
37.100001
38.1
40.300001
36.100001
40.1
36.599998
35.300001
35.600001
36.699999
41.5
50.5
65.900002
109.899997
166.099999
202.000003
218.1
180.135
214.5
196.600003
189.0
163.700005
147.600006
130.799995
108.400002
69.0
49.300001
48.799999
44.200001
