1.10000002
1.69999999
1.20000004
1.20000004
1.10000002
1.10000002
1.0
1.10000002
3.10000001
6.5999999
8.6999998
7.3999999
7.6000001
7.6999998
6.1000001
7.0
7.0999999
6.2999999
1.80000001
1.10000002
1.20000004
1.20000004
1.20000004
1.20000004
1.30000001
1.20000004
1.30000001
1.20000004
1.70000002
1.20000004
1.10000002
1.10000002
2.89999999
7.0999999
6.52
8.0
8.0
7.1000001
6.1000001
6.5
6.5999999
6.7999997
1.90000002
1.20000004
1.20000004
1.20000004
1.20000004
1.20000004
1.30000001
1.20000004
1.30000001
1.20000004
1.70000002
1.20000004
1.20000004
1.20000004
3.6
6.7000001
7.2999997
5.4000001
5.1000001
5.0
7.1999998
7.5
8.5
6.5
3.4
1.20000004
1.20000004
1.20000004
1.30000001
1.20000004
1.20000004
1.20000004
1.20000004
1.20000004
1.30000001
1.70000002
1.10000002
1.10000002
2.90000002
6.9
8.8000002
7.3999999
7.6000001
6.8
6.0
6.7999999
5.1999998
5.0999999
3.0
1.20000004
1.20000004
1.20000004
1.20000004
1.20000004
1.10000002
1.20000004
1.80000002
1.20000004
1.20000004
1.20000004
1.20000004
1.10000002
2.89999999
7.1
9.1000004
7.7000001
7.5999999
7.2
6.5
7.5999999
7.7999999
5.5000001
1.20000004
1.0
1.10000002
1.0
1.10000002
1.10000002
1.10000002
1.10000002
1.10000002
1.0
1.0
1.6
1.0
1.0
1.10000002
1.0
1.10000002
1.10000002
1.10000002
1.0
1.0
1.0
1.0
1.10000002
1.59999997
1.10000002
1.0
1.0
1.0
1.0
1.0
1.0
1.10000002
1.0
1.20000004
1.20000004
1.80000002
1.20000004
1.10000002
1.10000002
1.0
1.10000002
1.0
1.0
1.0
1.0
1.0
1.0
1.10000002
1.6
1.10000002
1.0
1.10000002
1.10000002
1.20000004
1.0
1.10000002
1.0
1.0
1.10000002
1.0
1.6
3.10000001
6.9000001
7.0999999
6.6999998
6.3999999
6.6000001
6.8000002
5.7
6.4
6.1000001
3.60000009
1.20000004
1.30000001
1.20000004
1.30000001
1.20000004
1.59999997
1.30000001
1.20000004
1.30000001
1.20000004
1.80000002
1.30000001
1.20000004
3.20000011
8.1999998
8.0
8.1999998
8.3000002
8.1999998
7.0
7.4000001
7.9000001
6.4000001
2.20000002
1.20000004
1.20000004
1.20000004
1.20000004
1.5
1.20000004
1.39999998
1.39999998
1.39999998
1.39999998
1.39999998
1.30000001
1.20000004
3.30000001
6.9000001
9.1999998
7.9000001
8.6999998
6.7
6.2000001
5.5
7.5
7.2999999
5.3999999
1.20000004
1.30000001
1.20000004
1.20000004
1.20000004
1.30000001
1.30000001
1.20000004
1.20000004
1.30000001
1.30000001
1.80000002
1.20000004
3.10000009
6.7
9.1000004
7.7999997
8.0000002
8.2999997
9.2999997
9.3000002
8.2000001
6.1
3.6
1.40000003
1.20000004
1.30000001
1.20000004
1.20000004
1.20000004
1.20000004
1.30000001
1.70000002
1.39999998
1.20000004
1.20000004
1.20000004
3.39999998
7.9000001
6.1475
7.3999999
7.6000001
7.1999998
6.8999999
8.4000001
8.0999999
4.3
1.20000004
1.20000004
1.20000004
1.20000004
1.30000001
1.20000004
1.30000001
1.20000004
1.30000001
1.20000004
1.20000004
1.80000002
1.20000004
1.30000001
1.20000004
1.20000004
1.20000004
1.20000004
1.20000004
1.30000001
1.20000004
1.20000004
1.30000001
1.69999999
1.20000004
1.20000004
1.30000001
1.20000004
1.10000002
1.30000001
1.20000004
1.20000004
1.20000004
1.20000004
1.20000004
1.70000002
1.20000004
1.20000004
1.20000004
1.20000004
1.20000004
1.20000004
1.30000001
1.20000004
1.20000004
1.20000004
1.20000004
1.70000002
1.20000004
1.20000004
1.20000004
1.20000004
1.20000004
1.20000004
1.20000004
1.30000001
1.20000004
1.20000004
1.20000004
1.69999999
1.20000004
1.20000004
3.20000011
6.5999999
8.2
5.7999999
6.5
4.9
6.5
7.8999998
9.1999998
6.8999999
3.5
1.70000002
1.20000004
1.20000004
1.20000004
1.70000002
1.19999999
1.20000004
1.20000004
1.20000004
1.20000004
1.20000004
1.20000004
1.30000001
3.50000001
7.7999997
8.6999998
7.7
6.5175
8.7999997
6.5999999
9.0
6.3425
7.2000003
1.40000003
1.0
1.10000002
1.5
1.20000004
1.0
1.20000004
1.20000004
1.30000001
1.30000001
1.20000004
1.30000001
1.20000004
1.20000004
3.10000009
6.5
8.6999998
7.5
7.4
6.6000001
5.5999999
6.3
5.4000001
3.3
1.20000004
1.20000004
1.10000002
1.20000004
1.20000004
1.20000004
1.39999998
1.39999998
1.30000001
1.40000003
1.69999999
1.30000001
1.30000001
1.30000001
3.19999999
6.7000001
9.0999999
9.3000002
5.5625
8.7999997
6.3000002
7.0999999
8.5999999
6.2
2.09999999
1.39999998
1.39999998
1.30000001
1.39999998
1.30000001
1.19999999
1.39999998
1.90000001
1.20000004
1.39999998
1.20000004
1.20000004
1.30000001
3.6
7.0999999
7.8999998
5.5
5.3
4.3999999
6.9000001
7.5
3.8000001
1.20000004
1.10000002
1.0
1.0
1.0
1.0
1.10000002
1.0
1.10000002
1.10000002
1.70000002
1.20000004
1.20000004
1.20000004
1.10000002
1.20000004
1.0
1.0
1.0
1.0
1.10000002
1.0
1.59999997
1.0
1.10000002
1.0
1.0
1.10000002
1.0
1.10000002
1.0
1.20000004
1.10000002
1.5
1.30000001
1.10000002
1.20000004
1.20000004
1.20000004
1.20000004
1.20000004
1.0
1.10000002
1.0
1.10000002
1.0
1.60000002
1.10000002
1.10000002
1.20000004
1.10000002
1.20000004
1.20000004
1.20000004
1.20000004
0.606185587214
0.0123711344313
0.0123711344349
0.0123711344313
0.0123711344349
0.0123711344313
0.0123711344349
0.0123711344313
0.0123711344349
0.0123711344313
0.0123711344349
0.0123711344313
0.0123711344349
0.0123711344313
0.0123711344313
0.0123711344349
0.0123711344313
0.0123711344349
0.0123711344313
0.0123711344349
0.0123711344313
0.0123711344349
0.0123711344313
0.0123711344349
1.245
1.1825
1.125
1.1725
1.2125
1.235
1.135
1.0925
2.2375
5.0425
5.3925
5.7725
5.8525
5.88
5.6
6.055
5.9175
5.33
3.0175
1.58
1.31
1.3525
1.3175
1.3
0.606185587214
0.506185567217
1.10000002
1.20000004
1.20000004
1.10000002
1.10000002
1.0
1.0
1.0
1.0
1.0
1.39999998
1.0
1.0
1.0
1.0
1.10000002
1.0
1.0
1.0
1.19999999
1.39999998
1.0
1.10000002
1.0
1.0
1.0
1.0
1.0
1.10000002
1.0
1.5
1.10000002
1.0
1.0
1.0
1.10000002
1.0
1.0
1.0
1.0
1.0
1.60000002
1.0
1.10000002
1.0
1.0
1.30000001
1.0
1.10000002
1.0
1.0
1.10000002
1.39999998
1.0
1.10000002
1.0
1.10000002
1.0
1.0
1.0
1.10000002
1.0
1.6
1.0
1.0
1.20000004
1.20000004
1.20000004
1.30000001
1.20000004
1.10000002
1.30000001
1.20000004
1.89999999
1.20000004
1.10000002
1.0
1.10000002
1.0
1.10000002
1.0
1.0
1.0
1.10000002
1.30000001
1.40000003
1.0
1.0
1.10000002
1.10000002
1.0
1.0
1.0
1.0
1.0
1.5
1.10000002
1.0
1.10000002
1.0
1.10000002
1.0
1.10000002
1.0
1.10000002
1.0
1.60000002
1.0
1.0
1.0
1.0
1.0
1.0
1.0
1.0
1.0
1.5
1.10000002
1.10000002
1.0
1.0
1.10000002
1.0
1.0
1.0
1.0
1.0
1.5
1.0
1.0
1.0
1.0
1.0
1.0
1.0
1.0
1.0
1.60000002
1.0
1.0
1.10000002
1.0
1.0
1.0
1.0
1.0
1.10000002
1.30000001
1.19999999
1.0
1.0
1.0
1.0
1.0
1.0
1.0
1.0
1.5
1.10000002
1.0
1.0
1.0
1.10000002
1.0
1.0
1.0
1.0
1.0
1.39999998
1.10000002
1.0
1.10000002
1.0
1.0
1.0
1.0
1.0
1.10000002
1.5
1.10000002
1.0
1.0
1.10000002
1.0
1.0
1.0
1.0
1.0
1.39999998
1.0
0.5
1.0
1.10000002
1.0
1.10000002
1.0
1.0
1.5
1.0
1.0
1.0
1.0
1.0
1.0
1.0
1.0
1.0
1.5
1.0
1.0
1.0
1.10000002
1.10000002
1.20000004
1.10000002
1.20000004
1.20000004
1.69999999
1.10000002
1.0
1.10000002
1.0
1.10000002
1.0
1.10000002
1.0
1.0
1.30000001
1.30000001
1.0
1.0
1.0
1.0
1.0
1.10000002
1.0
1.0
1.10000002
1.5
1.10000002
1.0
1.0
1.0
1.0
1.10000002
1.0
1.0
1.0
1.5
1.0
1.10000002
1.0
1.0
1.0
1.10000002
1.10000002
1.10000002
1.0
1.0
1.5
1.0
1.0
1.0
1.0
1.0
1.0
1.10000002
1.0
1.5
1.10000002
1.0
1.10000002
1.0
1.0
1.0
1.0
1.0
1.0
1.19999999
1.30000001
1.0
1.0
1.0
1.0
1.0
1.10000002
1.10000002
1.0
1.0
1.5
1.10000002
1.0
1.10000002
1.0
2.40000002
4.3
7.7
6.8000002
5.5
3.5
4.0
4.7000001
3.8
3.9
1.30000001
1.10000002
1.0
1.0
1.10000002
1.0
2.4
1.0
1.10000002
1.0
1.0
1.10000002
1.0
1.0
2.90000002
7.5
5.695
7.3999999
7.0
7.6999998
8.2
8.1000002
8.1999998
7.0
3.7000001
2.7
2.7
2.7
2.6
2.7
2.09999999
2.8
2.8
2.7
2.8
3.3
2.7
2.6
4.3
7.4
8.6999998
7.5
8.3999998
7.7999999
8.0
9.0
5.6075
5.2999999
3.9999999
3.6
1.39999998
1.59999997
1.69999999
1.39999998
1.30000001
1.60000002
1.39999998
1.30000001
1.30000001
1.30000001
1.20000004
1.20000004
3.19999998
7.4000001
9.2999997
9.0
8.1999998
6.2
7.4000001
7.9000001
8.0999999
6.1999998
6.8000002
3.1999999
1.30000001
1.20000004
1.30000001
1.30000001
1.20000004
1.30000001
1.30000001
1.5
1.39999998
1.39999998
1.80000001
1.69999999
3.20000011
7.3
8.2000001
7.2
7.4000001
6.2000001
7.5999999
7.9999998
4.63
9.0
2.89999991
1.39999998
1.39999998
1.30000001
1.20000004
1.20000004
1.10000002
1.30000001
1.30000001
1.39999998
1.39999998
2.00000002
1.19999999
1.10000002
1.0
1.10000002
1.0
1.0
1.0
1.0
1.10000002
1.0
1.10000002
1.6
1.10000002
1.0
1.10000002
1.10000002
1.0
1.10000002
1.19999999
1.10000002
1.0
1.10000002
1.5
1.10000002
1.0
1.10000002
1.0
1.10000002
1.0
1.10000002
1.0
1.10000002
1.0
1.80000002
1.39999998
1.30000001
1.39999998
1.20000004
1.20000004
1.39999998
1.39999998
1.30000001
1.89999999
1.30000001
2.0
1.39999998
1.39999998
1.39999998
1.39999998
1.30000001
3.39999998
9.0999999
9.0999999
8.3999999
9.3000002
8.5
8.4000001
9.0999999
5.455
7.5999999
3.1
1.5
1.39999998
1.39999998
1.39999998
1.39999998
1.69999999
1.5
1.39999998
1.60000002
1.5
1.5
1.39999998
1.5
3.30000001
8.2000001
6.1175
7.7
7.8000002
7.3
7.2000001
8.8000002
7.0975
6.3575
3.9000001
1.39999998
1.5
1.60000002
1.5
1.5
1.5
1.60000002
1.60000002
1.60000002
1.60000002
2.09999999
1.5
1.60000002
3.39999999
8.4000001
6.8875
7.4
7.2
6.7
8.0000002
8.4000001
8.0999999
6.2999999
4.2
1.69999999
1.69999999
1.60000002
1.69999999
1.60000002
1.5
1.30000001
1.30000001
1.30000001
1.39999998
1.80000002
1.30000001
1.30000001
2.99999999
7.2
9.0
8.7000003
9.1999998
8.7999997
7.3999999
7.1000001
7.2999999
7.0
4.8000001
1.69999999
1.69999999
1.20000004
1.40000003
1.60000002
1.40000003
1.40000003
1.60000002
1.69999999
1.69999999
1.69999999
1.60000002
2.2
3.39999998
7.6000001
7.5999999
7.0999999
7.0
7.5999999
6.5999999
8.3
8.3999999
5.7
1.99999999
1.39999998
1.39999998
1.39999998
1.39999998
1.39999998
1.40000003
1.39999998
1.20000004
1.39999998
1.69999999
1.5
1.30000001
1.20000004
1.30000001
1.20000004
1.5
1.20000004
1.20000004
1.20000004
1.20000004
1.20000004
1.70000002
1.20000004
1.20000004
1.20000004
1.20000004
1.20000004
1.30000001
1.20000004
1.69999999
1.30000001
1.20000004
2.00000001
1.20000004
1.20000004
1.20000004
1.20000004
1.20000004
1.20000004
1.20000004
1.20000004
1.20000004
1.70000002
1.20000004
1.20000004
1.20000004
1.20000004
1.20000004
1.20000004
1.10000002
1.20000004
1.20000004
1.5
1.30000001
1.20000004
1.20000004
1.20000004
1.20000004
1.10000002
1.10000002
1.20000004
2.79999989
8.5000002
7.46
7.4
6.4000001
5.5
5.8
5.6999998
8.0
7.3999999
4.5
1.30000001
1.20000004
1.20000004
1.20000004
1.20000004
1.20000004
1.20000004
1.20000004
1.80000002
1.30000001
1.20000004
1.30000001
1.20000004
2.90000002
8.3000002
6.575
7.1000001
8.4000001
7.0999999
6.5999999
9.0
9.0
7.6999998
3.6
1.39999998
1.20000004
1.20000004
1.30000001
1.20000004
1.30000001
1.30000001
1.20000004
1.30000001
1.99999999
1.30000001
1.20000004
1.20000004
3.00000012
7.0999999
8.0000002
7.4000001
8.9000001
6.9000001
6.9000001
6.6
8.7000003
6.3000002
1.90000002
1.30000001
1.20000004
1.30000001
1.20000004
1.30000001
1.30000001
1.30000001
1.30000001
1.30000001
1.80000002
1.30000001
1.20000004
1.30000001
3.10000009
7.3999999
9.0
7.7000001
7.8000002
8.1999998
7.7000001
8.2999997
8.5999999
6.5999999
6.1
1.30000001
1.20000004
1.20000004
1.20000004
1.20000004
1.20000004
1.20000004
1.20000004
1.20000004
1.70000002
1.40000003
1.10000002
1.20000004
3.19999999
7.4000001
8.3000002
7.0
7.5999999
6.1000001
5.5
6.7999999
8.4000001
4.2
1.19999999
1.10000002
1.0
1.30000001
1.39999998
1.0
1.10000002
1.10000002
1.0
1.10000002
1.10000002
1.0
1.10000002
1.0
1.0
1.5
1.30000001
1.0
1.0
1.0
1.0
1.0
1.0
1.10000002
1.10000002
1.0
1.10000002
1.6
1.10000002
1.0
1.10000002
1.0
1.10000002
1.10000002
1.0
1.10000002
1.0
1.10000002
1.7
1.10000002
1.10000002
1.10000002
1.0
1.0
1.0
1.0
1.10000002
1.0
1.10000002
1.39999998
1.30000001
1.0
1.10000002
1.10000002
1.10000002
1.10000002
1.0
1.10000002
1.0
1.10000002
1.0
1.30000001
3.19999998
8.4000001
6.7125
7.4
8.1999998
8.1999998
7.6
9.2999997
8.3999996
7.8000002
4.6999998
1.20000004
1.20000004
1.10000002
1.20000004
1.10000002
1.20000004
1.20000004
1.20000004
1.30000001
1.5
1.20000004
1.0
1.10000002
3.30000002
7.7999997
6.065
8.0
6.8999999
6.5
7.5
7.0999999
6.66
6.3999999
2.40000002
1.20000004
1.19999999
1.10000002
1.70000002
1.20000004
1.10000002
1.10000002
1.20000004
1.10000002
1.20000004
1.20000004
1.10000002
1.20000004
2.9000001
9.0
9.3000002
8.7999997
7.2000001
5.9000001
5.8000002
8.2
6.9000001
5.2999999
4.1
2.50000002
1.60000002
1.20000004
1.0
1.10000002
1.20000004
1.10000002
1.0
1.10000002
1.10000002
1.10000002
1.10000002
1.0
3.80000001
7.1999998
7.3999999
8.5
8.7000003
6.8
6.7999999
7.3999999
7.5999999
5.0
3.2
1.5
1.80000002
1.20000004
1.20000004
1.20000004
1.20000004
1.20000004
1.10000002
1.20000004
1.20000004
1.20000004
1.20000004
1.70000002
3.6999999
7.7999997
8.1000002
6.7
6.2999999
5.2
4.8
5.3999999
6.9000001
5.9000001
1.40000003
1.5
1.20000004
1.80000002
1.20000004
1.30000001
1.20000004
1.20000004
1.20000004
1.20000004
1.20000004
1.30000001
1.20000004
1.20000004
1.20000004
1.70000002
1.20000004
1.5
3.2
3.3
3.3
3.4
3.4
3.4
2.8
1.20000004
1.59999997
1.40000003
1.20000004
1.20000004
1.20000004
1.10000002
1.20000004
1.20000004
1.20000004
1.20000004
1.20000004
1.80000002
1.20000004
1.20000004
1.20000004
1.20000004
1.10000002
1.20000004
1.20000004
1.10000002
1.20000004
1.20000004
1.79999999
1.20000004
1.20000004
1.20000004
1.20000004
1.10000002
1.20000004
1.20000004
1.20000004
1.20000004
1.20000004
1.69999999
1.20000004
1.10000002
3.30000001
7.6999998
9.0999999
7.1000001
7.4000001
7.3999999
7.5
7.3999999
8.3000002
6.3999999
2.60000002
1.30000001
1.20000004
1.30000001
1.20000004
1.80000002
1.20000004
1.30000001
1.20000004
1.30000001
1.20000004
1.20000004
1.20000004
1.20000004
3.49999999
7.5
6.995
7.3999999
7.2
6.2
5.8000002
6.0999999
8.5999999
6.4000001
3.2
1.20000004
1.20000004
1.70000002
1.30000001
1.30000001
1.20000004
1.30000001
1.20000004
1.20000004
1.20000004
1.30000001
1.20000004
1.30000001
3.19999992
7.3
8.1999998
5.9000001
6.2
6.0
6.0999999
7.1999998
9.0999999
6.2
4.0
1.20000004
1.20000004
1.20000004
1.20000004
1.10000002
1.10000002
1.10000002
1.20000004
1.60000002
1.30000001
1.10000002
1.10000002
1.20000004
3.29999989
7.6000002
8.6999998
6.6000001
8.4000001
8.3000002
7.4000001
7.3999999
7.9000001
6.9000001
3.2999999
1.10000002
1.10000002
1.20000004
1.20000004
1.10000002
1.20000004
1.69999999
1.20000004
1.20000004
1.20000004
1.20000004
1.10000002
1.20000004
3.00000012
7.0
7.2025
7.0
6.7999999
5.0999999
5.5999999
7.7999999
8.7999997
7.0
1.20000004
1.20000004
1.20000004
1.20000004
1.20000004
1.20000004
1.20000004
1.30000001
1.20000004
1.20000004
1.20000004
1.80000002
1.20000004
1.20000004
1.20000004
1.30000001
1.20000004
1.20000004
1.30000001
1.20000004
1.20000004
1.20000004
1.80000002
1.20000004
1.20000004
1.30000001
1.20000004
1.20000004
1.20000004
1.20000004
1.20000004
1.20000004
1.40000003
1.80000002
1.20000004
1.20000004
1.20000004
1.20000004
1.20000004
1.20000004
1.30000001
1.20000004
1.20000004
1.20000004
1.20000004
1.80000002
1.20000004
1.20000004
1.30000001
1.20000004
1.20000004
1.20000004
1.20000004
1.20000004
1.30000001
1.80000002
1.20000004
1.20000004
1.20000004
1.20000004
1.20000004
1.20000004
3.10000009
7.5
7.6000002
7.0
6.1999998
6.2000001
6.2999999
6.8000002
6.7
6.0
3.6
2.4
1.30000001
1.30000001
1.30000001
1.20000004
1.30000001
1.30000001
1.20000004
1.39999998
1.39999998
1.80000002
1.30000001
1.20000004
3.39999999
8.0000002
7.0125
7.0775
7.1225
7.9000001
7.5
8.7999997
9.0999999
6.2
1.5
1.10000002
1.20000004
1.20000004
1.10000002
1.20000004
1.20000004
1.10000002
1.10000002
1.10000002
1.70000002
1.20000004
1.0
1.10000002
4.2000001
8.5999999
9.1000004
8.5999999
9.1999998
8.2000001
8.3999999
6.67
9.0999999
7.4000001
5.6999998
1.20000004
1.20000004
1.20000004
1.20000004
1.20000004
1.40000003
1.60000002
1.10000002
1.20000004
1.30000001
1.10000002
1.0
1.10000002
3.79999989
8.5999999
7.1875
8.1000002
7.9999998
8.7999997
8.5
8.5
7.0999999
5.3
4.1999998
1.90000002
1.20000004
1.20000004
1.20000004
1.20000004
1.20000004
1.20000004
1.20000004
1.5
1.5
1.20000004
1.0
1.20000004
3.29999989
8.0999999
9.2000003
7.4
7.7999999
7.3000002
6.2999999
7.5
7.0
6.5
1.80000001
1.30000001
1.10000002
1.10000002
1.20000004
1.10000002
1.20000004
1.20000004
1.10000002
1.20000004
1.20000004
1.0
1.59999997
1.10000002
1.10000002
1.10000002
1.0
1.0
1.10000002
1.10000002
1.10000002
1.0
1.30000001
1.40000003
1.10000002
1.0
1.0
1.20000004
1.10000002
1.0
1.10000002
1.20000004
1.0
1.59999997
1.10000002
1.10000002
1.10000002
1.10000002
1.10000002
1.10000002
1.10000002
1.10000002
1.10000002
1.10000002
1.70000002
1.10000002
1.0
1.20000004
1.10000002
1.0
1.0
1.20000004
1.10000002
1.0
1.30000001
1.5
1.0
1.10000002
1.0
1.0
1.10000002
1.0
1.20000004
5.3999999
7.8000002
7.4
6.7000001
4.6000001
3.4
3.4
3.4
3.2
1.30000001
1.0
1.10000002
1.0
1.0
1.0
1.0
1.40000003
1.30000001
1.0
1.0
1.10000002
1.0
1.10000002
1.20000004
3.4
5.0
4.5
3.5
2.9
3.0
3.0
3.2
3.5
1.60000002
1.59999997
1.10000002
1.10000002
1.0
1.0
1.0
1.10000002
1.10000002
1.0
1.6
1.10000002
1.0
1.10000002
1.10000002
1.10000002
1.20000004
1.20000004
1.20000004
1.20000004
1.10000002
1.10000002
1.80000002
1.10000002
1.0
1.0
1.20000004
1.0
1.0
1.10000002
1.0
1.0
1.19999999
1.5
1.0
1.10000002
1.0
1.0
1.20000004
1.20000004
1.10000002
1.20000004
1.20000004
1.80000001
1.20000004
1.20000004
1.20000004
1.10000002
1.0
1.10000002
1.0
1.0
1.10000002
1.0
1.6
1.10000002
1.0
1.0
1.20000004
1.10000002
1.0
1.10000002
1.20000004
1.20000004
1.20000004
1.89999998
1.20000004
1.20000004
1.20000004
1.20000004
1.20000004
1.10000002
1.0
1.0
1.10000002
1.39999998
1.19999999
1.10000002
1.0
1.0
1.0
1.10000002
1.10000002
1.0
1.10000002
1.30000001
1.39999998
1.0
1.10000002
1.0
1.0
1.0
1.0
1.0
1.10000002
1.20000004
1.5
1.0
1.10000002
1.0
1.10000002
1.0
1.6
1.0
1.10000002
1.0
1.6
1.0
1.0
1.10000002
1.10000002
1.0
1.10000002
1.0
1.10000002
1.0
1.7
1.10000002
1.0
1.0
1.10000002
1.10000002
1.0
1.10000002
1.10000002
1.0
1.10000002
1.10000002
1.0
1.0
1.0
1.0
1.0
1.10000002
3.8
8.4000001
8.5
7.3999999
7.5
6.5999999
6.3999999
7.7999997
8.7999997
5.2
3.0
1.20000004
1.20000004
1.30000001
1.20000004
1.79999999
1.20000004
1.20000004
1.20000004
1.20000004
1.10000002
1.10000002
1.20000004
1.20000004
3.5
7.5999999
8.5
8.0
7.3999999
5.8
6.0999999
6.8000002
7.3
6.5
2.7
1.20000004
1.20000004
1.20000004
1.20000004
1.20000004
1.60000002
1.20000004
1.10000002
1.20000004
1.80000002
1.20000004
1.20000004
1.20000004
3.30000002
8.0
9.3000002
7.2999999
6.6
6.5999999
6.6999998
6.4000001
8.7999997
6.8
5.6999998
3.4
2.6
2.0
2.6
2.0
1.5
1.89999998
1.89999998
2.0
2.1
2.0
1.89999998
1.79999996
3.3
7.9000001
6.1425
8.0
8.0
8.0000002
6.2999999
7.0999999
7.5999999
7.3000002
5.1999998
2.50000002
1.20000004
1.20000004
1.20000004
1.20000004
1.10000002
1.7
1.20000004
1.20000004
1.10000002
1.20000004
1.10000002
1.10000002
3.00000012
6.3
6.3
4.6999998
5.0
4.5999999
3.5
5.5
6.4000001
4.7999999
1.59999997
1.10000002
1.70000002
1.0
1.10000002
1.10000002
1.10000002
1.20000004
1.10000002
1.0
1.10000002
1.10000002
1.10000002
1.39999998
1.30000001
1.0
1.10000002
1.0
1.0
1.10000002
1.20000004
1.0
1.0
1.0
1.0
1.10000002
1.6
1.10000002
1.10000002
1.10000002
0.512244898367
0.0244897967345
0.024489796735
0.0244897967345
0.0244897967345
0.024489796735
0.0244897967345
0.0244897967345
0.024489796735
0.0244897967345
0.0244897967345
0.024489796735
0.0244897967345
0.024489796735
0.0244897967345
0.0244897967345
0.024489796735
0.0244897967345
0.0244897967345
0.024489796735
0.0244897967345
0.0244897967345
0.024489796735
0.0244897967345
0.512244898367
0.512244898367
1.0
1.10000002
1.0
1.69999999
1.0
1.0
2.00000002
6.0
7.3999999
6.5
6.1999998
5.5
5.4000001
6.4000001
6.1000001
5.7
3.1
1.20000004
1.20000004
1.20000004
1.20000004
1.20000004
1.20000004
1.10000002
1.20000004
1.70000002
1.10000002
1.20000004
1.10000002
1.10000002
2.20000002
7.5
6.53
6.295
9.1999998
7.8
7.9999998
7.8999999
7.5
5.8
2.49999998
1.80000002
1.20000004
1.20000004
1.20000004
1.20000004
1.20000004
1.20000004
1.10000002
1.0
1.20000004
1.80000002
1.0
1.20000004
2.3
6.1000001
8.0999999
5.7000001
6.0
5.4
4.4
7.1
6.8999999
5.4000001
4.8
1.5
1.20000004
1.20000004
1.20000004
1.20000004
1.60000002
1.20000004
1.0
1.10000002
1.70000002
1.0
1.10000002
1.0
2.29999999
7.8000002
8.5999999
7.0
7.5
8.5999999
8.2000001
8.7999997
8.5
6.2000001
6.4
1.40000003
1.20000004
1.20000004
1.10000002
1.20000004
1.30000001
1.20000004
1.10000002
1.10000002
1.20000004
1.20000004
1.20000004
1.10000002
2.40000002
7.8999999
7.5999999
6.4
6.7000001
7.1000001
6.5999999
6.0
6.4000001
5.0
1.70000002
1.20000004
1.20000004
1.20000004
1.80000002
1.20000004
1.10000002
1.20000004
1.20000004
1.0
1.10000002
1.10000002
1.20000004
1.10000002
1.20000004
1.20000004
1.69999999
1.20000004
1.20000004
1.20000004
1.20000004
1.20000004
1.20000004
1.20000004
1.20000004
1.20000004
1.10000002
1.69999999
1.10000002
1.10000002
1.10000002
1.20000004
1.20000004
1.20000004
1.20000004
1.20000004
1.10000002
1.20000004
1.70000002
1.10000002
1.20000004
1.20000004
1.20000004
1.20000004
1.10000002
1.10000002
1.10000002
1.10000002
1.10000002
1.80000002
1.20000004
1.10000002
1.20000004
1.10000002
1.20000004
1.10000002
1.20000004
1.10000002
1.20000004
1.10000002
1.80000002
1.10000002
2.30000002
8.9000001
6.6925
7.1000001
7.7999997
7.7
6.6999998
7.4
8.5999999
7.0
6.9
2.3
1.10000002
1.20000004
1.10000002
1.20000004
1.0
1.20000004
1.20000004
1.0
1.8
1.10000002
1.0
1.10000002
2.10000002
5.7999999
7.1999998
5.2
5.5
5.4
4.7
5.2999999
7.3
4.2
1.70000002
1.8
1.10000002
1.10000002
1.10000002
1.20000004
1.30000001
1.10000002
1.0
1.10000002
1.10000002
1.20000004
1.10000002
1.6
2.30000002
7.7000003
7.6
7.7
7.3999999
7.3999999
7.1999998
8.6000002
7.0999999
5.1999998
4.7999999
1.30000001
1.20000004
1.20000004
1.20000004
1.5
1.40000003
1.20000004
1.10000002
1.20000004
1.30000001
1.10000002
1.20000004
1.20000004
2.40000002
6.8
9.2000003
9.0
7.2
6.9000001
7.3999999
7.5
7.7
8.2000001
4.3999999
1.40000003
1.20000004
1.20000004
1.20000004
1.60000002
1.30000001
1.20000004
1.20000004
1.30000001
1.20000004
1.20000004
1.20000004
1.10000002
2.90000002
7.0999999
8.7000003
7.0
8.2999997
7.4999998
6.9
7.8000002
8.2000003
6.4999998
2.00000001
1.20000004
1.20000004
1.20000004
1.10000002
1.20000004
1.0
1.20000004
1.80000001
1.20000004
1.20000004
1.0
1.0
1.10000002
1.0
1.10000002
1.10000002
1.0
1.10000002
1.40000003
1.5
1.10000002
1.10000002
1.0
1.10000002
1.0
1.10000002
1.20000004
1.10000002
1.10000002
1.19999999
1.5
1.10000002
1.10000002
1.10000002
1.10000002
1.0
1.10000002
1.0
1.0
1.20000004
1.70000002
1.0
1.10000002
1.10000002
1.10000002
1.10000002
1.10000002
1.0
1.10000002
1.10000002
1.19999999
1.6
1.10000002
1.19999999
1.10000002
1.20000004
1.0
1.10000002
1.10000002
1.0
1.10000002
2.69999992
8.1999998
8.3
8.9000001
8.4000001
6.5
6.2
8.7999997
8.3999996
5.0999999
1.90000002
1.30000001
1.20000004
1.20000004
1.20000004
1.20000004
1.20000004
1.20000004
1.20000004
1.30000001
1.20000004
1.80000002
1.10000002
1.0
2.30000002
7.1999998
7.3
5.5
6.8
5.6999998
5.7999999
5.5999999
5.2
5.5
3.8
3.09999998
1.20000004
1.20000004
1.20000004
1.20000004
1.30000001
1.20000004
1.20000004
1.20000004
1.20000004
1.80000002
1.0
1.10000002
2.2
5.6000001
6.6000001
5.3999999
5.0999999
4.5
7.3999999
7.1000001
6.1999998
6.4
6.6
6.5
3.00000001
1.20000004
1.20000004
1.80000002
1.20000004
1.20000004
1.20000004
1.20000004
1.10000002
1.20000004
1.10000002
1.10000002
1.80000002
4.6999998
7.0999999
5.0
5.8999999
4.3
3.4
3.8999999
5.3
5.3999999
5.5
3.10000001
1.80000002
1.20000004
1.10000002
1.20000004
1.20000004
1.20000004
1.20000004
1.10000002
1.0
1.10000002
1.10000002
1.0
2.10000002
8.3000002
7.6999998
7.3999998
6.6000001
4.9000001
4.1
5.5
4.8
5.2000001
2.5
1.90000001
1.20000004
1.20000004
1.20000004
1.20000004
1.5
1.20000004
1.10000002
1.70000002
1.10000002
1.10000002
1.10000002
1.10000002
1.10000002
1.20000004
1.10000002
1.20000004
1.20000004
1.70000002
1.20000004
1.20000004
1.20000004
1.20000004
1.20000004
1.20000004
1.0
1.20000004
1.10000002
1.39999998
1.20000004
1.10000002
1.10000002
1.10000002
1.20000004
1.20000004
1.20000004
1.20000004
1.20000004
1.10000002
1.80000001
1.10000002
1.10000002
1.10000002
1.0
1.10000002
1.20000004
1.20000004
1.20000004
1.20000004
1.20000004
1.70000002
1.10000002
1.0
1.20000004
1.10000002
1.0
1.20000004
1.10000002
1.10000002
1.10000002
1.79999999
2.49999999
6.9000001
6.9000001
6.5
7.4000001
7.2
6.3
6.3999999
6.7000001
5.1000001
3.2
1.10000002
1.10000002
1.20000004
1.20000004
1.20000004
1.20000004
1.30000001
1.10000002
1.10000002
1.70000002
1.0
1.0
1.0
1.80000002
6.7999999
8.1999998
6.7000001
6.1000001
5.8
6.1999998
6.5
6.2999999
6.6999998
4.8000002
1.30000001
1.20000004
1.20000004
1.20000004
1.20000004
1.30000001
1.20000004
1.70000002
1.20000004
1.20000004
1.20000004
1.10000002
1.0
2.00000002
6.2000001
7.8999998
5.7
5.8999999
7.8000002
6.3
6.7999999
6.8999999
7.2999999
6.5999999
7.5
1.79999999
1.30000001
1.20000004
1.20000004
1.30000001
1.30000001
1.20000004
1.79999999
1.30000001
1.20000004
1.20000004
1.20000004
2.80000001
6.3
7.3000002
6.1999998
5.8999999
5.5
5.2
6.7
4.0
3.7999999
3.9
2.59999998
1.80000002
1.20000004
1.20000004
1.20000004
1.10000002
1.20000004
1.20000004
1.20000004
1.10000002
1.10000002
1.10000002
1.10000002
2.99999999
5.4000001
7.5
6.8
7.5
7.6999998
5.6999998
7.0
9.1999998
5.2000001
1.30000001
1.0
1.0
1.0
1.0
1.6
1.0
1.0
1.0
0.90000001
1.0
1.0
1.0
1.0
0.90000001
1.0
1.5
1.0
1.0
1.0
1.0
1.0
1.0
1.0
1.0
1.0
1.0
1.6
1.0
1.0
1.0
0.5
1.10000002
1.0
1.0
1.0
1.0
1.0
1.6
1.0
1.0
0.90000001
1.0
1.0
1.0
0.90000001
1.0
1.0
1.0
1.5
1.0
1.0
1.0
0.5
1.0
1.1
1.115
1.225
1.2
1.165
1.22
1.99
5.21
6.215
6.085
6.0175
5.8
5.6475
5.935
6.1825
5.18
3.36
1.895
1.375
1.19
1.1425
1.17
0.5
1.0
1.5
1.0
0.90000001
1.0
1.0
0.90000001
1.0
0.90000001
1.0
1.0
1.6
0.90000001
1.0
1.0
1.0
1.0
0.90000001
1.0
0.90000001
0.90000001
0.90000001
1.5
1.0
1.0
1.0
0.90000001
1.0
1.0
0.90000001
1.0
1.0
1.5
0.90000001
1.0
1.0
1.0
1.0
1.0
1.0
1.0
1.0
1.8
0.90000001
1.0
0.90000001
1.0
0.90000001
0.90000001
1.0
0.90000001
1.0
0.90000001
1.10000002
1.5
1.0
1.0
1.0
1.0
1.0
0.90000001
0.90000001
0.90000001
0.90000001
1.5
1.0
1.0
1.0
1.0
0.90000001
1.0
1.0
0.90000001
0.90000001
1.5
1.0
1.0
1.0
0.90000001
1.0
0.90000001
0.90000001
1.0
1.0
1.60000002
0.90000001
0.90000001
1.0
0.90000001
1.0
1.0
0.90000001
1.0
1.0
1.6
1.0
1.0
1.0
1.0
0.90000001
1.0
0.90000001
1.0
1.0
1.5
1.0
1.0
0.800000020001
1.0
1.00000003
1.0
1.0
0.90000001
1.0
1.5
0.90000001
1.0
1.0
1.0
0.90000001
1.0
0.90000001
0.90000001
0.90000001
0.90000001
1.8
0.90000001
1.0
1.0
1.0
0.90000001
1.0
1.0
0.90000001
1.0
1.0
1.0
1.5
0.90000001
0.90000001
1.0
1.0
1.0
1.0
0.90000001
1.0
1.0
1.59999997
1.0
1.0
1.0
0.90000001
1.0
0.90000001
0.90000001
0.800000020001
1.0
1.5
1.0
1.0
1.0
1.0
0.90000001
1.0
0.90000001
1.0
0.90000001
1.0
1.6
1.0
1.0
0.90000001
1.0
1.0
1.0
0.90000001
1.0
1.0
1.5
1.0
0.90000001
1.0
1.0
1.0
1.0
1.0
0.90000001
1.0
1.5
1.0
1.0
0.90000001
1.0
0.90000001
1.0
1.0
0.90000001
0.90000001
1.0
1.5
0.90000001
0.90000001
0.90000001
1.0
0.90000001
0.90000001
1.0
0.90000001
1.0
1.5
1.0
1.0
1.0
1.0
1.0
1.0
1.0
0.90000001
1.0
1.10000002
1.5
1.0
0.800000020001
1.0
1.0
0.90000001
1.0
0.90000001
1.0
1.0
1.6
1.0
1.0
1.0
1.0
1.0
1.0
1.0
1.0
1.5
1.0
1.0
1.6
1.0
1.0
1.0
1.0
1.0
1.0
0.90000001
0.90000001
1.0
1.5
1.0
1.0
0.90000001
1.0
1.0
1.0
1.10000002
1.0
1.0
1.0
1.0
1.0
1.0
1.0
1.0
0.90000001
1.0
1.0
1.0
1.0
1.0
1.50000001
1.0
1.0
1.0
1.0
1.0
1.0
1.0
1.0
1.0
1.6
1.0
0.90000001
0.90000001
1.0
1.0
1.0
0.90000001
1.0
1.0
1.6
1.0
0.90000001
0.90000001
1.0
0.90000001
1.0
1.0
1.0
1.0
0.800000020001
1.6
1.0
1.0
1.0
1.0
1.0
1.10000002
1.0
0.90000001
1.0
1.6
1.0
1.0
1.0
2.7
8.0
7.6999998
6.2
5.3
6.0
5.8000002
5.5
7.0
4.8000001
2.09999999
1.20000004
1.30000001
1.10000002
1.10000002
1.20000004
1.20000004
1.80000002
1.20000004
1.20000004
1.30000001
1.20000004
1.20000004
1.20000004
3.19999998
7.5999999
8.1000001
7.2000001
6.5
6.0
6.1999998
8.0
7.2000001
5.7
2.9
1.39999998
1.5
1.89999999
1.30000001
1.39999998
1.39999998
1.39999998
1.39999998
1.30000001
1.30000001
1.39999998
1.20000004
1.89999999
2.59999999
7.3999999
7.2999999
7.4000001
6.8
6.5
5.8999999
5.8999999
5.7000001
5.1999998
3.9
4.0
1.79999999
1.39999998
1.39999998
1.89999999
1.39999998
1.39999998
1.39999998
1.39999998
1.5
1.39999998
1.20000004
1.30000001
2.19999999
7.5999999
8.5999999
8.7000003
7.5
6.5
6.7000001
7.2999999
7.7999997
6.1000001
4.1999998
1.99999999
1.39999998
1.39999998
1.39999998
1.39999998
1.30000001
1.5
1.39999998
1.39999998
1.69999999
1.79999999
1.39999998
1.39999998
3.10000001
6.7999999
7.5
6.5999999
7.1
6.0
4.9
5.0
4.9
3.1999999
2.5
1.39999998
1.39999998
1.30000001
1.39999998
1.30000001
1.30000001
1.39999998
1.39999998
1.30000001
1.30000001
1.99999999
1.20000004
1.30000001
1.30000001
1.30000001
1.59999997
2.49999998
3.3
3.3
3.3
3.3
3.8
1.39999998
1.39999998
1.39999998
1.39999998
1.20000004
1.30000001
1.30000001
1.30000001
1.30000001
1.79999996
1.20000004
1.39999998
1.30000001
1.20000004
1.30000001
1.30000001
1.30000001
1.30000001
1.30000001
1.79999996
1.30000001
1.20000004
1.30000001
1.30000001
1.20000004
1.30000001
1.20000004
1.30000001
1.30000001
1.90000002
1.20000004
1.20000004
1.30000001
1.30000001
1.30000001
1.30000001
1.39999998
1.30000001
1.30000001
3.19999998
6.9
6.1999998
6.6000001
6.2999999
5.7
6.0
5.5
6.1000001
4.6
3.7
3.0
2.09999998
1.39999998
1.30000001
1.30000001
1.39999998
1.90000001
1.30000001
1.39999998
1.30000001
1.30000001
1.30000001
1.30000001
2.09999999
5.5
6.5
6.5999999
6.2
5.5
6.0999999
5.7000001
5.5
4.8999999
1.39999998
1.39999998
1.39999998
1.30000001
1.39999998
1.30000001
1.30000001
1.30000001
1.20000004
1.79999999
1.40000003
1.30000001
1.30000001
1.20000004
2.80000001
6.4
5.5
6.0
6.0999999
7.1000001
7.5
6.2
6.2999999
5.2
4.0
3.1
1.80000002
1.20000004
1.20000004
1.20000004
1.20000004
1.20000004
1.20000004
1.20000004
1.20000004
1.10000002
1.0
4.49999999
6.2999999
8.1999998
8.9000001
8.0999999
7.2000001
6.7999999
6.7000001
6.5999999
6.0
5.5
3.3
1.30000001
1.20000004
1.20000004
1.20000004
1.20000004
1.20000004
1.20000004
1.30000001
1.5
1.60000002
1.20000004
1.10000002
1.20000004
2.50000002
6.7000001
6.7999999
6.2999999
6.9000001
6.0
5.3999999
6.3
6.7000001
5.3999999
1.10000002
1.20000004
1.20000004
1.20000004
1.70000002
1.0
1.20000004
1.20000004
1.10000002
1.20000004
1.10000002
1.10000002
1.10000002
1.20000004
1.10000002
1.70000002
1.10000002
1.10000002
1.20000004
1.10000002
1.10000002
1.10000002
1.10000002
1.20000004
1.10000002
1.20000004
1.5
1.10000002
1.10000002
1.20000004
1.20000004
1.0
1.20000004
1.20000004
1.10000002
1.10000002
1.80000002
1.10000002
1.10000002
1.20000004
1.10000002
1.10000002
1.10000002
1.0
1.20000004
1.10000002
1.10000002
1.79999999
1.0
1.10000002
1.20000004
1.10000002
1.20000004
1.10000002
1.20000004
1.10000002
1.10000002
1.10000002
1.10000002
1.69999999
1.10000002
1.20000004
1.89999999
5.5999999
6.3999999
5.5
4.8
5.0
5.6000001
5.6
6.0999999
6.9000001
5.4000001
4.1
2.39999999
1.30000001
1.20000004
1.30000001
1.79999999
1.20000004
1.20000004
1.20000004
1.60000002
1.59999997
1.20000004
1.20000004
1.80000002
6.2
8.2000001
6.0
6.0
6.0
5.4
5.5
5.6
4.1
2.1
2.0
2.0
1.30000001
1.20000004
1.30000001
1.20000004
1.20000004
1.20000004
1.20000004
1.20000004
1.20000004
1.20000004
1.20000004
2.40000002
7.6999998
8.4000001
7.3000002
6.3000002
5.2999999
5.9000001
6.1999998
6.5
5.6999998
3.8
4.5
1.70000002
1.20000004
1.20000004
1.30000001
1.30000001
1.80000002
1.30000001
1.20000004
1.20000004
1.20000004
1.10000002
1.20000004
1.79999999
4.6000001
6.2000001
6.0
5.3
5.3
4.9000001
5.4000001
6.4000001
6.1000001
3.8
1.69999999
1.39999998
1.39999998
1.39999998
1.5
1.5
1.39999998
1.39999998
1.39999998
1.39999998
1.99999999
1.39999998
1.39999998
2.39999999
6.0
6.7000001
7.3
7.0
5.8999999
5.8999999
6.4000001
6.9000001
6.7999999
2.3
1.60000002
1.60000002
1.60000002
1.60000002
1.60000002
1.60000002
1.60000002
1.60000002
1.5
1.99999999
1.5
1.5
1.60000002
1.60000002
1.60000002
1.60000002
1.60000002
1.5
1.60000002
1.99999999
1.60000002
1.60000002
1.60000002
1.60000002
1.60000002
1.60000002
1.39999998
1.60000002
1.39999998
1.69999999
2.00000001
1.60000002
1.60000002
1.60000002
1.60000002
1.5
1.60000002
1.60000002
1.5
1.99999999
1.60000002
1.5
1.5
1.60000002
1.5
1.5
1.5
1.5
1.5
1.80000001
2.00000001
1.60000002
1.60000002
1.60000002
1.5
1.5
1.5
1.5
1.60000002
1.60000002
2.30000001
1.69999999
1.60000002
1.60000002
1.60000002
1.60000002
1.60000002
1.69999999
1.60000002
1.69999999
1.5
1.60000002
1.5
2.1
1.5
1.5
1.5
1.30000001
1.39999998
1.39999998
1.60000002
1.60000002
1.5
1.60000002
2.2
2.60000001
6.5
6.0999999
6.7999999
6.6000001
7.2000001
6.2
6.2
7.3
6.5
3.8
1.70000002
1.20000004
1.30000001
1.20000004
1.30000001
1.20000004
1.10000002
1.20000004
1.20000004
1.10000002
1.20000004
1.79999999
1.10000002
2.49999999
9.2999997
9.2000003
5.955
8.5999999
7.8
8.0
7.8
7.6
7.8999998
5.9000001
1.5
1.20000004
1.20000004
1.20000004
1.20000004
1.19999999
1.10000002
1.10000002
1.10000002
1.69999999
1.20000004
1.10000002
2.6
3.7
7.1
9.1999998
8.6999998
7.3
6.7
7.0
7.0
7.5
6.4000001
6.1000001
4.5999999
2.5
2.7
2.7
1.5
1.10000002
1.20000004
1.20000004
1.20000004
1.5
1.5
1.20000004
1.20000004
2.29999999
7.0
8.5
7.5
7.4
6.7
6.3
5.6999998
6.5
4.5
1.0
1.10000002
1.0
1.10000002
1.0
1.10000002
1.10000002
1.10000002
1.70000002
1.0
1.10000002
1.20000004
1.10000002
1.10000002
1.10000002
1.0
1.10000002
1.10000002
1.20000004
1.70000002
1.0
1.10000002
1.10000002
1.10000002
1.0
1.10000002
1.0
1.20000004
1.0
1.70000002
1.0
1.10000002
1.10000002
1.10000002
1.10000002
1.10000002
1.10000002
1.10000002
1.10000002
1.0
1.6
1.10000002
1.10000002
1.0
1.10000002
1.10000002
1.20000004
1.0
1.10000002
1.10000002
1.5
1.19999999
1.10000002
1.10000002
1.10000002
1.10000002
1.0
1.0
1.10000002
1.10000002
1.0
1.70000002
2.19999999
7.5
8.2000003
7.5999999
7.0999999
6.7
6.1999998
5.9
5.7
6.5
2.49999998
1.40000003
1.30000001
1.20000004
1.20000004
1.30000001
1.20000004
1.39999998
1.20000004
1.30000001
1.30000001
1.70000002
1.40000003
1.20000004
2.20000002
6.6
7.1000001
7.3000002
6.0
6.3
6.8999999
7.6
7.5
6.7999999
4.3999999
1.60000002
1.20000004
1.20000004
1.20000004
1.20000004
1.20000004
1.20000004
1.20000004
1.20000004
1.20000004
1.80000002
1.20000004
1.20000004
1.70000002
5.7999999
8.0
6.4000001
5.6
5.2999999
6.0
6.5
5.8000002
5.5
4.7000001
2.69999992
1.20000004
1.20000004
1.20000004
1.20000004
1.20000004
1.20000004
1.20000004
1.40000003
1.70000002
1.20000004
1.10000002
1.10000002
2.29999999
7.7000001
8.9000001
8.6000004
8.4000001
8.1000002
8.5999999
7.9000001
8.5
6.0
3.2
1.39999998
1.39999998
1.39999998
1.30000001
1.20000004
1.30000001
1.30000001
1.89999998
1.30000001
1.39999998
1.20000004
1.30000001
1.20000004
1.79999999
6.0
6.7999999
6.3999999
6.8
7.1000001
6.7
6.0999999
6.7
2.69999992
1.30000001
1.20000004
1.20000004
1.90000002
1.20000004
1.20000004
1.20000004
1.20000004
1.20000004
1.20000004
1.20000004
1.20000004
1.20000004
1.20000004
1.20000004
1.70000002
1.20000004
1.20000004
1.20000004
1.20000004
1.20000004
1.20000004
1.20000004
1.20000004
1.20000004
1.20000004
1.80000001
1.20000004
1.20000004
1.10000002
1.20000004
1.20000004
1.10000002
1.20000004
1.20000004
1.10000002
1.20000004
1.70000002
1.10000002
1.20000004
1.10000002
1.10000002
1.20000004
1.10000002
1.20000004
1.20000004
1.20000004
1.20000004
1.90000001
1.10000002
1.20000004
1.20000004
1.20000004
1.20000004
1.20000004
1.10000002
1.10000002
1.10000002
1.20000004
1.10000002
1.70000002
1.20000004
1.90000002
7.2
7.7000001
7.8000002
7.3999999
7.4000001
7.5
7.8000002
6.7
5.2999999
3.5
1.69999999
1.20000004
1.20000004
1.20000004
1.20000004
1.30000001
1.20000004
1.20000004
1.20000004
1.70000002
1.20000004
1.20000004
1.0
1.59999997
5.1
7.9000001
7.0999999
6.5999999
7.0
6.5
7.0999999
7.5
6.3
2.1
2.5
2.1
1.90000001
1.30000001
1.30000001
1.30000001
1.30000001
1.30000001
1.20000004
1.5
1.60000002
1.30000001
1.20000004
1.60000002
5.9
6.4
6.7
6.3
5.9000001
6.9000001
6.2000001
5.7999999
5.4
3.6999999
2.8
1.20000004
1.20000004
1.20000004
1.80000002
1.10000002
1.20000004
1.20000004
1.20000004
1.20000004
1.10000002
1.0
1.70000002
3.1
6.1000001
6.3999999
6.0
5.0
4.6999998
4.7000001
4.7000001
5.8
4.4000001
1.80000002
1.20000004
1.20000004
1.20000004
1.20000004
1.20000004
1.10000002
1.6
1.10000002
1.20000004
1.10000002
1.0
1.10000002
1.0
1.89999999
7.0
8.4000001
6.4
5.3000002
4.8999999
5.3999999
5.5
5.7999999
5.6999998
1.80000002
1.20000004
1.10000002
1.20000004
1.10000002
1.20000004
1.10000002
1.0
1.10000002
1.10000002
1.70000002
1.20000004
1.0
1.10000002
1.10000002
1.10000002
1.10000002
1.10000002
1.20000004
1.10000002
1.10000002
1.20000004
1.20000004
1.6
1.20000004
1.10000002
1.0
1.10000002
1.20000004
1.10000002
1.10000002
1.10000002
1.20000004
1.10000002
1.69999999
1.10000002
1.10000002
1.0
1.10000002
1.0
1.10000002
1.10000002
1.0
1.10000002
1.20000004
1.20000004
1.80000002
1.20000004
1.20000004
1.20000004
1.10000002
1.10000002
1.0
1.10000002
1.10000002
1.10000002
1.0
1.10000002
1.89999998
1.0
1.10000002
1.0
1.0
1.10000002
1.0
1.0
1.10000002
1.20000004
1.10000002
1.20000004
1.20000004
1.0
1.5
1.10000002
1.10000002
1.0
1.10000002
1.10000002
1.10000002
1.10000002
1.10000002
1.10000002
1.59999997
1.10000002
1.10000002
1.0
1.10000002
1.10000002
1.10000002
1.0
1.10000002
1.10000002
1.0
1.70000002
1.30000001
1.0
1.10000002
1.20000004
1.10000002
1.10000002
1.20000004
1.10000002
1.10000002
1.0
1.10000002
1.69999999
1.0
1.10000002
1.20000004
1.10000002
1.10000002
1.10000002
1.20000004
1.69999999
2.0
2.0
2.6
1.89999998
2.0
1.79999996
1.19999999
1.10000002
1.10000002
1.10000002
1.0
1.0
1.0
1.30000001
1.60000002
1.0
1.10000002
1.10000002
1.0
1.10000002
1.10000002
1.0
1.0
1.10000002
1.0
1.70000002
1.20000004
1.10000002
1.10000002
1.0
1.10000002
1.0
1.10000002
1.10000002
1.10000002
1.0
1.6
1.0
1.10000002
1.0
1.0
1.10000002
1.0
1.0
1.0
1.10000002
1.0
1.5
1.0
1.0
1.10000002
1.5
1.69999999
1.5
1.10000002
1.0
1.10000002
1.70000002
1.0
1.0
1.0
1.0
1.10000002
1.0
1.10000002
1.10000002
1.0
1.10000002
1.80000002
1.0
1.0
1.10000002
1.0
1.10000002
1.10000002
1.0
1.10000002
1.0
1.10000002
1.0
1.69999999
1.0
1.0
1.0
1.0
1.10000002
1.0
1.10000002
1.0
1.0
1.10000002
1.6
1.0
1.0
1.0
1.0
1.0
1.10000002
1.10000002
1.10000002
1.0
1.39999998
1.20000004
1.20000004
1.10000002
1.0
1.0
1.10000002
1.20000004
1.10000002
1.0
1.0
1.60000002
1.10000002
1.10000002
1.0
1.40000003
7.3999999
7.9000001
7.6000002
6.8999999
7.3999999
7.0
7.8000002
6.7
6.3
4.6
1.19999999
1.20000004
1.20000004
1.20000004
1.10000002
1.20000004
1.20000004
1.10000002
1.20000004
1.10000002
1.5
1.30000001
1.10000002
2.20000002
7.7000003
5.085
7.7000003
8.8000002
8.3000002
5.8999999
5.7000001
6.1999998
4.1000001
2.10000002
1.20000004
1.20000004
1.20000004
1.20000004
1.10000002
1.30000001
1.20000004
1.20000004
1.20000004
1.10000002
1.69999999
1.10000002
1.10000002
1.80000002
5.6000001
7.3999999
6.4000001
6.5
7.0999999
5.8
6.6
7.2000001
4.6
2.7
1.69999999
1.40000003
1.20000004
1.30000001
1.20000004
1.20000004
1.20000004
1.20000004
1.20000004
1.20000004
1.20000004
1.20000004
1.80000002
1.60000002
4.5999999
6.1000001
5.7999999
5.8999999
7.0999999
6.7
6.1999998
7.2000001
4.7999999
3.6999999
1.40000003
1.10000002
1.10000002
1.10000002
1.10000002
1.80000002
1.20000004
1.20000004
1.10000002
1.10000002
1.10000002
1.10000002
1.0
1.39999998
4.4000001
4.5999999
4.2999999
3.6
4.5
3.6
3.5
3.9
3.2
1.20000004
1.0
1.20000004
1.10000002
1.10000002
1.10000002
1.20000004
1.10000002
1.69999999
1.0
1.10000002
1.20000004
1.10000002
1.0
1.10000002
1.0
1.10000002
1.10000002
1.10000002
1.0
1.70000002
1.20000004
1.10000002
1.0
1.10000002
1.10000002
1.10000002
1.10000002
1.10000002
1.0
0.5
1.10000002
1.18
1.2325
1.235
1.1925
1.1875
1.235
1.175
1.105
1.1575
1.1425
1.13
1.13
1.1525
1.16
1.2275
1.1975
1.225
1.1725
1.225
1.19
1.1325
1.1275
1.1075
1.145
1.1375
1.1375
1.305
1.225
1.1725
1.1775
1.645
4.2675
5.3675
5.2875
5.1625
5.035
4.955
4.9775
4.795
4.2125
2.9975
1.8625
1.4125
1.2075
1.1525
1.1725
1.1575
1.2175
1.2025
1.1975
1.3275
1.3175
1.24
1.2125
1.6375
4.2625
5.4875
5.3425
5.1375
4.9725
4.7575
4.88
5.0225
4.3
2.73
1.66
1.3
1.25
1.2125
1.1925
1.205
1.21
1.2175
1.2725
1.32
1.36
1.2425
1.185
1.6675
4.6725
6.01
5.6825
5.4475
5.1875
5.2825
5.1825
5.16
4.495
3.4975
2.49
1.52
1.2275
1.2025
1.2375
1.1975
1.2325
1.2575
1.245
1.255
1.2225
1.195
1.3925
1.9175
4.1325
5.42
5.245
4.82
4.7125
4.575
4.71
4.8375
3.93
3.1625
2.0425
1.3975
1.2975
1.285
1.2275
1.2925
1.2525
1.215
1.2025
1.23
1.24
1.1725
1.135
1.61
3.735
4.825
4.6325
4.4975
4.415
4.315
4.38
4.545
3.75
2.1875
1.385
1.2
1.225
1.165
1.1325
1.16
1.17
1.2075
1.1525
1.1975
1.2125
1.195
1.13
1.155
1.1625
1.1375
1.16
1.1925
1.2375
1.2575
1.275
1.2275
1.18
1.1625
1.1675
1.23
1.1675
1.125
1.12
1.09
1.1475
1.17
1.2225
1.195
1.1575
1.15
1.195
1.1875
1.1275
1.17
1.1525
1.1475
1.1575
1.1675
1.17
1.2375
1.185
1.205
1.16
1.2225
1.19
1.14
1.1375
0.60000002
1.125
1.10000002
1.10000002
1.20000004
1.10000002
1.20000004
1.0
2.10000002
8.7000003
7.1000001
7.3000002
6.3
7.0999999
7.1
7.0
6.5
4.6
2.10000002
1.5
1.5
1.20000004
1.20000004
1.20000004
1.20000004
1.20000004
1.20000004
1.20000004
1.20000004
1.20000004
1.20000004
1.80000002
1.59999997
5.5
6.3
6.3
5.0999999
4.9000001
4.9000001
5.0999999
6.5
5.5
3.3
1.5
1.20000004
1.20000004
1.20000004
1.20000004
1.39999998
1.20000004
1.20000004
1.20000004
1.80000002
1.20000004
1.20000004
1.20000004
2.50000002
8.1999998
8.6000001
8.9000001
8.4000001
7.2000001
8.3000002
8.3999996
7.7999999
7.0
6.7999999
5.7000001
1.39999998
1.39999998
1.5
1.5
1.39999998
1.39999998
1.5
1.39999998
1.5
1.5
1.39999998
2.10000001
2.30000001
6.6000001
8.4000001
8.1000001
6.6999998
7.0
5.8000002
7.1999998
6.7999999
5.9000001
5.8000002
2.89999999
1.59999997
1.79999999
1.5
1.5
1.40000003
1.60000002
1.39999998
1.39999998
1.39999998
1.39999998
1.39999998
1.39999998
2.00000001
5.4000001
4.7
5.5
6.1000001
5.6
6.8999999
7.3000002
6.5999999
5.4
2.2
1.70000002
1.20000004
1.20000004
1.10000002
1.10000002
1.20000004
1.20000004
1.20000004
1.20000004
1.20000004
1.20000004
1.5
1.30000001
1.20000004
1.10000002
1.10000002
1.20000004
1.10000002
1.10000002
1.20000004
1.20000004
1.20000004
1.10000002
1.30000001
1.70000002
1.20000004
1.10000002
1.20000004
1.10000002
1.0
1.20000004
1.20000004
1.10000002
1.20000004
1.20000004
1.10000002
1.39999998
1.5
1.20000004
1.20000004
1.10000002
1.10000002
1.10000002
1.10000002
1.20000004
1.20000004
1.10000002
1.20000004
1.20000004
1.7
1.10000002
1.20000004
1.20000004
0.60000002
1.10000002
1.125
1.11
1.245
1.185
1.1275
1.165
1.6375
4.595
5.5675
5.475
5.365
5.1525
5.0675
5.0525
4.885
4.305
2.8925
1.8575
1.4325
1.21
1.16
1.19
0.60000002
1.2125
1.20000004
1.10000002
1.69999999
1.20000004
1.20000004
1.20000004
1.5
5.4000001
7.0
7.0
6.8
5.9
5.8000002
6.6
5.5
4.8
2.20000001
1.30000001
1.30000001
1.20000004
1.30000001
1.30000001
1.20000004
1.30000001
1.20000004
1.20000004
1.80000002
1.20000004
1.20000004
1.20000004
1.70000002
5.2
6.5
6.9
6.6000001
6.0
6.0999999
6.0999999
6.6000001
5.4
4.1
1.69999999
1.20000004
1.30000001
1.20000004
1.20000004
1.30000001
1.20000004
1.20000004
1.69999999
1.19999999
1.20000004
1.20000004
1.20000004
1.90000002
7.6
8.0
6.0
5.5
4.8999999
4.7000001
4.8999999
5.5
2.99999988
1.69999999
1.89999999
1.20000004
1.20000004
1.20000004
1.20000004
1.20000004
1.20000004
1.20000004
1.20000004
1.20000004
1.20000004
1.20000004
1.20000004
1.89999999
7.7999999
7.5999999
6.0
6.0999999
5.5
5.6
5.9000001
6.2
5.7000001
3.39999991
1.10000002
1.20000004
1.20000004
1.10000002
1.10000002
1.20000004
1.30000001
1.10000002
1.20000004
1.20000004
1.60000002
1.20000004
1.10000002
1.20000004
1.10000002
1.10000002
1.10000002
1.20000004
1.20000004
1.20000004
1.80000002
1.10000002
1.10000002
1.20000004
1.20000004
1.10000002
1.10000002
1.10000002
1.20000004
1.20000004
1.20000004
1.20000004
1.80000002
1.20000004
1.10000002
1.10000002
1.10000002
1.0
1.10000002
1.20000004
1.20000004
1.10000002
1.0
1.10000002
1.0
1.70000002
1.0
1.20000004
1.20000004
1.20000004
1.20000004
1.20000004
1.20000004
1.10000002
1.10000002
1.10000002
1.10000002
1.60000002
1.20000004
1.0
1.0
1.59999997
5.0
6.8999999
6.3999999
6.7999999
5.5
5.0
5.2999999
4.6000001
4.5999999
2.1
1.60000002
1.39999998
1.20000004
1.39999998
1.30000001
1.30000001
1.39999998
1.39999998
1.20000004
1.89999999
1.30000001
1.20000004
1.20000004
1.79999999
5.0
6.0
4.7999999
4.0999999
3.9
5.2999999
5.1999998
4.7999999
4.8
2.29999999
1.70000002
1.20000004
1.20000004
1.20000004
1.20000004
1.20000004
1.20000004
1.20000004
1.20000004
1.20000004
1.80000002
1.20000004
1.10000002
1.59999997
4.2
4.7999999
5.5
4.3999999
4.9000001
4.5
3.9
5.0
4.4
2.7
2.19999998
1.39999998
1.30000001
1.30000001
1.30000001
1.30000001
1.30000001
1.39999998
1.20000004
1.30000001
1.70000002
1.5
1.20000004
2.09999999
7.5
7.6999998
6.5
6.4
7.2
7.1000001
8.4000001
8.5
5.9000001
3.7
2.6
1.39999998
1.39999998
1.39999998
1.39999998
1.39999998
1.39999998
1.39999998
1.39999998
1.39999998
1.99999999
1.39999998
1.39999998
1.59999997
4.5
5.9000001
4.1
3.5
3.6
4.5
4.6
4.7000001
3.3999999
2.6
1.39999998
1.39999998
1.30000001
1.39999998
1.30000001
1.39999998
1.39999998
1.30000001
1.39999998
1.39999998
1.39999998
1.99999999
1.30000001
1.30000001
1.30000001
1.30000001
1.30000001
1.39999998
1.39999998
1.30000001
1.30000001
1.39999998
1.39999998
1.39999998
1.39999998
1.99999998
1.39999998
1.30000001
1.30000001
1.30000001
1.39999998
1.30000001
1.39999998
1.30000001
1.30000001
1.30000001
1.30000001
1.89999998
1.30000001
1.39999998
1.39999998
1.39999998
1.30000001
1.30000001
1.30000001
1.39999998
1.39999998
1.30000001
1.30000001
1.90000002
1.39999998
1.30000001
1.30000001
1.80000002
1.30000001
1.30000001
1.30000001
1.30000001
1.39999998
1.20000004
1.80000002
1.89999999
4.7
4.9
6.3999999
7.5
7.0999999
7.7999999
6.5
6.3999999
6.5999999
4.7
3.6
2.40000001
1.30000001
1.30000001
1.30000001
1.30000001
1.39999998
1.30000001
1.30000001
1.30000001
1.20000004
1.30000001
1.20000004
1.70000002
6.1000001
6.9000001
5.3000002
4.8999999
4.5999999
4.6000001
5.0
6.2
3.1
1.5
1.5
1.5
1.5
1.39999998
1.39999998
1.39999998
1.5
1.39999998
1.99999998
1.39999998
1.39999998
1.30000001
1.39999998
1.80000001
4.7999999
7.7000003
7.2
6.8
6.6000001
7.3000002
6.2
6.5999999
5.0
2.4
1.39999998
1.5
1.39999998
1.39999998
1.39999998
1.30000001
1.39999998
1.39999998
1.30000001
1.39999998
1.39999998
1.99999999
1.39999998
1.69999999
4.5
6.0
4.1
3.9999999
3.8999999
4.4999999
5.6000001
4.9000001
4.2999999
3.0
1.30000001
1.20000004
1.20000004
1.20000004
1.20000004
1.30000001
1.30000001
1.20000004
1.20000004
1.40000003
1.5
1.20000004
1.10000002
1.5
4.7999999
6.0999999
4.6999998
4.7
4.7999999
5.0
5.3
5.5999999
4.7000001
2.29999999
1.80000001
1.39999998
1.39999998
1.39999998
1.39999998
1.39999998
1.39999998
1.39999998
1.30000001
1.69999999
1.69999999
1.39999998
1.39999998
1.39999998
1.39999998
1.30000001
1.39999998
1.39999998
1.39999998
1.39999998
1.99999999
1.39999998
1.39999998
1.39999998
1.39999998
1.39999998
1.30000001
1.39999998
1.39999998
1.20000004
1.39999998
1.39999998
1.80000001
1.39999998
1.39999998
1.39999998
1.20000004
1.30000001
1.30000001
1.30000001
1.39999998
1.30000001
1.40000003
1.89999999
1.39999998
1.39999998
1.30000001
1.39999998
1.39999998
1.39999998
1.30000001
1.20000004
1.30000001
1.30000001
1.99999999
1.39999998
1.39999998
1.39999998
1.30000001
1.30000001
1.30000001
1.99999999
7.8999999
8.6999998
7.2000001
6.8999999
6.5
6.5
7.0999999
7.8999998
5.2
1.79999996
1.89999999
1.30000001
1.20000004
1.20000004
1.30000001
1.39999998
1.20000004
1.30000001
1.30000001
1.39999998
1.90000002
1.20000004
1.20000004
1.79999999
7.4000001
7.6000001
7.6999998
7.3999999
7.3999999
7.7000001
6.8999999
6.5
6.0
4.4000001
1.69999999
1.39999998
1.5
1.5
1.39999998
1.5
1.39999998
1.39999998
1.39999998
1.89999999
1.59999997
1.39999998
1.39999998
1.79999999
7.5
8.0999999
8.3000002
7.6000001
7.1
8.5
6.7999999
7.0999999
5.3
2.7
1.89999998
1.39999998
1.39999998
1.39999998
1.39999998
1.39999998
1.39999998
1.79999999
1.69999999
1.39999998
1.30000001
1.39999998
1.30000001
1.89999999
6.6000001
7.5
6.4000001
6.7
6.8000002
7.0999999
7.1000001
5.3999999
4.1999998
3.3
2.4
1.39999998
1.39999998
1.39999998
1.39999998
1.5
1.39999998
1.39999998
1.39999998
2.00000001
1.39999998
1.39999998
1.39999998
1.79999999
6.7000001
8.5
8.1999998
8.3000002
7.6999998
6.5
6.0999999
7.5999999
4.0
1.39999998
1.39999998
1.39999998
1.39999998
1.30000001
1.20000004
1.89999999
1.99999999
1.39999998
1.39999998
1.30000001
1.39999998
1.39999998
1.20000004
1.20000004
1.20000004
1.30000001
1.30000001
1.5
1.89999999
1.30000001
1.39999998
1.39999998
1.39999998
1.30000001
1.30000001
1.30000001
1.39999998
1.30000001
1.30000001
1.30000001
1.39999998
1.30000001
1.39999998
1.30000001
1.30000001
1.30000001
1.39999998
1.20000004
1.30000001
1.60000002
1.5
1.39999998
1.30000001
1.30000001
1.5
1.39999998
1.39999998
1.39999998
1.30000001
1.39999998
1.99999998
1.39999998
1.30000001
1.30000001
1.39999998
1.30000001
1.20000004
1.30000001
1.39999998
1.30000001
1.30000001
2.6
7.6
8.0
8.0999999
7.8999999
7.1999998
7.5
6.7999999
5.3999999
4.0
1.10000002
1.0
1.10000002
1.10000002
1.0
1.6
1.0
1.10000002
1.0
1.0
1.0
1.10000002
1.0
1.0
1.20000004
2.8
3.8
4.4000001
3.2
2.0
2.0
2.0
1.89999998
1.20000004
1.0
1.0
1.0
1.7
1.0
1.0
1.0
1.10000002
1.10000002
1.0
1.0
1.10000002
1.0
1.0
1.10000002
2.00000001
2.7
3.3
3.4
2.0
2.3
2.3
1.89999998
1.5
1.0
1.0
1.0
1.6
1.0
1.0
1.0
1.10000002
1.10000002
1.0
1.0
1.0
1.0
1.5
1.20000004
1.79999999
2.79999998
3.4999999
2.59999998
1.59999997
1.20000004
1.20000004
1.20000004
1.0
1.0
1.0
1.0
1.0
1.5
1.0
1.10000002
1.0
1.0
1.0
1.0
1.0
1.0
1.0
1.69999999
1.80000002
1.99999998
3.1
3.1
2.20000001
1.40000003
1.10000002
1.10000002
1.0
1.0
1.59999997
1.0
0.90000001
1.0
1.0
1.0
1.0
1.0
1.0
1.0
1.0
1.6
1.0
1.0
1.0
1.0
1.0
1.0
1.0
1.0
0.90000001
1.0
1.5
1.0
1.0
1.0
1.0
1.0
1.0
1.39999998
1.0
1.0
1.5
1.0
1.0
0.90000001
1.0
1.0
1.0
1.0
1.0
1.0
1.6
1.0
1.0
1.0
1.0
0.90000001
0.90000001
1.0
1.0
1.0
1.0
1.19999999
1.0
1.0
1.0
1.0
1.0
1.0
0.90000001
1.0
1.10000002
1.10000002
1.5
1.10000002
1.10000002
1.10000002
1.0
1.10000002
1.0
1.0
1.0
1.0
1.5
1.0
1.0
1.0
1.0
1.0
1.0
0.90000001
1.0
1.5
1.0
1.0
1.10000002
1.10000002
1.0
1.0
1.10000002
1.0
1.10000002
1.6
0.90000001
1.0
1.0
1.0
1.0
0.90000001
1.0
1.10000002
1.0
1.6
0.90000001
1.0
1.0
1.0
1.0
1.0
1.10000002
1.10000002
1.10000002
1.6
1.10000002
1.0
1.0
1.10000002
1.0
1.0
0.90000001
0.90000001
1.0
1.6
1.0
1.0
1.0
1.0
1.0
1.0
1.0
1.0
1.0
1.6
1.0
1.10000002
1.10000002
1.10000002
1.0
1.10000002
1.10000002
1.0
1.0
1.5
1.0
1.0
1.0
1.0
1.0
1.5
1.0
1.0
1.0
1.6
1.0
1.0
1.0
1.10000002
1.10000002
1.0
1.10000002
1.10000002
1.0
1.60000002
1.10000002
1.10000002
1.0
1.0
1.0
1.0
0.90000001
1.0
0.90000001
1.0
1.0
1.0
1.0
1.0
1.0
1.0
1.0
0.90000001
1.5
1.0
1.0
1.0
1.0
1.0
1.0
1.0
1.0
1.39999998
1.10000002
1.0
1.0
1.0
1.0
1.0
1.0
1.0
1.0
1.0
1.6
1.0
1.0
0.90000001
1.0
1.0
1.0
1.0
1.0
1.0
1.39999998
1.19999999
1.0
1.0
1.0
1.0
1.0
1.0
1.0
1.0
1.0
1.0
1.0
1.6
1.0
1.0
1.0
1.0
1.10000002
1.10000002
1.0
1.10000002
1.10000002
1.7
1.20000004
1.10000002
1.0
1.0
1.0
1.0
0.90000001
1.0
1.0
1.0
1.5
1.0
1.0
1.0
1.0
1.0
1.0
1.10000002
1.10000002
1.10000002
1.30000001
1.6
1.10000002
1.10000002
1.10000002
1.10000002
1.0
1.0
1.0
1.0
1.0
1.0
1.0
1.0
1.60000002
1.0
1.0
1.0
1.0
1.0
1.0
1.10000002
1.10000002
1.0
1.79999999
1.10000002
1.10000002
1.10000002
1.0
1.10000002
1.0
1.0
1.0
1.0
1.0
1.0
1.59999997
1.0
1.0
1.0
1.0
1.0
1.0
1.0
1.0
1.10000002
1.6
1.0
1.20000004
1.10000002
1.10000002
1.20000004
1.20000004
1.10000002
1.0
1.0
1.0
1.6
1.0
1.0
0.90000001
1.0
1.0
1.0
1.0
1.0
1.0
1.6
1.0
1.0
1.10000002
1.10000002
1.10000002
1.10000002
1.0
1.10000002
1.10000002
1.20000004
1.59999997
1.0
1.0
1.0
1.0
1.0
1.0
1.0
1.0
1.0
1.0
1.5
1.0
1.0
1.0
1.0
1.0
1.0
1.0
1.0
1.0
1.39999998
1.10000002
1.0
1.0
1.0
1.0
1.0
1.0
1.0
1.0
1.39999998
1.6
1.0
1.0
1.0
1.0
1.0
1.0
1.0
1.0
1.0
1.0
1.0
1.60000002
1.0
1.0
1.0
1.0
1.0
1.0
1.0
1.0
1.0
1.10000002
0.80000001
1.0
1.0
1.0
1.0
1.0
1.0
1.0
1.10000002
1.30000001
1.80000002
1.20000004
1.20000004
1.39999998
1.60000002
1.30000001
0.90000001
0.800000020001
0.700000020001
0.700000020001
1.0
0.90000003
0.700000020001
0.700000020001
0.60000002
0.700000020001
0.60000002
0.700000020001
0.700000020001
0.60000002
0.700000020001
0.700000020001
1.29999999
0.800000020001
0.800000020001
0.800000020001
0.800000020001
0.800000020001
0.800000020001
0.800000020001
0.800000020001
0.700000020001
1.19999999
0.700000020001
0.700000020001
0.60000002
0.800000020001
0.700000020001
0.60000002
0.700000020001
0.700000020001
0.60000002
0.800000020001
1.19999999
0.60000002
0.700000020001
0.800000020001
1.30000001
1.5
1.60000002
1.20000004
1.30000001
1.99999999
1.10000002
1.00000003
0.700000020001
0.700000020001
0.800000020001
0.700000020001
0.800000020001
0.60000002
0.700000020001
0.800000020001
1.19999999
0.700000020001
0.700000020001
0.700000020001
0.700000020001
0.700000020001
0.60000002
0.800000020001
1.0
1.40000003
2.2
1.10000002
1.5
1.69999999
1.69999999
1.79999996
0.90000001
0.60000002
0.700000020001
0.700000020001
1.30000001
0.700000020001
0.700000020001
0.80000001
0.700000020001
0.60000002
0.700000020001
0.700000020001
0.60000002
0.700000020001
0.700000020001
1.39999998
1.79999999
2.5
2.6
3.1
2.7
1.59999997
1.99999998
1.69999999
1.60000002
1.10000002
1.5
0.90000001
1.0
0.90000001
1.0
0.90000001
1.0
1.0
1.0
1.0
1.10000002
1.29999999
1.0
1.0
1.0
1.0
1.0
0.90000001
1.0
0.90000001
1.0
1.5
1.0
1.0
1.0
1.0
0.90000001
1.0
1.0
1.30000001
1.0
1.5
1.0
1.0
1.0
0.90000001
1.0
1.0
1.0
1.0
0.90000001
1.6
1.00000003
0.90000001
1.0
1.0
1.0
1.0
0.90000001
1.0
1.0
1.0
1.0
1.1
1.0
1.0
0.90000001
1.0
0.90000001
1.0
1.0
1.10000002
1.19999999
2.00000001
1.5
1.30000001
1.0
1.10000002
1.10000002
1.0
1.0
1.0
1.0
1.0
1.5
1.0
1.0
1.0
1.0
0.90000001
1.0
1.0
1.0
1.0
1.5
1.10000002
1.5
1.39999998
1.39999998
1.5
1.89999998
1.69999999
1.60000002
1.69999999
1.60000002
2.10000001
1.30000001
1.0
1.0
1.0
1.0
1.0
1.0
1.0
1.0
1.39999998
1.19999999
1.0
1.0
1.0
1.90000002
3.8
4.1999998
3.6
1.69999999
1.79999996
2.1
1.20000004
1.10000002
1.10000002
1.0
1.10000002
1.10000002
1.0
1.10000002
1.0
1.70000002
1.10000002
1.0
1.10000002
1.10000002
1.10000002
1.10000002
1.20000004
1.39999998
1.59999997
1.79999996
3.3
2.5
2.5
2.6
2.5
1.79999999
1.0
1.0
1.0
1.0
1.10000002
1.6
1.0
1.0
1.0
1.0
1.0
1.0
1.10000002
1.0
1.0
1.20000004
1.99999998
2.8
3.0
3.5
3.6
2.7
1.40000003
1.5
1.20000004
1.0
1.0
1.0
1.0
1.0
1.0
1.0
1.0
1.0
1.70000002
1.0
1.0
1.0
1.0
1.0
1.0
1.0
1.0
1.0
1.0
1.6
1.0
1.0
1.0
1.0
1.0
1.0
1.10000002
1.0
1.0
1.0
1.6
1.0
1.0
1.0
1.10000002
1.0
1.0
1.10000002
1.0
1.0
1.0
1.5
1.0
1.0
1.0
1.0
1.0
1.10000002
1.0
1.0
1.0
1.6
0.90000001
1.0
1.0
1.0
1.0
1.0
1.0
1.0
1.20000004
1.80000002
1.39999998
3.2
4.0
3.2
2.2
3.1
3.2
3.0
3.0
2.19999998
1.0
1.0
1.0
1.0
1.0
1.0
1.0
1.30000001
1.30000001
0.90000001
1.0
1.0
1.10000002
1.0
1.5
2.0
2.1
2.7
2.2
1.80000001
1.0
1.0
1.0
0.90000001
1.0
1.0
1.5
1.0
1.0
1.0
1.0
1.0
1.0
1.0
1.0
1.5
1.0
1.69999999
3.5999999
4.2999999
5.3999999
5.5
4.8
2.39999998
1.69999999
1.60000002
1.60000002
1.30000001
1.10000002
1.10000002
1.0
1.10000002
1.19999999
1.39999998
1.10000002
1.0
1.0
1.0
1.10000002
1.10000002
1.20000004
1.39999998
1.79999999
1.5
1.5
1.60000002
1.69999999
1.69999999
1.60000002
1.60000002
1.59999997
1.19999999
1.0
1.6
1.0
1.0
1.0
1.0
1.0
1.0
1.0
1.0
1.0
1.5
1.10000002
1.19999999
1.5
1.5
3.0
3.1
3.0
3.1
3.0
3.6
2.9
1.0
1.0
1.0
0.90000001
0.90000001
1.0
0.90000001
1.0
1.0
1.6
1.0
1.0
1.0
1.0
1.0
1.0
1.0
1.0
0.90000001
0.90000001
1.6
1.0
1.0
1.0
1.0
1.0
1.0
1.0
1.0
1.0
1.5
1.0
1.0
1.0
1.0
1.0
1.0
1.0
1.0
1.19999999
1.39999998
1.0
1.0
1.0
1.0
1.0
1.0
1.0
1.0
1.19999999
1.29999999
1.0
1.0
1.0
1.0
1.0
1.0
1.10000002
1.0
1.0
1.60000002
1.0
1.10000002
1.0
1.0
1.10000002
1.0
1.10000002
1.10000002
1.0
1.7
1.5
1.30000001
1.40000003
1.0
1.0
1.0
1.0
1.0
1.0
1.0
1.30000001
1.30000001
1.0
1.0
1.30000001
1.90000001
3.1
2.8
4.3
5.5
5.9000001
5.9000001
5.8
6.0
3.2
1.30000001
1.10000002
1.10000002
1.10000002
1.10000002
1.10000002
1.10000002
1.10000002
1.19999999
1.60000002
1.10000002
1.10000002
1.0
1.70000002
4.9
5.5
6.0
6.1000001
6.5
6.0
5.8
6.8
5.0
1.20000004
1.20000004
1.20000004
1.5
1.39999998
1.20000004
1.10000002
1.20000004
1.20000004
1.20000004
1.30000001
1.20000004
1.20000004
1.20000004
2.09999998
5.3999999
7.4000001
8.0000002
6.9000001
6.2999999
5.8
6.0
5.9000001
5.5999999
2.8
1.69999999
1.5
1.10000002
1.20000004
1.10000002
1.20000004
1.10000002
1.20000004
1.10000002
1.30000001
1.70000002
1.0
1.10000002
1.90000002
7.8999998
7.3999999
7.0
6.8999999
6.2
5.9000001
6.2
6.0
4.6
2.8
1.90000002
1.10000002
1.20000004
1.20000004
1.20000004
1.10000002
1.10000002
1.10000002
1.20000004
1.10000002
1.80000002
1.20000004
1.20000004
1.10000002
1.10000002
1.10000002
1.20000004
1.10000002
1.20000004
1.10000002
1.7
1.20000004
1.20000004
1.10000002
1.10000002
1.20000004
1.10000002
1.20000004
1.10000002
1.20000004
1.10000002
1.79999999
1.10000002
1.20000004
1.20000004
1.10000002
1.20000004
1.10000002
1.0
1.10000002
1.10000002
1.69999999
1.20000004
1.10000002
1.0
1.20000004
1.20000004
1.10000002
1.20000004
1.10000002
1.10000002
1.10000002
1.70000002
1.20000004
1.20000004
1.10000002
1.10000002
1.20000004
1.20000004
1.0
1.0
1.80000002
8.0999999
7.0
6.7999999
6.5
6.0
5.0
5.0999999
4.6
4.3
1.89999998
2.00000001
1.20000004
1.0
1.10000002
1.20000004
1.19999999
1.20000004
1.20000004
1.10000002
1.20000004
1.20000004
1.80000002
1.10000002
1.80000002
5.1
6.2
7.8
7.0
8.3000002
7.2
6.5
6.9
6.5
2.4
2.09999998
1.5
1.20000004
1.20000004
1.20000004
1.20000004
1.30000001
1.30000001
1.70000002
1.20000004
1.20000004
1.20000004
1.20000004
1.70000002
6.8000002
7.7999999
7.0
6.5
5.7999999
5.5
5.5
5.6000001
4.9
3.0
1.69999999
1.20000004
1.20000004
1.20000004
1.20000004
1.20000004
1.20000004
1.20000004
1.60000002
1.40000003
1.10000002
1.20000004
1.10000002
1.90000002
6.8
7.8999998
7.3000002
7.0999999
7.1
6.6
5.7999999
5.0
5.5
3.4
1.20000004
1.20000004
1.10000002
1.20000004
1.20000004
1.20000004
1.20000004
1.20000004
1.20000004
1.80000002
1.20000004
1.20000004
1.20000004
1.70000002
5.4000001
6.8
5.5
4.8999999
5.6000001
5.1999998
6.7
7.4000001
5.7999999
2.8
1.60000002
1.10000002
1.10000002
1.20000004
1.20000004
1.20000004
1.10000002
1.60000002
1.19999999
1.10000002
1.10000002
1.20000004
1.0
1.10000002
1.10000002
1.10000002
1.70000002
1.10000002
1.20000004
1.20000004
1.10000002
1.20000004
1.20000004
1.10000002
1.10000002
1.20000004
1.6
1.10000002
1.10000002
1.10000002
1.20000004
1.20000004
1.10000002
1.10000002
1.10000002
1.10000002
1.60000002
1.10000002
1.10000002
1.10000002
1.10000002
1.10000002
1.10000002
1.10000002
1.10000002
1.80000002
1.10000002
1.10000002
1.10000002
1.10000002
1.0
1.10000002
1.10000002
1.0
1.10000002
1.19999999
1.5
1.10000002
1.10000002
1.0
1.10000002
1.80000002
7.2999999
8.5999999
7.7
7.8999999
7.9000001
6.7000001
7.6
7.4999998
6.7999999
3.7
1.5
1.30000001
1.0
1.20000004
1.10000002
1.30000001
1.20000004
1.79999999
1.10000002
1.20000004
1.10000002
1.10000002
1.10000002
1.90000002
7.0
8.0
7.5
6.8
6.2999999
7.5999999
7.8999998
7.9000001
5.0
1.99999999
1.30000001
1.20000004
1.30000001
1.80000002
1.20000004
1.10000002
1.30000001
1.20000004
1.20000004
1.20000004
1.20000004
1.30000001
1.20000004
2.4
4.9
6.2000001
6.0
6.5
6.7000001
7.2
7.9000001
7.2999999
6.0
2.00000002
1.20000004
1.20000004
1.20000004
1.20000004
1.10000002
1.80000002
1.20000004
1.20000004
1.20000004
1.20000004
1.20000004
1.20000004
1.10000002
1.99999999
6.2
7.3
6.8999999
7.2
6.5
5.7000001
6.2000001
6.2999999
5.0
3.4
1.5
1.20000004
1.20000004
1.30000001
1.20000004
1.20000004
1.30000001
1.60000002
1.40000003
1.30000001
1.20000004
1.20000004
1.20000004
1.70000002
6.1999998
8.0999999
6.8
6.0
7.6999998
7.5
7.4
6.6000001
5.5
2.30000002
1.10000002
1.20000004
1.10000002
1.10000002
1.10000002
1.20000004
1.10000002
1.10000002
1.69999999
1.20000004
1.10000002
1.10000002
1.20000004
1.10000002
1.10000002
1.20000004
1.10000002
1.20000004
1.70000002
1.10000002
1.20000004
1.20000004
1.20000004
1.10000002
1.20000004
1.20000004
1.10000002
1.5
1.40000003
1.20000004
1.20000004
1.20000004
1.20000004
1.20000004
1.10000002
1.10000002
1.10000002
1.70000002
1.10000002
1.10000002
1.20000004
1.20000004
1.20000004
1.20000004
1.20000004
1.20000004
1.5
1.30000001
1.10000002
1.10000002
1.20000004
1.20000004
1.10000002
1.10000002
1.20000004
1.40000003
1.5
1.10000002
1.10000002
1.10000002
1.0
3.4
7.0
6.0525
7.7999997
7.7000001
7.6
7.9999998
7.5
7.1
5.7
2.09999999
1.20000004
1.30000001
1.30000001
1.20000004
1.30000001
1.39999998
1.30000001
1.20000004
1.90000001
1.20000004
1.30000001
1.30000001
1.20000004
2.69999999
7.1999998
6.0999999
6.0999999
6.2999999
5.6
6.7999999
6.7999999
7.6
5.5999999
2.49999998
1.30000001
1.39999998
1.30000001
1.30000001
1.90000002
1.30000001
1.39999998
1.30000001
1.30000001
1.39999998
1.30000001
1.30000001
1.30000001
2.29999999
8.8000002
7.9000001
6.8999999
6.2000001
5.7000001
6.5
6.2000001
5.7000001
4.7
1.80000001
1.30000001
1.30000001
1.30000001
1.30000001
1.20000004
1.20000004
1.39999998
1.79999999
1.39999998
1.30000001
1.20000004
1.20000004
1.30000001
1.99999999
6.6
7.9999998
6.4
7.1000001
6.7
6.5
4.9
4.6000001
4.1
2.8
1.20000004
1.20000004
1.20000004
1.20000004
1.10000002
1.20000004
1.30000001
1.20000004
1.80000002
1.20000004
1.20000004
1.20000004
1.20000004
1.90000002
5.5
6.8
5.0
5.0
4.8000002
5.1000001
6.0
6.0999999
5.8999999
2.09999998
1.20000004
1.20000004
1.20000004
1.20000004
1.20000004
1.20000004
1.70000002
1.20000004
1.20000004
1.20000004
1.30000001
1.20000004
1.30000001
1.20000004
1.20000004
1.89999998
1.20000004
1.20000004
1.20000004
1.20000004
1.20000004
1.20000004
1.20000004
1.20000004
1.20000004
1.20000004
1.80000002
1.30000001
1.20000004
1.20000004
1.20000004
1.30000001
1.20000004
1.20000004
1.20000004
1.80000002
1.20000004
1.30000001
1.20000004
1.20000004
1.20000004
1.30000001
1.20000004
1.20000004
1.20000004
1.80000002
1.20000004
1.20000004
1.20000004
1.20000004
1.20000004
1.20000004
1.30000001
1.30000001
1.60000002
1.60000002
1.20000004
1.20000004
1.20000004
1.10000002
1.20000004
1.69999999
5.9
6.9000001
5.5
5.3000002
5.6999998
7.3999999
7.5
7.4
6.6000001
3.6
3.1
2.00000001
1.89999999
1.39999998
1.39999998
1.39999998
1.39999998
1.99999999
1.39999998
1.30000001
1.39999998
1.30000001
1.20000004
1.79999999
6.3000002
7.4999998
4.9000001
5.8
5.9
6.7999999
6.6000001
7.6999998
5.2999999
2.30000001
1.20000004
1.20000004
1.30000001
1.20000004
1.20000004
1.30000001
1.80000002
1.30000001
1.20000004
1.20000004
1.20000004
1.20000004
1.20000004
2.10000001
5.7000001
7.5
6.2999999
4.6
5.7000001
5.5
5.5
6.2999999
4.6
2.09999998
1.20000004
1.10000002
1.20000004
1.70000002
1.20000004
1.20000004
1.20000004
1.20000004
1.20000004
1.20000004
1.20000004
1.10000002
1.70000002
1.60000002
5.8999999
6.8000002
6.5
5.8000002
5.5
4.7000001
4.7
5.7000001
3.3
1.5
1.20000004
1.20000004
1.20000004
1.20000004
1.70000002
1.20000004
1.20000004
1.20000004
1.20000004
1.10000002
1.20000004
1.20000004
1.10000002
2.59999999
6.1999998
7.7
6.7000001
5.5
5.3
5.8000002
5.8000002
6.3999999
3.9000001
2.29999998
1.20000004
1.20000004
1.20000004
1.20000004
1.20000004
1.20000004
1.80000002
1.20000004
1.20000004
1.20000004
1.20000004
1.10000002
1.20000004
1.20000004
1.39999998
1.80000001
1.20000004
1.20000004
1.20000004
1.20000004
1.10000002
1.20000004
1.10000002
1.10000002
1.30000001
1.70000002
1.20000004
1.20000004
1.20000004
1.20000004
1.30000001
1.20000004
1.20000004
1.10000002
1.79999996
1.10000002
1.10000002
1.10000002
1.10000002
1.20000004
1.10000002
1.10000002
1.20000004
1.20000004
1.80000002
1.10000002
1.20000004
1.20000004
1.10000002
1.20000004
1.20000004
1.20000004
1.10000002
1.20000004
1.80000002
1.20000004
1.20000004
1.20000004
1.20000004
1.10000002
1.10000002
2.10000002
6.7000001
8.2999997
6.8999999
6.7
7.0
6.5
7.2
7.3999999
5.1
3.5999999
1.30000001
1.10000002
1.20000004
1.10000002
1.0
1.30000001
1.10000002
1.10000002
1.10000002
1.10000002
1.7
1.10000002
1.10000002
2.00000002
7.2
8.3
7.5
7.3999999
7.3
7.3
7.8
7.5
6.0
3.2
1.90000002
1.20000004
1.20000004
1.20000004
1.20000004
1.20000004
1.20000004
1.20000004
1.20000004
1.20000004
1.20000004
1.70000002
1.20000004
2.00000002
6.7999999
9.2999997
8.4000001
7.8
6.7
8.6999998
8.6999998
7.1000001
6.1999998
6.0
4.1999999
1.20000004
1.20000004
1.20000004
1.80000002
1.20000004
1.20000004
1.20000004
1.20000004
1.20000004
1.20000004
1.20000004
1.20000004
2.39999999
7.3999999
8.2
5.7
6.7999999
6.5
8.2000001
8.2
6.8999999
6.0
6.0
2.69999992
1.10000002
1.10000002
1.10000002
1.10000002
1.7
1.10000002
1.20000004
1.10000002
1.0
1.10000002
1.10000002
1.0
1.70000002
6.7000001
7.7999997
5.8999999
6.2000001
6.6000001
7.3000002
6.8999999
7.3999999
4.1
1.69999999
1.0
1.0
1.0
1.0
1.10000002
1.10000002
1.0
1.10000002
1.5
1.10000002
1.10000002
1.0
1.10000002
1.0
1.0
1.10000002
1.0
1.60000002
1.0
1.0
1.0
1.0
1.10000002
1.0
1.0
1.10000002
1.10000002
1.6
1.10000002
1.0
1.0
1.10000002
1.0
1.0
1.10000002
1.10000002
1.0
1.7
1.0
1.0
1.10000002
1.0
1.0
1.0
1.10000002
1.0
1.10000002
1.5
1.0
1.0
1.0
1.10000002
1.0
1.10000002
1.10000002
1.69999999
1.0
1.10000002
1.10000002
1.0
1.0
2.00000002
6.6000001
7.4000001
6.1999998
6.0
5.5
4.7000001
5.0
6.5
5.4
1.20000004
1.20000004
1.10000002
1.10000002
1.70000002
1.20000004
1.20000004
1.20000004
1.10000002
1.20000004
1.20000004
1.10000002
1.40000003
1.60000002
2.00000002
6.0
7.2
6.1999998
6.2
5.9000001
5.2000001
6.4000001
7.3
5.9999998
2.20000002
1.30000001
1.20000004
1.20000004
1.20000004
1.20000004
1.1
1.20000004
1.5
1.60000002
1.30000001
1.20000004
1.20000004
1.20000004
1.80000002
7.8
8.5
5.9000001
6.2
7.1
6.3
6.7000001
7.0999999
6.0
1.99999999
0.90000001
0.90000001
0.90000001
0.800000020001
0.90000001
0.90000001
0.90000001
1.30000001
1.00000003
1.0
0.800000020001
0.90000001
0.90000001
1.8
6.6000001
7.2000001
6.4000001
7.2
6.7000001
7.0
7.8
7.3
4.4999999
3.6999999
1.0
0.90000001
1.0
0.90000001
1.0
1.0
0.90000001
0.90000001
1.0
1.0
1.5
0.90000001
1.0
1.6
7.5
8.0999999
6.5
5.5999999
6.0999999
6.7999999
7.6000001
7.3999999
6.6000002
1.50000001
0.800000020001
0.800000020001
0.800000020001
0.90000001
0.800000020001
0.800000020001
1.50000001
0.800000020001
0.800000020001
0.800000020001
0.800000020001
0.800000020001
0.800000020001
0.90000001
2.5
3.1
3.7
3.3
3.3
3.2
1.1
0.800000020001
0.800000020001
0.90000001
0.800000020001
1.1
1.00000003
0.800000020001
0.800000020001
0.90000001
0.800000020001
0.90000001
0.800000020001
0.800000020001
1.29999999
0.90000001
0.800000020001
0.90000001
1.69999999
1.99999998
2.4
1.89999998
1.5
0.800000020001
1.30000001
0.800000020001
0.800000020001
0.800000020001
0.800000020001
0.800000020001
0.800000020001
0.800000020001
0.800000020001
1.39999998
0.800000020001
0.800000020001
0.800000020001
0.800000020001
0.800000020001
0.800000020001
0.800000020001
2.1
7.6999998
6.3999999
6.6000001
7.0999999
6.0
4.9000001
5.8
6.9
4.9999999
1.80000001
0.800000020001
0.800000020001
0.90000001
0.800000020001
0.800000020001
0.800000020001
0.90000001
1.40000001
0.90000001
0.800000020001
0.90000001
0.800000020001
0.90000001
2.0
6.4
7.3
6.2
5.8000002
5.5
5.0
6.2999999
6.1
5.6999998
1.30000001
1.0
1.0
1.0
1.0
1.0
1.10000002
1.0
1.0
1.6
1.0
1.0
1.0
1.0
1.9
7.7000003
9.1999998
9.0
7.8999999
7.7
7.0
7.9000001
8.8000002
4.9
1.59999997
1.70000002
1.30000001
1.20000004
1.20000004
1.20000004
1.20000004
1.20000004
1.30000001
1.20000004
1.69999999
1.20000004
1.20000004
1.20000004
2.30000002
7.5
9.0999999
7.2999999
7.0
6.7
6.5
7.0
7.5
4.7
3.7
2.00000002
1.0
1.10000002
1.10000002
1.7
1.30000001
1.20000004
1.10000002
1.0
1.10000002
1.10000002
1.10000002
1.0
2.50000002
8.3
9.3000002
9.0
8.9000001
7.8999999
7.7000001
7.6999998
9.3000002
5.2999999
1.30000001
1.0
1.0
1.0
1.0
1.30000001
1.0
1.0
1.10000002
1.10000002
1.0
1.0
1.10000002
1.0
1.0
1.8
1.0
1.0
1.0
1.0
1.10000002
1.10000002
1.0
1.0
1.0
1.0
1.10000002
1.59999997
1.0
1.0
1.10000002
1.0
1.0
1.10000002
1.0
1.10000002
1.6
1.0
1.0
1.0
1.0
1.0
1.0
1.0
1.0
1.0
1.60000002
1.0
1.0
1.0
1.0
1.0
1.10000002
1.0
1.0
1.30000001
1.30000001
1.0
1.10000002
1.0
1.0
1.0
1.0
1.10000002
4.1
5.2
4.7000001
3.6
1.20000004
1.79999996
1.30000001
1.20000004
1.20000004
1.20000004
1.20000004
1.20000004
1.10000002
1.20000004
1.70000002
1.00000003
1.20000004
1.20000004
1.20000004
1.10000002
1.20000004
1.20000004
1.10000002
1.59999997
3.8999999
5.6
5.8999999
1.0
0.900000009999
1.0
0.900000009999
0.900000009999
0.800000019997
0.800000019997
0.800000019997
0.800000019997
1.39999998
0.800000019997
0.800000019997
0.800000019997
0.800000019997
0.900000009999
0.800000019997
0.800000019997
0.800000019997
0.900000009999
1.29999999
0.900000009999
0.900000009999
0.900000009999
1.0
1.0
1.0
1.0
0.900000009999
1.6
0.800000019997
0.800000019997
0.900000009999
0.800000019997
0.800000019997
0.800000019997
0.800000019997
1.0
0.800000019997
0.800000019997
1.40000001
0.800000019997
0.800000019997
0.800000019997
0.800000019997
1.0
0.900000009999
1.0
1.0
1.50000001
1.0
1.0
1.0
0.900000009999
0.900000009999
0.800000019997
0.800000019997
0.800000019997
0.900000009999
1.40000001
0.800000019997
0.800000019997
0.800000019997
0.800000019997
0.900000009999
0.800000019997
0.800000019997
0.900000009999
1.29999999
1.0
0.900000009999
0.900000009999
1.0
0.900000009999
0.900000009999
1.0
0.900000009999
1.6
0.900000009999
0.800000019997
0.800000019997
0.800000019997
0.800000019997
0.800000019997
0.800000019997
0.800000019997
0.800000019997
0.800000019997
1.5
0.800000019997
0.800000019997
0.800000019997
0.800000019997
0.800000019997
0.800000019997
0.800000019997
0.800000019997
0.800000019997
1.40000001
0.800000019997
0.800000019997
0.800000019997
0.800000019997
0.800000019997
0.800000019997
0.800000019997
0.800000019997
1.29999999
0.900000009999
0.800000019997
0.900000009999
0.800000019997
0.800000019997
0.800000019997
0.800000019997
0.800000019997
0.800000019997
1.40000001
0.800000019997
0.800000019997
0.900000009999
0.800000019997
0.800000019997
0.900000009999
0.800000019997
0.800000019997
0.900000009999
1.29999999
0.800000019997
0.900000009999
0.800000019997
0.900000009999
0.800000019997
0.900000009999
0.800000019997
0.800000019997
1.39999998
0.800000019997
0.900000009999
0.800000019997
0.800000019997
1.7
7.3
8.4000001
7.1000001
5.9
6.4000001
6.6000001
6.6000001
7.2
5.0
1.7
1.0
0.900000009999
0.900000009999
0.900000009999
0.900000009999
1.19999999
1.39999998
0.900000009999
1.0
1.0
1.0
1.20000004
1.20000004
2.20000002
7.7000001
8.1000002
7.5999999
7.3
7.3999999
7.2999999
8.0
9.0
6.1999998
3.19999999
1.0
1.0
1.0
1.0
1.0
1.0
1.5
1.0
0.900000009999
1.0
1.0
1.0
0.900000009999
2.2
7.5
8.3999999
7.5999999
7.4000001
7.2999999
7.2999999
7.0
7.8000002
8.3000002
5.2999999
1.0
1.0
1.0
0.900000009999
1.0
1.0
1.0
1.0
1.30000001
1.19999999
1.0
0.900000009999
0.900000009999
2.0
7.6000001
8.7999997
7.6000001
7.0999999
7.3
7.4
7.6
7.9000001
6.0
1.10000002
1.0
1.0
1.0
1.0
1.0
0.502758620758
0.00551724151592
0.00551724151956
0.00551724151592
0.00551724151592
0.00551724151956
0.00551724151592
0.00551724151956
0.00551724151592
0.00551724151592
0.00551724151956
0.00551724151592
0.00551724151592
0.00551724151956
0.00551724151592
0.00551724151592
0.00551724151956
0.00551724151592
0.00551724151592
0.00551724151956
0.00551724151592
0.00551724151956
0.00551724151592
0.00551724151592
0.9325
1.0025
1.0725
1.075
1.0175
0.9625
0.935
0.915
0.91
1.09
1.1575
1.1975
1.195
1.3325
1.2075
1.0375
0.9625
0.95
0.935
0.9375
1.0225
1.0425
1.0925
1.035
1.01
0.98
0.985
0.945
0.9525
1.0875
0.995
0.9725
1.0925
1.0175
1.01
1.0725
1.0525
1.01
1.0
1.075
1.0325
1.0025
1.0525
0.95
0.9325
0.94
0.955
0.9825
0.502758620758
0.402758630757
0.800000019997
1.40000001
0.900000009999
0.800000019997
0.800000019997
0.800000019997
2.0
6.8000002
8.0
6.9000001
6.6000001
6.2
6.8999999
7.5
7.2
5.8000002
2.69999992
0.800000019997
0.900000009999
1.0
1.0
0.900000009999
1.0
0.900000009999
1.7
1.0
0.900000009999
0.900000009999
1.0
0.800000019997
1.9
7.4000001
8.1000002
7.5
7.7999999
7.7000001
7.0
7.0999999
7.5
7.3000002
4.5
1.10000002
1.10000002
1.20000004
1.0
1.0
1.6
1.0
1.10000002
1.0
1.0
1.10000002
1.0
1.0
3.3999999
4.6025
6.0225
8.0999999
7.2
7.7000001
7.7000001
7.2000001
7.9999998
7.7999997
6.5999999
5.0
0.900000009999
1.0
0.900000009999
0.800000019997
1.0
1.10000002
1.6
0.900000009999
1.0
1.0
0.900000009999
1.0
1.9
6.7
7.7
7.0999999
7.2000001
7.5999999
7.0
6.5999999
7.6000001
6.0
4.4
1.0
1.10000002
1.0
1.0
1.0
1.1
1.5
1.10000002
1.10000002
1.10000002
1.0
1.0
1.0
2.3
8.3000002
6.7999999
6.5999999
7.0
7.0
6.0
6.6999998
7.5999999
5.5999999
1.00000003
1.0
0.800000019997
0.900000009999
0.800000019997
1.0
0.900000009999
0.800000019997
1.50000001
0.800000019997
0.800000019997
0.900000009999
0.900000009999
0.800000019997
0.800000019997
0.900000009999
0.800000019997
0.800000019997
0.800000019997
1.5
0.900000009999
0.800000019997
0.800000019997
0.900000009999
0.800000019997
0.800000019997
0.800000019997
0.800000019997
0.900000009999
1.29999999
0.900000009999
0.900000009999
0.800000019997
0.800000019997
0.900000009999
0.800000019997
0.800000019997
0.800000019997
1.39999998
0.800000019997
0.800000019997
0.900000009999
0.800000019997
0.800000019997
0.900000009999
0.800000019997
0.800000019997
1.1
1.1
0.800000019997
0.800000019997
0.800000019997
0.800000019997
0.800000019997
0.900000009999
0.800000019997
0.800000019997
1.30000001
0.900000009999
0.800000019997
0.900000009999
0.900000009999
2.2
7.2000001
8.1999998
7.0
6.2
6.5
6.3
6.7000001
8.2
7.9999998
5.2
1.70000001
0.900000009999
1.0
0.900000009999
0.900000009999
1.0
1.0
1.30000001
1.10000002
0.800000019997
0.800000019997
0.800000019997
1.0
2.2
6.4000001
8.1000001
7.7000001
7.4
6.6000001
6.5
8.1000002
8.1999998
7.0000002
1.19999999
1.0
0.900000009999
1.0
1.0
1.0
1.19999999
1.20000002
0.900000009999
0.900000009999
0.800000019997
0.900000009999
0.900000009999
0.900000009999
1.90000001
6.7000001
7.9999998
6.9
6.5
6.6
7.2000001
7.2999999
8.0999999
5.3
3.4
1.10000002
0.900000009999
1.00000003
1.20000002
0.900000009999
0.900000009999
0.800000019997
0.800000019997
0.900000009999
0.800000019997
0.800000019997
0.900000009999
1.5
2.50000002
7.3999998
7.195
8.4000001
8.4000001
7.8999998
7.2000001
7.5
8.1999998
7.1
5.2
0.900000009999
0.900000009999
0.800000019997
0.900000009999
0.900000009999
0.900000009999
0.900000009999
1.5
0.800000019997
0.900000009999
0.900000009999
0.900000009999
0.800000019997
2.2
7.9000001
8.5999999
7.2
6.2999999
5.8999999
7.0999999
7.1999998
7.2000001
5.5999999
2.1
0.800000019997
0.900000009999
0.900000009999
0.800000019997
0.900000009999
0.900000009999
0.900000009999
0.900000009999
0.900000009999
1.29999999
0.800000019997
0.800000019997
0.800000019997
0.800000019997
0.800000019997
0.800000019997
0.800000019997
0.800000019997
1.29999999
0.800000019997
0.800000019997
0.800000019997
0.800000019997
0.800000019997
0.800000019997
0.800000019997
0.800000019997
1.40000001
0.800000019997
0.800000019997
0.800000019997
0.800000019997
0.800000019997
0.900000009999
0.800000019997
0.900000009999
1.29999999
0.800000019997
0.800000019997
0.800000019997
0.800000019997
0.800000019997
0.800000019997
0.800000019997
1.00000003
1.20000002
0.800000019997
0.800000019997
0.800000019997
0.800000019997
0.800000019997
0.800000019997
0.900000009999
1.5
0.800000019997
0.900000009999
0.800000019997
0.900000009999
0.800000019997
0.900000009999
0.900000009999
2.90000002
7.7
8.0
7.2
7.5
5.6000001
6.0
5.7000001
6.7999999
5.9
2.50000001
1.0
1.0
1.0
0.900000009999
0.900000009999
1.10000002
1.0
1.6
0.800000019997
0.900000009999
0.900000009999
0.900000009999
1.0
2.9000001
8.4000001
7.8725
7.4
7.2
6.3999999
7.5
7.2
7.3
5.2
1.40000003
1.19999999
1.0
1.0
1.0
1.0
1.10000002
1.10000002
1.10000002
1.10000002
1.6
1.0
1.0
0.900000009999
3.10000009
8.0999999
7.415
7.5
7.6
7.0
7.5
6.4000001
8.2000003
6.9000001
2.29999999
1.20000004
1.20000004
1.20000004
1.69999999
1.20000004
1.10000002
1.20000004
1.20000004
1.20000004
1.10000002
1.10000002
1.0
1.6
3.19999999
8.7999997
7.255
8.0999999
7.0
7.0
7.1000001
7.4
7.2
6.0
5.0
1.10000002
1.0
1.0
1.0
1.0
1.0
1.0
0.900000009999
1.6
1.0
0.900000009999
0.900000009999
0.900000009999
3.49999988
9.0999999
8.9000001
7.9000001
6.8
6.8999999
5.9000001
7.3999999
8.0999999
5.8
1.5
0.900000009999
0.900000009999
1.0
0.900000009999
0.900000009999
0.900000009999
0.800000019997
1.40000001
0.900000009999
0.800000019997
0.800000019997
0.800000019997
0.800000019997
0.800000019997
0.800000019997
0.800000019997
1.20000002
1.00000003
0.900000009999
0.800000019997
0.800000019997
0.800000019997
0.800000019997
0.800000019997
0.900000009999
1.39999998
0.800000019997
0.900000009999
0.800000019997
1.29999999
0.800000019997
0.800000019997
0.800000019997
0.900000009999
1.50000001
0.800000019997
0.800000019997
0.800000019997
0.900000009999
0.800000019997
0.800000019997
0.800000019997
0.800000019997
1.29999999
0.900000009999
0.800000019997
0.900000009999
0.900000009999
0.800000019997
0.800000019997
0.800000019997
0.800000019997
0.900000009999
0.800000019997
0.800000019997
0.800000019997
0.800000019997
0.900000009999
0.900000009999
0.800000019997
0.800000019997
3.9000001
8.5
8.9000001
8.7999997
8.2999997
7.9000001
8.3000002
7.3000002
7.1
6.1999998
1.00000003
0.900000009999
1.0
0.900000009999
1.0
0.900000009999
