12.5999999
10.0999999
10.4000001
10.4000001
10.8999996
11.1999998
11.8000002
15.1999998
25.5
24.66
16.6275
15.7775
19.3925
20.35
26.8225
43.5
41.300001
35.4
26.999999
15.4000001
15.2999997
15.1999998
15.7000003
15.0999999
13.7999997
15.1999998
15.0999999
15.2999997
16.0
16.4000006
16.1000004
16.8999996
23.1
42.400002
25.8975
25.4275
44.4
43.899999
43.0
39.0
37.5
26.3
19.2999998
12.1000004
11.2999997
11.6000004
11.6000004
11.8000002
11.8000002
11.9000001
12.1999998
12.0999999
12.3000002
12.9000001
13.1000004
16.6000004
27.1
28.48
29.44
29.045
31.0075
44.400002
37.5
34.099998
33.5
27.9
19.7999996
11.5
11.0
10.9000001
11.8000002
11.0999999
13.2999997
11.3000002
11.0999999
11.5
11.7999997
13.0
14.0
19.0999996
30.1
31.305
30.445
32.3325
32.7325
32.4025
32.0875
44.299999
43.600001
35.0
23.2999998
15.0999999
15.0999999
15.3000002
15.3000002
15.1999998
13.2999997
15.0999999
15.0
15.5
15.5
17.0
16.6999998
17.5999994
26.4
29.7675
43.300001
42.6
43.1
41.1
41.5
38.299999
38.900002
26.3
17.3999996
10.6999998
10.0999999
10.3000002
10.1999998
10.1999998
10.4000001
10.2999997
11.2000003
11.0999999
11.1999998
11.0
11.4000001
11.0999999
10.6999998
10.7000003
9.5
7.60000009999
7.0
6.90000009999
7.5
8.6999998
9.7999997
9.8000002
9.6999998
9.6999998
9.90000009999
10.1000004
9.8000002
9.90000010001
10.5
9.8000002
10.0
9.90000009999
10.7000003
10.0
9.90000009999
9.6999998
10.1999998
9.7000003
9.7000003
8.59999990001
7.7
8.8
8.59999990001
8.90000010001
10.6999998
11.4000001
10.9000001
11.0999999
10.9000001
11.1999998
11.4000001
11.0
11.1999998
11.0
10.9000001
11.5999999
11.5999999
12.1999998
12.0999999
14.2999997
24.5
26.625
18.6525
17.0775
20.6
21.5725
38.5
34.5
35.300001
16.9
23.2
12.5
11.0
11.5
11.1999998
11.1999998
11.2999997
11.5999999
11.0999999
12.1999998
12.6999998
13.0999999
13.2999997
14.8000002
26.6
31.715
25.585
24.6875
30.7125
32.155
31.635
41.9
42.899999
34.4
19.8999996
12.4000001
11.3999996
11.3999996
11.7000003
11.7000003
11.3000002
11.9000001
11.5999999
12.0
12.1999998
13.9000001
13.9000001
15.2999997
25.2
26.4725
27.625
27.9025
43.900002
43.600001
30.09
37.0
37.5
28.3
20.9000002
11.0999999
10.4000001
10.5
10.5
10.5
10.3000002
10.7000003
10.4000001
10.0999999
11.5
12.1999998
14.1000004
21.3
31.1
44.200001
27.6525
42.100001
41.199999
41.0
38.699999
35.699999
33.9
22.7
17.9000001
10.6999998
10.0
10.3000002
9.90000009999
10.0
10.2999997
10.0999999
10.1999998
10.0999999
11.2999997
12.2999997
13.6999998
21.0000002
28.6
43.200001
43.299999
38.399999
39.100001
39.900002
37.0
35.300001
35.5
23.6
16.8999998
10.8000002
10.6999998
10.3999996
10.5
10.8999996
10.7999997
10.3999996
11.0
10.3999996
10.3999996
10.8000002
11.5
11.5
11.1999998
11.0
10.0
8.59999990001
8.3000002
7.90000009999
8.2999997
9.59999990001
10.5
11.4000001
11.3000002
11.0999999
11.2999997
11.3999996
11.4000001
11.5
10.8999996
11.2999997
11.2999997
11.2999997
11.8000002
11.3999996
11.3999996
11.2999997
11.4000001
11.2999997
11.0999999
10.9000001
10.0
10.3999996
10.8000002
10.7000003
10.6999998
10.4000001
10.7000003
10.3999996
10.7999997
10.6000004
10.6999998
11.4000001
10.5
10.8000002
10.8000002
10.7000003
12.0
12.7999997
12.4000001
13.7000003
24.0
44.0
16.795
15.575
19.6525
20.9825
39.400002
32.6
34.2
23.4
19.9000004
11.0999999
10.3999996
10.2999997
10.5
11.4000001
11.0
10.1999998
10.5
10.4000001
11.5999999
12.8000002
12.9000001
14.8000002
23.7
41.0
26.515
25.88
40.399999
38.399999
39.799999
39.799999
33.199999
23.5
19.2000004
12.1000004
11.9000001
11.9000001
11.5999999
12.0
11.0
11.3999996
11.2999997
11.6999998
12.6999998
14.0
14.2000003
16.5999999
26.6
42.9
44.299999
38.4
37.799999
37.0
35.5
29.3
30.5
22.6
15.7999997
10.6000004
10.5999999
10.3999996
10.5
10.3999996
13.4000001
10.4000001
10.5
10.3999996
11.0999999
12.7000003
14.0
20.1
25.4
37.4
37.700001
38.199999
37.299999
37.9
40.9
38.0
35.900002
26.4
22.5
15.9000006
15.5
15.7000003
16.0000005
16.0
12.8999996
15.7000003
15.9000001
16.0999994
16.4000006
18.1999998
17.9000006
18.5
25.6
35.2
32.8
32.8
31.800001
31.100001
31.6
30.5
28.0
18.2000002
12.8999996
10.0999999
10.0999999
10.3000002
10.4000001
10.5
10.1999998
10.2999997
10.0999999
10.1999998
10.0999999
10.6999998
10.5999999
10.0999999
10.0
10.0
10.3000002
9.69999980001
8.90000009999
9.1999998
9.59999989999
8.90000010001
10.0
9.90000009999
9.90000009999
10.2999997
10.1999998
10.2999997
10.0
10.5
10.4000001
10.1999998
10.2999997
10.2999997
10.5999999
10.5
10.0999999
10.2999997
10.3999996
10.4000001
10.1999998
9.2999997
9.90000010001
9.7000003
9.1999998
9.90000009999
10.0999999
10.1999998
10.1999998
10.0999999
10.8999996
10.2999997
10.2999997
10.2999997
5.14123701341
0.0824742268014
0.0824742268014
0.082474226816
0.0824742268014
0.0824742268014
0.0824742268014
0.0824742268014
0.0824742268014
0.082474226816
0.0824742268014
0.0824742268014
0.0824742268014
0.0824742268014
0.082474226816
0.0824742268014
0.0824742268014
0.0824742268014
0.0824742268014
0.082474226816
0.0824742268014
0.0824742268014
0.0824742268014
0.0824742268014
9.73
10.0375
9.975
10.145
10.75
11.7025
12.44
15.3075
20.3725
27.9325
22.6625
23.01
27.435
28.81
29.015
29.645
28.775
22.63
17.6025
12.1975
10.5225
10.3675
10.1525
10.3075
3.9412372134
3.9412372134
8.0
8.0
8.59999989999
10.5999999
10.7999997
11.1999998
13.4000001
15.1999998
13.3000002
9.2000003
8.60000040001
8.2999997
5.60000009999
5.7
7.3
7.5
7.7000001
8.0
7.7000001
7.80000019999
7.60000000001
7.80000019999
8.3
8.40000009999
8.3
8.7000003
9.09999990001
8.90000009999
8.80000019999
9.2000003
8.6999998
7.89999990001
6.5
5.8
5.19999980001
5.60000000001
4.8
6.2
7.2000001
7.60000009999
7.5
8.30000019999
8.2000003
8.80000019999
8.80000019999
8.7000003
9.0
9.0
9.0
8.7000003
8.80000019999
8.90000009999
8.80000019999
9.40000010001
8.7000003
8.59999989999
8.5
8.5
8.1999998
9.0
8.80000019999
8.8000002
8.80000019999
8.60000040001
8.90000009999
9.09999989999
8.90000009999
9.0
8.7000003
9.0
9.09999990001
9.69999980001
9.6999998
9.0
9.09999990001
9.0
9.19999980001
9.5
8.90000009999
8.59999990001
8.40000010001
6.60000009999
5.80000019999
7.39999990001
7.2999999
8.3000002
8.59999989999
8.90000009999
9.40000010001
9.2000003
8.80000019999
8.80000019999
8.90000009999
9.5
9.09999990001
8.7000003
9.0
8.80000019999
9.0
9.30000019999
9.1999998
9.0
9.09999990001
10.1999998
10.8
6.5
5.39999990001
5.5
6.09999990001
7.0
8.7000003
8.8000002
9.09999990001
8.90000009999
9.0
9.59999990001
8.90000009999
9.1999998
8.80000019999
9.0
9.09999990001
9.5
12.2000003
11.5
10.6000004
11.2999997
12.2999997
11.9000001
8.5
7.0
6.2000001
5.60000000001
6.59999990001
7.0
8.3000002
8.90000010001
8.90000009999
9.09999990001
9.40000009999
9.0
9.0
9.19999980001
8.7999997
9.19999980001
9.40000009999
9.09999990001
9.19999980001
9.59999990001
12.2999997
11.6999998
9.19999980001
9.0
11.1000004
7.30000019999
6.09999990001
5.8
6.40000009999
6.89999999999
8.30000019999
9.0
9.09999990001
8.7000003
8.60000040001
8.5
8.6999998
9.2000003
8.7000003
8.80000019999
8.80000019999
8.60000040001
9.2000003
8.80000019999
8.7000003
8.7000003
9.7000003
10.6000004
8.2999997
7.10000009999
7.0
7.2000001
6.09999990001
8.0
9.10000040001
8.60000040001
9.10000040001
8.7000003
8.7000003
8.7000003
8.90000009999
9.2000003
4.3000002
8.8000002
8.8000002
8.8000002
8.8000002
9.0999999
9.0
8.7000003
8.6000004
8.8000002
8.5
7.7999997
8.4000001
8.1999998
8.5999999
8.6000004
8.5
8.3999996
8.4000001
7.6
7.6
8.1000002
7.7000001
7.8000002
8.1000001
7.6
7.7000001
7.7000001
7.7000001
8.8999996
8.8000002
8.9000001
8.7000003
8.5
7.5999999
6.7000001
5.9000001
5.8999999
6.2000001
7.2999999
8.1999998
8.5
8.6000004
8.5
9.2000003
8.8000002
8.7000003
8.8000002
8.9000001
9.2000003
8.6000004
8.7000003
8.8000002
8.9000001
8.8000002
8.8000002
8.6000004
8.9000001
8.5999999
9.2000003
8.7999997
7.9000001
7.5999999
7.8
7.9000001
8.1999998
7.7
7.8
7.7000001
8.1999998
8.6999998
8.9000001
8.6000004
9.5
9.0
8.8000002
9.2999997
8.9000001
8.7000003
8.6000004
8.8000002
9.0
8.5999999
8.6000004
8.1999998
8.0999999
8.9000001
8.2999997
8.5
8.7000003
8.6000004
8.6000004
9.0999999
8.6000004
9.4000001
8.8000002
9.3000002
9.3000002
9.0
8.8000002
8.7000003
8.9000001
8.7000003
9.9000001
21.8
40.700001
18.4025
19.1625
44.6
44.1
39.700001
32.700001
30.5
22.2
17.8999996
10.3999996
9.8000002
9.7000003
9.9000001
10.3000002
11.7999997
10.1000004
9.7000003
10.0999999
10.4000001
12.1999998
13.8000002
20.1999996
26.6
41.5
26.5925
36.799999
34.100001
32.699999
33.5
33.7
33.200001
24.9
21.0000002
14.2999997
13.9000001
13.0999999
13.2000003
13.9000001
13.0999999
13.2999997
13.2999997
13.4000001
14.0
15.5999999
18.0000002
26.1
32.5
23.555
24.9625
40.5
39.699999
40.1
41.200001
37.7
37.0
29.1
22.3
13.0999999
12.5
12.7000003
12.9000001
12.9000001
12.5999999
12.2999997
12.5999999
12.5999999
13.5
15.1999998
15.1999998
15.2000003
23.0999998
36.799999
42.300001
38.700001
35.700001
34.799999
34.399999
34.200001
31.2
24.9
20.6000002
12.8000002
12.3999996
12.3999996
12.5
12.5999999
11.7999997
12.8000002
12.5
12.1999998
13.0999999
14.5999999
14.7000003
14.9000001
24.1
35.300001
24.6975
22.855
41.100001
41.600001
41.5
34.1
32.800001
23.8
16.1999998
11.4000001
11.0999999
11.1999998
11.1999998
11.0999999
11.3000002
11.0
11.3000002
11.0
11.6999998
11.0
11.2999997
11.1999998
11.0
11.0
10.4000001
10.0999999
8.6999998
9.5
10.5
11.3000002
12.0
12.8000002
11.5999999
11.0999999
11.2999997
11.2999997
11.4000001
11.8999996
12.3999996
12.5
13.0999999
12.6000004
13.2000003
12.2999997
12.7000003
12.5
12.5
12.7999997
11.3000002
10.1999998
10.9000001
10.5
11.1000004
11.3999996
12.3999996
12.4000001
12.2999997
12.2999997
12.9000001
12.5
12.5
12.5
11.9000001
12.3999996
12.8999996
12.5
12.9000001
13.5
14.0999999
13.5
22.0999998
21.9325
18.115
19.85
23.935
24.5925
40.699999
38.0
35.700001
24.8
20.0000002
11.8000002
11.5
12.0
11.3999996
11.2999997
12.1000004
11.7000003
11.5
11.9000001
12.0999999
13.9000001
15.5999999
23.2
33.799999
42.400002
36.3
39.6
39.899999
36.199999
38.7
36.1
35.0
26.0
17.4000001
12.0
11.6999998
11.5
11.3999996
12.2000003
12.5
13.1000004
12.5
12.5
13.0999999
13.8000002
14.1999998
13.8000002
21.1000002
28.7925
29.0475
43.899999
38.599998
36.700001
37.599998
34.400002
31.999999
25.8
21.3
12.5999999
12.5999999
12.5999999
12.5
12.5999999
13.0999999
12.3999996
12.7000003
12.4000001
13.0
14.9000001
16.3000002
23.9
32.3
44.600001
31.9875
42.3
39.9
36.799999
37.600001
35.699999
34.9
25.2
19.0999998
12.8999996
12.7000003
12.7999997
13.7000003
13.8000002
12.4000001
14.3000002
13.8000002
13.8000002
14.5999999
15.1999998
17.1000004
22.4
27.8
38.800001
41.399999
34.7
35.3
35.5
32.799999
29.8
30.1
23.1
17.3999999
11.0
10.9000001
10.8000002
11.0
11.2999997
11.3000002
11.0999999
10.9000001
10.9000001
11.3000002
11.3000002
12.4000001
17.5999994
17.6999998
17.0
16.5000005
10.5
9.5
9.5
11.3000002
10.9000001
12.2000003
11.7000003
11.7000003
11.7000003
11.7000003
11.9000001
11.9000001
12.3000002
12.0
11.9000001
12.1999998
11.7000003
12.4000001
11.7999997
13.5999999
18.0999994
18.2000008
17.3000002
14.6999998
9.2000003
7.8000002
7.9000001
8.4000001
9.6999998
11.7000003
11.8000002
11.5999999
11.9000001
12.0999999
12.0
11.8000002
12.0999999
12.0999999
12.0999999
12.1999998
11.8000002
12.6999998
13.0999999
14.5999999
20.1999996
28.1
42.0
44.5
44.100001
40.199999
37.200001
38.100001
31.4
34.800001
27.5
19.5000004
12.5
12.0
12.3000002
12.0
12.5
12.0999999
12.3000002
12.1999998
12.2999997
14.0999999
14.5
16.4999995
22.5
30.7
42.199999
32.695
33.6025
35.0675
36.485
36.1775
42.400002
36.799999
25.9
20.1999998
12.3000002
11.9000001
11.9000001
12.0
12.2999997
13.5
12.1999998
12.0999999
12.0
12.6999998
14.6999998
15.5
21.0
29.1
40.300001
39.699999
40.399999
43.600001
43.200001
42.200001
40.599998
39.399999
31.3
24.9
16.0999994
15.3999996
15.1999998
15.5
15.8000002
14.2000003
15.1999998
15.6000004
15.4000001
16.2000003
17.5
17.8000002
18.0999994
26.7
39.0
41.600001
43.5
42.3
41.399999
42.5
39.5
38.700001
32.100001
27.0
12.9000001
12.5
12.1999998
12.2999997
12.5
12.6999998
12.5
12.1999998
12.1999998
13.1999998
14.2999997
15.5
19.3999996
31.899999
44.5
33.4575
31.3125
32.925
32.665
32.4475
42.699999
38.200001
25.8
18.3999996
12.0
11.3999996
11.3999996
11.3999996
11.5999999
12.1999998
11.3999996
13.0
12.4000001
12.0
12.8000002
12.8000002
12.3999996
12.6000004
12.4000001
11.1000004
9.4000001
9.5
8.5
8.7000003
10.6999998
11.2000003
12.5
12.3999996
12.5
12.5
12.1999998
12.5999999
12.2000003
12.5999999
12.0
12.2999997
12.2999997
12.6000004
12.1999998
12.1999998
12.1999998
12.0
12.1999998
12.5999999
11.7000003
11.3999996
11.7999997
11.1999998
11.5999999
12.5
12.2999997
12.2999997
12.3999996
12.2999997
12.7000003
12.7000003
13.1000004
12.4000001
12.7000003
13.0999999
12.5
13.1000004
14.5
13.5
18.4000001
31.2
25.335
22.9975
25.59
28.81
29.1125
44.6
38.899999
37.700001
25.5
20.2000004
12.5999999
12.2999997
12.9000001
12.5999999
12.5
12.5999999
12.2999997
12.0999999
12.0999999
13.0
14.8999996
16.3000002
23.9
35.299999
32.215
28.4575
28.34
29.405
42.9
38.900002
37.7
37.400002
29.2
20.9999996
12.5999999
12.7000003
12.3999996
12.8000002
13.0
13.0999999
12.7000003
12.5999999
12.7999997
13.1999998
15.3000002
14.8000002
15.7000003
27.7
23.0
27.6225
32.925
34.4725
35.2625
41.100001
39.300001
39.4
33.2
20.9999996
14.3000002
14.0999999
13.6999998
13.8000002
13.2999997
13.3000002
13.1999998
13.2999997
13.1999998
14.9000001
15.6999998
15.6000004
15.7000003
28.7
33.37
35.8075
38.3375
38.5425
38.46
38.7225
40.900002
39.0
34.8
23.7000002
13.5
13.6999998
13.2999997
13.4000001
13.2999997
11.6000004
12.0999999
11.5
11.3000002
11.9000001
12.8000002
12.5999999
13.0999999
26.9
31.3375
32.335
31.0525
32.2825
32.81
41.800001
39.700001
38.700001
29.1
18.0000002
10.7000003
10.2999997
10.5
10.3999996
10.3999996
10.4000001
10.2999997
10.1999998
10.8000002
10.2999997
10.1999998
12.5
20.5
21.3
20.6
19.7999996
9.1999998
8.9000001
8.4000001
8.8999999
9.4000001
9.8000002
10.4000001
10.4000001
11.1000004
10.6000004
10.8000002
10.7000003
10.9000001
10.5
11.1000004
10.8000002
10.9000001
10.7000003
10.5999999
13.0999999
21.3
19.9000002
20.6
17.3999996
7.9000001
8.4000001
7.5
5.3
7.2999999
8.7999997
10.0
10.5
10.0999999
10.0999999
10.2999997
10.2999997
10.5999999
11.9000001
10.6999998
10.2999997
10.1999998
11.3999996
11.5
13.9000006
21.7
39.099998
32.275
30.395
42.400002
41.299999
41.0
38.400002
36.0
36.300001
30.9
21.7
12.0999999
12.1999998
12.0999999
12.0
13.2000003
12.6999998
13.5999999
13.1999998
13.0
14.0
14.0999999
16.3999996
24.5
39.5
37.5475
34.115
33.91
34.0575
42.2
38.100001
36.4
36.100001
27.2
21.1999998
10.5
10.8999996
10.5999999
10.2999997
10.5
11.8000002
11.6999998
11.0999999
11.1999998
11.3000002
12.1999998
12.5999999
12.0999999
28.0
32.4775
33.0025
34.3475
35.695
39.0
38.900002
38.899999
37.5
28.8
21.6
13.0
13.0
12.7000003
12.6000004
12.9000001
12.9000001
13.8000002
12.8000002
12.8000002
14.3000002
15.2999997
15.4000006
15.8000002
29.7
34.5725
36.445
44.399999
44.600001
35.9025
35.11
33.8375
41.6
34.100001
19.4000002
12.4000001
13.1000004
12.6999998
13.1999998
12.9000001
12.3000002
13.2000003
12.9000001
13.6000004
13.9000001
14.5
16.5
23.8
38.0
33.5425
35.72
41.799999
41.0
40.399999
39.6
35.6
36.399999
28.2
20.6999998
11.7000003
12.0999999
11.9000001
12.2000003
11.9000001
11.8000002
11.7000003
11.4000001
12.3000002
11.6000004
12.0
14.0
21.9
21.3
20.4
20.2
11.5999999
10.9000001
10.1999998
11.0
10.9000001
11.3999996
11.2999997
12.0999999
11.5
11.5999999
11.2999997
12.0
11.7999997
11.8999996
11.4000001
11.9000001
11.8000002
12.5
12.3999996
14.1999998
22.6
22.1
20.9
20.1999996
10.5
8.6000001
6.9000001
7.6
8.5
9.6999998
11.9000001
11.8000002
11.9000001
12.0
11.9000001
12.0
12.8000002
11.8000002
11.7000003
12.0999999
11.9000001
13.0
13.0999999
15.6999998
27.0
43.6
31.0725
27.9525
43.800001
44.399999
41.899999
41.7
39.5
34.8
22.8
18.2000008
11.5
11.2999997
11.5999999
11.2999997
11.5
11.5
11.6000004
11.9000001
12.3999996
12.1999998
14.0999999
16.1000004
26.1
41.7
35.105
33.71
34.5325
35.185
36.42
35.17
43.7
41.699999
21.9
20.4999996
11.7000003
11.9000001
11.2999997
11.6000004
11.7000003
11.6999998
11.1999998
11.9000001
11.5999999
12.5
13.9000001
16.1999998
24.2
39.099998
28.535
30.88
33.8525
35.5775
43.599998
42.1
38.8
35.4
26.4
21.8
11.7999997
11.4000001
11.5999999
11.9000001
11.5
11.5
11.4000001
11.3999996
11.3999996
12.2999997
14.0
15.5
24.6
35.9
33.5175
36.415
43.9
36.52
42.199999
40.800001
37.5
37.5
27.3
20.0
11.5
11.0999999
11.4000001
11.5
11.4000001
10.8999996
11.5
11.1999998
11.1999998
12.3999996
14.2000003
13.7000003
14.5
37.0
26.5175
30.2725
30.3075
44.5
38.100001
38.100001
38.5
37.100001
25.5
21.1
10.8000002
10.8000002
11.0
10.4000001
10.2999997
10.2999997
10.3000002
10.1999998
10.7999997
10.5
10.8999996
10.1999998
10.7999997
10.9000001
10.3000002
10.1999998
9.1999998
7.1000001
6.5
5.5999999
7.9000001
8.8000002
10.2000003
10.8000002
10.7000003
10.7000003
10.5999999
10.5999999
10.5999999
9.9000001
10.1999998
10.7999997
10.5
10.2999997
11.0999999
10.3999996
10.5
10.8000002
10.2999997
9.9000001
10.3000002
9.3000002
9.4000001
7.2000001
9.3000002
9.8000002
10.3000002
11.2000003
11.4000001
10.8000002
10.8000002
10.0999999
10.6000004
11.9000001
10.9000001
10.2999997
10.3000002
10.4000001
10.1999998
10.2999997
10.6999998
12.6000004
13.4000001
15.3000002
14.6000004
14.5
14.7000003
14.3000002
13.8000002
12.4000001
11.3999996
12.9000001
13.0999999
13.0999999
13.2999997
12.9000001
13.0999999
12.4000001
13.2000003
13.0
12.9000001
13.0999999
13.7000003
13.0999999
13.0999999
15.0
14.5
12.1000004
7.8999999
7.9999998
7.5
9.4000001
11.5999999
11.8000002
10.9000001
12.2999997
12.5
12.7000003
12.1999998
11.5999999
11.8999996
11.4000001
11.8000002
12.0
12.4000001
11.8000002
11.7000003
11.6999998
12.7000003
14.0999999
12.0999999
12.2000003
9.4000001
8.0999999
9.2999997
11.1999998
11.2000003
10.3000002
11.1000004
11.3000002
11.1999998
11.0999999
11.2999997
10.7000003
11.1999998
11.6999998
10.5999999
11.3000002
11.1000004
11.3000002
10.8000002
10.7000003
11.0999999
13.5
15.9000001
18.6999998
18.9000006
17.9000006
17.3999996
15.8999996
14.5999999
15.5999999
14.2999997
12.6999998
11.5999999
11.0999999
11.0
10.9000001
11.2000003
13.5
11.9000001
12.2999997
12.0
11.9000001
12.0
11.7000003
12.5
18.1999998
16.8999996
15.0999999
15.5999999
16.6999998
17.1999998
16.0999999
16.5
16.6000004
14.3000002
15.5
15.1999998
15.3000002
15.3999996
14.9000001
15.1000004
14.4000001
15.0999999
14.9000001
14.8000002
15.0
15.0
14.8000002
15.8999996
15.5
17.3000002
17.1999998
16.8000002
17.5
15.9000001
12.4000001
11.1999998
10.8000002
11.7999997
13.5
13.0
13.1999998
13.1999998
13.3000002
13.2000003
13.3000002
13.4000001
12.8000002
13.0999999
13.0999999
13.0
13.2000003
13.3000002
13.8000002
16.6999998
14.6999998
12.5
13.5999999
13.9000001
14.7000003
13.0999999
12.3999996
12.6999998
12.9000001
13.2999997
13.0
12.9000001
13.3000002
12.7000003
12.5999999
13.5
12.8000002
12.9000001
13.5999999
12.7000003
12.6000004
13.0999999
29.999999
27.6875
26.8975
31.6225
35.1825
36.26
34.8175
34.32
39.700001
29.300001
19.3999996
11.9000001
12.6999998
13.1000004
12.5
12.0
11.5999999
12.2999997
12.5
12.2999997
12.5999999
20.4
15.5999994
25.3
37.5
31.485
29.7675
44.6
39.6
34.1
34.0
33.6
31.4
27.2
19.9000004
12.1999998
11.8000002
12.1999998
11.4000001
11.1999998
10.2999997
11.3000002
10.9000001
11.3000002
11.6999998
13.6000004
13.3999996
15.7999997
30.900001
24.29
26.2125
28.1125
37.5
35.799999
34.899999
34.100001
32.600001
25.2
18.0000002
9.8000002
9.5
9.8000002
9.2000003
9.0999999
10.7999997
8.8000002
9.0
9.1999998
9.6999998
14.0999999
12.9000001
17.3000002
32.499999
26.6425
43.899999
37.100001
39.399999
38.900002
37.5
31.2
31.799999
26.7
19.2000002
12.8000002
12.2999997
12.6000004
12.5
12.2999997
11.9000001
12.1999998
12.5
12.2999997
13.2000003
14.5999999
14.7000003
15.8000002
36.4
29.19
44.1
32.9
33.299999
35.3
37.100001
30.4
31.1
21.4
16.7999997
11.7000003
11.6000004
11.5
11.0
10.9000001
10.8000002
11.1999998
10.9000001
10.9000001
10.8000002
10.9000001
10.9000001
12.0
11.5
11.5
10.2999997
11.1999998
10.0
8.9000001
6.5
8.2000003
9.3000002
10.0999999
10.7000003
10.6000004
10.8000002
10.8000002
10.2999997
10.2999997
5.31836715102
0.236734702041
0.236734702041
0.236734702041
0.236734702041
0.236734702041
0.236734702041
0.236734702041
0.236734702041
0.236734702041
0.236734702041
0.236734702041
0.236734702041
0.236734702041
0.236734702041
0.236734702041
0.236734702041
0.236734702041
0.236734702041
0.236734702041
0.236734702041
0.236734702041
0.236734702041
0.236734702041
5.71836725102
5.91836755102
12.5
12.8000002
13.3000002
14.4000001
14.5
15.8999996
38.399999
28.495
26.825
36.299999
35.899999
35.200001
33.0
29.3
31.5
26.5
19.1000002
12.1999998
11.5
11.8000002
11.4000001
11.2999997
11.9000001
11.3999996
11.2999997
11.0999999
12.6999998
18.0
15.3000002
22.4999996
35.0
44.5
41.799999
40.9
41.5
43.700001
39.5
31.8
33.0
27.1
18.0999994
12.8000002
13.0
12.8000002
12.5999999
12.3999996
12.7999997
13.2999997
13.2999997
13.2999997
14.1999998
14.8000002
14.7000003
14.9000001
34.999999
28.3275
43.799999
44.1
33.5
32.1
32.5
31.1
32.1
27.0
19.6000004
12.8000002
12.6000004
12.6999998
12.0999999
12.1999998
11.5999999
11.8000002
12.8000002
12.1999998
12.6999998
14.5
14.2999997
15.2000003
32.7
29.4575
36.7
32.699999
33.900002
38.1
37.4
34.900002
34.800001
27.7
18.9000001
11.7999997
11.2999997
11.2999997
11.3000002
10.9000001
10.2000003
10.9000001
10.9000001
11.0
11.5999999
13.6999998
13.2999997
14.9000006
35.399999
26.545
42.399999
31.7
33.199999
33.0
33.3
26.5
25.0
16.9000001
14.0
10.3000002
9.7000003
9.6000004
9.2999997
9.2000003
9.4000001
9.0999999
9.4000001
9.1999998
9.1999998
9.3999996
9.2999997
9.4000001
14.0
13.5
9.9000001
7.2000001
5.9000001
4.1
4.3
5.0
6.1000001
8.5
10.0999999
10.4000001
10.8999996
11.2000003
10.5
10.2999997
10.2999997
10.1999998
10.0
10.4000001
10.2999997
11.0
10.1999998
10.8999996
10.6999998
9.7000003
9.0999999
9.5
10.3000002
8.9000001
7.5
6.7
7.0
9.3000002
10.3000002
11.1000004
10.8000002
11.0
10.2999997
10.5
11.1999998
10.7999997
10.5
11.0
11.0
12.6999998
12.9000001
13.5
31.199999
26.0325
24.0975
26.0875
41.299999
43.200001
28.175
37.6
35.299999
24.4
18.5000002
12.5
12.6000004
13.0
12.0999999
12.1999998
9.9999998
12.0
12.4000001
12.5
12.7999997
20.1
16.0
23.6
33.900002
40.699999
34.100001
32.899999
32.4
28.8
28.9
26.9
23.3
20.5000002
16.6000004
10.3000002
8.2999997
8.6999998
7.9000001
7.8
7.8
8.1999998
8.3000002
7.6
8.4999998
10.5999999
10.0999999
11.2999997
25.4
25.785
28.6725
39.9
38.600001
39.900002
40.100001
37.700001
34.800001
25.8
19.6999998
12.3999996
8.7000003
8.1999998
8.1999998
8.4000001
9.3000002
8.1999998
8.1999998
8.2999997
9.3999996
17.1000004
12.5999999
21.4999996
36.400002
40.0
36.700001
32.5
36.4
39.899999
38.300001
32.3
27.3
21.6
17.8000002
10.7999997
10.3999996
10.5999999
10.6000004
10.6000004
10.8000002
10.8000002
10.7000003
10.6000004
12.1000004
13.1999998
13.4000001
14.9999995
35.5
30.575
42.299999
41.0
36.435
36.69
43.700001
36.0
32.1
22.5
17.3000002
10.7000003
10.9000001
10.9000001
11.3000002
11.0
10.7000003
10.9000001
11.1999998
10.9000001
10.8000002
11.8999996
11.1999998
11.6000004
11.0
10.7000003
9.6999998
9.0
7.5999999
8.5
8.39999960001
8.6999998
9.6999998
10.1999998
9.9000001
10.1999998
10.1999998
10.5
10.1999998
10.2000003
10.2999997
10.5999999
10.5
10.5
10.0999999
10.7000003
10.1999998
10.7000003
10.7999997
9.90000009999
8.6999998
7.50000019999
8.40000009999
8.0999999
8.8999999
9.3000002
9.5
10.0
10.0
9.9000001
10.0
10.2999997
10.4000001
10.4000001
10.5
10.0999999
10.1999998
10.3000002
11.2999997
12.3999996
12.0999999
14.8000002
35.9
28.115
28.845
30.865
32.39
43.699999
40.799999
37.0
35.800001
31.599999
19.3
10.0999999
10.6000004
10.3999996
10.8999996
10.5
11.7000003
10.5
10.7999997
10.5999999
11.2000003
12.9000001
12.8000002
13.4000001
34.6
33.0075
37.700001
39.0
38.300001
37.100001
33.200001
27.6
30.8
23.0
18.7000008
12.0999999
12.0999999
12.0
12.3999996
12.4000001
12.2000003
12.1999998
12.2999997
12.5
13.0
15.2999997
14.6000004
15.8000002
35.099999
27.39
28.0025
28.3125
37.6
37.700001
33.9
30.7
30.0
26.5
15.9000001
12.8000002
12.7000003
11.8999996
11.3999996
11.0999999
10.5999999
11.2999997
11.1999998
11.0999999
11.6999998
13.8000002
13.6999998
14.8000002
34.6
33.03
40.200001
38.5
38.0
37.9
34.3
30.8
31.4
27.2
19.5999998
9.59999990001
10.2000003
10.0999999
9.60000039999
9.5
9.59999990001
9.5
9.6999998
9.5
10.6999998
11.9000001
11.9000001
13.8000002
34.4
31.48
33.7025
35.4
35.3
35.0
29.1
24.3
22.7
16.5
12.5
9.5
9.7000003
9.90000009999
9.40000009999
9.6999998
9.2999997
9.5
9.2999997
9.1999998
9.90000009999
9.39999960001
9.59999990001
9.7000003
8.3000002
6.1999998
4.5
5.70000010001
5.0000001
3.6
2.4
3.5
4.5
6.5
8.4000001
10.1999998
9.5
9.9000001
9.2999997
9.2999997
9.40000009999
9.60000039999
9.90000009999
9.5
9.60000039999
9.40000009999
9.5
10.0
9.9000001
8.8000002
8.0999999
7.3999998
5.3
4.70000010001
2.89999999999
3.3
4.79999989999
6.79999989999
8.6999998
9.8000002
9.7000003
9.8000002
9.8000002
9.7000003
11.0
10.2000003
9.60000039999
9.9000001
10.1000004
11.9000001
12.0
13.0
33.2
26.1525
26.7425
27.9175
30.1475
32.595
44.599998
35.2
35.3
27.4
21.6
13.0
12.8000002
13.4000001
12.1999998
12.5
11.2999997
12.0999999
12.1999998
12.4000001
13.5
14.7000003
14.8000002
15.4000001
34.0
44.1
40.700001
35.200001
35.0
37.0
35.100001
31.6
32.1
23.0
17.6000004
10.9000001
10.7000003
11.0
10.3999996
10.4000001
10.0999999
10.2999997
10.1999998
10.5999999
11.2999997
12.5999999
12.7000003
12.5
24.6
39.600001
36.300001
37.0
36.300001
33.700001
34.199999
30.0
30.700001
25.7
19.2
10.8000002
10.7999997
10.5
9.9000001
9.7000003
9.7000003
9.8000002
10.0
10.0999999
10.3000002
12.0999999
11.9000001
12.5999999
35.900002
42.799999
36.9
33.899999
31.3
34.2
34.6
32.100001
28.1
21.0
13.7000003
10.0999999
10.0999999
10.1999998
9.39999960001
9.39999960001
10.5
9.40000009999
9.7000003
9.5
10.0
11.7000003
11.7000003
11.7999997
12.0999999
28.1
25.7
19.6000004
26.899999
30.1
29.2
17.5999994
11.7999997
11.6999998
11.0999999
11.1999998
11.0
11.3000002
10.6000004
10.7000003
10.6000004
10.8000002
10.7000003
10.7000003
11.0999999
10.6000004
10.3999996
10.9000001
11.7000003
9.90000009999
9.2
10.0
9.7000003
9.59999990001
9.0999999
8.5
9.5
10.5
11.1999998
11.0
11.2999997
11.2999997
11.0999999
11.0
11.3000002
5.4000001
10.7000003
10.9000001
11.2000003
10.9000001
11.3000002
11.5
11.9000001
12.0
11.6999998
11.1999998
10.8000002
9.2000003
8.20000010001
8.5999999
9.6999998
10.0
10.3999996
10.8000002
10.9000001
11.0999999
10.8000002
5.5
11.1999998
9.76
10.0575
10.3475
10.7275
11.22
12.475
21.475
25.595
25.47
26.2875
28.18
29.795
30.0175
28.7775
28.35
22.64
15.9925
10.5925
9.4025
9.5275
9.3275
9.2275
7.8000002
14.6999998
14.4000001
14.5999999
14.7000003
14.9000001
15.6999998
16.1000004
16.6000004
14.7000003
12.1999998
10.7000003
9.8000002
10.6999998
10.7999997
9.59999990001
10.4000001
11.3000002
12.8000002
14.1999998
14.1999998
14.7999997
15.5
15.7999997
15.7999997
16.0000005
15.1999998
15.4000001
15.2999997
15.3999996
15.8000002
15.8000002
16.1999998
14.5999999
12.3000002
11.0
13.4000001
14.6999998
11.2999997
11.4000001
9.5999999
12.5999999
14.9000001
14.4000001
14.7999997
15.5
14.8000002
15.0
13.1999998
15.0
14.8000002
15.0999999
15.5999999
15.0999999
15.2999997
15.2999997
15.5
14.5
16.5
15.5999999
12.4000001
12.0999999
12.0
11.9000001
11.5
11.4000001
10.0
10.0
10.3000002
10.1999998
10.1999998
10.6000004
10.6999998
10.2999997
11.2999997
11.3999996
10.7000003
10.5
10.5999999
10.7000003
12.6000004
13.6000004
19.3000002
16.6000004
18.9999996
17.2999992
15.5
8.59999990001
8.8000002
9.3000002
9.6999998
10.1999998
9.9000001
10.5
10.5999999
10.1999998
11.1999998
11.1999998
11.8000002
11.0
11.1999998
11.0999999
11.1999998
11.1999998
12.0
16.2999997
15.5999999
15.0
13.8000002
10.9000001
9.3000002
7.99999980001
6.79999989999
7.5999999
9.59999990001
9.9000001
10.5
10.6000004
11.9000001
11.5
9.90000009999
10.7000003
10.5
10.8000002
10.7000003
10.5999999
11.0
10.7000003
10.5
10.4000001
7.8999998
6.6999998
5.70000010001
7.20000010001
8.8000002
8.90000009999
7.8
7.20000010001
8.0
8.7000003
9.2999997
9.0
9.5
9.5
9.3000002
9.2999997
9.2999997
9.6999998
9.2999997
9.6999998
9.5
9.40000009999
9.09999990001
6.8999999
5.10000000001
3.5
3.3
2.7
2.2
2.6
3.6
4.4000001
6.3
8.2000003
9.0
9.1999998
9.1999998
10.2000003
8.6999998
9.5999999
9.5
9.1999998
9.5
9.2999997
9.40000009999
11.5
16.3999996
18.0
17.8000002
13.3000002
12.2000003
10.0999999
7.3
9.0999999
10.0999999
10.9000001
7.3000002
9.1999998
9.1999998
9.9000001
8.8000002
7.70000010001
9.8000002
8.5
7.9000001
7.9000001
8.0
8.0
7.8000002
7.8
12.9000001
12.6999998
13.4000001
11.0
10.8000002
7.20000010001
6.8999999
7.5
8.09999990001
8.6999998
8.7999997
10.8999996
11.4000001
11.5
11.6000004
11.8000002
12.8999996
11.5
11.5
12.0
11.7000003
11.7000003
11.6999998
12.6000004
13.9000001
15.5000005
16.5
20.1999998
24.6
17.0999998
8.0
7.3
11.5
9.6999998
9.89999960001
11.5999999
12.5
12.7000003
12.8000002
12.9000001
10.3999998
13.5
12.8000002
13.5
13.0999999
13.0
18.3000002
15.2000003
26.7
30.299999
29.4
18.2999992
16.2999997
15.7000003
14.3000002
9.6000001
6.2
3.1
4.89999999999
7.20000010001
7.6000001
7.9000001
8.2000003
7.7
10.7
7.0
7.99999980001
7.39999999999
7.29999989999
7.39999999999
7.39999999999
7.3999999
9.4000001
10.4000001
11.5
11.0999999
9.0
5.6999998
3.39999999999
6.0999998
9.2999997
9.3000002
10.6999998
12.8000002
13.9000001
13.9000001
14.5
13.7000003
11.3999996
13.2999997
13.1999998
13.2999997
13.5
13.3999996
13.5999999
13.5
14.8000002
15.0
12.5
11.2999997
8.5
11.4000001
14.4000001
12.2000003
10.0999999
5.39999999999
7.5
8.90000009999
9.2999997
9.7000003
9.5
9.59999990001
8.20000010001
8.9000001
9.1999998
9.0
9.0999999
9.0
9.5
9.5
25.8999994
32.4
27.8
28.7
29.5
26.9
24.7
19.5999998
18.8000002
15.2999997
10.9000001
5.5
6.60000000001
6.60000000001
6.8
6.39999999999
6.3999999
6.39999999999
7.20000010001
6.3999999
6.79999989999
8.8000002
8.5
8.9000001
25.1
39.0
35.0
30.6
29.1
29.8
23.7
21.6
21.9
13.0
9.3000002
5.70000010001
6.8
7.3
6.9000001
6.70000010001
6.5
6.60000000001
6.6000001
6.39999999999
7.7
8.9000001
8.8000002
9.10000039999
20.5999999
30.6
31.5
27.3
26.9
25.7
22.9
21.2
20.5999996
13.7000003
9.8000002
5.20000010001
5.8999999
6.0
6.3999999
6.2
6.29999989999
6.39999999999
6.29999989999
6.5
7.1000001
8.60000039999
8.9000001
9.09999990001
26.1
31.6
30.0
27.2
26.2
28.7
28.3
23.3
24.8
17.0999994
8.4000001
5.1999998
5.70000010001
6.0
6.29999989999
5.8999999
6.3000002
5.8000002
5.9000001
5.70000010001
6.3
8.5999999
8.39999960001
8.3000002
15.6999998
29.6
29.2
27.1
27.3
26.5
25.0
21.1
20.0000004
14.8000002
8.1000001
6.0
6.70000010001
7.0999999
7.3999999
6.8999999
7.2999997
6.1999998
6.29999989999
6.3
6.1999998
6.29999989999
6.7
6.70000010001
6.0999999
6.4000001
3.9
2.1
1.00000003
0.500000009997
0.299999999996
0.699999999997
0.700000019999
2.5
4.2
6.20000010001
7.1000001
7.7
8.0
7.39999999999
7.39999999999
7.6000001
7.39999999999
7.6999998
7.8000002
7.5
8.2999997
7.8999999
7.7
7.2
5.8
2.0
1.30000001
0.500000009997
1.5
2.7
3.6
4.4000001
6.0999999
6.5
8.1999998
7.70000010001
8.0
8.1000002
8.3
7.5
7.8999999
7.6000001
8.3000002
10.0999999
10.0999999
9.7999997
17.4
30.6
37.7
29.6
29.3
30.4
26.6
21.7
23.7
15.6000004
12.0
8.4000001
9.0999999
9.1999998
9.1999998
9.1999998
9.0999999
9.40000009999
9.5
9.40000009999
9.5
11.0999999
11.0999999
11.2000003
16.6999998
25.7
27.1
25.8
26.1
23.9
24.4
19.5
20.7
14.9000001
11.4000001
8.7999997
9.8000002
9.59999990001
9.8000002
9.1999998
8.1999998
9.2999997
9.1999998
9.7999997
9.90000009999
11.5999999
11.5999999
11.0999999
16.0000005
27.8
26.3
26.0
25.5
26.6
25.4
22.5
22.3
15.8000002
9.8999999
6.4000001
7.2
7.70000010001
7.5
7.3
7.6000001
7.0
7.29999989999
7.0
7.6999998
9.5
9.5
9.7999997
16.7000003
28.5
30.0
30.4
29.9
26.9
25.1
22.7
21.6
16.5
11.5
7.6999998
8.0
8.2999997
8.39999960001
8.0
9.0
8.1999998
7.9000001
8.1999998
8.5
10.2999997
10.0999999
10.3999996
16.3000002
32.4
36.1
37.099998
37.6
37.600001
31.5
30.2
26.1
19.5000004
13.0
9.5
10.0
9.7000003
9.9000001
10.0999999
10.5
9.7000003
9.9000001
9.7000003
9.9000001
9.7000003
9.9000001
10.0
9.8000002
11.4000001
10.0
9.90000009999
8.8000002
6.0999999
2.6
4.1999999
5.10000000001
7.5
8.59999990001
9.0
9.7000003
10.0999999
9.8000002
10.0999999
10.6999998
10.4000001
10.2999997
10.0999999
11.0
10.2999997
10.1999998
10.2999997
10.5
11.5999999
10.8000002
11.6999998
10.0999999
8.1000001
6.5
5.0
5.2
5.89999999999
8.0
10.4000001
10.9000001
11.0999999
11.5
11.6999998
11.0
11.5
11.5
12.3000002
12.1999998
13.9000001
14.4000001
14.7000003
22.3999996
36.899999
36.7
30.7
29.2
30.0
30.9
26.2
27.9
20.1999996
12.5
9.5
10.5
10.3999996
10.9000001
10.8000002
11.0999999
11.1000004
10.9000001
10.5999999
11.4000001
13.0
13.0999999
12.8000002
20.4999998
31.0
31.3
33.1
34.300001
33.0
29.7
26.0
25.1
19.0999996
13.3999996
10.5
11.3999996
11.8000002
11.6000004
11.8000002
12.7999997
11.5
11.7999997
11.6000004
11.9000001
13.0
13.5999999
13.5999999
21.1
38.5
41.0
36.400002
33.699999
34.0
32.400001
29.0
30.6
23.5999996
17.5
13.4000001
14.9000001
14.8000002
14.7000003
15.0999999
14.3000002
14.8000002
14.5
14.8000002
15.0
16.3999996
16.6999998
16.3000002
21.6999996
36.300001
35.6
32.2
34.9
40.099998
38.5
31.800001
31.4
22.8000002
18.1000004
12.0
13.0
13.9000001
14.0999999
13.8000002
13.9000001
13.8000002
14.0
13.9000001
14.4000001
15.2999997
16.2000008
16.5
21.8999996
36.9
38.2
36.299999
36.600001
38.9
38.0
34.3
32.6
23.6
16.2999997
12.9000001
13.6999998
13.6000004
13.3999996
13.3999996
12.6999998
13.1999998
14.0
13.6000004
13.8999996
14.1000004
14.3000002
13.1999998
15.4000001
15.3999996
15.4000001
15.0
13.5
11.4000001
11.3999996
11.6000004
11.6999998
11.0999999
12.0
11.7000003
12.4000001
11.8000002
12.0999999
12.0
11.8000002
12.0
12.5999999
12.0999999
12.2999997
12.4000001
12.1999998
12.0999999
11.9000001
11.0999999
10.7000003
10.1000004
7.3
6.5
5.8
4.5
6.90000009999
10.5
11.0999999
11.8000002
11.8000002
11.6000004
12.0
11.7000003
11.9000001
11.7000003
12.3000002
11.8000002
12.4000001
14.3999996
14.2999997
14.4000001
12.5
11.3000002
10.5999999
10.1999998
8.7000003
8.0999999
10.5
11.3000002
13.5
10.5999999
9.8000002
11.5
11.7000003
11.7000003
12.0
12.0999999
11.6999998
11.9000001
12.2999997
12.5999999
12.9000001
14.7000003
14.1999998
14.3999996
27.8
40.900002
37.6
33.800001
30.7
34.399999
32.700001
30.1
33.0
22.3000002
16.1000004
11.0
11.2999997
11.1999998
11.0999999
11.3999996
10.9000001
11.5
12.0
11.6000004
12.4000001
13.9000001
13.7000003
13.9000001
19.9999998
40.7
44.399999
38.400002
36.0
33.599998
31.0
33.800001
31.599999
23.7
15.0999999
10.3999996
10.6000004
11.0
10.2999997
10.1999998
10.0
10.4000001
10.5999999
10.7999997
10.8999996
12.6000004
12.9000001
13.9000001
19.0000004
30.0
28.8
28.5
27.4
26.2
24.5
25.3
22.1
19.0
14.5
11.6999998
11.8000002
12.0
12.0
10.6000004
8.7999997
9.5
9.5
9.5
10.2000003
9.40000009999
9.5
10.0
17.5000002
35.1
41.699999
35.899999
35.9
33.400001
29.8
27.7
23.7
18.1000004
12.5
8.5
8.09999990001
7.8000002
7.8
7.8000002
8.5
7.5
7.8999999
8.0
7.8000002
7.8
8.3
8.3000002
8.5
10.0999999
6.5999999
5.8999999
5.4000001
3.00000001
2.29999998
1.5
1.69999999
3.2
5.5
6.8
7.70000010001
8.5999999
8.5
8.89999960001
8.8000002
8.39999960001
8.5999999
8.59999990001
8.2999997
8.39999960001
8.9000001
8.5
8.90000009999
8.40000009999
7.9000001
9.0
8.3000002
3.8
3.9000001
4.70000010001
3.2
6.3999999
8.6999998
9.2000003
9.2000003
8.60000039999
9.0
9.1999998
8.5999999
9.0
9.09999990001
9.5999999
9.0999999
9.0999999
9.1999998
9.6999998
15.4999995
29.9
30.5
26.3
26.6
24.4
21.9
23.2
22.5
17.1999998
11.6000004
6.1000001
7.3
7.8000002
8.0
7.9000001
9.0
8.20000010001
7.9000001
7.9000001
7.70000010001
8.1999998
7.8000002
8.5999999
16.4000001
26.7
28.1
28.6
32.900001
34.0
28.4
23.3
23.0
17.1999998
11.8000002
7.7
8.7999997
9.1999998
9.0999999
9.40000009999
8.5
9.2999997
9.40000009999
9.8000002
9.1999998
9.5
9.5
9.2999997
17.5
28.9
29.1
28.2
24.9
25.4
22.8
19.6999998
22.7
17.5
10.5
5.8
7.0
7.6000001
7.29999989999
7.39999999999
9.8000002
8.1999998
7.70000010001
8.3000002
8.0
8.0
7.8000002
8.40000009999
17.6999999
34.0
38.100001
40.299999
43.100001
39.899999
35.300001
32.7
31.0
25.2
19.6000002
11.5
11.6000004
12.0
11.4000001
11.7999997
10.7999997
11.4000001
11.5
11.5
11.7000003
11.5
11.5
13.0999999
17.3999996
27.2
29.2
30.8
32.3
30.3
27.2
25.8
19.7000004
15.7999997
14.0
9.6999998
10.6000004
10.5999999
10.1999998
10.5
10.3999996
10.4000001
10.1999998
10.2999997
10.6999998
10.1999998
10.1999998
10.0999999
10.9000001
9.0
5.0
4.6000001
4.3999999
3.2
2.3
2.1
3.10000000001
4.79999989999
6.3000002
7.5
9.09999990001
9.8000002
10.5999999
10.1999998
10.3999996
10.3999996
10.2999997
10.7999997
10.2999997
10.1999998
10.9000001
10.3999996
9.3000002
7.39999999999
5.6000001
6.9000001
6.39999999999
4.6000001
4.79999989999
4.2
3.6
6.0
7.4000001
7.7999997
9.5
10.3000002
10.0999999
10.1999998
9.60000039999
10.4000001
10.1999998
10.1999998
10.6999998
10.3000002
10.1999998
10.9000001
19.4999996
36.0
34.699999
34.8
28.9
30.9
25.3
22.2
23.2
18.1000004
13.4000001
7.1000001
7.5999999
8.5
8.1999998
8.6999998
9.5
9.0
8.39999960001
8.2999997
8.39999960001
8.39999960001
8.6999998
8.5999999
19.8999996
28.7
29.3
29.4
28.7
31.300001
28.6
24.8
25.4
20.7999998
12.4000001
9.1999998
10.0
10.1999998
10.7999997
10.9000001
10.5999999
10.9000001
10.5
10.6000004
10.5
10.5999999
10.8000002
11.8000002
18.5000001
28.8
30.399999
33.3
30.7
31.7
28.1
26.4
21.4
16.7999997
11.7000003
6.8
8.3000002
9.1999998
10.1000004
9.6999998
8.7000003
9.2999997
9.39999960001
9.39999960001
9.5
9.40000009999
9.5
10.3000002
16.8999996
24.8
28.4
26.0
27.4
25.6
23.0
17.0999994
18.1999998
16.3000002
10.7999997
5.2
6.9000001
8.0
7.8000002
7.70000010001
7.70000010001
8.3000002
7.8000002
7.70000010001
7.8000002
7.8999999
7.8
9.5
15.8999996
26.4
29.1
25.6
28.1
28.3
24.7
19.1999998
19.9999998
17.3000002
11.0
6.2
6.9000001
7.0999999
7.1999998
7.7
7.6000001
7.5
7.70000010001
7.70000010001
7.60000000001
8.0999999
7.60000000001
7.9000001
6.9000001
7.5999999
3.79999989999
1.69999999
1.80000001
3.3
3.0
1.0
2.7
5.8000002
4.4000001
5.6999998
6.20000010001
7.1999998
7.39999999999
8.0
7.8
8.4000001
8.2999997
8.0999999
8.0
8.5
8.0
8.59999990001
8.0
8.0
6.6000001
6.2
4.3999999
5.1000001
4.2
3.0
2.29999998
4.4
4.0999999
5.4000001
6.20000010001
7.2
8.1000002
7.8
8.0
8.5
8.1999998
8.3000002
8.0
8.5999999
8.2999997
8.2999997
7.70000010001
7.2
6.3
6.1999998
3.6000001
2.6
6.2
5.9000001
5.8999999
6.0999999
6.9000001
6.6000001
6.8999999
7.7
8.20000010001
7.9000001
7.8
8.5999999
8.0999999
8.0999999
8.0999999
8.39999960001
8.0
8.2999997
8.5
10.9000001
15.0
12.8999996
14.0
11.8000002
9.09999990001
8.70000010001
7.90000009999
7.5999999
3.9
5.1999998
6.5999999
7.0
7.3999999
7.39999999999
7.0
7.9000001
7.6000001
7.70000010001
7.9000001
8.1000002
7.70000010001
7.79999989999
7.2
9.59999990001
10.0
8.1999998
6.5
6.3000002
7.20000010001
5.8999999
7.7999997
5.4999999
4.6999998
5.2
5.9000001
6.39999999999
6.8
6.70000010001
7.3000002
6.60000000001
6.8000002
6.70000010001
6.8000002
7.0
6.8999999
6.79999989999
6.3000002
6.9000001
9.6999998
9.09999990001
9.8000002
10.6000004
6.70000010001
5.7
5.1999998
4.89999999999
3.2
4.2
6.20000010001
6.9000001
7.0999999
7.1000001
6.1999998
6.9000001
7.0999999
7.0
6.9000001
7.0999999
7.1999998
7.6000001
9.1999998
11.9000001
10.8000002
9.1999998
7.79999989999
6.3
4.5
5.3999999
4.79999989999
3.8
2.2
3.0
4.5
5.0999999
5.0999999
5.2
5.3
5.1999998
5.29999989999
5.5
5.29999989999
5.29999989999
5.0
4.8999999
4.0
2.8
1.10000002
0.900000009999
0.399999999994
0.199999999997
3.075
0.199999999997
0.400000009999
2.1
3.0
3.5
5.1000001
5.3999999
5.7
5.1999998
5.3999999
5.6999998
5.3999999
5.39999999999
5.1999998
5.29999989999
5.5
5.8000002
5.3999999
6.3000002
3.9
3.6000001
2.7
0.900000009999
0.800000019997
1.2
2.10000001
2.29999998
3.10000000001
2.8
5.39999999999
5.8
5.6000001
5.8
5.6999998
5.70000010001
5.60000000001
5.8000002
5.9000001
5.70000010001
5.70000010001
6.2
10.7000003
23.4
25.1
23.9
23.9
25.1
27.4
24.9
23.2
16.6000004
11.8000002
5.70000010001
5.39999999999
5.5
5.29999989999
5.3999999
5.89999999999
5.39999999999
5.39999999999
5.79999989999
5.5
5.39999999999
5.5999999
7.1000001
13.2000003
26.2
29.8
29.6
30.1
28.2
27.7
20.4000004
17.2000003
12.9000001
9.8000002
4.70000010001
5.5
6.39999999999
6.7
6.5
6.6000001
6.3999999
6.5
6.5
6.60000000001
6.5
6.7
6.2
13.2999997
20.6000002
25.3
25.8
27.3
24.0
21.0
17.7000008
18.0999998
15.4999995
8.8999999
4.2
5.89999999999
6.60000000001
6.60000000001
6.9000001
6.29999989999
6.6000001
6.60000000001
6.5
7.0
6.5
6.3999999
7.0
11.6999998
21.0
21.0
21.6
24.4
24.5
18.8000002
19.5000002
19.3999996
15.3000002
8.3999998
3.2
4.7
5.6000001
6.20000010001
5.9000001
6.0
5.9000001
5.8000002
5.60000000001
5.60000000001
6.0999999
5.8
6.70000010001
14.0
27.0
23.9
24.9
24.3
23.0
25.2
22.0
17.4000006
11.4000001
7.7
3.3
5.3999999
5.60000000001
5.9000001
6.0999999
5.6000001
5.9000001
6.10000000001
5.8000002
5.9000001
5.8999999
5.70000010001
5.70000010001
4.70000010001
4.1
1.10000002
2.30000001
3.10000000001
1.50000001
0.600000009996
0.599999999999
0.600000009996
0.80000001
1.69999999
2.7
4.9000001
5.29999989999
5.5
5.5
2.9000001
5.70000010001
8.3175
9.12
9.4025
9.435
9.365
8.815
7.6725
7.095
6.1925
5.44
4.9875
4.4025
3.805
3.4125
3.0
3.4675
4.2225
4.83
5.5625
6.09
6.47
7.0775
7.1
7.8
8.7025
8.9425
9.25
9.335
8.985
9.2225
10.45
17.555
20.97
20.0625
20.0425
19.715
19.4175
17.6825
16.385
12.5475
10.195
6.6375
5.97
6.4075
6.6825
7.1525
7.2075
7.4125
7.7675
8.2575
8.8925
9.4575
9.3275
10.14
16.0125
22.835
25.6075
23.6925
23.4025
23.395
21.54
18.915
17.6475
13.5875
9.93
6.53
6.1625
6.705
7.4075
7.7125
8.0875
8.365
8.8175
9.325
9.4125
9.685
9.4725
10.1425
16.5125
24.595
26.265
23.9525
23.385
22.0975
20.3375
18.4525
17.2425
14.1575
10.3375
6.7475
6.32
6.5075
6.6325
6.9625
7.27
7.4825
7.4475
7.6075
7.625
8.015
8.255
9.43
13.11
18.56
20.2125
19.695
19.695
20.1275
18.5775
17.0
15.8875
12.7425
10.22
6.1675
5.38
5.675
5.5575
5.305
5.1275
5.2775
5.4675
5.3525
5.6225
6.0825
6.5675
7.665
9.3175
16.3
19.56
19.1925
19.295
19.4175
18.31
16.02
13.4675
11.6525
8.26
5.2575
5.1075
5.685
5.9625
6.16
6.225
6.035
5.97
6.1275
6.105
6.095
6.175
6.515
6.3425
6.3175
5.0425
4.2575
3.8025
3.105
2.79
2.66
2.72
3.725
4.62
5.305
6.04
6.365
6.515
6.475
6.495
6.7425
7.345
7.5575
7.6225
7.6475
7.5675
7.4575
6.8675
6.5825
5.8225
5.0175
4.5675
3.985
3.5875
3.18
2.8225
3.67
4.5725
5.175
6.0
6.5
6.4625
6.2625
2.4000001
6.175
6.3999999
6.29999989999
6.5999999
6.5
6.5
6.5
12.8999996
26.2
26.5
23.1
23.8
21.3
19.4999996
18.9999998
17.6999998
11.5999999
6.9000001
2.39999998
4.0
4.9000001
4.8000002
5.0
5.2
4.9000001
5.4000001
4.9000001
5.29999989999
5.5
4.9000001
5.0999999
13.0999999
22.4
22.5
23.3
21.3
20.3999996
18.1999998
17.3000002
18.1
12.8000002
8.1999998
3.6
5.10000000001
5.0
5.70000010001
5.8999999
5.39999999999
5.3999999
6.29999989999
5.8
5.39999999999
5.70000010001
5.5
6.70000010001
13.0999999
26.9
29.7
27.9
28.2
25.2
26.1
23.5
21.9
18.5000002
10.3999996
4.39999999999
5.29999989999
6.0
5.5
5.39999999999
6.5
5.3999999
5.29999989999
5.5
5.5
5.60000000001
5.60000000001
5.8
11.4000001
21.8
20.4
22.8
23.0
21.6
17.1999998
15.8999996
14.4000001
10.7000003
7.40000009999
3.79999989999
5.0
6.1000001
6.0
5.9000001
5.9000001
6.4000001
6.70000010001
6.0
6.2
6.5
6.29999989999
5.70000010001
11.0
20.1000004
20.9
20.4
21.5
22.3
20.2000002
19.9000002
14.9999995
11.5
5.7
3.4
4.89999999999
6.39999999999
6.1000001
6.0
5.70000010001
5.8000002
5.8000002
6.0999999
6.4000001
5.9000001
6.0
5.8
5.39999999999
5.5
4.5
2.5
2.19999998
1.80000001
1.19999999
0.80000001
0.90000003
1.00000001
2.5
4.3999999
5.2
5.5
6.10000000001
6.3000002
6.5
5.70000010001
5.8
5.70000010001
5.9000001
6.0
6.0999999
5.9000001
5.6000001
6.8
8.0999999
5.4000001
8.90000009999
5.4000001
5.6000001
3.8999999
3.60000000001
1.10000002
2.5
3.4
5.0
6.0999999
6.0999999
6.1999998
3.3
6.79999989999
6.9175
6.955
7.015
7.1725
7.325
8.9275
12.765
21.5425
23.185
22.49
21.5425
20.61
19.67
17.9825
16.9225
13.4825
10.2475
6.53
5.815
6.5475
7.4725
7.8825
2.7
8.18
6.29999989999
6.0999999
6.0999999
6.5999999
6.0
5.8
11.9000001
18.4000006
20.3000004
20.1
19.7
20.3999998
19.8000004
18.1999998
18.4000006
12.2999997
8.2
3.0
4.3000001
5.5
5.5
5.89999999999
5.70000010001
5.60000000001
5.6000001
5.8000002
5.8
5.60000000001
5.60000000001
5.1999998
11.7000003
18.4000006
21.3
20.1000002
23.4
21.0000002
16.5
17.1000004
17.3000002
14.4000001
7.70000010001
6.9000001
7.99999980001
7.0
5.8000002
5.5
5.60000000001
5.5
5.8999999
5.8999999
5.60000000001
5.70000010001
5.5
6.0
13.4000001
19.0
22.7
19.5999994
19.6999998
18.8999996
16.5
17.5
15.5999999
15.5
11.5999999
3.1
4.5
5.2
5.5
5.70000010001
5.5999999
5.39999999999
5.7
5.29999989999
5.29999989999
5.39999999999
5.8999999
6.2
11.9000001
22.8
28.0
27.1
24.8
25.6
26.4
23.6
21.2
17.0
8.3999998
3.4
5.0
5.6000001
5.8000002
6.0
6.5
5.8000002
6.0
6.0
5.9000001
6.6999998
5.9000001
5.8
4.5
4.70000010001
2.9
2.8
1.19999999
2.20000002
2.29999998
2.89999991
0.800000019997
3.2
4.5
5.0
5.9000001
6.6000001
6.9000001
7.1000001
6.9000001
6.8000002
6.9000001
6.9000001
7.0999999
6.9000001
7.4000001
7.2
7.5999999
7.3
6.0999999
7.49999980001
8.6999998
6.5
5.3
2.9
1.0
2.49999998
3.89999999999
5.1999998
5.5
6.39999999999
6.8000002
6.8000002
6.10000000001
7.0
6.70000010001
7.0
6.8000002
6.8
7.1000001
9.09999990001
12.7999997
22.6
23.4
25.9
24.2
22.3
19.8999996
18.6000004
17.5999994
13.2999997
10.5999999
4.89999999999
4.8000002
5.5
5.5
5.60000000001
5.5
5.5
5.5
5.39999999999
6.1000001
5.70000010001
5.5
8.1999998
11.5
18.4999996
21.6
22.0
21.8
22.6
20.7
18.0
16.8000002
11.8000002
9.5
3.2
3.79999989999
5.0
5.0
5.0999999
5.3
5.2
5.5999999
5.60000000001
5.1999998
5.2
5.0999999
7.79999989999
11.9000001
20.4999998
26.3
26.4
25.9
28.1
25.4
21.1
20.3999996
17.5
9.1000001
5.2
4.70000010001
5.29999989999
5.70000010001
5.5
5.8
5.8000002
5.39999999999
5.8999999
5.7
5.5
5.60000000001
10.3000002
15.5
25.4
26.9
27.1
30.0
29.4
27.2
25.0
22.5
13.7000003
12.7999997
4.4
5.0
5.9000001
6.0
6.0
6.5
6.3
6.0999999
5.8
6.0999999
5.8000002
6.29999989999
8.89999960001
12.2999997
20.2000004
18.8999996
19.9
20.3999998
19.1000004
19.4000002
17.3999996
15.8999996
13.1999998
8.3999999
6.5
6.8000002
7.0
7.0999999
7.0
6.9000001
7.4000001
7.5
7.4000001
7.0
7.2
8.6999998
7.8000002
6.70000010001
8.1999998
7.5
5.3
4.0
1.1
1.00000001
0.500000009997
0.699999999997
2.3
3.2
4.2
6.29999989999
6.6000001
7.3999999
7.39999999999
7.2
7.0
7.0999999
7.2
7.1999998
7.0
7.0
7.6000001
6.70000010001
6.9000001
3.8
1.10000002
4.3
5.9000001
1.40000003
5.20000010001
2.09999998
2.6
3.6
4.3
6.1000001
7.0999999
7.0999999
7.2
6.6000001
7.0
7.2
7.5999999
7.2
7.0
7.5
10.9000001
12.5
23.5
25.4
27.6
27.0
27.5
26.3
23.6
22.0
15.8000002
11.1000004
5.8999999
6.0
6.39999999999
6.29999989999
6.29999989999
6.0999999
6.3999999
6.6999998
6.1999998
6.3999999
6.6000001
6.5
9.0
15.2999997
23.6
24.0
24.3
22.7
22.7
21.9
21.7000004
18.6999998
14.9000006
8.3
4.6000001
5.5
6.1999998
6.1999998
6.1999998
6.09999990001
6.3
6.1999998
6.1999998
6.29999989999
6.1999998
6.79999989999
10.5999999
13.9000006
23.2
23.9
24.7
25.5
24.0
21.6999996
21.6
16.0000005
13.5999999
10.7000003
9.0
9.0
6.19999980001
6.5
6.7
6.2999999
6.7
6.39999999999
6.2999999
6.39999990001
6.2999999
6.5
10.3000002
13.6999998
19.1999998
21.6
20.9
20.5999996
22.9
18.3000002
17.0
14.7000003
10.0
7.60000009999
4.5
5.5
6.39999999999
6.2999999
6.5
6.39999999999
6.19999980001
6.19999980001
6.39999990001
6.2999999
6.5
6.7999999
10.3000002
12.5
20.5999996
22.0
20.6
21.1
20.6
19.1999998
16.6999998
15.9000001
11.1999998
9.0
6.39999990001
6.2999999
6.7000001
6.60000000001
6.60000009999
6.5
6.60000000001
6.2999999
6.39999999999
6.60000009999
6.5
6.39999990001
6.90000009999
5.7000001
3.89999990001
1.69999999
1.30000001
1.39999998
1.10000000001
1.60000002
1.29999999001
1.20000002001
2.2
3.9999999
4.7
5.80000019999
6.40000009999
6.39999990001
6.5
6.60000000001
6.60000009999
6.39999999999
6.39999990001
6.39999999999
6.7000001
6.5
6.8
6.80000019999
6.5
5.2999999
4.89999990001
2.89999999999
3.80000009999
3.40000000001
1.70000002001
3.2
4.2
5.0
5.2000001
5.60000009999
6.3
6.2999999
6.7999999
5.8
6.5
6.2999999
6.2999999
6.39999999999
6.5
6.5
10.3000002
13.7000003
27.5
28.5
27.9
27.9
27.4
29.0
25.5
24.0
15.8999996
11.2000003
5.40000009999
5.09999990001
5.39999999999
5.5
5.19999980001
5.39999999999
5.69999980001
5.5
5.2
5.19999980001
5.2999999
5.40000009999
8.89999959999
12.2999997
26.6
29.0
28.1
28.0
28.0
24.6
27.1
24.6
17.0
10.0999999
4.90000009999
4.90000009999
5.80000019999
5.7000001
5.19999980001
5.7999999
5.39999999999
5.39999999999
5.5
5.2999999
5.39999999999
5.60000009999
10.4000001
13.5
23.9
24.2
23.6
25.2
23.1
22.8
24.7
22.2
16.3999996
10.6000004
6.10000009999
5.80000019999
6.09999990001
6.60000009999
6.19999980001
6.39999990001
6.19999980001
6.39999999999
6.5
6.60000009999
6.09999990001
6.60000000001
11.2000003
14.6000004
25.0
26.3
26.2
27.1
27.1
22.8999996
19.0
17.3000002
15.6999998
12.2000003
6.2000001
5.7
6.60000009999
6.7000001
6.7000001
6.59999990001
6.7000001
6.7000001
6.7000001
6.7000001
6.8
8.40000010001
12.1999998
14.8000002
21.5
22.7
24.2
20.7999998
16.8999996
17.5
17.5
13.9000001
10.8000002
7.2999999
4.60000009999
5.5
6.09999990001
6.2999999
6.2
6.7
6.19999980001
6.0
6.19999980001
6.2999999
6.59999990001
6.09999990001
6.40000009999
5.10000000001
3.9999999
2.7
1.3
0.300000000003
0.200000000012
0.300000000003
1.0
1.30000001
3.3
3.39999999999
4.7
5.39999999999
6.09999990001
6.0
6.09999990001
6.19999980001
6.0
6.0
6.19999980001
6.09999990001
6.0
6.09999990001
6.7
5.60000009999
5.39999999999
4.5
1.0
0.600000000006
3.565
0.200000000012
0.200000000012
0.300000000003
1.19999999
2.60000000001
3.5
5.0
6.0
6.09999990001
6.09999990001
6.19999980001
6.09999990001
6.2
6.19999980001
6.09999990001
6.0
6.2999999
11.5999999
13.1999998
23.5
28.3
28.2
27.8
23.4
23.8
20.6999996
20.5999998
13.1999998
7.2999999
3.89999999999
5.40000009999
6.3
6.2999999
6.19999980001
6.2
6.2999999
6.3
6.09999990001
6.5
6.19999980001
6.2999999
6.90000009999
9.1999998
11.1999998
10.8000002
8.40000009999
8.09999989999
6.0
6.7000001
6.0
7.3
4.30000009999
4.2
4.5
5.8
5.90000009999
6.09999990001
6.2
6.89999990001
6.09999990001
6.2
6.39999999999
6.2999999
6.2999999
6.19999980001
6.90000009999
9.09999990001
11.0999999
11.0999999
9.59999989999
8.60000040001
9.0
5.60000000001
4.8
4.89999990001
3.7
4.3
4.89999990001
6.8
7.09999990001
7.19999980001
7.2
7.5
7.19999980001
7.19999980001
7.39999990001
7.2999999
7.19999980001
7.2999999
7.7000001
7.60000009999
10.4000001
10.8000002
10.0
11.0999999
9.40000010001
12.2000003
13.0999999
10.0
6.5
6.3
6.10000000001
7.5
7.60000009999
7.5
7.60000009999
7.2000001
7.7000001
7.60000000001
7.7000001
7.7000001
7.60000000001
7.7000001
8.39999959999
9.8000002
12.7000003
13.8000002
13.3999996
14.1999998
13.4000001
10.8000002
11.8000002
9.3000002
7.0
6.90000009999
6.5
6.19999980001
7.0
6.60000000001
6.60000009999
6.5
6.80000019999
6.7000001
6.7000001
6.7000001
6.7000001
6.90000009999
7.10000009999
5.69999980001
3.90000000001
1.19999999
0.700000020006
1.39999998
2.5
2.19999998
0.500000009997
0.60000002
2.30000001
2.89999999999
4.5
6.0
6.5
7.0
6.7000001
6.60000000001
6.7000001
6.5
6.60000000001
6.80000019999
6.60000000001
6.60000000001
7.60000000001
7.5
7.2
6.09999990001
6.0
6.2999999
5.90000009999
6.2999999
5.2000001
3.3
5.10000009999
6.2999999
5.40000009999
6.0
6.7000001
6.60000000001
6.90000009999
7.4999998
6.8
6.7000001
6.80000019999
6.80000019999
6.7000001
7.0
7.5
9.90000010001
12.5999999
14.6000004
14.4000001
12.2000003
12.3000002
10.4000001
9.90000009999
10.1999998
8.6999998
8.40000010001
7.2999999
8.0
8.39999959999
8.0
8.0
7.2
8.09999990001
8.09999990001
8.09999990001
8.09999990001
8.19999980001
8.09999990001
8.80000019999
12.5
13.4000001
9.60000040001
9.59999989999
11.3000002
10.7999997
6.89999990001
6.5
4.3
5.2
3.89999990001
4.2
5.40000009999
6.2
6.0
6.5
6.3
6.5
7.09999990001
6.19999980001
6.39999999999
6.3
6.19999980001
6.8
6.69999980001
8.5
9.0
9.0
10.3999996
8.09999989999
6.7000001
7.8000002
3.7
3.9999999
3.8
4.4999999
5.8
6.39999999999
6.60000000001
6.60000000001
6.2000001
6.60000009999
6.7000001
6.39999999999
7.0
6.60000000001
6.60000000001
7.3
8.09999990001
7.89999979999
7.6999998
7.5
7.40000010001
6.59999990001
7.09999990001
4.89999999999
6.39999999999
4.59999990001
4.2999999
3.60000000001
5.10000000001
6.0
5.80000019999
6.0
7.2999997
6.0
5.80000019999
6.09999990001
6.0
5.90000009999
6.09999990001
6.39999990001
5.8
9.3000002
8.90000009999
7.90000009999
7.0
6.0
5.2
6.0
3.7
4.09999990001
4.90000009999
6.0
7.2
7.90000009999
7.80000019999
8.0
7.8
8.09999989999
7.80000019999
7.90000009999
7.90000009999
8.0
8.40000009999
8.90000009999
7.60000009999
7.09999990001
5.7999999
5.60000009999
5.39999990001
4.09999990001
4.8
4.59999990001
2.5
3.60000000001
5.2
5.2000001
7.30000019999
7.7000001
7.60000000001
7.5
7.8
7.60000009999
7.5
7.60000000001
7.60000000001
8.39999990001
7.60000009999
8.09999990001
7.59999990001
6.2000001
5.19999980001
3.0
2.89999999999
2.10000000001
3.09999999999
0.699999999997
1.30000001
4.09999990001
4.90000009999
6.5
7.2999999
8.0
7.7000001
7.60000000001
7.5
8.3000002
7.7000001
7.7000001
7.80000019999
7.7000001
7.90000009999
8.19999980001
7.90000009999
9.40000010001
9.5
9.09999990001
8.6999998
8.5
7.59999989999
8.59999990001
6.80000019999
6.7
7.2
6.10000009999
7.0
7.39999999999
7.89999990001
7.60000000001
6.80000019999
7.5
7.80000019999
7.60000000001
7.5
8.0
7.60000009999
8.59999989999
9.1999998
11.2000003
9.8000002
10.4000001
10.5
9.2999997
8.0
8.90000010001
6.69999980001
5.0
4.90000009999
4.8
5.3
6.19999980001
5.89999990001
5.8
5.7000001
6.0
5.7000001
5.80000019999
5.60000000001
6.10000009999
6.09999990001
6.39999999999
6.7000001
8.60000040001
8.5
7.4999998
9.30000019999
7.09999990001
8.09999989999
8.4999998
6.89999990001
7.39999990001
5.8
5.7000001
5.7
5.7000001
6.09999990001
5.7000001
5.90000009999
6.09999990001
5.80000019999
6.3
5.90000009999
5.80000019999
5.90000009999
6.5
7.7
9.7999997
7.7999997
8.1999998
7.40000009999
5.0
4.7000001
3.59999999999
2.60000000001
2.10000000001
4.30000009999
4.2999999
4.7999999
5.60000009999
5.7000001
5.7000001
5.5
6.10000009999
5.7000001
5.90000009999
5.89999990001
6.19999980001
6.10000009999
6.5
5.2000001
4.09999999999
3.09999999999
2.20000000001
1.5
0.60000002
0.300000000003
4.09999990001
2.50000001
4.39999990001
3.89999999999
3.09999999999
4.60000009999
4.90000009999
4.60000000001
5.2000001
4.60000000001
4.60000000001
4.60000000001
5.10000009999
4.60000000001
4.60000000001
4.89999990001
5.2
4.09999999999
2.29999997999
0.500000010012
2.79
2.57
2.1275
2.0
2.1275
2.0725
0.400000010006
1.99999999
2.79999999999
3.7999999
4.5
4.60000000001
5.10000009999
4.60000009999
5.2
4.5
4.60000000001
5.0
4.7000001
4.8
5.19999980001
5.10000009999
4.2999999
3.2
1.70000000999
1.89999999999
1.79999996
1.60000000001
2.7
2.40000002
3.5
4.7000001
4.19999980001
4.7999999
4.80000019999
4.5
4.7000001
5.10000009999
4.89999990001
5.2000001
4.8
4.90000009999
4.90000009999
4.80000019999
5.2999999
5.90000009999
7.7000001
8.09999990001
9.10000040001
8.6999998
7.5000002
6.0
4.0
3.2999999
2.60000000001
2.40000000001
3.90000009999
5.0
5.5
5.60000009999
5.89999990001
5.5
5.60000000001
6.39999990001
5.5
5.89999990001
5.89999990001
5.7999999
6.69999980001
7.3
7.5
7.2000001
7.09999990001
6.90000009999
6.3
5.39999990001
2.89999999999
3.0
3.0
3.20000000001
4.4999999
4.7999999
5.39999990001
5.7
5.90000009999
5.89999990001
5.60000000001
6.2000001
5.7000001
5.90000009999
5.60000000001
5.5
6.5
6.8
6.2999999
5.89999990001
4.5
3.7
3.3
2.8
2.8
3.10000000001
2.8
4.0
4.59999990001
5.90000009999
6.3
6.0
6.09999990001
5.8
6.09999990001
6.09999990001
6.3
6.59999990001
6.09999990001
6.0
6.60000009999
6.5
7.0
8.7999997
8.59999990001
8.90000009999
9.1999998
8.59999989999
7.9999998
7.10000000001
6.30000019999
6.09999990001
5.89999990001
5.60000000001
5.5
6.2000001
5.5
5.2000001
5.5
5.60000009999
5.60000000001
6.30000019999
5.8
5.60000000001
6.60000009999
8.0
9.3000002
9.1999998
8.60000040001
9.90000009999
8.7000003
9.2999997
8.60000040001
6.89999990001
5.2999999
4.2
4.19999980001
4.2999999
5.0
5.0
5.0
4.80000019999
4.8
5.2000001
5.0
4.80000019999
4.8
5.3
5.7000001
4.5
2.29999997999
0.300000000003
1.99999999
1.89999999
1.79999999001
1.90000001001
3.5
4.0
4.2999999
4.0
4.60000000001
4.89999990001
5.0
5.09999990001
5.0
5.0
5.60000009999
5.19999980001
4.90000009999
5.09999990001
4.90000009999
5.19999980001
5.8
5.39999999999
4.8
2.5
1.5
1.5
1.5
1.0
2.00000001
1.70000002001
3.10000000001
4.59999990001
3.8
4.80000019999
5.0
4.90000009999
4.90000009999
4.90000009999
5.7999999
4.90000009999
5.0
5.0
5.2
5.09999990001
5.5
5.7
6.09999990001
6.60000009999
5.2000001
4.3
2.8
2.2
3.7
4.09999990001
4.60000009999
3.5
4.0
4.60000000001
4.90000009999
4.80000019999
5.0
5.09999990001
4.8
5.09999990001
5.2999999
5.0
4.80000019999
4.90000009999
5.7000001
6.0
5.60000009999
4.39999990001
3.8
3.5
2.79999999999
1.60000002
1.79999999001
2.3
1.90000001001
2.10000001
3.69999990001
4.7000001
5.19999980001
5.3
5.2
5.0
5.09999990001
5.0
5.40000009999
5.09999990001
5.0
5.19999980001
5.60000009999
6.39999999999
8.7999997
8.7000003
8.59999990001
8.0
8.5
8.8000002
8.80000019999
8.90000010001
5.90000009999
4.7
3.9999999
4.7000001
4.60000000001
5.0
4.60000000001
4.7000001
4.60000000001
4.39999999999
4.89999990001
5.2000001
4.8
4.5
5.8
6.2000001
6.8
7.0
8.5
7.60000000001
7.30000019999
4.80000019999
6.39999990001
5.7000001
4.7999999
5.0
4.09999990001
4.3
5.2000001
5.0
4.5
5.0
4.60000000001
4.7000001
4.60000009999
4.7000001
4.7000001
5.2
5.2999999
6.7
8.09999990001
8.1999998
8.59999989999
8.90000009999
6.7000001
3.89999999999
4.8
4.5
3.59999999999
4.89999999999
4.09999990001
4.60000009999
4.8
4.7000001
5.0
4.7000001
4.5
4.8
4.60000000001
5.0
4.60000000001
5.09999990001
5.7000001
4.69999980001
4.5
2.89999999999
2.40000000001
2.49999998001
0.900000010006
1.10000002
1.99999998001
1.20000002001
4.3
5.0
5.09999990001
4.60000009999
4.60000009999
4.8
4.60000000001
4.60000000001
4.60000000001
4.8
4.5
5.09999990001
4.5
4.7000001
5.5
5.2999999
5.5
4.39999999999
3.5
3.59999999999
3.3
3.2
1.59999997
1.69999999
1.29999999001
1.99999998001
3.2
4.2999999
4.7000001
4.89999990001
4.5
5.0
5.10000009999
4.5
4.89999990001
5.39999990001
4.60000000001
4.60000009999
5.5
6.69999980001
8.09999990001
8.0
8.90000010001
8.7000003
8.09999989999
7.09999990001
7.8
6.59999990001
3.90000000001
4.19999980001
3.10000000001
3.89999999999
4.80000019999
4.5
4.5
5.7999999
4.5
4.7000001
4.5
4.60000000001
4.60000000001
4.60000009999
5.59999990001
6.89999999999
10.8000002
10.6000004
11.1999998
10.3000002
9.2000003
9.90000010001
10.9000001
8.8000002
6.0
5.40000009999
5.69999980001
6.60000009999
6.5
6.19999980001
6.2999999
6.3
6.39999999999
6.39999999999
6.39999999999
6.60000009999
6.39999999999
6.2999999
7.2999999
9.10000040001
10.5
7.59999990001
8.39999990001
8.59999989999
5.7
4.90000009999
5.0
4.5
4.2999999
3.2
4.7000001
5.2
5.5
5.5
5.2999999
5.2999999
5.39999999999
5.39999990001
5.60000000001
5.39999990001
5.39999999999
5.7000001
6.3
8.0
9.60000040001
10.8000002
9.59999990001
9.09999989999
6.0
5.5
4.7999999
3.89999990001
3.3
3.39999999999
4.09999999999
5.09999990001
5.60000000001
5.5
5.2999999
5.5
5.59999990001
5.39999999999
5.19999980001
5.7000001
5.5
5.60000009999
6.59999990001
9.5
9.7000003
8.90000009999
8.0
7.19999980001
7.39999979999
6.5
7.2
3.7
1.90000001001
3.5
4.7999999
5.39999999999
5.89999990001
5.7000001
5.80000019999
6.2000001
5.5
5.8
5.60000009999
5.89999990001
5.7000001
5.60000000001
6.8
6.0
5.5
3.3
2.59999998
2.10000000001
2.39999998
0.80000001
1.0
3.09999999999
4.0
5.09999990001
5.40000009999
5.90000009999
6.5
6.19999980001
6.2999999
6.0
6.3
6.2
6.10000009999
6.5
6.0
6.2999999
7.0
7.09999990001
6.19999980001
5.40000009999
5.5
5.0
5.2000001
3.0
1.99999999
5.09999990001
6.2000001
5.90000009999
6.10000009999
6.2
6.09999990001
6.5
6.09999990001
6.19999980001
6.5
6.19999980001
6.2999999
6.19999980001
6.2999999
6.39999990001
7.0
7.6999998
8.0
8.39999959999
8.40000009999
8.0
6.89999999999
5.5
5.60000009999
6.0
4.90000009999
5.7000001
5.5
6.30000019999
6.39999990001
6.2
6.19999980001
7.90000009999
6.39999999999
6.39999999999
6.19999980001
6.7999999
6.2999999
6.19999980001
6.90000009999
7.5
20.0999998
17.2000003
17.0999999
20.8
18.0999994
19.4999996
17.1999998
15.6999998
11.5
11.5
8.7999997
9.7000003
9.8000002
9.80000019999
9.7000003
8.60000009999
9.59999989999
9.7000003
9.7000003
9.90000009999
9.80000019999
9.60000040001
10.5
9.59999990001
15.5999999
14.5999999
15.9000001
17.3000002
16.0999999
17.4000006
16.5999999
16.3000002
13.2000003
13.5999999
8.09999990001
7.39999999999
7.5
7.5
7.5
6.89999999999
7.2999999
8.0
7.5
7.39999990001
7.2999999
7.8
14.9000001
16.5999994
26.3
27.0
26.0
26.3
24.2
24.2
23.6
21.6
19.1
13.0
6.39999990001
6.89999990001
6.39999990001
6.19999980001
6.09999990001
6.39999999999
6.2
6.2
6.19999980001
6.7
6.2999999
6.39999990001
12.6999998
15.6000004
24.1
27.9
27.2
26.1
27.9
25.1
20.1
18.5
13.2999997
8.40000009999
6.40000009999
6.7000001
6.60000000001
6.5
6.60000000001
6.39999999999
6.5
6.5
7.0
6.5
6.5
6.60000000001
7.5
6.7
6.2000001
3.5
2.19999998
4.0
2.19999999
2.3
4.60000009999
2.5
3.79999999999
4.90000009999
5.40000009999
6.19999980001
6.39999999999
6.39999990001
6.2999999
6.39999990001
6.89999999999
6.5
6.5
6.5
6.39999999999
6.60000000001
7.2999999
6.5
5.0
2.29999997999
1.10000002
0.300000000003
0.300000000003
0.300000000003
0.200000000012
1.00000003001
2.90000000001
4.60000009999
5.5
6.2999999
6.39999990001
7.2
6.2999999
6.39999999999
6.5
6.2
6.39999999999
6.39999999999
6.2999999
6.60000009999
12.7000003
16.9000006
28.6
28.4
26.1
23.7
24.2
23.6
21.2
19.0
16.3999996
11.9000001
5.7999999
6.5
6.5
6.2999999
6.2
6.19999980001
6.2999999
6.19999980001
6.19999980001
6.5
6.19999980001
6.5
12.5
14.1999998
23.5
29.1
31.5
31.100001
31.299999
26.9
23.2
19.9
16.5999994
10.5
6.0
6.7000001
6.39999999999
6.5
6.3
6.2999999
6.60000000001
6.19999980001
6.19999980001
6.69999980001
6.39999999999
6.39999999999
12.7000003
16.5
24.2
25.4
25.1
25.9
27.3
27.6
25.7
23.4
20.4
13.1000004
6.2999999
6.7
6.60000009999
6.39999999999
6.39999999999
6.60000009999
6.60000009999
6.39999999999
6.2999999
6.80000019999
6.60000000001
6.60000009999
13.2999997
16.8999996
29.1
30.1
29.0
29.2
27.6
25.8
24.4
20.4000002
17.1999998
11.7999997
6.7000001
7.09999990001
6.90000009999
7.09999990001
6.90000009999
6.90000009999
7.0
7.0
6.80000019999
7.09999990001
6.8
7.0
13.2000003
16.0
25.0
24.1
23.1
25.8
25.9
26.1
25.3
25.1
17.1999998
10.8000002
7.19999980001
7.60000000001
7.39999999999
7.09999990001
7.5
7.8000002
7.19999980001
7.19999980001
7.39999990001
7.09999990001
7.09999990001
7.39999990001
8.0
7.89999990001
7.0
4.89999990001
5.90000009999
3.10000000001
2.8
3.29999999999
2.20000000999
3.09999999999
3.59999999999
5.60000009999
6.39999990001
7.0
7.09999990001
7.10000009999
6.90000009999
7.5
7.0
7.0
7.2000001
7.2999999
7.2999999
7.0
8.59999990001
7.7000001
6.5
4.89999999999
5.09999990001
4.90000009999
4.5
1.90000001001
5.7
4.9999999
5.90000009999
7.80000019999
7.0
7.5
7.09999990001
7.0
7.19999980001
6.7999999
7.0
7.39999990001
7.09999990001
7.09999990001
7.39999990001
7.0
13.6999998
18.6
28.9
30.3
30.1
31.8
32.200001
29.3
27.4
24.1
22.6
13.7999997
6.8
6.90000009999
6.80000019999
6.7000001
6.5
6.2999999
6.80000019999
6.5
6.39999990001
6.5
6.5
6.7
13.1999998
17.0
27.9
30.2
29.4
28.3
27.8
25.5
24.1
23.6
20.2000002
15.1999998
6.7999999
6.80000019999
6.5
6.7000001
6.2999999
6.39999990001
6.60000000001
6.39999999999
6.39999999999
6.5
6.5
6.7000001
13.5
16.0999994
23.4
23.6
27.5
30.8
28.5
30.3
26.4
24.6
23.2
13.9000001
7.10000009999
6.7000001
6.60000000001
6.60000000001
6.5
6.2
6.60000000001
6.5
6.39999990001
6.5
6.39999999999
6.7
12.7999997
14.8000002
27.6
29.6
28.9
28.2
27.5
26.0
23.5
22.1
18.6999998
12.2000003
7.2000001
6.7000001
6.2999999
6.5
6.5
6.2999999
6.19999980001
6.39999999999
6.19999980001
6.2999999
6.60000000001
6.7000001
14.5
17.1000004
28.5
23.7
21.8999998
25.3
25.0
24.7
26.0
21.9999996
14.9000001
12.7000003
6.2999999
6.5
6.19999980001
6.19999980001
6.2
6.2
6.19999980001
6.09999990001
6.09999990001
6.2999999
6.09999990001
6.19999980001
7.0
7.3
8.09999989999
8.89999959999
8.59999990001
6.89999990001
5.8
5.7
6.0
2.90000000001
4.7000001
5.7
6.09999990001
6.60000009999
6.5
6.60000000001
6.39999999999
6.5
6.5
6.60000000001
6.39999990001
6.5
6.60000000001
6.60000009999
7.7999999
7.19999980001
7.0
5.2999999
2.20000000001
0.60000002
3.69999990001
4.09999990001
4.60000009999
5.10000009999
6.2000001
6.60000009999
6.2999999
6.7000001
6.5
6.5
6.5
6.39999990001
6.5
6.60000009999
6.39999999999
6.7999999
7.0
6.60000009999
12.9000001
17.2000003
29.1
31.1
32.000001
33.199999
30.2
27.2
22.2
20.5999998
18.8999996
13.8999996
6.5
6.5
6.39999999999
6.5
6.09999990001
6.2999999
6.09999990001
6.2999999
6.19999980001
6.2
6.5
6.19999980001
13.9000001
16.6000004
27.3
26.0
24.7
27.7
28.8
29.0
25.8
22.8
16.9000001
12.2000003
7.4999998
6.39999999999
6.19999980001
6.19999980001
6.39999999999
6.2999999
6.2999999
6.39999990001
6.19999980001
6.19999980001
6.2999999
6.39999999999
14.0
16.1000004
25.3
29.3
28.4
27.9
26.3
28.2
24.1
21.3
20.9
14.8999996
7.69999980001
6.80000019999
7.09999990001
6.60000000001
6.60000000001
6.8
6.7000001
6.7000001
6.60000000001
6.7000001
7.0
7.2
14.5999999
17.5
24.9
27.5
29.1
27.4
21.9999996
17.6999998
19.9000002
20.4999996
16.6999998
11.6999998
7.0
7.19999980001
6.7000001
6.7000001
6.80000019999
6.39999990001
6.7000001
6.60000000001
6.7000001
6.7000001
6.7000001
6.80000019999
14.0999999
16.5
25.0
26.2
22.8
23.0
24.7
24.6
21.2
20.0000004
14.9000001
12.0999999
6.60000009999
6.5
6.39999990001
6.5
6.09999990001
6.39999999999
6.2999999
6.2999999
6.2
6.39999999999
6.2
6.2
7.09999990001
6.7
5.5
2.60000000001
1.40000003
0.600000010003
0.600000000006
0.300000000003
0.60000002
1.5
3.7999999
5.5
6.09999990001
6.2
6.2999999
6.39999990001
6.0
6.09999990001
6.5
6.19999980001
6.2
6.19999980001
6.39999999999
6.19999980001
7.0
7.09999990001
5.8
2.7
1.30000001
0.500000009997
0.300000000003
0.200000000012
0.699999999997
1.70000002001
3.7
5.40000009999
6.2999999
6.2999999
6.19999980001
6.2
6.2999999
6.2999999
6.19999980001
6.40000009999
6.09999990001
6.19999980001
6.39999990001
6.7999999
13.8999996
19.2
28.1
26.8
25.8
26.4
27.4
24.8
23.6
20.2000002
16.4000001
13.8999996
7.0
6.90000009999
6.90000009999
6.60000000001
6.60000009999
6.60000009999
6.60000009999
6.7000001
6.39999999999
6.60000000001
6.8
6.7999999
13.4000001
17.0999994
28.2
27.7
27.8
28.6
29.0
28.4
22.0
22.7
20.8
11.8000002
7.2
6.90000009999
6.60000000001
6.5
6.60000000001
6.5
6.39999999999
6.5
6.5
6.60000000001
6.60000009999
6.7999999
14.0
17.0
27.8
27.6
27.4
26.1
24.9
22.9
21.9
21.2
18.3999996
15.2000003
10.0999999
7.90000009999
6.7000001
6.5
6.39999999999
6.7
6.2999999
6.8
6.5
6.60000000001
6.60000009999
6.8
14.3999996
17.1999998
29.4
29.9
29.4
27.4
26.5
25.0
22.0
21.6
17.9000001
13.5
8.0
7.39999999999
7.09999990001
7.2999999
6.90000009999
7.10000009999
7.2
7.09999990001
7.09999990001
6.90000009999
7.09999990001
7.2
12.7999997
15.3999996
25.0
25.1
25.3
25.9
25.3
22.3
20.1000004
19.4999996
15.9000001
12.0
6.60000000001
6.7000001
6.39999999999
6.39999990001
6.19999980001
6.2
6.5
6.2
6.19999980001
6.5
6.59999990001
6.39999999999
7.09999990001
7.09999990001
6.7000001
5.2000001
3.8
3.2
3.7999999
4.2000001
2.3
2.79999999999
4.69999980001
6.10000009999
6.19999980001
6.5
6.19999980001
6.40000009999
6.0
6.60000009999
6.5
6.09999990001
6.2
6.19999980001
6.2999999
6.2
6.80000019999
7.2000001
6.39999990001
5.0
3.5
3.8
4.5
4.60000009999
5.40000009999
5.7000001
5.8
6.60000000001
7.0
6.7000001
6.5
6.2999999
6.89999999999
6.89999999999
6.2999999
6.5
6.5
6.5
6.7000001
6.5
13.5999999
16.8000002
30.2
29.8
32.5
31.9
32.5
29.9
30.8
26.0
20.5000002
14.5999999
7.7000001
7.7000001
7.2999999
7.89999979999
7.2999999
6.90000009999
7.2
7.2999999
7.19999980001
7.19999980001
7.2999999
7.2999999
14.4000001
18.0
31.799999
31.899999
30.6
31.2
30.3
30.3
28.5
23.6
20.8
13.1999998
7.2
7.2
7.2000001
6.60000000001
6.5
6.5
6.5
6.5
6.5
6.7
6.60000000001
6.60000000001
13.7999997
17.4000006
29.0
30.6
30.1
29.2
30.2
27.7
26.0
26.4
21.4
13.6999998
6.7999999
7.0
6.5
6.5
6.5
6.89999990001
6.5
6.5
6.5
6.39999990001
6.5
6.2999999
13.5999999
17.7999992
29.3
28.6
29.0
26.3
26.2
28.0
24.0
23.9
22.0
15.5
7.30000019999
7.09999990001
6.60000000001
6.7000001
6.5
6.8
6.60000000001
6.39999990001
6.39999999999
6.7000001
6.5
6.5
7.39999990001
7.39999999999
14.5999999
16.1999998
16.6000004
18.0
17.1999999
12.9000001
15.5
11.9000001
8.5
7.39999990001
7.40000009999
7.2999999
7.09999990001
7.5
7.0
7.0
7.09999990001
7.0
7.0
7.09999990001
7.19999980001
7.0
7.80000019999
8.0
7.7
6.2999999
5.5
4.8
4.3
3.89999999999
5.0
5.60000009999
6.8
7.5
7.09999990001
7.5
6.90000009999
7.2
7.0
7.09999990001
7.2999999
6.7000001
7.2999999
7.0
7.09999990001
7.5
7.80000019999
8.09999989999
7.60000009999
6.40000009999
5.60000009999
5.0
4.40000009999
4.60000009999
4.39999999999
5.09999990001
6.5
7.3
7.5
7.09999990001
6.90000009999
7.09999990001
7.40000009999
6.7000001
7.0
7.10000009999
7.19999980001
7.0
7.19999980001
6.90000009999
14.0999999
17.6000004
30.1
29.4
29.6
28.4
29.6
28.7
25.2
27.4
21.4000002
15.3999996
7.19999980001
7.09999990001
6.5
7.0
6.5
7.0
6.5
6.2999999
6.5
6.5
6.7000001
6.5
14.5
17.3000002
29.1
30.5
29.9
30.2
31.6
28.8
28.0
28.4
21.5999996
12.4000001
10.3000002
8.6999998
7.60000000001
7.60000000001
7.60000000001
7.2
8.0
7.60000009999
7.5
7.7
9.60000040001
9.39999959999
15.7000003
19.2999998
30.2
28.6
28.8
29.0
30.5
29.2
28.3
26.2
23.0
15.5
8.3000002
7.19999980001
7.09999990001
7.09999990001
6.7000001
6.80000019999
6.80000019999
7.3
6.80000019999
6.80000019999
8.39999990001
8.60000040001
15.8000002
19.7999996
29.7
28.6
32.299999
30.2
31.299999
30.4
29.8
26.4
21.5
15.1000004
8.2000001
7.2999999
6.90000009999
7.0
7.0
6.60000000001
6.80000019999
6.90000009999
7.30000019999
6.90000009999
8.10000020001
8.60000040001
15.5
19.6999998
32.2
32.700001
32.8
31.1
29.2
31.4
29.8
29.5
19.3999996
15.0
7.2000001
7.09999990001
6.60000000001
6.5
6.60000009999
6.60000000001
6.5
6.7
6.39999999999
6.60000009999
6.7000001
6.39999999999
7.5
7.7
6.59999990001
5.7000001
3.39999999999
4.7
5.09999990001
5.09999990001
4.90000009999
5.60000009999
6.80000019999
7.2
6.60000009999
6.8
6.60000000001
6.5
6.39999999999
6.39999999999
6.7
6.39999990001
6.5
6.89999999999
6.80000019999
6.5
7.2999999
7.2999999
7.2999999
6.0
6.2
5.90000009999
4.80000019999
4.7
1.99999998001
4.60000009999
6.7
7.0
6.89999990001
6.60000000001
6.39999999999
6.7000001
6.5
7.10000000001
6.89999999999
6.5
6.5
6.8
8.7000003
8.2999997
14.8000002
19.5000004
32.8
32.2
33.100001
32.7
34.0
32.6
28.4
24.7
19.9000004
14.0
8.89999959999
8.2999997
7.7000001
7.7000001
7.80000019999
7.5
7.7000001
7.60000000001
7.8
7.7000001
9.3000002
10.0
15.6999998
20.5000004
34.0
33.0
32.699999
30.1
31.4
29.6
28.9
25.1
21.9
14.3000002
7.7
7.5
7.19999980001
7.0
7.0
7.2999999
7.0
6.90000009999
7.0
7.19999980001
8.7000003
9.09999990001
16.3000002
20.0
30.799999
34.8
35.799999
35.199999
34.7
32.0
29.1
29.6
22.1999998
15.5
7.89999990001
7.60000009999
7.39999999999
7.2
7.0
6.90000009999
7.19999980001
7.09999990001
7.09999990001
7.0
7.2
9.40000009999
17.6999998
20.0
30.1
31.4
31.2
31.1
34.199999
32.600001
30.6
27.5
20.0999998
14.7000003
7.40000009999
7.19999980001
6.7000001
6.8
6.60000000001
6.10000009999
6.60000000001
6.7000001
6.60000000001
6.5
6.7000001
8.0
9.19999980001
9.2999997
13.9000001
15.0
15.2000003
17.2999992
13.5999999
15.4999995
18.5
14.1000004
7.7999997
7.0
6.2999999
6.19999980001
5.5
5.7000001
5.7000001
5.2
5.5
5.5
5.39999999999
5.5
5.5
5.5
6.2999999
6.2999999
6.2999999
5.39999999999
5.19999980001
4.80000019999
4.5
4.90000009999
4.39999990001
3.7
5.7999999
6.09999990001
5.7000001
5.90000009999
5.2999999
5.09999990001
5.19999980001
5.2
5.3
5.3
5.09999990001
5.19999980001
5.2
5.0
6.2
5.90000009999
5.59999990001
4.09999999999
1.99999999
0.700000020006
1.10000000001
1.10000002
2.09999998
3.5
5.09999990001
5.7000001
5.60000009999
5.39999999999
5.2
5.19999980001
5.2
5.2999999
5.19999980001
5.09999990001
5.09999990001
5.19999980001
5.09999990001
6.10000009999
6.0
6.19999980001
6.80000019999
5.60000009999
5.7000001
5.2000001
5.2999999
5.10000009999
5.09999990001
4.09999999999
5.60000000001
5.8
5.80000019999
5.90000009999
5.2999999
5.39999999999
6.09999990001
5.19999980001
5.09999990001
5.19999980001
5.2999999
5.2
5.39999999999
5.2999999
6.09999990001
6.2
7.09999990001
6.0
6.0
6.90000009999
8.09999989999
9.2999997
9.2999997
8.10000009999
7.5
6.0
5.80000019999
5.5
5.19999980001
5.5
5.39999990001
5.2999999
5.89999990001
5.2999999
5.19999980001
5.09999990001
5.39999990001
5.09999990001
6.0
6.19999980001
7.8000002
7.39999990001
7.2999999
5.2
3.89999990001
5.0
4.7999999
6.90000009999
7.39999990001
7.60000000001
6.80000019999
7.40000009999
6.7000001
6.90000009999
6.7000001
6.5
6.0
6.5
6.39999999999
6.60000000001
6.39999999999
6.39999999999
7.3
7.2999999
8.19999980001
7.80000019999
6.7999999
6.2999999
6.10000009999
6.5
6.09999990001
5.5
6.7000001
7.19999980001
6.19999980001
6.19999980001
5.7000001
5.60000000001
5.80000019999
5.8
5.60000000001
5.60000000001
5.7000001
5.7000001
5.60000000001
5.80000019999
6.39999999999
6.7000001
6.7000001
7.69999980001
6.8
6.39999990001
6.19999980001
6.60000009999
6.2
6.89999990001
7.09999990001
6.90000009999
6.2
6.39999990001
5.60000000001
5.7000001
5.89999990001
5.60000000001
6.10000009999
5.60000000001
5.60000000001
5.80000019999
6.10000009999
5.7000001
6.2999999
6.5
6.2000001
4.10000000001
2.89999999999
3.0
3.7
1.89999999
2.20000000001
3.09999999999
5.5
6.5
6.0
5.90000009999
5.5
5.60000000001
5.5
5.60000000001
5.7000001
5.7000001
5.5
5.7000001
5.7000001
5.7000001
6.39999990001
6.5
6.3
4.5
4.5
3.59999990001
3.2
1.19999999
1.69999999
3.0
5.5
6.2999999
6.30000019999
6.0
5.5
5.60000000001
5.60000000001
5.80000019999
5.7
5.7000001
5.7000001
5.89999990001
5.8
5.8
6.60000000001
12.8000002
17.0
32.000001
32.600001
34.800001
35.300001
34.0
33.5
31.4
30.4
23.0
14.1999998
7.10000009999
6.0
6.0
6.0
5.7000001
5.8
5.5
5.60000000001
5.7000001
5.89999990001
7.5
8.2999997
15.3000002
19.1000002
31.4
35.5
34.5
35.099998
36.800001
35.2
32.5
32.1
23.2
13.6999998
7.59999990001
6.0
6.0
6.2
5.90000009999
6.2
5.90000009999
5.90000009999
5.90000009999
5.90000009999
7.0
7.7
15.2000003
17.6000004
29.6
32.800001
32.300001
33.6
32.800001
31.3
30.0
29.0
23.1
15.5
8.0
6.5
6.2999999
6.2999999
6.5
6.09999990001
6.19999980001
6.7
6.39999990001
6.5
6.80000019999
8.10000009999
16.1000004
19.5999996
30.4
32.0
31.9
34.5
34.799999
34.600001
32.2
29.5
24.3
14.4999995
7.0
6.3
6.2999999
6.09999990001
5.90000009999
3.02206896551
0.0441379310359
0.0441379310359
0.0441379310359
0.0441379310359
0.0441379310214
0.0441379310359
0.0441379310359
0.0441379310359
0.0441379310359
0.0441379310359
0.0441379310359
0.0441379310359
0.0441379310359
0.0441379310359
0.0441379310214
0.0441379310359
0.0441379310359
0.0441379310359
0.0441379310359
0.0441379310359
0.0441379310359
0.0441379310359
0.0441379310359
5.9225
6.045
5.9775
5.715
5.5925
5.3625
5.3125
5.7775
5.6375
5.105
4.09
3.515
3.645
3.5475
3.8575
4.265
4.8775
5.875
6.3225
6.35
6.25
6.265
6.25
6.2775
6.29
6.455
6.3525
6.3
6.345
6.3525
6.38
6.7725
6.84
6.355
5.135
4.09
3.6425
3.18
2.9975
3.4225
4.32
5.29
6.07
5.9725
5.8875
6.1225
6.425
6.635
3.32206896553
3.22206896551
6.5
6.5
6.7
8.19999980001
8.09999990001
15.2000003
18.8999996
32.300001
34.700001
33.399999
35.699999
36.0
33.0
32.3
29.8
23.8
17.3
8.10000020001
6.7000001
6.80000019999
6.80000019999
6.60000000001
6.39999999999
6.5
6.39999999999
6.19999980001
6.60000009999
8.0
7.7000001
13.6000004
19.1999998
31.7
31.0
32.9
34.600001
34.899999
32.700001
30.5
31.0
28.4
19.8999998
11.2000003
7.0
6.7000001
6.60000000001
6.5
6.5
6.5
6.5
6.5
6.8
8.1999998
8.1999998
17.0
19.5999998
31.0
31.6
32.6
31.600001
33.199999
32.3
29.4
28.7
25.8
19.1000004
10.3999999
6.80000019999
6.8
6.90000009999
6.60000000001
6.7999999
6.60000000001
6.7000001
6.60000009999
6.5
7.60000020001
8.19999980001
16.1999998
18.8999996
29.3
30.9
31.1
33.0
32.0
33.0
31.4
31.5
24.1
14.6999998
8.5
7.7000001
7.39999999999
7.39999999999
7.5
6.89999999999
7.39999999999
7.39999990001
7.39999990001
7.39999999999
8.5
9.0
15.5999999
19.2999992
29.5
29.4
29.7
31.0
31.9
31.2
31.999999
28.4
22.9
15.2999997
7.39999990001
6.60000000001
6.5
6.8
6.39999999999
6.60000000001
6.5
6.39999999999
6.60000000001
6.89999999999
6.39999999999
6.7000001
7.2999999
7.59999990001
7.3
6.2999999
6.09999990001
5.90000009999
6.19999980001
6.5
6.19999980001
6.5
7.89999990001
7.60000000001
6.90000009999
6.7000001
6.60000000001
7.10000000001
6.39999999999
6.5
6.7000001
6.60000000001
6.80000019999
6.5
6.60000000001
6.7000001
7.39999990001
7.39999999999
7.5
6.2999999
5.90000009999
5.89999990001
5.60000009999
5.90000009999
6.09999990001
6.39999999999
7.8
7.60000000001
6.8
6.5
6.5
6.60000000001
6.5
6.39999999999
7.0
6.60000000001
6.80000019999
7.09999990001
8.60000040001
8.39999959999
14.5999999
18.6999998
34.299999
34.799999
33.699999
34.4
32.100001
34.0
32.099999
31.5
25.1
15.5
8.2000001
7.0
6.60000000001
6.7000001
6.7000001
6.39999999999
6.5
6.39999990001
6.5
6.8
8.5
8.39999959999
16.0999994
19.2
32.9
33.700001
34.9
35.400002
37.700001
35.299999
32.6
33.299999
23.6
16.1999998
7.5
6.7000001
6.60000000001
6.7000001
6.5
6.39999990001
6.60000000001
6.39999999999
6.2999999
6.8
8.5
8.40000010001
16.0999999
19.2
30.3
29.7
34.100001
34.3
36.0
34.0
31.1
30.8
26.9
15.5999999
7.4999998
6.09999990001
6.89999999999
6.2999999
6.09999990001
6.3
6.39999999999
6.09999990001
6.09999990001
6.60000009999
8.09999990001
8.09999990001
15.5
20.8999996
33.299999
33.299999
32.6
33.9
33.2
32.7
29.6
30.0
24.3
16.3999996
7.90000010001
6.90000009999
7.0
7.0
6.90000009999
6.90000009999
7.40000009999
6.7000001
6.7000001
7.0
8.90000009999
8.80000019999
14.7000003
18.6999998
30.499999
34.2
33.699999
33.900002
32.299999
31.2
30.5
29.5
21.8999996
14.5
7.89999990001
7.2999999
7.2
7.09999990001
7.09999990001
6.89999990001
7.8
7.5
7.10000009999
7.2999999
7.0
6.90000009999
7.60000000001
7.5
6.69999980001
5.0
3.89999999999
3.5
3.89999999999
4.69999980001
6.10000009999
7.59999990001
6.90000009999
7.10000009999
8.10000009999
6.60000009999
6.5
6.5
6.8
5.89999990001
6.5
6.5
6.2999999
6.60000000001
6.39999999999
6.39999999999
7.2
7.19999980001
7.40000009999
4.4999999
3.7
3.39999990001
2.3
4.3
5.89999990001
6.19999980001
7.5
7.60000009999
6.09999990001
5.80000019999
5.7000001
5.89999990001
6.3
5.90000009999
6.09999990001
6.0
6.09999990001
6.10000009999
7.80000019999
8.19999980001
15.4000001
19.1999998
33.700001
33.300001
34.700001
33.100001
32.000001
31.5
29.5
29.8
24.6
16.9000006
8.60000009999
6.5
6.2999999
6.19999980001
6.10000009999
6.19999980001
5.90000009999
6.0
6.0
6.2000001
7.80000019999
8.0
14.9000001
19.6000004
32.999999
31.800001
34.299999
34.399999
34.600001
32.900002
31.6
30.2
22.6
13.8000002
6.5
6.09999990001
6.09999990001
6.0
5.80000019999
6.2999999
6.19999980001
6.0
5.90000009999
6.89999990001
8.2999997
8.40000010001
15.6000004
19.1999996
31.599999
33.2
32.9
31.699999
33.0
33.600001
31.9
29.7
26.4
15.3000002
7.7000003
6.2
6.2
6.0
6.0
6.09999990001
6.09999990001
6.0
6.09999990001
6.2999999
7.80000019999
8.2999997
15.5999999
19.6000004
32.5
33.2
32.6
34.2
33.599998
32.8
30.3
29.1
22.5
14.7000003
7.5
6.39999999999
6.5
6.39999999999
6.39999999999
6.09999990001
6.19999980001
6.2999999
6.09999990001
6.5
8.19999980001
8.39999959999
15.5999999
19.9999996
32.000001
32.699999
32.5
32.0
32.100001
32.099999
30.5
29.6
20.2000002
14.0
8.2000003
6.2999999
6.09999990001
6.39999999999
6.0
6.90000009999
6.09999990001
6.10000000001
6.90000009999
6.7000001
7.09999990001
6.7000001
6.7000001
7.0
6.60000000001
5.90000009999
6.5
6.59999990001
6.2999999
6.7000001
6.60000009999
6.8
7.09999990001
7.09999990001
7.09999990001
6.80000019999
6.7000001
6.89999990001
6.90000009999
6.80000019999
7.5
6.80000019999
6.8
6.90000009999
7.0
6.80000019999
6.90000009999
7.0
6.80000019999
6.8
6.5
6.39999999999
6.60000000001
6.80000019999
7.0
6.90000009999
7.19999980001
7.6999998
7.09999990001
6.7000001
7.0
6.90000009999
6.8
6.90000009999
7.0
6.80000019999
7.0
7.2
9.0
8.90000009999
15.4000001
19.7000004
34.5
33.199999
32.8
34.6
35.5
34.200001
31.900001
29.4
24.8
17.2000003
10.5999999
9.19999980001
8.7000003
7.09999990001
7.19999980001
