2.2
2.1
1.89999998
2.0
2.0
2.9
3.1
3.2
13.3000002
23.9
24.0
16.165
24.2
24.7
22.9999996
17.8000002
19.8000002
17.3999996
9.5999999
3.8000001
2.6
2.60000000001
2.5
2.2
2.2
2.3
2.2
2.2
2.3
2.2
2.2
2.2
11.0999999
21.3
20.4000002
19.3000002
18.2999992
20.4000004
18.9000001
15.6000004
15.6000004
15.6999998
9.59999990001
2.5
2.1
2.2
2.1
2.2
2.3
2.3
2.1
2.3
2.2
2.8
3.2
3.2
12.7000003
19.8999998
17.6000004
18.3000002
18.0999994
19.3000004
18.0999998
12.8000002
12.8000002
14.5
9.4000001
7.5999999
2.89999999999
2.5
2.5
2.5
2.3
2.5
2.5
2.60000000001
2.5
2.60000000001
2.60000000001
2.5
11.6000004
20.1000002
22.5
23.5
22.1
22.3
22.3000002
19.3999996
17.6000004
14.9000001
8.8000002
2.8
2.4
2.5
2.3
2.0
2.0
2.1
2.1
2.0
2.1
2.4
3.2
3.39999999999
12.1000004
21.0
19.7000004
21.3
20.6
20.0000002
16.0
11.0999999
14.1999998
13.1999998
5.4
2.0
2.1
2.0
2.0
2.1
1.89999998
2.0
2.0
1.89999998
1.89999998
2.0
2.0
2.0
2.0
1.89999998
1.79999996
2.0
2.0
1.79999996
1.89999998
1.89999998
2.0
1.79999996
2.0
1.89999998
1.89999998
2.0
1.89999998
2.0
1.99999998
1.89999998
1.89999998
1.89999998
1.89999998
2.0
1.89999998
1.89999998
1.89999998
1.79999996
1.89999998
1.89999998
1.79999996
1.89999998
2.1
1.89999998
1.79999996
1.79999996
1.79999996
1.79999996
1.79999996
1.89999998
1.79999996
1.89999998
1.89999998
1.79999996
1.79999996
1.79999996
2.0
1.89999998
1.79999996
1.79999996
11.5
19.2999998
21.9
22.2
21.8
22.9
18.9000002
15.5999999
16.5
14.6000004
8.0999999
2.8
2.3
2.0
1.89999998
2.2
2.1
2.0
2.1
2.1
2.6
3.4
3.2
3.3
12.4000001
22.3999996
22.4
22.6
17.4375
17.5925
22.2
15.9000001
16.0
14.0999999
7.09999990001
2.2
2.3
2.39999999999
2.39999999999
2.39999999999
2.2
2.39999999999
2.6
2.39999999999
2.39999999999
2.60000000001
2.5
2.60000000001
12.1999998
23.9
21.1
21.2
22.7
22.1
19.1999998
15.2000003
15.5000005
13.0
8.5
7.2
4.3
2.1
2.1
1.89999998
2.2
2.1
2.1
2.0
2.4
3.0
3.1
3.1
14.5
24.1
23.2
23.7
22.6
23.3
23.5
17.5999994
16.9000006
16.0
9.49999980001
3.0
2.39999999999
2.5
2.39999999999
2.3
2.2
2.39999999999
2.39999999999
2.5
2.4
2.4
2.60000000001
2.60000000001
11.5999999
22.4
19.3999996
18.8000002
20.1
21.2
19.1
13.3000002
14.7999997
9.90000009999
2.0
1.99999998
1.89999998
1.89999998
2.0
1.99999998
1.89999998
2.0
2.0
1.79999996
1.89999998
1.99999998
2.0
1.89999998
2.0
1.79999996
1.79999996
1.79999996
1.89999998
1.79999996
1.99999998
1.90000001
1.89999998
1.89999998
1.89999998
1.89999998
1.79999996
1.89999998
1.89999998
1.89999998
2.0
2.0
1.80000001
1.89999998
2.0
1.79999996
1.89999998
1.89999998
2.0
1.79999996
1.79999996
1.89999998
1.79999996
1.79999996
1.79999996
2.0
1.79999996
1.79999996
1.89999998
1.79999996
1.79999996
1.80000001
2.0
1.79999996
2.39999998
1.89999998
1.79999996
1.89999998
3.0
3.0
3.0
3.0
12.4000001
21.5
21.1
20.9
22.8
15.875
22.4000002
16.1000004
16.1000004
15.4000006
8.50000019999
2.8
2.9
2.9
2.9
2.9
2.4
2.9
2.9
2.8
2.9
3.0
2.9
2.9
12.0999999
22.9
22.6
21.9
21.4
23.6
20.4000004
14.5
14.2000003
14.2999997
8.79999989999
3.3
2.2
1.99999998
2.1
2.1
2.1
2.2
2.2
2.1
2.3
3.2
3.3
3.3
11.5
21.5
21.6
21.9
14.7575
13.895
21.8000002
15.5999999
17.0
16.5999999
10.0999999
4.5000001
1.89999998
2.0
2.0
2.0
2.4
2.1
2.0
1.89999998
2.1
2.09999998
2.1
2.2
9.09999990001
20.8000002
19.8999996
18.0
19.5999996
21.2999996
16.5999999
14.4000001
15.4000001
13.4000001
4.8
2.5
2.2
2.3
2.3
2.3
2.2
2.2
2.39999999999
2.2
2.2
2.2
2.7
3.5
13.8999996
20.6
18.9000006
17.8000002
20.5000004
21.4
18.1000004
13.0999999
12.9000001
8.50000019999
2.8
2.2
2.2
2.2
2.1
2.1
1.89999998
2.2
2.1
2.1
2.2
2.1
2.2
2.1
2.2
2.0
2.1
2.1
2.0
2.1
1.89999998
2.0
2.0
2.0
2.2
1.89999998
2.0
2.1
2.0
2.1
2.0
2.1
2.0
2.1
2.1
1.99999998
2.1
1.89999998
2.1
2.0
2.0
2.0
2.0
2.0
2.0
1.99999998
2.1
2.0
2.0
2.1
2.1
2.1
2.1
2.1
1.00824742279
0.016494845564
0.0164948455713
0.016494845564
0.0164948455713
0.016494845564
0.016494845564
0.0164948455713
0.016494845564
0.0164948455713
0.016494845564
0.0164948455713
0.016494845564
0.016494845564
0.0164948455713
0.016494845564
0.0164948455713
0.016494845564
0.016494845564
0.0164948455713
0.016494845564
0.0164948455713
0.016494845564
0.016494845564
1.9075
1.93
1.95
1.92
2.0825
2.2975
2.365
2.355
7.5025
14.9275
17.0925
17.1425
16.335
16.3625
15.9725
12.7425
11.645
11.17
7.5625
3.62
2.3675
2.425
2.2175
2.0775
0.908247402782
0.908247402782
1.69999999
1.60000002
1.69999999
1.69999999
1.69999999
1.69999999
1.60000002
1.60000002
1.69999999
1.60000002
1.60000002
1.69999999
1.60000002
1.60000002
1.60000002
1.60000002
1.5
1.60000002
1.69999999
1.60000002
1.5
1.59999997
1.5
1.60000002
1.5
1.60000002
1.69999999
1.60000002
1.5
1.60000002
1.5
1.60000002
1.5
1.60000002
1.60000002
1.60000002
1.60000002
1.60000002
1.60000002
1.60000002
1.5
1.60000002
1.60000002
1.60000002
1.5
1.69999999
1.69999999
1.60000002
1.60000002
1.60000002
1.5
1.60000002
1.60000002
1.60000002
1.5
1.5
1.59999997
1.39999998
1.60000002
1.5
1.39999998
1.5
1.5
1.5
1.60000002
1.60000002
1.5
1.69999999
1.89999998
1.89999998
1.60000002
1.5
1.5
1.5
1.60000002
1.5
1.39999998
1.60000002
1.60000002
1.39999998
1.40000003
1.5
1.60000002
1.39999998
1.60000002
1.39999998
1.5
1.39999998
1.5
1.39999998
1.39999998
1.5
1.5
1.5
1.99999999
1.5
1.60000002
1.39999998
1.60000002
1.5
1.5
1.5
1.5
1.39999998
1.60000002
1.39999998
1.5
1.5
1.39999998
1.5
1.39999998
1.5
1.5
1.39999998
2.5
2.7
2.5
2.60000000001
2.10000001
2.60000000001
2.60000000001
2.60000000001
2.60000000001
2.60000000001
2.7
2.5
2.60000000001
2.6
2.5
2.60000000001
2.60000000001
2.60000000001
2.60000000001
2.60000000001
1.5
1.5
1.60000002
1.5
1.5
1.5
1.5
1.39999998
1.30000001
1.60000002
1.5
1.5
1.5
1.5
1.5
1.39999998
1.5
1.39999998
1.5
1.39999998
1.39999998
1.5
1.5
1.5
1.39999998
1.5
1.39999998
1.5
1.39999998
1.5
1.39999998
1.5
1.5
1.39999998
1.5
1.5
1.5
1.5
1.5
1.39999998
1.5
1.5
1.5
1.5
1.5
1.39999998
1.5
1.5
1.60000002
1.5
1.5
1.60000002
1.5
1.60000002
1.60000002
1.5
0.69999999
1.5
1.5
1.5
1.60000002
1.59999997
1.39999998
1.60000002
1.60000002
1.39999998
1.5
1.39999998
1.5
1.39999998
1.5
1.39999998
1.5
1.5
1.5
1.60000002
1.69999999
1.5
1.69999999
1.79999996
1.69999999
1.89999998
1.69999999
1.5
1.5
1.5
1.60000002
1.39999998
1.60000002
1.5
1.39999998
1.5
1.39999998
1.5
1.5
1.5
1.5
1.5
1.5
1.5
1.5
1.60000002
1.39999998
1.5
1.5
1.60000002
1.39999998
1.5
1.5
1.60000002
1.60000002
1.39999998
1.60000002
1.5
1.39999998
1.60000002
1.39999998
1.5
1.39999998
1.39999998
1.39999998
1.5
1.39999998
1.5
1.5
1.5
1.5
1.5
1.5
1.39999998
1.60000002
1.39999998
1.5
1.60000002
1.5
1.60000002
1.5
1.5
1.39999998
1.39999998
1.39999998
1.39999998
1.39999998
1.5
1.5
1.39999998
1.5
1.5
1.5
1.39999998
1.39999998
1.5
1.69999999
1.60000002
1.5
1.5
2.6
2.6
2.6
2.6
10.5
15.9000001
15.9000001
17.0
17.0
17.0000005
17.0
15.6000004
14.4000001
13.3000002
7.3000001
2.1
1.89999998
1.89999998
2.0
1.89999998
2.0
2.0
2.0
1.99999998
2.1
2.2
2.3
2.3
12.2000003
23.1999996
24.5
23.7
23.0
24.5
20.7
15.9000001
14.0
14.1999998
9.3000002
2.9
2.4
2.3
2.0
2.1
2.2
2.0
2.0
2.0
3.2
2.9
2.9
3.1
14.1000004
22.5
24.6
22.5
24.2
15.465
22.4000004
17.0999994
17.6999998
16.4999995
10.5999999
7.9999998
2.4
2.4
2.3
2.4
2.3
2.5
2.4
2.4
2.3
2.5
2.7
2.4
12.4000001
24.7
24.0
24.4
21.5
22.5
20.1999998
14.5999999
14.0999999
13.8000002
10.3000002
5.4
2.1
2.1
2.2
2.2
2.0
2.1
2.2
2.3
2.6
3.2
3.8
3.9
12.8999996
23.4
22.9
23.3
21.3
23.8
20.3000004
17.0
16.4000006
16.4000006
8.2000003
2.7
2.6
2.7
2.2
2.2
1.99999998
2.3
2.5
2.6
2.5
2.7
2.8
2.7
2.8
2.0
2.0
2.0
2.0
2.0
1.89999998
2.0
1.89999998
1.89999998
1.99999998
1.79999996
1.99999998
1.99999998
2.0
1.99999998
2.0
2.0
2.1
2.0
2.0
2.1
2.0
1.89999998
2.0
2.0
1.79999996
2.0
1.89999998
1.89999998
1.89999998
1.79999996
1.89999998
2.0
1.79999996
1.89999998
2.0
2.0
2.1
2.1
1.99999998
2.1
2.2
2.0
2.4
2.5
2.2
2.09999998
11.9000001
12.885
23.3
21.7
22.6
24.1
21.7000002
17.8000002
18.3999996
17.3000002
10.0
2.3
2.0
1.89999998
1.89999998
2.0
1.99999998
1.79999996
2.0
1.79999996
1.89999998
2.6
3.2
2.9
14.1999998
23.9
23.9
24.5
22.4
18.8025
19.5000004
15.5
15.0
14.1000004
8.9999998
2.9
2.5
2.2
2.2
2.2
2.2
2.2
2.2
2.2
2.2
2.3
2.3
2.3
11.3000002
22.1
23.8
21.6
21.9
23.7
22.8
15.5
15.7999997
15.0
11.4000001
10.4000001
5.0
2.2
2.1
2.2
2.2
2.2
2.4
2.2
2.2
2.4
3.2
3.2
14.3000002
14.9025
23.3
17.345
22.7
17.8075
22.9000002
15.6000004
15.0999999
14.0999999
10.0
4.7
2.4
2.3
2.2
2.1
2.2
2.2
2.2
2.3
2.2
2.1
2.3
2.2
11.0999999
21.2000004
20.8
21.5
19.5000002
22.4
17.3999996
15.5999999
15.4000001
15.6000004
10.5
3.0999999
2.0
1.89999998
2.1
1.99999998
1.89999998
2.1
2.0
2.1
1.89999998
2.0
1.89999998
1.99999998
1.89999998
1.89999998
1.89999998
2.0
1.79999996
1.89999998
2.0
1.89999998
1.89999998
1.79999996
1.89999998
1.89999998
2.0
1.89999998
2.0
1.89999998
1.89999998
1.79999996
1.89999998
2.0
1.89999998
1.89999998
1.89999998
1.79999996
1.89999998
1.79999996
1.69999999
1.79999996
1.79999996
1.79999996
1.79999996
1.79999996
1.79999996
1.79999996
1.79999996
1.79999996
1.89999998
1.69999999
1.79999996
1.79999996
2.0
1.79999996
1.89999998
1.79999996
3.0
3.1
3.2
3.0
12.9000001
24.0
23.2
22.0
20.8
22.5
17.5999999
13.2000003
14.1000004
13.4000001
8.6999998
2.2
2.0
1.89999998
2.0
1.89999998
1.89999998
2.0
2.0
1.89999998
2.0
2.2
2.1
2.2
14.3000002
24.3
24.1
20.4
21.3
20.0675
22.0000001
16.5
19.1000004
17.6000004
9.5999999
2.7
2.0
1.89999998
1.89999998
1.89999998
2.3
1.89999998
1.89999998
1.69999999
2.9
3.0
2.9
2.9
13.7999997
16.15
24.3
23.4
21.7
24.7
18.6999998
15.9000006
15.0999999
14.5
10.9000001
9.5
4.8000001
2.6
2.5
2.5
2.3
2.4
2.5
2.5
2.5
2.7
2.7
2.7
13.8999996
16.7825
19.235
24.0
19.3
19.43
19.4999998
15.1999998
14.7000003
12.6999998
7.7000003
2.2
2.1
2.1
2.1
2.1
2.1
2.0
2.1
2.1
2.9
3.2
3.3
3.3
12.9000001
24.7
22.1
20.1
22.0
23.0
16.2000003
14.5
13.5
12.5999999
9.3999998
2.6
2.1
2.1
2.2
2.2
2.0
2.1
2.1
2.2
2.2
2.1
2.1
2.2
2.1
2.1
2.0
2.1
2.0
2.0
2.0
2.1
2.0
2.1
2.1
2.1
2.0
2.0
2.1
2.1
2.0
2.1
2.2
2.0
2.0
2.1
2.1
2.0
2.1
1.89999998
2.0
2.0
1.89999998
1.89999998
2.1
1.89999998
2.0
1.89999998
2.0
2.0
1.89999998
1.89999998
2.0
1.89999998
2.1
1.89999998
2.1
2.0
2.1
2.1
2.2
2.1
12.0999999
23.2
24.5
21.2
23.2
22.3
19.5
15.1000004
14.9000001
15.0999999
10.0999999
2.9
1.89999998
1.99999998
1.89999998
1.89999998
2.3
1.89999998
1.89999998
1.89999998
2.6
3.1
3.0
3.0
13.8000002
16.3975
23.8
22.2
20.2999996
22.9
18.8000001
14.5
15.3000002
15.1999998
7.8000002
2.5
2.4
2.4
2.3
2.4
2.3
2.5
2.5
2.5
2.4
2.4
2.6
2.5
12.4000001
21.0
23.1
21.6
20.6999998
23.1
19.0000001
14.5999999
14.5
15.2000003
13.8000002
11.6000004
5.3999998
2.4
2.4
2.3
2.4
2.3
2.1
2.4
2.4
3.1
3.3
3.2
13.4000001
16.7625
23.0
22.7
21.6
21.1999996
21.2999998
17.5999994
14.8999996
15.0000005
8.3000002
3.2
2.5
2.1
2.3
2.5
2.1
2.4
2.1
2.6
2.3
2.5
2.3
2.2
14.1999998
22.4
21.8
19.9999996
20.1000002
22.9
17.2999999
13.7000003
14.0
12.9000001
4.3
1.89999998
2.0
1.79999996
1.99999998
2.0
2.0
2.1
1.89999998
2.0
1.89999998
1.89999998
2.0
1.89999998
2.0
1.89999998
1.89999998
1.89999998
1.89999998
1.89999998
2.0
1.89999998
1.89999998
1.89999998
1.89999998
1.89999998
1.89999998
1.89999998
2.0
1.89999998
2.1
2.0
2.1
1.89999998
2.0
1.89999998
2.0
1.89999998
1.89999998
1.89999998
1.79999996
1.89999998
1.79999996
1.79999996
1.89999998
2.0
1.79999996
2.0
2.0
1.79999996
1.89999998
1.89999998
2.0
1.89999998
2.39999998
2.0
1.89999998
1.89999998
3.0
3.0
2.9
3.0
13.5
23.1999998
20.6525
22.9
20.03
19.2725
20.1999998
16.6999998
16.8999996
16.1999998
14.1999998
13.3000002
12.1999998
11.8999996
10.6999998
11.4000001
2.1
2.4
2.4
2.4
2.6
2.6
2.8
2.6
13.8000002
24.5
20.4225
24.1
19.75
19.785
19.1999999
13.8999996
14.9000006
15.9999995
11.7000003
7.2
7.1999998
14.0999999
6.5
3.2999999
2.2
2.0
2.0
2.0
3.1
3.0
3.0
3.1
13.0
22.0
22.6
20.9000002
24.3
18.685
20.3000002
14.8999996
15.0
14.7000003
11.5999999
9.0
5.2
2.6
2.5
2.7
2.2
2.6
2.2
2.2
2.1
2.1
2.1
2.1
13.8000002
24.5
19.3675
18.5925
18.5575
24.6
22.2000002
18.3000002
17.0999994
15.1999998
6.7000002
1.89999998
1.89999998
2.0
1.89999998
1.99999998
2.1
2.0
2.0
1.89999998
2.2
3.0
3.0
2.9
11.7000003
21.0999996
24.3
22.6
21.6
23.9
17.1999998
12.7999997
12.3000002
11.2000003
4.9
2.2
2.2
2.0
2.2
2.2
2.0
2.2
2.2
2.1
2.1
2.1
2.1
2.0
2.0
2.1
2.0
2.1
2.0
2.1
2.0
2.0
2.1
2.0
2.0
2.0
2.2
2.1
2.0
2.1
2.1
2.1
2.1
2.1
2.1
2.1
2.0
2.1
2.1
2.0
2.0
2.0
1.99999998
2.0
2.0
2.0
2.1
2.0
2.0
1.89999998
2.1
1.99999998
2.0
2.1
2.1
2.0
2.0
2.0
2.2
2.2
2.1
2.2
12.0999999
22.4000002
24.3
23.0
23.0
22.5
17.6999999
13.0999999
12.8000002
12.9000001
11.7000003
7.5
2.7
2.1
2.0
1.99999998
2.2
2.0
2.0
2.0
3.2
3.1
3.0
3.1
13.8999996
21.5
19.75
20.2675
23.3
24.6
19.6000002
13.4000001
14.2999997
14.5
13.9000001
4.3
2.7
2.7
2.3
2.3
2.3
2.3
2.2
2.3
2.4
2.4
2.5
2.3
14.8999996
15.64
18.1125
19.1825
19.7025
19.055
22.0000004
17.3000002
17.1000004
17.8999996
16.6000004
14.1999998
5.7000002
2.5
2.5
2.4
2.4
2.4
2.3
2.5
2.4
3.2
3.5
3.6
15.0999999
24.1
19.2075
18.67
24.3
24.7
21.1999996
13.5999999
13.4000001
12.8000002
9.3999996
4.3999999
2.4
2.4
2.4
2.5
2.09999998
2.5
2.5
2.3
2.5
2.5
2.5
2.4
12.5
22.9
16.1325
16.32
16.07
16.73
19.2999996
18.0999994
18.6999998
16.3000002
8.3999999
1.99999998
1.79999996
1.89999998
1.89999998
1.80000001
1.89999998
1.90000001
1.89999998
1.89999998
1.89999998
1.89999998
1.89999998
1.69999999
1.79999996
1.79999996
1.80000001
1.69999999
1.79999996
1.79999996
1.69999999
1.79999996
1.69999999
1.79999996
1.69999999
1.89999998
1.69999999
1.79999996
1.79999996
1.79999996
1.69999999
1.89999998
1.79999996
1.79999996
1.79999996
1.79999996
1.80000001
1.69999999
1.69999999
1.69999999
1.69999999
1.80000001
1.69999999
1.69999999
1.69999999
1.69999999
1.60000002
1.69999999
1.69999999
1.69999999
1.69999999
1.80000001
1.69999999
1.69999999
1.69999999
1.69999999
1.79999996
1.79999996
1.60000002
1.69999999
1.69999999
1.69999999
1.69999999
1.69999999
1.60000002
1.69999999
1.69999999
1.69999999
1.59999997
1.79999996
1.59999997
1.60000002
1.69999999
1.69999999
1.69999999
1.60000002
1.60000002
1.79999996
1.69999999
1.69999999
1.79999996
1.60000002
1.60000002
1.69999999
1.69999999
1.60000002
1.60000002
1.60000002
1.69999999
1.60000002
1.60000002
1.60000002
1.69999999
1.60000002
1.60000002
1.60000002
1.69999999
1.60000002
1.60000002
1.69999999
1.60000002
1.69999999
1.69999999
1.69999999
1.60000002
1.60000002
1.60000002
1.69999999
1.69999999
1.60000002
1.60000002
1.60000002
1.69999999
5.3
7.2999999
6.5
5.0999999
5.0999999
2.29999998
1.89999998
1.89999998
1.79999996
1.89999998
1.79999996
1.79999996
2.0
1.79999996
2.0
1.79999996
1.89999998
2.0
1.79999996
1.79999996
1.79999996
1.69999999
1.69999999
1.79999996
1.69999999
1.79999996
1.79999996
1.69999999
1.69999999
1.79999996
1.80000001
1.79999996
1.79999996
1.79999996
1.89999998
1.79999996
1.79999996
1.79999996
1.69999999
1.79999996
1.69999999
1.89999998
1.89999998
1.79999996
1.79999996
1.79999996
1.60000002
1.80000001
1.69999999
1.89999998
1.69999999
1.79999996
1.79999996
1.79999996
1.79999996
1.69999999
1.79999996
1.69999999
1.79999996
1.79999996
1.79999996
1.79999996
1.89999998
1.79999996
1.79999996
1.79999996
1.79999996
1.69999999
1.79999996
1.79999996
1.79999996
1.69999999
1.79999996
1.69999999
1.69999999
1.79999996
1.69999999
1.69999999
1.79999996
1.60000002
1.79999996
1.69999999
1.79999996
1.79999996
1.79999996
1.69999999
1.79999996
1.79999996
2.7
2.9
2.8
2.8
2.8
2.8
2.7
2.9
2.7
2.5
1.69999999
1.79999996
1.69999999
1.79999996
1.79999996
1.69999999
1.79999996
1.79999996
1.99999998
1.89999998
2.1
1.80000001
1.79999996
1.79999996
1.79999996
1.79999996
1.69999999
1.89999998
1.89999998
12.7999997
24.7
23.6
23.4
23.6
18.2425
19.6000004
15.7999997
15.6000004
15.3999996
7.3000002
2.2
2.3
2.2
2.1
2.0
2.1
2.3
2.2
2.0
3.4
3.4
3.3
3.3
13.3000002
24.3
17.06
23.5
24.2
17.9975
16.5
12.1999998
13.1999998
13.2000003
8.3000002
3.3
2.0
1.89999998
2.0
2.0
2.1
2.1
2.0
2.0
1.99999998
2.2
2.1
2.2
11.7000003
21.6
15.5325
23.5
23.3
15.7975
18.9000001
15.5000005
15.9999995
12.2000003
10.8000002
9.0999999
3.8
1.99999998
2.2
1.99999998
2.1
2.2
2.0
2.0
2.2
2.4
3.1
3.0
13.0999999
23.1
24.6
16.9075
16.68
16.805
21.8
15.6000004
14.8000002
12.0999999
8.6000002
2.5
2.3
2.1
2.3
2.2
1.89999998
2.2
2.1
2.1
2.1
2.2
2.1
2.1
10.8000002
18.3000002
21.5000002
22.2
23.6
23.2
16.3999996
12.3000002
12.5999999
10.5
6.2000002
2.1
2.0
2.1
2.0
2.1
2.2
2.2
2.0
2.1
2.0
2.0
2.0
2.0
2.1
1.89999998
1.89999998
1.89999998
1.99999998
1.89999998
2.1
1.89999998
2.0
1.99999998
2.0
1.89999998
1.99999998
2.1
2.1
2.2
1.02244897959
0.0448979591838
0.0448979591838
0.0448979591838
0.0448979591838
0.0448979591838
0.0448979591838
0.0448979591838
0.0448979591838
0.044897959182
0.0448979591838
0.0448979591838
0.0448979591838
0.0448979591838
0.0448979591838
0.0448979591838
0.0448979591838
0.0448979591838
0.0448979591838
0.0448979591838
0.0448979591838
0.0448979591838
0.0448979591838
0.0448979591838
1.02244897959
1.02244897959
1.89999998
2.0
3.0
3.2
3.1
3.0
12.9000001
20.4000002
18.6825
24.4
23.6
17.035
20.9
15.2000003
15.0
13.4000001
8.0
2.89999998
1.89999998
2.0
1.89999998
1.89999998
1.79999996
1.89999998
1.89999998
2.0
2.0
1.89999998
1.89999998
1.79999996
10.5999999
21.0
23.7
23.5
23.8
23.7
19.3000004
14.6000004
12.5999999
12.1999998
7.7
2.09999998
1.89999998
1.89999998
1.79999996
1.89999998
2.09999998
1.89999998
1.79999996
1.89999998
2.5
3.0
2.8
2.9
11.9000001
18.9999996
20.4
21.4
20.4000004
21.8
16.6999998
12.2000003
13.0
12.0999999
8.0
7.8
4.8999999
2.5
2.4
2.4
1.99999998
2.0
2.0
1.99999998
2.1
2.0
2.1
2.1
10.5999999
20.8
24.0
24.6
22.9
23.5
22.5
16.1999998
16.3000002
13.0
6.5
2.2
1.99999998
2.0
2.0
2.1
2.1
2.0
2.0
2.0
1.89999998
2.4
3.0
3.0
14.2000003
18.6999996
21.4
18.4000006
20.3
21.5
13.5
10.8000002
10.5
9.0999999
4.6
2.3
2.1
2.4
1.99999998
2.3
2.1
2.2
2.1
2.3
2.1
2.3
2.1
2.1
2.1
2.2
2.1
2.1
2.1
2.3
2.3
2.2
2.3
2.1
2.2
2.1
2.2
2.2
2.1
2.2
2.1
2.1
2.1
2.2
2.1
2.1
1.99999998
2.2
2.1
1.89999998
2.0
1.89999998
2.1
1.89999998
2.1
2.1
2.0
1.89999998
2.1
2.1
1.89999998
2.0
2.1
2.0
1.89999998
2.1
2.0
2.0
2.1
2.1
2.2
2.1
10.3000002
19.4999996
24.7
17.2775
17.6475
15.7675
22.8
19.7000002
17.4000006
15.0999999
8.5999999
2.2
2.1
1.89999998
2.0
1.89999998
2.1
1.79999996
1.99999998
2.0
2.2
3.0
3.1
2.9
12.4000001
18.8999996
22.7
22.6
23.8
24.2
19.2
14.9000001
14.0
11.6999998
7.7999999
3.6
2.1
2.0
2.2
2.0
2.2
2.1
2.1
2.1
2.2
2.1
2.1
1.99999998
10.1999998
19.0999994
23.4
24.2
16.955
16.425
19.6999998
17.1000004
17.3000002
16.3000002
10.2000003
9.9000001
5.5999999
2.5
2.3
2.1
2.3
2.4
2.2
2.3
2.3
2.2
3.4
3.3
11.7000003
19.1000002
23.2
22.1
22.6
21.1
18.6000001
12.5999999
14.5
13.4000001
7.7000003
2.5
2.1
2.2
2.1
2.2
2.0
2.1
2.1
2.2
2.0
2.2
2.1
2.2
10.1000001
19.0000002
16.85
17.4775
18.1975
18.4525
17.8000002
15.5
15.3000002
11.1999998
6.4
2.1
1.99999998
1.99999998
2.0
1.89999998
2.0
1.89999998
2.0
2.0
2.1
1.89999998
2.0
1.89999998
1.89999998
2.0
2.0
2.0
1.89999998
1.89999998
2.0
1.89999998
2.0
1.89999998
2.0
1.89999998
1.89999998
1.79999996
2.0
1.89999998
1.79999996
2.0
2.0
1.79999996
2.0
1.89999998
1.89999998
1.79999996
1.89999998
1.69999999
1.89999998
1.79999996
1.80000001
1.79999996
1.79999996
1.79999996
1.79999996
1.79999996
1.79999996
1.89999998
1.79999996
1.79999996
1.89999998
1.89999998
1.89999998
1.89999998
1.69999999
1.89999998
2.9
2.9
2.8
2.9
13.0
20.1
23.8
23.6
24.1
17.7125
19.5000001
13.5999999
12.6999998
10.7999997
6.2
2.0
1.89999998
2.1
1.89999998
1.89999998
2.1
1.89999998
2.0
2.0
2.0
1.89999998
2.2
2.2
13.3000002
20.7000004
23.4
21.4
21.1
23.9
20.0
15.0999999
13.9000001
10.1000004
7.8
2.5
2.3
2.1
2.2
2.0
2.3
1.99999998
2.1
2.0
2.2
2.8
3.2
3.0
11.5
19.1000002
20.6
21.3
23.0
22.8
16.1999998
12.6999998
12.6999998
11.3999996
9.6999998
9.1999998
5.1
2.4
2.5
2.3
2.19999998
2.3
2.0
2.0
2.1
1.89999998
2.1
1.99999998
7.5
19.7000002
22.3
21.5
20.9
20.1000002
16.8000002
13.8000002
12.4000001
10.5
7.6999998
2.6
2.0
2.0
1.89999998
2.0
1.89999998
2.0
1.89999998
1.89999998
2.1
2.09999998
2.9
2.9
10.5
16.7999997
15.8999996
18.8999996
20.1
18.6999998
14.0999999
10.0
10.5
8.7999997
4.7
2.2
2.1
2.1
2.1
2.0
2.1
1.99999998
1.89999998
2.1
2.0
2.1
2.0
2.0
2.0
1.99999998
1.89999998
2.0
1.89999998
1.80000001
2.1
1.89999998
2.1
1.99999998
1.89999998
2.0
2.0
1.89999998
2.0
1.89999998
1.79999996
2.1
2.0
2.0
2.1
2.0
1.89999998
1.79999996
1.89999998
1.79999996
1.79999996
1.80000001
1.69999999
1.89999998
1.79999996
1.79999996
1.89999998
1.89999998
1.89999998
1.79999996
1.89999998
1.79999996
1.89999998
1.89999998
1.89999998
1.79999996
1.89999998
1.69999999
1.89999998
1.79999996
1.79999996
1.79999996
10.2999997
17.6000004
19.5
20.2999996
23.2
20.8
16.1000004
13.6999998
14.1999998
11.4000001
7.0999999
2.6
2.0
2.0
2.0
2.0
1.89999998
2.1
2.1
1.89999998
2.0
2.7
3.1
3.0
11.1000004
17.0999999
19.8000002
20.5999996
19.5
20.3
18.0
14.6999998
13.4000001
11.0
5.5
2.2
2.1
2.1
2.1
2.1
2.1
2.2
2.1
2.1
2.0
2.1
2.1
1.99999998
9.6000001
15.5
16.0999999
16.2999997
19.5000002
21.1
16.5000005
13.4000001
13.0
10.4000001
7.2999999
8.0999999
4.6
2.4
2.4
2.4
1.89999998
2.0
2.1
2.0
2.1
2.39999998
2.9
2.9
12.2000003
17.3000002
19.4000002
18.7999992
16.8000002
17.7000008
12.2000003
11.0
11.0999999
8.9000001
5.7
2.0
2.0
1.89999998
2.0
1.99999998
2.0
2.1
1.89999998
1.89999998
2.0
1.89999998
1.89999998
2.0
8.4000001
13.4000006
16.6000004
14.9000001
14.8000002
12.4000001
10.8000002
10.1999998
9.4000001
5.5999999
3.5
1.89999998
1.79999996
1.89999998
1.89999998
1.89999998
1.89999998
1.69999999
1.89999998
1.79999996
1.89999998
1.79999996
1.89999998
1.80000001
1.89999998
1.60000002
1.89999998
1.69999999
1.79999996
1.79999996
1.79999996
1.69999999
1.80000001
1.79999996
1.59999997
1.89999998
1.89999998
1.79999996
1.69999999
2.0
2.0
1.0
2.0
1.89999998
1.79999996
1.80000001
1.79999996
1.79999996
1.69999999
1.69999999
1.69999999
1.79999996
1.60000002
1.79999996
1.69999999
1.60000002
1.69999999
1.69999999
1.60000002
1.80000001
1.89999998
1.79999996
1.69999999
0.89999998
1.69999999
1.785
1.8075
1.9525
2.0825
2.125
2.1525
7.275
13.615
16.075
16.485
17.075
16.6075
15.16
12.98
12.045
10.4675
6.4775
3.345
2.2775
2.08
2.03
2.005
0.89999998
2.4
2.4
2.5
2.3
2.3
1.80000001
1.79999996
1.69999999
1.90000001
5.2999999
6.3
5.7000001
5.6
5.0
4.7000001
1.79999996
1.69999999
1.80000001
1.69999999
1.79999996
1.99999998
1.79999996
1.89999998
1.79999996
1.79999996
1.69999999
1.89999998
1.60000002
1.79999996
1.69999999
1.79999996
1.5
1.69999999
2.0
2.6
2.7
2.8
2.7
3.1
2.10000001
1.69999999
1.69999999
1.60000002
1.69999999
1.79999996
1.69999999
1.69999999
1.69999999
1.69999999
1.69999999
1.69999999
1.69999999
1.60000002
1.69999999
1.69999999
1.60000002
1.69999999
1.60000002
1.60000002
1.60000002
1.69999999
1.69999999
1.60000002
1.69999999
1.69999999
1.69999999
1.60000002
1.79999996
1.69999999
1.69999999
1.69999999
1.69999999
1.69999999
1.69999999
1.79999996
1.69999999
1.69999999
1.79999996
1.69999999
1.60000002
1.60000002
1.69999999
1.60000002
1.60000002
1.69999999
1.69999999
1.60000002
1.69999999
1.60000002
1.79999996
1.60000002
1.60000002
1.69999999
1.69999999
1.79999996
1.69999999
1.69999999
1.69999999
1.69999999
1.79999996
1.60000002
1.69999999
1.60000002
1.69999999
1.60000002
1.60000002
1.69999999
1.60000002
1.69999999
1.69999999
1.69999999
1.69999999
1.69999999
1.69999999
1.69999999
1.79999996
1.59999997
1.69999999
1.69999999
1.60000002
1.69999999
1.79999996
1.69999999
1.69999999
1.60000002
1.69999999
1.60000002
1.79999996
1.69999999
1.69999999
1.69999999
1.60000002
1.60000002
1.69999999
1.69999999
1.69999999
1.60000002
1.69999999
1.69999999
1.80000001
1.60000002
1.89999998
1.69999999
1.89999998
1.80000001
1.69999999
1.69999999
1.79999996
1.80000001
1.79999996
1.79999996
1.69999999
1.69999999
1.59999997
1.69999999
1.60000002
1.69999999
1.5
1.69999999
1.60000002
1.60000002
1.59999997
1.69999999
1.69999999
1.60000002
1.69999999
1.69999999
1.79999996
1.60000002
1.80000001
1.69999999
1.79999996
1.89999998
1.79999996
1.79999996
1.60000002
1.79999996
1.60000002
1.79999996
1.69999999
1.79999996
1.69999999
1.69999999
1.80000001
1.60000002
1.60000002
1.69999999
1.69999999
1.89999998
1.69999999
1.80000001
1.69999999
1.89999998
1.69999999
1.79999996
1.79999996
1.69999999
1.79999996
1.79999996
1.89999998
1.59999997
1.79999996
2.4
2.4
2.7
1.69999999
1.79999996
1.79999996
1.79999996
1.80000001
1.69999999
1.79999996
1.69999999
1.69999999
1.69999999
1.69999999
1.79999996
1.60000002
1.89999998
1.69999999
1.69999999
1.89999998
1.69999999
1.69999999
1.79999996
1.69999999
1.69999999
1.69999999
1.60000002
1.69999999
1.69999999
1.89999998
1.69999999
1.89999998
1.69999999
1.89999998
1.79999996
1.79999996
1.69999999
1.89999998
1.79999996
1.79999996
1.69999999
1.89999998
1.69999999
1.89999998
1.80000001
1.69999999
1.69999999
1.89999998
1.69999999
1.80000001
1.79999996
1.69999999
1.79999996
1.79999996
1.89999998
1.79999996
1.79999996
1.89999998
1.79999996
1.79999996
1.69999999
1.69999999
1.69999999
1.89999998
1.79999996
1.79999996
1.89999998
1.89999998
1.69999999
1.79999996
1.69999999
1.59999997
1.69999999
1.69999999
1.5
1.69999999
1.69999999
1.79999996
1.69999999
1.69999999
1.69999999
1.69999999
1.60000002
1.69999999
1.69999999
1.79999996
1.79999996
1.79999996
1.79999996
1.69999999
1.79999996
1.79999996
1.80000001
1.69999999
1.79999996
1.59999997
1.69999999
1.59999997
1.69999999
1.69999999
1.69999999
1.69999999
1.60000002
1.89999998
1.69999999
1.69999999
1.79999996
1.79999996
1.69999999
2.0
1.69999999
1.79999996
1.89999998
1.69999999
1.89999998
1.69999999
1.79999996
11.5
19.1999996
19.9999998
20.9
20.5
21.6
14.6999998
12.0999999
11.9000001
11.5
6.5999999
2.2
1.89999998
2.0
1.89999998
1.89999998
2.1
1.89999998
1.89999998
2.0
1.99999998
1.89999998
1.89999998
1.89999998
10.6999998
18.2999998
19.4000004
18.1999998
19.3000002
18.5
13.8000002
11.7000003
11.0
9.3999996
6.5
2.3
2.2
2.1
2.2
2.0
2.2
2.0
2.2
2.2
2.1
2.0
2.09999999
3.1
10.6999998
18.6999998
20.2000002
17.3999996
18.5999994
17.0
12.7000003
9.7000003
10.4000001
9.5999999
7.5999999
5.6000001
3.3
2.1
2.1
2.1
2.1
2.2
2.2
2.1
2.1
2.1
2.0
1.89999998
9.0
15.8000002
20.0000002
19.5
20.2
18.1999998
15.3999996
12.0
11.8000002
10.4000001
6.2
2.2
2.1
2.1
2.0
2.2
2.0
2.1
2.1
2.0
2.1
2.0
1.99999998
2.1
9.5999999
15.0
16.8999996
16.5999994
17.9000006
18.4000006
13.4000001
11.3000002
10.6999998
8.2000003
4.1
2.0
1.89999998
1.99999998
1.79999996
1.89999998
2.0
1.89999998
2.0
1.89999998
2.0
1.89999998
1.79999996
1.89999998
1.79999996
1.89999998
1.79999996
1.89999998
1.89999998
1.89999998
1.89999998
2.0
1.89999998
1.99999998
2.0
1.89999998
1.79999996
1.79999996
2.0
1.89999998
1.79999996
2.0
1.80000001
2.0
1.89999998
1.79999996
1.89999998
1.89999998
1.79999996
1.89999998
1.89999998
1.79999996
1.79999996
1.79999996
2.0
1.79999996
1.89999998
1.79999996
1.89999998
1.79999996
1.80000001
1.89999998
1.79999996
1.89999998
1.89999998
2.0
1.80000001
2.0
1.79999996
2.6
2.8
3.0
9.0999999
15.3999996
18.1000004
16.8999996
16.5
19.6999998
13.1999998
11.3000002
10.9000001
8.6999998
5.7
3.1
2.0
1.89999998
2.1
1.89999998
2.0
1.89999998
1.89999998
1.89999998
2.0
2.0
2.0
1.89999998
10.1999998
15.4000001
16.3999996
16.8000002
16.3000002
16.8999996
13.4000001
12.5
11.7000003
9.2
4.7
2.0
1.89999998
1.89999998
2.0
2.0
1.89999998
2.0
1.89999998
2.0
1.89999998
1.89999998
1.79999996
2.0
7.3
12.5
15.9000006
17.3000002
15.5
16.9000006
14.0999999
12.5
12.3000002
8.8000002
2.2
1.89999998
1.99999998
1.89999998
1.89999998
1.89999998
2.1
1.89999998
2.0
1.79999996
1.89999998
1.99999998
1.89999998
2.8
9.2000001
17.8000002
21.9
21.9
20.2000004
19.3999998
14.8999996
10.4000001
11.5999999
9.5
5.2000001
3.1
2.3
2.4
2.2
2.3
2.2
2.3
2.3
2.3
2.3
2.4
2.2
2.4
7.9000001
15.2999997
20.0
20.7
22.9
22.3
14.9000006
13.6999998
13.2000003
8.4000001
2.7
1.89999998
2.0
2.0
1.89999998
1.89999998
1.80000001
1.89999998
2.0
2.0
2.0
2.0
1.89999998
2.0
1.80000001
1.80000001
1.89999998
1.79999996
1.89999998
1.80000001
1.89999998
1.79999996
1.89999998
1.89999998
1.89999998
1.79999996
1.60000002
1.89999998
1.89999998
2.0
1.89999998
2.0
1.89999998
1.89999998
1.89999998
1.89999998
2.0
1.89999998
1.79999996
1.89999998
1.89999998
1.89999998
1.69999999
1.90000001
1.79999996
1.69999999
2.0
1.79999996
2.0
1.69999999
1.89999998
1.79999996
1.89999998
2.0
1.89999998
2.0
2.0
1.89999998
1.89999998
2.6
2.8
2.8
7.5
16.4000001
15.7000003
15.3000002
18.0
19.8
14.6000004
11.7999997
11.3000002
10.0999999
6.9000001
2.8
2.1
2.0
2.1
2.0
2.2
2.1
2.0
2.0
2.0
2.1
1.79999996
1.99999998
7.9999998
14.6000004
19.5999998
18.7
19.6000004
20.7000002
16.5999999
13.5
13.0
10.5
6.2
2.5
2.1
2.2
2.0
2.0
2.1
2.0
2.1
2.1
2.1
2.3
3.2
3.0
9.8000002
16.4000006
17.8999996
17.5999994
18.6000002
20.8000004
17.5999999
13.7000003
13.0
12.0999999
10.0999999
9.0
3.8
2.2
1.89999998
1.89999998
2.2
1.89999998
1.80000001
2.1
2.0
2.0
1.99999998
2.3
7.5
13.9000001
16.9000006
15.7000003
15.0
18.1999998
14.1000004
10.9000001
10.2999997
9.7999997
6.0
2.9
2.3
2.4
2.1
2.4
2.3
2.2
2.5
2.5
2.3
2.4
2.5
2.3
8.4000001
14.5
15.9000001
17.6000004
16.7999997
19.1999998
12.0999999
10.7999997
10.9000001
10.4000001
6.5000002
2.1
2.1
1.89999998
2.0
2.1
1.79999996
2.1
2.1
2.1
1.99999998
1.99999998
2.1
2.0
1.79999996
2.0
2.0
1.80000001
2.1
2.0
1.80000001
2.1
2.0
1.89999998
2.1
1.89999998
1.99999998
2.0
2.0
1.99999998
2.1
2.2
1.89999998
1.89999998
2.1
1.89999998
2.0
1.89999998
1.89999998
1.79999996
2.0
1.80000001
1.80000001
1.89999998
1.89999998
1.79999996
1.79999996
2.0
1.79999996
1.79999996
1.89999998
1.89999998
1.79999996
1.89999998
2.0
1.80000001
2.0
1.89999998
1.89999998
1.79999996
2.0
2.0
2.2
2.3
2.2
2.3
2.3
2.0
2.2
2.2
1.89999998
1.89999998
1.69999999
2.0
1.89999998
2.0
1.89999998
1.79999996
2.0
2.0
1.89999998
2.0
2.0
1.69999999
2.0
1.99999998
12.0
17.6
19.0999994
20.2000002
19.2999998
18.8999996
16.5
13.6000004
13.5
12.3000002
7.1999998
2.2
1.89999998
2.1
1.89999998
1.89999998
2.0
1.89999998
2.1
1.99999998
1.89999998
1.89999998
1.79999996
1.89999998
7.9000001
16.3999996
21.4
21.4
22.7
24.2
17.4000001
14.4000001
13.5
11.6999998
9.6999998
9.4000001
3.5999999
1.99999998
1.89999998
2.0
1.90000001
1.89999998
2.0
1.89999998
1.89999998
2.1
1.80000001
3.1
8.2999997
15.2999997
16.8999996
18.4000006
18.9000002
18.0
14.7000003
10.7999997
11.1000004
10.0
7.0
5.3
2.2
2.1
2.2
2.2
1.13809523857
2.1
2.2
2.1
2.2
2.1
2.2
2.0
10.5999999
18.7999998
22.7
22.0
21.6999996
21.9
16.5999999
13.7000003
14.8999996
11.3000002
2.7
2.2
2.1
0.0761904771425
0.0761904771425
0.0761904771425
0.102801120924
0.0761904771425
0.0761904771462
0.0761904771425
0.0761904771425
0.0761904771425
0.0761904771425
0.938095218571
2.0
1.89999998
1.89999998
1.99999998
1.89999998
1.80000001
2.0
2.0
2.1
0.129411764705
0.129411764705
0.129411764708
0.129411764705
0.129411764705
0.129411764705
0.129411764708
1.06470588235
1.16470588235
2.1
2.1
2.0
2.0
2.0
2.2
1.99999998
2.1
2.1
2.0
2.0
2.0
2.1
2.1
2.1
2.1
2.2
1.89999998
2.1
2.0
2.1
2.1
2.1
2.2
2.1
2.1
2.1
2.1
2.0
2.0
10.3000002
18.1000002
19.8999998
19.3000002
19.8000002
21.9
14.8000002
11.0
11.2000003
10.2000003
8.2
5.7
3.5
2.1
2.1
2.1
2.0
2.0
2.0
2.0
2.0
1.89999998
2.0
1.89999998
9.5
15.9000001
19.1000004
16.4000006
15.7999997
16.9000006
13.3000002
10.0999999
11.8000002
10.5999999
6.2000001
2.2
2.1
2.2
2.0
1.99999998
2.1
2.2
2.1
2.1
2.1
2.0
1.89999998
2.1
8.9000001
13.8000002
17.6999998
15.2000003
15.9000001
15.7999997
13.1999998
9.5999999
9.8000002
8.9000001
6.4000001
5.0
3.1
2.2
2.3
2.1
2.3
2.1
2.1
2.2
2.1
1.99999998
1.99999998
2.0
9.5
17.0999994
16.2125
24.4
22.5
22.2
18.6000004
17.1999998
14.0999999
12.9000001
7.3000002
3.1
2.2
2.3
2.2
2.2
1.99999998
2.2
2.2
2.4
2.2
2.4
2.2
2.2
9.7000003
13.5999999
15.2000003
15.1999998
18.6000004
18.0
13.3000002
10.0
10.5
9.6999998
4.7
1.89999998
1.89999998
2.1
2.1
1.89999998
2.0
2.1
2.0
2.1
2.0
1.79999996
1.89999998
2.0
2.0
2.0
1.89999998
2.0
2.0
1.89999998
2.0
2.0
1.89999998
2.0
2.1
1.89999998
2.0
2.1
1.99999998
2.0
1.89999998
2.1
2.0
2.0
1.89999998
2.1
1.89999998
1.89999998
2.0
1.89999998
2.1
1.89999998
1.89999998
1.89999998
1.89999998
2.0
2.0
1.89999998
1.89999998
1.89999998
2.0
2.0
1.89999998
1.89999998
1.89999998
2.0
1.79999996
2.0
1.89999998
1.89999998
2.0
2.0
8.9000001
15.5000005
19.7000004
20.6
21.1
21.6
16.5
13.7999997
12.0
10.4000001
5.7
2.6
1.89999998
1.89999998
1.99999998
2.1
2.2
2.0
2.0
2.1
2.1
1.89999998
1.89999998
2.0
8.6999998
16.1000004
18.0
18.0999994
17.1999998
18.5
13.3000002
11.5999999
11.6999998
10.4000001
6.3999999
2.2
2.2
1.89999998
2.0
2.1
2.0
1.89999998
2.1
2.1
1.89999998
2.1
1.80000001
1.89999998
7.7
13.8999996
15.8000002
17.3000002
16.1999998
18.0
12.0
8.8999996
9.8999996
9.1999998
7.5
4.5
2.9
2.0
1.89999998
2.1
1.89999998
2.1
2.1
2.1
1.89999998
2.2
2.0
2.8
9.4000001
14.7000003
18.8000002
19.7999996
18.6999998
18.9000006
13.8000002
9.5999999
9.7999997
7.8999998
4.2000001
2.1
2.0
2.0
2.0
2.0
2.0
1.99999998
2.0
1.89999998
2.0
2.1
1.89999998
1.89999998
11.9000001
15.2000003
14.5
16.1999998
16.3999996
15.3000002
11.6999998
9.9000001
10.2000003
7.5
3.7
1.99999998
2.0
2.0
1.89999998
2.1
1.89999998
2.0
1.89999998
2.0
2.0
2.0
2.0
1.89999998
1.89999998
1.79999996
1.89999998
2.0
1.89999998
2.0
2.0
2.1
1.89999998
2.0
1.89999998
1.99999998
2.0
2.1
1.89999998
1.89999998
1.79999996
2.0
1.89999998
1.89999998
1.89999998
1.89999998
2.0
1.89999998
1.89999998
1.79999996
2.0
1.69999999
1.79999996
1.89999998
1.89999998
1.79999996
2.0
1.79999996
1.89999998
2.0
1.89999998
1.89999998
1.89999998
2.0
2.0
1.89999998
1.89999998
2.0
2.0
2.0
1.99999998
1.79999996
2.0
1.89999998
1.89999998
1.89999998
1.79999996
1.89999998
1.89999998
1.89999998
1.89999998
2.0
1.89999998
1.89999998
1.89999998
1.69999999
2.0
1.79999996
1.79999996
2.0
2.0
2.0
1.89999998
2.1
2.0
1.79999996
1.69999999
2.69999998
4.7000001
4.6
6.3000002
7.5
7.1999998
7.2999999
7.4
4.3
1.99999998
2.0
1.79999996
1.79999996
2.0
1.89999998
1.89999998
2.0
2.0
1.89999998
1.89999998
2.0
1.79999996
1.89999998
1.69999999
2.39999998
4.0999999
4.4000001
4.3
4.0
4.0999999
4.0999999
4.0999999
4.0
2.0
1.79999996
1.69999999
1.79999996
1.79999996
1.79999996
1.79999996
1.89999998
1.79999996
1.89999998
1.79999996
1.89999998
1.89999998
1.69999999
1.89999998
2.09999998
3.7
3.9999999
4.1
3.7
3.8
3.9
3.9
3.9
1.89999998
1.89999998
1.69999999
1.69999999
1.79999996
1.79999996
1.80000001
1.69999999
1.89999998
1.69999999
1.89999998
1.69999999
1.89999998
1.69999999
1.69999999
2.09999998
3.7
4.2
4.0
3.8
3.8
3.8
3.8
3.7
1.89999998
1.79999996
1.79999996
1.79999996
1.69999999
1.89999998
1.69999999
1.79999996
1.89999998
1.69999999
1.89999998
1.79999996
1.79999996
1.79999996
1.89999998
1.80000001
1.80000001
1.69999999
1.69999999
1.79999996
1.79999996
1.89999998
1.80000001
1.79999996
1.89999998
1.79999996
1.79999996
1.89999998
1.79999996
1.69999999
1.89999998
1.89999998
1.89999998
1.79999996
1.79999996
1.79999996
1.89999998
1.80000001
1.79999996
2.0
1.69999999
1.80000001
1.69999999
1.69999999
1.69999999
1.79999996
1.69999999
1.79999996
1.79999996
1.69999999
1.80000001
1.60000002
1.79999996
1.69999999
1.89999998
1.69999999
1.89999998
1.69999999
1.89999998
1.79999996
1.80000001
1.79999996
9.0
15.8000002
17.8000002
19.3999996
20.8
20.1
14.5999999
13.9000001
11.0999999
10.6999998
7.0
3.30000008
1.99999998
2.1
2.0
2.1
2.2
2.1
2.1
2.2
2.1
2.1
1.89999998
2.0
9.7000003
16.3999996
23.9
21.0
21.7
19.4000002
16.5999999
13.7000003
12.1999998
10.1999998
5.9999998
2.4
2.2
2.2
2.3
2.3
2.0
2.4
2.3
2.2
2.4
2.1
2.1
2.2
7.7999999
17.3000002
18.8000002
18.1999998
16.6999998
18.8999998
13.9000001
10.0
10.5
9.9000001
7.4000001
5.8000002
3.3
2.1
2.1
2.1
2.2
2.0
1.99999998
2.2
2.2
1.79999996
2.2
2.2
8.1000002
15.7000003
16.1999998
17.5
16.5
16.9000006
14.3000002
10.3000002
10.0
10.0
7.0
3.4
2.3
2.3
2.2
2.3
2.1
2.4
2.3
2.3
2.3
2.2
2.3
2.2
10.5
17.1000004
17.4000006
16.3999996
15.6999998
17.4000001
10.0999999
10.5
10.5999999
9.7000003
5.6000001
2.3
2.0
2.1
2.0
2.0
1.89999998
2.0
2.1
2.1
2.1
2.0
2.0
2.0
2.0
2.0
1.89999998
1.89999998
2.1
2.0
2.0
1.79999996
2.2
2.1
2.0
2.0
2.0
1.89999998
2.0
1.89999998
1.0
2.1
1.91
1.9025
1.885
1.895
1.8775
1.87
1.87
1.87
1.9
1.8575
1.825
1.8425
1.8575
1.845
1.8625
1.855
1.88
1.845
1.8675
1.85
1.8625
1.87
1.81
1.8425
1.875
1.88
1.895
1.9525
1.9625
1.99
4.7675
9.86
12.5775
12.975
13.3725
13.6225
11.575
9.2075
8.0875
7.2475
5.1625
3.1
2.215
1.9975
1.9925
1.9925
1.945
1.9825
1.985
1.98
1.9875
2.005
1.98
1.97
6.575
11.7475
14.8875
14.45
14.345
14.6325
12.51
9.98
9.2975
8.1975
5.395
2.945
2.19
2.12
2.06
2.055
2.0375
2.06
2.0625
2.03
2.05
2.0675
2.04
2.06
6.705
12.2775
14.46
14.26
14.0925
14.3075
11.92
9.06
8.5825
8.035
6.0225
5.195
3.515
2.2825
2.05
2.0425
2.0475
2.0575
2.045
2.055
2.0525
2.0425
2.0625
2.145
5.74
10.5525
13.125
14.225
14.1775
14.195
12.565
9.94
9.07
8.425
5.995
3.48
2.3425
2.1375
2.0925
2.08
2.005
2.0625
2.105
2.08
2.085
2.09
2.105
2.0725
4.9775
9.55
12.1525
12.7475
13.06
13.405
10.625
8.14
7.7425
6.595
4.6325
2.5575
1.98
1.8925
1.855
1.865
1.8475
1.885
1.9
1.8775
1.885
1.86
1.8575
1.8675
1.9075
1.9125
1.9325
1.97
1.98
1.95
1.955
1.93
1.9575
1.88
1.865
1.855
1.85
1.8425
1.84
1.8325
1.7925
1.8925
1.93
1.9225
1.8975
1.9125
1.89
1.88
1.88
1.8725
1.9075
1.86
1.8325
1.8525
1.8675
1.8475
1.8625
1.855
1.88
1.845
1.86
1.8475
1.87
1.8725
1.3
1.8575
2.1
2.1
1.99999998
2.1
1.89999998
2.2
6.5
15.9000006
16.1000004
16.4999995
17.3000002
17.6000004
14.3999996
11.2999997
11.8999996
10.0999999
6.8
2.3
2.3
2.3
2.3
2.3
2.3
2.4
2.3
2.3
2.2
2.3
2.3
2.2
8.1999998
15.5
17.0
15.7999997
15.2000003
15.4000001
12.7000003
8.5
10.2000003
9.5999999
7.0000002
2.8
2.4
2.5
2.3
2.5
2.6
2.4
2.5
2.3
2.5
2.4
2.4
2.3
8.2999997
15.8999996
17.9000006
17.8000002
18.2999992
20.8000002
15.3999996
11.0
11.8999996
11.0
8.3999999
5.7999999
4.0
2.4
2.4
2.4
2.5
2.4
2.4
2.4
2.5
2.5
2.2
2.3
8.1000002
14.5
18.1999998
17.8000002
17.9000006
16.8000002
12.8000002
9.0999999
10.6000004
9.1999998
5.8
2.8
2.3
2.3
2.2
2.2
2.2
2.2
2.3
2.3
2.3
2.1
2.3
2.2
7.7999997
13.0999999
14.0999999
14.1999998
14.0
16.3000002
11.5
8.9000001
10.1000004
9.1999998
6.9999998
2.5
2.3
2.2
2.2
2.2
2.1
2.2
2.3
2.1
2.2
2.2
2.1
2.1
2.1
2.2
2.2
2.2
2.2
2.2
2.2
2.2
2.3
2.2
2.3
2.2
2.2
2.2
2.1
2.2
2.1
2.2
2.2
2.2
2.2
2.2
2.0
2.1
2.1
2.0
2.1
2.1
2.0
2.1
2.1
2.0
1.99999998
2.0
2.1
2.1
2.1
2.0
2.1
2.1
1.1
2.0
1.895
1.8925
1.8975
1.945
1.9375
1.9675
5.4825
11.0
13.08
13.38
13.215
13.3
11.355
9.0325
8.0825
7.41
5.2125
2.9575
2.1225
1.9675
1.9575
1.9675
1.1
1.9575
2.1
2.0
2.1
2.1
2.0
2.0
9.2999997
14.0999994
14.6999998
12.7999997
16.2999997
16.0999999
9.7000003
8.5
9.6999998
8.5
5.8
2.4
2.1
2.3
2.2
2.3
2.3
2.2
2.3
2.1
2.3
2.1
2.1
2.1
10.0999999
15.5
14.9000001
13.7000003
12.9000001
13.9000001
8.5
7.3
9.5
9.3999996
6.8999999
6.0
2.8
2.2
2.4
2.2
2.3
2.4
2.2
2.3
2.2
2.2
2.3
2.2
8.5
14.2999997
18.0
18.6999998
20.0000002
16.5999999
13.6000004
10.3000002
10.3000002
9.2999997
6.6000001
2.8
2.4
2.3
2.3
2.4
2.3
2.5
2.4
2.4
2.4
2.5
2.3
2.4
7.9000001
14.3999996
22.4
21.8
21.9
19.4999996
14.2999997
11.7999997
11.0
9.2000003
5.6000001
2.2
2.2
2.2
2.1
2.2
2.2
2.2
2.2
2.1
2.1
2.0
2.2
2.0
2.1
2.1
2.1
2.2
2.2
2.1
2.2
2.0
2.2
2.0
2.1
2.1
2.1
2.0
2.0
2.1
2.1
2.1
2.3
2.0
2.0
2.2
2.0
2.0
2.0
2.0
2.1
1.89999998
2.0
2.0
2.0
1.99999998
2.0
1.89999998
2.1
2.0
2.0
2.0
2.0
1.89999998
2.1
2.1
2.0
2.0
1.89999998
2.0
1.89999998
2.1
7.6999998
14.0
14.1000004
14.1999998
13.4000001
15.8999996
13.2999997
10.3000002
10.1000004
8.9000001
6.5
3.0
2.3
2.2
2.2
2.2
2.2
2.4
2.2
2.2
2.1
2.3
2.0
2.1
7.8000002
12.8999996
15.2999997
16.0
14.1999998
17.3000002
13.3000002
10.2999997
9.5
9.5
6.9999998
2.4
2.4
2.4
2.2
2.4
2.2
2.4
2.2
2.2
2.3
2.4
2.2
2.2
7.7000001
11.5999999
13.3000002
17.6000004
15.0999999
16.6000004
11.6000004
8.9000001
9.7999997
8.9000001
5.7000001
4.5
2.8
2.3
2.1
2.3
2.1
2.2
2.4
2.1
2.2
2.2
2.2
2.2
8.1000001
15.6000004
19.0999996
20.2999998
22.8
22.3
16.9000001
13.5
13.0
12.1000004
6.1000001
2.9
2.3
2.1
2.2
2.2
2.3
2.3
2.2
2.2
2.1
2.2
2.2
2.0
7.6000001
12.1999998
14.2000003
13.4000001
14.5999999
15.4000001
11.0999999
8.5
9.5999999
8.1999998
5.3000002
2.4
2.4
2.2
2.2
2.2
2.3
2.2
2.2
2.2
2.3
2.2
2.2
2.2
2.3
2.2
2.2
2.2
2.2
2.2
2.3
2.1
2.4
2.1
2.2
2.2
2.2
2.2
2.2
2.2
2.2
2.2
2.2
2.3
2.2
2.2
2.1
2.1
2.1
2.1
2.2
2.1
2.1
2.1
2.2
2.1
2.1
2.2
2.1
2.1
2.0
2.1
2.1
2.1
2.1
2.2
2.1
2.1
2.1
2.1
2.0
2.2
7.9000001
14.3000002
17.3999996
18.0999994
16.3000002
17.8999996
15.1000004
11.4000001
10.5
9.7000003
5.9000001
2.3
1.99999998
2.1
2.0
2.2
2.1
2.1
2.1
2.1
2.2
2.0
2.1
2.2
9.0
14.5
17.5
16.8999996
17.0
18.1999998
13.0
11.0999999
10.6000004
10.1999998
6.8999999
3.2999999
2.2
2.1
2.2
2.2
2.2
2.3
2.2
2.2
2.2
2.1
2.2
2.0
8.5
13.8999996
17.0999994
16.9000006
19.4999996
17.2999992
13.0999999
9.5999999
10.2000003
9.7000003
7.2999999
6.3999999
4.2
2.2
2.2
2.2
2.3
2.2
2.2
2.3
2.3
2.2
2.2
2.2
9.9000001
13.7999997
15.0999999
17.1999998
15.1999998
14.9000001
11.3000002
8.3999996
8.3
8.9000001
6.7000001
5.0999999
2.4
2.4
2.3
2.3
2.1
2.3
2.4
2.2
2.3
2.3
2.2
2.3
8.7000003
13.9000006
17.1000004
15.3000002
16.7000008
15.6000004
12.7000003
8.9000001
10.5
7.1999998
2.7
2.1
2.2
2.1
2.2
2.1
2.1
2.3
2.0
2.1
2.2
2.1
2.1
2.2
2.1
2.0
2.0
2.1
2.2
1.99999998
2.1
2.2
2.1
2.1
2.0
2.2
2.1
2.0
2.1
2.1
2.0
2.2
2.2
2.1
2.0
2.1
2.0
2.1
2.1
2.0
2.2
2.0
2.0
2.1
2.1
2.0
2.1
2.1
2.1
2.0
2.1
2.1
2.1
2.0
2.2
2.1
1.99999998
2.1
2.1
1.89999998
2.1
2.1
6.6999998
14.6000004
19.5999998
19.0
17.5
18.8000002
13.3000002
10.7999997
10.7000003
9.7000003
6.5
2.2
2.2
2.0
2.1
2.1
2.1
2.2
2.1
2.2
2.1
2.2
2.1
2.2
8.4000001
13.8000002
18.2999992
19.1000004
19.5
19.4
15.7000003
12.2000003
12.9000001
10.6999998
6.6000001
4.4999999
3.8
2.4
2.1
2.2
2.3
2.4
2.2
2.3
2.3
2.3
2.1
2.1
8.8000002
15.2000003
19.5
17.6999998
18.2
17.5
13.5999999
10.9000001
12.1000004
11.1000004
8.5999999
4.6
2.3
2.3
2.4
2.4
2.2
2.5
2.5
2.3
2.5
2.4
2.3
2.2
8.1000002
13.2000003
17.3000002
19.4000002
20.3
19.4
18.3000001
13.8000002
11.8999996
10.7999997
7.6999998
2.8
2.3
2.4
2.3
2.2
2.2
2.5
2.3
2.4
2.3
2.4
2.3
2.2
8.4000001
14.1999998
16.5
16.4999995
16.2999997
18.5
14.8000002
10.6999998
9.2000003
7.0
2.3
2.0
2.0
1.89999998
1.89999998
1.89999998
2.0
2.0
2.0
2.0
1.89999998
2.0
2.0
2.0
1.89999998
1.79999996
2.0
1.79999996
1.89999998
1.99999998
1.79999996
1.89999998
2.0
1.89999998
2.0
1.79999996
1.79999996
1.89999998
1.89999998
1.89999998
1.89999998
1.89999998
2.1
1.89999998
1.79999996
1.89999998
1.79999996
2.0
1.89999998
1.79999996
1.89999998
1.79999996
1.79999996
1.89999998
1.79999996
2.0
1.89999998
1.89999998
2.0
1.79999996
1.89999998
1.79999996
1.89999998
1.89999998
1.59999997
1.89999998
2.0
1.89999998
1.89999998
1.89999998
1.89999998
1.79999996
8.5999999
7.5
9.6000004
9.5999999
9.5
7.4000001
7.0
6.7999999
5.2999999
5.3999999
4.3
1.39999998
1.39999998
1.39999998
1.5
1.39999998
1.59999997
1.39999998
1.60000002
1.39999998
1.39999998
1.60000002
1.39999998
1.5
1.90000001
5.6000001
6.0
7.1
6.5999999
7.5
6.0
5.6000001
5.2999999
4.2
1.69999999
1.69999999
1.69999999
1.79999996
1.69999999
1.69999999
1.59999997
1.79999996
1.79999996
1.69999999
1.69999999
1.79999996
1.60000002
1.60000002
1.89999998
5.1000001
6.5
7.5999999
6.5
7.0
5.5
4.7
4.6
4.0000001
1.39999998
1.39999998
1.39999998
1.39999998
1.5
1.39999998
1.60000002
1.5
1.5
1.60000002
1.5
1.39999998
1.39999998
1.39999998
1.69999999
4.7999999
5.5999999
6.5
7.0
6.2000001
5.3999999
3.6
3.5
2.7
1.39999998
1.60000002
1.30000001
1.39999998
1.39999998
1.39999998
1.39999998
1.39999998
1.5
1.39999998
1.39999998
1.39999998
1.39999998
1.39999998
1.60000002
3.9
5.2000001
7.5
7.3
5.5
4.2999999
4.1
2.49999999
1.39999998
1.39999998
1.39999998
1.39999998
1.39999998
1.5
1.39999998
1.39999998
1.5
1.60000002
1.39999998
1.39999998
1.39999998
1.5
1.39999998
1.39999998
1.5
1.39999998
1.39999998
1.39999998
1.30000001
1.39999998
1.39999998
1.30000001
1.39999998
1.39999998
1.39999998
1.39999998
1.39999998
1.39999998
1.20000004
1.39999998
1.39999998
1.39999998
1.5
1.30000001
1.39999998
1.39999998
1.39999998
1.39999998
1.39999998
1.39999998
1.39999998
1.39999998
1.39999998
1.39999998
1.39999998
1.39999998
1.39999998
1.39999998
1.30000001
1.39999998
1.39999998
1.39999998
1.5
1.5
1.39999998
1.60000002
1.39999998
1.39999998
1.60000002
1.5
1.39999998
1.69999999
1.79999996
1.79999996
1.79999996
1.79999996
1.79999996
1.69999999
1.59999997
1.39999998
1.39999998
1.39999998
1.30000001
1.39999998
1.30000001
1.39999998
1.5
1.5
1.39999998
1.39999998
1.60000002
1.39999998
1.39999998
1.60000002
1.5
1.69999999
1.79999996
1.79999996
1.79999996
1.69999999
1.79999996
1.79999996
1.5
1.39999998
1.39999998
1.30000001
1.39999998
1.39999998
1.39999998
1.39999998
1.39999998
1.5
1.5
1.39999998
1.5
1.39999998
1.39999998
1.60000002
1.39999998
1.69999999
1.79999996
1.79999996
1.79999996
1.79999996
1.69999999
1.79999996
1.59999997
1.30000001
1.30000001
1.39999998
1.39999998
1.20000004
1.39999998
1.39999998
1.39999998
1.30000001
1.5
1.5
1.39999998
1.39999998
1.39999998
1.39999998
1.39999998
1.69999999
1.79999996
3.5
3.4
2.09999998
1.89999998
1.79999996
1.59999997
1.39999998
1.39999998
1.39999998
1.30000001
1.39999998
1.39999998
1.39999998
1.39999998
1.39999998
1.39999998
1.5
1.30000001
1.5
1.39999998
1.39999998
1.39999998
1.69999999
1.79999996
1.79999996
1.69999999
1.69999999
1.79999996
1.5
1.20000004
1.39999998
1.30000001
1.39999998
1.39999998
1.30000001
1.30000001
1.39999998
1.39999998
1.39999998
1.30000001
1.30000001
1.39999998
1.39999998
1.39999998
1.30000001
1.30000001
1.39999998
1.20000004
1.39999998
1.20000004
1.30000001
1.39999998
1.20000004
1.39999998
1.30000001
1.30000001
1.30000001
1.30000001
1.39999998
1.20000004
1.30000001
1.30000001
1.39999998
1.39999998
1.30000001
1.39999998
1.39999998
1.39999998
1.30000001
1.30000001
1.30000001
1.30000001
1.30000001
1.20000004
1.30000001
1.30000001
1.30000001
1.30000001
1.30000001
1.39999998
1.20000004
1.39999998
1.30000001
1.30000001
1.39999998
1.39999998
1.39999998
1.39999998
1.39999998
1.39999998
1.39999998
1.39999998
1.39999998
1.30000001
1.20000004
1.39999998
1.39999998
1.20000004
1.39999998
1.30000001
1.39999998
1.30000001
1.5
1.39999998
1.30000001
1.30000001
1.39999998
1.30000001
1.39999998
1.30000001
1.39999998
1.39999998
1.20000004
1.30000001
1.39999998
1.39999998
1.39999998
1.20000004
1.20000004
1.30000001
1.20000004
1.39999998
1.30000001
1.30000001
1.39999998
1.20000004
1.30000001
1.20000004
1.30000001
1.30000001
1.20000004
1.30000001
1.39999998
1.30000001
1.30000001
1.30000001
1.39999998
1.39999998
1.30000001
1.39999998
1.39999998
1.30000001
1.30000001
1.30000001
1.39999998
1.30000001
1.30000001
1.30000001
1.30000001
1.5
1.20000004
1.30000001
1.30000001
1.39999998
1.39999998
1.20000004
1.39999998
1.39999998
1.30000001
1.30000001
1.5
1.39999998
1.39999998
1.30000001
1.39999998
1.39999998
1.30000001
1.39999998
1.30000001
1.39999998
1.30000001
1.20000004
1.39999998
1.20000004
1.30000001
1.30000001
1.20000004
1.39999998
1.30000001
1.39999998
1.39999998
1.20000004
1.39999998
1.39999998
1.39999998
1.39999998
1.39999998
1.39999998
1.39999998
1.30000001
1.39999998
1.30000001
1.30000001
1.30000001
1.20000004
1.39999998
1.30000001
1.30000001
1.39999998
1.30000001
1.39999998
1.30000001
1.39999998
1.39999998
1.39999998
1.39999998
1.39999998
1.39999998
1.39999998
1.30000001
1.39999998
1.39999998
1.39999998
1.39999998
1.20000004
1.30000001
1.39999998
1.30000001
1.39999998
1.39999998
1.30000001
1.39999998
1.30000001
1.39999998
1.39999998
1.39999998
1.39999998
1.20000004
1.39999998
1.30000001
1.30000001
1.39999998
1.39999998
1.39999998
1.39999998
1.39999998
1.39999998
1.30000001
1.39999998
1.30000001
1.30000001
1.30000001
1.30000001
1.39999998
1.30000001
1.30000001
1.39999998
1.20000004
1.39999998
1.30000001
1.30000001
1.39999998
1.30000001
1.39999998
1.39999998
1.30000001
1.39999998
1.30000001
1.39999998
1.39999998
1.30000001
1.39999998
1.30000001
3.4
4.5
4.2999999
4.6000001
4.7000001
4.4
3.5
1.99999999
1.39999998
1.39999998
1.30000001
1.39999998
1.30000001
1.39999998
1.30000001
1.5
1.39999998
1.30000001
1.30000001
1.39999998
1.30000001
1.39999998
1.30000001
1.39999998
3.1
3.5
3.8
3.8999999
3.1
1.60000002
1.5
1.5
1.5
1.39999998
1.60000002
1.5
1.5
1.60000002
1.39999998
1.5
1.60000002
1.60000002
1.60000002
1.5
1.60000002
1.5
1.5
1.5
3.3
3.4
3.8
3.4
3.8
3.2
3.2
1.80000001
1.60000002
1.60000002
1.39999998
1.60000002
1.5
1.60000002
1.60000002
1.60000002
1.69999999
1.60000002
1.60000002
1.60000002
1.60000002
1.60000002
1.5
1.5
3.4
3.8
4.3000001
3.9
3.8
3.6
1.5
1.39999998
1.5
1.39999998
1.60000002
1.39999998
1.5
1.5
1.5
1.5
1.60000002
1.60000002
1.5
1.5
1.5
1.39999998
1.39999998
1.5
3.7
4.0999999
4.3
4.0
4.0
4.0
1.69999999
1.5
1.5
1.5
1.60000002
1.39999998
1.5
1.5
1.39999998
1.5
1.60000002
1.60000002
1.60000002
1.5
1.5
1.39999998
1.60000002
1.60000002
1.39999998
1.39999998
1.39999998
1.5
1.39999998
1.5
1.39999998
1.5
1.5
1.39999998
1.60000002
1.5
1.39999998
1.39999998
1.5
1.5
1.60000002
1.5
1.5
1.60000002
1.60000002
1.5
1.39999998
1.60000002
1.5
1.39999998
1.39999998
1.39999998
1.5
1.39999998
1.39999998
1.39999998
1.60000002
1.39999998
1.39999998
1.5
1.39999998
1.60000002
1.5
1.39999998
1.39999998
1.5
1.60000002
1.39999998
1.5
1.39999998
1.5
1.5
2.8
2.8
2.8
2.8
2.09999999
1.39999998
1.60000002
1.5
1.5
1.39999998
1.39999998
1.5
1.39999998
1.5
1.39999998
1.60000002
1.60000002
1.60000002
1.5
1.5
1.39999998
1.5
1.39999998
1.5
3.1
3.4
4.0
3.4
3.4
3.0
1.5
1.60000002
1.5
1.5
1.5
1.39999998
1.60000002
1.39999998
1.60000002
1.60000002
1.5
1.60000002
1.5
1.5
1.60000002
1.5
1.39999998
1.5
3.2
3.9
4.2999999
3.8
4.1
3.8
2.00000001
1.39999998
1.39999998
1.60000002
1.39999998
1.60000002
1.60000002
1.39999998
1.60000002
1.60000002
1.60000002
1.5
1.60000002
1.69999999
1.60000002
1.5
1.60000002
1.60000002
3.4
4.7000001
5.0999999
5.1999998
2.30000001
1.79999996
1.60000002
1.60000002
1.60000002
1.60000002
1.60000002
1.60000002
1.5
1.69999999
1.60000002
1.60000002
1.60000002
1.60000002
1.60000002
1.69999999
1.60000002
1.69999999
1.79999996
1.69999999
3.7
4.2999999
5.0
4.5
4.2999999
3.2999999
2.2
2.2
1.80000001
1.60000002
1.60000002
1.60000002
1.60000002
1.60000002
1.60000002
1.60000002
1.79999996
1.60000002
1.60000002
1.69999999
1.60000002
1.60000002
1.60000002
1.60000002
1.60000002
1.60000002
1.60000002
1.60000002
1.5
1.60000002
1.60000002
1.60000002
1.60000002
1.60000002
1.60000002
1.60000002
1.60000002
1.60000002
1.60000002
1.60000002
1.60000002
1.60000002
1.79999996
1.60000002
1.60000002
1.60000002
1.60000002
1.60000002
1.5
1.5
1.60000002
1.39999998
1.5
1.60000002
1.5
1.60000002
1.60000002
1.60000002
1.60000002
1.5
1.5
1.60000002
1.60000002
1.60000002
1.60000002
1.5
1.60000002
1.60000002
1.60000002
1.60000002
1.5
1.60000002
3.7
3.8
4.2999999
3.9
3.5
1.60000002
1.5
1.60000002
1.60000002
1.5
1.60000002
1.60000002
1.60000002
1.69999999
1.60000002
1.79999996
1.69999999
1.60000002
1.69999999
1.69999999
1.69999999
1.60000002
1.69999999
1.69999999
3.8
5.2
5.9000001
5.0999999
4.2
3.8
3.1999999
1.79999996
2.0
2.0
1.79999996
2.0
1.89999998
2.0
2.0
1.89999998
2.0
2.0
2.0
2.0
2.0
1.89999998
1.79999996
1.89999998
4.3
4.8999999
4.9000001
5.2
4.5
4.1999998
2.19999998
2.09999998
1.99999998
1.79999996
1.79999996
1.69999999
1.79999996
1.89999998
1.79999996
1.79999996
1.79999996
1.89999998
1.79999996
1.79999996
1.79999996
1.89999998
1.69999999
1.79999996
3.6
3.7
3.4
2.9
2.8
2.8
2.2
2.0
1.79999996
1.69999999
1.79999996
1.69999999
1.79999996
1.79999996
1.79999996
1.69999999
1.79999996
1.79999996
1.79999996
1.79999996
1.79999996
1.89999998
1.79999996
1.79999996
4.0999999
4.2999999
4.6
4.8
4.0999999
3.7
2.8
2.29999998
1.60000002
1.60000002
1.60000002
1.60000002
1.60000002
1.60000002
1.60000002
1.69999999
1.60000002
1.60000002
1.69999999
1.60000002
1.60000002
1.60000002
1.60000002
1.60000002
2.49999998
3.7
4.8
3.2
2.4
2.7
1.99999998
1.79999996
1.69999999
1.79999996
1.69999999
1.69999999
1.79999996
1.69999999
1.79999996
1.60000002
1.79999996
1.69999999
1.79999996
1.79999996
1.69999999
1.69999999
1.60000002
1.60000002
1.69999999
1.60000002
1.69999999
1.60000002
1.60000002
1.69999999
1.60000002
1.69999999
1.60000002
1.60000002
1.69999999
1.60000002
1.60000002
1.69999999
1.69999999
1.69999999
1.60000002
1.60000002
1.69999999
1.60000002
1.79999996
1.69999999
1.60000002
1.79999996
1.60000002
1.60000002
1.69999999
1.69999999
1.69999999
1.60000002
1.60000002
1.60000002
1.60000002
1.60000002
1.60000002
1.60000002
1.60000002
1.60000002
1.69999999
1.80000001
1.69999999
1.79999996
1.79999996
1.79999996
1.79999996
1.69999999
1.79999996
4.9000001
9.0999999
6.9000001
6.0
4.9000001
5.9
7.8000002
8.5999999
9.2000003
8.3000002
6.0
3.1999999
2.1
2.0
2.1
2.0
2.1
2.1
2.1
2.1
2.2
2.1
2.0
1.89999998
7.8999998
12.8000002
15.5999994
14.7999997
17.2000003
16.8000002
13.9000006
11.8000002
10.5
10.0999999
6.5999999
2.9
2.1
2.1
1.89999998
2.0
2.1
2.0
2.1
2.0
2.3
2.1
2.0
2.1
9.1999998
14.7999997
17.0
20.6
18.5
16.4999995
14.5
11.2000003
11.5
10.5
7.4000001
2.9
2.4
2.5
2.4
2.2
2.1
2.3
2.3
2.3
2.5
2.4
2.3
2.3
9.0
14.0999999
18.6000004
20.1
18.1000004
16.6999998
13.8999996
11.0
10.8000002
9.5999999
6.8999999
2.6
2.0
2.0
2.0
2.0
2.1
2.1
2.1
2.1
2.0
2.1
2.0
2.0
2.2
1.99999998
2.0
2.0
2.0
2.0
2.1
2.0
2.0
2.0
2.0
2.1
1.89999998
2.0
2.1
2.0
2.0
1.89999998
2.2
2.0
2.1
2.1
2.0
2.0
2.1
1.89999998
2.0
2.0
2.0
2.0
2.0
2.0
2.0
2.0
2.0
2.0
2.0
2.0
2.0
2.1
2.0
2.1
2.1
2.0
2.1
2.0
2.0
2.1
9.4000001
17.1000004
16.5
18.0
20.5
18.2000008
15.6999998
11.3000002
10.6999998
9.3000002
7.2999999
2.9
2.1
2.2
2.2
2.2
2.2
2.2
2.2
2.2
2.2
2.2
2.2
2.0
8.4999998
14.4000001
18.9000006
19.3000002
18.1000004
17.0
15.7000003
11.6999998
11.0999999
8.9000001
6.5999999
2.5
2.2
2.1
2.1
2.1
2.1
2.2
2.2
2.1
2.1
2.1
2.1
2.2
9.0999999
16.2000003
16.1000004
16.0
18.0
17.7000008
17.3000002
12.7999997
11.8000002
10.8000002
8.5000002
6.7999999
3.3
2.2
2.3
2.1
2.0
2.3
2.2
2.3
2.2
2.2
2.1
2.1
9.3000002
15.1999998
20.6999998
21.0
20.4999996
17.0999999
16.4000001
11.1999998
10.0
8.7000003
7.9000001
2.4
2.1
2.3
2.2
2.1
2.1
2.2
2.1
2.1
2.2
2.1
2.1
2.0
9.5
15.5
16.7000003
18.6999998
18.5
18.9000006
14.5999999
11.4000001
10.6999998
9.5
5.6999998
2.3
2.2
2.2
2.3
2.1
2.1
2.2
2.1
2.2
2.2
2.1
2.1
2.1
2.1
2.1
2.1
2.1
2.2
2.0
2.2
2.1
2.1
2.2
2.1
2.0
2.2
2.1
2.2
2.1
2.1
2.1
2.1
2.2
2.2
2.2
2.1
2.1
2.0
2.0
2.1
2.0
2.0
2.1
2.0
1.99999998
2.1
2.0
2.0
2.0
2.0
2.0
2.0
2.1
2.1
2.0
2.2
2.1
2.0
2.2
2.0
2.1
9.6999998
17.3999996
21.3
21.9
22.1
21.7
19.7000004
15.3000002
14.8000002
11.8000002
8.5999999
3.0
2.1
2.09999998
1.79999996
2.2
2.1
2.2
2.3
2.1
2.3
2.0
2.2
2.1
9.5
16.4000001
21.3
18.9999996
16.5
17.7000008
16.2999997
12.6999998
11.9000001
11.5999999
8.1000001
2.2
2.1
2.2
2.1
2.2
2.1
2.2
2.2
2.2
2.2
2.2
2.2
2.0
8.6999998
14.5
20.3
18.1999998
20.7
19.3999996
16.6999998
13.5999999
14.0
12.9000001
11.2000003
10.1999998
4.4
2.0
2.1
2.1
2.3
2.2
2.2
2.2
2.2
2.1
2.2
2.2
10.0999999
17.3999996
19.1000004
22.2
20.1999996
19.8
18.8000002
12.1999998
12.3000002
11.0
9.0999999
4.6000001
2.3
2.2
2.2
2.3
2.2
2.2
2.4
2.2
2.3
2.3
2.4
2.2
8.5
16.0
18.0999994
19.8000002
20.6
21.7
18.4000002
14.4000001
10.5
9.1999998
4.9
2.1
2.2
2.1
2.0
2.3
2.0
2.2
1.99999998
2.1
2.1
2.1
2.1
2.1
2.0
2.2
2.0
2.1
2.1
2.1
2.2
2.1
2.1
2.2
2.0
2.2
2.0
2.0
2.2
2.1
2.1
2.1
2.1
2.1
2.1
2.1
2.1
2.1
2.1
2.0
2.1
2.1
2.0
2.0
2.1
1.99999998
2.0
2.1
2.0
2.0
2.1
2.0
2.1
2.1
2.3
2.1
2.1
2.2
2.0
2.2
2.1
2.4
11.7000003
19.3000001
21.4
22.5
21.6
19.8999996
19.9999996
15.0999999
15.2000003
14.0999999
8.3000002
2.4
2.3
2.3
2.3
2.4
2.4
2.4
2.4
2.5
2.4
2.3
2.4
2.4
8.2
16.5999999
18.8000002
18.1000004
18.1999998
20.4
16.9000001
13.7999997
11.9000001
11.4000001
8.7
2.7
2.4
2.3
2.3
2.4
2.3
2.4
2.4
2.4
2.4
2.4
2.3
2.3
8.9000001
15.0999994
21.5
20.3000002
18.8000004
20.0999996
16.6000004
12.4000001
12.0999999
12.2000003
9.6000004
7.8999998
3.3
2.1
2.4
2.2
2.6
2.1
2.1
2.2
2.2
2.1
2.1
1.99999998
8.5
16.2999997
18.7999996
20.9
22.0
19.1999998
17.3000002
11.7000003
12.0
11.4000001
8.1000001
3.7
2.9
2.9
2.9
3.0
2.5
2.9
2.9
3.0
3.1
2.9
2.9
2.9
10.2999997
17.0
18.1999998
19.9
17.5999999
19.4000004
13.6999998
10.2000003
9.9000001
10.0
7.1999998
2.7
2.2
2.3
2.2
2.2
2.4
2.3
2.2
2.3
2.1
2.2
2.3
2.2
2.2
2.2
2.2
2.2
1.89999998
2.2
2.2
2.2
2.2
2.3
2.2
2.2
2.1
2.2
2.1
2.2
2.2
2.2
2.0
2.3
2.3
2.3
1.99999998
2.2
2.2
2.1
1.89999998
2.2
2.1
2.1
2.0
2.1
2.2
2.1
2.2
2.1
2.2
2.2
2.1
2.1
2.2
2.1
2.1
2.2
2.1
2.2
2.2
1.89999998
8.5
15.5999994
15.5999999
17.5999994
19.5
17.7999992
15.5999999
10.1000004
9.6999998
9.0
7.3000002
3.4
2.1
2.1
2.1
2.1
2.1
2.1
2.1
2.0
2.1
2.0
2.1
1.89999998
9.0999999
18.2999992
19.9999998
19.3000002
18.6999998
17.1999998
16.1999998
11.1999998
10.7999997
10.5
6.6999998
2.2
2.2
2.1
2.2
2.1
2.1
2.2
2.2
2.1
2.2
2.1
2.1
2.1
9.2999997
15.6999998
15.0
16.0999999
17.7000003
17.9000006
17.1999998
10.1999998
9.4000001
9.89999960001
7.8000002
8.1999998
5.6000001
2.2
2.1
2.1
2.0
2.2
2.2
2.1
2.2
2.2
2.0
2.1
10.0
17.8000002
19.3000004
22.3
19.3
19.6000004
15.3999996
9.5
9.2999997
8.6999998
6.5999999
2.6
2.1
2.1
2.2
2.1
2.1
2.2
2.2
2.1
2.2
2.2
2.0
2.3
9.2999997
14.0999999
15.9000006
18.1000004
19.3999998
19.6999998
15.3999996
12.0
11.5
10.5
5.20000010001
2.19999998
2.1
2.0
2.0
2.0
1.99999998
2.0
2.0
2.0
2.1
2.0
2.0
2.2
2.0
2.0
2.9
6.4000001
6.7
6.60000000001
4.3
2.6
2.1
2.1
2.2
2.1
2.2
2.1
2.1
2.2
2.1
2.2
2.2
2.1
2.1
2.2
2.2
1.89999998
2.1
2.2
1.99999998
1.99999998
2.1
1.89999998
1.89999998
2.0
2.0
2.2
2.0
1.89999998
2.1
2.0
2.1
1.99999998
2.0
2.2
2.2
2.2
2.1
2.2
2.1
2.2
9.3000002
17.1999999
19.7000004
21.8
19.4999998
17.8999996
14.3999996
11.4000001
11.1999998
11.5999999
5.7
3.2
2.0
2.1
2.1
2.1
2.1
2.2
2.0
2.2
2.1
2.1
2.2
2.0
9.0999999
19.3999996
24.3
13.605
23.4
13.56
21.6999996
16.1999998
14.0999999
11.6999998
6.7999997
2.4
2.1
2.1
2.2
2.1
1.99999998
2.2
2.2
2.2
2.2
2.2
2.1
1.79999996
9.5
17.0999999
22.8
20.7999996
19.6999998
20.2000004
15.8000002
13.7000003
12.6999998
11.1000004
8.2999997
6.10000000001
2.6
2.0
1.89999998
1.79999996
2.3
2.2
1.89999998
2.1
2.0
1.89999998
2.1
1.89999998
8.9000001
18.9000002
21.9
21.4
20.6
21.0999996
15.7999997
11.0999999
11.5
11.7999997
8.1999998
2.7
1.89999998
2.1
2.5
2.39999999999
2.39999999999
2.39999999999
2.60000000001
2.5
2.5
2.5
2.3
2.3
10.7000003
18.6999998
19.0
20.2
19.3999998
20.4
14.8000002
11.2999997
10.2999997
9.5
6.7
2.89999999999
2.2
2.1
2.2
2.1
2.2
2.3
2.2
2.3
2.3
2.3
2.2
2.3
2.2
2.2
2.2
2.2
2.0
2.2
2.1
2.0
2.3
2.1
2.1
2.2
2.2
2.3
2.2
2.1
2.1
2.39999999999
2.1
2.3
2.2
2.2
2.2
2.2
2.1
2.2
2.1
2.0
1.89999998
2.0
2.2
1.80000001
2.0
2.2
2.0
2.1
2.0
2.1
2.1
2.1
2.2
2.2
2.2
1.99999998
2.2
2.2
2.1
1.89999998
9.60000039999
17.2999998
21.9
18.8999996
18.6999998
19.5999996
15.0
10.8000002
11.7999997
11.4000001
7.9000001
2.7
2.1
1.89999998
2.1
2.2
2.1
2.2
2.3
1.99999998
2.1
2.3
2.0
1.79999996
10.0999999
15.2000003
19.6000002
17.0
18.4000006
19.3
14.3999996
10.8000002
11.6999998
10.4000001
6.3999999
2.7
2.0
2.1
2.1
2.1
2.0
2.1
1.79999996
2.2
2.2
2.1
1.79999996
2.0
10.2999997
15.3999996
19.3000004
19.7
18.1000004
22.7
18.8999996
15.0999999
13.2999997
10.3000002
8.5999999
8.8000002
4.0000001
1.79999996
2.1
2.1
2.2
2.0
2.2
2.0
2.1
2.0
2.0
2.0
9.5999999
16.4000001
18.7000002
21.5999996
19.1999998
19.9
15.0000005
11.5
10.4000001
9.60000039999
6.0999999
2.4
2.1
2.1
2.0
2.1
2.1
2.1
2.1
2.1
2.1
2.1
2.2
1.99999998
10.4000001
17.4000001
21.2
22.9
21.6
20.4
17.0999999
12.0999999
12.0
10.1999998
5.29999989999
2.1
1.99999998
2.0
2.2
2.1
2.3
2.1
2.09999998
2.2
2.1
2.1
2.2
2.0
2.3
2.0
2.1
2.1
2.0
2.0
2.2
2.0
2.2
2.0
2.1
1.99999998
2.2
2.0
2.1
2.1
2.2
2.1
2.2
2.0
2.1
2.2
2.0
2.1
2.1
1.89999998
2.0
2.0
1.99999998
2.0
1.99999998
2.1
1.89999998
1.89999998
2.2
1.89999998
1.99999998
2.1
1.99999998
2.0
2.1
2.2
2.0
2.1
2.1
1.89999998
1.89999998
1.99999998
10.1999998
19.8999996
23.1
23.3
23.8
22.5
18.1000001
14.2999997
12.5
9.39999960001
6.29999989999
1.89999998
1.89999998
1.89999998
2.0
1.89999998
1.99999998
2.1
1.89999998
2.0
2.0
2.0
1.89999998
2.0
11.4000001
18.0
19.6999998
16.5
17.0
19.0
13.9000001
9.8000002
10.5
10.5
7.2999997
2.69999998
2.3
2.1
2.2
2.1
2.5
2.3
2.1
2.1
2.2
2.2
2.0
2.2
11.4000001
18.9999996
21.9
22.1
23.9
24.2
21.9
17.8000002
16.9000006
13.2999997
11.0
10.6000004
5.3
2.9
2.9
2.9
3.1
3.2
3.1
2.9
3.0
2.9
2.9
2.8
9.6999998
18.1000002
22.1
22.5
21.5
21.3999998
16.5999999
13.4000001
13.4000001
12.2000003
8.3999999
7.6000001
3.3
3.0
3.2
3.2
2.6
3.1
3.1
3.3
3.1
3.1
3.2
3.1
11.5
20.4
14.9575
21.4
22.6
22.3
17.5000002
14.5
14.3000002
10.7000003
5.0999999
2.0
1.89999998
1.99999998
1.89999998
2.0
2.1
2.1
2.0
2.0
1.89999998
1.99999998
1.89999998
1.89999998
2.1
2.8
3.8
4.0
3.8
2.6
2.2
1.89999998
2.2
2.1
2.0
2.0
2.1
2.1
2.0
2.1
2.1
2.1
2.1
2.2
1.99999998
2.1
2.0
2.1
2.1
2.0
3.5
4.8000002
4.70000010001
3.8
2.8
2.1
2.2
2.2
2.1
2.1
2.1
2.2
2.1
2.1
2.3
2.1
2.3
2.3
2.2
2.1
2.2
2.1
2.2
2.5
4.5999999
5.3
5.1999998
4.1999999
2.2
2.2
1.99999998
1.79999996
1.80000001
1.89999998
1.80000001
1.69999999
1.89999998
2.0
1.89999998
2.0
1.89999998
1.79999996
1.80000001
2.0
1.80000001
1.89999998
1.89999998
2.1
3.6999999
3.8999999
4.5
4.3000001
6.5
8.49999980001
6.3999999
5.0999999
3.79999989999
2.1
1.69999999
1.79999996
1.80000001
1.79999996
1.89999998
1.89999998
1.80000001
1.89999998
1.89999998
1.80000001
1.89999998
1.89999998
1.79999996
2.1
3.7
4.70000010001
4.7
3.5
3.60000000001
4.1999998
4.3
3.1
3.0
3.0
1.99999998
1.79999996
1.79999996
2.0
1.79999996
1.89999998
2.0
1.89999998
1.80000001
2.0
1.89999998
2.0
1.79999996
2.2
4.79999989999
4.2
4.5
4.0
6.3
4.8
4.3
3.9
3.8
3.4
1.99999998
2.0
1.89999998
1.89999998
1.79999996
1.89999998
1.89999998
1.89999998
1.99999998
1.89999998
1.79999996
1.89999998
1.89999998
2.2
5.0999999
5.2
5.0
5.29999989999
4.9000001
5.1999998
4.8
4.1999998
4.29999989999
2.69999998
1.89999998
1.80000001
1.89999998
1.89999998
1.80000001
1.99999998
1.89999998
1.89999998
1.89999998
2.0
1.80000001
2.0
1.69999999
1.89999998
2.3
2.5
2.7
2.4
2.5
2.6
2.39999999999
2.4
2.39999999999
1.89999998
1.89999998
1.99999998
1.89999998
1.89999998
1.79999996
1.89999998
1.79999996
1.89999998
1.89999998
1.79999996
1.89999998
1.79999996
1.79999996
1.89999998
1.89999998
1.79999996
1.89999998
1.89999998
1.89999998
1.79999996
1.89999998
1.79999996
2.0
1.89999998
1.79999996
1.89999998
1.89999998
1.89999998
1.69999999
2.1
1.89999998
1.99999998
1.99999998
1.89999998
1.89999998
1.80000001
1.99999998
9.0
15.7000003
23.4
24.6
19.8425
23.9
20.7000002
17.0999994
15.4000001
12.5999999
10.5999999
2.7
2.3
2.2
2.3
2.3
2.3
2.3
2.39999999999
2.3
2.3
2.3
2.3
2.2
10.7999997
21.8
18.06
18.2425
19.2125
19.9125
21.0000002
17.1999998
18.5
14.8000002
9.6999998
3.3
2.2
2.1
2.2
2.1
2.2
2.2
2.2
2.2
2.2
3.4
3.7
3.7
11.1999998
20.4999998
17.1075
17.57
24.2
17.955
20.9000002
16.5
16.3000002
11.9000001
9.9000001
8.1000001
3.59999998
2.1
2.1
2.1
2.1
2.1
2.2
1.99999998
2.1
2.1
2.0
2.0
9.5
18.0999994
21.8
24.0
22.6
22.8
16.93
20.7999996
19.3999996
15.7000003
10.8000002
2.8
2.0
2.0
1.89999998
2.1
1.00689655173
0.0137931034478
0.0137931034478
0.0137931034478
0.0137931034478
0.0137931034478
0.0137931034478
0.0137931034478
0.0137931034478
0.0137931034551
0.0137931034478
0.0137931034478
0.0137931034478
0.0137931034478
0.0137931034478
0.0137931034478
0.0137931034478
0.0137931034478
0.0137931034478
0.0137931034478
0.0137931034478
0.0137931034478
0.0137931034478
0.0137931034478
2.025
2.065
2.065
1.95
1.88
1.8175
1.7775
1.77
1.71
1.7875
1.97
2.245
2.32
2.2675
2.2425
2.15
2.1875
2.2175
2.16
2.125
2.1425
2.165
2.125
2.14
2.135
2.1675
2.2025
2.18
2.155
2.1575
2.115
2.115
2.12
2.1575
2.215
2.2225
2.085
1.98
1.81
1.7975
1.8625
1.88
1.955
1.9425
1.975
2.065
2.0975
2.1075
1.30689655172
0.906896531727
2.1
2.2
2.2
2.39999999999
2.2
2.3
9.2999997
18.7
23.5
23.7
21.3
24.0
21.5
16.6000004
17.0999994
14.3999996
11.2999997
4.3000001
2.39999999999
2.5
2.60000000001
2.60000000001
2.39999999999
2.60000000001
2.60000000001
2.5
2.60000000001
3.2
4.0999999
4.0
11.1999998
19.7999998
24.0
23.8
23.4
24.1
20.4
14.9000001
15.5999999
14.3999996
8.5
3.3
2.5
2.60000000001
2.5
2.5
2.60000000001
2.60000000001
2.60000000001
2.5
2.5
2.5
2.60000000001
3.39999999999
11.1000004
18.9000001
23.0
20.3999996
20.1
20.1000002
16.8999996
14.0
15.8000002
13.5
12.5
12.8000002
6.3000001
2.8
2.8
2.60000000001
2.7
2.8
2.8
2.8
2.8
2.8
4.0
4.1999998
12.9000001
19.3999996
22.1
21.5
24.2
17.8125
19.1000004
14.0
14.0999999
14.0999999
11.0
4.70000010001
2.60000000001
2.7
2.60000000001
2.60000000001
2.5
2.6
2.8
2.7
2.7
2.6
2.7
2.60000000001
10.4000001
17.4000006
21.3
20.4999996
20.1000002
20.1999996
15.5
12.0999999
13.9000001
13.2000003
10.0
3.0
2.2
2.1
2.2
2.2
2.3
2.2
2.3
2.1
2.2
2.2
2.1
2.2
2.1
2.2
2.1
2.2
2.0
2.2
2.2
2.2
2.1
2.3
2.39999999999
2.5
2.39999999999
2.6
2.4
2.5
2.4
2.5
2.60000000001
2.60000000001
2.5
2.60000000001
2.39999999999
2.5
2.5
2.2
2.1
2.2
2.0
2.2
2.1
2.1
2.2
2.1
2.2
2.2
2.2
2.2
2.1
2.2
2.3
2.2
2.4
2.3
2.5
3.7
3.7
3.60000000001
11.0
17.2999997
18.9475
20.4575
22.7
21.6
17.6
13.5
15.4000001
13.9000001
11.2999997
3.6
2.3
2.1
2.2
2.3
2.5
2.2
2.5
2.3
2.3
2.39999999999
2.3
2.3
9.6999998
17.5
21.9
22.4
23.5
23.9
19.6
14.0999999
15.8999996
15.5999999
12.5
5.3000001
2.7
2.60000000001
2.8
2.7
2.7
2.7
2.5
2.3
2.3
2.9
3.8
3.9
10.0999999
18.5
22.2
22.3
23.4
18.7675
22.3999996
16.2000003
15.0999999
15.3000002
14.6000004
12.3000002
6.0999998
2.60000000001
2.6
2.39999999999
2.4
2.5
2.4
2.3
2.3
2.3
2.39999999999
2.3
10.1000004
20.3
22.6
24.1
22.545
21.5725
22.7000002
16.1000004
15.5999999
15.7000003
9.49999980001
4.10000000001
2.39999999999
2.60000000001
2.5
2.5
2.4
2.5
2.60000000001
2.60000000001
2.5
2.7
3.9
3.5
11.5
18.1999998
20.2999996
21.0
22.0
23.5
17.8000002
12.8000002
14.5
13.8000002
9.5999999
2.9
2.3
2.3
2.2
2.39999999999
2.3
2.2
2.5
2.2
2.3
2.2
2.1
2.3
2.2
2.1
2.0
2.3
2.1
2.1
2.2
2.1
2.2
2.1
2.2
2.1
2.2
2.2
2.0
2.3
2.2
2.2
2.1
2.2
2.1
2.1
2.1
2.2
2.1
2.1
2.0
2.1
2.1
2.1
2.2
2.0
2.2
2.1
2.1
2.3
2.1
2.2
2.3
2.1
2.2
2.3
2.1
2.2
2.2
2.2
2.3
2.6
8.6999998
20.9000002
21.54
23.3425
22.2
22.6825
20.5000004
15.1000004
15.0
15.3000002
9.50000019999
2.5
2.3
2.39999999999
2.39999999999
2.3
2.3
2.39999999999
2.3
2.7
4.2
4.0999999
4.0
5.0999999
13.2000003
22.8000002
20.6525
20.7375
21.7125
22.4025
22.7
16.6000004
15.6999998
14.7999997
10.6999998
2.5
2.3
2.39999999999
2.2
2.3
2.39999999999
2.39999999999
2.39999999999
2.3
2.3
2.60000000001
2.5
2.9
10.6999998
19.5000002
19.9675
24.3
23.5
23.6
18.7
13.7000003
13.8000002
14.4000001
14.0999999
11.0999999
5.10000000001
2.4
2.5
2.60000000001
2.4
2.60000000001
2.60000000001
2.5
2.5
2.7
3.3
3.2
11.0
21.0999996
19.62
21.2925
24.4
23.2
19.8999996
15.2000003
13.0
15.0
11.9000001
4.1
2.7
2.5
2.5
2.5
2.60000000001
2.60000000001
2.60000000001
2.5
2.60000000001
2.5
2.7
3.2
12.4000001
19.9999998
23.0
24.3
24.6
18.24
18.1000002
14.9000001
15.6000004
14.3000002
9.90000009999
3.3999999
2.5
2.5
2.5
2.6
2.39999999999
2.5
2.5
2.39999999999
2.4
2.5
2.39999999999
2.5
2.39999999999
2.4
2.39999999999
2.3
2.39999999999
2.3
2.3
2.5
2.4
2.60000000001
2.60000000001
2.60000000001
2.7
2.7
2.7
2.5
2.39999999999
2.60000000001
2.7
2.5
2.7
2.39999999999
2.7
2.7
2.7
2.4
2.39999999999
2.39999999999
2.2
2.39999999999
2.3
2.3
2.3
2.60000000001
2.6
2.5
2.3
2.5
2.3
2.4
2.5
2.39999999999
2.39999999999
2.5
3.1
3.0
3.2
3.6
15.1999998
24.0
18.995
24.2
24.1
20.23
22.9999996
17.1000004
17.8999996
15.5
9.0999999
2.9
2.9
3.0
2.60000000001
2.8
