62.300002
70.900002
70.799999
69.5
81.5
82.700001
85.700001
109.400002
139.5
199.399997
235.2
238.5
225.1
232.2
228.0
208.4
183.100006
177.5
160.700005
139.400001
103.100003
90.199996
81.900002
80.800004
71.299999
70.600003
71.299999
72.200001
81.700001
81.400002
83.700001
104.299999
140.799995
194.499997
221.7
222.7
212.6
222.7
207.7
193.699997
179.299995
181.300003
157.300004
120.0
98.799999
83.900002
82.899997
83.0
72.799999
71.799999
73.200001
73.799999
83.599998
85.700001
88.099998
113.899997
142.900002
190.400001
215.9
221.3
199.199997
203.4
198.599998
194.699997
182.0
185.900002
160.0
138.900001
103.600003
93.700001
83.799999
82.399997
71.700001
73.0
73.599998
73.700001
84.099998
84.300004
87.0
104.0
142.0
210.400002
234.2
196.2175
232.4
238.1
228.8
227.2
208.9
192.600003
157.5
134.399998
103.900002
93.200001
83.700001
82.300004
62.300001
72.300004
71.600003
71.700001
82.099998
83.5
86.700001
107.5
143.5
195.599997
218.4
224.5
218.9
213.4
210.9
193.699997
175.899994
174.400002
160.099998
136.5
97.5
86.099998
66.099998
65.899997
50.800001
47.3
47.4
47.300001
46.600001
46.6
46.200001
56.099998
56.600001
47.200001
43.5
36.600001
29.7
31.2
37.300001
42.6
44.400002
54.8
55.699999
55.300001
55.6
56.399999
56.100001
56.600001
46.2
45.800001
45.5
45.099998
45.700001
45.7
44.799999
55.5
54.700001
47.3
43.200001
36.100001
38.299999
37.800001
35.4
44.4
45.4
54.899999
56.4
55.5
56.100001
56.8
56.900002
56.799999
61.0
54.6
54.399999
53.799999
66.5
69.299999
70.299999
92.700001
126.100003
192.300003
220.4
212.9
194.799995
199.999997
193.299995
190.700005
180.5
182.199997
156.700005
137.800003
107.5
96.5
87.799999
86.200001
72.799999
77.0
76.200001
75.0
84.900002
86.5
85.800004
106.5
129.599998
201.2
225.7
231.7
229.6
226.2
228.9
212.8
196.599998
176.900002
156.100006
123.299995
98.099998
81.899997
80.600003
79.200001
68.700001
68.599998
69.599998
69.100003
77.300004
77.900002
82.200001
105.900002
139.5
192.400002
219.5
205.5
191.800004
195.699997
199.5
196.0
173.800003
170.800003
152.599999
132.499996
98.100003
89.799999
80.5
79.799999
69.200001
69.400002
69.299999
69.5
75.800004
78.200001
77.799999
97.599998
136.699997
195.199998
217.0
227.2
206.7
222.8
216.9
209.1
180.0
171.599998
152.199997
132.800003
99.5
87.5
83.0
79.899997
70.099998
69.0
69.5
68.299999
77.399997
76.200001
80.399997
97.700001
134.799995
195.900003
215.4
207.1
201.8
221.1
208.5
193.599999
173.599998
166.900001
152.0
125.000004
91.0
81.5
78.799999
80.099998
67.599998
62.800001
63.199999
63.199999
63.200001
63.699999
61.700001
71.899997
70.799999
66.199999
56.3
47.199999
43.5
46.6
48.6
55.0
53.4
64.0
64.900002
67.899997
73.900002
73.600003
72.900002
74.400002
58.0
60.5
60.5
61.299999
57.099998
54.200001
53.9
63.900002
64.599998
57.1
52.799999
51.699999
48.600001
47.5
51.9
50.899999
53.199999
63.700001
63.5
63.699999
64.199999
61.900002
65.300004
63.799999
63.799999
68.600003
69.599998
68.900002
78.099998
82.400002
83.299999
107.200001
144.800003
192.5
224.1
221.8
219.8
221.0
220.1
194.099999
166.200005
167.0
146.099999
128.5
99.5
88.100003
85.299999
84.0
74.300004
76.200001
73.899997
72.299999
81.599998
82.700001
81.799999
105.799999
142.299995
202.300003
216.7
227.1
216.9
221.2
210.1
208.6
190.9
185.699997
167.599999
149.699997
116.899998
86.099998
84.599998
83.700001
72.0
73.099998
72.799999
73.200001
80.799999
81.300004
79.400002
104.799999
143.599998
194.9
219.5
227.6
206.8
217.9
208.0
188.099998
176.0
174.799995
160.199997
146.599998
110.099998
103.700001
82.799999
80.899997
69.399997
68.699996
67.900002
68.5
77.700001
77.099998
79.799999
101.0
135.899997
190.099997
211.5
225.0
209.5
217.2
210.6
195.699998
178.299995
172.299995
152.099999
130.600003
103.199996
88.5
81.700001
78.399997
60.1
67.700001
67.700001
67.799999
74.799999
73.799999
77.0
102.5
139.099999
178.800003
195.199996
197.699997
165.900001
171.399994
161.800004
135.599999
111.299999
109.599998
79.400002
73.299999
64.200001
62.799999
62.299999
62.200001
52.400002
53.200001
52.0
53.100001
52.0
50.700001
50.5
61.0
60.1
55.3
50.5
48.299999
46.799999
45.800001
47.300001
48.1
50.799999
60.800001
61.7
62.300001
61.699999
62.5
62.0
61.5
51.4
52.0
51.200001
50.799999
51.599998
51.100001
51.099998
61.099998
60.899999
55.300001
50.799999
46.899999
46.0
46.300001
47.400002
49.5
50.599998
60.6
61.300001
61.599998
61.5
61.6
60.9
61.0
51.399999
51.399999
50.600001
50.0
50.799999
50.8
51.5
61.200001
63.300002
65.000002
60.0
60.900002
60.200001
57.6
53.100001
50.799999
51.099998
60.0
61.1
61.099998
62.100001
63.1
62.199999
60.799999
26.1731958763
0.546391752578
0.546391752578
0.546391752578
0.546391752578
0.546391752578
0.546391752578
0.546391752578
0.546391752578
0.546391752578
0.546391752578
0.546391752578
0.546391752578
0.546391752578
0.546391752578
0.546391752578
0.546391752578
0.546391752578
0.546391752578
0.546391752578
0.546391752578
0.546391752578
0.546391752578
0.546391752578
62.515
62.23
62.225
62.3
68.7975
73.5225
77.8975
98.8025
125.165
159.4875
183.475
185.495
179.2275
179.455
178.0575
172.8325
164.6
164.3775
145.82
127.1325
104.8
92.1875
84.1825
80.6725
31.8731958763
26.7731958763
51.599998
51.699999
52.0
52.0
51.9
62.4
63.399999
57.699999
51.300001
47.9
42.100001
38.399999
43.100001
51.600001
52.100001
63.699998
66.900002
67.5
67.299999
67.299999
66.399997
71.599998
58.3
63.999998
64.199996
63.700001
63.6
63.200001
63.800001
72.799999
73.0
68.299999
60.400002
55.300001
53.200001
53.6
54.299999
54.299999
54.600001
63.299999
64.5
63.700001
63.5
63.300001
63.200001
63.6
53.700001
54.0
53.7
53.5
53.399999
53.299999
54.400002
63.399999
63.0
57.3
51.800001
46.0
43.0
47.5
47.400002
51.0
52.5
61.799999
64.099998
64.5
63.1
64.300002
64.299999
64.200001
61.5
54.800001
52.9
52.0
53.899999
55.6
60.1
65.0
64.0
57.8
57.300001
53.0
41.199999
37.5
43.399999
50.1
52.399999
64.599998
71.799999
73.0
73.5
74.699996
81.0
80.900002
67.199998
64.5
65.399997
72.0
70.400002
65.900002
64.599998
74.5
80.600003
76.299999
65.0
46.8
42.700001
39.700001
45.799999
52.600001
53.9
63.700001
71.900002
75.100003
75.799999
76.200001
77.899997
83.0
71.5
65.600003
66.200001
71.399997
71.699996
71.100003
65.099998
75.599998
74.799999
69.700001
63.299999
57.0
43.399999
41.900002
44.4
51.3
54.1
63.000002
65.5
68.700001
74.399997
74.299999
75.300004
79.599998
62.199999
68.799999
64.799999
65.0
70.600003
71.200001
71.5
75.0
70.099998
59.600003
53.099998
50.599998
47.5
47.4
42.8
50.900002
52.2
62.799999
64.599998
64.799999
65.200001
65.200001
64.600003
65.5
27.5
55.5
54.799999
54.399999
54.4
55.399999
60.200001
65.099998
64.799999
54.800001
55.200001
51.899999
52.199999
52.800001
54.0
54.2
57.600001
65.399997
64.899997
64.700001
64.5
64.099998
63.9
58.400002
54.1
54.1
53.5
53.299999
53.399999
53.5
54.399999
64.799999
68.599998
61.300001
54.5
48.4
42.0
39.699999
44.700001
51.6
53.300001
62.6
65.5
65.799999
66.099998
65.599998
65.599998
65.0
54.4
53.700001
52.9
54.5
54.0
54.0
53.399999
63.699998
63.799999
58.899999
52.900002
52.8
51.900002
50.100001
48.5
52.0
53.0
61.399997
64.400002
64.200001
64.599998
64.899997
64.900002
64.600003
57.0
59.1
54.699999
62.699999
62.800001
61.699999
60.0
70.599998
65.199998
58.5
53.299999
52.0
51.899999
51.900002
52.699999
53.0
53.799999
61.300001
64.199999
64.299999
64.5
64.399997
64.5
64.0
62.499998
70.299999
69.900002
68.400002
75.299999
77.700001
83.299999
106.100003
121.200005
141.5
127.700001
133.599998
150.199996
156.5
155.400002
138.700005
117.5
117.099998
107.0
98.199996
96.600003
96.399997
81.199996
80.299999
71.400002
70.799999
70.700001
70.299999
77.900002
78.5
80.399997
99.099998
129.500004
211.0
224.8
203.099998
198.299997
192.5
193.499997
192.299995
179.699997
175.199997
154.400001
135.5
104.900002
87.299999
82.5
83.799999
70.599998
71.800004
72.699996
70.799999
79.100003
81.299999
83.700001
102.599998
132.900001
196.599998
227.6
221.6
215.5
223.7
220.6
205.3
186.300003
176.200005
164.599999
127.399997
96.800004
85.799999
82.600003
79.299999
68.599998
68.799999
68.0
68.099998
76.299999
76.799999
78.700001
97.400002
136.400002
202.300003
230.4
220.3
187.400001
198.900002
186.699996
179.799995
175.600006
184.899994
171.099998
145.0
109.5
93.0
87.200001
78.599998
68.600003
68.0
68.099998
68.0
75.899997
76.200001
77.400002
95.799999
136.699996
190.300003
219.4
207.9
206.1
228.1
235.9
220.5
186.0
157.099998
143.800004
128.200001
92.099998
81.099998
80.299999
80.100003
60.499998
53.699999
52.399999
52.2
52.599998
51.799999
51.899999
61.399999
62.299999
56.4
52.1
55.3
47.7
43.100001
45.899999
48.9
52.0
59.700001
63.3
63.700001
64.4
62.699999
64.900002
64.299999
55.0
53.9
54.4
53.0
53.9
53.200001
53.699999
63.6
63.8
56.5
49.100001
44.1
45.0
42.199999
43.0
49.2
51.0
58.1
62.300001
63.0
63.600001
63.199999
63.199999
63.5
62.100001
71.700001
71.899997
71.900002
79.0
80.700001
83.5
98.199996
137.299999
199.300002
225.0
220.8
212.3
228.9
218.9
209.7
182.700005
168.700005
148.900001
129.800004
103.600003
90.0
79.299999
75.899997
69.600003
66.600003
65.5
66.599998
74.799999
73.200001
77.099998
92.200001
139.5
199.499997
221.8
234.6
217.0
209.2
195.500002
191.699996
174.199997
168.400002
153.200005
133.399994
104.700001
85.599998
83.0
82.400002
68.799999
69.899997
72.0
71.299999
78.399997
80.400002
81.400002
98.099998
126.999996
190.299998
228.5
207.4
186.900001
192.0
199.5
194.299995
172.799995
165.900002
145.300003
128.5
99.5
89.0
78.5
78.100003
68.699996
67.399997
67.5
67.700001
74.900002
77.400002
78.799999
93.0
138.799999
199.099997
223.0
223.7
201.5
221.9
204.300002
202.000003
176.300003
155.0
153.800004
132.400002
102.600003
93.700001
88.0
79.100003
71.799999
69.200001
68.599998
68.899997
76.100003
76.5
77.899997
96.200001
138.0
195.600003
216.5
205.1
191.299995
206.3
205.4
191.900001
163.900002
146.800003
147.900002
127.299999
96.399997
83.300004
83.599998
84.799999
68.700001
66.799999
66.299999
64.700001
65.400002
64.799999
65.100003
71.5
72.299999
66.4
65.799999
65.700001
61.9
61.199999
61.0
60.899999
63.599998
65.200001
74.700001
75.0
72.700001
73.899997
74.899997
72.5
65.0
64.900002
64.5
64.200001
62.400002
64.5
64.199996
75.200001
75.299999
68.800004
59.5
50.0
46.700001
46.600001
48.399999
59.5
62.199999
64.900002
75.0
71.699996
72.300004
71.900002
72.200001
71.799999
69.600003
71.5
71.700001
71.199996
79.899997
81.700001
83.900002
105.399997
141.600006
195.2
217.7
210.9
192.199997
197.100006
189.5
176.800003
167.600006
156.699996
151.599998
134.300004
110.799999
98.299999
88.200001
86.100003
74.799999
76.700001
75.200001
74.799999
77.700001
83.400002
85.899997
106.600003
151.700005
204.399997
229.4
222.4
217.0
227.0
216.2
211.9
184.099999
168.800004
151.700005
131.5
106.299999
87.200001
84.5
82.599998
72.899997
73.0
72.900002
72.799999
83.0
81.100003
82.900002
102.5
137.599999
189.900002
214.7
217.2
202.8
213.2
214.0
201.999998
164.699996
161.0
152.099998
133.900001
109.699996
95.0
84.600003
81.900002
72.899997
72.5
71.400002
72.0
79.899997
80.299999
80.700001
99.700001
137.100003
195.100002
226.6
226.7
208.6
224.5
218.8
213.4
188.399994
175.700005
157.799995
135.900002
109.600003
99.900002
94.0
86.299999
70.099998
75.399997
75.700001
74.899997
81.700001
84.599998
83.699996
103.899997
132.200001
190.300002
216.4
207.1
194.899997
204.600002
201.6
199.300003
174.900001
142.0
148.900001
128.699997
94.200001
80.099998
78.199996
75.599998
60.599998
53.599998
51.5
51.899999
52.700001
52.0
51.699999
61.599998
61.6
52.9
45.800001
37.7
37.699999
37.300001
37.1
41.700001
49.1
53.399999
61.7
61.8
61.6
62.0
60.9
59.799999
55.399999
61.399999
60.300001
55.100001
52.4
51.5
51.600001
62.1
59.6
50.5
47.5
49.0
47.100001
45.8
46.5
47.9
49.699999
52.600001
60.400002
61.6
60.799999
61.0
61.300001
60.5
59.300001
64.700001
66.599998
64.700001
73.5
74.299999
76.899997
93.699996
140.5
188.900002
220.6
211.8
187.400001
198.400002
212.1
198.300003
182.299995
157.099998
156.900001
136.299995
111.399997
96.5
86.800004
81.600003
67.600003
68.100003
68.400002
69.600003
76.199996
77.199996
78.5
98.099998
139.5
195.299998
229.9
219.5
198.799998
207.1
198.9
201.400003
186.5
179.800004
170.899994
153.400001
141.900001
100.799999
78.800004
78.400002
67.700001
68.100003
67.700001
67.299999
73.599998
73.900002
75.5
93.599998
130.099998
198.699998
229.1
219.0
192.799995
192.099998
188.200005
191.300003
166.199997
161.700005
148.099999
129.000004
101.5
88.900002
78.700001
77.399997
72.700001
70.400002
69.700001
69.700001
72.399997
77.900002
78.399997
102.799999
128.400001
185.699997
212.2
219.1
194.999997
215.7
210.0
205.999997
183.0
162.199997
152.099999
133.900002
109.400002
98.900002
93.800004
85.399997
71.899997
75.0
75.099998
72.5
83.099998
81.600003
85.299999
110.799999
142.899994
179.399994
199.899998
191.0
184.800004
216.7
204.3
193.399994
162.199996
147.700005
144.900002
130.599998
90.900002
77.599998
77.600003
78.400002
60.500002
60.800001
52.6
52.800001
52.899999
52.600001
52.0
62.0
62.5
50.700001
50.3
50.600001
50.600001
45.800001
35.0
38.799999
47.6
51.600001
62.4
63.100001
62.800001
62.1
60.5
60.699999
57.899999
53.899999
52.899999
52.0
52.6
52.299999
51.7
63.3
62.9
50.300001
47.899999
47.0
44.9
42.300001
33.999999
38.1
48.900002
52.099998
63.5
62.299999
68.400002
71.0
72.799999
71.600003
66.5
68.899997
69.799999
69.299999
76.099998
78.0
81.799999
107.0
134.5
188.900002
218.7
222.9
216.3
221.7
206.9
190.300004
165.199996
161.900001
152.299995
137.700005
107.899997
94.700001
84.0
81.0
72.599998
71.5
69.799999
69.899997
80.700001
78.399997
79.899997
103.899997
148.799995
186.700003
226.8
215.5
207.700002
192.5
191.099999
177.5
165.900002
159.0
162.599998
151.699997
121.400002
109.200001
93.300004
85.299999
72.200001
76.299999
74.700001
74.700001
83.400002
82.800004
84.700001
103.099998
142.100002
194.300003
214.2
195.999998
180.5
181.199996
195.299995
193.200005
176.700005
160.199996
153.700005
142.800003
119.099998
104.700001
88.800004
81.5
70.300004
71.699996
71.199996
70.299999
77.600003
77.700001
80.799999
107.200001
141.200005
188.6
218.9
236.2
210.1
230.5
238.6
214.1
187.5
168.300003
157.299995
147.199997
120.900002
112.799999
100.099998
81.299999
71.099998
71.299999
70.300004
70.5
78.800004
80.399997
82.700001
101.399997
136.600003
180.800003
207.8
192.099999
172.5
183.800003
200.2
185.300003
158.199997
148.800003
152.100006
134.0
98.599998
86.5
81.599998
81.400002
68.700001
56.200001
55.800001
55.5
56.6
63.600001
63.299999
72.099998
73.299999
55.5
53.600001
64.0
62.0
53.6
50.600001
53.899999
54.1
54.299999
62.700001
65.100003
65.199996
65.599998
65.700001
67.400002
59.3
64.799999
62.900002
62.699999
67.4
63.600001
62.600001
76.700001
76.299999
60.700001
58.0
42.799999
34.799999
34.699999
42.600001
43.4
46.700001
52.200001
63.0
65.0
65.200001
64.800004
65.5
68.599998
67.200001
72.0
70.799999
70.200001
80.400002
81.900002
84.299999
104.399997
134.900002
184.0
205.6
199.2
178.400001
177.699996
164.800004
170.200005
161.900001
157.400002
152.199997
141.299995
114.5
103.0
89.599998
87.300004
72.599998
77.599998
77.100003
76.699996
85.200001
88.5
92.799999
110.099998
138.799995
195.4
236.4
232.8
217.9
232.2
223.5
195.000002
174.200005
161.700005
158.0
140.5
107.299999
86.400002
80.099998
78.400002
69.700001
68.900002
68.899997
68.900002
77.799999
79.700001
81.700001
104.200001
140.300004
191.0
232.0
234.8
222.0
233.6
225.5
210.3
175.0
161.400002
154.199997
144.0
107.100003
87.5
80.5
78.800004
76.100003
69.299999
70.400002
69.399997
78.700001
81.700001
81.899997
100.299999
135.300003
197.1
223.5
235.4
214.0
209.2
187.099999
180.800003
158.899994
154.5
148.199997
135.899994
115.0
100.700001
94.5
94.100003
75.5
84.300004
82.700001
81.5
91.800004
92.899997
93.0
126.399998
162.099998
191.300003
220.4
224.9
214.9
218.0
197.0
200.700003
177.699997
145.199996
139.900001
127.700001
94.800004
82.299999
77.400002
77.300004
58.499998
52.9
50.200001
50.4
50.800001
49.6
50.699999
59.0
56.4
49.100001
50.0
54.399999
48.700001
36.1
41.600001
41.199999
44.699999
46.6
55.199999
58.300001
58.600001
58.600001
58.9
58.600001
49.699999
49.799999
49.799999
48.5
49.5
48.699999
49.200001
57.800001
54.699999
47.0
47.0
47.7
43.4
41.8
37.6
44.299999
46.899999
47.599998
54.100001
58.2
58.1
59.0
58.700001
58.300001
56.599998
50.0
49.0
48.699999
49.5
48.900002
50.0
67.200001
65.400002
66.300004
72.5
98.099998
103.299999
99.0
96.799999
91.099998
83.700001
84.400002
83.400002
82.0
80.399997
77.899997
73.899997
73.799999
65.0
64.499998
64.800004
64.699996
73.099998
75.200001
75.599998
91.5
93.799999
89.799999
84.799999
84.100003
81.100003
82.199996
82.600003
90.599998
93.799999
90.799999
86.0
86.0
83.299999
81.200001
77.5
76.900002
68.799999
68.5
68.199996
68.200001
76.599998
77.599998
79.5
94.899997
95.700001
92.899997
96.299999
103.199996
94.799999
100.599998
101.899997
97.899997
93.799999
91.600003
88.900002
88.799999
86.799999
84.100003
79.599998
80.099998
70.700001
70.299999
70.299999
70.0
79.299999
79.399997
81.5
98.200001
107.200001
109.0
111.5
119.600003
114.599998
113.599998
110.800004
97.400002
87.400002
91.299999
90.899997
91.0
90.0
86.0
81.599998
81.299999
60.600003
71.400002
70.799999
71.0
80.200001
80.700001
80.600003
98.0
98.299999
96.5
60.100001
66.700001
71.599998
61.800001
51.0
44.1
45.799999
51.0
54.300001
60.299999
60.200001
60.9
59.299999
59.199999
54.900002
50.5
49.799999
49.2
50.300001
50.399999
50.699999
62.800002
62.299999
48.799999
42.100001
37.099998
36.700001
30.2
29.099999
32.800001
43.4
47.5
53.299999
60.300001
60.200001
59.799999
63.000002
68.799999
54.200001
60.0
58.399999
58.800001
59.099998
58.6
59.4
68.0
61.799999
54.0
47.3
48.5
48.400002
48.600001
46.8
48.1
48.2
49.900002
53.3
59.899999
59.300001
59.799999
59.699999
59.3
61.199999
50.599998
49.9
49.1
49.900002
49.4
52.4
107.700001
146.200005
200.300003
233.2
239.2
207.400003
221.9
210.7
181.800003
168.0
154.099998
142.100006
137.099999
109.799999
99.400002
82.299999
82.600003
71.799999
72.0
72.400002
72.100003
78.599998
80.200001
82.0
103.099998
134.800003
170.0
196.699997
209.7
175.0
189.400001
184.0
178.299995
166.199997
159.699997
149.099998
146.400002
111.700001
88.0
82.299999
81.100003
70.600003
72.5
72.0
71.300004
79.5
80.299999
83.5
105.799999
126.700001
184.099999
209.8
203.2
176.699997
188.0
178.799995
185.299995
166.200005
151.0
139.899994
132.099998
104.900002
92.099998
80.299999
80.400002
70.200001
70.799999
70.299999
69.900002
78.200001
78.0
79.699996
97.899997
120.300004
201.199998
228.1
224.8
218.7
219.7
209.4
187.900001
157.400002
147.699997
140.599998
135.0
109.099998
96.200001
87.199996
79.900002
68.900002
71.200001
70.400002
69.599998
77.200001
77.5
79.5
97.700001
118.099998
162.099998
176.0
174.300003
183.0
198.700003
188.0
173.099999
154.0
143.300003
133.400001
132.0
99.100003
83.300004
77.300004
77.0
59.200001
52.9
52.4
51.7
52.200001
51.899999
51.3
61.2
53.4
48.399999
45.899999
48.4
44.399999
48.700001
40.199999
45.600001
48.800001
49.7
53.7
62.5
62.5
61.700001
61.900002
61.299999
52.0
52.300001
51.699999
51.699999
52.600001
51.800001
51.099998
60.699999
50.899999
41.4
34.499999
32.500001
22.2
31.1
38.300001
49.3
48.399999
49.299999
52.700001
61.1
61.4
61.099998
61.2
61.0
26.8428571837
1.48571436736
1.48571436733
1.48571436736
1.48571436736
1.48571436733
1.48571436736
1.48571436733
1.48571436736
1.48571436736
1.48571436733
1.48571436736
1.48571436736
1.48571436733
1.48571436736
1.48571436733
1.48571436736
1.48571436736
1.48571436733
1.48571436736
1.48571436736
1.48571436733
1.48571436736
1.48571436736
36.2428571837
37.3428551837
72.700001
72.800004
79.5
80.299999
86.200001
101.299999
118.799999
167.0
204.1
214.5
172.799995
178.900002
170.299995
157.800004
145.199997
138.0
137.900001
142.600006
112.5
88.600003
80.5
80.399997
71.799999
71.5
71.299999
71.599998
78.0
79.300004
82.099998
101.400002
112.200001
164.599999
188.900002
169.699997
175.599998
168.299995
168.700005
170.400002
150.0
145.300003
139.0
139.300003
110.400002
93.5
81.5
82.600003
69.299999
70.600003
71.299999
71.799999
78.899997
79.0
84.900002
111.900002
124.099998
176.0
193.900002
196.799997
193.100003
202.3
198.100003
194.599998
158.799995
149.299995
132.599998
129.400001
107.099998
96.200001
86.5
78.5
69.5
70.299999
69.700001
68.400002
72.299999
72.800004
81.200001
106.799999
126.0
167.5
166.900002
164.0
161.699997
177.199997
180.0
169.099999
143.799995
138.800004
129.699997
128.799995
99.200001
84.0
78.5
78.900002
61.700001
55.2
53.099998
51.700001
51.900002
53.9
53.200001
62.100001
52.700001
49.600001
44.199999
42.5
34.100001
24.1
29.5
32.600001
38.9
46.799999
51.899999
62.4
62.599998
61.300001
61.0
61.9
56.0
54.5
53.399999
53.0
54.299999
53.2
53.0
60.200001
51.0
50.300001
50.8
52.599998
50.399999
46.4
42.9
43.100001
39.400002
46.5
51.9
62.100001
62.8
63.299999
63.0
63.5
65.000002
67.900002
69.299999
69.099998
73.700001
73.400002
80.699996
97.400002
127.899997
187.400001
233.1
224.3
225.9
141.6775
226.8
212.9
182.7
150.200005
140.0
137.800003
116.700001
103.0
95.0
79.800004
69.300004
69.400002
69.400002
68.799999
72.099998
73.400002
86.400002
99.299999
119.700001
165.199997
179.5
174.599999
177.700005
179.400002
165.800003
157.800003
141.900001
139.600006
127.5
128.099998
108.099998
85.200001
78.900002
79.0
69.200001
69.900002
69.099998
68.0
73.0
74.600003
80.299999
102.299999
122.800003
166.5
198.600003
216.4
210.3
225.5
214.3
201.000002
172.399994
158.099998
136.299995
126.299999
104.799999
90.300004
78.700001
79.5
68.900002
70.700001
70.0
69.099998
73.799999
75.099998
80.700001
100.0
124.900002
178.300004
208.8
213.6
202.599998
221.1
216.8
210.6
187.0
166.5
143.5
135.800003
114.300004
96.800004
88.099998
79.599998
67.100003
69.900002
69.099998
69.400002
72.900002
73.700001
79.200001
93.700001
122.100003
185.199997
215.1
217.8
206.5
220.1
211.1
194.100006
164.400002
137.800004
133.900001
123.299999
89.799999
81.399997
75.599998
74.200001
59.199999
52.0
49.5
48.700001
49.299999
51.200001
50.299999
57.5
47.9
46.1
55.700001
53.5
44.600001
42.700001
46.399999
44.399999
47.099998
47.8
48.6
59.8
59.1
59.300001
59.5
61.399999
50.0
50.300001
49.5
49.4
51.3
49.1
48.6
54.9
51.3
45.5
43.100001
41.200001
47.6
42.700001
42.300001
42.300001
47.600001
50.699999
48.599998
55.5
58.100001
59.800001
59.400002
58.200001
58.799999
67.400002
65.5
64.5
70.400002
68.5
77.700001
94.400002
118.200005
177.599998
213.5
230.4
216.1
201.4
195.0
177.0
168.699997
154.599999
134.600006
125.200001
99.399997
90.900002
82.099998
78.399997
67.700001
70.200001
70.0
68.0
71.899997
77.0
78.599998
93.599998
119.899998
175.900002
186.100006
197.999998
183.899994
184.699997
172.900001
154.300004
134.800003
131.800004
119.0
124.200001
98.899997
80.5
75.799999
77.400002
66.799999
65.200001
67.600003
65.799999
68.5
71.5
76.600003
91.399997
118.099998
160.799995
182.0
180.900002
178.199997
177.400002
172.199997
169.0
160.800004
160.800003
149.900002
133.799995
109.0
83.299999
77.100003
79.0
69.0
68.299999
69.0
68.699996
70.599998
70.700001
80.600003
98.899997
119.100003
164.0
180.700005
207.999997
174.799995
178.700005
174.900002
159.300004
154.899994
143.599999
129.0
130.699996
108.699996
98.400002
91.0
80.299999
69.099998
71.099998
73.299999
70.100003
74.299999
75.700001
80.599998
90.5
109.0
141.900002
172.599999
136.900001
173.800003
178.900001
177.899994
162.900001
139.0
124.600003
119.900002
117.0
90.200001
80.700001
79.200001
76.599998
60.899997
53.699999
54.5
51.700001
51.799999
51.5
56.399999
67.5
54.9
44.199999
43.199999
51.900002
43.099998
41.1
38.2
33.4
34.299999
43.4
50.2
58.8
64.500002
65.399997
63.3
63.699999
59.700001
58.100001
54.7
54.200001
54.7
55.699999
55.5
57.899999
52.1
49.799999
48.299999
43.899999
33.300001
28.8
21.0
24.9
34.800001
48.699999
52.799999
61.299999
65.200001
66.5
66.700001
74.400002
67.099998
73.700001
72.700001
72.400002
78.100003
76.799999
82.900002
96.299999
116.0
171.399994
206.199997
202.6
210.1
213.3
207.6
183.0
167.199997
150.799995
126.0
119.899998
103.900002
91.5
81.899997
77.899997
66.5
69.400002
69.0
68.5
71.299999
73.300004
79.800004
91.700001
106.700001
164.299995
170.099999
180.900002
175.900002
165.099998
156.300003
143.5
132.799995
124.299999
112.599998
117.700001
102.100003
82.200001
74.0
76.0
64.699998
63.899997
63.199999
65.600003
66.5
66.800004
76.699996
93.900002
113.299999
137.699997
176.400002
177.699996
168.099998
175.799995
172.599998
158.200005
143.099999
129.399998
113.399997
110.299999
99.5
78.400002
72.400002
73.400002
66.0
63.6
62.799999
64.000002
67.099998
66.200001
73.5
103.5
109.099998
147.899994
185.400001
184.900001
178.599999
179.400002
180.900001
160.199996
133.5
136.599998
119.299999
120.899997
103.600003
90.100003
81.5
79.099998
59.300002
67.899997
67.299999
69.900002
72.799999
74.900002
84.599998
95.699996
117.5
159.0
178.400001
178.699996
163.599998
181.099998
177.099998
160.300004
128.599999
81.399997
59.0
67.599998
58.0
54.899999
61.300001
63.299999
52.1
52.799999
51.599998
51.9
51.400002
50.9
51.899999
55.0
47.9
52.4
51.700001
54.8
51.600001
49.4
51.699999
40.0
46.6
44.299999
43.5
49.600001
55.9
60.2
60.300001
62.1
50.6
52.0
51.299999
50.9
51.2
61.5
55.099998
50.799999
52.899999
61.599998
58.700001
50.800001
44.600001
42.899999
39.3
30.2
43.8
42.6
46.899999
61.6
63.100001
60.300001
51.300001
53.5
52.1
51.0
51.100001
53.4
51.899999
64.5
55.0
65.900002
70.199996
67.200001
64.5
59.7
61.399999
64.900002
64.799999
70.300004
70.099998
64.400002
67.900002
71.0
70.399997
67.899997
57.4
58.2
58.8
58.1
63.400002
65.5
67.799999
84.400002
79.200001
78.5
67.899997
62.899999
64.199998
73.300004
77.100003
66.700001
62.100001
66.099998
67.5
63.900002
67.900002
75.699996
70.599998
70.0
61.4
58.0
62.700001
63.299999
66.600003
66.200001
70.299999
85.600003
77.799999
76.0
71.799999
69.700001
76.199996
80.299999
74.200001
71.700001
65.199999
68.799999
69.0
64.600001
66.699996
73.200001
67.100003
67.299999
56.9
57.0
58.200001
57.4
65.5
62.800001
66.299999
80.0
75.5
79.700001
83.599998
86.900002
79.799999
69.5
69.299999
69.700001
71.699996
71.399997
68.099998
63.900002
64.9
70.700001
67.599998
67.299999
59.899999
55.400002
57.799999
57.1
62.800001
62.200001
65.899997
80.299999
72.099998
74.799999
71.5
69.200001
64.200001
69.200001
67.0
71.5
65.5
67.599998
66.0
61.2
63.4
72.700001
67.200001
66.700001
56.8
52.5
52.299999
51.5
53.5
52.9
51.400002
59.7
50.9
49.300001
50.099998
29.899999
20.9999998
31.6
27.2
26.8
14.9999995
26.3
32.499999
38.0
42.399999
62.899997
52.100001
58.0
46.299999
54.799999
51.800001
52.0
53.900002
52.0
51.0
58.8
49.700001
41.900002
32.2
29.0
12.4000001
14.0
30.0
30.1
27.9
27.7
32.7
37.8
41.699999
50.600001
58.0
54.299999
51.5
57.199999
57.0
56.8
64.399999
63.299999
65.300004
76.5
69.799999
64.600001
55.0
51.6
44.5
41.299999
43.300001
41.9
47.2
48.5
56.5
59.900002
62.599998
67.0
62.100001
66.400002
57.3
59.0
57.299999
56.399999
62.400002
64.299999
66.400002
74.399997
73.200001
75.900002
72.0
61.500002
51.1
41.6
39.900002
42.0
49.099998
55.099998
57.799999
59.700001
63.0
70.299999
64.700001
67.700001
60.200001
58.100001
58.600001
57.699999
63.0
62.600001
66.200001
77.700001
70.200001
67.699996
69.700001
73.899997
62.200001
65.900002
56.100001
48.5
53.099998
59.600001
60.4
60.700001
63.100001
72.099998
57.900002
58.9
57.400002
58.4
57.900002
57.0
66.899997
62.600001
65.400002
73.5
73.400002
69.5
72.300004
73.5
66.799999
62.4
58.0
43.0
46.399999
51.100001
57.100001
59.8
61.5
65.400002
62.799999
66.700001
59.5
49.6
58.0
57.200001
64.100001
62.699999
68.099998
74.0
71.200001
74.5
85.099998
77.299999
73.200001
58.999998
55.100001
47.399999
50.700001
52.799999
56.700001
58.700001
60.899999
68.799999
55.5
54.3
45.6
45.699999
40.700001
40.699999
50.799999
44.600001
46.600001
51.4
48.299999
41.199999
41.6
36.0
31.9
20.1999996
23.6
7.89999989999
7.09999990001
14.3000002
26.2
33.400002
45.899999
53.299999
59.0
60.0
49.799999
53.199999
51.200001
51.300001
53.9
50.5
50.4
55.799999
45.9
36.6
39.099998
38.099998
25.0
38.299999
31.0
25.9
19.0999998
27.2
34.5
37.600001
51.0
55.899999
58.100001
52.399999
44.700001
61.799999
56.699999
56.5
65.5
62.5
66.5
91.5
119.900002
181.599998
194.800003
177.600006
172.400002
174.900002
169.0
162.700005
141.5
118.5
118.799999
115.5
112.5
101.400002
76.399997
75.099998
67.400002
63.599998
65.0
64.599998
72.900002
71.800004
75.700001
91.5
121.799999
168.5
197.5
180.200005
166.900001
169.699997
151.0
136.300003
117.199996
90.599998
86.200001
86.199996
78.100003
67.099998
67.200001
69.599998
58.5
63.899999
58.300001
58.4
63.700001
65.200001
69.700001
89.400002
109.799999
157.399994
181.099999
164.900002
146.600006
147.0
151.699996
144.800003
115.199996
89.700001
82.599998
83.0
73.899997
66.400002
61.699999
61.4
61.9
59.299999
65.5
64.299999
70.200001
72.300004
74.799999
83.300004
103.0
151.599998
182.300003
180.699996
168.199996
159.299995
161.099999
144.100006
122.0
99.300004
81.399997
86.699996
76.899997
70.200001
63.700001
57.5
48.7
52.1
50.100001
59.899999
67.100003
65.900002
70.400002
85.600003
103.799999
151.299995
171.799995
179.300003
157.800003
179.400002
162.5
142.5
116.099998
107.900002
101.200001
95.5
78.799999
71.600003
63.399997
71.0
62.100001
49.699999
45.700001
54.299999
56.699999
56.700001
56.699999
58.7
52.3
43.400002
44.900002
41.8
42.5
25.9
13.7999997
10.5
12.2999997
18.9
29.4
39.6
44.200001
53.4
55.600001
58.300001
51.200001
60.999998
60.600001
58.699999
58.7
58.0
57.799999
60.800001
54.099998
49.8
42.200001
29.4
25.4
22.3000004
31.700001
32.5
30.4
32.199999
44.699999
52.9
53.700001
57.0
68.200001
68.5
58.5
61.0
63.8
63.299999
65.899999
64.199996
70.599998
81.400002
91.200001
132.900001
150.5
147.199996
142.099999
143.600006
137.5
138.799995
116.300004
100.5
96.700001
98.0
88.399997
81.899997
66.4
63.999998
54.299999
57.0
57.899999
56.799999
62.399999
63.900002
65.5
70.0
86.299999
125.699996
140.800004
152.099999
137.699997
155.300003
159.099999
136.900001
115.100003
100.400002
92.700001
92.799999
71.0
65.699999
64.099998
63.999998
54.3
56.0
58.1
56.700001
63.099998
62.199999
68.600003
83.899997
91.0
136.799999
163.5
155.0
148.099999
145.099999
145.300004
129.000004
105.899997
96.5
88.0
89.600003
71.900002
64.199998
61.599998
60.799999
51.5
53.6
55.299999
53.699999
59.9
59.6
64.899999
74.099998
88.299999
148.199997
177.400001
184.900001
158.699996
149.299995
141.800003
134.900001
107.799999
90.899997
84.600003
86.699996
77.699996
72.299999
68.200001
61.5
51.1
48.699999
52.1
51.100001
54.699999
54.9
61.9
73.5
83.600003
136.099998
165.5
178.699997
167.400002
179.400001
174.800003
157.400001
140.300003
116.300004
108.400002
97.099998
71.699998
60.5
58.7
58.5
49.300001
46.5
44.0
43.099998
45.5
48.100001
47.399999
47.8
43.799999
41.7
44.799999
41.8
41.600001
25.8
15.5
20.4999996
24.0
30.5
35.400002
40.200001
42.300001
49.800001
54.199999
57.699999
47.5
50.899999
47.900002
46.600001
47.2
47.8
47.300001
48.199999
46.200001
44.299999
40.5
37.699999
30.7
23.9
14.9000001
14.5999999
11.0
25.8
30.100001
41.299999
42.4
51.200001
58.4
57.5
47.400002
56.5
52.5
51.600001
60.199999
66.200001
72.200001
78.100003
87.800004
125.100003
151.900001
162.200005
157.300003
165.0
147.5
142.099999
139.700005
105.0
82.800004
80.799999
72.0
75.799999
69.200001
66.199996
58.900002
54.5
56.9
56.299999
64.0
62.8
62.699999
65.0
82.799999
112.299999
138.899994
151.599999
138.199996
141.0
137.300003
123.5
107.900002
89.299999
80.200001
80.799999
63.700001
59.699999
60.699999
59.399999
50.300001
26.1217692975
0.0435385949677
0.0435385949677
0.0435385949677
0.0435385949677
0.0435385949677
0.0435385949677
0.0435385949677
0.0435385949677
0.0435385949677
0.0435385949677
0.0435385949677
0.0435385949677
0.0435385949677
0.0435385949677
0.0435385949677
0.0435385950259
0.0435385949677
0.0435385949677
0.0435385949677
0.0435385949677
0.0435385949677
0.0435385949677
0.0435385949677
62.1025
62.1325
61.69
65.33
67.04
69.095
74.2675
90.42
116.33
138.22
151.3625
150.9625
143.5
141.3075
135.3575
118.59
103.7675
96.69
94.125
89.8575
81.7025
75.99
72.9675
66.565
60.2225
60.6475
61.415
64.565
66.47
69.37
75.5275
93.505
122.7675
145.0675
154.62
149.6175
148.1325
145.94
138.3575
121.43
106.3025
94.4975
88.655
81.175
72.3
67.15
66.3975
62.51
54.56
50.1375
50.42
51.5325
52.8325
53.8775
55.5125
55.8975
52.18
49.9975
47.76
45.5675
40.9925
36.085
33.88
32.055
34.9125
38.97
43.76
48.675
53.1
56.99
59.22
54.745
53.11
51.745
49.895
49.6325
49.28
49.005
50.3475
48.92
45.485
41.835
37.8175
33.7425
31.605
30.96
30.045
29.53
33.35
39.0375
43.9725
48.9025
52.62
56.755
57.395
53.2425
53.995
54.255
54.305
57.475
59.395
62.6675
69.2925
77.875
103.09
125.825
135.62
131.99
129.2525
125.515
122.25
111.8275
98.96
90.71
85.34
84.11
78.095
72.025
69.4475
62.2975
58.3325
57.025
56.9075
59.4175
60.8025
63.3075
68.265
80.91
112.11
135.39
139.095
135.445
134.295
129.5475
117.9725
105.9775
94.51
89.2575
88.685
83.1275
75.505
70.185
68.54
62.745
58.875
57.22
56.815
59.265
61.11
63.9775
69.8
81.1275
103.3625
129.6875
137.2725
133.1475
128.205
127.5225
122.7525
110.9625
100.9125
95.5475
90.135
81.795
73.41
67.4575
65.1
60.6925
59.7525
59.5975
59.185
62.47
64.41
67.2375
72.0875
83.395
106.3775
129.3325
139.69
140.5475
132.79
130.68
123.25
109.225
95.9625
88.5225
90.465
87.0525
79.345
74.34
72.0625
65.1725
59.645
60.32
61.7375
63.5475
64.36
67.9325
73.2525
87.87
114.705
136.9175
146.9675
141.285
139.8925
139.395
131.88
115.4075
95.06
87.5675
85.43
77.5225
68.47
64.7125
64.9925
60.505
52.7325
49.215
50.125
51.205
51.1175
50.7275
51.2825
50.21
46.6825
44.6375
42.95
41.135
36.285
31.7525
29.44
29.1
32.925
38.0975
43.345
48.95
54.34
58.6225
61.095
56.385
54.635
53.5575
52.825
52.505
51.6375
51.64
51.8875
50.5075
47.375
42.89
39.0125
34.07
31.5125
30.75
30.165
30.2725
32.46
37.045
42.72
47.5925
51.6325
55.795
57.76
53.1325
53.4325
53.3
52.815
54.93
56.3875
59.405
65.73
68.3775
93.695
119.6575
130.375
128.375
127.545
124.085
118.645
106.31
93.34
85.745
83.2075
81.7875
76.2625
70.5875
68.88
61.595
57.6425
56.985
57.075
60.735
62.18
65.7475
70.8025
87.5575
110.9575
129.5725
131.185
129.775
131.0075
126.2225
115.545
101.6125
91.1125
86.745
86.62
81.2075
74.3975
70.7475
70.4025
65.3875
61.79
59.8325
59.27
62.41
65.3825
68.3225
72.7725
87.7175
110.0425
128.665
134.955
124.255
120.5125
120.05
114.19
101.205
88.465
80.995
81.895
75.4225
67.6675
63.685
63.58
59.41
59.8475
58.86
58.0725
61.545
63.36
65.94
70.2175
85.69
116.7175
139.3825
149.315
152.61
149.265
146.0075
138.8625
120.71
106.5525
101.9675
99.8075
87.765
77.7425
73.7525
72.795
65.67
60.2025
61.2225
62.1425
65.22
65.9875
68.64
73.945
90.3725
116.2775
136.3225
146.275
137.8125
132.6825
132.8775
125.1725
107.22
89.8575
84.72
83.8
76.7475
68.985
65.795
65.9775
60.01
51.3575
47.5925
48.9
50.02
50.655
50.4575
50.7
49.8825
45.865
43.9475
41.395
39.09
35.655
31.8525
29.875
29.6575
34.2075
38.6125
44.38
49.355
53.615
58.545
61.5275
56.9
56.355
55.145
54.3175
54.445
54.1075
53.85
54.7325
52.4525
48.0125
43.595
39.1375
36.2325
34.275
33.7
33.15
33.0625
34.3575
39.13
45.17
50.21
54.3125
58.845
61.035
55.655
57.08
56.8025
56.1225
59.0875
60.6475
63.8375
69.22
84.465
112.295
136.4125
142.6125
143.49
140.79
132.8075
129.1425
115.3575
103.8375
96.6275
94.23
84.805
76.995
72.2225
71.1825
63.6525
60.405
59.1175
59.5725
64.055
65.7375
68.1925
71.965
91.53
118.4275
138.4625
138.865
136.31
136.2825
131.4375
126.63
107.745
102.205
92.3575
86.9
79.5975
72.4875
70.355
71.225
65.7875
62.3975
61.2875
60.93
63.9625
65.56
68.5775
72.9025
91.115
113.1525
125.995
131.7825
128.045
122.275
120.26
114.29
102.2675
90.755
83.42
83.5825
77.085
69.555
65.955
65.405
60.15
59.5825
59.305
59.1925
63.28
65.095
67.1475
70.9
80.28
105.8975
123.4175
130.8075
130.67
126.585
122.645
115.01
100.4325
89.075
83.03
80.8825
79.49
73.64
71.2775
70.5675
63.265
58.28
58.4
58.535
61.6425
62.04
64.6325
70.19
78.8025
106.63
129.0775
136.175
126.835
129.585
132.1325
124.1625
105.235
87.2225
82.165
81.4825
74.6375
67.7725
65.5475
66.145
60.72
24.7217702975
24.3217682975
49.099998
48.3
48.799999
50.1
49.9
44.800001
37.699999
28.8
17.5999999
17.4999999
18.1999998
25.6
14.0999999
36.699999
41.700001
35.1
41.5
43.099998
47.599998
57.199999
58.5
49.700001
53.700001
50.899999
52.5
51.5
51.100001
50.700001
50.199999
49.0
50.699999
46.0
44.899999
34.799999
37.299999
35.1
33.499999
30.6
26.8
27.6
38.1
44.0
47.699999
56.399999
58.599998
49.899999
56.1
57.5
56.6
64.700001
64.299999
67.799999
68.799999
62.900002
66.700001
54.9
51.699999
53.599998
59.7
52.799999
55.399999
62.799999
66.5
64.199998
60.0
58.899999
56.0
61.799999
65.0
55.300001
56.200001
55.100001
54.799999
61.599998
61.200001
66.399997
64.899997
66.799999
69.900002
67.700001
54.699999
59.199999
57.899999
57.5
60.699999
49.600001
53.299999
54.8
53.9
60.600001
57.699999
61.9
63.399999
56.3
55.799999
56.5
55.700001
62.300001
63.099998
67.0
68.200001
58.4
59.700001
52.1
52.900002
42.300001
45.5
52.1
55.899999
58.0
57.5
61.0
59.1
57.800001
57.399999
61.8
63.699999
54.5
55.199999
53.800001
53.4
59.5
58.700001
62.0
63.0
58.5
55.600001
57.399999
52.199999
58.5
51.4
49.1
37.799999
38.0
46.699999
47.399999
53.699999
58.5
57.199999
64.0
64.700001
55.100001
52.199999
54.799999
53.5
60.300001
58.900002
62.200001
65.200001
76.0
80.900002
88.099998
86.399997
69.600003
57.0
62.0
61.1
51.300001
45.700001
47.6
55.400002
55.900002
55.799999
61.199999
62.399999
53.299999
48.3
48.199999
48.600001
48.7
48.400002
46.3
43.0
39.099998
36.3
32.5
27.9
28.0
27.5
16.9999999
17.9000002
14.5
29.2
31.5
37.799999
42.6
44.6
52.5
55.199999
45.600001
51.5
48.600001
48.8
49.300001
48.200001
48.199999
47.4
44.699999
42.300001
41.5
22.4999998
26.2
21.0000002
20.2
27.8
28.7
26.3
31.7
35.5
40.9
44.0
54.299999
57.4
49.3
53.0
52.800001
52.700001
58.299999
57.9
63.100003
66.099998
97.100003
141.0
165.900002
169.5
160.899994
173.799995
177.900001
172.300003
133.300004
118.400002
112.299999
102.400002
78.700001
71.900002
71.300004
78.700001
61.299999
53.700001
50.4
50.899999
60.100001
56.299999
64.6
67.399997
100.200001
160.5
192.599998
195.699997
193.800003
185.5
155.5
135.099998
108.900002
94.0
88.0
84.200001
64.399997
61.199999
61.2
63.300001
53.599998
55.1
54.0
53.899999
61.6
60.400002
65.0
72.899997
86.5
128.800003
146.099998
160.599998
128.5
134.300003
131.5
118.899997
92.900002
77.799999
75.5
72.700001
63.0
57.399999
59.0
63.299999
54.6
56.0
54.200001
53.600001
60.0
61.299999
66.600003
71.099998
91.5
129.0
135.700005
135.200005
145.599999
149.199996
140.099999
126.600003
99.5
84.600003
71.299999
78.100003
65.700001
59.0
61.4
64.299999
54.5
53.5
54.799999
54.800001
59.600001
58.0
64.600001
72.800004
101.699996
152.900001
155.600006
147.699997
141.200005
168.300003
166.0
142.0
101.599998
77.799999
77.0
76.799999
66.299999
56.5
61.0
64.6
56.5
50.199999
48.100001
48.799999
51.8
51.799999
49.5
45.800001
42.799999
41.1
37.800001
38.5
36.1
28.9
21.8
21.7
10.5999999
20.4
24.3
34.200001
41.600001
45.200001
52.5
57.599998
51.200001
53.9
50.0
49.6
53.5
50.0
49.4
46.100001
38.0
30.3
22.3
22.2
23.3000009
21.1000002
30.000001
13.5
23.3000004
17.3999996
25.9
35.5
45.100001
46.5
52.899999
57.7
47.600001
58.5
57.0
55.5
62.0
63.900002
65.099998
77.5
96.899997
129.599999
142.299995
141.5
130.0
144.5
142.799995
118.299999
112.299999
99.600003
86.099998
90.400002
80.5
76.5
63.5
66.5
62.5
60.399999
58.0
59.100001
66.099998
66.200001
66.099998
66.799999
90.299999
131.000004
138.400002
129.800004
146.700005
166.300003
157.699996
134.700005
109.5
97.100003
89.200001
80.5
71.400002
61.899999
62.600003
71.5
61.1
59.600001
60.199999
59.0
66.099998
66.700001
71.5
72.399997
97.599998
154.0
170.599998
168.0
146.900001
145.299995
144.900002
126.200001
103.300004
93.399997
81.099998
84.700001
73.199996
62.6
63.0
66.699996
57.0
59.9
59.1
59.300001
67.099998
68.5
71.099998
68.299999
91.0
147.300003
141.300004
148.199997
143.700005
138.099998
128.5
125.0
106.700001
95.700001
81.900002
81.100003
71.0
61.8
63.200001
67.299999
57.6
60.0
57.8
57.0
60.9
61.0
65.599998
73.799999
96.899997
146.0
182.699997
183.200005
152.199996
179.0
172.099999
154.200005
115.300003
89.799999
84.699996
89.900002
70.5
68.5
68.0
70.299999
61.199999
63.399999
61.100001
60.6
60.9
61.399999
60.9
59.5
58.899999
61.100001
66.699996
73.0
74.5
80.099998
68.400002
62.5
60.300001
60.6
61.700001
62.099998
63.4
62.9
69.200001
73.200001
65.200001
65.099998
63.999998
63.5
63.300001
63.5
63.0
61.800001
57.6
47.5
41.399999
43.199999
38.1
34.400001
39.700001
44.800001
48.7
57.9
57.5
58.899999
60.1
63.4
68.700001
74.0
65.200001
62.900002
64.799999
65.0
64.0
64.0
73.400002
73.600003
92.5
134.000004
150.300004
148.0
128.0
122.900002
142.400001
127.5
95.900002
81.200001
80.199996
82.5
72.299999
63.999998
62.200001
65.700001
55.899999
61.0
56.1
55.800001
61.400002
57.900002
68.099998
68.700001
95.800004
140.5
151.699996
144.799995
136.5
140.799995
133.800003
118.699996
101.5
95.600003
82.200001
77.700001
64.799999
57.5
60.700001
64.900002
56.299999
59.200001
56.6
55.9
61.4
60.9
67.100003
69.100003
94.600003
153.099999
182.800003
178.799995
166.699996
172.300004
168.399994
160.099998
131.5
114.899997
102.5
97.299999
74.600003
62.2
62.800001
66.700001
56.2
60.699998
56.400002
56.6
63.600001
62.400002
69.200001
71.200001
94.399997
132.0
140.399994
142.5
130.199997
133.400001
139.900001
126.299995
108.599998
100.899997
93.599998
91.199996
72.5
65.399997
65.799999
69.400002
60.199999
57.899999
63.5
64.0
69.600003
69.400002
70.200001
68.5
88.799999
136.099998
147.5
154.099998
135.199997
160.599999
154.300004
142.799995
119.799999
94.799999
82.400002
86.099998
64.900002
61.8
62.1
66.100003
57.4
52.300001
51.100001
51.399999
50.799999
50.600001
50.199999
49.0
46.0
35.799999
42.2
40.299999
36.9
31.3
27.3
26.9
30.4
24.6
36.899999
45.300001
48.699999
51.0
55.800001
60.899999
50.9
55.7
50.8
50.099998
50.899999
50.400002
50.2
49.0
52.5
48.0
43.5
40.6
34.799999
32.699999
31.700001
30.999999
28.5
28.599999
34.7
39.700001
44.399999
49.700001
55.799999
61.0
51.100001
59.6
56.8
56.699999
62.200001
61.1
69.0
78.399997
114.699996
154.200005
195.5
175.600006
182.5
171.799995
162.5
144.599999
114.700005
101.899997
92.599998
93.400002
79.300004
72.599998
72.400002
89.5
59.6
62.800001
61.1
61.099998
67.200001
66.799999
72.100003
72.5
91.200001
133.0
149.900002
147.5
146.099999
155.699997
159.0
129.5
111.799999
93.900002
93.5
92.200001
71.5
66.0
66.699999
71.5
61.100001
62.4
61.600001
62.400002
68.799999
67.299999
74.5
76.799999
94.600003
128.699997
158.5
156.5
148.099998
159.5
155.400001
135.099999
119.799999
106.0
86.0
83.799999
71.400002
61.699999
62.500002
67.300004
58.0
60.6
58.199999
57.799999
64.799999
66.900002
74.200001
74.5
96.199996
143.0
161.800003
149.100006
148.699997
147.600006
133.400001
135.800003
108.5
97.800004
89.899997
83.599998
73.0
63.699998
64.600003
68.299999
59.5
56.7
59.299999
59.200001
67.700001
66.099998
71.5
78.899997
105.200001
158.5
196.599997
194.099998
186.699996
195.0
178.400001
176.700005
140.599999
107.799999
81.0
77.5
67.499998
59.899999
61.4
65.899997
57.399999
52.700001
51.8
52.0
51.600001
51.099998
50.299999
47.799999
41.0
35.4
35.899999
46.8
35.899999
24.5
16.0000002
22.5
23.4
28.6
36.6
39.600001
46.0
48.299999
54.300001
59.5
49.9
55.0
51.3
49.5
49.900002
49.0
48.9
48.800001
47.6
47.399999
44.899999
45.399999
43.399999
42.5
36.400002
32.199999
19.6999998
24.4000004
32.700001
38.1
43.800001
49.100001
54.0
59.6
50.800001
59.699999
57.099998
56.700001
61.5
60.0
66.699996
74.200001
99.099998
147.599998
156.0
175.599999
159.5
153.900002
144.800003
139.900002
113.200001
102.299999
86.900002
90.700001
70.099998
62.5
62.400002
65.400002
57.3
59.3
57.9
56.899999
64.200001
63.599998
71.299999
73.600003
97.099998
129.0
148.200005
147.600006
143.5
150.699997
133.100003
115.099998
99.099998
93.800004
91.399997
85.099998
71.200001
62.6
63.099998
66.700001
57.5
60.199999
57.800001
57.199999
63.199999
62.1
67.200001
70.5
102.300004
156.299995
190.600006
201.100002
185.599998
208.6
184.199997
170.599998
135.0
122.699996
101.599998
103.799999
69.0
62.0
63.399999
67.800004
58.800001
61.1
59.300001
58.9
63.900002
62.899999
69.100003
75.200001
106.700001
166.200005
187.599999
190.899994
209.1
209.0
204.9
186.199997
145.5
102.299999
93.199996
91.899997
69.700001
65.099998
65.200001
67.800004
59.8
56.900002
61.299999
59.800001
66.100003
65.700001
69.799999
78.599998
95.5
142.5
159.100006
160.200005
151.5
150.5
159.400002
145.5
113.0
89.899997
80.200001
80.400002
71.0
63.799999
63.800001
66.5
57.599998
52.200001
53.4
51.8
52.700001
51.6
50.6
52.600001
43.5
45.5
50.1
49.1
29.0
20.8000004
17.6000001
14.7999997
16.4000006
21.5
30.099999
36.4
46.899999
48.100001
55.0
60.300001
51.6
54.5
49.899999
49.900002
50.299999
51.400002
53.200001
51.9
48.0
47.4
42.100001
20.8000001
30.199999
44.0
18.9999996
38.700001
23.8999996
29.3
31.0
38.299999
46.699999
50.200001
55.699999
60.899999
51.2
59.0
54.8
55.299999
61.0
60.0
67.700001
74.799999
99.599998
142.900002
185.900002
201.399998
196.199998
191.399994
181.0
170.599999
136.700005
109.0
102.400002
95.900002
74.200001
66.700001
67.4
70.5
60.1
59.899999
59.9
60.5
67.400002
66.5
71.400002
75.200001
105.200001
154.900001
179.400001
167.199997
171.0
160.199996
149.5
132.5
117.399997
105.5
93.700001
96.799999
74.700001
64.300001
66.5
67.799999
57.199999
58.600001
57.5
56.699999
65.900002
64.5
71.400002
73.5
106.100003
150.5
189.199997
182.200005
166.0
174.099998
157.800003
149.900001
132.800004
100.700001
92.899997
84.400002
71.700001
70.5
68.900002
69.0
60.0
61.699999
58.600001
59.800001
67.400002
66.200001
72.199996
76.700001
91.900002
127.400001
135.599998
148.200005
158.900001
155.5
141.199996
124.800003
107.100003
91.0
84.400002
88.0
79.0
72.900002
67.400002
64.100001
54.800001
57.299999
62.0
61.800001
66.200001
64.599998
69.900002
76.299999
92.299999
128.599998
145.699997
146.199996
140.900002
143.5
140.900001
121.299999
103.099998
89.700001
87.299999
83.600003
68.599998
61.800001
62.799999
65.0
56.0
51.8
50.199999
50.1
50.699999
50.9
50.099998
53.0
47.5
38.399999
41.0
40.800001
33.900001
29.2
28.700001
34.199999
27.0
29.4
36.5
40.600001
45.1
49.799999
56.5
60.4
51.600001
56.400002
51.4
50.100001
50.700001
50.199999
50.800001
49.0
48.2
47.200001
45.199999
44.0
38.1
38.599998
36.9
34.200001
38.899999
37.899999
41.699999
44.200001
47.900002
51.0
57.8
62.799999
53.1
61.0
58.200001
58.1
63.199998
61.800001
70.400002
79.799999
101.0
166.5
201.900002
196.399997
179.699997
195.599997
182.099998
170.0
141.0
120.700001
118.0
101.700001
75.799999
68.699996
69.5
70.900002
61.5
61.300001
60.399999
60.200001
66.5
65.700001
72.400002
76.700001
108.099998
161.400001
193.199997
193.299995
184.199996
176.5
153.700005
141.599998
130.0
115.399997
101.700001
85.299999
70.600003
64.699999
65.700001
67.400002
58.7
60.100001
58.700001
58.0
64.500002
64.5
70.200001
85.299999
105.700001
146.300004
129.100003
142.099998
141.0
141.700005
146.799995
155.100006
130.699997
101.5
94.799999
96.400002
75.600003
64.600001
66.300001
67.700001
58.399999
60.5
58.300001
57.9
65.099998
65.300004
71.699996
77.599998
95.899997
140.5
157.400001
161.199997
181.700005
191.300003
167.599999
143.900001
126.0
104.799999
101.099998
102.099998
77.900002
65.900002
67.5
70.299999
55.699999
57.199999
60.300001
59.799999
67.599998
65.899997
71.900002
75.699996
99.400002
142.599999
169.5
169.099998
155.599998
154.599998
133.599998
91.299999
88.699996
93.5
66.399997
60.299999
63.399999
63.8
66.0
68.299999
59.0
52.400002
52.6
54.5
54.799999
55.299999
53.900002
55.199999
50.900002
43.600001
47.400002
42.5
36.200001
34.5
24.5
30.199999
26.6
28.0
34.299999
42.7
46.799999
49.6
56.300001
60.5
51.799999
55.3
51.200001
50.6
50.600001
50.400002
49.800001
47.1
42.699999
43.4
42.599998
30.9
16.5999994
13.1999998
14.1999998
12.1999998
15.8999996
23.1
32.300001
40.9
48.4
53.199999
58.800001
61.100001
52.0
53.4
56.799999
57.299999
63.299999
63.100001
66.700001
52.1
50.099998
56.700001
65.600001
65.299999
64.900002
47.199999
46.0
35.100001
46.899999
44.600001
34.800001
39.200001
45.899999
47.9
54.5
58.399999
50.399999
52.5
52.800001
50.0
50.0
50.4
48.800001
48.5
47.7
50.2
48.800001
37.7
34.399999
30.0
25.8
29.7
35.199999
29.4
35.5
38.800001
45.899999
47.700001
55.899999
58.3
49.800001
48.9
49.5
48.6
48.600001
49.399999
48.7
48.0
50.100001
48.8
48.899999
44.5
40.0
31.2
27.3
29.2
28.5
32.399999
36.1
37.5
44.699999
47.5
55.899999
59.0
49.799999
49.800001
50.2
55.299999
51.599998
51.200001
50.5
50.899999
46.599998
46.4
37.600001
34.3
49.399999
33.3
43.800001
50.2
38.5
36.5
38.700001
42.0
47.100001
49.199999
58.100001
60.699999
51.2
51.5
50.1
49.900002
50.200001
49.399999
52.0
56.800001
54.4
58.100001
64.199999
68.799999
70.299999
65.300002
57.1
53.5
52.6
51.699999
49.199999
50.400002
51.299999
51.8
60.600001
63.400002
53.600001
52.6
52.800001
52.2
52.400002
52.0
52.0
50.5
54.899999
46.7
46.0
30.2
34.0
31.5
28.0
22.6
16.3999996
21.2999998
29.3
39.6
48.0
50.200001
59.4
61.6
52.5
51.700001
51.799999
51.5
52.600001
53.0
54.100001
53.300001
53.899999
53.0
50.799999
50.600001
53.600001
50.899999
50.399999
49.300001
41.3
37.299999
44.800001
44.8
48.5
50.4
59.5
61.200001
51.4
49.5
51.6
50.899999
50.699999
50.0
51.6
50.9
48.900002
48.3
51.700001
49.5
39.300001
41.300001
38.5
37.0
40.600001
40.299999
42.899999
44.3
45.9
46.300001
54.799999
56.4
47.900002
49.800001
46.9
52.1
50.200001
49.299999
52.899999
52.4
50.899999
47.7
39.4
35.899999
39.900002
39.7
43.900002
46.799999
44.9
29.4
31.7
37.5
45.5
47.699999
56.699999
59.5
50.0
52.699999
52.599998
52.8
53.8
54.599998
52.600001
51.0
47.699999
39.600001
33.399999
43.9
46.799999
30.199999
42.5
32.400001
20.9
23.0999998
31.5
39.0
46.300001
49.0
58.300001
59.399999
50.400002
52.699999
53.0
52.3
53.6
53.2
54.9
52.299999
47.199999
42.5
39.300001
53.5
42.5
28.6
27.7
28.700001
35.7
29.1
29.6
37.699999
46.4
48.599998
58.900002
60.200001
51.5
51.800001
54.700001
53.800001
55.6
54.7
54.699999
53.5
48.0
40.3
33.0
29.2
21.2
20.2999996
27.5
24.6000004
20.1000002
20.1999998
27.1
38.3
44.6
47.899999
57.5
58.2
49.199999
49.299999
52.600001
54.299999
52.699999
51.300001
50.899999
49.800001
47.200001
46.6
43.1
39.100001
38.699999
33.499999
31.4
39.6
24.9
25.7
34.399999
38.200001
46.200001
47.799999
58.5
58.600001
49.700001
49.799999
48.4
48.800001
50.4
48.8
49.1
47.3
42.799999
34.699999
34.699999
25.9
23.9
21.4
26.1
24.7
16.5
25.3
33.0
39.600001
46.200001
48.0
58.600001
58.300001
49.100001
50.0
48.5
49.3
50.4
49.599998
49.600001
50.299999
45.700001
48.6
42.9
48.5
57.600001
44.199999
41.9
37.799999
41.200001
36.099999
44.4
43.8
48.699999
50.6
60.199999
60.5
51.299999
52.0
50.0
50.099998
51.1
50.0
50.299999
49.800001
51.5
53.099998
47.6
52.8
54.9
42.1
41.3
45.9
44.700001
42.399999
44.1
48.099998
49.5
53.299999
62.700001
63.300001
53.400002
50.5
53.399999
53.800001
54.399999
53.299999
52.700001
51.100001
49.800001
56.700001
49.6
44.5
47.299999
43.100001
45.2
47.1
35.300001
47.0
45.5
47.699999
48.800001
49.400002
58.200001
58.200001
48.7
50.0
48.200001
49.2
48.900002
48.299999
48.799999
48.600001
45.899999
48.9
41.7
37.9
40.300001
32.999999
32.7
27.2
26.9
24.2
35.4
43.600001
46.299999
51.099998
61.3
61.300001
51.9
51.1
52.200001
57.5
54.6
54.200001
54.399999
54.0
49.599998
45.8
37.0
29.7
28.9
21.3999996
41.9
44.799999
39.199999
46.200001
41.3
43.300001
49.4
52.5
62.399999
62.199999
54.399999
52.6
51.899999
52.3
56.900002
56.299999
54.299999
53.299999
48.8
40.0
34.099999
25.2
18.6999998
23.7000002
21.5
19.0000004
21.2999996
24.7
33.099999
42.900002
49.0
53.100001
61.5
61.1
53.199999
51.800001
52.200001
52.1
53.899999
54.399999
54.4
56.099998
49.6
47.099998
46.200001
45.0
44.299999
39.5
35.699999
40.5
42.9
41.300001
47.899999
50.700001
51.700001
54.400002
62.0
62.4
53.699999
52.700001
52.299999
52.299999
53.099998
52.900002
52.6
52.299999
51.5
58.5
56.200001
58.299999
54.899999
46.299999
39.0
38.0
34.0
24.8
33.6
43.700001
49.5
53.9
62.0
61.399999
52.099998
50.799999
56.200001
57.0
55.100001
54.0
54.699999
53.9
53.399999
57.9
50.299999
49.699999
46.700001
42.4
40.200001
27.6
27.7
28.0
35.599998
41.3
45.4
51.1
59.0
58.2
50.4
50.6
49.600001
49.5
50.599998
52.5
54.200001
52.100001
52.1
52.199999
45.600001
36.299999
32.199999
42.5
38.0
44.200001
41.299999
26.6
34.400001
43.300001
48.399999
53.9
60.799999
61.5
51.5
51.1
51.5
51.700001
53.100001
52.799999
52.3
52.1
50.900002
60.3
61.699999
62.699999
58.9
62.799999
61.5
54.700001
47.8
47.199999
48.699999
49.0
50.0
53.3
61.5
61.0
51.199999
51.299999
50.699999
50.100001
51.199999
50.4
51.6
55.3
58.600001
61.800001
61.300001
56.200001
57.1
55.0
54.100001
51.4
47.6
45.800001
42.899999
45.799999
47.399999
52.899999
59.800001
60.300001
50.799999
52.0
52.700001
55.700001
53.5
52.400002
52.9
52.299999
50.199999
39.1
31.4
43.899999
31.9
36.4
34.900001
37.600001
32.8
32.299999
35.799999
45.600001
49.200001
53.399999
60.4
60.200001
51.700001
52.0
54.099998
55.300001
52.5
52.799999
52.599998
53.899999
50.700001
46.699999
40.100001
36.700001
32.799999
30.6
30.2
32.199999
34.699999
35.099999
40.300001
47.299999
49.0
53.899999
60.200001
60.7
51.200001
55.700001
52.300001
52.799999
55.699999
53.800001
53.600001
57.899999
53.5
53.5
50.799999
54.800001
48.7
43.299999
63.900002
53.099998
38.299999
45.3
47.100001
53.300001
56.799999
62.0
68.0
67.700001
58.799999
59.600001
58.399999
59.399999
61.300001
61.800001
66.5
68.0
64.299999
57.700001
51.8
48.199999
42.800001
49.200001
45.699999
37.199999
31.900001
34.300001
44.5
54.0
58.600001
64.700001
70.199996
69.900002
61.0
57.2
60.1
59.899999
60.6
62.100001
63.0
60.099998
54.5
66.299999
69.200001
79.299999
77.400002
75.299999
81.299999
75.0
61.300001
54.6
51.4
52.0
53.5
58.899999
63.899997
63.600001
54.0
53.800001
53.5
53.800001
54.300001
54.0
53.5
59.1
57.0
63.199999
65.700001
75.400002
75.100003
70.200001
54.0
53.400002
47.5
49.199999
51.4
52.5
53.0
59.599998
64.5
64.299999
54.899999
53.9
54.799999
55.0
55.4
53.9
54.200001
59.599998
58.199999
67.299999
69.0
77.399997
77.599998
73.399997
62.5
54.0
47.600001
46.399999
49.800001
52.600001
53.100001
60.199998
63.699999
63.699999
54.900002
53.299999
52.899999
53.6
53.699999
53.7
54.3
56.0
52.099998
49.700001
48.6
43.200001
39.899999
36.3
33.6
37.1
39.100001
47.8
51.199999
50.5
51.600001
57.5
61.1
61.8
51.200001
52.399999
51.599998
52.399999
52.0
51.6
51.699999
56.5
51.3
50.899999
48.0
47.099998
48.1
47.399999
42.899999
39.599998
41.700001
30.9
41.0
44.799999
51.5
58.299999
62.0
62.0
51.900002
54.300001
51.800001
51.700001
52.599998
52.099998
52.600001
58.699999
59.399997
76.200001
85.600003
89.5
84.700001
86.0
83.600003
69.600003
53.799999
44.199999
50.0
50.699999
52.199999
61.899999
64.899997
65.400002
56.899999
54.300001
55.699999
55.6
56.600001
55.700001
56.5
59.399999
56.799999
66.600003
77.700001
79.799999
71.699996
69.099998
79.800004
74.100003
55.700001
48.100001
46.799999
49.5
53.1
60.900002
64.199999
63.799999
53.599998
59.799999
53.599998
53.600001
54.0
53.299999
53.700001
68.9
87.799999
99.799999
94.200001
96.800004
97.900002
91.799999
74.600003
72.300004
71.300004
70.100003
73.300004
72.299999
74.100003
79.400002
78.700001
77.799999
69.800004
66.5
67.0
66.5
74.799999
75.100003
78.5
90.700001
85.599998
98.799999
96.399997
99.699996
81.099998
87.0
75.199998
67.5
59.0
64.000002
64.699996
70.5
74.400002
80.700001
81.299999
77.200001
63.0
65.799999
66.599998
66.700001
73.600003
73.200001
78.199996
90.299999
84.700001
85.900002
79.099998
79.099998
83.199996
74.399997
76.899997
73.5
63.1
63.399999
68.0
72.099998
76.0
81.400002
80.5
78.700001
68.099998
63.199999
63.1
63.600001
64.400002
64.200001
63.299999
70.600003
63.5
60.900002
55.399999
50.4
40.099998
41.7
39.300001
40.799999
49.300001
48.0
53.299999
57.700001
61.7
72.0
73.200001
72.199996
63.900002
66.700001
63.700001
64.100003
64.599998
63.5
63.5
68.900002
62.599998
59.0
57.199999
56.6
57.4
57.200001
48.2
40.800001
55.9
60.599998
60.4
63.300001
64.599998
75.0
75.900002
75.299999
65.899997
69.5
69.5
69.699996
76.200001
75.700001
79.599998
89.300004
86.200001
90.700001
88.800004
88.900002
90.899997
94.799999
95.0
86.099998
91.5
91.899997
89.5
86.900002
79.299999
84.900002
82.0
80.799999
69.5
68.599998
70.200001
70.400002
78.599998
78.599998
82.700001
90.299999
98.599998
114.5
99.399997
104.5
118.899997
120.700001
122.300004
114.5
91.600003
88.100003
71.899997
79.900002
78.299999
84.5
82.200001
78.799999
68.699996
69.700001
68.099998
69.0
75.200001
74.700001
81.200001
96.0
113.5
138.200005
150.899994
156.0
162.099999
161.700005
147.400001
128.299995
111.700001
118.100003
104.200001
95.700001
88.800004
87.799999
84.200001
81.800004
71.200001
72.299999
70.899997
71.299999
79.299999
80.599998
85.5
100.299999
122.299999
166.5
188.699997
196.0
195.5
193.0
185.199997
170.400002
141.700005
130.099999
120.099998
115.700001
98.100003
89.200001
85.0
81.899997
67.899997
68.0
72.600003
72.5
78.900002
79.099998
84.700001
96.299999
115.0
176.099999
202.200003
205.0
192.5
191.0
187.100002
165.800003
115.599998
104.900002
98.5
96.400002
82.700001
85.0
81.299999
78.400002
68.799999
64.099998
64.899997
64.099998
64.400002
63.799999
63.799999
73.5
65.4
60.5
61.599998
55.399999
62.200001
45.099998
52.300001
57.300001
45.099998
48.399999
53.1
60.899999
64.5
72.799999
73.600003
73.400002
64.200001
66.599998
63.700001
64.100001
64.199998
63.899999
63.700001
70.5
60.800001
51.5
43.800001
37.100001
32.399999
30.2
36.1
34.799999
39.100001
47.200001
63.799999
70.799999
75.100003
78.0
75.399997
74.899997
64.399997
68.799999
68.799999
69.900002
75.900002
77.700001
82.900002
98.599998
127.100002
181.400001
188.099998
183.300003
171.0
189.900002
174.599999
153.0
125.999996
118.600003
106.0
102.900002
92.700001
95.799999
83.200001
77.400002
67.5
68.799999
68.0
68.100003
74.299999
74.800004
84.0
96.200001
115.400002
156.700005
189.1
208.6
220.6
218.3
195.399998
168.900002
125.599998
112.800004
104.700001
101.899997
90.700001
89.099998
84.5
80.900002
71.0
71.599998
72.299999
71.900002
79.700001
80.100003
84.100003
97.099998
122.299999
172.900002
182.599999
179.199997
175.299995
190.099998
194.499997
183.300003
138.000004
127.400001
118.899997
116.5
102.700001
95.799999
86.100003
82.599998
72.400002
70.599998
72.200001
72.099998
78.899997
79.400002
82.900002
98.600003
120.599998
180.5
204.9
198.899998
193.999997
181.5
174.0
157.400002
120.5
120.399997
113.400002
117.700001
102.700001
99.200001
84.200001
79.5
66.0
67.799999
69.200001
69.900002
75.700001
76.400002
79.700001
97.0
119.700001
159.800003
173.099999
175.299995
187.799995
192.300003
199.099998
183.200005
146.800003
137.599998
124.299999
115.900002
94.099998
84.400002
81.800004
77.900002
68.100003
63.699998
62.900002
64.099998
63.900002
62.699998
62.5
73.700001
63.600003
57.300001
55.5
62.799999
48.5
41.6
47.200001
43.9
44.300001
45.4
51.799999
59.400002
66.299999
72.600003
72.299999
72.900002
63.599998
67.100001
63.0
62.600001
62.900002
62.6
62.5
70.200001
61.400002
57.5
53.5
51.6
49.9
49.9
36.599998
52.300001
52.100001
56.800001
70.300004
73.200001
76.5
77.0
73.600003
74.5
64.100001
68.5
68.799999
69.600003
74.100003
75.299999
81.200001
100.799999
122.399998
197.600003
228.0
235.3
214.8
219.8
215.2
193.500003
150.599999
134.200005
120.200001
109.100003
100.600003
97.200001
83.0
79.300004
68.5
70.100003
67.399997
68.0
76.099998
76.800004
85.400002
99.900002
116.400002
183.0
201.9
199.199997
198.799998
207.8
186.5
168.0
127.099999
131.499996
117.700001
111.5
97.299999
92.299999
86.599998
82.200001
72.200001
71.0
71.600003
71.5
80.5
79.899997
86.0
101.099998
116.5
161.400001
172.599999
171.800004
197.1
196.999997
184.099999
173.700005
139.900001
132.200005
129.799999
113.599998
94.100003
88.5
83.700001
80.799999
70.299999
70.099998
71.5
70.700001
79.099998
78.599998
83.0
100.700001
117.899997
170.899994
194.400002
213.0
201.100003
197.900002
183.099998
175.5
144.200001
126.799995
122.0
112.400002
99.200001
98.700001
84.5
80.400002
65.600003
67.5
69.5
68.600003
77.599998
77.899997
83.200001
97.900002
126.399998
180.5
200.700002
190.700005
189.400002
199.100003
209.200002
194.699997
125.100002
121.100003
126.699996
110.700001
89.700001
85.700001
81.700001
78.5
69.099998
64.300002
63.999998
63.300001
64.200001
63.300001
63.9
76.200001
65.700001
59.1
60.699999
59.899999
54.5
38.199999
36.400002
38.599998
44.100001
49.199999
57.0
62.400002
70.299999
73.700001
73.799999
73.200001
64.200001
66.799999
64.800004
64.5
64.5
63.799999
64.400002
72.400002
64.399999
61.0
61.700001
46.199999
42.199999
48.699999
51.600001
52.9
57.100001
61.6
72.799999
73.900002
82.0
77.299999
74.700001
75.100003
65.5
70.099998
70.400002
71.0
77.5
76.5
84.0
102.299999
125.500004
191.500003
232.6
242.7
230.3
220.7
186.699997
158.700005
144.699996
126.400002
122.199996
112.5
101.900002
98.5
87.5
81.0
71.200001
68.700001
69.0
69.5
76.599998
76.599998
81.899997
98.400002
120.699996
165.199997
188.900001
190.099999
205.399997
207.7
184.900001
164.699997
136.199997
116.799999
117.400002
109.099998
99.700001
88.400002
82.700001
79.399997
69.899997
69.200001
69.0
69.099998
75.900002
77.100003
83.099998
98.799999
115.5
166.5
214.3
207.0
190.799995
187.900002
204.4
193.999997
150.5
136.5
127.899998
112.0
93.599998
90.200001
82.5
78.5
69.399997
68.5
68.400002
68.699996
76.700001
76.700001
84.5
96.799999
122.0
166.699997
192.5
213.300002
208.8
194.1
167.199997
162.599998
152.099998
135.499996
122.799999
112.599998
104.200001
100.5
83.599998
79.700001
63.600001
68.200001
68.899997
68.900002
78.799999
79.5
82.799999
98.400002
117.099998
157.5
177.699996
167.599998
184.699997
189.299995
174.700005
167.0
140.5
129.199996
117.800004
107.0
94.899997
87.900002
83.799999
80.799999
70.299999
64.699996
65.399997
64.599998
67.100003
65.399997
64.699996
77.299999
68.299999
60.0
60.300001
56.0
48.099998
37.100001
37.6
40.199999
45.0
49.600001
58.9
63.1
73.799999
77.399997
74.399997
74.099998
65.200001
68.299999
64.400002
66.099998
67.099998
64.000002
64.199999
74.599998
65.599998
57.5
49.5
39.899999
35.100001
33.0
32.600001
39.600001
43.600001
54.799999
67.100003
74.100003
86.200001
78.900002
75.799999
76.899997
64.900002
70.899997
71.5
71.899997
77.600003
77.5
85.0
97.900002
119.799999
166.200005
188.300003
178.799995
173.0
170.699997
165.0
149.099999
131.799995
121.899997
115.700001
108.600003
103.5
98.099998
85.800004
80.099998
69.799999
69.200001
71.900002
69.5
76.700001
77.099998
83.5
96.200001
123.900002
168.599998
183.300004
176.5
181.900002
181.800004
173.900001
154.0
133.599998
126.800004
119.700001
107.699996
96.200001
85.200001
80.799999
80.400002
67.600003
68.099998
67.399997
67.299999
74.5
74.899997
80.799999
98.5
120.599998
162.199997
191.599999
175.200005
158.699996
171.900002
184.100006
168.5
143.599999
127.200001
120.900002
113.100003
95.5
89.400002
83.899997
80.400002
70.299999
70.299999
69.799999
69.400002
77.5
78.299999
81.899997
96.100003
123.600002
165.899994
185.200005
191.900002
188.700005
177.599999
174.400002
160.699996
130.5
127.300003
120.599998
118.099998
105.599998
98.399997
87.0
83.299999
67.900002
67.100001
70.5
70.400002
77.599998
77.5
82.699996
99.0
122.999996
173.099999
190.599999
185.199996
184.0
183.399994
175.400002
159.299995
128.700001
125.0
119.799999
112.099998
92.199996
86.099998
81.400002
82.200001
68.599998
64.5
63.1
63.700001
64.799999
63.5
65.4
77.299999
71.399997
64.9
68.399997
65.300001
58.9
57.5
56.5
53.1
53.5
57.4
60.0
64.5
72.700001
73.399997
73.099998
76.200001
63.399997
66.200001
63.0
63.1
62.800001
63.200001
65.400002
72.700001
67.799999
62.699999
56.799999
53.7
42.4
46.800001
53.899999
54.399999
58.4
65.800002
71.0
76.900002
84.200001
77.5
74.5
77.5
65.099998
69.600003
69.400002
70.299999
75.599998
76.200001
81.700001
97.799999
123.000004
181.900002
218.6
222.8
215.5
227.7
212.7
201.399998
166.899994
144.599999
138.099998
123.099998
104.700001
99.599998
86.300004
79.0
69.199996
69.900002
68.200001
68.399997
77.5
77.5
82.399997
102.100003
134.399997
196.999998
233.0
228.5
206.8
200.699997
193.099999
188.199997
151.099999
139.599999
119.5
121.599998
110.299999
102.300004
85.299999
80.5
72.200001
71.0
69.799999
69.099998
78.099998
78.5
83.099998
101.0
135.999996
187.0
218.3
221.5
209.8
210.0
199.600002
187.400002
166.599998
149.900001
129.699997
117.599998
101.5
89.599998
85.400002
81.800004
72.200001
71.900002
72.899997
72.399997
80.700001
80.900002
87.299999
101.700001
129.699997
141.0
158.800003
132.0
129.100003
134.599999
157.600006
139.0
119.300004
106.299999
95.299999
100.299999
106.800004
95.299999
85.5
82.199996
66.900002
68.5
71.400002
71.5
83.099998
80.400002
86.699996
103.0
134.199997
181.599998
196.400002
197.0
192.999997
196.300002
178.700005
160.900002
124.100002
115.900002
114.599998
118.099998
95.700001
86.200001
82.100003
78.900002
69.299999
63.9999999999
63.400002
65.700001
63.8000010001
63.4999999999
63.6999979999
78.8000040001
72.799999
65.5
73.700001
69.200001
61.5999980001
53.299999
57.0
58.200001
59.5
58.7
61.399999
70.100003
73.899997
73.099998
73.100003
73.299999
62.899999
66.399999
62.700001
63.0
64.1999990001
64.1999979999
62.6
72.900002
69.2000010001
62.899997
59.9000019999
54.799999
52.5
49.600001
54.1
59.9
62.8000009999
61.8
67.8000009999
79.100003
84.7000010001
77.100003
78.099998
74.7999989999
64.600003
70.7000010001
70.2999989999
69.8000040001
76.099998
78.399997
85.399997
97.7999989999
135.599998
185.699997
199.699997
193.4
182.299995
188.099998
180.5
176.599999
169.800003
153.699996
136.800003
129.199997
107.5
99.599998
86.2000010001
81.7000010001
70.0999980001
70.799999
72.100003
70.2999989999
78.7999989999
78.900002
85.600003
105.799999
131.200001
174.399994
187.300003
184.5
176.899994
179.699997
176.099998
175.300003
152.5
151.100006
130.099998
122.200001
104.199996
96.5999980001
82.5
80.2000010001
67.600003
69.0
67.5
66.5
72.900002
76.599998
78.899997
100.200001
135.5
182.799995
198.5
194.599998
179.099999
181.599999
189.0
178.099999
155.400002
146.900001
140.700005
120.200001
97.7000010001
88.7000010001
84.100003
81.5
72.600003
68.899997
69.5999980001
69.399997
78.700001
80.700001
84.900002
99.899997
133.200005
174.899994
184.800003
201.699997
185.700005
169.900002
173.0
182.200005
151.400001
141.100006
120.599998
122.100003
106.0
96.900002
83.2999989999
79.0
64.099998
67.2000010001
68.599998
70.599998
76.1999959999
76.700001
82.3000040001
96.399997
140.599999
191.0
225.4
229.4
189.300003
192.5
201.200002
196.100002
154.700005
142.099998
134.799995
113.200001
92.700001
88.099998
84.900002
81.0
70.5
66.5999980001
64.700001
64.899997
66.299999
64.3000020001
66.599998
78.299999
87.0
79.099998
89.7999989999
69.7000010001
88.0
69.400002
66.200001
63.3000020001
66.600003
64.200001
66.399997
74.200001
77.7999989999
77.2999989999
78.200001
79.0
67.5
68.399997
67.5
66.899997
67.399997
66.4000019999
67.5
78.2999989999
74.7999989999
66.0999980001
70.299999
69.9000019999
67.600003
65.299999
65.0
51.2
65.0999980001
73.4000019999
74.0
82.0999980001
83.5999980001
76.0999980001
75.0
75.5
66.5
69.700001
69.2999989999
69.899997
75.0
75.200001
82.400002
101.400002
131.300003
194.400003
227.5
228.9
228.6
225.7
209.0
184.699997
143.5
132.300003
126.400002
130.299999
106.5
96.7000010001
84.099998
79.900002
71.200001
69.599998
68.5999980001
68.799999
75.799999
76.899997
85.400002
99.0
130.000004
181.300004
209.0
205.2
185.599998
181.799995
196.599997
181.400002
155.400002
140.100006
133.0
128.300003
104.800004
97.200001
84.0999980001
79.7000010001
69.099998
71.899997
70.299999
68.8000040001
76.600003
77.2999989999
82.700001
101.200001
126.000004
187.800003
219.4
237.2
215.9
221.7
212.5
205.200002
166.399994
148.600006
138.899994
131.5
105.799999
93.0999980001
84.799999
82.099998
71.900002
71.200001
71.200001
71.299999
79.200001
80.0
84.5999980001
95.5
126.099999
187.900002
224.8
212.6
200.499998
222.7
209.4
187.800004
162.099999
146.799995
145.399994
160.399994
152.100006
120.700001
92.799999
82.0
66.600003
67.399997
70.2000010001
72.0
78.0999980001
76.7999989999
82.0999980001
100.099998
137.900002
188.400001
216.4
216.5
219.7
216.3
208.0
203.299998
161.799995
141.400002
137.700005
124.099998
91.7000010001
87.100003
81.599998
78.600003
68.7999989999
65.5
63.799999
63.9
64.100001
65.5
63.399999
75.6999959999
76.4000019999
66.200001
65.099998
65.099998
65.3000020001
64.900002
63.599998
62.299999
57.700001
60.399999
62.8000009999
75.6999959999
74.7000010001
73.200001
74.2999989999
74.5
66.5
65.5
64.600001
64.600001
63.5
64.900002
66.700001
64.600003
63.5999980001
73.600003
64.600001
58.5
48.299999
43.4000019999
41.4
43.1999990001
49.399999
57.0
58.799999
64.399997
87.6999959999
86.5
88.0
79.0
76.200001
75.2000010001
62.1
69.3000040001
71.2999989999
71.4000019999
75.900002
75.899997
79.9000019999
97.2000010001
90.299999
95.299999
99.399997
84.7000010001
73.0
63.5
63.1999979999
55.9
56.0999980001
61.299999
69.099998
69.0
68.799999
68.899997
68.799999
68.900002
63.899997
59.0
61.3
59.2
59.1999990001
59.899999
62.2
84.600003
95.899997
99.200001
99.100003
104.5
106.799999
106.200001
101.0
93.0999980001
89.700001
91.5
94.2000010001
87.100003
86.399997
81.899997
78.700001
78.2000010001
67.599998
66.399997
65.6999959999
66.2999989999
74.899997
76.2000010001
80.099998
95.0
91.899997
99.899997
94.0
88.5
77.599998
83.7000010001
81.600003
94.7000010001
91.7000010001
96.099998
98.0
88.900002
85.099998
80.7000010001
77.799999
74.900002
66.200001
65.2999989999
65.0
65.400002
73.299999
73.5999980001
77.099998
92.5
90.8000040001
96.1999959999
92.2999989999
87.5
86.5
87.100003
84.5
82.5
86.599998
91.7999989999
107.699996
98.9000019999
87.7000010001
84.5
80.700001
77.8000040001
65.5
67.100003
66.899997
66.2999989999
80.0
76.200001
79.100003
90.5
93.0
95.7000010001
94.599998
93.2000010001
93.399997
94.2000010001
88.5
87.8000040001
89.0
88.9000019999
92.600003
86.5
86.2999989999
84.3000040001
79.9000019999
76.5
65.1
61.7
61.4000019999
62.0
63.5
61.600001
62.0999980001
76.9000019999
65.6999990001
58.0
59.0
59.4000019999
57.8000009999
49.4
48.899999
55.6999990001
61.899999
62.5
70.700001
71.400002
71.700001
71.700001
71.200001
71.7000010001
65.0
63.400002
61.600001
61.399999
63.7999989999
61.9
61.4
73.400002
64.599998
56.1
46.9
43.0
45.8000009999
39.4
42.9
51.4000019999
59.4
66.299999
86.2000010001
87.0999980001
85.899997
75.099998
74.7000010001
74.1999959999
67.3000040001
69.6999959999
69.399997
68.5
76.9000019999
75.7999989999
80.4000019999
101.0
123.400002
188.899997
219.9
223.1
212.3
213.2
208.7
199.399998
165.800003
159.0
153.100006
134.799999
100.900002
96.5
81.099998
76.7999989999
67.3000040001
67.200001
66.5999980001
68.100003
74.4000019999
74.900002
82.2999989999
101.5
127.699997
192.900003
228.4
225.1
232.0
238.6
236.5
216.4
183.0
167.0
156.099998
131.599998
106.400002
96.899997
86.0
78.5999980001
69.2999989999
68.5
67.0
67.399997
76.2000010001
76.099998
84.399997
98.700001
122.699997
179.699997
219.3
224.9
215.8
223.7
213.4
210.2
149.0
160.799995
153.400001
131.700005
106.5
90.0
81.7000010001
81.599998
66.600003
68.1999959999
67.900002
67.799999
73.799999
75.0
79.2000010001
105.200001
130.099998
198.100003
226.8
236.9
227.2
215.1
228.8
214.6
177.299995
166.5
150.5
127.499996
105.799999
96.4000019999
81.099998
77.0
31.6317241241
0.463448248222
0.463448248338
0.463448248222
0.463448248338
0.463448248222
0.463448248338
0.463448248222
0.463448248338
0.463448248222
0.463448248338
0.463448248222
0.463448248338
0.463448248222
0.463448248222
0.463448248338
0.463448248222
0.463448248338
0.463448248222
0.463448248338
0.463448248222
0.463448248338
0.463448248222
0.463448248338
61.4925
60.39
59.8
56.5075
53.3925
51.67
54.8675
59.3275
52.71
49.435
50.16
50.9225
50.755
49.9225
53.01
55.995
59.275
62.9725
67.615
70.305
70.475
72.1475
73.0625
69.0675
65.9075
64.1175
63.6225
63.77
64.175
63.7725
64.995
68.295
65.7675
59.6975
54.0175
48.5
46.3375
44.9175
42.0175
46.5725
52.165
57.9525
70.245
75.2125
76.555
75.35
75.4125
73.1025
34.831722124
34.1317261242
68.7000010001
70.1999959999
74.0
74.2999989999
77.100003
100.100003
126.899998
196.999998
234.2
234.3
229.5
235.5
233.4
214.9
181.300003
167.199996
158.200005
134.000004
104.599998
97.5
83.700001
80.5
70.399997
72.400002
69.0
69.400002
77.5
78.5
83.9000019999
106.399997
134.699997
196.0
227.1
234.7
229.3
226.0
216.7
208.9
172.699997
166.599999
157.5
141.0
110.0
98.400002
84.900002
80.5
70.2999989999
70.5
71.0
71.5
78.600003
78.900002
81.599998
103.200001
130.800004
187.600003
236.1
242.3
208.5
221.2
228.8
218.4
182.300003
168.099999
158.400001
141.699997
108.0
91.700001
82.899997
80.5
68.7999989999
71.599998
70.799999
72.5
77.399997
78.4000019999
81.3000040001
106.199996
140.500004
184.199997
216.3
229.4
223.8
234.6
220.1
202.700002
187.699997
174.300004
153.5
131.900002
109.100003
97.0999980001
84.2000010001
79.899997
66.599998
70.399997
71.700001
69.2999989999
77.799999
78.299999
82.2000010001
105.799999
131.299995
180.300003
218.3
197.400003
197.600002
212.7
215.0
211.5
172.099998
159.400002
146.5
129.500004
92.700001
85.2000010001
80.5
77.5
65.4
66.299999
62.5
62.799999
63.0
62.9
63.5
77.099998
71.900002
67.5999980001
75.200001
75.0
71.0999980001
64.400002
65.2999989999
64.700001
65.0
67.3000009999
73.099998
73.0
71.600003
72.2000010001
71.899997
71.5
62.399999
62.3000009999
64.1999990001
62.0
61.9000019999
61.2
61.3000009999
70.5
68.099998
60.6
63.4000019999
60.399999
58.3000009999
56.1
56.3000009999
57.799999
60.1
68.600003
81.200001
82.899997
83.600003
74.3000040001
73.3000040001
72.900002
65.9
68.7000010001
69.299999
68.0
74.5
75.5
80.0
99.899997
135.800004
186.600006
214.9
219.7
198.500002
200.4
192.199997
199.200002
175.800003
174.299995
157.100006
131.699996
108.0
102.0
83.4000019999
79.3000040001
69.600003
68.399997
68.0
68.0
76.5
78.2000010001
83.9000019999
99.5999980001
137.099998
197.600003
234.1
241.4
231.7
242.1
223.4
203.500003
179.300003
184.299995
160.400002
140.299995
112.0
99.100003
84.9000019999
79.400002
71.399997
71.0
69.0
68.100003
75.5
76.099998
79.799999
98.700001
133.599998
172.099999
195.900001
221.6
223.4
235.2
220.9
211.3
182.599998
172.100006
155.800004
133.299999
105.700001
89.899997
82.700001
80.200001
66.600003
70.0
69.099998
69.399997
76.2999989999
76.799999
83.2999989999
97.899997
134.600002
202.299997
223.6
232.4
232.5
227.5
223.8
206.0
182.400002
175.099998
155.0
136.300004
106.599998
95.599998
82.3000040001
77.2000010001
66.100003
68.900002
66.5
66.399997
73.5
72.5
80.5999980001
98.5999980001
136.500004
188.899994
217.4
228.1
206.5
201.9
194.3
186.5
158.5
163.800003
152.5
134.700001
105.699996
90.200001
83.3000040001
82.1999959999
66.100003
64.799999
63.999998
67.0
64.6999959999
72.3000040001
72.0
77.7000010001
75.400002
70.200001
68.4000019999
60.1
51.0
48.9000019999
56.5
62.0
65.5
70.3000040001
73.5
76.2000010001
74.399997
76.900002
82.900002
74.0
69.400002
64.0999980001
64.100001
72.0
72.2999989999
70.8000040001
73.0
79.700001
77.0
65.0
62.8000009999
58.399999
62.899997
63.8000020001
69.899997
74.100003
72.2000010001
85.2999989999
90.100003
88.099998
91.0
80.200001
76.599998
84.8000040001
70.0
77.6999959999
80.0
77.1999959999
87.2000010001
80.5
83.8000040001
104.799999
148.099999
204.199998
231.4
222.0
193.599999
203.6
211.7
199.400002
172.599999
168.699997
155.600006
128.799995
98.6999959999
93.299999
77.7000010001
73.8000040001
65.600001
64.600003
63.5
63.399999
70.1999959999
72.0
81.599998
92.7000010001
131.199997
190.800002
219.0
224.5
227.6
236.4
209.6
191.599998
162.400002
170.099998
146.5
124.900002
102.0
91.7000010001
77.4000019999
74.100003
70.0
65.4000019999
64.5
63.899997
69.5
70.2000010001
75.299999
97.5
139.700005
189.899998
228.5
234.8
216.6
216.2
203.400003
197.900001
167.0
171.200005
159.200005
134.700001
107.0
98.900002
84.5
82.7000010001
72.799999
72.299999
72.399997
74.099998
80.299999
80.9000019999
88.899997
109.199996
148.300003
197.699997
234.4
222.3
222.7
228.3
214.0
203.8
180.0
183.199996
162.200005
140.400002
112.900002
99.799999
87.200001
83.5
73.1999959999
73.400002
72.099998
71.1999959999
79.0
81.5
87.0
99.7999989999
148.0
198.100002
232.3
228.3
223.1
220.4
221.9
213.8
175.700005
168.5
160.0
125.699996
106.099998
92.5
83.399997
82.0999980001
71.0
70.899997
72.600003
70.700001
69.799999
73.0
69.899997
84.299999
86.0
74.2999989999
94.799999
101.0
96.2000010001
101.599998
101.0
89.0
79.799999
78.5
80.099998
82.2000010001
80.5
79.600003
83.0
80.0
68.900002
73.2999989999
70.100003
69.7000010001
72.7999989999
69.399997
69.799999
81.900002
85.5999980001
76.0
75.2999989999
68.700001
67.9000019999
70.0
69.700001
68.7000010001
71.200001
78.100003
82.7000010001
87.6999959999
89.1999959999
78.400002
78.1999959999
77.2999989999
67.799999
69.200001
67.399997
66.900002
74.2000010001
74.100003
77.2000010001
100.899997
141.799999
206.500003
230.3
222.3
222.6
225.8
211.7
207.1
171.5
178.0
155.100006
128.100003
104.799999
98.899997
84.200001
79.399997
