4.7
4.09999999999
4.69999980001
5.2
5.0
9.3000002
9.09999989999
12.2000003
32.7
37.200001
18.1675
20.8725
39.0
24.5925
33.400001
29.1
24.6
21.1
12.6999998
8.2999997
7.30000019999
6.09999990001
6.0
6.0
6.59999990001
5.89999990001
4.2999999
4.0
4.2999999
9.09999989999
8.5
8.0000002
30.6
35.6
34.6
30.1
29.3
37.1
32.7
23.6
22.3
19.7999998
13.2999997
10.7000003
9.5
7.7000001
7.39999999999
7.2999999
7.30000019999
7.09999990001
5.09999990001
5.8
5.3
8.40000010001
8.39999959999
10.5
38.300001
21.34
21.535
37.5
40.900002
38.8
31.5
23.3
20.2999998
17.5
7.7999997
6.89999990001
6.8
7.7999999
7.7000001
6.90000009999
7.0
7.2
5.39999990001
5.09999990001
5.2
8.39999959999
8.0
10.0999999
37.1
22.79
28.83
27.0775
27.04
29.9775
39.0
31.2
20.3
19.9999996
13.5999999
7.2000001
6.0
6.09999990001
6.5
6.80000019999
7.10000009999
6.7999999
5.09999990001
5.0
4.8
9.09999990001
9.2999997
25.9
35.6
39.0
41.100001
32.800001
36.100001
38.8
27.7
16.8000002
26.4
16.7999997
12.3000002
6.0
6.2
6.89999990001
6.7000001
7.0
5.59999990001
6.89999990001
5.10000009999
5.09999990001
5.0
4.90000009999
4.7000001
4.60000000001
4.90000009999
4.8
4.39999999999
4.59999990001
4.40000009999
4.2
3.89999999999
4.3
4.2
4.2
4.2999999
4.7000001
4.39999990001
4.59999990001
4.60000000001
4.89999990001
4.69999980001
4.5
4.80000019999
4.5
4.5
4.60000000001
4.2999999
4.5
4.0
4.2
4.30000009999
4.09999990001
4.2999999
4.0
4.39999990001
4.60000009999
4.39999999999
4.5
4.7000001
6.7
6.7
6.40000009999
5.30000019999
4.7
5.2000001
5.0
5.0
5.0
4.60000009999
11.3000002
11.0
9.7000003
19.99
24.925
19.9575
36.800001
25.365
38.3
25.7
24.9
23.4
21.6
19.9000004
8.7000001
4.8
5.89999990001
5.8
5.8
5.2000001
6.0
5.7
6.40000009999
5.90000009999
6.10000009999
5.90000009999
18.4000006
22.5825
27.6625
30.37
41.099998
30.3625
31.6375
31.8
24.2
22.7
19.5
13.3000002
9.90000009999
9.40000009999
8.40000009999
5.0
5.2999999
5.40000009999
4.89999990001
5.60000009999
5.0
5.30000019999
6.3
6.3
16.2000003
40.5
20.17
20.2525
26.5875
38.199999
35.200001
22.7999996
22.3
19.2999998
17.8000002
6.80000019999
5.60000009999
5.3
5.8
6.0
6.2999999
6.40000009999
5.80000019999
6.39999999999
6.2
5.8
6.2000001
6.30000019999
15.1000004
38.5
20.535
41.7
24.7975
25.2675
39.699999
31.3
30.5
24.0
18.8999996
8.5
6.39999990001
6.5
6.3
6.19999980001
6.7
7.60000009999
6.90000009999
6.8
6.80000019999
6.80000019999
7.39999990001
7.10000009999
16.6999998
40.0
27.5175
41.199999
37.699999
38.099998
39.5
36.0
25.4
27.9
21.0
12.0999999
8.0
8.40000009999
8.40000010001
8.5
8.59999990001
8.40000010001
8.3000002
8.3000002
8.3000002
8.8000002
9.10000040001
8.1999998
8.59999989999
8.2999997
8.0000002
8.0
8.1999998
6.8
7.0
7.0
6.2999999
6.60000009999
7.90000009999
7.39999999999
7.8
7.89999990001
8.5
8.2999997
8.0
7.7
7.7000001
7.90000009999
7.90000009999
8.2000001
7.39999999999
7.69999980001
7.10000009999
7.3
7.5
6.7
6.7999999
6.8
6.5
6.7000001
7.19999980001
6.8
7.5
7.2999999
7.10000009999
7.39999990001
7.10000009999
7.3
7.2000001
6.0
7.5
7.2
7.19999980001
7.5
7.8
8.0
19.0999996
19.34
22.9075
18.1975
19.825
23.4775
23.665
34.899999
23.1
23.9
19.8000004
10.8000002
6.10000000001
4.8
5.2
5.19999980001
5.7999999
4.7
5.2999999
6.0
5.2999999
5.5
5.5
5.5
6.90000009999
23.2725
28.5075
40.6
41.1
40.900002
41.5
32.4
28.3
24.6
16.8000002
11.8999996
10.8000002
10.8000002
9.90000009999
5.0
5.0
4.5
4.5
4.39999990001
4.7000001
5.30000019999
5.7000001
5.39999999999
7.2000001
38.399999
17.415
18.045
37.5
33.900002
37.299999
26.2
21.8
19.6000002
17.2999997
9.0
6.39999990001
4.39999990001
4.39999990001
4.3
4.69999980001
4.2999999
4.39999990001
4.5
4.60000009999
4.60000009999
5.0
5.0
6.40000009999
39.5
18.58
41.199999
37.6
34.099998
36.0
29.9
28.1
21.8
19.7000004
10.5
7.8
8.8000002
6.3000002
3.9999999
4.39999990001
4.2000001
4.5
4.09999990001
4.09999990001
4.3
5.2
5.09999990001
5.80000019999
32.2
40.0
37.6
34.1
26.3775
41.299999
28.999999
22.2
16.5
17.5999994
5.4999999
4.09999999999
4.5
4.2
4.89999999999
5.0
4.90000009999
5.0
5.09999990001
4.7
4.39999999999
4.8
4.90000009999
4.7
4.59999990001
4.30000009999
3.89999999999
4.4999999
4.19999980001
3.89999999999
4.09999990001
4.5
3.89999999999
4.39999990001
4.60000009999
4.39999990001
4.8
4.7999999
4.7000001
4.8
4.10000000001
4.5
4.80000019999
4.5
4.59999990001
4.90000009999
4.7000001
4.5
5.0
3.89999999999
4.60000000001
4.2
4.0
3.89999999999
4.39999999999
4.5
4.5
4.7999999
5.30000019999
5.10000000001
4.09999990001
4.0
4.2999999
3.7
2.31958762887
0.039175257727
0.0391752577416
0.039175257727
0.039175257727
0.0391752577416
0.039175257727
0.039175257727
0.0391752577416
0.039175257727
0.039175257727
0.0391752577416
0.039175257727
0.039175257727
0.0391752577416
0.039175257727
0.039175257727
0.0391752577416
0.039175257727
0.039175257727
0.0391752577416
0.039175257727
0.039175257727
0.0391752577416
4.2225
4.36
4.345
4.3625
4.4975
4.8475
4.8
6.505
20.7175
24.48
27.295
29.175
28.455
29.74
27.4675
23.6875
19.7325
15.5875
11.105
8.49
7.7525
6.9875
5.2
4.7025
2.41958772886
1.91958762886
4.0
4.5
4.2000001
4.7
4.80000019999
5.0
12.9000001
13.0
11.0999999
9.5
6.10000009999
7.2000001
7.0
4.39999999999
3.8
3.8
3.89999999999
4.09999990001
3.89999999999
4.90000009999
5.7
4.8
5.10000009999
5.2999999
5.0
4.60000000001
5.09999990001
5.30000019999
5.0
5.2
15.3000002
12.8000002
12.9000001
13.3999996
10.8999996
8.7000003
5.39999999999
7.10000009999
3.60000000001
4.09999990001
3.89999999999
4.09999990001
4.5
5.2
4.90000009999
5.40000009999
5.10000009999
5.2000001
5.0
5.2999999
5.40000009999
5.3
5.2999999
5.2
14.8000002
13.3000002
13.1999998
13.5
12.0999999
11.6999998
10.3000002
7.90000009999
4.39999990001
4.7000001
5.10000000001
4.5
4.60000009999
5.10000000001
4.39999999999
4.39999999999
4.89999990001
4.89999990001
5.0
4.8
5.39999990001
5.0
4.90000009999
5.59999990001
4.7999999
4.59999990001
4.5
4.7000001
4.2
4.7000001
4.39999990001
4.3
4.5
4.80000019999
4.89999990001
5.59999990001
5.10000009999
5.0
5.39999999999
5.10000009999
5.2
4.90000009999
5.0
5.19999980001
5.2999999
5.0
5.09999990001
5.10000009999
5.39999999999
5.2000001
4.2
4.59999990001
4.60000009999
4.2999999
4.7
4.39999990001
4.60000009999
5.09999990001
5.0
5.2000001
4.09999990001
4.7999999
5.59999990001
4.90000009999
5.7
5.30000019999
5.0
5.40000009999
6.90000009999
5.2999999
6.2000001
5.60000000001
15.8000002
15.7000003
15.2999997
15.0
13.5
12.2999997
9.8
8.4999998
3.5
4.40000009999
5.59999990001
4.8
5.2
5.0
5.3
4.89999990001
5.5
5.10000009999
5.2
5.10000000001
5.2999999
5.40000009999
5.60000000001
5.2
13.8000002
13.2999997
13.1999998
13.0999999
12.6999998
12.2000003
8.89999990001
7.89999979999
3.5
3.89999999999
4.5
4.80000019999
5.2999999
5.0
5.09999990001
5.0
4.8
5.39999999999
5.40000009999
5.2999999
5.10000009999
5.19999980001
5.39999990001
5.5
13.5
13.1999998
13.2999997
12.9000001
12.5
10.5999999
10.1999998
9.09999990001
3.69999990001
3.8
4.09999999999
3.8
4.3
4.0
3.8
5.0
2.3
4.5
5.0
4.6
4.7000001
4.8000002
5.2999999
9.3999999
13.4000001
12.5999999
10.5
6.7
7.5000002
6.4000001
6.5
3.6999999
3.9
3.8999999
3.7999999
4.1999998
3.9999999
3.7
3.7999999
4.5
4.1
3.7
3.8
3.9999999
3.8999999
4.8
5.0999999
5.0
13.5999999
12.7000003
11.0999999
9.0
8.3000002
8.4000001
5.8
6.7
3.6
3.9
4.4
3.8
4.2
5.1999998
4.8999999
5.3
5.0
4.9
4.7999999
4.8000002
4.7
4.5
4.6000001
5.2
4.8
4.8000002
4.3999999
4.0999999
4.0999999
4.4000001
4.2999999
4.0999999
4.2
4.8999999
4.4
5.1000001
5.2999999
5.1999998
4.7000001
4.9000001
4.8
5.2
4.7
4.8000002
5.0
5.0999999
5.0
5.3999999
5.0
4.5999999
4.2999999
4.0999999
4.5
4.5
4.3999999
4.5999999
4.5
4.8
5.1999998
5.2
4.1
4.0999999
4.1999998
4.3
4.5999999
4.2999999
4.9000001
4.7000001
5.0
4.8000002
4.9000001
5.2000001
37.5
39.399999
34.7
33.200001
28.4
28.8
18.3999998
17.8000001
13.5
11.3000002
5.8999999
6.0
5.1999998
4.5
3.9
4.4000001
5.4000001
4.4000001
4.2999999
4.2
4.2
4.3000001
4.5
4.9000001
41.100001
26.4825
41.899999
40.0
35.9
39.700001
32.4
26.2
22.5
17.9000002
12.0
9.0
7.9999998
7.6999998
6.6000001
6.3999999
7.3000002
6.4
5.9
5.7000001
6.0
6.0999999
6.2
7.0
38.9
19.1
41.1
26.335
40.5
40.100001
35.400001
30.0
25.5
19.0000004
11.4000001
8.2
7.5
7.6000001
7.5
7.6000001
6.5
7.3999999
7.2
7.5
7.5
7.8000002
8.1999998
9.0
37.5
21.75
23.2025
20.9325
35.7
38.600001
30.9
23.1
21.7
16.8000002
9.5999999
5.5
5.0999999
5.1000001
5.0999999
5.2000001
4.6999998
5.9
5.1000001
5.3999999
5.3999999
5.0
5.0
6.3000002
34.899999
21.67
22.715
21.2225
39.600001
39.4
37.8
26.8
22.9
20.0999996
8.4000001
4.2999999
4.3999999
4.6
4.5
4.0999999
4.3999999
4.7999999
4.2
4.3
4.4
4.4
4.5
4.0
4.6999998
4.0
3.6
3.5
3.6
4.2999999
3.8999999
3.6
3.7
4.6999998
5.0
5.2
4.9000001
5.5
4.8999999
4.8999999
4.7
5.1000001
5.0999999
5.0999999
5.0
5.0999999
5.0
4.9000001
4.8999999
5.1000001
4.6000001
4.4
4.5
4.6000001
4.7000001
4.2
4.6999998
5.1000001
5.0
5.0
6.8
7.0999999
6.1999998
5.1000001
4.9000001
4.8000002
5.2000001
4.7000001
5.3000002
5.9000001
5.4
7.0999999
18.2075
21.1775
18.7425
19.005
38.700001
38.399999
37.200001
33.600001
23.9
17.6999998
14.8999996
7.9000001
5.6999998
4.7
4.7
4.7000001
5.5
4.8999999
5.5
5.4000001
5.6
5.7000001
5.5
7.0
36.600001
41.299999
30.1175
31.34
31.7325
40.799999
34.199999
32.600001
22.1
18.8000002
10.0
9.0
8.6999998
8.0000002
5.7000001
6.0
5.6999998
6.0
5.8000002
5.6
6.1000001
5.7000001
6.3
8.2999999
25.73
22.485
24.4175
41.2
30.2025
39.899999
36.299999
28.7
22.2
17.3999996
9.6000002
4.8999999
5.0
4.8
5.2
5.2000001
6.3
4.9000001
5.3
5.0999999
5.4000001
6.2
6.2000001
7.0999999
41.5
23.26
24.775
22.9475
27.02
29.4475
38.400002
34.8
23.4
17.2000003
10.8000002
7.2
7.2999999
7.8000002
8.4000001
7.6999998
6.6999998
7.5
7.9000001
7.7000001
7.7999997
7.5999999
8.0999999
9.0999999
22.835
24.6875
26.65
25.18
28.665
29.44
27.5475
22.5
24.4
21.2
8.7
5.0
5.3999999
5.1
5.1999998
5.6
5.0999999
5.3999999
5.5
5.1999998
5.3999999
5.4
5.0999999
5.3
5.2999999
4.7
4.5999999
5.0
4.3999999
4.3999999
4.5
4.0999999
4.2
5.1000001
4.7000001
5.1000001
5.7999999
5.0
4.9000001
5.2999999
4.9
5.0
5.3
5.0999999
5.2999999
4.7000001
5.0999999
5.1999998
5.0
5.1999998
4.7
4.6000001
4.7000001
4.8000002
4.5999999
4.7000001
4.2
5.0
5.3
7.8000002
6.5999999
6.8999999
4.8999999
3.9
5.5
5.8
5.2999999
5.2
5.8
5.3999999
5.5
6.6999998
21.17
23.83
22.545
23.1075
29.6625
29.5625
39.1
33.999999
25.2
18.0
12.8999996
5.6
5.0
4.7
5.5
5.2
6.0999999
5.8
5.4
5.3999999
5.5
5.7000001
5.5
7.1000002
22.5975
27.34
29.695
31.34
32.58
33.485
31.79
38.300001
28.5
18.3999996
11.5
8.2999997
8.8999996
7.9999998
5.9000001
5.6000001
5.5
6.4
5.5
5.7000001
6.1999998
5.4
5.4
7.3999999
26.1425
23.4275
25.7225
30.0475
32.665
32.29
40.0
34.0
25.1
19.4000002
10.3000002
4.7999999
4.5
5.2999999
5.2999999
5.9000001
5.2999999
5.5999999
5.5999999
6.0
5.3999999
5.2
5.4000001
7.4000001
25.48
25.725
26.495
25.2775
41.199999
30.9875
30.1075
37.100001
25.0
20.0999996
7.6999998
4.5
5.0
5.3
5.8
5.6
4.6999998
5.7000001
5.7
5.6999998
5.7000001
5.0
5.3999999
6.7
23.5075
25.525
27.2525
26.085
29.2975
29.4
27.6275
26.3
24.0
20.8
7.3999998
5.0
4.2999999
4.1999998
4.3
4.2999999
4.6000001
4.2
4.5
5.2
4.7000001
4.7000001
5.0
5.1
4.7000001
4.3999999
4.4
4.5
4.5
4.8999999
4.5
4.6
4.3
4.6000001
4.7000001
5.1000001
5.0999999
5.1000001
4.9000001
5.0
4.5
5.4000001
5.1000001
4.8000002
5.2000001
4.8999999
5.0999999
5.7
4.7000001
4.1999998
4.2
4.7999999
4.2999999
4.2999999
4.9
4.4
4.2
4.9
5.0
5.5
8.0999999
7.1000001
5.5
4.3
5.5
4.3
3.9999999
4.0999999
4.7
5.3000002
5.4000001
7.0999999
19.78
22.765
20.4075
20.1525
41.299999
26.8525
34.600001
29.5
26.0
23.9
18.2000001
11.3000002
7.7000001
7.0
6.9
7.5
6.5
7.1999998
7.7000001
7.7
8.1999998
7.7000001
7.2
9.0999999
22.095
26.525
27.9375
28.49
41.4
30.0925
37.7
32.200001
26.5
22.8
14.7999997
11.5999999
11.0
9.5
7.2999999
7.0
6.3999999
7.2000001
7.7
7.2
7.7000001
7.6000001
7.5
10.9000001
41.0
19.91
23.61
37.9
39.0
31.5275
35.099998
30.3
25.8
19.0999994
10.6000001
5.7
5.5999999
6.2
6.3
6.5
5.8999999
6.3999999
6.1000001
6.8
6.3
5.0999999
6.2
7.2999997
25.505
27.0975
27.5575
26.15
30.2175
31.7775
30.645
34.7
25.6
19.0999998
7.0999999
5.2000001
5.0999999
5.2999999
5.5
5.1999998
6.0999999
5.1000001
5.0
5.2999999
5.3999999
4.9000001
5.3999999
6.7999997
24.0225
26.1225
27.1325
26.0525
28.9775
29.295
37.300001
23.3000002
22.5
20.6999998
8.5000002
6.4000001
6.3
6.3999999
7.2
7.2
7.2000001
7.3999999
7.4
7.5999999
7.3999999
7.3999999
7.0999999
7.6000001
7.2000001
6.3999999
6.5
6.5
6.0999999
5.7000001
6.6000001
6.3
5.9000001
6.5
6.9
7.4
6.8
7.1000001
7.0999999
7.5
7.1
7.0
7.6
7.2
7.0999999
7.0999999
7.2999999
7.3
6.9000001
6.6
7.2999999
6.1999998
6.1999998
6.1999998
6.5
6.0999999
5.8000002
7.0999999
6.7999999
6.5
10.4000001
10.6999998
7.9000001
7.2
7.0
7.8999998
8.0999999
7.7000001
9.4000001
8.4000001
9.3999996
9.6999998
22.2575
24.3
22.5925
22.8025
30.3175
30.01
41.899999
29.6
23.3
21.5999996
16.8000001
10.3000002
7.0
5.0
6.2000001
6.0
5.8
6.0
6.5999999
6.3
6.2
6.2000001
6.5
8.2999999
21.5825
26.2125
29.1875
31.0975
32.265
32.3175
35.6
26.1
22.5
18.3000002
14.5
8.4000001
8.5
7.1000001
5.4000001
5.6
5.3999999
5.6999998
5.0999999
5.8999999
5.4000001
5.7000001
5.3999999
7.3000002
41.100001
24.1075
26.0725
29.985
33.225
31.61
31.6
28.6
20.0000002
16.1999998
9.9000001
4.0999999
3.9999999
5.0
5.3
5.2999999
5.5999999
4.8000002
5.2999999
5.2000001
5.3000002
5.0
5.0
7.0
24.995
27.6925
28.005
25.8825
29.4325
30.9675
29.865
40.399999
30.299999
20.7
9.4000001
6.0
6.0
7.1000001
6.6
6.8
5.9
6.3999999
6.5
6.6
6.8
6.8
6.8999999
9.0
23.9
25.875
28.0
27.795
41.5
31.7275
33.900002
18.1
18.4000001
14.0
6.9000001
5.4
5.7000001
5.6
6.0
5.3999999
6.0
5.5
5.5
5.7000001
5.7
5.3
5.6
5.6000001
5.2
4.7
4.9000001
5.0999999
4.6000001
4.7
4.8999999
4.5
4.6000001
5.0
5.5
5.4000001
5.2999999
5.0999999
5.7
5.3999999
4.9
5.3999999
5.4
5.7
5.5
5.1999998
6.0
5.7000001
5.0999999
6.0
5.1000001
4.7000001
4.7
4.4
4.5
4.6000001
4.7000001
5.0
6.3
8.8999996
7.3
6.6000001
5.1
4.2999999
5.3000002
4.7000001
5.2999999
5.3
5.4000001
5.6000001
5.5
7.3999998
22.7
24.2625
22.64
21.9225
39.5
40.300001
32.5
25.1
20.0
19.4
10.7999997
5.4000001
5.7
4.2
4.2
5.1
5.0
5.6
5.5
5.6000001
5.2999999
5.9000001
5.5
8.3999998
21.3675
25.8975
29.03
30.9025
32.275
32.31
38.2
37.3
31.0
20.9
11.5
9.9000001
9.3000002
7.5
4.8999999
4.8000002
4.5
5.5
5.9
5.7000001
6.2
6.0
5.9000001
10.3000002
25.52
24.3125
25.95
29.6425
41.200001
32.2075
39.0
37.399999
26.6
22.8
8.3999999
3.9
4.0999999
4.0999999
4.2999999
4.4000001
5.4000001
4.7000001
5.0
5.0
5.5
5.1999998
5.2
8.6999998
24.7225
28.4825
28.4925
26.685
29.37
31.2025
38.5
32.3
24.7
20.7999998
11.0
8.4000001
7.7000001
8.1000002
5.3000002
5.7000001
5.4
5.9000001
5.8
5.2999999
6.2000001
6.0
5.6
7.0
38.6
23.9525
26.2325
25.9975
41.6
27.9025
34.100001
27.9
25.5
18.4999996
7.0999998
4.0
3.8
4.0999999
4.5999999
5.0
4.7999999
5.2999999
5.0999999
4.8
5.4000001
5.1000001
5.2
5.2000001
5.2000001
4.3999999
4.8
4.3000001
4.1999998
3.9
4.6000001
3.8
4.0999999
4.2
4.1
4.4
4.6000001
4.5
4.5
5.2000001
4.7
4.6000001
4.7000001
5.0999999
5.0
5.1000001
5.2000001
5.5
4.6000001
4.5
4.8
4.2999999
3.9
4.8
4.7000001
4.5
5.0
4.2999999
4.5
5.1000001
7.5
6.3999999
5.5
4.0999999
4.4000001
4.5999999
4.1999998
4.3999999
4.7999999
4.7000001
4.6
5.5
12.7000003
13.1999998
10.5
9.5
8.7000003
8.4000001
8.9000001
6.8999999
4.3999999
4.1999998
3.8
4.7
4.7999999
4.8
5.0
4.7000001
5.0
5.1000001
4.7000001
4.7000001
5.2000001
4.7000001
5.0
5.6000001
13.0
12.6000004
12.2999997
9.8000002
10.0
8.1999998
8.0999999
7.5
4.3
4.9
4.3
4.2999999
4.7000001
5.2999999
4.7000001
5.2000001
4.6000001
4.6000001
4.6000001
5.0
4.5999999
4.3999999
5.0
5.8
12.8000002
12.4000001
9.0999999
9.6000004
8.6999998
8.5
8.0
5.4000001
3.9999999
3.7
4.4
4.3999999
4.3
4.5999999
4.8000002
4.0999999
4.3999999
5.0
4.9
4.5
4.6
4.8
4.6000001
5.0999999
12.7999997
10.3000002
9.5999999
8.9000001
7.8999998
8.5999999
10.0999999
8.5999999
10.3000002
10.8000002
13.1999998
14.9000001
9.2000001
6.7000001
6.4
5.5
4.5
4.3999999
4.6999998
4.5
4.7999999
4.2
4.2999999
5.2000001
14.2999997
14.6999998
12.3000002
10.5
9.7999997
9.5999999
9.9000001
9.1999998
5.9000001
6.0
6.2999999
6.7000001
5.5
4.5999999
4.4
4.8999999
4.4000001
4.5
4.9
4.5
4.5
5.1999998
4.7
4.2
4.0999999
4.3999999
4.2
3.8
3.9999999
3.7
4.0
3.9
3.7999999
4.2000001
4.2999999
4.1999998
4.1999998
4.9000001
4.6
4.6999998
4.7
4.6999998
4.1999998
4.8000002
4.8000002
5.0
4.5
4.7000001
4.5
4.3
4.0
4.3
3.9
4.2
4.3999999
4.0
3.9
4.2
4.3
4.1999998
7.0
6.9000001
5.0999999
4.9000001
5.6000001
4.8999999
4.7000001
5.0
5.2999999
4.9000001
5.1
6.6000001
24.1325
24.4575
22.65
22.985
30.3
29.3925
39.199999
26.4
20.0
16.3999996
13.5999999
8.4000001
6.1000001
5.6000001
6.5
5.3999999
5.2000001
6.0
6.2
5.9000001
6.0
7.0
6.2000001
8.6999998
20.165
24.295
27.1375
28.565
35.800001
29.4225
29.000001
27.7
21.4
19.0
12.0
8.6999998
8.3999996
6.3
4.7
4.3
4.0999999
4.0999999
4.7
4.6
4.8
5.8
5.8
8.7999999
41.0
22.38
23.6975
25.885
41.0
37.4
27.3
23.9
23.3
17.5
6.9000001
4.5
4.1999998
3.9999999
4.2
5.0999999
5.2000001
4.2999999
4.2999999
4.3999999
4.7000001
5.7
6.1000001
9.2
35.5
41.099998
38.1
25.08
39.6
40.900002
36.700001
27.0
21.1
16.4000006
7.6999998
5.2000001
4.1
3.8
4.7999999
5.2999999
4.7999999
5.0999999
5.3999999
5.1000001
5.3999999
5.0
5.8999999
9.1999998
23.825
26.665
40.100001
32.4
32.7
41.5
30.5
14.7000003
18.5
18.9000004
6.8999999
4.2999999
4.2999999
3.9
4.5
4.3999999
4.1
4.7000001
4.9000001
4.8000002
4.6000001
4.5999999
5.0999999
5.0
4.5999999
4.0999999
4.3999999
4.5
4.5
4.5
4.6000001
3.8
4.4000001
4.5
4.4
4.6
5.4
5.0
4.6000001
4.7000001
2.55306122245
0.106122444897
0.1061224449
0.106122444897
0.106122444897
0.1061224449
0.106122444897
0.106122444897
0.1061224449
0.106122444897
0.106122444897
0.1061224449
0.106122444897
0.1061224449
0.106122444897
0.106122444897
0.1061224449
0.106122444897
0.106122444897
0.1061224449
0.106122444897
0.106122444897
0.1061224449
0.106122444897
2.85306122245
2.55306122245
5.5
5.2999999
5.5
5.2000001
5.7000001
8.8000002
41.6
25.52
23.215
22.89
28.98
27.555
29.4
23.5
17.1999998
13.7000003
8.5999999
7.5000002
4.9000001
4.0999999
4.2
4.9000001
5.5
5.0
5.3
6.0
5.0999999
5.5
5.5999999
8.3999998
21.3775
26.0875
40.699999
40.600001
36.199999
39.700001
31.8
24.6
23.3
17.3999996
13.4000001
9.5
8.3000002
6.5999999
3.9999999
5.1999998
6.3000002
5.2999999
5.2
5.6000001
5.5
5.5
5.2000001
8.1000002
24.63
25.5075
39.5
40.199999
35.699999
34.300001
26.8
22.1
21.8
15.6999998
6.4
4.7000001
5.5
5.7000001
5.2999999
5.5
4.7999999
5.2
6.1000001
5.6000001
5.4
5.3999999
5.6
8.5
22.7425
27.505
27.2225
37.5
35.0
41.599998
33.3
25.9
21.7
17.5999999
6.6999998
4.3999999
4.0999999
4.3
4.1999998
4.1
4.2999999
3.9
4.2999999
4.5
5.0
5.2999999
4.8999999
10.3000002
41.1
25.785
37.199999
35.5
33.5
37.0
22.9000004
14.0
14.7000003
11.5999999
5.5
3.8
3.8
4.5
4.0
4.4
4.3
4.2
4.4000001
4.8999999
4.7000001
5.2999999
5.2
4.8000002
4.4000001
4.4
4.2999999
4.0999999
4.7000001
4.2
4.2999999
4.2
3.8
4.0
4.1999998
4.8000002
4.8
4.5
4.9000001
4.9000001
4.8
4.7999999
5.0999999
4.6
5.0
5.0
4.8000002
5.0
4.7000001
3.9999999
4.5
3.9
4.2999999
4.2
4.6
4.8999999
4.2
4.5
4.4999999
7.7000001
6.6999998
6.5
5.2000001
3.9999999
5.8
5.5
5.2999999
5.5
5.1999998
5.8999999
5.4
7.7999999
39.599998
24.2
21.94
21.2575
40.7
25.255
38.199999
30.2
24.2
19.8000004
10.0999999
7.2000001
6.5999999
6.2999999
5.3999999
5.9000001
5.2999999
6.7999999
6.8999999
7.2999999
7.5
7.6999998
7.4
10.2000003
40.600001
26.305
40.199999
38.0
33.2
33.800001
24.9
18.5999994
19.5999998
13.8000002
6.9999998
8.3000002
9.5
7.6000001
4.4000001
4.7
3.9
4.3999999
5.2999999
5.3999999
5.0999999
5.7999999
4.8999999
8.0
38.899999
24.04
26.08
27.225
38.200001
28.125
33.699999
27.0
26.5
15.5999999
5.8000001
4.6000001
3.8
5.0
4.5
4.2999999
4.3
4.5
4.3
4.0999999
4.7
5.2999999
4.8999999
6.8000002
39.600001
41.700001
26.0825
24.9275
41.199999
41.5
35.8
25.2
23.0
16.7000003
6.4000001
4.1
3.5
3.9999999
4.2
4.8000002
4.4000001
4.8
4.6999998
5.1000001
4.8
5.4
5.0999999
7.7000001
24.1025
29.07
31.0525
31.1125
31.685
32.31
28.395
26.3
22.6
17.5
4.1000001
3.8
4.2999999
4.8000002
4.0999999
4.6
4.2999999
4.1999998
4.3000001
4.1
4.5
4.3999999
3.9
3.8
3.8
4.1999998
3.8
4.0999999
3.5
3.7999999
3.6
3.7
3.7
3.6
3.7
3.6
4.2999999
4.5
4.2
4.5
3.9999999
4.3
4.2
4.5
4.2999999
4.5
4.1999998
3.6
3.7
4.1
3.9
3.7
3.7
3.6
4.4
4.8999999
4.8000002
4.5999999
4.8
6.0999999
7.5999999
6.3999999
5.3
4.2
4.7000001
5.1000001
4.9000001
5.1000001
5.3
5.6
5.2
6.5999999
40.199999
25.96
25.995
25.87
39.800001
28.715
35.100001
28.7
21.7
22.3
10.9000001
5.8999999
5.8
4.3999999
4.7
5.5
4.3
4.7000001
5.5
4.9000001
5.2
5.4000001
5.2999999
8.1000001
20.5175
26.9175
28.725
38.799999
38.3
37.5
25.7
24.1
21.0999996
16.2999997
9.5
8.3000002
8.5999999
6.7000001
4.0999999
4.2
4.5
5.2999999
5.0999999
5.0
5.8
5.2999999
5.2
7.2999999
22.5125
25.345
35.400002
33.600001
35.899999
36.4
27.799999
21.7
20.0
16.3000002
7.5999998
3.8
4.1999998
4.5999999
4.2
4.3999999
4.3000001
5.0999999
4.8
5.5999999
4.6
4.8
5.0
6.6999998
38.100001
29.7425
38.1
33.300001
28.4
33.4
25.7000002
18.3999996
19.0
16.9999995
6.8999999
3.8
3.8
3.8
4.0999999
4.2
4.5
4.8000002
5.0
4.9000001
4.7000001
5.3999999
4.6000001
7.0999999
40.4
39.1
33.5
36.1
29.0
32.0
23.7
15.1999998
16.5
11.1999998
4.9
3.3
4.2
3.9
3.9
4.4000001
4.2
4.2
4.2
5.5
5.0
5.2999999
4.7000001
5.0
4.2999999
4.2999999
3.9
4.0
4.5
4.1999998
4.2999999
3.8
4.2000001
3.7
3.9
4.5999999
4.3999999
4.3999999
4.7000001
5.0
4.3999999
5.2
5.4000001
4.8999999
5.0
4.7000001
4.8
3.8
4.5
4.8999999
4.1
4.1999998
3.8
4.2
4.6999998
4.0
4.4
3.9999999
4.3000001
4.2999999
6.0
6.3999999
5.0999999
4.5
4.6999998
4.9000001
5.5
5.0
5.8
5.6
4.7000001
6.2
39.5
24.5875
24.87
24.6075
28.7575
28.31
37.5
30.7
23.8
19.1000004
17.6999998
15.6000004
9.4000001
5.4000001
4.8
5.0
5.1
4.7
5.3
6.6999998
6.0
6.2
6.0
7.2000003
36.699999
39.300001
35.200001
38.5
38.0
40.5
30.6
25.4
19.7999992
17.6000004
16.8999996
16.0999994
8.2000003
6.2999999
5.0999999
5.0999999
5.0
6.1
6.0999999
6.5
6.4000001
6.0
5.7
7.0
33.4
36.300001
30.400001
30.8
29.3
32.2
24.9
22.5
19.2
12.2999997
7.7000003
4.2
4.8
4.8
5.0
4.7999999
3.9
4.6000001
5.5
5.6000001
5.7000001
5.5
5.0999999
7.4000001
36.8
32.4
38.0
36.600001
36.5
38.4
27.4
18.0000002
17.0999994
16.3000002
9.4000001
7.1000001
8.2000001
6.8000001
4.2
4.3999999
3.8999999
4.7
5.0
5.6
5.3
5.5999999
4.5
7.4000001
36.5
38.599998
36.5
32.6
28.3
31.8
24.8
17.9000006
15.0
11.3000002
4.4000001
3.5
3.7
3.6
4.5
3.9999999
4.2
3.8
4.5
4.0
3.7
3.7
3.5
3.7999999
3.4
3.5
3.3
3.6
3.3
3.3
3.6
3.8999999
3.1
3.1
3.4
3.6
3.7
3.5
4.2000001
4.7000001
4.1
2.7
4.5
4.7999999
4.5
4.5999999
4.5999999
4.1
4.2
3.9999999
4.2999999
4.0
4.4999999
4.4000001
4.6000001
4.0999999
4.7000001
4.2
5.2
6.8000002
5.7000001
5.2
3.9
1.8
4.0999999
4.405
4.5075
4.7675
4.97
5.0625
6.0025
21.805
24.15
24.1175
23.985
27.2675
26.715
26.5325
23.975
20.4175
16.395
10.565
6.915
5.24
4.385
4.1725
4.3175
2.0
4.2
4.2
3.8999999
3.8999999
4.0999999
4.2
3.9
4.7
12.8000002
9.3999996
7.9000001
6.2999999
7.7999999
7.7000003
5.7000001
7.0
3.7
3.1
3.1
3.6
3.9
3.7
3.9999999
4.4
4.2
4.0999999
3.8
4.4
4.0999999
4.2
3.3
4.6
13.4000001
11.1999998
8.7999997
8.9000001
8.5999999
8.1000001
7.6999998
5.7
3.5999999
3.2
3.4
3.7
3.7
4.0
3.9
3.8
4.1
3.9
3.8999999
4.2
3.6
4.5
3.4
4.6
12.7000003
9.2000003
8.5
8.1999998
8.0000002
7.8
8.1999998
7.0
3.5
3.4
3.3
3.2
3.7
4.2999999
4.1999998
4.2
3.7
4.2
3.9
4.2
4.0
4.0999999
3.3
4.0999999
12.9000001
8.8999999
8.5999999
7.7999997
7.5999999
6.2000001
6.0
6.3999998
3.6
3.2
3.5
3.1
3.6
3.8
3.8
4.1999998
4.2
3.7
4.2
3.7
4.0999999
4.5
3.4
3.6
3.5
3.2
3.6
3.7
3.5
3.2
3.3
3.7
3.3
3.0
3.2
3.4
4.2
3.7999999
3.8
4.1999998
3.7
3.7
3.8999999
4.0
4.3999999
3.8
3.6
3.4
3.5
3.2
3.5
3.6
3.1
3.0
3.4
3.2
3.1
3.3
3.3
3.1
3.6
3.7
3.7
4.1
3.7999999
3.9999999
3.9
3.7
4.1999998
4.5
3.4
4.6000001
12.7000003
8.5999999
6.8999999
6.0
6.1999998
4.4999999
3.4
2.9
3.5
2.8
3.1
3.1
3.9
3.5
3.8
4.2000001
4.0
3.8
3.8
4.0999999
4.0999999
3.6
3.4
4.7999999
12.1999998
8.5999999
8.0999999
6.2
5.9000001
6.0
3.1
3.2
3.4
2.9
3.4
3.1
3.8
3.3
3.8999999
4.2
3.8
3.5
4.3
3.8
3.9
3.6
3.6
4.9
11.9000001
9.1999998
9.0
8.7000003
8.5
7.9999998
4.5
3.9
3.0
2.9
3.4
3.2
3.8
3.7
3.6
3.6
4.0
3.5
3.6
4.7000001
3.8999999
3.7
3.4
4.0
11.8000002
7.6000001
6.3999999
6.2
4.4
3.1
3.2
3.3
3.3
3.2
2.8
3.1
3.7
3.5
3.8
3.7
4.2
4.1
3.8
3.6
4.2999999
3.9
3.7
4.0
10.6999998
8.3999996
6.7000001
7.6000001
6.0
5.9000001
3.6
3.6999999
3.4
3.2
3.1
3.0
3.9
3.9
3.8999999
4.1999998
3.8
3.9
4.0999999
3.6
3.7
4.3000001
3.4
3.2
3.2
3.5
3.3
3.7
3.2
3.5
3.1
3.2
3.2
3.3
3.1
3.2
3.4
3.9
4.0
3.9999999
3.8
4.2999999
4.2
3.8
4.0999999
4.2
3.5
3.5999999
3.3
3.6
3.4
3.3
3.3
3.4
3.6
3.4
3.2
4.4999999
6.9000001
5.6000001
6.2000001
5.0999999
3.7
4.5
3.8999999
3.8
3.8
4.6000001
4.8
5.3999999
6.0
31.5
21.5275
38.899999
30.399999
26.9
32.7
22.7
17.1999998
15.7000003
14.8000002
7.7000003
5.2
4.1999998
4.5999999
4.5
4.9000001
4.4000001
4.9000001
4.8000002
5.1999998
5.8
6.1000001
6.3999999
8.0000002
27.1
36.4
31.4
28.5
28.5
34.100001
22.2999996
20.8
18.3999996
12.9000001
6.0
5.0999999
6.0
4.6000001
4.4
4.2999999
5.0
4.0
4.5999999
4.1
4.5
5.1999998
4.8000002
5.7000001
27.6
38.199999
37.1
33.1
28.3
27.2
22.8
19.8999996
20.3999996
14.5000005
6.3999999
3.5
4.0999999
5.0999999
5.3999999
5.1999998
5.2999999
4.7000001
4.7000001
4.8
5.4000001
5.5
5.5
8.0999999
19.9999998
29.5
28.6
28.7
28.2
31.599999
20.3000004
19.5
19.1000004
13.3000002
5.9999999
3.6
3.7
3.9999999
4.2
3.9
3.8
4.2
4.2999999
4.7000001
4.7
5.5
5.2999999
6.9999998
24.1
31.1
31.1
31.1
29.5
29.7
23.2
18.8000002
15.3000002
13.0
4.6
3.4
3.4
3.7999999
4.1000001
3.7999999
4.2999999
4.2
4.2
3.8999999
4.0999999
3.9999999
3.8
3.8
4.0
4.1999998
4.0999999
4.1
4.7000001
4.5
4.4
4.2
3.9
4.0999999
3.8
3.7
4.3000001
4.6000001
5.0
4.6
4.2
4.9
4.7000001
4.8
5.1999998
5.0
4.9000001
5.1
4.8
4.3999999
4.5
4.0999999
3.7999999
4.2
4.8
4.5
4.4
3.9999999
4.5
4.0
5.2
5.4
5.0
4.0999999
4.1
4.0
4.0999999
3.9
4.3999999
5.2999999
5.3999999
7.7999997
28.7
33.2
30.599999
30.7
29.2
26.7
23.0000004
21.4999998
16.3999996
10.2000003
7.7000003
4.6000001
4.0
3.6
3.9
4.3999999
3.6
4.0999999
4.0
4.4
4.6999998
5.3999999
5.5999999
6.3999999
19.6999996
27.5
23.0
25.7
23.1
25.9
18.5
16.3000002
17.6000004
12.9000001
6.1000001
6.3000002
6.3
4.8
3.6
3.9999999
4.0
3.8
4.0
3.8
4.0
3.9999999
3.8
4.8
14.9000001
25.2
23.8
24.7
27.7
26.9
20.2
20.6999996
18.4999998
11.8999996
5.7
3.6999999
3.3
3.6
3.8
4.0999999
3.9
4.3
3.8
3.9
3.8
4.2
3.9
4.7
13.2999997
27.2
28.1
30.3
31.1
30.800001
22.6
18.7000008
19.4
15.1000004
5.3
3.3
3.7
3.7
4.0
3.9999999
4.0999999
4.0
4.1
3.9
4.5999999
6.0
5.29999989999
7.3000002
23.1
30.3
30.500001
28.4
30.4
27.7
20.5000004
15.9000006
19.1000004
15.3999996
4.9999999
3.5
3.5
3.9
4.3
3.8
4.29999989999
4.29999989999
4.0
4.2
4.2
3.7
3.9
3.5
3.7
3.79999989999
3.5
3.2
3.8
3.5
3.5
3.5
3.5
3.5
3.2
3.2
3.4
3.7
4.0
3.8
3.8
4.0999999
3.6
3.8999999
4.0999999
3.89999999999
4.0
3.79999989999
3.39999999999
3.5
3.2
3.7
3.8
3.39999999999
4.39999999999
4.1999998
4.0
4.2
3.1
3.5
5.29999989999
5.3999999
3.9999999
3.7
4.3000001
4.0
3.9999999
3.9999999
4.8999999
5.1999998
5.3
5.29999989999
26.4
30.2
27.0
28.2
29.5
28.7
20.5
18.6999998
20.2000002
12.5999999
8.3
4.20000010001
4.0999999
3.3
3.8
3.9
3.9
4.10000000001
3.9
4.29999989999
5.5
4.8999999
5.0
7.8999999
26.9
29.4
26.3
28.4
28.7
27.6
19.3999998
17.1000004
17.7999992
12.5
6.59999990001
4.4999999
5.2
4.60000000001
3.9999999
3.9999999
4.4000001
4.0
3.8
4.1999998
4.6999998
5.0
5.0999999
6.8
28.6
33.7
31.5
32.5
30.6
29.7
22.1999996
17.5999994
18.5000002
14.1999998
5.8999998
3.1
3.5
4.10000000001
3.6
4.0
3.8999999
4.2
3.9999999
4.6000001
4.2
5.0999999
4.7
6.90000009999
26.2
30.4
27.5
28.0
28.6
27.7
20.5999998
20.8
16.5
12.9000001
5.1999998
3.6
3.3
3.9
3.60000000001
3.8
3.8999999
4.1
4.4000001
3.9
3.79999989999
5.3000002
4.29999989999
6.3000002
26.2
35.400002
33.4
28.4
28.8
29.1
22.0
20.3000002
19.8
12.8000002
4.4
3.9999999
3.2
4.3
4.0999999
3.9999999
4.5
4.0
4.39999999999
4.1999998
3.60000000001
4.10000000001
3.9999999
4.2
4.0
4.5
4.0999999
4.3
4.2
4.2
4.5999999
4.2
4.5
3.9999999
4.6000001
4.0999999
4.4000001
4.3
4.8
5.0
4.2
4.9000001
4.6000001
4.8000002
4.9000001
5.2
4.8
4.29999989999
4.6000001
4.2
4.0999999
4.3000001
4.0
4.0999999
4.8999999
4.5
3.8
3.89999999999
3.89999999999
5.6000001
5.7
5.6000001
5.0999999
4.29999989999
3.6
4.2
3.9999999
3.8
4.3
5.6999998
5.0
4.5
5.0
9.5
9.0
6.0
6.5
6.4000001
4.5
4.70000010001
3.5
3.4
3.6
3.89999999999
3.4
3.4
4.0
4.29999989999
4.4000001
3.9
4.4000001
4.5
4.1
4.9000001
5.10000000001
7.3000002
27.2
36.1
33.799999
32.899999
25.6
29.6
23.6
26.0
22.1
18.5999994
7.7999997
6.5
6.3999999
5.1999998
4.29999989999
4.1999998
3.8999999
4.5
4.2
4.0999999
4.8999999
5.29999989999
5.0
8.7000003
24.4
31.300001
31.200001
29.9
32.1
30.1
26.1
22.4
21.0
15.0
7.6000002
3.3
3.8
3.6
4.29999989999
3.9
4.70000010001
4.2
4.2
3.8
4.8999999
5.2
5.0
7.8
25.6
29.4
30.8
28.7
23.4
30.9
19.9
20.1
18.9000002
16.4000001
5.1999999
3.6
3.5
3.7
3.8999999
3.89999999999
4.2
4.0999999
3.60000000001
3.8999999
4.29999989999
5.0999999
4.9000001
8.7
25.5
30.2
30.9
28.7
32.1
33.3
26.4
19.1000004
22.9
15.5999994
4.6999998
3.7
3.60000000001
3.9
3.9999999
3.9
4.0999999
4.1
4.1
4.2
3.60000000001
4.3
3.8999999
4.10000000001
3.7
3.8999999
3.7
3.7
3.5
3.5
3.8999999
3.60000000001
3.6
3.6
3.2
3.5
3.3
3.6
4.1999998
3.9
4.5
3.8
4.1999998
3.9999999
4.2
4.0999999
4.0
3.6
3.8
3.7
3.7
3.8
3.79999989999
3.5
3.6
3.4
3.6
4.0
3.7
3.89999999999
6.3999999
5.29999989999
5.1000001
3.6
4.6999998
4.4999999
3.8
3.9
4.3
4.0999999
4.0999999
6.8000001
25.6
31.9
31.5
29.9
30.3
29.3
22.2000002
18.6999998
20.0000004
13.5
8.8000002
5.70000010001
5.60000000001
4.9000001
5.0
5.2
5.5
5.0999999
4.8
5.0
5.3
5.3999999
5.39999999999
7.0
25.0
25.0
22.5
20.1
22.8
26.2
18.3
15.8000002
17.0999994
12.1999998
9.6000002
6.6000001
6.10000000001
4.6000001
4.3
4.3999999
4.5
4.7
4.0
4.3999999
4.39999999999
5.39999999999
5.4000001
8.40000009999
24.4
24.2
23.4
22.2
25.1
26.3
17.2000003
14.4000001
16.8000002
12.5
4.89999999999
3.9
3.5999999
3.4
3.8
4.29999989999
4.1
4.10000000001
3.7
4.2
4.29999989999
4.39999999999
4.3
7.2999997
23.9
30.9
34.5
33.799999
35.200001
35.699999
25.5
22.2
22.5
17.6999998
7.70000010001
3.7
4.3
4.1
4.1
4.39999999999
4.2
4.5
4.70000010001
4.1999998
4.7
5.5
5.2
7.79999989999
24.5
25.3
28.6
27.6
29.1
27.8
20.6000002
12.9000001
14.4000001
11.9000001
4.3000001
4.0999999
4.3999999
4.29999989999
4.60000000001
4.6000001
4.5
4.7
5.0
4.7
4.3999999
4.79999989999
4.2
4.3999999
4.29999989999
4.3
3.8
4.0999999
3.8
3.3
3.2
3.5
3.6
3.2
3.0
3.5
3.79999989999
4.0
4.5999999
4.5
2.2
4.70000010001
4.3475
4.35
4.4475
4.4575
4.4875
4.11
3.7925
3.7525
3.7
3.8525
3.79
3.81
4.0025
3.925
3.8275
3.8175
3.835
4.1175
4.93
5.11
4.6925
4.08
2.0
4.0425
4.5
5.3
5.1999998
4.9000001
5.2
7.1000001
25.3
31.9
36.1
36.199999
32.7
31.2
23.0
23.0
19.1000002
17.9000006
7.5
3.6999999
3.8
4.2
4.3
4.2
4.3
4.2
4.0
4.2
4.6999998
5.29999989999
5.0999999
6.7
17.3000002
26.7
29.4
29.5
30.300001
31.3
17.7000003
20.0999996
19.7999998
17.0
7.4000001
5.5999999
5.2
4.5999999
4.29999989999
4.0999999
4.4000001
4.2
4.1999998
4.3999999
4.6999998
5.70000010001
4.9000001
6.7
16.8999996
26.5
34.399999
32.900002
31.1
30.1
22.1
19.8
17.7000003
15.0
6.4000001
3.6
3.6999999
3.7
3.5
4.1999998
4.5
4.0999999
4.0999999
4.0
4.7
4.70000010001
4.8999999
6.8999998
15.7000003
25.8
29.3
27.3
25.3
25.7
18.3000004
18.3000002
14.7999997
14.6999998
8.8000002
5.8999999
5.6999998
5.6999998
3.60000000001
4.0
4.3999999
4.1999998
4.1999998
3.9999999
4.3
5.70000010001
4.70000010001
6.50000019999
15.8000002
27.5
31.9
27.2
29.0
29.7
21.2999996
15.5
16.0999999
13.0999999
4.3
4.10000000001
3.6999999
4.2
4.0999999
4.3
4.2
4.8
4.70000010001
4.3
4.29999989999
4.3999999
4.70000010001
3.5
3.9999999
3.4
3.60000000001
3.79999989999
3.6
3.2
3.5
3.5
3.3
3.5
3.1
3.4
3.2
3.7
3.9999999
4.0
4.3
4.1
4.70000010001
4.1999998
4.6000001
4.2
4.3999999
4.3
3.6
4.1
3.7
3.7
3.6
4.2
4.1999998
3.5
3.4
3.5
3.60000000001
3.3
3.39999999999
3.9
4.39999999999
3.9999999
3.9999999
5.0
3.9999999
4.70000010001
4.79999989999
4.8999999
4.7
4.0
4.3999999
5.6999998
5.5
4.4000001
3.89999999999
3.9999999
3.3
3.9
3.79999989999
3.4
3.9
3.4
4.1
4.0
3.7
4.1999998
3.9999999
4.2
4.6000001
4.5
4.8
4.7
4.3999999
3.9
4.5999999
5.29999989999
5.5999999
4.9999999
3.7
3.8
3.7
3.2
3.5
3.3
3.5999999
3.39999999999
3.2
3.9
3.9
4.0
4.0
4.1999998
4.20000010001
4.3999999
4.29999989999
4.8
3.9999999
4.3000001
4.2
5.20000010001
3.8
3.6
3.3
3.9
3.5
3.6
3.1
3.5
3.8
3.2
3.7
3.4999999
4.29999989999
4.5999999
4.6999998
4.5
4.6000001
3.9999999
4.7
4.3999999
3.9999999
3.9
4.3000001
4.7
3.6
4.2
3.6
3.6
3.8
3.7
3.39999999999
3.5
3.3
3.8
3.5
3.7
4.2
4.29999989999
4.10000000001
4.5999999
4.20000010001
4.60000000001
4.6999998
4.0999999
4.5
4.0999999
4.1000001
5.5
5.8999999
5.5
4.79999989999
3.8
3.9
3.6
3.8
3.89999999999
3.5
3.4999999
3.4
3.7
4.5999999
4.2
3.8
4.7
4.5
4.9000001
4.5
3.9999999
4.9000001
3.79999989999
3.7
4.2
3.8
3.7
3.6
3.3
3.7
3.6
3.60000000001
3.4
3.3
3.4
3.5
3.4
4.0999999
5.0
4.6000001
4.29999989999
4.0
4.5
4.3000001
4.3999999
4.5999999
3.8
3.5
3.7
3.9999999
3.6
3.6
3.79999989999
3.6
3.9
3.8
3.5
3.5
3.4
6.5
6.0999999
4.79999989999
4.4000001
4.4
4.0
4.6000001
4.60000000001
4.3999999
4.60000000001
4.8
6.6000001
16.3000002
28.700001
28.0
26.6
28.8
28.0
20.7000004
21.0
23.2
16.5
8.40000009999
3.9999999
4.3999999
3.7
4.5999999
4.1999998
3.9
4.4
3.8999999
4.1
3.8999999
4.3
4.4
5.9999999
17.8000002
34.1
33.199999
29.0
29.6
30.100001
19.6999998
18.6000004
18.0999994
13.3000002
7.0
6.20000010001
6.7
5.3000002
4.0
4.0999999
4.0
4.0999999
4.1999998
3.9999999
5.0999999
5.3999999
5.39999999999
6.10000000001
13.3000002
22.2999996
23.4
24.9
28.7
24.2
16.5999999
15.5
19.5
13.8000002
5.9999999
3.2
3.3
3.7
3.5
4.3
3.8999999
3.6
3.9999999
3.7
3.9999999
3.8999999
4.2
5.20000010001
12.0
19.8999998
18.6000004
19.8000004
22.9
22.6
18.7000004
13.2999997
16.3999996
10.8999996
5.0
3.6999999
3.2
3.6
3.5
3.9
3.8
3.8
4.29999989999
3.6
4.0999999
4.0
3.8999999
5.5000001
12.5
20.2999998
21.8
19.8999996
22.6
24.6
19.9999996
14.5
14.7999997
13.1999998
3.79999989999
3.6
3.7
3.7
3.4
3.7
4.1
4.3
3.9
4.0999999
3.7
4.0999999
3.8
3.5
3.79999989999
3.6
3.2
3.4
3.7
3.39999999999
3.3
3.4
3.39999999999
3.2
3.5
3.3
3.1
3.4
3.3
4.2
2.0
3.8999999
4.25
4.355
4.4625
4.475
4.4475
3.9975
3.58
3.535
3.52
3.675
3.6025
3.6125
3.7425
3.6375
3.5675
3.4475
3.365
3.545
4.165
4.455
4.2425
3.9575
3.7175
4.005
4.2475
4.4175
4.565
4.7125
4.5775
5.1875
10.5325
15.6375
18.705
18.24
19.3325
19.505
16.565
13.925
12.0625
9.6425
7.915
5.67
4.2975
3.855
3.85
4.0425
3.9875
4.1075
4.205
4.4
4.55
4.7675
4.7925
5.6575
14.4025
20.4225
22.675
21.075
21.01
21.8325
17.045
14.39
13.79
11.09
7.85
6.04
5.205
4.5
4.0425
4.0025
4.155
4.32
4.39
4.4975
4.6125
4.88
4.705
5.7975
15.3475
22.2925
23.41
21.7
22.41
21.315
16.49
13.49
13.0825
10.2625
6.2575
3.83
3.405
3.5325
3.675
3.9275
4.045
4.135
4.145
4.11
4.2125
4.385
4.415
5.355
11.97
16.47
17.2925
16.535
16.76
19.2525
16.64
14.3625
13.41
11.69
7.055
4.2025
3.59
3.6475
3.4775
3.5075
3.63
3.63
3.7025
3.67
3.755
4.075
4.095
5.0
8.265
13.06
15.47
15.0625
15.31
15.975
12.7875
8.4825
8.0275
6.58
4.755
3.79
3.5425
3.58
3.81
3.835
3.8275
3.92
3.9125
3.93
3.8275
3.8575
3.82
3.5975
3.545
3.5425
3.48
3.4825
3.5425
3.44
3.4375
3.465
3.365
3.3675
3.3125
3.245
3.29
3.445
3.685
3.8625
3.7575
3.875
4.0725
4.06
4.115
4.1325
4.1
3.715
3.4175
3.45
3.4575
3.6525
3.57
3.5425
3.7
3.585
3.56
3.4875
3.4225
3.5675
4.1225
4.425
4.1925
3.83
1.7
3.6825
4.0
4.0999999
3.7
4.0999999
3.79999989999
5.6999998
13.6999998
19.9
22.7
22.8
23.9
25.2
18.5000004
15.2000003
14.3000002
12.5999999
7.6999998
4.4999999
3.5
4.20000010001
3.60000000001
3.60000000001
3.8
3.9
3.5
4.0999999
3.60000000001
4.3
4.3999999
8.1000002
12.0999999
15.8999996
17.5999994
19.9999998
22.3
23.2
15.0999999
13.1999998
14.0999999
10.1999998
5.3999999
4.5000001
4.60000000001
3.2
3.8
3.5
3.79999989999
4.2
3.7
4.0999999
3.8999999
3.6
3.60000000001
7.5999999
11.6000004
22.8
23.4
23.8
28.1
28.0
22.1
21.9
20.4
12.4000001
5.1
3.5
3.4
3.7
3.6
4.1
4.1
4.29999989999
3.7
4.0
3.9
4.4999999
4.2
5.3
11.0
15.3999996
17.5999994
17.8000002
20.8
22.2
15.7000003
11.5
12.5999999
10.9000001
5.20000010001
3.1
3.2
3.79999989999
3.3
3.4
4.1
3.9999999
3.8
3.8
3.7
4.0
4.1
3.6
3.3
5.5
4.0
3.8
4.8
4.0
4.9000001
4.2
4.5
3.7
3.1
3.1
3.5
3.2
3.39999999999
3.89999999999
3.7
3.8
3.8
4.0
3.8999999
4.0
3.6
3.7
3.6999999
3.2
3.3
3.1
3.4
3.39999999999
3.1
3.6
3.2
3.1
3.1
2.8
3.0
3.6999999
3.8
4.0
3.9
3.60000000001
4.10000000001
3.60000000001
3.7
3.8
3.9
3.3
3.0
3.6
3.39999999999
5.70000010001
4.5999999
4.3999999
4.9000001
3.8
4.6000001
3.6
3.39999999999
3.0
2.9
3.5
3.5
4.1
2.0
3.5
3.895
4.02
4.0975
4.245
4.1625
4.8775
11.43
17.9925
19.63
19.5225
19.5375
19.455
15.9475
13.5825
12.2875
10.475
8.2675
5.93
4.3425
3.8525
3.9725
4.165
2.0
4.275
4.0999999
4.2
4.2
4.5
4.2
4.9999999
11.5
17.5999999
19.6000004
20.3
21.5
23.8
17.0
15.4000001
16.8000002
17.3000002
7.5999999
4.6
4.20000010001
3.5
3.7
3.5
3.6
4.0999999
3.9
3.60000000001
3.5
4.8999999
3.5
7.7000002
12.0999999
16.3999996
18.8000002
21.9
23.6
19.2999998
7.5999999
7.4000001
9.5
8.9000001
4.0
3.8
3.5
3.4
3.6999999
3.60000000001
3.9
4.2
4.5
3.60000000001
3.9
3.60000000001
4.3999999
6.8000002
11.6999998
18.7000001
19.7000002
20.9
21.8000002
23.4
16.1999998
16.6000004
16.4999995
15.4000001
4.79999989999
3.3
3.1
3.89999999999
3.4
3.8
3.9
3.6
3.7
3.8999999
4.2
4.1999998
3.9999999
7.3999999
9.7999997
20.5000004
22.4
23.6
26.1
26.1
19.1999998
14.3000002
18.1000004
14.7999997
5.2
3.89999999999
3.6
3.4
3.5
3.79999989999
3.6
4.2
4.2
3.9
3.8
3.7
3.7
3.5
3.5
3.5
3.6
3.0
3.4
3.1
3.2
3.5
2.8
3.3
3.39999999999
2.8
3.2
3.5
3.5
3.7
3.8999999
3.8999999
4.2
3.8999999
3.9
3.7
3.60000000001
3.3
3.4
3.4
3.7
3.5
3.3
3.3
3.3
3.5
3.4
3.2
3.2
3.5
4.0
4.70000010001
4.3
3.8999999
4.2
4.20000010001
3.7
4.3
4.0999999
3.8999999
3.60000000001
5.8
11.3000002
17.6000001
21.3
20.7
21.9
23.4
17.1999998
17.7000008
16.6000004
13.4000001
7.2000003
4.4
3.4
3.5
3.4
3.5
3.7
3.9999999
3.9
3.8999999
3.60000000001
3.6
3.9999999
4.29999989999
12.0999999
16.2000003
20.4
19.1000004
20.7
22.1
17.0999994
22.5
23.9
14.9000001
9.1999998
5.8999999
4.9
3.4
3.4
3.6
3.9
3.9
3.9999999
4.0
3.8
3.9
3.60000000001
3.8
10.6999998
16.8999999
26.3
22.4
23.8
24.4
18.8000004
17.9000006
20.7
12.9000001
5.3
3.4
3.6
3.9
3.5
3.60000000001
3.6
3.9999999
3.9
3.9
3.7
4.8
4.3
5.29999989999
13.5999999
17.4000001
22.4
23.0
25.9
27.8
19.8000001
17.6999998
15.2999997
12.8000002
8.1000001
3.39999999999
3.5
3.39999999999
3.3
3.7
3.89999999999
3.9
3.9
4.3
4.0
4.0999999
4.1999998
3.9
10.9000001
16.4999995
19.3000004
19.6000002
18.2000008
20.2999996
13.5
8.2000003
9.7000003
9.59999990001
5.3
3.8
3.0
3.5
3.5
3.6
4.2
3.8
3.7
3.7
3.7
3.8999999
3.8
3.1
3.6
3.2
3.4
3.2
3.1
3.2
3.2
3.0
3.3
3.1
3.2
3.1
3.1
3.1
3.5
3.5
3.8
3.89999999999
3.9
3.5
3.9999999
4.0
3.8999999
3.7
3.3
3.5
3.3
3.3
3.1
3.2
3.3
3.3
3.4
3.5
3.1
3.3
4.3999999
4.8
4.5
3.9
4.0999999
3.7
3.7
3.9
3.79999989999
4.4000001
3.8
3.9999999
9.6999998
15.9999995
20.8
23.9
25.3
26.7
21.6
21.0
18.5
14.5
15.5
13.2000003
4.8
3.8
3.6
3.89999999999
4.0999999
3.7
4.0999999
3.8
3.8
4.0
3.6
3.8
12.4000001
19.0000001
21.3
22.8
24.2
23.4
14.5
15.1999998
14.6999998
14.3000002
13.1999998
11.0999999
3.5999999
4.20000010001
3.6
3.6
3.8
4.0
3.9999999
4.0999999
4.1
3.8
3.8
4.5
13.0
20.7000001
22.6
23.9
26.8
25.7
16.1000004
15.5999999
14.4000001
12.5999999
6.2000002
3.5
3.1
3.7
3.7
3.60000000001
4.0999999
3.9
4.2
4.3
3.8
3.8
3.5
3.8
13.2999997
14.9000001
17.2000008
17.8999996
19.1999998
22.1999998
15.5999999
15.5999999
14.5
14.6999998
6.20000010001
5.7
5.0999999
4.4
3.6
3.7
3.9
3.60000000001
4.0999999
4.0
3.6
4.5999999
4.0999999
4.3000001
12.5
14.7999997
17.1000004
18.2000008
18.2999992
19.2999996
13.5
11.1000004
12.2000003
12.0
8.09999990001
7.6999998
7.6000001
6.0999999
7.6999998
4.7
3.9
3.8
3.79999989999
4.0
3.6
3.9
3.7
3.6999999
3.3
3.2
3.1
3.6
3.8
2.9
3.39999999999
3.1
2.9
3.7
3.1
2.9
3.5
3.2
3.8
3.7
4.0999999
3.7
3.7
3.8999999
3.9999999
3.8
4.2
3.39999999999
3.2
3.5
3.1
3.2
3.7
3.4
3.6
3.0
3.3
3.3
3.3
3.4
2.9
3.7
3.6
4.0999999
4.0999999
3.8
3.8
4.0
4.1
3.9
3.6
3.7
12.0
19.0000001
25.4
26.2
26.3
27.5
18.5000001
17.3999996
17.9000006
15.7000003
9.3999999
7.3000002
5.29999989999
4.0
3.8
3.8
4.5
3.9
4.1999998
3.9
3.9
4.5
4.3
5.3
13.4000001
19.8999998
24.9
22.6
24.7
25.4
16.1999998
15.0
15.9000001
13.4000001
7.7000003
9.7999997
9.4000001
8.4000001
3.9999999
4.3999999
4.1
4.5
4.4999999
4.0999999
4.0999999
4.3999999
4.8999999
4.8999999
12.6999998
20.5999996
25.9
23.2
24.6
25.0
18.3000002
16.8000002
19.9999998
15.1000004
6.70000010001
3.6
4.2
3.9
3.8
4.1
3.9999999
3.8999999
3.79999989999
4.6000001
4.2
4.2
4.1999998
4.3
10.8000002
16.5
20.3000002
15.5
19.9
24.2
19.8000001
14.1999998
14.7000003
12.4000001
6.3000001
3.3
3.2
3.4
3.89999999999
3.9
4.4
3.7
4.29999989999
3.5
3.7
4.29999989999
4.2
4.0999999
8.1000001
12.3999996
15.0999999
12.6999998
10.7000003
9.1999998
10.6999998
10.5999999
8.5999999
5.3999999
3.8
3.9
3.5
3.60000000001
4.3
4.2
4.60000000001
4.0
4.29999989999
4.29999989999
4.29999989999
4.8
3.8
3.9999999
3.8
3.8
3.60000000001
4.0
3.5
3.8
3.8
3.7
3.4
3.6999999
3.6
3.6
3.39999999999
3.6
3.9
4.0999999
4.3999999
4.5
4.29999989999
3.9999999
4.0999999
4.5999999
3.9
3.6
4.2
3.8999999
3.5
4.0
3.7
3.9
3.5
3.39999999999
3.79999989999
3.7
3.3
3.5
3.6
3.9
3.9
4.29999989999
4.3000001
4.2
4.1999998
4.1
4.5
4.39999999999
4.39999999999
4.3
5.7
5.29999989999
8.00000019999
9.3000002
7.6999998
8.0
7.20000010001
4.6999998
3.7
3.4
3.79999989999
3.3
3.2
3.5
3.8
4.0999999
3.9
3.8
4.0999999
4.70000010001
3.9999999
3.9
4.2
4.7
4.3
5.8999999
8.3000002
8.1999998
8.5999999
8.0
7.0
4.70000010001
3.5
3.7
3.5
3.3
3.1
3.3
3.89999999999
3.8
4.2
3.7
4.3000001
3.8
3.9999999
4.1
3.7
3.8
4.89999999999
7.0
7.3
7.4000001
6.8
5.5
5.9000001
3.7
3.5
3.4
3.2
3.3
3.2
3.3
3.5
3.9
3.39999999999
3.7
3.8999999
3.5
3.9999999
3.7
4.1999998
4.29999989999
5.4000001
8.1000002
6.6000001
6.7
7.90000009999
7.3
6.3
4.2
3.5
3.39999999999
3.3
3.3
3.0
3.3
3.8999999
3.5
4.0999999
3.7
3.9
4.0
3.9999999
3.8
4.39999999999
4.29999989999
7.1000001
6.29999989999
6.5
8.00000019999
8.0
7.0
5.0999999
4.7
3.3
3.4
3.3
3.1
3.4999999
3.4
3.60000000001
3.7
3.5
3.9
3.7
3.9
3.8
3.8999999
4.1
3.0
3.0
3.60000000001
3.2
3.1
3.2
3.3
3.4
3.3
2.9
3.1
2.7
3.3
3.0
3.3
3.7
3.39999999999
4.0999999
3.6
3.7
3.5
3.60000000001
4.3000001
3.8999999
3.1
3.5
3.0
3.3
3.0
3.39999999999
3.2
3.9
3.3
3.0
3.2
3.6
2.9
3.1
3.3
3.8
3.8
3.7
3.7
3.9999999
3.8
3.8999999
3.8
3.6
3.4
3.1
3.6
3.6999999
2.9
3.3
3.1
3.8999999
2.9
3.4999999
3.1
3.2
2.9
3.2
3.2
4.0999999
3.8
3.8999999
4.0
3.9999999
3.5
3.60000000001
3.79999989999
3.8
3.6
3.3
3.4
3.2
3.3
3.4
3.1
3.2
3.60000000001
3.39999999999
3.1
3.3
3.2
3.0
3.2
3.5
4.3
3.6
3.7
3.8
3.6
3.9
3.8999999
3.9999999
3.0
3.5
3.5999999
3.1
3.6
3.3
3.3
3.39999999999
3.4
3.2
3.6
3.0
2.8
3.2
3.1
3.9
3.5
3.9
3.8
4.0
3.8
3.5
4.2
3.7
3.2
3.5
3.3
3.1
3.5
3.1
3.39999999999
3.5
3.2
3.2
3.2
3.2
2.9
3.1
3.6
3.4
3.7
3.7
3.6
4.1
3.8
3.9
3.6
3.6
3.8999999
3.1
3.1
3.5
3.4
3.2
3.3
3.3
3.3
2.7
3.0
3.4
3.0
3.0
3.0
3.3
4.0
3.7
4.10000000001
3.6
3.7
4.0
3.5
3.8
3.5
3.5
3.0
3.1
3.3
3.7
3.4
2.9
3.3
3.1
3.1
3.0
3.1
3.1
2.9
3.6
4.0
3.39999999999
4.1
3.7
3.8
3.5
3.5
3.7
4.0
2.9
3.1
3.2
3.3
3.2
3.3
3.0
3.5
3.0
2.9
2.9
3.3
3.1
3.0
3.39999999999
4.2
3.8
3.5
3.8
3.7
3.6
4.0999999
3.6
3.7
3.2
3.2
3.2
3.1
3.4
3.3
3.2
3.6
3.3
2.8
3.3
3.1
2.8
3.5
3.39999999999
4.3
3.8999999
3.5
3.8
3.5
3.9
3.8
3.8
3.3
3.1
3.5
3.5
3.2
3.2
3.4
3.39999999999
3.39999999999
3.2
3.3
3.3
3.3
3.0
3.39999999999
3.60000000001
3.9
3.8
3.7
4.0999999
3.7
3.8
3.60000000001
3.8
3.2
3.3
3.4
3.6
3.2
3.3
3.3
3.79999989999
3.2
3.1
3.1
3.5
3.2
2.9
3.5
3.7
3.9999999
3.7
4.1000001
3.7
3.7
4.0
3.8
3.6
3.3
3.5
2.9
3.5
3.0
3.3
3.3
3.5
3.4
3.0
3.0
3.0
2.8
3.3
3.3
3.3
3.6
3.7
3.8
3.6
3.79999989999
3.8
3.79999989999
3.60000000001
3.2
3.3
3.6
3.4
3.39999999999
3.1
3.2
3.2
3.1
2.8
3.3
2.9
3.1
3.0
3.2
3.60000000001
3.3
3.6
3.6
3.9999999
3.6
3.8
3.4
3.7
3.4
3.39999999999
3.2
3.1
3.5
3.0
2.9
3.2
2.9
2.7
3.3
2.9
2.60000000001
3.1
3.5
3.3
3.5
3.4
3.8999999
3.7
3.9
3.6
3.39999999999
3.9999999
3.2
3.39999999999
3.2
3.1
3.5
3.1
3.1
2.8
3.5
3.5
3.0
3.0
2.8
3.0
3.4
3.60000000001
3.5
3.9
3.8
3.89999999999
3.8
3.4
3.9999999
3.79999989999
3.1
3.6
3.2
4.1999998
4.0999999
3.6
3.5
3.39999999999
3.5
3.5
3.2
3.39999999999
3.0
3.3
3.6999999
3.6
3.8
3.8
3.8999999
3.60000000001
3.8999999
4.60000000001
3.8
3.9999999
3.4
3.4
3.5
3.8
3.79999989999
3.9999999
3.9
3.60000000001
3.8
3.7
3.4
3.2
3.2
3.6
3.39999999999
3.5
3.8
3.7
3.9
3.7
4.7
3.7
3.8999999
3.9
3.5
3.3
3.8
3.60000000001
3.8
3.5
3.7
3.7
3.2
3.1
3.5
3.3
3.1
3.5
3.3
3.9
3.8999999
3.7
3.8
3.9999999
3.79999989999
4.5
3.9
3.5
3.4
3.8
3.3
3.2
3.60000000001
3.7
3.5
3.5
3.5
3.4
3.2
3.6
3.2
3.5
3.3
3.89999999999
3.8
3.7
3.9
3.9999999
3.7
4.10000000001
3.79999989999
3.8
3.5
3.5
3.3
3.3
4.1999998
3.2
3.4
3.6
3.8
3.2
3.2
3.1
3.7
3.6
3.2
3.9
3.6
3.9
3.9999999
3.8
3.89999999999
3.9
4.2
3.8
3.4
3.2
3.6
3.8
3.2
3.6
3.39999999999
3.3
3.1
3.2
3.7
3.3
3.2
3.3
3.8999999
3.7
3.9
3.7
3.7
4.2
3.5
4.5
3.9
3.9
3.3
3.4
3.3
3.39999999999
3.8999999
3.39999999999
3.6
3.3
3.3
3.4
3.0
3.4
3.5999999
3.5
3.2
4.0999999
3.60000000001
3.7
3.9
3.8
4.0999999
4.0999999
4.3
3.8
3.4
3.6
3.6
3.3
3.9
3.7
3.6
3.2
3.79999989999
3.7
3.5
3.5
3.5
3.5
3.3
4.0
3.60000000001
4.0
3.8
4.1
4.0999999
3.8
4.1
3.8999999
3.2
3.5
3.7
3.6999999
3.5
3.1
3.5
3.60000000001
3.1
3.0
3.1
3.1
3.7
3.1
3.2
3.8
3.7
3.8
3.7
4.0999999
4.0
3.8999999
4.29999989999
3.60000000001
3.60000000001
3.7
3.3
3.5
3.4
3.8
3.6
3.39999999999
3.5
3.4
3.39999999999
3.5
3.7
3.3
3.7
3.9
3.8
3.7
3.9999999
4.4
4.0
3.7
4.1999998
3.8
3.4
3.8
3.6
3.60000000001
3.4
3.3
3.6999999
3.3
3.6
3.3
3.9
3.2
3.1
3.2
3.7
3.8999999
4.0
4.0999999
3.8
4.29999989999
3.8
3.8
4.1999998
3.9
3.5
3.3
3.2
3.6
3.6
3.7
3.4
3.7
3.39999999999
3.5
3.2
3.5
3.2
3.3
3.8
3.8999999
3.8
3.9
4.0999999
3.8
3.60000000001
4.5999999
3.8999999
3.9
3.4
3.39999999999
3.3
3.6999999
3.4
3.6
3.5
3.3
3.4
3.2
3.0
3.1
3.3
3.3
3.8999999
4.0999999
4.1
3.9
3.60000000001
3.6
3.9999999
3.7
4.2
4.2
3.3
3.0
3.7
3.4
3.4
3.3
3.89999999999
3.6
3.39999999999
3.4
3.2
3.3
3.2
3.5
3.6
3.9
3.7
3.8
3.9
4.0
4.0
4.2
4.0999999
4.2
3.39999999999
3.4
3.6999999
5.3000002
6.5999999
7.0999999
7.3
6.70000010001
6.2
6.0
4.7
3.6
3.6
3.3
3.5
4.10000000001
3.8
3.9999999
4.29999989999
3.6
3.7
3.7
4.0
4.5999999
3.5
5.3
6.20000010001
5.8
6.6000001
7.5999999
7.99999980001
7.0
6.2
4.7
3.6
3.5
3.39999999999
3.6
3.8
4.1
3.9999999
3.8999999
4.0
3.9999999
4.2
3.7
4.0999999
4.2
3.3
3.6
3.5
3.4
3.5
3.6
3.5
3.4
3.3
3.5
3.4
3.0
3.39999999999
3.4
3.7
3.6
3.7
4.4000001
3.9
4.3999999
3.6
3.7
3.8
4.2
4.39999999999
4.89999999999
4.8
5.0999999
5.70000010001
6.0
6.0
6.0
6.0
5.8
4.9000001
3.5
3.3
3.39999999999
3.4
3.8999999
4.2
4.0999999
3.8
4.0
4.1
3.9
4.0999999
3.9
3.6
4.2
3.9
5.70000010001
5.39999999999
5.3
4.7
3.3
3.3
3.5
3.3
3.0
2.9
3.2
3.9999999
3.7
3.7
3.6
3.9
4.0
4.0
3.8
4.3
3.6
3.3
3.6999999
3.5
3.3
3.3
3.3
3.5
3.1
3.1
3.4
3.0
3.3
3.1
3.2
3.3
3.9999999
3.60000000001
3.8999999
4.0
3.9
4.10000000001
4.1
3.9
3.6
3.5
3.60000000001
3.2
3.6
3.3
3.4
3.0
3.7
3.2
3.6999999
3.2
3.39999999999
3.2
3.3
3.8
3.8
3.9
3.9999999
4.3999999
3.9
3.7
3.9
3.8
4.0
3.79999989999
3.60000000001
3.2
3.39999999999
3.9
3.4
3.4
3.6
3.9
3.2
3.4
3.2
3.2
3.1
3.6
3.7
4.29999989999
3.7
3.60000000001
3.39999999999
4.1000001
3.9999999
3.7
4.2
4.0
7.4000001
16.8000002
19.1999998
16.2000003
10.6999998
10.9000001
11.9000001
11.0
11.5
8.3999998
4.7
3.8
3.5
3.8999999
3.7
4.0999999
3.8
4.3999999
4.6
4.1
4.2
4.0
4.3
5.39999999999
13.6999998
22.8
21.9
22.0
25.5
26.2
18.8999998
15.5
18.9000002
15.2999997
6.3999999
3.6
3.5
3.4
4.0999999
3.7
3.9
4.0
4.3
3.9
3.9999999
3.9
3.9999999
5.60000000001
15.9000001
23.0000002
24.2
23.0
26.4
25.7
18.7000008
17.5999994
17.5999994
15.5999999
7.7
4.0000001
3.3
3.6
3.8999999
3.9
4.5
3.8
4.1
3.60000000001
3.9
4.4
4.5999999
5.5999999
15.4000001
22.0
24.5
25.0
25.6
26.4
18.4000006
16.3000002
19.0
12.8999996
5.4999999
3.5
3.3
3.5
3.9
3.8
3.9
4.39999999999
3.9
3.9999999
4.0
4.0999999
3.7
3.5
3.8999999
3.7
3.4
3.2
3.3
3.6
3.4
3.7
3.5
3.1
3.39999999999
3.0
3.2
3.39999999999
4.0
4.20000010001
3.9999999
3.8
3.9
3.9
3.8999999
3.7
4.39999999999
3.5
3.2
3.3
3.7
3.2
3.3
3.8
3.3
3.2
3.1
3.1
3.3
3.3
3.4
3.6
3.7
3.8
3.8
3.8
3.8
4.3999999
4.2
4.1
3.9999999
5.0
18.5
24.9
24.6
24.0
25.8
25.3
17.8
16.0999994
14.5999999
12.8000002
10.4000001
5.5
4.5
3.8999999
3.5
4.0
3.8999999
4.1
4.2
3.9
3.7
4.0999999
4.4000001
4.6999998
13.2999997
19.2999996
23.1
25.4
27.8
27.0
18.6999998
18.4000006
17.5
11.8999996
7.4000001
6.0999999
4.4000001
4.0999999
3.5
3.9999999
3.9
4.7
4.0
3.8
3.7
3.89999999999
4.5
6.7000003
15.5999999
23.4
21.0
21.9
25.9
24.8
17.3000002
17.5
16.0999994
13.3000002
7.3
3.2
3.8
3.8
4.1999998
3.8
3.7
4.1999998
4.3999999
4.2
4.2
4.2
4.39999999999
6.5
15.3000002
20.3000004
20.9
20.4999996
26.9
25.4
17.3000002
15.9000001
16.1999998
11.5999999
8.0
3.60000000001
3.5
3.3
3.8
3.9999999
3.89999999999
4.1
4.0999999
3.8
3.79999989999
4.1999998
4.3999999
6.2999997
15.3000002
21.5
21.7
22.1
24.7
23.5
18.7999996
17.3999996
16.5999999
15.8999996
8.00000019999
3.8
3.8
3.8999999
4.3999999
4.1
4.2
4.0999999
4.9000001
4.6000001
4.2
4.6000001
4.5
3.8
3.8999999
3.79999989999
3.9
3.6
3.7
4.0999999
3.5
3.8
3.9999999
3.5
3.7
3.5
3.9999999
3.7
4.0999999
4.39999999999
4.60000000001
4.60000000001
4.29999989999
4.5
4.1999998
4.29999989999
4.89999999999
3.9
3.9
3.9999999
4.2
3.39999999999
4.0
3.9
3.5
3.9
4.0999999
3.39999999999
4.5
6.8000002
6.0
6.39999999999
5.0
4.5999999
4.0
4.3999999
4.1
4.1999998
4.70000010001
4.70000010001
5.5
6.0999999
16.0999994
25.5
26.2
28.2
30.2
29.2
27.4
25.7
27.2
20.1999996
11.7000003
7.3
5.6000001
5.0
4.1
4.29999989999
4.1999998
4.5
4.1
4.2
4.3999999
4.5
4.7
6.70000010001
15.8000002
24.2
24.6
24.6
25.5
30.1
19.4
18.0999994
18.2000008
15.3000002
9.9000001
4.79999989999
4.8999999
3.9999999
3.9999999
3.9
4.2
4.2
4.0999999
3.7
3.8999999
4.5
4.1999998
5.1000001
16.5
23.5000002
26.6
26.4
27.3
26.3
19.2999996
18.5
17.8000002
13.3000002
6.8000002
3.3
3.5
3.8999999
3.7
4.0
4.3
3.7
3.8999999
4.20000010001
4.7
4.5
5.5
7.1999998
16.9000006
24.1
27.5
27.8
31.1
29.5
21.3
23.7
19.8000004
17.0
8.7
3.7
3.8
4.4000001
4.7
4.89999999999
4.3000001
4.8000002
4.8
5.0
5.39999999999
5.6000001
6.60000000001
9.0
18.6000004
25.2
24.2
23.0
25.3
25.1
19.5999996
18.6000004
19.5999994
16.4000001
7.09999990001
3.39999999999
3.4
3.7
3.8
4.2
3.39999999999
4.0
4.0
3.8999999
3.9999999
3.8999999
3.7
3.6
3.6
3.5
3.4
3.3
3.4
3.8
3.2
3.39999999999
3.5
3.1
3.4
3.3
3.3
3.4
3.8
3.8
3.9
4.1999998
3.9
3.9
3.6
4.0999999
3.6
3.4
3.8999999
3.4
3.5
3.2
3.7
3.39999999999
4.29999989999
5.5
3.8
3.79999989999
4.20000010001
5.7
5.3
5.60000000001
4.9999999
3.8
3.8
4.3000001
3.8999999
3.79999989999
4.39999999999
4.79999989999
4.6000001
5.5
11.7000001
24.7
29.3
30.6
29.8
31.5
22.2
21.3
15.6999998
14.5999999
10.3999999
5.8000002
4.2
5.0
3.7
3.9
4.10000000001
3.9
3.9
3.8
4.7
4.5
4.8000002
4.79999989999
16.3000002
26.8
27.4
25.7
25.2
26.0
18.3000002
19.5
16.8000002
14.5
9.40000009999
6.3999999
6.89999999999
5.0999999
4.6000001
3.7
4.1
4.0
4.3999999
3.9
4.6000001
4.70000010001
5.2
5.8000002
13.8000002
26.3
28.4
31.3
34.4
28.6
19.7000002
18.5999994
18.5
15.5
7.29999989999
3.79999989999
4.0
3.7
4.3000001
4.5
3.7
3.6
4.0
3.8
4.39999999999
4.79999989999
5.0
6.5
15.7999997
26.3
28.2
28.6
29.2
30.3
22.1
20.8000002
20.5999998
15.2000003
7.8000002
3.2
3.60000000001
4.5
4.0
3.8
4.5
3.7
4.0999999
4.2
4.0999999
4.6999998
4.8000002
5.29999989999
12.3000002
25.4
27.9
23.3
28.5
28.5
19.1000004
11.4000001
13.6000004
12.6999998
4.9999999
3.4
4.1
3.8
3.7
3.9999999
3.9999999
4.29999989999
4.0999999
3.9999999
4.2
4.3999999
4.8999999
3.9999999
3.6
3.7
3.60000000001
3.4
3.3
4.3
3.39999999999
3.1
3.3
3.7
3.5
3.1
3.6
3.89999999999
4.5
3.8
3.9
3.8
3.9999999
4.9000001
3.9
3.7
4.6000001
3.9999999
3.79999989999
4.1999998
4.4
4.2
4.3999999
3.9
4.2
3.9
4.39999999999
4.4
3.9
3.9999999
5.7
6.5
5.3
3.8
3.9
4.2
3.9
3.7
4.3999999
5.1000001
5.6000001
7.3999999
17.7999999
25.1
25.2
26.6
25.8
27.0
18.2
17.6000004
16.0
12.5999999
8.2000003
4.5
5.4000001
4.3
4.0
3.9999999
4.5
4.1
4.29999989999
4.1
4.60000000001
4.5
5.3999999
6.8
14.5
25.7
26.1
30.0
27.1
25.6
18.4000006
18.3000002
17.3000002
14.3999996
8.50000019999
5.7
5.70000010001
4.4000001
4.0
4.0
4.29999989999
4.3000001
4.2
4.1999998
4.60000000001
4.8999999
5.3
9.8000002
15.9000001
26.5
28.2
24.3
26.5
26.4
18.8000002
18.8999996
16.4999995
13.7999997
6.7
3.3
4.0999999
3.8
3.60000000001
3.89999999999
4.1999998
3.9999999
3.9
3.8
4.5999999
5.1000001
4.9000001
10.9000001
13.5999999
26.8
25.8
24.6
27.1
28.3
14.9000001
19.0999994
16.5999999
9.2999997
5.10000000001
3.5
3.8
3.8
3.9999999
4.5
3.9999999
3.7
3.8
4.2
4.39999999999
4.60000000001
5.9000001
9.7999997
15.5999999
25.2
24.6
23.8
26.3
25.9
21.5
12.7000003
15.2000003
11.3000002
5.0
3.6
4.4000001
4.29999989999
4.2
4.1999998
4.0999999
4.2
4.5999999
3.8
4.0
4.0999999
5.10000000001
4.6000001
3.7
3.9
3.7
3.39999999999
3.8
3.6
3.9
3.8
3.60000000001
3.60000000001
3.6
3.60000000001
3.9
4.0999999
4.2
4.2
4.70000010001
3.8
4.1
3.8999999
4.6000001
4.29999989999
5.0
4.39999999999
3.7
3.9
3.9
4.1
3.9
4.4999999
4.3999999
4.0999999
4.29999989999
4.2
4.1
6.29999989999
6.1999998
6.5
5.7
3.8
4.5
3.8
3.9
4.1999998
4.2
5.1000001
5.6000001
12.0
16.2000003
25.2
24.8
30.4
28.7
28.5
21.6
23.0
17.6000004
15.3000002
10.0999999
6.5
4.7
4.0
3.60000000001
3.6
3.5
4.2
3.60000000001
3.79999989999
4.2
4.39999999999
4.2
7.7
15.3000002
27.4
29.7
28.3
26.6
26.8
19.4999996
19.3999996
15.3000002
15.1000004
9.50000019999
5.3999999
5.29999989999
3.9999999
4.20000010001
3.7
3.8999999
4.3000001
3.8
3.7
4.5
4.0999999
4.5999999
8.20000010001
15.6000004
25.6
29.7
27.7
28.5
27.4
21.2
18.1000004
17.1999998
14.5999999
7.0
3.8999999
3.8
3.9
3.9
3.8999999
3.9
4.0999999
3.8
3.9999999
5.0
4.60000000001
4.3999999
8.8
15.8999996
27.2
29.2
31.7
29.0
29.3
22.9
23.6
17.8000002
15.1999998
6.90000009999
3.3
3.6
4.0999999
3.7
3.7
3.79999989999
3.6
3.7
4.0
4.2
4.3999999
4.70000010001
8.2999997
13.5999999
22.7
26.1
28.2
31.2
26.6
19.1000004
13.6999998
15.2999997
12.7999997
7.3999998
4.0999999
4.2
4.0
3.6
4.0999999
3.7
3.8
3.9
3.8
4.2
3.7
3.8
3.3
3.5
3.5
3.1
3.4
3.6
3.1
3.3
3.3
3.2
3.3
3.3
3.39999999999
3.9
3.5
3.8999999
3.8
3.8
4.3999999
3.7
3.8
3.6
4.0999999
3.7
3.7
3.3
3.1
3.1
3.3
3.4
3.3
4.0999999
3.8
4.2
3.8
3.9999999
4.0
5.8999999
6.29999989999
4.9000001
3.9
3.9999999
3.9
3.5
3.9
4.9000001
4.3
4.29999989999
8.9000001
16.3999996
29.699999
27.8
29.7
28.5
27.7
19.6000004
16.1000004
16.4000001
14.8999996
7.1000002
4.4999999
5.5
4.0999999
4.0999999
4.2
4.0999999
4.39999999999
4.2
4.3
4.70000010001
4.7
4.8
8.6000002
17.6999998
32.8
35.600001
33.5
28.3
34.799999
23.6
20.3
22.5
17.1
8.6000002
6.5
6.5999999
4.6999998
4.39999999999
4.60000000001
4.8
5.0
4.5
4.70000010001
4.60000000001
4.5999999
5.0
9.29999989999
17.5999998
34.300001
31.1
28.9
26.8
32.600001
22.4
18.4000006
18.0
15.5
7.00000019999
4.5
4.4000001
4.5
5.0
4.5
4.3
4.79999989999
4.6000001
4.5
4.8
5.5
4.70000010001
8.3999998
15.9000001
31.499999
34.399999
30.899999
28.9
29.1
22.9
21.4
21.3
16.6999999
8.00000019999
4.1
4.3999999
4.5
4.8999999
4.29999989999
4.29999989999
4.70000010001
4.70000010001
4.5
4.5
5.3
4.70000010001
9.8999998
17.0
32.299999
34.299999
32.8
31.1
30.3
25.6
15.5999999
19.4999996
16.8999996
8.4000001
4.0999999
4.5
4.39999999999
4.3999999
5.29999989999
4.1999998
4.8999999
4.3999999
4.5
4.5
5.0
4.6000001
3.9
4.2
4.0999999
3.8
4.1999998
4.3999999
4.1999998
4.0
4.1
4.0
3.8999999
3.9
4.39999999999
4.3999999
4.70000010001
4.5999999
4.6000001
4.2
4.79999989999
4.89999999999
4.6000001
4.5
4.5
4.7
4.29999989999
3.9
4.3
3.9
4.10000000001
4.0999999
3.8
4.2
4.0
4.5
4.2
4.0999999
4.5
6.9000001
6.39999999999
6.0
4.70000010001
4.3999999
4.5
4.70000010001
4.5
4.8
4.60000000001
5.1999998
8.3999999
16.3000002
31.2
32.9
34.8
32.0
35.300001
22.8
24.8
21.4
16.2000003
13.2999997
6.5999999
4.9000001
5.0
5.0
4.5999999
4.6000001
4.8000002
4.6000001
4.7
4.70000010001
5.0
5.3
9.0999999
16.2000003
28.400001
30.7
30.4
26.9
32.399999
21.6
23.8
18.7000008
16.3999996
10.5999999
6.5
6.8999999
4.5999999
5.0
4.6000001
4.29999989999
4.70000010001
4.70000010001
4.7
4.7
4.8
5.3999999
9.6999998
16.3000002
33.0
38.799999
31.6
33.3
33.8
23.9999996
24.2
23.6
18.8999998
9.1000001
4.2
4.3999999
4.79999989999
4.9000001
4.3999999
4.0
4.29999989999
4.7
4.7
4.6000001
5.2
4.7
7.2
20.3000002
33.399999
35.6
29.9
26.3
30.3
24.4
22.7
19.3999996
16.6000004
12.5
12.0
7.20000010001
8.40000009999
5.8999999
4.4000001
3.7
3.9999999
4.0
4.9000001
5.0999999
4.8999999
4.9000001
10.5999999
16.5000005
34.5
35.899999
29.1
29.9
31.899999
23.1
16.3000002
19.1999998
18.3000002
6.7999997
3.8
4.0
4.0
3.7
3.7
4.0999999
3.9
3.8999999
3.7
4.8
4.70000010001
4.6000001
4.10000000001
4.0
4.0
3.9
4.10000000001
3.3
3.1
3.4
3.7
3.1
3.5
3.2
3.0
3.9
3.9999999
3.8999999
3.9
3.99999989999
4.4000001
4.4000001
4.5
4.9000001
4.8999999
4.8999999
4.70000010001
4.0999999
4.5
4.39999999999
3.9999999
3.89999999999
3.39999999999
3.5
3.1
3.2
3.60000000001
3.0
3.7
3.6
5.6999998
5.70000010001
4.6000001
3.89999999999
4.2
4.2
3.7999999
4.60000009999
4.8
4.60000009999
4.5
5.5
8.39999959999
8.7000003
7.40000010001
5.7999999
5.19999980001
5.2000001
4.7
3.5
3.7
3.0
3.59999999999
3.7
3.89999999999
3.89999999999
3.8
3.89999999999
3.7
3.5
4.09999990001
4.8
4.60000000001
4.2999999
4.2
6.09999990001
7.5
5.89999990001
8.89999979999
7.89999979999
9.40000009999
8.89999979999
6.30000019999
5.60000009999
3.59999990001
3.40000000001
3.3
3.89999990001
3.7
3.5
4.3
3.7
3.7
3.89999999999
3.89999999999
4.60000000001
4.5
4.80000019999
4.59999990001
4.7999999
6.30000019999
6.3
6.5
5.60000000001
5.0
3.39999999999
3.5
3.39999999999
3.10000000001
3.3
3.5
3.89999990001
3.7
3.89999990001
3.7
3.89999990001
3.89999999999
4.09999990001
3.8
4.39999990001
4.60000000001
5.60000009999
5.2999999
5.39999990001
7.3
8.0
7.8
6.2999999
4.10000000001
4.3
4.5
4.09999990001
3.10000000001
3.60000000001
3.3
3.90000000001
3.7
3.9999999
3.59999999999
4.09999990001
3.89999990001
4.0
4.09999990001
3.89999999999
4.0
4.39999990001
3.39999999999
4.5
6.40000009999
6.39999999999
6.5
5.60000000001
4.7000001
4.89999990001
4.2999999
3.39999999999
3.3
3.79999999999
3.29999999999
4.0
3.59999999999
4.0
3.7
4.0
3.7
4.09999990001
3.89999999999
4.2
4.09999999999
3.79999999999
3.5
3.59999999999
3.29999999999
3.7
3.3
3.59999990001
3.40000000001
3.5
3.3
3.5
3.0
3.3
3.59999990001
3.89999999999
3.7
3.89999999999
3.89999990001
3.89999999999
4.7
4.10000000001
3.7
3.7999999
4.09999999999
4.09999990001
3.5
3.7
3.5
3.59999999999
3.8
3.2
3.5
3.40000000001
3.5
3.0
3.5
3.3
3.59999999999
4.90000009999
6.39999990001
5.7000001
5.2
3.9999999
4.09999990001
3.89999990001
4.09999999999
4.80000019999
4.8
4.80000019999
4.09999999999
8.59999989999
21.5999998
35.699999
30.7
29.3
30.700001
32.1
22.3
23.2
21.1
16.5999999
13.5
6.89999990001
5.60000000001
3.89999990001
3.7
4.09999990001
4.19999980001
3.9999999
3.7
4.5
4.89999990001
5.0
5.10000009999
9.40000010001
17.5
28.7
34.5
33.399999
32.1
31.3
26.6
21.6
21.3
19.5999998
10.9000001
7.10000009999
6.7999999
4.09999990001
4.09999990001
4.09999999999
4.39999990001
4.19999980001
4.39999999999
5.0
5.10000009999
5.2
5.5
8.2
17.5
30.8
31.1
25.9
27.0
30.3
26.8
20.8999996
21.4
19.3000004
8.89999990001
4.60000000001
5.0
5.30000019999
4.3
3.7
4.0
4.0
3.89999990001
4.80000019999
5.5
4.90000009999
4.5
7.40000009999
20.6
29.9
30.0
27.7
28.7
30.9
24.1
20.5999996
20.9
17.4999995
10.5999999
4.0
3.60000000001
3.7
3.90000000001
3.7999999
1.81448275794
0.0289655158558
0.0289655158704
0.0289655158558
0.0289655158704
0.0289655158558
0.0289655158704
0.0289655158558
0.0289655158558
0.0289655158704
0.0289655158558
0.0289655158704
0.0289655158558
0.0289655158704
0.0289655158558
0.0289655158704
0.0289655158558
0.0289655158558
0.0289655158704
0.0289655158558
0.0289655158704
0.0289655158558
0.0289655158704
0.0289655158558
3.7675
3.935
3.9525
3.8825
3.905
3.935
3.8125
3.515
3.3025
3.365
3.265
3.2875
3.34
3.4625
3.41
3.4625
3.415
3.54
3.6125
3.6875
3.755
3.905
4.0325
4.0525
4.1175
4.2375
4.2625
4.2075
4.205
4.27
4.05
3.7975
3.7175
3.74
3.6975
3.5525
3.465
3.4575
3.385
3.315
3.48
3.42
3.56
3.995
5.26
5.6325
5.21
4.365
2.01448275792
2.11448265794
3.7
5.09999990001
4.89999990001
5.09999990001
4.3
9.3000002
19.0
33.5
35.800001
32.1
33.100001
33.5
26.3
21.4999996
18.6000004
20.4000002
20.0
16.7000003
9.5
3.89999999999
3.79999999999
4.10000009999
4.0
3.8
3.8
4.39999999999
4.5
4.5
4.39999999999
9.0
19.8999996
27.8
30.4
29.5
30.900001
34.299999
27.4
24.5
19.5999996
18.8999996
17.5
14.3999996
7.4999998
3.8
3.89999999999
3.5
3.8
4.09999999999
4.39999990001
4.19999980001
4.39999990001
4.60000009999
4.2999999
9.10000009999
19.7000004
27.1
33.0
31.0
29.5
28.8
23.0000002
19.6000004
17.9000006
19.5999994
12.1000004
5.0
4.19999980001
3.8
3.60000000001
3.7
3.39999999999
4.39999999999
3.59999999999
4.8
4.89999990001
5.0
4.59999990001
10.2
16.8000002
33.4
34.899999
35.299999
38.8
37.399999
27.6
23.3
19.9999996
20.4000002
10.0
4.09999990001
4.2
3.7
3.9999999
3.9999999
3.9999999
4.09999990001
3.60000000001
5.09999990001
4.39999990001
4.7000001
4.39999990001
8.1999998
21.8
34.700001
33.5
33.1
36.600001
33.0
26.0
19.0
17.6999998
15.5999999
10.2999997
6.5
4.89999990001
4.09999990001
4.89999990001
4.39999999999
4.19999980001
3.9999999
4.5
4.19999980001
4.2
4.3
4.2
3.7999999
3.7
3.8
3.7
3.79999999999
3.89999999999
3.89999999999
4.09999990001
3.89999999999
3.7
3.79999999999
4.2999999
4.2999999
4.09999990001
4.09999990001
4.39999990001
4.40000009999
3.9999999
4.39999999999
4.7
4.39999999999
4.2
4.39999999999
3.7
3.79999999999
4.09999990001
3.89999999999
3.60000000001
3.2
3.3
3.40000000001
2.89999999999
3.0
3.2
3.09999999999
3.3
3.7999999
6.2
5.8
5.2000001
3.7
4.3
3.59999999999
3.60000000001
4.2
4.5
4.2999999
3.7
9.3000002
21.0
36.3
38.299999
33.6
35.0
32.3
25.5
21.6
19.5999996
20.2999998
11.3000002
6.7000001
5.8
5.0
4.7000001
4.60000000001
4.10000009999
4.69999980001
4.7000001
4.5
4.7
5.0
4.59999990001
7.40000009999
24.4
36.4
37.600001
37.1
38.600001
34.2
30.0
26.7
21.0000002
19.0
10.3000002
6.5
5.80000019999
3.7
4.10000000001
3.7
4.0
4.10000000001
3.8
4.60000009999
4.7
5.10000009999
4.7000001
10.2000001
21.3
32.199999
30.7
32.800001
38.2
35.100001
27.4
23.7
20.1
18.8999996
9.89999979999
3.9999999
4.09999999999
3.8
3.59999999999
4.2
3.39999999999
3.89999990001
3.9999999
4.09999990001
3.7
4.2
3.59999999999
7.60000020001
25.6
37.2
34.200001
35.699999
38.6
34.03
30.500001
26.6
25.5
20.6000002
9.7
6.10000009999
4.7
3.7
3.7999999
3.7
4.4999999
3.7
3.9999999
4.7999999
5.0
4.60000009999
3.89999999999
11.0
19.4000006
32.800001
37.9
35.699999
36.199999
33.999999
27.3
24.0
21.6
17.1000004
8.09999990001
3.9999999
3.9999999
4.39999990001
4.60000009999
4.8
4.89999990001
4.89999990001
4.60000009999
4.89999990001
4.8
4.69999980001
4.60000009999
4.39999990001
4.09999990001
4.39999999999
3.69999990001
3.2
3.20000000001
3.89999999999
2.89999999999
3.2
3.09999999999
4.2
4.19999980001
4.5
4.8
4.7
5.0
4.39999990001
4.7000001
4.80000019999
4.7999999
4.60000000001
4.8
4.89999990001
4.39999990001
4.09999990001
4.2
4.5
4.3
4.09999999999
4.0
4.2999999
3.7
3.60000000001
4.2000001
4.10000000001
4.39999990001
4.89999990001
6.80000019999
6.30000019999
5.59999990001
4.5
5.0
4.39999999999
4.5
4.90000009999
4.7
4.39999999999
4.3
5.10000000001
21.5000002
29.565
37.045
38.755
38.6625
38.6475
35.199999
21.1999998
18.3000002
17.3000002
11.7999997
6.5
5.7
4.7000001
4.89999999999
4.2999999
4.09999990001
4.39999990001
5.19999980001
4.7
4.39999990001
4.90000009999
4.39999990001
7.30000019999
35.199999
30.5725
34.165
37.200001
39.299999
40.0
36.899999
24.7
21.8
21.5
11.9000001
7.39999999999
6.90000009999
5.60000000001
3.7
4.0
3.8
4.19999980001
4.39999990001
4.5
4.7999999
5.2999999
4.09999990001
6.2
28.7
40.199999
39.199999
30.4
30.400001
36.9
36.5
21.4
23.5
19.8
9.19999980001
4.0
4.0
4.10000000001
3.7
3.7
4.0
3.89999990001
3.9999999
4.7000001
5.19999980001
4.60000009999
3.9999999
7.0000002
27.5
37.099998
38.099998
31.999999
30.900001
32.999999
25.7
17.8000002
19.0999998
17.8000002
10.9000001
3.89999990001
4.19999980001
4.3
3.60000000001
3.60000000001
3.9999999
4.09999999999
3.39999999999
4.60000009999
5.2
5.0
3.89999990001
7.2
34.4
38.400002
35.9
27.9
28.4
31.2
26.7999996
18.1999998
19.5000002
18.6999998
8.60000009999
3.89999999999
3.60000000001
3.7
4.10000009999
4.30000009999
4.2
4.5
4.5
4.90000009999
4.5
5.2
4.2999999
4.09999990001
4.09999999999
4.2999999
4.09999990001
4.09999990001
3.7999999
4.39999990001
3.9999999
3.89999990001
4.2999999
4.3
4.40000009999
5.0
4.09999990001
4.5
4.60000009999
4.2999999
4.10000000001
4.7
4.7
4.5
4.60000009999
4.60000009999
4.2
4.19999980001
4.3
4.19999980001
4.10000000001
3.8
3.10000000001
3.0
3.39999999999
3.40000000001
3.20000000001
4.0
3.79999999999
3.89999999999
5.80000019999
6.2000001
4.9999999
3.89999999999
4.39999999999
3.5
4.2
5.10000000001
4.7
4.39999990001
4.5
6.2999997
34.299999
26.6575
29.805
40.700001
40.200001
39.6
33.899999
23.0
19.6000004
22.4
15.8999996
8.0
5.8
4.59999999999
4.39999990001
4.59999990001
