3.2
3.2
3.3
3.2
3.1
3.39999999999
3.1
5.4000001
22.3999998
14.805
22.8
22.9
22.5
23.0
22.0
21.2
21.2
19.2000002
7.2000003
3.60000000001
3.7
3.9
3.7
3.39999999999
4.79999989999
3.4
3.5
3.3
3.4
3.3
3.2
5.4999999
20.3999998
15.4475
14.3425
14.325
13.68
23.3
22.0
21.8
17.03
20.1999998
11.6999998
7.20000010001
7.60000000001
7.8000002
6.4000001
5.8000002
6.1000001
5.8000002
5.9000001
6.0
5.8000002
6.0999999
5.8000002
7.6000002
21.6000004
21.9
22.5
22.6
21.9
22.7
19.9
17.3000002
21.2
18.3000001
9.6999998
7.4000001
8.2000003
7.60000000001
6.6000001
6.3999999
5.6999998
6.29999989999
6.29999989999
6.29999989999
6.1999998
6.1999998
6.5
7.70000010001
22.5000002
18.1075
20.9999998
20.3
20.3
18.3000002
18.3000002
17.0999994
16.8000002
14.1999998
7.9000001
5.5
5.70000010001
5.70000010001
5.5
5.3999999
5.10000000001
5.1999998
5.29999989999
5.29999989999
5.6000001
5.1999998
5.39999999999
7.59999990001
22.2999998
17.78
23.4
21.7
21.6
21.0
21.5
21.1
22.5
17.6999998
8.1999998
4.8000002
4.8
4.8
4.70000010001
4.6000001
4.5
4.70000010001
4.29999989999
4.60000000001
4.6000001
4.29999989999
4.39999999999
4.6000001
4.3999999
4.29999989999
4.5
4.29999989999
4.39999999999
4.6000001
4.39999999999
4.39999999999
4.5
4.29999989999
4.5
4.39999999999
4.5
4.39999999999
4.3999999
4.60000000001
4.1999998
4.39999999999
4.70000010001
4.5
4.39999999999
4.70000010001
4.39999999999
4.29999989999
4.39999999999
4.5
4.39999999999
4.1999998
4.6000001
4.29999989999
4.29999989999
4.39999999999
4.5
4.1999998
4.39999999999
4.6000001
4.39999999999
4.1999998
4.6000001
4.3999999
5.79999989999
4.5
4.5
4.3999999
4.5
4.6000001
4.60000000001
9.0
13.945
23.5
23.6
21.8
20.4
16.6775
22.0
21.2
17.2175
23.7
15.8000002
7.70000010001
7.70000010001
7.8999999
7.70000010001
7.6000001
7.4000001
7.39999999999
7.29999989999
7.6000001
7.5
7.39999999999
7.5
10.0
22.1
15.65
14.3875
13.8375
12.9725
15.3825
16.045
15.8125
14.035
18.8000001
10.1999998
8.4000001
8.9000001
8.9000001
7.7
7.2
7.2
7.3999999
7.1999998
7.29999989999
7.1999998
7.2
7.0
8.2999997
20.0999996
22.1
20.1000002
16.9000006
18.7000008
16.7999997
17.0999994
16.6999998
19.2000008
16.4000001
9.9000001
9.0999999
9.0999999
9.0
7.8000002
7.5
6.8999999
7.29999989999
7.39999999999
7.39999999999
7.3999999
7.5
7.29999989999
8.7000003
21.9000004
22.5
21.1
20.8
19.8000004
15.0
17.3000002
17.7000008
20.5
16.0
10.0
6.8000002
6.8000002
6.9000001
6.8000002
6.5
6.39999999999
6.60000000001
6.60000000001
6.39999999999
6.70000010001
6.6000001
6.29999989999
8.1999998
21.9000002
23.1
17.5
15.9000006
15.5999999
14.5
16.6000004
18.7000008
20.6
18.8999998
9.8000002
6.60000000001
6.70000010001
6.8
6.8
6.2
6.3999999
6.1999998
6.1999998
6.2
6.5
6.29999989999
6.29999989999
6.3999999
6.2
6.0999999
6.3999999
6.0999999
6.29999989999
6.3999999
6.3
6.1999998
6.2
6.1999998
6.2
6.3
6.0
6.1999998
6.29999989999
6.29999989999
6.1999998
6.3999999
6.29999989999
6.5
6.1999998
6.29999989999
6.3999999
6.1999998
6.1999998
6.3999999
6.0
6.0999999
6.2
6.0
6.1999998
6.3999999
6.29999989999
6.0
6.5
6.0999999
6.0999999
6.2
6.0
6.29999989999
6.29999989999
6.29999989999
6.1999998
6.29999989999
6.29999989999
6.29999989999
6.29999989999
9.1999998
21.1000004
14.6625
15.68
23.2
21.4
19.6000002
19.4000006
19.0
20.8
18.6999996
9.00000019999
7.0
6.8
6.8000002
6.9000001
6.5
7.6000001
6.70000010001
6.39999999999
6.6000001
6.70000010001
6.6000001
6.5
8.50000019999
21.1999998
17.1275
15.425
14.865
13.5975
15.71
16.64
16.835
15.63
15.4425
12.0
9.5
10.0999999
9.1999998
9.1999998
8.8000002
6.3999999
8.5
8.2999997
8.40000009999
8.2999997
8.5
8.1999998
9.1999998
21.0000002
18.6999998
17.4000006
16.4000006
16.2000003
18.8000002
18.6000004
19.5
19.2000002
15.4000001
7.3
5.3
5.9000001
6.0
5.3
4.8000002
4.8999999
4.5
4.1999998
4.1999998
4.29999989999
4.3999999
4.0999999
6.0
20.1999998
21.9
21.7
22.4
23.0
20.1
21.2
17.4000006
16.1000004
14.4000001
9.8000002
5.70000010001
5.60000000001
5.3999999
5.6000001
5.3999999
4.0999999
5.5
5.0
5.29999989999
5.1999998
5.3
5.39999999999
6.8
19.4000002
19.2000004
16.8000002
19.0
18.3999996
16.6000004
17.5
15.8000002
17.5
18.2999998
7.5999999
3.60000000001
3.6
3.7
3.60000000001
3.3
3.1
3.4
3.1
3.3
3.2
3.2
3.1
3.4
3.1
3.2
3.3
3.0
3.1
3.3
3.2
3.1
3.2
3.3
3.3
3.2
3.2
3.1
3.1
3.3
3.1
3.2
3.2
3.2
3.2
3.3
3.1
3.0
3.5
3.1
3.2
3.2
3.2
3.0
3.3
3.2
3.1
3.2
3.1
2.9
3.2
3.1
3.0
3.3
1.61546391752
0.0309278350542
0.0309278350469
0.0309278350542
0.0309278350542
0.0309278350469
0.0309278350542
0.0309278350469
0.0309278350542
0.0309278350542
0.0309278350469
0.0309278350542
0.0309278350542
0.0309278350469
0.0309278350542
0.0309278350542
0.0309278350469
0.0309278350542
0.0309278350542
0.0309278350469
0.0309278350542
0.0309278350469
0.0309278350542
0.0309278350542
5.135
5.2125
5.135
5.165
5.3
5.22
5.1125
6.35
12.785
13.725
12.9275
12.795
11.9075
13.7625
14.8775
15.2875
14.5775
14.115
10.6075
7.6
7.175
7.0975
6.345
5.855
1.51546391753
1.51546391752
3.2
3.0
3.0
3.2
3.0
3.6
4.0
3.6
3.5
3.5
3.60000000001
3.39999999999
3.6
3.39999999999
3.39999999999
3.5
3.2
3.39999999999
3.5
3.3
3.39999999999
3.2
3.1
3.0
3.1
3.0
3.0
3.2
3.0
3.8
3.9999999
3.5
3.5
3.6
3.5
3.39999999999
3.60000000001
3.5
3.3
3.6
3.39999999999
3.3
3.5
3.3
3.39999999999
3.2
3.1
3.0
3.2
3.0
3.1
3.2
3.0
3.9999999
3.9
3.79999989999
3.7
3.39999999999
3.5
3.5
3.5
3.4
3.8
3.39999999999
3.5
3.39999999999
3.3
3.7
3.39999999999
3.2
3.2
3.0
3.1
3.2
3.0
3.1
3.2
2.9
3.0
3.0
3.0
3.1
3.0
3.0
3.1
3.0
3.0
3.1
3.1
2.9
3.2
2.9
2.9
3.2
3.0
3.1
2.9
3.1
3.2
3.0
3.0
3.2
3.0
3.0
3.2
2.9
3.2
3.0
3.0
3.1
3.1
2.9
3.3
2.9
3.1
3.1
3.1
3.2
5.2
3.0
3.1
3.1
2.9
3.3
3.1
4.1
7.3999998
9.39999960001
9.1999998
8.1999998
8.0999999
8.0
7.9000001
8.0
7.8000002
7.60000000001
8.0
7.60000000001
7.70000010001
7.9000001
7.8000002
7.70000010001
7.39999999999
7.5
7.6000001
7.5
7.70000010001
7.8
7.60000000001
8.40000009999
8.60000039999
8.1999998
7.9000001
8.0999999
7.70000010001
8.0
7.8
7.60000000001
7.70000010001
7.8
7.5
7.60000000001
7.6000001
7.60000000001
7.70000010001
7.6000001
7.3999999
7.3999999
7.6000001
7.29999989999
7.39999999999
7.6000001
7.6000001
8.09999990001
8.40000009999
7.9000001
7.8000002
7.8000002
7.9000001
7.60000000001
7.8
7.60000000001
7.70000010001
7.7
7.39999999999
7.39999999999
7.60000000001
7.7
7.5
7.29999989999
3.5999999
7.3999999
7.1999998
7.2999999
7.0999999
7.1999998
7.7999999
8.0
8.0
7.7000001
7.6000001
7.6
7.3999999
7.6000001
7.5
7.6000001
7.7000001
7.3999999
7.5
7.4
7.4
7.6000001
7.7000001
7.0
6.5999999
7.3
7.0999999
7.0
7.2
7.0999999
7.0999999
7.5999999
7.9000001
8.5
7.0
6.4
6.2999999
6.3999999
6.4
6.1999998
6.5
6.2
6.2999999
6.3999999
6.3999999
6.4
6.2999999
6.2999999
5.9000001
6.0999999
5.9000001
6.3
6.0999999
6.0
6.3
5.9000001
5.9000001
6.2
5.8000002
6.0
5.8000002
6.1999998
5.8000002
6.0999999
6.1999998
5.9000001
5.9000001
6.0999999
5.9000001
5.9000001
6.0999999
6.0
6.0999999
5.9000001
6.2
5.9000001
5.9000001
6.1000001
6.1999998
6.0
6.3
6.0
6.0999999
6.0
5.9000001
5.9000001
6.1000001
6.0
6.0
6.0999999
5.9000001
5.8000002
5.8000002
6.0999999
6.0999999
5.9000001
6.2999999
6.0999999
6.0999999
6.2
6.0999999
6.0999999
6.1999998
7.6000002
19.3
13.6925
21.2
19.9999996
21.1
18.6999998
18.6000004
18.9000006
18.1000004
15.9000001
9.8000002
6.6
6.6000001
6.4
6.5
6.3
6.2
6.2999999
6.2
6.0
6.0
6.0
6.1999998
7.3999998
15.1000004
19.4000006
17.0
14.4000001
17.0999994
17.5
18.2000008
18.2000008
20.1000004
17.0999999
10.7000003
7.5
8.0
7.7000001
6.9
6.2999999
5.2999999
6.5
6.2999999
6.1999998
6.0999999
6.2
6.1999998
7.0
19.6000002
23.8
23.0
20.2999998
21.4
19.3999996
19.4000006
18.8999996
18.1000004
16.5000005
7.8
5.5999999
6.0
6.1999998
5.0
4.5
5.5999999
4.5
4.2999999
4.1999998
4.3999999
4.3999999
4.2999999
5.0
15.5
19.6999996
18.8999996
18.5
19.2
18.2999998
19.8999998
19.5
21.0
19.0999994
11.2000003
7.1999998
7.0999999
7.2999999
7.2999999
7.2
5.2
7.1000001
6.9000001
7.0
7.0
7.0999999
6.9000001
8.8999999
19.3000004
22.5
18.8000002
16.1000004
18.1000004
16.3000002
16.5999994
16.6999998
19.3999996
15.8999996
7.5000002
4.0
3.9999999
3.8
3.8
3.7
3.4
3.4
3.5
3.6
3.6
3.4
3.4
3.7
3.5
3.3
3.4
3.4
3.4
3.3
3.2
3.5
3.2
3.2
3.5
3.4
3.2
3.3
3.5
3.2
3.5
3.5
3.3
3.4
3.4
3.5
3.3
3.4
3.5
3.2
3.2
3.5
3.2
3.3
3.4
3.4
3.2
3.3
3.4
3.3
3.2
3.5
3.4
3.2
4.2999999
3.4
3.5
3.4
3.6
3.4
3.6
5.0
19.8
21.7
22.7
23.6
21.7
20.1999996
17.2999992
18.0
17.1999998
16.8999996
10.0
5.6
5.5
5.4
5.5
5.5
6.3
5.0999999
5.4
5.0999999
5.2999999
5.0
5.2999999
6.6
18.6000002
22.6
23.1
22.6
15.9375
22.0
21.3
20.8
21.7
17.6999998
12.0
8.6999998
9.3999996
8.7999997
8.0
7.8
7.1000001
7.8
7.7000001
7.6
7.8999999
7.6
7.5
9.9000001
19.1000001
23.3
22.7
21.2
23.5
19.9999996
20.4
20.2999998
21.5
18.6999998
9.6000002
7.7
8.0999999
8.0999999
6.9000001
6.5
6.5
6.7000001
6.5
6.4
6.8
6.2999999
6.4
7.5
19.3000002
20.1999996
21.4
20.5999998
20.1999996
18.0
19.0999994
19.3000002
18.3000002
15.7999997
9.0999999
6.7000001
6.7000001
7.0
6.7000001
6.4000001
5.8000002
6.4
6.4
6.4
6.5
6.1999998
6.4
8.0
19.2999998
23.6
21.1999996
18.1999998
18.8999996
17.3999996
20.9
20.1999996
20.1000002
17.0000005
7.4000001
4.6
4.8000002
4.9000001
5.0
4.5
4.5
4.4
4.4
4.6000001
4.4
4.5
4.6000001
4.4
4.6
4.5
4.4
4.4
4.7000001
4.4
4.5
4.7000001
4.4
4.3
4.5
4.4
4.4
4.4
4.5
4.4
4.2999999
4.5
4.1999998
4.4
4.6000001
4.2999999
4.4
4.4
4.4
4.1999998
4.6000001
4.1999998
4.3
4.3999999
4.4
4.4
4.3999999
4.5
4.2999999
4.6000001
4.1999998
4.4
4.5
4.2999999
6.5999999
4.5
4.4
4.2999999
4.5
4.2999999
4.3999999
5.8000002
23.1999998
18.785
19.88
20.2025
20.0625
19.29
22.0
19.5000002
20.2
18.8999996
12.6000004
9.0999999
9.2999997
9.2999997
9.2999997
8.9000001
7.1000001
9.1999998
8.9000001
8.9000001
9.0
9.0999999
9.0
10.2999997
21.6999998
19.315
19.0075
18.8475
17.6275
18.3
19.305
23.5
22.1
19.4000004
10.0999999
6.6000001
7.0999999
7.3
6.0
5.5
7.0999999
5.5
5.4
5.4
5.5999999
5.6
5.5
7.9000001
20.9
18.9625
19.6475
19.1425
23.6
22.9
23.4
18.6575
18.825
22.2
11.7000003
9.1999998
9.7000003
11.1999998
9.0
8.0999999
8.1999998
7.9000001
8.1999998
8.3000002
8.2999997
8.0999999
8.0
10.8000002
19.3000004
18.815
22.1
20.4999996
22.6
21.0999996
19.665
19.7125
19.2625
23.5
12.0999999
8.1999998
8.4000001
8.2999997
8.2999997
8.1999998
7.6000001
8.0999999
7.9000001
8.1999998
8.0999999
8.0
8.1999998
9.8000002
21.5999996
18.6275
18.695
17.37
16.94
15.5775
22.9
23.7
15.9825
20.4
10.4000001
7.5
7.6
7.8
7.9000001
7.6
7.4
7.5
7.4
7.5
7.6000001
7.5
7.2999999
7.2999999
7.6000001
7.5
7.4
7.3999999
7.3999999
7.2999999
7.2999999
7.5
7.4
7.5
7.6000001
7.4
7.1999998
7.0999999
7.6
7.2999999
7.4
7.2999999
7.7000001
7.4
7.5
7.6
7.2999999
7.2999999
7.4
7.3999999
7.1999998
7.2999999
7.5
7.1999998
7.2999999
7.3999999
7.2999999
7.2999999
7.2999999
7.3
7.1999998
7.2999999
7.6000001
7.3999999
7.2
7.3999999
7.2999999
7.5
7.5
7.2999999
7.4
10.5
22.1000004
15.8025
20.7
20.0999998
21.3
19.8999996
20.5
20.8
20.0000002
17.6999998
11.4000001
7.3
7.0
7.0999999
7.0999999
6.9000001
6.8000002
6.9000001
6.9000001
6.9000001
7.0
6.9000001
6.8000002
9.0
19.3999998
17.05
16.425
15.7075
14.48
15.08
21.1
20.8
21.8
17.5999999
12.9000001
9.3999996
9.6000004
9.3000002
7.2
7.2
7.0
7.2
6.8000002
6.9000001
7.8
7.8000002
7.6
9.5
21.4
20.2000004
19.5
20.7
23.3
19.9999996
20.0999998
19.1999998
23.8
18.7999998
11.0
7.5
8.0999999
8.5999999
7.2
7.0999999
8.3000002
6.9000001
6.7000001
6.6
6.8
6.7000001
6.7000001
8.9000001
22.3
23.3
22.2
23.7
20.0875
19.8975
20.5375
23.8
22.2
16.9000006
12.5
8.8000002
9.2999997
8.8000002
9.3000002
8.8000002
7.5
8.9000001
8.8000002
9.0
8.7000003
9.0999999
9.0
10.9000001
20.7999996
21.7
22.9
20.4999996
19.0
16.3999996
18.0999994
17.8999996
18.0999994
15.0
9.5999999
6.0
5.9000001
6.0
5.9000001
5.6000001
5.5
5.7000001
5.5
5.6
5.8
5.7000001
5.6
5.7000001
5.5
5.3999999
5.6000001
5.4
5.5
5.6000001
5.5
5.5
5.7
5.5
5.6000001
5.7
5.2999999
5.6000001
5.5
5.7000001
5.4
5.7000001
5.7000001
5.6
5.8
5.6
5.4
5.7000001
5.6
5.5
5.6
5.3999999
5.4
5.5
5.5
5.4
5.7000001
5.4
5.5
5.5
5.2999999
5.4
5.5
5.5
8.2000001
5.5
5.4
5.6000001
5.4
5.4
5.5
8.7
23.3
19.7725
20.8925
20.9475
20.7175
20.315
20.53
19.83
20.3625
19.64
15.5
11.0
11.0
11.0
10.9000001
10.8000002
9.9000001
10.9000001
10.7000003
10.7000003
10.9000001
10.6000004
10.8000002
12.5999999
21.6000002
20.725
19.995
19.12
17.535
17.7375
18.335
23.8
19.06
21.7
13.5
9.9000001
10.2999997
10.2999997
9.0999999
8.7999997
7.3
6.6000001
6.8000002
6.7000001
6.8
6.8
6.7000001
8.4999998
20.1000004
23.8
20.91
19.8
20.7525
19.33
23.5
22.1
20.0275
18.7999996
10.9000001
8.5
8.8000002
9.0999999
7.8999999
7.7
7.8000002
7.7000001
7.5
7.6
7.8
7.6
7.6
9.1999998
21.1999998
19.275
19.6475
18.875
18.9375
23.8
18.1825
18.6025
23.5
19.7000004
12.3000002
7.8000002
7.6
7.8999999
7.8000002
7.6
6.8999999
7.6
7.7000001
7.8000002
7.6
7.8000002
7.7000001
9.0
18.5
22.0
23.8
22.8
21.2
19.4000004
21.7
19.8
21.6
18.7000002
8.6000001
6.7000001
6.7000001
6.5
6.8
6.3999999
6.2999999
6.6000001
6.2999999
6.2999999
6.4
6.6000001
6.5
6.5
6.5
6.4
6.5
6.1999998
6.5999999
6.4
6.2999999
6.4
6.6
6.0999999
6.2999999
6.3999999
6.4
6.4
6.5
6.7000001
6.6000001
6.5
6.7000001
6.5
6.4
6.5
6.7000001
6.4
6.6
7.0999999
7.0
7.2999999
6.7000001
6.1999998
6.0999999
6.2999999
6.0999999
5.9000001
6.0999999
6.3
6.5
6.8000002
6.9000001
7.2999999
7.0
7.0
7.0999999
7.2
7.0999999
7.0999999
7.4
10.0
23.2
19.365
19.3125
19.0675
19.295
20.125
19.6425
17.4725
23.8
22.9
11.1999998
7.0
7.0
7.0
7.2999999
6.9000001
6.7000001
6.8999999
7.1000001
7.0
6.8000002
7.0
7.0999999
8.7999999
20.7000002
23.3
19.71
22.5
18.5125
18.325
18.6925
23.3
18.5375
20.7
12.3999996
7.8000002
8.0
8.4000001
7.0
6.7999999
6.9000001
6.5
6.8999999
6.4
6.8999999
6.6000001
6.6000001
9.0999999
21.4999996
18.4575
23.4
23.4
23.8
22.7
23.6
19.1625
21.7
19.5000004
10.4000001
7.5
8.2999997
7.6999998
7.0999999
6.6
8.3
6.6000001
6.8
6.6000001
6.5
6.7000001
6.5
8.6999998
21.8
18.665
19.475
19.1725
18.74
18.0225
23.7
23.2
18.3625
19.1000002
12.2000003
9.9000001
9.9000001
10.0
10.1999998
9.7000003
6.5000002
9.7000003
10.0
9.5999999
10.0
9.7000003
9.8000002
10.7999997
17.6
20.5
17.4000006
15.8999996
15.2000003
15.8000002
17.1999998
16.3000002
20.0000002
15.1999998
6.1
4.2
3.9
3.9
4.0999999
3.8
3.7
3.5
3.7
3.6
3.6
3.5
3.7
3.7
3.4
3.8
3.6
3.5
3.6
3.7
3.5
3.6
3.7
3.8
3.5
3.6
3.7
3.6
3.5
3.7
3.6
3.6
3.6
3.7
3.7
3.7
3.7
3.7
3.5
3.7
3.6
3.8
3.5
3.6
3.7
3.6
3.6
3.7
3.5
3.4
3.8
3.5
3.5
3.6
3.9
3.6
3.5
3.8
3.6
3.6
3.7
4.5
4.8000002
5.0
5.0999999
4.5
4.0999999
4.1999998
4.2
4.0999999
4.4
3.8
3.7
4.0999999
4.0
4.2
4.0
3.8
3.8
3.6
3.7
3.8
3.8
3.6
3.8
4.7000001
4.3999999
4.6000001
4.4
4.0
4.2
4.2999999
4.0
3.9
3.9
3.8
3.7
3.8
4.0
3.7
3.9
3.8
3.6
3.6
3.6
3.7
3.5
3.6
3.6
4.2
4.2
4.3
3.9
3.9
3.9
4.2
3.9
4.0999999
3.9999999
3.5
3.8
3.8
3.9999999
3.8
3.8
3.7
3.4
3.6
3.5
3.6
3.5
3.5
3.7
4.2
4.2999999
3.9
4.2
3.8
4.0
3.9999999
3.9
3.9
3.9
3.6
3.7
3.8
3.9999999
3.8
3.7
3.9
3.4
3.5
3.7
3.5
3.5
3.5
3.6
4.4
4.2
4.2
3.9
4.3
4.6000001
4.6
3.9999999
4.1
3.9
3.4
3.7
3.9
3.7
3.8
3.9
3.6
3.6
3.6
3.6
3.4
3.5
3.7
3.5
3.5
3.5
3.5
3.3
3.5
3.6
3.4
3.7
3.4
3.4
3.6
3.4
3.5
3.5
3.5
3.4
3.5
3.6
3.4
3.4
3.7
3.4
3.5
3.6
3.5
3.5
3.6
3.5
3.5
3.7
3.4
3.6
3.4
3.4
3.4
3.7
3.5
3.4
3.7
3.5
3.4
4.0
3.7
3.4
3.6
3.6
3.5
3.6
5.4
18.4999998
21.8
22.0
22.6
23.1
23.0
22.0
21.4
22.8
22.3
9.0999999
4.8
4.8000002
4.7000001
4.9000001
4.5
4.9
4.5999999
4.5
4.2999999
4.6
4.6000001
4.5999999
5.6000001
18.8000001
21.9
21.5
19.3999998
19.9000004
18.5999994
20.5
19.9999996
21.8
16.7000003
9.5000002
6.3999999
7.0999999
7.0
5.8999999
5.6000001
5.5
5.6000001
5.5
5.4
5.4
5.6000001
5.2999999
6.8999999
18.6000001
21.5
20.5
15.5999999
20.8
17.8000002
17.3000002
17.1999998
17.8000002
14.5
7.7999999
6.6999998
7.2
7.2999999
6.0
5.8999999
5.0
5.5
5.5
5.9000001
5.5
5.7000001
5.5
7.5999999
17.4000001
19.0
21.1
21.4
22.0
18.5
20.5999998
21.9
18.2000008
16.2000003
6.5
4.7000001
4.6
4.5
4.5
4.5
4.5999999
4.5
4.2999999
4.5
4.3999999
4.1999998
4.5
6.0999999
18.6
22.2
21.6
22.3
22.9
20.0000002
21.1
17.8999996
19.1999998
17.1000004
6.5999999
4.8000002
5.3
5.3999999
5.5
5.0999999
4.7
5.3
5.0
5.0
5.0
5.2999999
5.0
5.0999999
5.0
5.2
4.7999999
4.0999999
4.2999999
4.3
4.0999999
4.0
4.0999999
4.2
4.0999999
4.0999999
4.0999999
4.5
4.0999999
4.2999999
2.24489795918
0.0897959183676
0.0897959183676
0.0897959183676
0.0897959183676
0.0897959183658
0.0897959183676
0.0897959183676
0.0897959183676
0.0897959183676
0.0897959183676
0.0897959183676
0.0897959183676
0.0897959183658
0.0897959183676
0.0897959183676
0.0897959183676
0.0897959183676
0.0897959183676
0.0897959183676
0.0897959183676
0.0897959183658
0.0897959183676
0.0897959183676
2.74489795918
2.24489795918
4.4
4.7000001
4.6000001
4.5
4.6000001
7.2999999
19.7999998
22.8
21.3
21.0
20.6
21.6
20.6
20.6
22.7
19.8000001
7.0999999
6.0
5.8
5.6
5.9000001
5.5
6.0
5.5
5.5
5.3999999
5.5
5.6
5.5
8.8999999
19.9
23.1
23.4
22.5
17.1775
19.7
18.6999998
18.8999996
20.4000004
21.0
12.5999999
8.0999999
8.1999998
8.5
7.1000001
7.0
5.6000001
6.6
6.7000001
6.8999999
6.7000001
6.8000002
6.8
9.5
20.7
17.715
18.1575
23.1
20.0
20.0999998
19.7000002
16.8000002
19.0
15.8000002
9.0
5.7000001
6.1999998
5.9000001
4.8999999
4.5
4.8999999
4.6000001
4.4
4.2999999
4.4
4.5
4.2999999
7.0
18.9000001
22.1
20.4
21.6
22.6
18.6000004
19.5
19.9999996
19.9999998
18.2999998
8.5999999
5.8
5.8
5.7000001
6.0
5.5
3.9
5.5
5.7
5.4
5.4
5.6
5.5
7.2000003
18.0999998
21.3
17.0999999
14.7000003
18.3000002
13.4000001
14.4000001
11.0999999
13.5
10.2999997
4.7999999
3.0
2.7
2.9
2.8
2.5
2.5
2.5
2.5
2.4
2.6
2.4
2.3
2.7
2.4
2.6
2.5
2.4
2.6
2.3
2.4
2.6
2.4
2.3
2.5
2.4
2.4
2.5
2.5
2.5
2.6
2.6
2.4
2.7
2.3
2.6
2.4
2.5
2.5
2.5
2.4
2.5
2.4
2.5
2.3
2.4
2.6
2.4
2.5
2.5
2.2
2.7
2.4
2.4
3.4
2.4
2.5
2.6
2.5
2.4
2.8
5.2
18.9000001
22.6
16.015
20.6
21.6
20.2
17.5999994
14.5
16.2000003
14.8999996
6.6999998
4.3999999
4.2999999
4.2999999
4.5
4.0999999
3.9
4.0999999
3.9999999
4.0
3.9999999
4.2
4.0
7.0999999
19.2000004
22.6
22.5
22.6
22.1
14.2000003
16.8000002
15.1999998
14.9000001
12.0
11.1999998
10.1999998
6.4
5.4000001
4.3999999
4.0999999
3.9
4.1
3.9999999
3.9999999
4.0999999
4.0999999
4.0999999
6.8999998
19.2
19.8000002
19.7999992
20.7
23.2
20.9
23.3
22.8
23.1
18.6000002
6.6999998
4.9000001
5.2999999
5.4
4.3
3.9
4.1
3.7
3.9
3.6
3.7
3.8
3.7
5.3
15.6999998
17.2000008
17.6999998
17.5999994
20.6
18.8000002
18.3999996
18.8999996
17.7999992
14.3999996
6.1
4.9000001
4.9000001
4.8000002
5.0
4.7000001
3.9
4.4
4.8999999
4.4
4.6
4.7
4.6000001
6.6999998
17.9
18.0
19.7000004
22.5
18.6175
23.5
22.4
20.5000002
20.6000002
17.4000006
5.8
3.7
3.6
3.5
3.7
3.2
3.1
3.1
3.3
3.1
3.2
3.3
3.1
3.1
3.1
3.3
3.1
3.1
3.3
3.1
3.0
3.4
3.1
3.2
3.1
3.3
3.1
3.2
3.3
3.1
3.3
3.4
3.2
3.0
3.3
3.2
3.0
3.1
3.2
3.0
3.0
3.3
3.1
3.0
3.1
3.1
3.0
3.2
3.3
3.8
3.2
3.1
3.0
3.1
3.4
3.1
3.0
3.2
3.0
3.1
3.2
5.9000001
18.9
22.7
18.6825
19.3725
19.245
18.6475
21.7000002
18.8999996
21.5
19.0999996
6.2999999
3.8
3.9
3.9
3.9999999
3.7
2.9
3.7
3.5
3.5
3.6
3.7
3.5
5.9000001
18.8999998
21.1
22.3
21.0
20.9
20.1000004
20.0000004
16.0999999
13.2999997
11.0
9.0999999
7.8999999
4.5999999
4.0999999
2.9
2.8
2.8
2.4
2.3
2.7
2.3
2.5
2.6
5.6000001
20.3
23.2
23.2
22.0
20.1
15.5000005
16.1999998
17.1999998
15.8000002
14.9000001
9.2
4.6999998
5.2
5.0
3.8999999
3.6
4.5
3.3
3.5
3.3
3.4
3.4
3.5
6.7000002
20.5999998
22.1
18.8000002
15.8000002
17.5999994
15.7999997
16.8999996
16.1999998
15.7999997
13.6000004
7.0999999
5.4
5.4
5.3999999
5.5
5.0999999
4.0
5.2
5.2999999
5.1999998
5.2
5.2999999
5.2999999
6.5
20.5999996
21.6000002
12.5
17.3000002
19.1000004
14.6999998
13.0
10.7999997
12.6999998
9.6000001
4.0
3.4
3.3
3.3
3.5
3.0
2.9
3.2
2.9
3.0
3.1
3.0
3.0
3.0
3.1
2.9
2.9
3.1
2.9
2.9
3.1
2.8
2.8
2.8
3.1
2.8
2.9
3.0
2.9
3.0
3.1
3.2
3.1
2.9
3.3
2.9
3.0
3.1
2.9
3.0
3.1
3.0
2.9
3.0
3.8
3.0
2.9
3.0
2.8
2.9
3.0
2.9
2.8
3.2
3.5
2.9
3.2
2.9
3.0
3.1
3.1
4.3999999
20.2
23.5
16.6275
21.5
21.9
21.6
21.8
20.6000002
18.4000006
15.2000003
6.5
4.1
4.4
4.3999999
4.4
4.2
3.5999999
3.9
4.3
4.0999999
4.0999999
4.2999999
4.0999999
6.5
19.3000002
22.8
19.7
18.1999998
20.2999996
15.8000002
18.1999998
17.6000004
18.1999998
14.2999997
6.8
4.5
4.7000001
4.9000001
3.7
3.1
4.0
3.2
3.0
3.0
3.3
3.0
3.1
5.0
18.4000002
22.3
21.5
20.6
22.9
20.0000004
17.9000006
16.7999992
18.0
15.1999998
8.1999998
6.1000001
6.9000001
6.8999999
5.7000001
5.3
4.3999999
5.1999998
5.2
5.2
5.1999998
5.2999999
5.0
7.5000002
19.5000002
22.6
18.8
16.4000006
17.1000004
16.5000005
15.8000002
15.2000003
14.0999999
13.3000002
7.9000001
3.2
3.5
3.5
3.6
3.4
3.5999999
4.2
4.0999999
4.0999999
4.1999998
4.2
4.1999998
5.0
6.1000001
5.0
4.9000001
6.1000001
5.4000001
5.1000001
5.1
4.8000002
3.7
3.0
3.0
3.4
3.4
3.3
3.6
3.1
2.9
3.0
3.3
3.0
3.1
3.0
3.3
3.4
3.9
4.0999999
3.9
3.8
4.0
4.0
3.9
3.9
4.0
4.0999999
3.8
3.5
3.0
3.1
3.2
2.9
3.8
1.5
2.9
3.3
4.2
3.9
4.0
4.0999999
3.9999999
3.9
3.8
3.9999999
3.7
3.8
3.8
4.1
3.7
3.9
3.7
3.9
3.8
3.8
3.9999999
1.9
3.8
3.235
3.37
3.385
3.26
3.415
4.7475
11.6275
15.625
15.1675
15.8225
16.5875
16.0925
16.075
15.945
16.165
14.0025
7.5875
4.17
3.5775
3.61
3.645
3.4325
1.9
3.9999999
3.8
3.9
3.8
3.8
3.6
4.2999999
4.5
4.1999998
4.0
4.2999999
4.3999999
4.2999999
4.0999999
4.0999999
4.2
3.8
3.7
3.7
3.9
4.0
4.1999998
4.0
3.8
3.9
3.7
3.8999999
3.7
3.7
3.8
4.5
4.1999998
4.1999998
4.7000001
4.5
4.5
4.5
4.7000001
4.0
4.1999998
3.9
3.7
3.7
4.0
4.2
4.0
3.9
3.7
3.8
3.7
3.8
3.9
3.8
3.8
4.3999999
4.4000001
4.2999999
4.3999999
4.2999999
4.4
3.9999999
3.6
4.0
3.8
4.1999998
3.7
3.8999999
3.8999999
4.0
4.0999999
3.8999999
3.7
3.8
3.8
3.8
3.7
3.8
4.0
4.3999999
4.2999999
4.2999999
4.2
4.1999998
4.1999998
4.0999999
4.5
4.0
4.2
3.7
3.9
3.7
3.7
4.0
4.3
3.8
3.6
3.9
3.7
3.9
3.7
3.8
3.8
3.7
3.8
3.7
3.8
3.6
3.8
3.8
3.6
3.7
3.8
3.7
3.7
3.7
3.7
3.7
3.8
3.8
3.7
3.7
3.8
3.8
3.8
3.7
3.9999999
3.7
3.6
3.8
3.8999999
3.7
3.8
3.7
2.5
2.3
2.5
2.4
2.3
3.8
3.7
3.6
3.8
3.8
3.1
3.7
3.7
3.8
3.9
3.8999999
3.7
4.2999999
4.2999999
4.0999999
4.1999998
4.0999999
4.3
3.5
2.8
3.0
2.8
2.6
2.4
2.4
2.4
2.9
2.9
2.7
2.7
2.6
2.8
2.6
2.7
2.6
2.8
3.1
3.4
3.3
3.5
3.3
3.3
3.2
3.3
3.1
3.0
2.8
2.7
2.7
2.8
3.0
3.0
3.1
2.7
2.8
2.9
2.7
3.1
2.9
3.0
3.4
3.5
4.6000001
3.8
3.8999999
4.3999999
3.7
3.4
3.0
2.9
2.6
2.5
2.4
2.7
2.8
2.9
2.6
2.7
2.7
2.5
2.6
2.7
3.2
2.7
3.3
3.1
3.4
3.0
3.1
3.1
3.4
3.2
3.9
4.1999998
3.1
2.6
2.3
2.5
2.7
3.2
2.7
3.0
2.9
2.6
2.6
2.7
2.8
2.8
3.8999999
4.0999999
4.1999998
4.0
4.3999999
3.2
3.0
3.1
3.0
3.0
2.5
2.6
2.5
3.2
4.0
4.0999999
3.9999999
3.7
3.7
3.8
3.8
3.9
3.7
3.7
3.7
3.8999999
3.7
3.8
3.7
3.8999999
3.6
3.7
3.7
3.8
3.6
3.7
3.6
3.7
3.8
3.6
3.7
3.7
3.9
3.8
3.8
3.7
3.8999999
3.8
3.6
3.7
3.8999999
3.7
3.7
3.8
3.8
3.7
3.7
3.6
3.8
3.7
3.7
3.8
3.7
3.8
3.7
3.0
3.8
3.8
3.7
3.7
3.9
3.7
4.7999999
16.7000003
17.6999998
16.3000002
15.5
15.0
13.4000001
13.0
13.5
14.1999998
12.5
4.3000001
2.2
2.0
2.4
2.4
2.3
2.0
2.0
1.99999998
2.2
2.0
2.0
1.99999998
3.3
11.8000002
16.4000001
17.5
15.7999997
14.5
11.3999996
12.2000003
13.3999996
13.2999997
8.5999999
3.1999999
2.6
3.0
3.4
2.5
2.2
2.0
2.0
1.89999998
2.0
1.99999998
1.89999998
1.89999998
2.7
10.0
14.4000001
16.8000002
15.6999998
13.0
11.7999997
12.0
12.0
11.6999998
10.2000003
3.7
2.4
2.9
3.1
2.3
2.2
2.4
1.89999998
2.1
1.89999998
2.09999998
2.0
1.79999996
3.2999999
10.9000001
15.1000004
16.1999998
15.0
14.4000001
13.5
12.9000001
13.7999997
13.1999998
9.5
4.3999999
2.8
2.7
3.2
3.0
2.9
2.3
2.9
2.8
2.9
2.8
2.7
2.8
3.8
9.9999998
13.5999999
12.3000002
12.5
11.5999999
13.3000002
12.2999997
10.7999997
11.0999999
7.7000003
3.6
2.0
1.99999998
2.1
2.3
2.2
2.0
1.79999996
2.0
2.09999998
1.79999996
2.0
1.89999998
2.0
1.99999998
1.89999998
1.89999998
2.00000001
1.79999996
1.89999998
1.99999998
1.79999996
1.89999998
1.79999996
1.89999998
1.89999998
2.0
1.89999998
1.89999998
1.99999998
2.0
1.79999996
2.0
1.89999998
1.89999998
1.79999996
1.89999998
1.89999998
1.89999998
1.89999998
2.1
1.69999999
1.99999998
2.00000001
1.69999999
1.79999996
1.79999996
1.99999998
2.19999998
2.39999998
2.0
1.89999998
1.89999998
1.79999996
2.1
1.79999996
1.79999996
1.79999996
2.0
1.79999996
2.0
3.6999999
11.2000001
15.6999998
17.8000002
15.6000004
14.4000001
12.4000001
12.9000001
13.1999998
14.3000002
11.8999996
5.5
2.2
2.1
2.4
2.4
2.4
2.0
2.1
2.1
2.1
2.2
2.2
2.0
3.0999999
11.0
15.6999998
15.8999996
14.3000002
14.5999999
12.5
12.5
12.0999999
13.6999998
10.3000002
3.6
3.0
3.6
3.9
2.4
2.2
2.3
2.0
2.0
2.0
2.2
1.79999996
2.1
3.4
10.7000001
14.5999999
15.0
12.8000002
13.5999999
11.8000002
12.0999999
11.5999999
13.3999996
11.0999999
4.1
3.0
2.9
3.1
2.5
2.2
2.7
2.1
2.0
2.0
2.3
2.0
2.1
3.5
11.0999999
15.4000006
16.3000002
16.7000003
16.6999998
13.6999998
13.4000001
12.8000002
13.3000002
11.1999998
4.3
2.8
2.9
3.0
3.4
3.2
3.3
3.0
2.9
3.2
2.9
3.1
2.8
3.7999999
11.2999997
15.4000001
16.0000005
16.8999996
15.3000002
13.8000002
13.8000002
12.9000001
13.4000001
11.5
6.3999999
4.8000002
4.9000001
5.0999999
5.0999999
3.9
3.5
3.4
3.4
3.5
3.7
3.4
3.6
3.4
3.7
3.6
3.6
3.5
3.7
3.6
3.5
3.4
3.6
3.5
3.3
3.5
3.3
3.6
3.5
3.4
4.1
3.5
3.7
3.5
3.7
3.6
3.7
3.4
3.6
3.5
3.8
3.6
3.7
3.7
3.8
3.4
3.5
3.2
3.6
3.5
4.0
4.7000001
4.9000001
4.6
5.3999999
4.7000001
4.8
4.7000001
4.7000001
4.8000002
5.2
6.6000001
14.1000004
17.9000006
18.8000002
19.6999996
21.1
16.8000002
18.5
16.6000004
17.2999992
14.0
7.4000001
6.3999999
6.0999999
6.2999999
6.6
6.3999999
5.5
6.1999998
6.5
6.2999999
6.2999999
6.2999999
6.3999999
7.2000001
11.9000001
16.0999999
17.5
16.5
17.4000006
14.1999998
15.0999999
14.2999997
16.6000004
14.0999999
7.4000001
5.7
6.0
6.5
5.1999998
5.0
3.9
5.0
4.9000001
5.0
4.7000001
4.9000001
4.7000001
6.2999999
16.5
20.0999996
18.3000002
15.1999998
15.5999999
13.8999996
14.9000001
14.3000002
15.2000003
14.4000001
5.7
3.9
4.4
4.8000002
3.8
3.1
3.1
2.8
3.1
3.0
2.7
3.1
2.9
3.9000001
13.0999999
17.3000002
17.0
16.7999992
15.9000006
15.6999998
15.7000003
14.6999998
13.0
10.3000002
4.6
2.8
2.9
3.0
3.3
2.9
3.0
2.8
3.0
2.9
2.9
2.7
3.2
3.9
17.1000001
21.6
18.1999998
16.0
17.0
15.2999997
15.2000003
13.7999997
13.5
11.0
4.1
2.9
2.8
3.1
3.3
2.9
2.9
2.8
3.0
2.8
2.8
2.8
3.0
2.9
2.9
2.9
2.9
2.9
2.8
3.0
2.8
2.7
2.9
2.9
2.7
2.8
2.9
2.7
2.7
2.9
2.8
2.7
2.8
2.9
2.9
2.8
2.8
2.7
2.8
2.9
2.8
2.7
2.9
2.9
2.8
2.6
2.6
3.9
2.7
2.7
2.9
2.7
2.6
2.8
2.7
2.7
2.7
2.8
2.6
2.7
2.9
3.5
3.6
3.3
3.5
3.7
3.3
3.4
3.5
3.4
3.3
2.8
2.9
2.8
2.7
3.0
3.2
2.8
2.5
2.8
2.7
2.7
2.7
2.7
2.8
5.0
18.5
19.3000002
19.3999996
16.2999997
17.4000006
14.3999996
15.0999999
13.6999998
14.0
12.4000001
5.7
4.1
4.1
3.5
2.7
2.4
3.0
2.1
2.3
2.1
2.0
2.2
2.2
3.80000008
14.5999999
18.0
20.3999996
20.0000004
21.1
17.8999996
17.8999996
15.8000002
16.3999996
16.0
6.7999999
5.2999999
5.5
6.1000001
4.7
4.2999999
3.6
4.2
4.0999999
4.0999999
4.0999999
4.3
4.0
6.3999998
14.3999996
18.2999992
17.5
14.7000003
14.7999997
11.9000001
11.5999999
11.1999998
14.0999999
10.8000002
3.5
2.9
2.8
2.9
3.3
3.1
3.9000001
2.8
2.8
3.0
2.9
3.0
3.0
3.9
10.5000002
13.9000001
14.3999996
13.9000001
16.3000002
14.0
15.0
16.0000005
15.5999999
12.6000004
6.7999999
5.0
4.9000001
4.8999999
5.0999999
5.0
4.1000001
4.8000002
4.7000001
4.9000001
4.7000001
4.7000001
4.9000001
4.7000001
4.5
3.7
3.7
3.7
3.5
3.6
3.5
3.8
3.4
3.4
3.4
3.6
3.3
3.4
3.4
3.7
3.5
3.6
3.5
3.6
3.6
3.7
3.8
3.5
3.6
3.9
3.6
3.7
3.7
3.8
3.5
3.5
3.5
3.9
3.3
3.3
3.5
3.3
3.7
3.3
3.0
3.6
3.4
3.6
3.5
3.4
3.5
5.7999999
12.9000001
16.0
14.6999998
13.5999999
14.4000001
12.1999998
12.4000001
12.0999999
13.3999996
12.0999999
5.1000001
2.8
2.8
2.8
3.2
2.9
3.7
2.9
2.8
2.7
2.9
2.9
2.8
3.2
6.6999998
10.6999998
13.6000004
12.4000001
15.0
12.0999999
13.1999998
14.5999999
14.1999998
11.4000001
6.2000001
4.2000001
5.1000001
5.1999998
4.3999999
4.0
4.4000001
3.9
3.9
4.0
3.9999999
4.0
4.0
5.5
11.7000003
15.4000001
15.5
15.2999997
17.0
13.4000001
14.8000002
14.1000004
15.5000005
14.2000003
8.4000001
5.9000001
6.2
6.0
5.0999999
4.7000001
3.3
4.8000002
4.6
5.0
4.7000001
4.9000001
4.7000001
6.4000001
12.0
15.2000003
14.8999996
13.9000001
15.0
13.5999999
14.3000002
14.0999999
14.5
10.0999999
4.0
2.0
1.89999998
2.3
2.2
2.3
2.5
2.0
2.1
2.2
1.79999996
2.1
2.2
4.1000001
12.7000003
17.0999994
18.6000004
17.3999996
18.6999998
15.8000002
16.4000001
14.0
13.0999999
11.0999999
5.2999999
3.2
2.7
2.9
3.2
2.9
3.5
3.0
3.0
2.7
2.9
3.2
2.8
3.1
2.8
2.9
2.9
2.8
2.8
2.8
3.0
3.9999999
4.0
3.8
3.9
4.0
3.8
3.9
3.9999999
3.9
4.0
3.9999999
3.9
3.8
4.0999999
3.9
3.8
3.9999999
3.9
3.9
4.0
3.9
3.9
3.9999999
3.8
3.8
4.0999999
3.8
3.9
3.8
3.8
3.8
4.0
3.8
2.89999998
3.9999999
3.8
3.9999999
4.1
3.8
4.0
6.2000001
13.1999998
15.9000006
17.1999998
16.7999997
16.5
13.5
15.4000006
16.4000006
13.0999999
10.3999996
3.8999999
2.2
1.99999998
1.99999998
2.3
2.4
2.0
1.99999998
2.1
1.99999998
2.0
2.0
2.09999998
3.7999999
11.7999997
15.4999995
17.8999996
15.8000002
18.2000008
16.5999994
14.8000002
12.6999998
13.1999998
10.5
5.2000001
3.3
3.0
2.1
2.5
2.2
2.5
2.0
2.1
2.1
2.1
2.0
2.2
3.9
10.9000001
15.1999998
18.0
16.9000006
19.8999996
17.1000004
15.8000002
14.0
15.3000002
13.5
5.8999999
3.7
3.6
3.0
3.5
3.2
2.6
2.8
3.0
3.1
3.0
3.0
4.0
4.7999999
10.6000002
13.7000003
13.0999999
12.2999997
13.7999997
12.0
11.1000004
10.0999999
11.0
9.9000001
3.6
2.1
2.1
2.1
2.4
2.3
1.89999998
2.1
2.3
2.1
1.89999998
2.2
2.2
3.0999999
10.5000002
14.4000001
16.0
13.3000002
12.7999997
11.1999998
11.9000001
10.6000004
10.9000001
9.7000003
3.2
2.0
2.2
1.89999998
2.2
2.3
2.0
1.89999998
1.89999998
1.89999998
2.1
2.0
1.89999998
2.0
1.89999998
2.0
1.80000001
1.99999998
1.99999998
1.79999996
2.0
1.99999998
1.89999998
1.79999996
1.79999996
1.79999996
2.09999998
1.89999998
1.79999996
1.99999998
1.99999998
1.89999998
1.89999998
1.99999998
1.99999998
1.89999998
1.89999998
1.79999996
2.1
1.89999998
1.69999999
2.0
2.1
1.89999998
1.89999998
1.79999996
1.99999998
1.89999998
1.79999996
1.89999998
1.99999998
1.80000001
1.79999996
1.79999996
2.1
1.89999998
1.80000001
1.89999998
1.89999998
1.79999996
2.09999998
2.3
2.6
2.4
2.4
2.4
2.5
2.3
2.5
2.4
2.4
1.89999998
1.69999999
1.99999998
1.79999996
1.89999998
2.1
2.0
1.89999998
2.0
1.89999998
2.0
1.79999996
2.1
1.89999998
2.4
2.4
2.4
2.6
2.4
2.4
2.4
2.6
2.3
2.3
1.79999996
1.99999998
1.89999998
1.89999998
1.79999996
2.19999998
1.89999998
2.0
1.89999998
1.89999998
2.0
1.89999998
1.69999999
1.89999998
2.5
2.5
2.5
2.5
2.5
2.3
2.5
2.4
2.4
2.3
2.0
1.99999998
1.79999996
1.89999998
1.79999996
2.3
1.99999998
1.89999998
1.79999996
1.99999998
1.89999998
1.79999996
1.89999998
1.99999998
2.3
2.4
2.4
2.6
2.5
2.3
2.4
2.5
2.5
2.3
1.79999996
2.0
1.79999996
1.89999998
1.79999996
2.3
1.99999998
1.79999996
1.89999998
2.1
1.79999996
1.79999996
1.89999998
2.1
2.3
2.4
2.4
2.5
2.5
2.3
2.7
2.4
2.3
2.3
1.99999998
1.89999998
1.69999999
1.79999996
2.1
2.2
2.1
1.89999998
2.09999998
1.69999999
1.89999998
1.99999998
2.0
1.89999998
1.89999998
2.0
1.69999999
1.89999998
1.99999998
1.89999998
1.89999998
1.89999998
1.89999998
1.89999998
1.80000001
1.79999996
1.99999998
1.89999998
1.79999996
1.79999996
1.89999998
1.69999999
1.79999996
1.89999998
1.79999996
1.99999998
1.89999998
1.89999998
2.1
1.79999996
1.89999998
1.89999998
2.0
2.0
1.79999996
1.79999996
1.99999998
1.89999998
1.69999999
1.79999996
2.1
1.79999996
1.89999998
1.79999996
1.99999998
2.6
1.79999996
1.79999996
2.09999998
2.0
1.79999996
1.89999998
3.3
11.5999999
15.5999999
16.0000005
17.3999996
18.3999996
16.8000002
16.8000002
17.1000004
15.0
13.0999999
5.6999998
3.2
3.0
3.4
3.7
3.1
3.2
3.2
3.1
3.0
3.1
3.2
3.2
4.1
13.4000001
17.5
15.3999996
16.1000004
17.6000004
13.5
14.0999999
12.8000002
13.7999997
11.8000002
6.6999998
3.5999999
3.4
2.6
3.2
3.0
2.7
2.9
3.0
2.8
3.2
3.4
3.9
5.0
11.5
14.2000003
14.9000001
13.9000001
14.6999998
11.2000003
13.2999997
15.2999997
12.6999998
10.8000002
5.2999999
2.1
2.1
2.1
2.2
2.3
2.1
2.0
2.1
2.2
2.0
2.1
2.1
3.5
10.7
14.1999998
13.3000002
13.9000001
15.0
13.3000002
13.4000001
13.2000003
13.7999997
12.5
4.7
2.0
2.1
2.1
2.2
2.2
2.2
2.1
2.0
2.0
2.2
2.2
2.1
2.9
12.1999998
14.9000001
12.7000003
11.3000002
13.8000002
10.5999999
11.5
10.9000001
13.3000002
7.7999999
3.6
2.5
2.0
1.89999998
1.99999998
2.2
2.0
2.0
2.0
1.89999998
2.2
1.89999998
2.0
1.89999998
2.1
1.89999998
1.79999996
1.89999998
2.2
2.0
1.89999998
1.89999998
2.1
1.89999998
2.0
1.79999996
2.2
1.89999998
1.89999998
1.89999998
1.1
1.89999998
2.6825
2.9475
3.095
3.09
3.005
2.7175
2.3525
2.2375
2.23
2.305
2.3225
2.32
2.245
2.22
2.1975
2.0775
1.89
1.915
1.9025
1.9125
2.0475
2.2475
2.4125
2.5025
2.7825
2.87
2.945
2.8575
2.7675
3.32
6.675
8.3975
9.7675
9.6475
10.6125
9.655
9.8175
9.525
9.03
7.72
4.8225
2.7825
2.365
2.42
2.6575
2.7225
2.63
2.6375
2.7475
2.9225
3.09
3.1825
3.0725
3.6
7.9075
10.8025
12.54
11.4275
11.9625
10.7425
10.3325
9.8975
10.1075
8.5425
5.4375
3.3525
2.9175
2.8125
2.9075
2.83
2.91
2.935
3.0575
3.2275
3.285
3.275
3.195
3.755
7.1825
11.785
13.185
11.8725
12.1825
10.6025
10.185
9.8
9.8375
8.7375
5.335
3.1375
2.8075
2.7925
2.7425
2.6925
2.605
2.67
2.6925
2.7575
2.6825
2.7325
2.8275
3.4125
6.5625
8.6375
9.1275
8.4725
8.54
7.965
8.235
8.2125
8.57
7.5025
4.67
2.5325
2.0075
1.875
1.8925
1.7525
1.5575
1.645
1.735
1.705
1.765
1.91
2.01
2.5025
5.855
7.46
8.3075
8.095
8.415
7.805
7.64
6.83
6.745
5.1225
3.375
2.1175
1.8225
1.925
2.1475
2.15
2.01
1.97
1.895
1.9375
1.99
1.985
1.965
2.05
2.095
2.175
2.26
2.37
2.4
2.3475
2.3525
2.4425
2.4775
2.4125
2.345
2.2775
2.1925
2.0725
2.025
2.035
2.0625
2.115
2.3475
2.4125
2.47
2.46
2.375
2.23
2.0025
1.9925
2.0475
2.1275
2.105
2.045
2.09
2.0725
2.0975
2.17
2.0625
2.0875
2.1175
2.105
2.0325
1.9125
1.2
1.8775
1.89999998
1.89999998
1.99999998
1.89999998
1.89999998
2.7
6.6999998
10.6999998
11.7000003
10.5
12.6999998
11.2000003
12.5999999
12.5
12.7999997
10.2999997
4.0000001
2.2
2.0
2.2
2.1
2.1
2.2
2.0
2.2
2.0
2.0
2.2
2.1
2.4
6.0999998
10.5999999
10.8000002
10.9000001
11.8999996
8.5999999
10.3000002
10.3999996
12.6000004
9.3999999
3.9
2.1
2.2
2.0
2.2
2.2
2.7
2.2
2.1
2.0
2.3
2.0
2.0
2.1
6.0999998
11.1000004
11.8000002
12.7000003
13.5
12.7000003
13.2999997
12.0
13.9000001
11.9000001
5.0
3.3
3.2
3.4
3.4
3.3
3.5
3.0
2.9
3.3
3.0
3.0
3.0
3.0
7.4999998
11.4000001
12.5
11.2999997
11.5999999
10.6999998
11.5999999
9.2999997
10.5999999
11.9000001
7.0
4.0
4.0999999
4.0
3.9
4.1
3.2
3.9
4.0
4.0
3.9999999
4.1999998
3.8
4.4
6.0000002
9.0999999
10.1000004
8.7000003
8.2999997
8.3000002
7.2999999
5.0
3.1
2.3
2.1
1.89999998
1.89999998
2.0
2.09999998
2.2
2.0
1.99999998
2.0
1.99999998
2.0
1.89999998
2.0
2.2
1.89999998
1.79999996
1.99999998
1.89999998
2.2
2.0
1.89999998
2.0
2.0
2.1
1.89999998
2.0
1.89999998
1.79999996
2.1
2.0
1.89999998
2.0
1.99999998
2.1
2.0
2.0
1.89999998
2.1
1.89999998
1.89999998
1.89999998
1.79999996
2.1
1.89999998
1.89999998
1.89999998
2.2
1.89999998
1.89999998
1.89999998
2.1
1.89999998
1.89999998
1.89999998
1.1
1.79999996
2.1425
2.13
2.1275
2.115
2.2
2.9275
5.7625
9.315
10.33
10.235
10.58
9.315
9.1275
8.89
8.8325
7.9275
4.7475
2.695
2.3
2.4475
2.95
3.025
1.6
2.9975
2.3
2.3
2.5
2.4
2.1
2.8
6.1999998
9.9000001
10.9000001
10.2999997
13.5999999
10.5999999
10.8000002
10.2000003
12.0999999
10.0999999
4.7
3.0
3.0
3.0
3.1
3.1
2.6
3.1
3.2
3.1
3.2
3.3
3.1
3.6
3.8
6.5
8.4000001
7.0
8.8999996
7.4000001
6.8
7.1999998
10.0999999
8.3999999
2.8
2.2
2.1
2.0
2.2
2.3
2.2
2.0
2.2
2.1
2.1
2.0
2.0
2.1
2.6
6.5
9.9000001
9.5999999
11.4000001
8.6000004
9.9000001
9.0
10.6999998
10.1999998
4.7000001
2.6
2.4
2.2
2.5
2.4
2.1
2.5
2.3
2.2
2.3
2.4
2.3
2.2
4.1
8.5999999
11.4000001
11.1999998
12.5
9.0999999
11.1000004
11.5999999
12.0999999
10.7000003
5.5
2.2
2.4
2.1
2.2
2.3
2.4
2.2
2.1
2.1
2.2
2.3
2.1
2.2
2.1
2.2
2.1
2.3
2.1
2.0
2.3
2.1
2.2
1.99999998
2.3
2.1
2.0
2.0
2.1
2.3
2.1
2.1
2.1
2.1
2.3
2.2
2.1
2.1
2.1
2.3
2.0
2.1
2.3
2.3
2.0
2.0
2.2
2.2
2.0
2.1
2.1
2.0
2.2
2.1
2.1
2.0
2.2
2.1
2.0
2.3
2.2
2.5
3.1
7.1000001
10.9000001
10.5
11.8999996
8.6000004
10.5
9.1999998
10.5999999
8.6999998
3.4999999
2.2
2.3
2.0
2.2
2.3
2.3
2.2
2.1
2.1
2.1
2.4
2.0
2.2
2.5
4.3
8.6999998
8.5999999
10.1999998
7.0
9.5
8.2999999
8.5999999
8.0
4.3
2.2
2.3
2.1
2.3
2.1
2.2
2.1
2.1
2.3
2.1
2.1
2.3
2.0
2.7
5.5999999
11.0
10.6999998
12.3000002
10.0
11.3999996
10.8999996
10.5
9.0
4.2000001
2.1
2.1
2.1
2.3
2.1
2.0
2.2
2.3
2.1
2.1
2.1
2.0
2.3
2.6
5.4
10.4000001
10.2999997
12.3999996
9.9000001
11.0
11.7000003
13.2000003
10.0999999
4.5
2.1
2.2
2.1
2.4
2.1
2.3
2.2
2.1
2.1
2.2
2.3
2.1
2.2
2.8
5.5
8.9000001
8.5
8.6000001
8.2000003
9.1999998
7.6
9.2000003
7.3999999
3.3
2.2
2.2
2.0
2.2
2.1
2.0
2.2
2.0
2.0
2.0
2.1
2.3
2.1
2.0
2.0
2.2
2.1
2.0
2.2
2.0
2.1
2.3
1.99999998
2.1
2.1
2.1
2.1
2.1
2.1
2.0
2.1
2.3
2.1
2.1
2.1
2.1
2.09999998
1.89999998
1.99999998
1.79999996
2.0
2.3
2.0
2.0
1.79999996
2.3
1.89999998
1.89999998
2.0
1.99999998
2.09999998
2.0
2.2
2.1
2.0
2.2
1.89999998
2.0
2.0
2.2
2.4
2.8
6.0
9.7000003
10.0
12.5
9.0
11.0999999
11.4000001
12.3000002
10.0
4.4999999
2.1
2.2
2.0
2.3
2.09999998
2.1
2.2
2.2
2.1
2.0
2.3
1.89999998
2.2
2.4
6.4000001
11.4000001
10.5999999
11.4000001
9.5
10.3999996
12.0999999
12.0
10.5
4.1
2.1
2.1
2.0
2.3
2.2
2.0
2.0
2.0
2.0
2.3
2.0
1.79999996
1.89999998
2.9
7.2000003
14.5
13.7000003
12.8000002
9.9000001
10.5
10.2999997
11.1999998
9.6999998
5.8
4.0
4.0
3.2
3.1
2.2
2.2
2.4
2.1
2.1
2.2
2.3
2.2
2.0
2.6
6.3000002
9.4000001
7.8000002
10.7000003
7.6000002
9.8999996
8.2999999
9.6999998
7.7000001
3.1
2.1
2.1
2.1
2.2
2.1
1.99999998
2.1
2.0
2.0
2.1
2.3
1.89999998
2.0
2.5
6.9000001
10.2000003
8.5
11.3000002
8.1000002
8.8999996
10.0
10.4000001
5.8000002
4.2
2.4
2.6
2.6
2.4
1.99999998
1.89999998
2.1
2.1
1.79999996
2.0
2.09999998
1.89999998
1.89999998
1.89999998
2.0
1.89999998
1.99999998
1.89999998
1.79999996
2.09999998
1.79999996
2.0
1.89999998
1.79999996
2.09999998
1.89999998
1.89999998
1.79999996
2.1
1.89999998
1.79999996
2.0
1.79999996
2.2
1.89999998
1.89999998
1.89999998
1.89999998
2.0
1.79999996
1.79999996
1.89999998
1.99999998
1.79999996
1.79999996
2.0
1.99999998
1.79999996
1.89999998
1.79999996
1.79999996
1.89999998
2.0
2.1
1.89999998
2.1
1.79999996
1.89999998
1.79999996
1.99999998
2.39999998
2.9
6.8000002
10.0999999
9.4000001
10.2000003
9.7999997
10.0999999
10.8000002
12.0
9.8999996
5.0999999
2.2
2.3
2.1
2.6
2.1
2.3
2.2
2.1
2.2
2.2
2.2
1.99999998
2.1
2.8
7.5
13.4000001
11.8000002
12.3000002
9.3000002
9.2000003
10.7999997
13.1000004
10.2000003
5.5
2.2
2.1
2.1
2.2
2.1
2.1
2.2
2.2
1.89999998
2.1
1.99999998
2.0
2.1
2.8
8.0
10.9000001
10.4000001
12.5
11.1000004
10.8999996
12.7999997
11.4000001
10.1000004
4.7
2.8
2.1
2.3
2.3
2.2
2.2
2.3
2.1
2.1
2.1
2.0
2.2
2.2
2.9
6.5
10.0
8.5
9.4000001
7.9000001
10.2999997
10.2999997
11.9000001
9.5999999
4.3
2.3
2.3
2.1
2.4
2.3
1.99999998
2.5
2.1
2.1
2.1
2.2
2.3
2.2
2.7
6.6000001
8.2
8.3000002
11.0
8.7999997
8.3000002
8.5999999
10.4000001
7.9000001
3.4
1.89999998
2.4
1.89999998
2.2
2.3
1.89999998
2.2
2.0
1.89999998
2.0
2.2
2.0
1.89999998
2.1
2.1
2.0
2.1
1.99999998
2.0
1.99999998
2.1
1.99999998
1.99999998
2.09999998
2.0
2.0
2.0
2.0
2.2
1.79999996
2.0
2.0
2.2
1.89999998
1.99999998
1.89999998
2.1
2.0
1.89999998
1.79999996
2.1
1.89999998
1.79999996
2.0
2.8
2.3
1.79999996
1.89999998
1.89999998
1.79999996
2.09999998
1.89999998
1.89999998
2.1
1.99999998
1.89999998
1.89999998
1.89999998
1.89999998
1.99999998
1.89999998
2.4
3.3
5.1000001
6.3
8.2000003
6.1000001
4.9
3.2999999
2.3
2.1
2.3
2.1
2.2
2.0
2.5
2.4
2.3
2.1
2.1
2.3
2.1
2.1
2.0
2.4
2.9
3.2
3.9
4.2
4.7
4.5
3.2
3.0
2.1
2.0
2.1
2.2
2.2
2.0
2.5
2.09999998
2.1
2.2
2.1
2.1
2.2
2.1
2.1
2.0
3.4
3.8
5.3999999
5.2
4.8000002
4.4
3.4
3.1
2.0
1.79999996
1.99999998
1.80000001
1.79999996
2.0
2.2
1.99999998
1.99999998
1.89999998
1.89999998
2.2
1.79999996
1.89999998
1.89999998
2.3
2.7
2.7
3.3
3.5
3.0
2.8
3.2
2.8
1.99999998
1.79999996
1.89999998
1.99999998
1.89999998
1.89999998
2.3
2.0
1.79999996
1.99999998
1.79999996
1.89999998
2.2
1.79999996
1.79999996
2.4
3.1
3.4
3.6999999
3.8999999
4.2
3.7
3.2
2.2
2.4
2.0
1.60000002
1.69999999
1.80000001
1.99999998
2.3
2.2
1.79999996
1.89999998
1.79999996
1.79999996
1.79999996
2.0
1.79999996
1.69999999
2.0
1.69999999
1.80000001
1.80000001
1.89999998
1.69999999
1.79999996
1.79999996
1.89999998
1.69999999
1.89999998
1.69999999
1.89999998
1.80000001
1.69999999
1.89999998
1.80000001
1.79999996
1.79999996
1.79999996
1.89999998
1.80000001
1.79999996
1.80000001
1.79999996
2.1
1.79999996
1.79999996
1.79999996
1.90000001
1.69999999
1.80000001
1.79999996
1.90000001
1.69999999
1.69999999
1.79999996
1.99999998
1.79999996
1.89999998
2.1
1.79999996
1.89999998
1.79999996
1.89999998
1.69999999
2.0
2.4
2.6
3.1
3.4
3.5
3.6
3.0
2.3
2.3
2.4
1.69999999
1.89999998
1.60000002
1.89999998
1.89999998
2.0
1.89999998
1.79999996
1.60000002
1.80000001
1.80000001
1.89999998
1.60000002
1.99999998
2.1
2.6
2.7
2.3
3.4999999
2.7
3.0
2.5
2.3
2.3
1.89999998
1.69999999
1.80000001
1.80000001
1.60000002
2.0
2.09999998
1.69999999
1.79999996
1.69999999
1.90000001
1.69999999
1.80000001
1.90000001
2.2
2.5
2.8
2.5
2.5
2.3
2.0
2.4
2.0
2.2
1.60000002
1.90000001
1.60000002
1.79999996
1.60000002
2.1
1.89999998
1.69999999
1.69999999
1.89999998
1.69999999
1.69999999
1.89999998
1.79999996
2.1
2.2
2.8
2.5
2.4
2.7
2.5
2.3
2.2
2.3
1.89999998
1.79999996
1.79999996
1.99999998
1.89999998
2.1
1.99999998
1.79999996
1.99999998
1.79999996
1.79999996
1.89999998
1.99999998
1.99999998
2.2
2.4
2.5
2.3
2.3
2.3
2.6
2.3
2.1
2.00000001
1.99999998
1.89999998
1.89999998
1.69999999
1.89999998
2.09999998
2.09999998
1.79999996
1.89999998
1.79999996
1.99999998
1.89999998
1.79999996
1.89999998
1.99999998
1.79999996
1.89999998
1.79999996
1.99999998
1.79999996
1.79999996
1.80000001
1.89999998
1.89999998
1.69999999
1.79999996
1.69999999
1.89999998
1.89999998
1.79999996
1.89999998
1.99999998
1.80000001
1.79999996
1.79999996
2.1
1.79999996
1.89999998
1.79999996
1.79999996
1.99999998
1.89999998
1.79999996
1.89999998
1.99999998
1.79999996
1.69999999
1.89999998
1.80000001
1.79999996
1.89999998
1.69999999
2.1
2.2
1.89999998
1.79999996
1.79999996
1.79999996
1.99999998
1.79999996
2.0
1.79999996
2.0
2.2
2.1
2.1
2.2
2.3
2.2
2.0
2.2
1.89999998
2.0
1.89999998
1.89999998
1.89999998
1.79999996
2.5
1.89999998
1.79999996
1.89999998
1.89999998
1.99999998
1.79999996
1.89999998
1.79999996
2.5
2.3
2.5
2.3
2.6
2.6
2.4
2.3
2.4
2.4
1.89999998
1.79999996
1.79999996
1.89999998
1.79999996
2.2
1.89999998
1.69999999
1.99999998
1.79999996
1.69999999
1.79999996
1.90000001
1.89999998
2.3
2.2
2.7
2.2
2.2
2.2
2.4
2.3
2.4
2.7
1.69999999
1.79999996
1.69999999
1.99999998
1.99999998
2.0
1.99999998
1.99999998
1.79999996
1.69999999
1.79999996
1.80000001
1.90000001
1.79999996
2.0
2.4
2.1
2.4
2.3
2.39999999999
2.39999999999
2.7
2.60000000001
2.09999998
1.79999996
1.69999999
1.79999996
2.0
1.79999996
2.1
1.99999998
1.79999996
1.99999998
1.69999999
1.79999996
1.89999998
1.89999998
2.0
2.1
2.39999999999
2.3
2.4
2.3
2.3
2.4
2.3
2.2
2.1
2.1
1.69999999
1.79999996
1.80000001
1.69999999
2.4
1.89999998
1.89999998
1.79999996
1.99999998
1.79999996
1.89999998
1.69999999
1.79999996
1.99999998
1.79999996
1.79999996
1.69999999
2.0
1.69999999
1.69999999
1.80000001
1.80000001
1.79999996
1.69999999
1.79999996
1.69999999
1.99999998
1.69999999
1.89999998
1.69999999
1.79999996
1.99999998
1.69999999
1.79999996
1.79999996
1.79999996
1.99999998
1.79999996
1.69999999
1.79999996
1.69999999
1.79999996
1.89999998
1.69999999
1.79999996
1.89999998
1.89999998
1.69999999
1.79999996
1.80000001
1.79999996
1.99999998
1.89999998
1.89999998
1.79999996
1.89999998
1.99999998
1.69999999
1.79999996
1.79999996
1.89999998
1.79999996
2.0
2.1
2.1
2.2
2.2
2.2
2.1
2.2
1.79999996
1.79999996
1.89999998
1.79999996
1.79999996
1.79999996
2.2
2.09999998
1.79999996
1.79999996
1.79999996
2.1
1.79999996
1.89999998
1.80000001
2.2
2.5
2.3
2.3
2.4
2.2
2.2
2.3
2.5
1.89999998
1.80000001
1.99999998
1.69999999
1.89999998
1.79999996
2.4
2.0
1.79999996
1.89999998
1.79999996
1.99999998
1.69999999
1.89999998
1.80000001
2.3
2.39999999999
2.5
2.3
2.4
2.5
2.2
2.19999998
2.0
2.1
1.69999999
1.60000002
1.79999996
1.69999999
2.1
2.1
1.99999998
1.79999996
1.80000001
1.90000001
1.89999998
1.79999996
1.69999999
1.79999996
1.99999998
2.0
2.2
2.1
2.2
2.2
2.3
2.1
2.0
1.90000001
1.89999998
1.79999996
1.79999996
1.80000001
2.3
2.2
1.80000001
1.79999996
1.89999998
1.79999996
1.90000001
1.80000001
1.80000001
1.79999996
2.09999998
2.1
2.1
2.1
2.0
2.2
2.1
2.1
2.0
2.1
1.69999999
1.89999998
1.69999999
1.79999996
1.99999998
2.2
1.89999998
1.69999999
2.0
1.69999999
1.79999996
1.89999998
1.99999998
1.79999996
1.79999996
1.79999996
1.79999996
1.89999998
1.69999999
1.79999996
1.79999996
1.90000001
1.79999996
1.69999999
1.79999996
1.89999998
1.69999999
1.89999998
1.69999999
1.89999998
1.99999998
1.99999998
1.89999998
1.79999996
1.89999998
1.79999996
1.79999996
1.79999996
2.09999998
1.69999999
1.89999998
1.79999996
1.89999998
1.69999999
1.69999999
1.69999999
1.99999998
1.69999999
1.79999996
1.79999996
1.89999998
1.79999996
1.79999996
1.99999998
1.69999999
1.89999998
1.69999999
1.79999996
1.79999996
1.99999998
1.89999998
1.80000001
2.2
2.3
2.5
2.2
2.2
2.2
2.3
2.3
2.2
2.1
1.79999996
1.99999998
1.80000001
1.69999999
1.99999998
2.1
2.09999998
1.79999996
1.79999996
1.79999996
1.99999998
1.79999996
1.79999996
1.79999996
2.39999999999
2.3
2.3
2.2
2.4
2.2
2.2
2.2
2.2
1.80000001
1.79999996
1.79999996
1.69999999
1.99999998
1.99999998
2.1
1.99999998
1.99999998
2.1
1.89999998
1.79999996
1.79999996
1.79999996
1.89999998
2.1
2.2
2.2
2.3
2.39999999999
2.3
2.2
2.3
2.5
2.1
1.79999996
1.79999996
2.0
1.80000001
2.2
2.0
1.89999998
1.79999996
1.79999996
1.80000001
1.79999996
1.99999998
1.69999999
1.79999996
1.99999998
2.4
2.2
2.2
2.3
2.3
2.2
2.2
2.2
2.3
1.89999998
1.79999996
1.79999996
1.80000001
2.0
2.1
1.89999998
1.79999996
2.0
1.79999996
1.80000001
1.79999996
1.99999998
1.79999996
1.79999996
1.89999998
2.3
2.1
2.1
2.0
2.3
2.0
2.1
1.79999996
1.80000001
1.99999998
1.69999999
1.79999996
2.1
2.2
1.89999998
1.89999998
1.79999996
1.99999998
1.79999996
1.79999996
1.89999998
1.79999996
2.0
1.80000001
1.80000001
1.79999996
1.89999998
1.69999999
1.79999996
1.79999996
2.0
1.89999998
1.69999999
1.79999996
1.69999999
2.1
1.79999996
1.89999998
1.79999996
1.79999996
1.89999998
1.79999996
1.79999996
1.79999996
1.99999998
1.80000001
1.79999996
1.79999996
1.99999998
1.69999999
1.79999996
1.69999999
1.79999996
1.89999998
1.69999999
1.69999999
1.60000002
1.69999999
1.89999998
1.69999999
1.69999999
1.80000001
1.90000001
1.60000002
1.69999999
1.69999999
1.79999996
1.89999998
1.69999999
1.89999998
2.3
2.3
2.1
2.2
2.1
2.7
2.3
2.1
2.1
2.1
1.80000001
1.60000002
1.60000002
1.80000001
1.90000001
2.0
1.79999996
1.79999996
1.79999996
1.89999998
1.60000002
1.69999999
1.60000002
1.99999998
2.1
2.1
2.2
2.7
3.4
3.2
2.60000000001
2.3
2.1
2.1
1.79999996
1.90000001
1.60000002
1.79999996
2.1
2.1
1.89999998
1.89999998
1.69999999
1.80000001
1.80000001
1.69999999
1.69999999
1.99999998
2.2
2.1
2.2
2.2
2.3
2.1
2.1
2.0
2.3
2.0
1.79999996
1.69999999
1.80000001
1.79999996
1.89999998
2.1
1.80000001
1.79999996
1.80000001
1.69999999
1.69999999
1.89999998
1.60000002
1.69999999
2.0
2.3
2.3
2.1
2.9
2.9
2.7
2.5
2.3
2.1
1.99999998
1.69999999
1.79999996
1.79999996
1.89999998
2.3
1.89999998
1.69999999
1.79999996
1.89999998
1.69999999
1.69999999
1.69999999
1.99999998
2.3
2.0
2.6
2.7
2.9
2.5
2.1
2.3
2.2
2.2
1.79999996
1.79999996
1.80000001
1.80000001
2.0
2.0
2.0
1.89999998
1.69999999
1.79999996
1.60000002
1.99999998
1.69999999
1.69999999
1.69999999
1.99999998
1.69999999
1.69999999
1.79999996
1.80000001
1.89999998
1.69999999
1.79999996
1.89999998
1.79999996
1.69999999
1.79999996
1.69999999
1.99999998
1.80000001
1.69999999
1.89999998
1.60000002
1.90000001
1.79999996
1.79999996
1.69999999
1.99999998
1.69999999
1.79999996
1.79999996
1.90000001
1.69999999
1.69999999
1.69999999
1.79999996
1.69999999
1.79999996
1.69999999
1.69999999
1.99999998
1.79999996
1.79999996
1.89999998
1.79999996
1.69999999
1.79999996
1.80000001
1.60000002
1.99999998
1.69999999
1.89999998
2.3
2.2
2.3
2.0
2.2
2.3
2.2
2.3
2.2
2.2
1.89999998
1.60000002
1.69999999
1.80000001
2.2
2.1
1.89999998
1.79999996
1.89999998
1.79999996
1.69999999
1.79999996
1.89999998
1.79999996
2.6
2.7
5.10000000001
5.4000001
8.6000001
13.1999998
13.0999999
11.4000001
10.9000001
10.0999999
5.2
2.4
1.79999996
1.79999996
2.1
2.2
2.09999998
2.1
1.89999998
1.89999998
1.89999998
1.89999998
1.79999996
1.99999998
2.5
2.8
7.79999989999
11.2000003
10.9000001
12.3000002
10.4000001
12.3000002
9.89999960001
11.6999998
9.7000003
3.8
2.4
2.2
2.3
2.2
2.1
2.1
2.1
2.0
2.1
2.09999998
1.89999998
2.0
2.5
2.8
7.8000002
11.1999998
12.1999998
13.0
10.4000001
12.3000002
12.5999999
14.7000003
11.0
4.60000000001
2.2
2.0
2.3
2.3
2.3
2.2
2.1
1.89999998
2.2
2.0
2.1
1.99999998
2.7
2.9
7.6000002
12.5
13.4000001
12.2000003
7.8000002
9.7000003
10.0999999
10.2000003
7.9000001
4.1000001
2.1
2.3
2.3
2.3
2.1
2.3
2.0
2.1
2.1
2.3
2.1
2.0
2.1
2.2
2.1
2.1
2.1
2.3
2.1
2.1
2.0
2.2
2.2
2.0
2.1
2.1
2.2
2.1
2.0
2.0
2.2
2.1
2.2
2.1
2.3
2.0
1.89999998
2.1
2.2
1.99999998
2.1
1.89999998
2.1
2.0
2.1
2.0
2.2
1.89999998
2.1
2.0
2.1
2.2
2.1
2.5
2.2
2.1
2.0
2.1
2.1
2.1
3.5
9.2000003
13.1999998
16.2999997
16.6999998
16.4000006
11.5
12.2999997
11.5999999
11.0
10.5
5.70000010001
2.9
2.6
2.9
2.9
2.60000000001
2.29999998
2.60000000001
2.60000000001
2.7
2.8
2.60000000001
2.6
2.9
3.2
8.00000019999
10.9000001
10.0999999
12.0
10.0999999
12.0
12.6999998
12.6000004
8.9000001
3.60000000001
2.1
2.0
2.3
2.39999999999
2.1
2.0
2.1
2.2
1.89999998
2.0
2.0
1.99999998
2.3
3.0
6.6999998
10.6999998
11.3000002
11.5999999
8.6999998
10.3000002
11.1000004
11.6999998
8.1999998
3.8999999
2.0
2.1
2.2
2.5
2.2
2.3
2.1
2.2
2.1
2.2
2.0
2.2
2.2
3.0
6.10000000001
10.0
9.5
10.3000002
8.7999997
10.0
10.5
11.2999997
10.4000001
3.6000001
2.1
2.2
2.5
2.3
1.99999998
1.89999998
2.1
2.0
2.2
2.1
2.1
1.99999998
2.1
3.0
6.3999999
10.3000002
10.7000003
10.3999996
9.1999998
10.9000001
10.0999999
11.5
9.5
3.2
1.89999998
2.09999998
2.1
2.0
1.80000001
1.79999996
2.1
1.69999999
1.79999996
1.79999996
1.99999998
1.79999996
1.79999996
1.89999998
1.99999998
1.79999996
1.79999996
1.79999996
1.99999998
1.60000002
1.79999996
1.69999999
1.99999998
1.69999999
1.79999996
1.79999996
1.69999999
2.09999998
1.80000001
1.79999996
1.79999996
1.89999998
1.79999996
1.69999999
1.89999998
1.80000001
1.79999996
1.79999996
1.79999996
1.89999998
1.69999999
1.69999999
1.79999996
1.99999998
1.79999996
1.79999996
1.69999999
1.89999998
1.69999999
1.79999996
1.79999996
2.2
1.69999999
1.89999998
1.79999996
1.89999998
1.69999999
1.79999996
1.89999998
2.0
2.8
4.0
8.5
11.2999997
10.8999996
12.0
11.5
11.7000003
12.4000001
12.9000001
10.1999998
5.3
2.8
2.2
2.3
2.4
2.1
2.0
2.0
2.2
2.1
2.0
2.0
2.3
2.5
3.0
8.2999997
13.0
13.1999998
13.5
12.1999998
14.4000001
13.9000001
14.3999996
11.0
5.1
2.8
2.1
2.39999999999
2.5
2.2
2.0
2.2
2.1
2.2
2.1
2.2
2.1
2.8
2.7
7.1000001
12.7999997
11.6999998
14.6999998
10.3999996
11.5999999
11.3000002
12.5999999
9.5
4.4
3.6
3.8
3.2
2.3
2.2
2.5
2.0
2.2
2.0
2.3
2.0
2.1
2.5
3.3
7.59999990001
10.9000001
10.1999998
12.9000001
10.0
11.5999999
9.8000002
11.0
9.3000002
5.9000001
3.1
2.7
2.8
2.8
2.7
2.19999998
2.7
2.7
2.60000000001
2.60000000001
2.5
2.7
3.3
6.5
11.1000004
13.7000003
13.9000001
12.8999996
11.5999999
11.3999996
9.9000001
11.4000001
9.40000009999
4.0999999
2.1
2.1
2.1
2.1
2.09999998
2.0
1.89999998
1.89999998
1.99999998
1.89999998
1.79999996
1.89999998
1.99999998
1.79999996
1.89999998
1.79999996
1.99999998
1.79999996
1.79999996
1.89999998
1.99999998
1.79999996
1.89999998
1.79999996
1.99999998
1.89999998
1.89999998
1.89999998
2.0
1.89999998
1.79999996
1.89999998
1.99999998
1.79999996
1.89999998
1.89999998
1.89999998
1.89999998
1.60000002
1.89999998
1.90000001
1.89999998
1.60000002
2.0
1.79999996
1.69999999
1.80000001
1.89999998
1.79999996
1.80000001
1.79999996
2.09999998
1.60000002
2.39999998
1.79999996
1.89999998
1.79999996
1.79999996
1.89999998
1.99999998
4.0
7.6999998
12.8000002
16.9000006
16.6999998
15.2999997
12.5999999
10.9000001
10.6000004
11.2999997
10.2999997
4.8000001
3.0
3.1
3.3
3.2
3.1
2.5
3.0
2.9
3.1
3.0
3.0
3.0
4.20000010001
7.39999999999
11.0999999
15.2000003
13.5
16.1999998
14.0000005
12.4000001
12.4000001
13.4000001
10.5999999
5.7
4.3999999
4.5
4.5
2.7
2.3
1.89999998
2.0
2.1
1.99999998
2.0
1.89999998
2.2
2.8
8.1999998
11.5999999
14.1999998
13.4000001
15.0
12.4000001
14.0999999
13.4000001
13.0999999
11.5
4.8
2.3
2.2
2.2
2.5
2.1
2.0
1.89999998
2.3
1.79999996
2.0
1.89999998
2.09999998
3.5
7.20000010001
10.4000001
11.1999998
11.9000001
13.0
11.3000002
9.60000039999
9.59999990001
11.9000001
8.5
4.10000000001
1.99999998
2.1
2.2
2.3
2.09999998
1.89999998
1.89999998
1.99999998
2.0
1.89999998
1.79999996
2.3
3.5
7.5999999
10.7000003
13.9000001
13.5999999
14.0
12.1000004
13.8000002
14.1999998
15.5999999
9.0
3.4
2.2
2.1
2.2
2.1
2.09999998
1.89999998
1.89999998
1.80000001
1.89999998
1.79999996
1.89999998
1.99999998
1.79999996
1.89999998
1.89999998
1.89999998
1.89999998
1.79999996
2.0
1.79999996
1.69999999
2.0
1.99999998
1.80000001
1.79999996
1.79999996
1.90000001
2.0
1.79999996
1.89999998
1.89999998
1.89999998
1.79999996
1.79999996
2.09999998
1.60000002
2.0
1.99999998
1.89999998
1.69999999
1.89999998
1.89999998
1.79999996
1.89999998
1.80000001
1.89999998
1.69999999
1.79999996
1.89999998
1.89999998
1.79999996
2.0
1.90000001
2.0
1.79999996
1.79999996
1.89999998
1.80000001
1.79999996
1.99999998
4.1000001
8.4000001
10.2999997
12.2999997
13.0999999
12.6999998
8.7999997
9.8000002
9.8000002
10.0
10.3000002
3.4
2.2
2.2
2.2
2.3
2.2
1.89999998
1.79999996
2.0
2.1
1.89999998
1.89999998
1.99999998
3.29999989999
8.5999999
11.5
14.9000001
13.9000001
15.4000001
13.5
13.4000001
12.8000002
12.3000002
9.59999990001
3.89999999999
2.1
2.2
2.3
2.2
2.19999998
2.1
2.0
2.0
1.99999998
2.1
1.89999998
2.1
3.5000001
8.1999998
11.9000001
17.0
16.8000002
17.0
14.1999998
12.5999999
11.0
10.9000001
8.99999980001
4.0
2.1
2.3
2.3
2.4
2.2
2.1
2.0
2.0
2.1
2.1
1.99999998
2.1
3.4
8.1999998
11.3999996
14.8000002
14.7999997
17.6000004
13.8999996
11.0
11.4000001
12.5
9.5999999
3.2
2.19999998
2.3
2.1
2.39999999999
2.3
1.99999998
1.79999996
2.1
1.99999998
2.1
1.99999998
2.1
4.0
7.60000000001
10.0999999
12.5999999
12.7000003
11.5999999
8.8
10.3000002
10.8000002
10.5999999
7.2000003
2.69999998
1.89999998
2.1
2.3
2.0
2.00000001
1.89999998
1.79999996
2.0
1.80000001
1.79999996
1.89999998
2.0
1.79999996
1.79999996
2.09999998
1.69999999
1.79999996
1.79999996
1.89999998
1.89999998
1.69999999
1.79999996
1.99999998
1.69999999
1.89999998
1.89999998
1.89999998
2.0
1.69999999
1.79999996
1.89999998
1.79999996
1.89999998
1.99999998
1.79999996
1.89999998
1.89999998
1.90000001
1.79999996
1.69999999
2.09999998
1.69999999
1.79999996
1.90000001
1.79999996
1.79999996
1.79999996
1.69999999
1.99999998
1.69999999
1.80000001
2.0
1.69999999
1.79999996
1.79999996
1.89999998
1.79999996
1.89999998
1.79999996
1.99999998
3.5
8.6999998
12.5
14.4000001
14.6999998
18.1000004
15.3000002
15.5999999
12.0999999
11.8000002
10.2999997
5.29999989999
2.9
2.2
2.2
2.2
2.2
2.1
2.1
2.1
1.89999998
2.0
2.0
2.0
3.0999999
9.3000002
13.2000003
15.8999996
15.2000003
15.3000002
13.3000002
14.0
14.4000001
14.7999997
12.3999996
5.0
2.8
2.2
2.3
2.3
2.3
1.99999998
2.1
2.1
2.09999998
2.1
2.1
1.99999998
3.2
8.09999990001
12.5999999
17.4000006
15.9000006
16.3999996
11.9000001
14.1000004
12.3000002
12.1999998
9.1999998
3.70000010001
2.2
2.1
2.1
2.3
2.1
2.0
2.2
1.89999998
1.89999998
2.09999998
1.79999996
1.99999998
2.8
8.5
13.8000002
15.1000004
13.5
14.7000003
12.0
12.4000001
13.1000004
13.0999999
11.9000001
4.5999999
2.3
2.39999999999
2.39999999999
2.39999999999
2.3
1.89999998
2.2
2.1
2.1
2.1
2.0
2.39999999999
3.70000010001
8.5
11.5
15.6000004
12.8000002
16.0
10.7000003
11.0
9.60000039999
11.9000001
7.90000009999
3.3
2.2
2.3
2.2
2.4
1.99999998
1.80000001
1.99999998
1.89999998
1.79999996
1.89999998
1.99999998
1.89999998
1.79999996
1.99999998
2.0
1.79999996
1.79999996
1.99999998
1.79999996
1.79999996
1.89999998
1.89999998
1.79999996
1.79999996
2.0
1.79999996
1.89999998
1.89999998
2.0
1.89999998
1.89999998
1.79999996
1.99999998
1.79999996
1.99999998
1.80000001
1.89999998
1.89999998
1.79999996
1.89999998
1.89999998
1.79999996
1.89999998
1.89999998
1.79999996
1.79999996
1.79999996
1.89999998
1.60000002
1.89999998
2.0
1.99999998
1.69999999
1.99999998
1.89999998
1.79999996
1.80000001
2.1
1.80000001
1.99999998
4.29999989999
13.4000001
16.6999998
18.6999998
19.1999998
19.0
12.9000001
15.0
12.8000002
10.5
9.2000003
4.10000000001
2.39999999999
2.1
2.2
2.5
1.89999998
2.3
1.89999998
2.1
1.99999998
1.89999998
1.89999998
1.99999998
4.1000001
11.0
15.7000003
18.0
19.0999994
15.9000006
11.5999999
11.5999999
12.4000001
13.1000004
10.5999999
9.3000002
6.0
2.7
2.5
2.5
2.2
2.4
2.2
2.1
2.3
2.1
2.2
2.1
3.5999999
11.9000001
16.0
20.2
18.1999998
20.4
17.0000005
15.4000001
17.7000008
16.8000002
14.3000002
4.7
3.0
3.0
3.1
3.1
2.9
3.3
2.9
2.7
2.7
2.8
3.0
2.8
3.5
13.2999997
16.9000006
18.8000002
17.8000002
20.6
19.1999998
17.1999998
15.7000003
16.1000004
12.3000002
5.5
4.0999999
3.9999999
3.9999999
4.2
3.7
2.89999998
3.8
3.8
3.8
3.9
3.8
3.9
5.0999999
11.0
14.0999999
15.2999997
15.0000005
16.0999999
14.5
15.1000004
13.7000003
14.9000001
11.0
4.0
2.2
2.3
2.1
2.1
1.99999998
1.79999996
1.79999996
1.90000001
1.79999996
1.79999996
1.89999998
1.90000001
1.79999996
1.79999996
1.80000001
1.99999998
1.80000001
1.69999999
1.89999998
1.80000001
1.69999999
1.89999998
1.80000001
1.79999996
1.69999999
1.80000001
1.80000001
2.1
1.60000002
2.2
1.79999996
1.80000001
1.79999996
1.99999998
1.69999999
1.80000001
1.79999996
1.89999998
1.79999996
1.89999998
1.90000001
1.69999999
1.79999996
1.80000001
1.79999996
1.79999996
1.69999999
2.0
1.60000002
1.89999998
1.80000001
1.89999998
1.69999999
2.19999998
1.89999998
1.79999996
1.79999996
1.89999998
1.89999998
1.89999998
4.1
9.39999960001
11.5
16.8000002
16.2000003
18.3000002
14.1999998
14.0
14.0999999
15.8000002
13.9000001
4.8
3.0
3.1
3.0
3.2
2.9
2.4
2.7
2.9
2.60000000001
2.8
2.9
2.8
4.9
13.0
13.5999999
13.2000003
15.2000003
15.5000005
11.3000002
12.5999999
13.4000001
13.3000002
11.5999999
10.0999999
6.79999989999
2.5
2.4
2.2
1.99999998
2.5
2.1
2.0
1.89999998
2.2
1.79999996
1.99999998
3.0
11.9000001
15.0999999
15.2999997
14.1999998
15.5
13.2999997
13.5999999
12.4000001
12.7999997
11.4000001
5.2
3.3
3.1
3.0
3.0
3.1
2.7
2.9
2.8
2.9
2.8
2.7
2.8
4.9999999
12.7000003
15.0999999
15.0
13.6999998
12.5
10.5
11.8000002
12.3000002
13.8000002
10.0999999
6.0
3.3
3.1
3.2
3.2
3.0
2.4
3.0
3.0
2.9
2.9
2.8
3.2
4.6000001
13.4000001
17.3000002
20.4
18.6999998
17.8999996
18.4000006
16.4000006
13.4000001
13.0
7.2
3.8
2.2
2.3
2.2
2.39999999999
1.89999998
1.89999998
1.99999998
1.79999996
1.89999998
1.89999998
2.0
1.89999998
1.79999996
2.0
1.89999998
1.79999996
1.80000001
1.99999998
1.89999998
1.79999996
1.89999998
1.89999998
1.79999996
1.79999996
1.89999998
1.89999998
1.89999998
2.1
1.79999996
1.89999998
1.79999996
1.79999996
1.99999998
1.89999998
1.99999998
1.89999998
1.79999996
1.99999998
1.89999998
1.79999996
1.99999998
1.79999996
1.79999996
1.99999998
1.69999999
1.79999996
1.89999998
1.79999996
1.80000001
1.69999999
1.99999998
1.89999998
1.79999996
1.89999998
1.79999996
1.79999996
1.90000001
1.89999998
1.69999999
1.79999996
2.1
2.5
2.3
2.3
2.39999999999
3.0
3.6
3.3
2.2
2.3
2.2
1.99999998
2.0
2.3
2.2
2.2
2.1
1.89999998
1.79999996
1.89999998
1.79999996
1.89999998
1.89999998
1.89999998
1.79999996
2.4
2.5
2.2
2.2
2.4
2.2
2.3
2.2
2.4
2.2
1.89999998
2.2
2.0
2.1
2.2
2.1
1.99999998
1.90000001
1.79999996
1.79999996
1.89999998
1.79999996
1.79999996
1.89999998
2.60000000001
2.3
2.2
2.4
2.1
2.3
2.3
2.3
2.2
2.2
1.99999998
2.0
2.2
2.0
2.2
2.0
1.89999998
2.1
1.79999996
1.80000001
1.89999998
1.79999996
1.79999996
1.80000001
2.7
2.5
2.3
2.3
2.2
2.2
2.2
2.5
2.1
2.2
2.1
2.0
2.1
2.2
2.0
2.2
1.69999999
1.79999996
1.89999998
1.79999996
1.79999996
1.89999998
1.79999996
1.89999998
2.3
2.7
2.3
2.2
2.5
2.2
2.2
2.2
2.4
2.2
2.0
2.1
2.2
2.0
2.1
2.2
1.80000001
1.89999998
1.69999999
2.0
1.79999996
1.79999996
1.89999998
1.79999996
1.79999996
1.99999998
1.79999996
1.89999998
1.69999999
1.69999999
1.89999998
1.79999996
1.89999998
1.90000001
1.69999999
1.79999996
1.79999996
1.99999998
1.79999996
1.79999996
1.69999999
1.99999998
1.69999999
1.79999996
2.0
1.79999996
1.79999996
1.99999998
1.79999996
1.89999998
1.60000002
2.09999998
1.80000001
1.69999999
2.2
2.0
2.0
2.0
2.3
2.0
2.0
2.2
2.2
2.0
2.2
2.5
2.0
2.1
2.2
2.1
1.89999998
2.1
4.6
13.0
15.2999997
18.7000008
16.4000001
17.5
14.5
16.5
14.8999996
14.5999999
13.2999997
5.1
3.2
3.2
3.3
3.3
3.0
3.0
3.1
2.9
2.9
3.3
2.9
2.9
5.5
12.4000001
16.9000001
19.8999996
15.0999999
15.1999998
13.9000001
18.5000002
20.9999998
19.6999998
16.5000005
7.7999997
3.3
3.3
3.1
3.39999999999
3.1
2.6
3.0
3.1
3.0
3.0
3.1
2.9
5.1
12.5
16.0999994
19.1000004
17.5
19.7000004
15.7999997
15.3000002
13.3999996
14.7000003
13.3000002
4.7
2.8
2.60000000001
2.7
2.7
2.6
2.7
2.3
2.5
2.3
2.39999999999
2.5
2.3
4.3
12.8000002
15.5999999
17.6000004
18.1000004
15.8000002
13.9000001
15.1999998
15.4000001
17.6999998
13.2000003
7.00000019999
3.39999999999
3.2
3.2
3.5
3.1
1.51448275793
0.0289655158631
0.0289655158631
0.0289655158631
0.0289655158558
0.0289655158631
0.0289655158631
0.0289655158631
0.0289655158631
0.0289655158631
0.0289655158631
0.0289655158558
0.0289655158631
0.0289655158631
0.0289655158631
0.0289655158631
0.0289655158631
0.0289655158631
0.0289655158558
0.0289655158631
0.0289655158631
0.0289655158631
0.0289655158631
0.0289655158631
1.875
1.86
1.8875
1.685
1.58
1.54
1.41
1.4
1.3275
1.3
1.33
1.43
1.64
1.7675
1.8875
2.04
2.1475
2.23
2.145
2.11
2.0575
2.1225
2.1275
2.1425
2.225
2.25
2.31
2.285
2.225
2.2625
2.115
2.075
2.0875
1.9925
2.0125
1.9025
1.815
1.83
1.6225
1.595
1.7
1.6625
1.7675
1.765
1.8925
2.105
2.31
2.42
1.31448275794
2.01448275793
4.0999999
4.0
3.9999999
4.0999999
4.1999998
6.3
12.5
15.0
15.6000004
15.3000002
15.9000006
12.4000001
14.0
15.2000003
17.0999994
14.7999997
6.29999989999
2.7
2.7
2.39999999999
2.7
2.3
2.2
2.3
2.4
2.3
2.2
2.4
2.1
3.79999989999
12.0
16.0
15.4000001
14.9000001
16.3000002
14.9000001
15.9000001
16.6000004
15.0
13.4000001
9.1999998
3.2
2.60000000001
2.5
2.8
2.2
2.9
2.2
2.2
2.39999999999
2.2
2.2
2.4
4.0
10.7999997
16.1000004
19.3000002
18.5
17.0999999
19.1999998
18.5
18.8
20.4
17.6999998
8.00000019999
3.7
3.60000000001
3.60000000001
3.60000000001
3.6
4.0000001
3.39999999999
3.4
3.3
3.39999999999
3.3
3.5
4.9
11.2999997
14.3000002
15.7000003
14.5
15.0999999
13.5
14.9000001
17.4000006
19.0
17.3999996
8.0
5.2
5.2
5.0999999
5.29999989999
5.0
3.6
4.9000001
5.2
4.9000001
4.9000001
5.0
5.0
6.0
11.4000001
14.5999999
15.8000002
13.5999999
14.3000002
12.9000001
17.2000008
19.6000004
18.3999998
15.6000004
6.1000001
3.0
2.5
2.5
2.7
2.3
2.6
2.3
2.3
2.2
2.2
2.4
2.1
2.3
2.4
2.2
2.2
2.4
2.2
2.1
2.3
2.4
2.1
2.6
2.2
2.2
2.3
2.5
2.3
2.3
2.3
2.4
2.3
2.5
2.3
2.39999999999
2.3
2.2
2.2
2.2
2.3
2.2
2.1
2.3
2.2
2.1
2.3
2.2
2.2
2.2
2.4
2.39999999999
2.3
2.4
2.3
2.2
2.3
2.3
2.1
2.1
2.5
4.5999999
14.4000001
16.5999999
17.8999996
18.1999998
20.0000004
20.0999996
20.5000004
19.0999994
18.5
15.5999999
8.3999998
2.7
2.5
2.5
2.8
2.3
2.2
2.5
2.2
2.39999999999
2.2
2.5
2.2
3.8
14.1000004
17.0
20.5
20.4
19.8
19.0
18.0
17.0999994
18.6000004
17.4000006
7.6000002
2.8
2.7
2.7
2.6
2.4
2.8
2.5
2.3
2.1
2.4
2.1
2.2
4.8
11.9000001
15.4999995
17.6999998
16.9000006
18.5
15.8000002
15.5999999
15.0
16.2000003
16.0999999
7.0999999
3.7
3.60000000001
3.60000000001
3.8
3.39999999999
3.89999999999
3.4
3.3
3.2
3.6
3.1
3.5
5.3000001
13.5999999
17.0999994
18.6999998
18.4000006
19.0
16.2999997
17.0
16.3999996
17.1999998
16.6000004
9.3000002
4.39999999999
4.5
4.29999989999
4.5
4.0999999
3.1
4.2
4.1999998
4.0999999
4.1999998
3.9
4.29999989999
5.89999999999
14.0
18.0
17.3000002
17.5999994
16.8999996
14.7000003
15.8000002
15.5
16.5
15.6999998
6.6999998
2.7
2.5
2.6
2.6
2.39999999999
2.4
2.4
2.3
2.2
2.4
2.3
2.1
2.5
2.3
2.39999999999
2.2
2.1
2.2
2.4
2.3
2.3
2.2
2.3
2.2
2.3
2.2
2.39999999999
2.2
2.3
2.1
2.3
2.3
2.2
2.2
2.3
2.1
2.2
2.3
2.1
2.3
2.1
2.2
2.4
2.1
2.2
2.39999999999
2.1
2.2
2.3
2.2
2.3
2.2
2.2
4.0
2.2
2.1
2.3
2.3
2.3
2.3
4.6
15.6000004
19.2999998
22.8
22.84
23.095
22.8
21.9
22.8
23.8
20.0000002
7.0999999
5.3999999
5.29999989999
5.29999989999
5.3999999
5.1999998
4.5999999
5.0999999
5.1999998
5.3
5.0999999
5.29999989999
5.1999998
7.3999999
16.6000004
19.0
19.0999994
19.4000002
21.2
19.4000002
19.1999998
17.8999996
18.6999998
17.0
7.9000001
4.8
4.1999998
4.39999999999
4.29999989999
4.2
3.8
4.0
4.0
4.0999999
4.0999999
4.0999999
3.9
6.10000000001
16.2999997
20.8000004
18.6575
18.23
22.7
17.7999997
17.3000002
21.1
21.3
21.6
8.4000001
3.4
3.3
3.2
3.4
3.1
3.2
3.3
2.9
3.1
3.1
3.0
3.1
4.29999989999
13.4000001
18.0000002
23.5
21.1
22.3
19.7000004
18.4000006
18.3000002
20.0000004
17.8000002
8.00000019999
3.8
3.2
3.2
3.3
3.1
3.5
3.0
3.0
3.1
3.1
2.9
3.1
4.8
13.9000001
18.9000002
17.8999996
17.5
17.1999998
15.9000001
16.8000002
16.5999994
17.8999996
14.0999999
7.0999999
4.70000010001
4.29999989999
4.3999999
4.3999999
3.9999999
4.5999999
4.0999999
4.9000001
4.9000001
5.0
5.0
4.9000001
4.8000002
5.0999999
4.8000002
4.8000002
5.0999999
4.8000002
4.8000002
4.8000002
5.0
4.8000002
4.8000002
5.0
4.9000001
4.2
4.0
4.5
4.5
4.3000001
4.9000001
5.0999999
5.0
4.8000002
5.0
4.9000001
4.8000002
4.9000001
4.9000001
4.3999999
3.7
3.9999999
3.60000000001
3.9
3.8
3.8
3.9
3.7
3.9999999
3.7
3.9
3.9
3.9
3.5
3.7
3.9999999
3.8
3.9
3.8999999
3.9999999
7.2
16.6999998
19.7999996
18.5999994
18.5999994
20.1000004
23.8
20.0999996
16.8000002
18.0
14.8000002
6.7
3.5
3.5
3.39999999999
3.60000000001
3.1
