1.39999998
0.900000009999
1.0
1.00000003
1.0
1.10000002
1.20000004
1.10000002
1.79999999
11.9000001
8.9000001
9.3000002
16.7000001
6.6275
5.39
5.32
14.9999995
8.0000002
4.8
2.69999998
8.2999997
8.2999997
6.0999999
1.90000001
1.79999996
1.69999999
1.79999996
1.89999998
1.69999999
1.60000002
1.79999996
4.0000001
2.2
9.0
9.1999998
13.0
11.6999998
9.1999998
10.1999998
10.5
10.9000001
13.9000001
12.2925
12.54
13.4875
5.49999981
1.69999999
1.60000002
1.79999996
1.60000002
1.69999999
1.79999996
1.69999999
1.79999996
1.69999999
1.69999999
1.89999998
13.2999997
14.9000001
14.0
12.2000003
10.2999997
11.6999998
11.0999999
6.6
15.7999997
17.1000004
17.3000002
11.92
15.9000006
6.2999998
1.79999996
1.39999998
1.69999999
1.69999999
1.69999999
1.79999996
1.69999999
1.69999999
2.10000001
2.7
5.4
12.7999997
15.0
9.9175
9.14
12.4000001
9.3999999
9.4000001
11.1000004
14.0
16.1999998
15.6999998
6.69999999
0.900000009999
0.900000009999
1.0
0.900000009999
0.900000009999
1.0
0.900000009999
0.900000009999
1.0
0.900000009999
1.30000001
12.2000003
11.5999999
9.7000003
15.9000001
13.5999999
12.0
10.9000001
8.1999998
13.4000001
12.1375
12.205
11.585
5.1999998
1.0
0.900000009999
1.39999998
0.900000009999
1.0
0.900000009999
0.900000009999
1.0
0.900000009999
1.0
1.1
4.2
8.1999998
13.51
13.815
12.075
11.3975
11.0375
16.0999999
10.4000001
5.5000002
1.5
1.10000002
1.5
1.10000002
1.20000004
1.5
1.20000004
1.5
1.30000001
1.30000001
1.30000001
1.20000004
1.5
1.5
13.5
13.2999997
14.4000001
15.6000004
16.5999999
15.6000004
14.1999998
12.025
10.705
4.3125
1.635
1.3875
10.2000002
1.69999999
1.69999999
1.39999998
1.69999999
1.79999996
1.69999999
1.69999999
1.69999999
1.79999996
1.79999996
2.1
8.1999998
6.0
4.8000002
5.0
5.3999999
1.39999998
4.5
1.60000002
2.10000002
1.30000001
3.3
8.3000002
7.8000002
6.8000002
1.10000002
0.900000009999
0.900000009999
1.10000002
0.900000009999
1.0
1.0
1.10000002
1.0
1.19999999
7.9999998
15.6000004
11.16
11.5625
12.1999998
14.2999997
16.0000005
14.7000003
11.4925
10.145
10.3675
11.1675
3.5999999
0.800000019997
1.0
1.0
1.0
1.0
1.20000004
1.20000004
1.30000001
1.10000002
0.800000019997
1.19999999
6.3999999
9.6999998
11.0
7.7
7.0
6.0
5.7
11.6999998
15.5
17.0999994
11.985
15.1000004
5.69999999
1.0
1.0
0.900000009999
0.900000009999
1.0
1.0
1.10000002
1.20000004
1.20000004
1.20000004
1.20000004
4.2000001
6.5
10.0999999
8.1000002
6.1
7.0
9.5
9.1999998
13.0999999
9.7925
9.8275
9.6325
7.19999992
0.900000009999
0.900000009999
1.0
0.900000009999
1.0
0.900000009999
0.900000009999
1.0
1.0
0.800000019997
1.40000003
6.7999997
9.4000001
8.0999999
13.0
11.8999996
10.7000003
9.0999999
11.7999997
15.2000003
12.1325
12.155
11.5325
5.09999981
1.0
0.800000019997
1.0
0.900000009999
1.0
0.900000009999
1.0
1.0
1.0
0.900000009999
1.19999999
4.30000008
10.5
14.3175
15.8999996
13.0
12.5999999
8.6999998
10.5
8.3000002
1.70000001
0.900000009999
1.0
0.900000009999
1.0
0.900000009999
0.900000009999
0.900000009999
1.10000002
1.00000003
1.39999998
1.39999998
1.39999998
1.5
1.39999998
3.4
10.5
12.0999999
13.1000004
12.7999997
10.0999999
12.0
11.7999997
9.1999998
1.40000001
0.800000019997
0.800000019997
0.800000019997
0.800000019997
0.900000009999
1.0
0.800000019997
0.900000009999
0.900000009999
0.900000009999
1.0
0.900000009999
0.900000009999
1.00000003
1.60000002
3.7
4.0999999
4.2
3.5
4.4
5.5
2.20000001
1.5
1.10000002
3.8
7.9000001
7.9000001
5.6
1.19999999
1.00000003
1.0
1.0
0.800000019997
0.800000019997
0.800000019997
0.900000009999
1.0
1.0
6.2999999
6.6000001
8.7000003
10.5
12.3999996
10.87
11.65
16.0000005
12.535
11.3775
11.56
12.4175
5.69999999
0.800000019997
0.900000009999
0.800000019997
0.800000019997
0.900000009999
0.900000009999
0.900000009999
0.800000019997
1.0
0.800000019997
1.70000002
10.5
7.2
9.8000002
9.9000001
9.0
9.8999996
8.2
9.5999999
14.9000001
16.5
17.1999998
9.0725
9.1999998
0.800000019997
0.800000019997
0.900000009999
0.800000019997
0.900000009999
0.800000019997
1.0
0.900000009999
1.0
1.10000002
3.0
8.1999998
8.3000002
8.3000002
6.3000002
8.2
9.9000001
8.5
8.5
12.4000001
16.5
16.6000004
15.7000003
6.5
0.900000009999
1.0
0.800000019997
0.800000019997
0.800000019997
0.900000009999
0.800000019997
0.800000019997
0.900000009999
0.800000019997
1.0
6.2999999
5.3999999
9.0
9.2999997
6.0999999
5.6000001
10.9000001
14.3000002
14.4000001
16.2999997
16.0999999
14.1999998
3.9000001
0.900000009999
1.0
0.900000009999
1.0
0.900000009999
0.900000009999
1.0
0.900000009999
1.0
1.0
2.5999999
9.7
12.5
12.3000002
11.5999999
9.9000001
6.7999999
11.5
10.8000002
8.0000002
4.2
1.29999999
0.900000009999
0.900000009999
0.800000019997
0.800000019997
0.900000009999
0.800000019997
0.900000009999
0.800000019997
0.800000019997
0.800000019997
0.900000009999
0.900000009999
1.0
6.0999999
10.5999999
10.0
13.5
14.5999999
14.8000002
12.9000001
11.6999998
8.3999998
1.00000003
0.900000009999
0.800000019997
0.900000009999
0.900000009999
0.900000009999
0.404123721441
0.00824742288751
0.00824742288387
0.00824742288751
0.00824742288751
0.00824742288751
0.00824742288387
0.00824742288751
0.00824742288751
0.00824742288751
0.00824742288387
0.00824742288751
0.00824742288751
0.00824742288751
0.00824742288387
0.00824742288751
0.00824742288751
0.00824742288751
0.00824742288387
0.00824742288751
0.00824742288751
0.00824742288751
0.00824742288387
0.00824742288751
0.695
0.5825
0.5525
0.575
0.6175
0.5475
0.49
0.75
1.545
6.4525
8.9925
10.4975
11.0925
10.3125
9.7225
10.5275
11.4
11.755
10.73
10.985
11.7975
6.9525
2.0075
0.9575
0.404123721444
0.404123721441
0.900000009999
0.800000019997
0.800000019997
0.800000019997
0.900000009999
0.900000009999
3.59999998
4.9
2.6
2.1
2.1
3.20000011
4.2999999
1.89999998
2.29999999
2.4
0.800000019997
0.800000019997
0.900000009999
0.900000009999
0.800000019997
0.800000019997
0.900000009999
0.900000009999
0.800000019997
0.800000019997
0.900000009999
1.0
0.900000009999
0.900000009999
1.0
2.9
2.30000002
1.8
0.900000009999
1.0
0.900000009999
1.20000004
1.5
1.30000001
1.6
0.800000019997
0.800000019997
0.900000009999
0.900000009999
0.800000019997
0.900000009999
0.900000009999
0.900000009999
0.800000019997
0.900000009999
0.900000009999
0.900000009999
0.800000019997
1.00000003
5.0999999
7.1000001
4.7000001
5.0999999
10.1999998
11.7000003
9.3000002
7.8999998
4.9000001
1.00000003
0.900000009999
0.900000009999
1.0
1.0
1.10000002
1.0
1.0
1.0
1.0
1.0
1.0
1.10000002
1.0
2.1
12.6000004
16.6999998
17.0
16.1000004
13.6999998
16.3999996
12.9
12.72
15.5999999
7.4000001
0.900000009999
0.800000019997
0.900000009999
0.900000009999
1.0
1.00000003
1.10000002
1.0
1.0
0.800000019997
1.00000003
0.900000009999
1.0
2.20000001
14.0
12.195
13.355
13.7075
14.365
13.1475
12.86
12.3725
15.5
4.0999999
0.800000019997
0.800000019997
0.800000019997
0.800000019997
0.800000019997
0.900000009999
0.900000009999
0.900000009999
1.0
0.800000019997
0.900000009999
0.800000019997
1.0
2.0
8.3999998
11.0999999
11.5
10.7000003
11.7999997
12.3000002
9.3999996
5.8
3.09999998
1.40000003
1.79999999
0.900000009999
0.800000019997
0.800000019997
0.900000009999
1.29999999
0.800000019997
0.800000019997
1.0
0.800000019997
0.900000009999
0.800000019997
0.800000019997
2.40000001
8.5
11.015
12.1875
12.3775
11.3775
10.4625
11.785
17.2000008
13.665
12.84
13.0275
13.9125
7.09999978
1.69999999
1.79999996
1.59999997
1.89999998
2.0
1.89999998
2.0
1.89999998
1.89999998
1.79999996
4.5
10.5999999
7.3999998
12.2000003
7.9000001
6.6000001
5.7999999
5.1999998
3.4
1.60000002
1.39999998
1.5
1.60000002
1.39999998
1.5
1.39999998
0.69999999
1.5
1.5
1.5
1.39999998
1.39999998
1.39999998
3.10000009
7.9999998
8.9000001
9.4000001
10.4000001
10.1000004
9.8999996
9.8000002
9.3000002
4.6000001
1.30000001
1.30000001
1.30000001
1.20000004
1.20000004
1.30000001
1.30000001
1.19999999
1.30000001
1.20000004
1.39999998
1.39999998
1.30000001
1.39999998
1.5
1.80000001
8.0
17.0
16.8000002
15.7000003
15.5999999
14.2999997
15.2999997
14.2000003
12.2999997
14.5999999
11.98
11.5175
5.09999981
0.80000002
0.80000002
0.90000001
0.90000001
0.80000002
0.80000002
1.0
0.80000002
0.90000001
0.90000001
4.4
7.5999999
16.3999996
17.1000004
16.1000004
14.5
13.0999999
14.9000001
13.0
8.5999999
1.0
0.80000002
0.90000001
0.80000002
0.80000002
1.00000003
1.0
1.0
1.0
1.0
1.0
1.0
1.10000002
1.0
3.80000002
10.3000002
12.0
11.5999999
13.1000004
15.3000002
14.5
12.2999997
15.1000004
9.7
1.30000001
0.80000002
0.80000002
0.90000001
0.80000002
0.80000002
1.0
0.80000002
1.0
0.90000001
0.90000001
1.0
1.0
1.10000002
1.10000002
14.2000003
8.5
15.9999995
12.4000001
10.0
7.9999999
4.5
3.3
0.90000001
2.0
7.6000001
9.9000001
7.9000001
1.40000001
0.90000001
0.90000001
0.80000002
0.80000002
0.80000002
0.90000001
1.0
0.90000001
1.0
1.19999999
10.4000001
9.3000002
15.2000003
12.5999999
9.5999999
6.3999999
10.0
10.1999998
15.0000005
12.94
13.2575
13.6275
7.7999999
0.80000002
0.80000002
0.90000001
0.80000002
0.80000002
0.80000002
0.90000001
0.80000002
0.80000002
2.00000001
2.00000001
12.7000003
10.4999998
8.2999997
9.9000001
14.3000002
15.5
14.0999999
12.5999999
13.0
15.1000004
16.5
15.8000002
8.5
1.0
0.80000002
1.39999998
1.0
1.10000002
1.10000002
1.0
1.0
1.30000001
3.0
4.1
7.0
9.5425
14.5
11.8999996
10.6999998
8.0999999
12.8000002
14.2000003
13.8000002
9.355
8.885
8.775
13.4000004
1.89999998
1.79999996
1.29999999
1.79999996
1.89999998
1.79999996
1.79999996
1.79999996
1.89999998
2.2
2.09999998
10.1000004
6.0
6.3999999
7.1
7.5999999
6.5999999
5.7000001
6.0999999
9.5
15.4000006
14.8000002
13.5
2.10000001
0.80000002
0.80000002
1.0
0.80000002
0.90000001
0.80000002
0.90000001
0.80000002
1.0
3.2
2.20000001
7.9000001
12.7999997
13.1999998
13.4000001
9.5
10.3999996
11.0999999
10.0999999
8.1000002
0.90000001
0.80000002
0.90000001
0.90000001
0.80000002
0.90000001
0.80000002
0.80000002
0.80000002
0.90000001
0.80000002
0.80000002
0.90000001
1.0
5.7999999
13.4000001
16.1999998
16.6999998
13.2999997
13.5999999
12.1000004
12.0
10.3000002
9.5
2.8
0.80000002
0.80000002
0.80000002
0.90000001
0.90000001
0.90000001
0.90000001
1.0
1.0
1.0
1.10000002
0.90000001
0.90000001
2.7
10.1999998
6.2000001
7.2999999
10.8999996
13.1000004
11.0999999
11.7000003
13.1999998
0.90000001
1.10000002
3.50000001
7.8000002
7.7000001
4.09999998
0.80000002
2.80000011
1.0
1.0
1.0
1.10000002
1.0
1.0
1.5
6.7
9.6000004
13.8000002
13.11
15.8000002
13.5
15.1999998
13.8000002
13.7999997
16.6000004
13.0675
13.615
14.35
10.1999998
4.8000002
4.9000001
2.90000001
4.8000002
4.8000002
4.8000002
5.0999999
5.0999999
5.0
5.7999999
5.7999999
12.0
10.2075
10.775
10.235
14.1999998
9.145
8.8575
8.855
9.365
10.3175
17.1000004
16.6999998
10.0999999
0.80000002
0.90000001
1.29999999
0.80000002
0.80000002
0.90000001
0.90000001
0.80000002
0.90000001
0.90000001
2.69999998
11.6999998
14.3999996
15.1999998
10.1999998
12.4000001
10.1999998
14.7000003
15.2999997
11.5825
11.2325
10.9475
10.4875
9.5999998
1.69999999
1.79999996
2.4
1.69999999
1.80000001
1.69999999
1.79999996
1.60000002
1.79999996
1.69999999
3.7999999
13.7999997
12.8000002
10.9000001
7.3000002
6.0
11.5999999
11.3475
11.5275
11.8475
12.015
12.9375
12.6775
12.5999996
2.9
2.8
2.6
3.1
3.1
3.0
3.1
3.2
3.1
3.1
3.3
8.5000002
15.5
15.0
15.1999998
13.0999999
14.5999999
13.7000003
16.0000005
10.9000001
2.5
2.3
2.4
2.3
2.3
2.4
1.60000001
2.2
2.2
2.4
2.6
2.6
2.6
2.5
3.7
9.5999999
13.8000002
13.5
12.9000001
13.7999997
6.5999998
11.9000001
8.8000002
8.1999998
1.1
0.80000002
0.80000002
0.90000001
0.80000002
0.80000002
0.90000001
0.90000001
0.80000002
0.80000002
0.90000001
0.80000002
0.90000001
1.0
1.0
8.1999998
8.8000002
8.5999999
7.4999998
5.3999999
4.0
3.7
3.2
3.4
1.0
1.79999996
7.6000001
7.8
4.29999989
0.90000001
1.0
1.0
0.90000001
0.90000001
0.80000002
0.80000002
1.0
1.0
1.10000002
7.6000002
10.3000002
15.2999997
16.4000006
11.9000001
9.2000003
11.0999999
11.0
13.2999997
13.5999999
14.4000001
13.0999999
4.20000001
0.80000002
0.80000002
0.80000002
0.80000002
0.80000002
0.80000002
1.0
1.10000002
1.0
1.0
2.6
12.4000001
9.9000001
15.6000004
12.5
11.5
11.3000002
12.0999999
9.0999999
9.0
16.2999997
13.465
13.335
8.1999999
0.90000001
0.80000002
0.80000002
0.80000002
0.90000001
1.0
1.0
0.90000001
1.0
0.90000001
1.19999999
10.5999999
13.5
12.5
11.8000002
11.3999996
10.1999998
9.7000003
12.0
12.9000001
16.4000006
11.23
11.2575
11.2
1.1
0.80000002
1.60000001
0.90000001
0.80000002
0.80000002
0.90000001
1.0
1.0
1.20000004
2.4
8.3000002
8.7999997
9.0
9.3999996
8.0999999
9.3000002
9.2000003
8.8000002
9.2000003
10.4
11.2725
10.825
9.9000002
2.8
2.4
1.60000001
2.4
2.5
2.4
2.5
2.4
2.6
2.9
4.0
11.4000001
16.1000004
16.7999992
14.9000001
13.5
15.1999998
15.3000002
14.3000002
10.5
6.7000001
4.8
0.80000002
0.90000001
0.80000002
0.80000002
0.90000001
0.90000001
0.80000002
0.90000001
0.90000001
0.80000002
0.80000002
0.90000001
1.0
8.9000001
15.3000002
14.8000002
13.5999999
14.5
11.4000001
10.5
10.6000004
7.1
1.20000002
0.80000002
0.80000002
0.90000001
0.80000002
0.90000001
1.10000002
1.10000002
1.0
0.90000001
0.80000002
0.90000001
0.90000001
1.0
1.10000002
3.1
7.2999999
6.7000001
9.6999998
11.5
12.0
9.2999999
4.5
1.7
1.0
3.39999999
7.9000001
7.8000002
3.49999999
0.800000020001
0.90000001
1.0
1.0
1.0
1.0
0.800000020001
0.800000020001
0.90000001
5.3
9.9000001
8.6000001
14.1000004
14.7999997
12.2000003
9.1000004
15.8999996
11.0975
11.0
15.3999996
16.1000004
14.6999998
5.0999999
0.800000020001
0.800000020001
0.800000020001
0.90000001
0.90000001
0.800000020001
0.90000001
1.0
1.00000003
0.800000020001
1.30000001
3.4000001
6.4000001
10.9000001
8.4999998
6.9000001
6.8
9.4000001
11.4000001
12.5
12.13
13.7825
13.86
5.30000011
0.800000020001
0.800000020001
1.19999999
0.800000020001
0.90000001
0.800000020001
0.90000001
1.0
0.800000020001
0.90000001
1.6
8.1000002
15.3999996
17.2999992
15.3000002
13.0
12.0
12.2000003
11.4000001
13.9000001
12.0325
12.1
12.31
9.9999996
1.30000001
1.20000004
1.00000003
1.30000001
1.30000001
1.5
1.5
1.5
1.60000002
1.69999999
1.60000002
6.2
9.7000003
11.4000001
9.5999999
9.8000002
13.0
16.4000006
15.5
15.5
11.925
13.41
13.325
6.69999992
0.800000020001
0.800000020001
0.800000020001
0.90000001
0.800000020001
0.800000020001
0.800000020001
0.90000001
1.0
1.0
1.10000002
6.5999999
16.0000005
13.6999998
13.0
10.5
8.8000002
12.2000003
10.8000002
7.0
0.90000001
0.90000001
0.800000020001
0.800000020001
0.800000020001
0.90000001
0.800000020001
1.0
1.00000003
1.0
0.800000020001
1.0
1.0
1.10000002
1.30000001
9.0
15.7999997
13.7999997
13.5
13.9000001
10.9000001
12.8999996
9.3000002
7.4999998
4.3999999
2.99999988
0.800000020001
0.90000001
0.800000020001
0.800000020001
0.800000020001
0.90000001
0.800000020001
0.800000020001
1.0
0.90000001
0.800000020001
0.90000001
0.90000001
8.2
8.0999999
9.5999999
10.2999997
9.8999996
5.5
7.4
7.2000001
2.49999991
1.0
1.89999998
7.2999999
7.7000001
5.9
1.00000003
0.800000020001
0.90000001
0.800000020001
0.90000001
0.90000001
0.800000020001
0.800000020001
0.90000001
0.90000001
10.7000003
12.5
10.0999999
9.6999998
8.3999996
8.8000002
8.4000001
9.5999999
12.0
13.3000002
13.24
16.8000002
6.0
0.800000020001
0.800000020001
1.20000002
0.90000001
0.800000020001
0.800000020001
1.0
1.0
0.90000001
0.800000020001
1.30000001
11.5
13.9000001
12.5999999
15.1999998
7.5
12.0999999
12.3000002
9.7000003
14.5999999
16.5999994
13.5625
13.7225
5.80000001
0.90000001
1.0
1.0
1.0
1.30000001
1.10000002
1.40000003
1.30000001
1.20000004
1.30000001
1.19999999
9.4999998
12.8000002
13.6999998
11.9000001
15.7000003
11.0
13.3999996
11.5
11.5999999
12.255
12.59
12.9475
11.7000003
1.00000003
0.800000020001
1.40000003
0.800000020001
1.1
0.800000020001
0.90000001
1.19999999
0.90000001
0.800000020001
1.19999999
7.4000001
10.6000004
11.3999996
11.5999999
9.0999999
7.9999998
8.1999998
8.1999998
8.5
9.9000001
15.1999998
14.5999999
4.50000001
1.90000001
1.69999999
1.20000002
1.90000001
1.60000002
1.60000002
1.90000001
1.79999996
2.2
1.79999996
2.19999998
8.6000001
15.0999999
15.0999999
16.5
15.2999997
14.8000002
14.9000001
12.9825
11.5000002
0.90000001
1.1
0.800000020001
1.1
0.800000020001
1.1
0.800000020001
1.1
0.800000020001
0.90000001
1.19999999
1.0
1.19999999
1.0
1.1
5.6000001
11.7275
12.945
11.91
11.435
10.5999999
14.5999999
13.2000003
8.9000001
1.20000002
0.90000001
1.1
0.800000020001
0.800000020001
1.1
0.800000020001
1.19999999
1.0
1.19999999
0.90000001
0.800000020001
1.19999999
0.90000001
1.79999999
10.2999997
12.4000001
10.4000001
9.5999999
13.5
9.5999999
9.1000004
6.6
1.6
1.00000003
3.60000001
6.6
6.6
4.6
1.1
0.800000020001
0.90000001
1.10000002
0.800000020001
0.800000020001
1.0
0.90000001
1.0
2.5
17.0
12.205
13.8975
16.4000001
16.6000004
15.0999999
14.2999997
13.5999999
17.0
12.375
13.1275
16.0
3.20000001
0.800000020001
0.800000020001
0.800000020001
0.800000020001
0.800000020001
0.90000001
0.800000020001
1.0
0.800000020001
1.0
1.80000001
8.9000001
16.9999998
12.7125
12.4075
14.0
11.7000003
9.9000001
11.0
11.0
12.5
14.6999998
14.6000004
4.0
0.800000020001
0.90000001
0.800000020001
0.800000020001
0.800000020001
0.90000001
0.800000020001
0.800000020001
0.800000020001
1.0
1.39999998
8.8000002
12.2999997
13.0999999
13.2999997
11.0999999
7.7999997
8.5999999
7.9999998
12.4000001
12.5999999
16.4000006
15.8000002
6.30000001
1.10000002
1.30000001
0.800000020001
1.1
0.90000001
1.1
1.0
1.00000003
0.800000020001
3.10000001
2.8
14.5999999
16.4000001
13.7999997
12.9000001
10.1999998
7.8000002
10.8000002
16.1000004
15.7000003
11.3525
13.275
13.3425
3.99999991
0.800000020001
1.19999999
0.90000001
0.90000001
1.19999999
1.10000002
1.5
1.0
1.30000001
1.0
1.5
10.5
11.1999998
12.9000001
16.8000002
12.5999999
11.6000004
12.0
10.0999999
5.0000001
1.0
0.90000001
0.800000020001
0.800000020001
0.800000020001
0.90000001
0.90000001
0.800000020001
1.10000002
1.0
1.10000002
1.10000002
1.10000002
1.0
1.10000002
10.9000001
10.6999998
12.6999998
9.7999997
9.3
4.7
9.3000002
9.0
6.4000001
3.1
0.90000001
0.800000020001
0.800000020001
0.800000020001
0.90000001
0.800000020001
0.90000001
0.90000001
1.10000002
0.90000001
0.90000001
1.0
1.20000004
2.30000002
16.1999998
7.865
7.8925
7.9825
7.74
16.9000001
11.3000002
7.5
1.10000002
1.10000002
3.69999998
7.9000001
7.9000001
6.2
1.00000003
0.800000020001
1.00000003
1.10000002
1.0
1.30000001
1.0
1.10000002
1.40000003
4.39999999
10.3000002
15.9000001
12.5375
12.5625
11.7000001
8.5
11.9000001
11.2999997
11.9000001
12.3999996
12.5975
15.9000001
3.2
1.1
0.90000001
0.90000001
1.1
0.90000001
0.800000020001
1.19999999
0.800000020001
0.800000020001
1.30000001
2.3
8.4000001
12.3000002
10.5999999
11.9000001
16.4000001
8.3000002
9.8000002
10.0999999
10.1999998
10.3000002
14.5
12.7999997
3.30000011
1.10000002
0.90000001
0.90000001
1.1
0.800000020001
0.800000020001
1.30000001
1.0
1.00000003
1.0
1.60000002
9.3000002
12.0
12.3999996
11.6000004
10.7000003
11.9000001
16.3000002
14.7999997
16.5
10.6575
11.3525
12.0775
3.70000001
0.800000020001
0.90000001
0.90000001
0.90000001
0.90000001
0.800000020001
0.800000020001
0.800000020001
0.90000001
0.90000001
1.40000003
10.1000004
11.7999997
11.2999997
11.0999999
9.5999999
10.6999998
10.6999998
11.0
11.3000002
11.8999996
14.5
14.1999998
3.90000002
0.800000020001
0.90000001
0.90000001
0.800000020001
0.90000001
0.800000020001
0.90000001
0.90000001
0.90000001
0.800000020001
2.09999998
6.5
17.0999994
16.7999992
17.3000002
16.1999998
16.5
15.5999999
13.3000002
7.6
2.20000002
1.60000002
1.0
1.0
1.10000002
1.30000001
1.00000003
1.20000004
1.10000002
1.30000001
1.40000003
1.0
1.20000004
1.20000004
2.80000001
10.5999999
11.09
12.2925
11.8075
11.6125
17.3000002
15.3999996
9.3575
16.3000002
1.20000002
0.90000001
0.800000020001
0.800000020001
0.800000020001
0.90000001
0.90000001
0.800000020001
0.800000020001
0.90000001
0.800000020001
1.0
0.800000020001
1.30000001
1.90000002
11.1999998
12.7000003
12.9000001
12.7000003
9.4000001
10.2000003
8.8000002
4.7
10.9000001
4.1000001
1.99999998
1.19999999
0.90000001
1.0
1.19999999
1.0
0.90000001
1.30000001
0.90000001
1.30000001
0.90000001
1.0
1.7
1.79999999
7.9000001
16.3999996
11.8225
14.4000001
10.2000003
11.3999996
11.6999998
10.5
14.6000004
10.945
11.2275
17.0
3.99999991
0.800000020001
0.800000020001
0.800000020001
0.800000020001
0.800000020001
0.800000020001
1.0
1.0
0.800000020001
0.90000001
2.4
6.6999998
13.1999998
13.2999997
10.9000001
6.2999999
6.6
8.5999999
7.2999999
9.9000001
9.0
13.3000002
13.6999998
5.89999979
1.0
0.800000020001
0.800000020001
0.800000020001
0.800000020001
1.0
1.0
1.0
0.90000001
0.90000001
1.20000004
11.5
12.1999998
12.0
12.1999998
8.4000001
8.1999998
10.3999996
12.6999998
11.8000002
12.3000002
13.0775
13.9075
16.6999998
1.1
0.800000020001
0.90000001
0.800000020001
0.800000020001
0.800000020001
0.90000001
0.90000001
1.0
1.10000002
1.10000002
11.1999998
8.5000002
9.7000003
9.5999999
7.0999999
7.5999999
7.2
6.8999999
11.3000002
10.8000002
16.8000002
12.185
5.80000011
0.800000020001
0.90000001
0.800000020001
0.800000020001
1.0
0.90000001
0.800000020001
0.800000020001
0.800000020001
0.90000001
2.5
3.59999998
9.2999997
8.4000001
9.7000003
7.7999997
7.5
8.9000001
8.4999998
4.1000001
0.90000001
0.800000020001
0.800000020001
1.00000003
1.10000002
1.0
0.410204091633
0.0204081632655
0.0204081632655
0.0204081632655
0.0204081632655
0.0204081632637
0.0204081632655
0.0204081632655
0.0204081632655
0.0204081632655
0.0204081632655
0.0204081632655
0.0204081632655
0.0204081632637
0.0204081632655
0.0204081632655
0.0204081632655
0.0204081632655
0.0204081632655
0.0204081632655
0.0204081632655
0.0204081632637
0.0204081632655
0.0204081632655
0.410204091633
0.510204081633
1.0
1.0
1.0
1.0
1.0
2.4
3.9
9.6000004
7.5999999
7.7999999
5.2999999
4.0999999
1.39999998
1.5
1.69999999
1.39999998
1.10000002
3.99999999
6.9000001
6.9000001
4.5
0.90000001
0.90000001
0.90000001
0.800000020001
1.10000002
1.10000002
1.0
1.0
1.8
4.5
7.2
11.1000004
13.6999998
11.2999997
7.9000001
10.0
14.9000001
14.4000001
11.755
14.2000003
15.7000003
16.2999997
4.9000001
0.800000020001
0.90000001
0.800000020001
0.800000020001
0.800000020001
0.90000001
0.800000020001
0.800000020001
0.800000020001
2.0
2.2
11.5
12.2000003
10.8000002
8.5
6.1999998
3.3
5.3
10.2
8.6999998
9.3999998
15.8000002
17.3000002
6.30000011
0.800000020001
0.90000001
0.800000020001
0.800000020001
0.90000001
0.800000020001
0.800000020001
0.800000020001
0.90000001
1.29999999
2.19999999
9.1000001
11.9000001
13.5999999
10.6999998
8.0999999
9.5
11.5999999
10.5999999
9.9000001
11.2000003
14.7000003
16.6000004
6.6999998
0.800000020001
0.90000001
0.800000020001
0.800000020001
0.800000020001
0.90000001
0.800000020001
0.800000020001
0.800000020001
1.9
2.5
7.5
13.1999998
12.3000002
9.9000001
9.2000003
2.2
2.4
2.6
10.0999999
8.0
14.0999999
14.5
4.20000001
0.800000020001
0.90000001
0.90000001
0.800000020001
0.800000020001
0.90000001
0.800000020001
0.800000020001
0.90000001
1.90000001
0.90000001
3.9
8.7000003
11.5
10.8000002
11.4000001
10.3000002
9.5
8.3000002
8.1999998
1.10000002
1.0
1.0
1.10000002
1.0
1.0
0.90000001
1.10000002
1.10000002
1.0
1.0
1.10000002
1.0
1.0
1.20000004
7.4000001
9.5999999
9.5
10.1000004
10.5999999
10.0999999
9.1999998
10.0
9.8000002
0.90000001
0.800000020001
0.800000020001
0.800000020001
0.800000020001
0.800000020001
0.800000020001
0.800000020001
0.800000020001
0.800000020001
0.800000020001
0.800000020001
0.800000020001
2.0
1.6
3.1
6.2000001
5.2000001
4.5
4.0
5.0
4.9000001
5.1000001
4.0
4.2999999
3.3
7.5
7.6
4.7
0.90000001
0.800000020001
0.90000001
0.800000020001
0.800000020001
1.0
0.800000020001
0.800000020001
2.20000002
1.5
11.7999997
6.8000002
9.0999999
8.0
5.5999999
9.5999999
6.9000001
4.8999999
7.4000001
5.1000001
13.0999999
15.2999997
6.30000011
0.800000020001
0.800000020001
0.800000020001
0.800000020001
0.800000020001
0.800000020001
0.800000020001
0.800000020001
0.800000020001
2.00000001
6.0
9.9000001
8.9000001
9.6000004
8.1999998
7.8000002
12.8000002
13.6000004
11.0999999
13.8000002
11.6999998
16.4999995
16.3999996
5.19999992
0.90000001
0.800000020001
0.90000001
0.800000020001
0.90000001
0.800000020001
0.800000020001
0.800000020001
0.90000001
1.50000001
2.40000001
9.9000001
11.7999997
13.8000002
15.1999998
13.0999999
7.9000001
9.8000002
9.6000004
11.0999999
10.9000001
13.0
14.0
6.49999981
0.90000001
1.00000003
0.90000001
1.0
1.10000002
1.30000001
1.39999998
1.5
1.39999998
2.70000001
2.7
10.0
12.3999996
11.4000001
12.4000001
12.5
11.4000001
13.2000003
14.8000002
9.0
7.7000001
9.1999998
13.1999998
5.20000021
1.1
0.800000020001
1.19999999
1.1
0.800000020001
0.800000020001
1.20000002
0.800000020001
0.800000020001
2.30000001
1.5
6.7000001
8.0000002
8.4000001
9.4000001
6.0999999
9.4000001
9.7999997
8.7000003
7.1000001
1.1
0.800000020001
0.800000020001
1.10000002
0.90000001
0.800000020001
0.800000020001
0.800000020001
1.19999999
0.90000001
0.800000020001
1.20000002
0.800000020001
2.2
1.39999998
4.4999999
8.7000003
8.2999997
8.0999999
7.7999999
5.9
11.1000004
14.2000003
7.3999998
1.5
0.800000020001
0.800000020001
0.800000020001
1.0
1.0
0.90000001
0.90000001
0.800000020001
0.800000020001
0.800000020001
0.90000001
0.90000001
2.10000002
1.80000002
3.9
7.8
9.0
8.5
11.4000001
8.0999999
7.7
7.8
3.5
2.00000001
3.60000009
7.8999999
7.7000001
4.29999989
1.19999999
0.800000020001
0.90000001
0.800000020001
0.800000020001
0.90000001
0.800000020001
0.800000020001
1.0
3.0
9.2000003
15.6000004
15.5999999
11.2000003
10.2000003
11.1000004
10.9000001
8.5
9.0999999
5.2999999
10.3999998
12.8000002
3.49999991
0.90000001
0.800000020001
0.800000020001
0.90000001
0.800000020001
0.800000020001
0.90000001
0.800000020001
0.800000020001
0.90000001
1.5
8.5
11.5999999
13.2999997
10.5
10.5999999
10.4000001
8.5999999
5.0999999
3.9
6.5
7.3999999
10.2999997
4.19999992
0.800000020001
0.800000020001
0.90000001
0.800000020001
0.800000020001
0.800000020001
0.90000001
0.800000020001
0.800000020001
3.90000001
1.19999999
9.4000001
14.0999999
15.4999995
11.5999999
12.3000002
11.5
6.3000002
2.4
5.6999998
5.3999999
9.4000001
11.4000001
5.4000001
0.90000001
0.800000020001
0.800000020001
0.90000001
0.800000020001
1.0
1.0
1.0
0.90000001
1.10000002
1.30000001
8.0999999
13.0
12.0999999
7.7000003
7.1999998
10.6999998
7.4000001
4.8
8.0999999
8.7999997
16.0
10.405
5.29999982
0.90000001
0.800000020001
0.800000020001
1.1
0.90000001
0.800000020001
1.1
0.800000020001
0.90000001
1.19999999
2.20000002
8.1000002
9.8000002
8.2999999
10.2000003
8.5999999
6.8999999
6.8
6.8999999
6.0
0.90000001
0.800000020001
0.800000020001
0.90000001
0.800000020001
0.800000020001
0.800000020001
0.90000001
0.800000020001
0.800000020001
0.90000001
0.800000020001
0.90000001
0.90000001
1.90000001
10.4000001
14.9000001
14.6000004
14.3999996
12.2000003
6.0
4.9000001
7.0999999
9.1000001
1.8
0.90000001
0.800000020001
0.800000020001
0.800000020001
0.90000001
0.90000001
0.800000020001
0.800000020001
1.0
0.90000001
0.800000020001
0.90000001
0.90000001
0.90000001
3.9
5.2999999
5.7
8.7999997
4.8999999
8.4000001
8.9000001
8.6999998
1.0
1.30000001
2.49999999
7.4
7.4
7.3999999
4.7999999
0.90000001
0.800000020001
0.90000001
0.800000020001
0.800000020001
0.800000020001
1.0
3.3
1.30000001
8.9000001
10.9000001
15.1999998
13.3000002
12.9000001
9.6999998
7.1999998
7.8999998
12.5
10.5999999
11.5999999
15.0
3.90000001
0.800000020001
0.800000020001
0.90000001
1.0
0.800000020001
0.800000020001
0.90000001
1.0
1.0
0.90000001
1.10000002
10.4000001
8.0999999
7.4000001
6.7
6.5
5.5
2.7
5.0999999
5.0
4.7000001
8.1000001
11.4000001
4.89999998
0.90000001
0.800000020001
0.90000001
0.800000020001
0.90000001
0.800000020001
0.800000020001
0.800000020001
0.90000001
0.800000020001
0.90000001
2.29999999
7.4999998
7.8
10.2999997
4.7000001
5.0
6.8000002
6.2999999
6.7
6.7000001
9.0999999
14.9000001
6.3000002
0.800000020001
0.800000020001
0.800000020001
0.800000020001
0.800000020001
0.90000001
0.800000020001
0.800000020001
0.800000020001
0.90000001
1.00000003
8.4000001
10.5999999
11.0
9.4000001
7.7000001
9.9000001
8.0
8.4000001
7.8999999
5.7000001
7.1
8.8000002
3.5999999
0.800000020001
0.800000020001
0.800000020001
0.800000020001
0.90000001
0.90000001
0.90000001
1.0
0.90000001
0.800000020001
0.90000001
5.6
9.0999999
9.0
9.1000004
10.4000001
6.7999999
11.8000002
12.4000001
6.5000002
0.800000020001
0.800000020001
0.800000020001
0.90000001
0.800000020001
0.800000020001
0.800000020001
0.5
0.90000001
0.800000020001
0.90000001
0.90000001
0.800000020001
1.0
5.8999999
11.0
12.2999997
12.3000002
10.7999997
12.1999998
10.7000003
12.0999999
7.0999999
0.90000001
0.90000001
0.800000020001
0.90000001
0.800000020001
0.90000001
0.40000001
1.0
1.0725
1.15
1.1475
1.0875
1.13
1.4725
1.745
4.4625
5.98
5.9425
6.22
5.8825
5.55
5.5275
4.94
2.97
1.9525
2.2975
4.0275
4.4825
3.9875
1.82
1.4
0.800000020001
0.800000020001
0.800000020001
0.800000020001
0.800000020001
0.800000020001
0.800000020001
1.10000002
8.5
11.0
10.4000001
8.8999996
9.6000002
10.5
7.3
10.9000001
7.5
8.0
8.0
8.5999999
4.3000001
2.8
3.1
1.90000001
2.8
3.0
2.8
2.9
3.0
2.8
3.9
5.9
10.3000002
16.3999996
15.9000006
11.6999998
11.9000001
10.5999999
10.1999998
11.5999999
11.2999997
11.5
11.1999998
11.6999998
2.20000001
0.90000001
1.00000003
0.800000020001
0.800000020001
1.20000002
0.800000020001
0.800000020001
1.1
0.800000020001
1.7
1.00000003
6.3000002
10.9000001
10.2999997
8.6000004
8.1999998
8.1999998
8.8000002
8.9000001
9.1999998
10.6999998
9.5999999
7.4000001
5.59999978
0.800000020001
0.800000020001
0.800000020001
0.800000020001
0.800000020001
0.800000020001
0.800000020001
0.90000001
0.800000020001
0.800000020001
1.10000002
4.5
11.8000002
13.5
9.0999999
9.0999999
8.3000002
8.2999997
9.3000002
10.6000004
8.8000002
9.8000002
8.5999999
1.40000001
0.800000020001
1.20000002
0.90000001
0.800000020001
0.90000001
1.40000003
1.10000002
0.800000020001
0.90000001
1.30000001
1.0
3.70000011
12.6000004
11.7999997
7.2999999
6.0
5.9
3.3
3.7
2.29999998
1.10000002
0.800000020001
0.90000001
0.800000020001
0.800000020001
0.800000020001
0.90000001
0.800000020001
0.90000001
0.800000020001
0.800000020001
0.800000020001
0.800000020001
0.90000001
1.0
1.39999998
5.3
3.9000001
2.7
4.9
4.8
8.8000002
7.7999997
9.1999998
1.90000001
1.0
1.0
1.0
1.0
1.0
0.90000001
1.0
1.0
1.10000002
1.0
1.0
1.0
1.10000002
3.7
4.0
5.1000001
4.1999998
4.4
3.1
3.1
4.6999999
1.80000001
0.90000001
3.10000001
1.0
0.90000001
0.90000001
0.800000020001
0.800000020001
0.800000020001
0.800000020001
0.90000001
0.800000020001
0.800000020001
0.800000020001
1.0
1.00000003
1.00000003
6.1
12.7000003
12.6999998
9.4000001
11.0999999
4.0
4.6000001
2.6
5.4000001
2.89999998
2.4
4.8
2.60000001
0.800000020001
1.00000003
0.800000020001
0.90000001
0.90000001
0.800000020001
1.00000003
0.800000020001
1.10000002
0.800000020001
1.29999999
4.2
6.5
7.0
5.0999999
3.9
3.2
2.8
2.9
3.0
2.9
5.4
5.0
1.90000001
1.00000003
0.800000020001
0.800000020001
1.1
0.800000020001
1.1
0.800000020001
0.800000020001
1.00000003
1.0
1.30000001
2.00000002
7.5
5.2
2.3
2.6
2.6
2.9
2.9
4.8000001
3.1
3.7
5.3
3.10000001
0.90000001
0.800000020001
0.800000020001
0.90000001
0.800000020001
0.800000020001
0.90000001
0.800000020001
0.800000020001
0.800000020001
0.90000001
2.20000001
6.9000001
7.0
3.6
4.0999999
5.3999999
6.0999999
6.0
5.2999999
5.6000001
5.6
5.2
1.60000001
0.800000020001
0.800000020001
0.800000020001
0.800000020001
0.800000020001
0.800000020001
0.800000020001
0.800000020001
0.90000001
1.0
1.10000002
3.39999998
3.8
3.2
4.5
5.4000001
7.4000001
6.0999999
5.0999999
4.4
0.90000001
0.800000020001
1.00000003
0.800000020001
0.800000020001
1.0
0.800000020001
0.90000001
0.90000001
0.90000001
1.0
1.0
0.90000001
1.0
0.90000001
3.79999989
7.1
6.7000001
6.0
4.7
3.4
4.6000001
5.8
5.1
0.90000001
0.90000001
0.800000020001
0.800000020001
0.800000020001
0.90000001
0.800000020001
0.800000020001
0.800000020001
0.90000001
0.800000020001
0.800000020001
0.800000020001
0.90000001
0.90000001
5.8000001
6.8000002
2.6
2.0
1.30000001
1.89999998
2.49999999
1.39999998
0.800000020001
1.0
2.10000001
6.2999999
6.5
5.6
1.00000003
0.800000020001
0.800000020001
0.800000020001
0.800000020001
0.800000020001
0.800000020001
0.90000001
0.800000020001
0.90000001
5.6000001
7.4
7.0
9.5999999
5.1
2.4
2.2
4.6
4.0000001
3.6
2.5
4.1
1.5
0.800000020001
0.800000020001
1.00000003
0.800000020001
0.800000020001
1.10000002
0.800000020001
0.800000020001
1.1
0.800000020001
0.90000001
3.9
6.7999997
5.8000002
6.6999998
5.1000001
2.4
3.5999999
2.8
2.6
2.8
2.5
3.5
0.90000001
0.800000020001
1.10000002
0.90000001
0.800000020001
1.00000003
0.90000001
0.800000020001
1.1
0.90000001
0.90000001
1.1
3.5999999
8.8
5.7999999
4.8
4.6000001
2.8
2.4
2.6
3.6
5.5
3.4
6.9000001
1.70000001
0.800000020001
0.800000020001
0.800000020001
0.800000020001
0.800000020001
0.800000020001
0.90000001
0.800000020001
0.800000020001
0.800000020001
0.90000001
6.9000001
3.4
3.80000008
1.99999998
1.89999998
2.39999998
2.0
2.2
2.2
2.1
5.4
5.3999999
1.00000003
0.800000020001
0.800000020001
0.800000020001
0.90000001
0.800000020001
0.800000020001
0.800000020001
0.90000001
0.90000001
0.800000020001
1.20000002
5.2000001
10.3999999
6.6
5.3999999
2.7
5.1000001
2.9
2.6
2.29999998
1.00000003
0.800000020001
1.0
1.0
0.90000001
0.90000001
0.800000020001
0.800000020001
0.800000020001
0.90000001
0.800000020001
0.800000020001
1.0
1.0
1.5
9.7000001
6.5
5.4999999
5.1999998
4.5
5.6
3.0
3.2
2.2
1.30000001
1.10000002
0.800000020001
0.800000020001
0.800000020001
0.90000001
0.800000020001
0.800000020001
0.800000020001
0.90000001
0.800000020001
0.800000020001
0.800000020001
3.0
1.00000003
4.10000009
7.6000002
4.4
3.39999999
5.3
1.5
1.20000004
1.70000002
0.90000001
0.90000001
2.1
6.2999999
6.1999998
5.7
0.800000020001
0.800000020001
0.800000020001
0.90000001
0.800000020001
0.800000020001
0.800000020001
0.800000020001
0.90000001
0.90000001
3.1
6.9000001
4.1
3.9999999
5.4
4.7
2.1
1.89999998
1.89999998
2.2
2.3
2.9
2.2
0.800000020001
0.800000020001
0.800000020001
0.800000020001
0.800000020001
0.800000020001
0.800000020001
0.800000020001
0.800000020001
0.90000001
1.0
3.0
2.59999998
3.7
5.7
2.8
2.7
2.3
2.1
1.79999996
2.8
2.5
5.3999999
2.40000001
0.800000020001
0.800000020001
0.800000020001
1.0
1.0
1.0
0.800000020001
0.90000001
0.90000001
1.0
0.90000001
2.30000001
4.2
5.2
5.3999999
4.7999999
5.3
5.3000002
4.5
4.9000001
4.4
4.5999999
4.7000001
2.3
0.800000020001
0.800000020001
0.800000020001
0.90000001
0.800000020001
0.800000020001
0.800000020001
0.90000001
0.90000001
1.0
1.0
2.29999999
4.0999999
3.8
5.0999999
5.3
4.4
3.6
3.6
3.5
5.9000001
6.4
5.8
2.90000001
0.800000020001
0.90000001
0.800000020001
0.800000020001
0.800000020001
0.90000001
0.800000020001
0.800000020001
0.800000020001
0.800000020001
1.0
3.4
5.7
5.4000001
5.0
7.0999999
6.0999999
5.5999999
6.1999998
4.6
1.0
1.30000001
0.800000020001
0.800000020001
1.1
0.90000001
0.90000001
1.1
0.90000001
1.10000002
1.30000001
0.90000001
0.800000020001
1.30000001
1.0
2.49999998
6.5
7.4000001
7.5999999
10.0
2.8
2.7
7.2999998
4.0000001
1.10000002
1.0
1.39999998
1.10000002
1.10000002
1.30000001
1.0
1.0
1.30000001
1.10000002
1.0
1.30000001
1.0
1.10000002
1.5
1.5
2.5
4.5
8.5
4.69999998
1.19999999
1.30000001
1.90000001
1.19999999
0.90000001
4.10000001
6.8999999
6.5
5.1
1.0
1.00000003
1.19999999
1.0
1.19999999
1.0
1.0
1.30000001
1.0
1.10000002
5.2999999
8.3999998
10.0999999
11.9000001
12.0
9.6999998
7.7000003
4.6000001
4.7999999
4.6
5.1
5.1000001
2.2
0.800000020001
1.1
0.800000020001
0.90000001
1.19999999
1.0
1.0
1.30000001
0.90000001
1.20000002
1.50000001
5.3999999
4.9000001
6.3999999
2.8
3.5
3.1
2.3
2.1
3.8
2.9
4.8999999
6.2999999
1.90000001
0.90000001
1.1
0.800000020001
1.19999999
0.800000020001
0.800000020001
1.20000002
0.800000020001
0.90000001
1.30000001
1.10000002
4.3
5.8999999
5.7999999
5.3999999
4.1999998
4.7999999
4.3000001
3.1
3.2
6.5999999
6.4000001
7.1999998
3.60000009
0.90000001
0.800000020001
0.800000020001
0.800000020001
0.90000001
0.90000001
0.800000020001
0.800000020001
0.800000020001
1.0
1.19999999
4.9
5.5999999
3.7
2.8
2.5
2.6
5.3000001
5.5
2.39999998
4.2
5.0
4.2000001
1.19999999
0.800000020001
0.800000020001
0.90000001
0.90000001
0.800000020001
0.800000020001
0.800000020001
0.90000001
0.800000020001
0.90000001
1.59999997
9.6999998
12.5999999
12.0
11.5
11.2000003
9.9000001
8.2
7.9999998
6.6
0.90000001
0.800000020001
0.800000020001
0.90000001
0.800000020001
0.800000020001
0.90000001
0.90000001
0.800000020001
0.800000020001
0.800000020001
0.800000020001
0.90000001
1.0
1.10000002
1.60000002
9.3000002
10.6000004
10.3999996
10.1999998
5.3
6.3999999
9.7999997
9.5
1.10000002
0.90000001
0.800000020001
0.800000020001
0.800000020001
0.800000020001
0.800000020001
0.800000020001
0.800000020001
0.800000020001
0.90000001
0.90000001
1.0
0.800000020001
0.800000020001
4.19999998
1.69999999
4.4
5.1000001
3.80000008
1.7
3.0999999
3.9000001
1.19999999
0.800000020001
0.90000001
0.800000020001
0.800000020001
0.800000020001
0.800000020001
1.10000002
0.90000001
0.800000020001
0.800000020001
0.90000001
0.90000001
0.800000020001
0.90000001
1.0
4.7000001
7.8000002
6.2
5.3999999
5.3
5.7999999
6.2999999
5.2999999
5.8999999
4.8999999
6.0999999
5.7
2.10000002
1.40000003
1.60000002
2.2
1.79999999
2.39999998
3.0
2.2
1.89999998
1.80000001
1.10000002
1.10000002
1.90000002
2.19999998
5.8999999
7.7000003
3.5
3.7
2.0
1.79999996
3.0
5.2000001
6.4
6.8
4.8
1.59999997
1.99999998
2.1
3.2
3.4
2.5
3.2
2.2
2.00000001
1.79999996
1.5
1.80000001
2.6
3.4
2.9
2.7
3.7
3.8
3.7
5.6
6.0
5.9000001
5.8999999
4.0000001
2.2
3.4999999
1.21688311688
2.8
3.7
3.5
2.6
2.7
2.2
2.5
2.8
1.80000002
4.8
0.0337662337661
0.0337662337661
0.0337662337661
0.0337662337661
0.0337662337661
0.0337662337661
0.0337662337679
0.0337662337661
0.0337662337661
0.0337662337661
0.0337662337661
0.0337662337661
0.0337662337661
1.18
1.28
1.3
1.345
1.33
1.2975
1.1475
1.0925
1.3075
3.5175
6.0525
6.81
6.08
5.595
5.7
5.4675
5.2125
4.545
2.315
1.28
1.115
1.115
1.165
1.21
1.51688311688
1.91688311688
3.8
3.6
3.1
2.1
2.3
2.2
2.6
2.7
7.9000001
7.6000001
6.2
5.6
3.3
4.6
4.1
3.4
1.30000001
1.30000001
1.20000004
1.39999998
1.89999998
2.6
1.7
2.4
3.0
2.3
2.2
3.3
2.6
1.10000002
1.0
5.50000019
5.7000001
2.6
4.5000001
1.5
3.5
3.3
3.8999999
1.0
1.0
1.0
4.09999998
6.4
1.29999999
0.800000020001
0.800000020001
0.800000020001
0.90000001
0.800000020001
0.800000020001
0.90000001
0.90000001
1.0
1.00000003
5.2000001
6.3999999
5.8999999
5.1999998
4.4000001
3.3
4.5
3.9000001
2.2
3.3
2.1
1.89999998
1.60000001
0.90000001
0.800000020001
0.800000020001
0.90000001
0.90000001
0.800000020001
0.800000020001
0.800000020001
0.90000001
1.0
1.0
3.39999998
4.6
3.7
2.7
1.99999998
2.6
3.9000001
4.8
2.6
2.5
2.5
2.3
2.5999999
0.800000020001
0.800000020001
0.800000020001
0.90000001
0.800000020001
0.800000020001
0.800000020001
0.90000001
0.90000001
0.90000001
0.90000001
1.70000002
9.3000002
15.5
14.7999997
12.5999999
6.2999999
11.7999997
11.8000002
13.2000003
10.8000002
11.2000003
13.8000002
8.1000002
1.60000001
0.800000020001
1.0
0.800000020001
0.800000020001
0.800000020001
0.90000001
0.800000020001
0.800000020001
0.90000001
1.0
1.5
2.00000001
1.90000001
4.2000001
3.4
4.0
6.1
4.3
2.1
6.2000001
8.0999999
7.7000001
3.69999992
0.800000020001
0.800000020001
0.90000001
0.90000001
0.90000001
0.800000020001
0.800000020001
0.90000001
0.90000001
0.800000020001
1.10000002
2.19999999
4.3
7.5
6.7
6.1999998
8.5
6.3999999
6.7000001
6.0
4.0
1.0
1.0
1.10000002
1.0
1.0
0.90000001
1.19999999
1.0
1.0
1.0
1.10000002
1.0
1.0
1.0
2.10000002
4.0
4.8999999
6.0999999
6.9
4.2
4.4999999
3.9999999
5.9
4.4
9.7000003
6.5999999
1.19999999
0.800000020001
0.800000020001
0.800000020001
0.90000001
0.800000020001
0.800000020001
0.800000020001
0.90000001
0.800000020001
2.80000011
1.29999999
2.20000001
2.6
1.60000002
3.4000001
5.5
6.1000001
3.7
3.29999989
1.5
1.10000002
1.40000001
6.6000001
6.4
4.9
0.800000020001
0.90000001
0.90000001
1.0
1.0
0.800000020001
0.800000020001
0.90000001
0.800000020001
1.30000001
6.1
2.49999998
5.6999998
6.5
5.0
4.2000001
2.9
7.0999999
9.1999998
6.7
6.7000001
6.0999999
2.5999999
0.800000020001
1.10000002
0.800000020001
1.1
0.800000020001
1.00000003
1.19999999
1.30000001
1.0
1.0
1.30000001
4.4
4.0
1.99999998
2.2
2.0
1.99999998
3.7
2.09999998
2.9
4.4
7.5
8.5999999
3.10000001
1.20000002
0.800000020001
1.70000001
1.1
0.90000001
1.1
0.90000001
0.90000001
1.1
1.10000002
1.29999999
2.70000001
1.40000003
1.69999999
2.3
4.0
2.8
2.1
2.5
2.4
2.5
2.7
6.6999998
6.3000002
2.4
2.6
2.4
2.9
2.6
2.8
4.7999999
3.6
3.6
3.5
2.7
2.0
2.1
2.8
2.6
2.1
2.6
3.5
2.9
1.90000001
5.4
6.0
5.5
3.10000009
1.90000001
1.80000001
2.9
3.1
3.3
3.7
3.6
3.3
2.1
1.79999996
1.90000001
2.6
2.3
2.9
2.5
2.6
2.6
3.4999999
4.2
2.7
1.20000004
1.30000001
1.20000004
1.20000004
1.69999999
2.5
1.9
2.7
3.9
4.1999998
4.0999999
3.8
3.3
1.89999998
2.1
2.89999998
4.6
4.3999999
4.4
7.3
4.9
10.1999998
6.0
7.9000001
1.10000002
1.10000002
1.0
1.0
1.0
1.0
1.00000003
1.0
1.0
1.0
1.10000002
1.10000002
1.0
1.10000002
1.10000002
4.7000001
5.0
7.0999999
2.7
2.9
3.0
3.2
1.69999999
0.900000009999
0.900000009999
0.800000019997
0.800000019997
0.800000019997
0.800000019997
0.900000009999
0.900000009999
0.800000019997
0.800000019997
0.800000019997
0.900000009999
0.800000019997
1.0
1.0
2.5999999
4.0999999
6.6000001
6.5
5.3999999
4.8000002
3.1
2.4
2.2
2.3
2.3
1.89999998
1.69999999
1.29999999
1.00000003
0.800000019997
0.800000019997
0.800000019997
0.900000009999
0.800000019997
0.900000009999
0.900000009999
0.900000009999
0.900000009999
1.0
2.9
2.2
4.4000001
3.5999999
3.8
4.5
4.7000001
4.7000001
4.5
4.8
4.9000001
5.2
2.89999998
0.800000019997
0.900000009999
0.800000019997
0.800000019997
0.800000019997
0.900000009999
0.900000009999
0.800000019997
0.800000019997
0.900000009999
0.800000019997
1.30000001
3.4
4.5
6.8000002
7.2
4.9000001
4.5
4.8
5.0
4.7000001
6.2000001
4.8
2.20000001
0.800000019997
0.800000019997
0.800000019997
0.900000009999
1.0
1.0
0.800000019997
0.900000009999
0.800000019997
0.800000019997
1.19999999
3.0999999
7.0999999
7.2
7.9999998
8.0999999
7.2000001
7.3
5.9000001
7.5999999
7.0999999
6.8
6.2999999
2.10000001
0.800000019997
0.800000019997
0.800000019997
0.900000009999
0.800000019997
0.800000019997
0.800000019997
0.900000009999
0.800000019997
0.900000009999
0.900000009999
1.5
3.1
3.0
2.8
2.1
3.0
2.6
2.6
2.19999998
1.1
0.900000009999
0.800000019997
0.800000019997
0.900000009999
0.800000019997
0.900000009999
0.800000019997
0.900000009999
0.800000019997
0.800000019997
0.900000009999
0.900000009999
1.0
1.8
5.0999999
8.0
8.5
8.5999999
7.8999999
3.5
5.7000001
5.6000001
7.5999999
1.20000002
0.900000009999
1.0
1.0
0.900000009999
0.900000009999
0.900000009999
0.900000009999
1.00000003
0.800000019997
0.800000019997
0.800000019997
1.0
1.0
1.10000002
1.40000003
5.7000001
3.00000001
4.3999999
2.69999999
3.6
5.2999999
1.80000001
0.900000009999
1.19999999
2.50000002
6.8999999
6.4000001
0.800000019997
0.900000009999
0.900000009999
0.800000019997
0.800000019997
0.900000009999
0.800000019997
0.800000019997
0.900000009999
1.5
4.0
4.5
8.4999998
11.9000001
12.1999998
12.0999999
4.1
2.9
5.0
3.3
4.8999999
5.0999999
5.0
2.10000001
0.900000009999
1.0
0.900000009999
1.0
1.10000002
1.0
1.0
1.10000002
1.0
1.10000002
1.10000002
2.09999998
2.4
2.3
2.4
2.7
4.5999999
4.3999999
4.1
3.7999999
2.5
2.2
2.4
1.30000001
0.900000009999
0.800000019997
0.800000019997
0.800000019997
1.0
0.800000019997
0.900000009999
0.800000019997
0.800000019997
0.900000009999
0.900000009999
1.30000001
1.89999999
6.2999999
2.7
1.80000001
3.70000011
3.80000001
3.6
6.2000002
4.7
5.0999999
4.3999999
2.99999999
0.800000019997
1.1
0.900000009999
0.900000009999
0.800000019997
1.00000003
0.800000019997
0.800000019997
0.900000009999
1.1
0.900000009999
2.40000002
3.0
1.99999998
2.3
2.2
3.9
5.8
5.5
5.0999999
5.0999999
6.3999999
5.9000001
2.3
1.0
1.20000004
1.0
1.0
1.0
1.10000002
1.0
1.0
1.10000002
1.30000001
1.39999998
3.3999999
4.0
4.4
5.2999999
4.9
4.7999999
4.8999999
5.4000001
3.1
1.0
1.10000002
1.0
1.0
1.10000002
1.10000002
0.60000002
1.10000002
1.715
1.9
1.91
1.855
1.825
1.595
1.4675
3.04
5.16
5.9
5.91
6.3625
4.93
5.45
5.65
5.1275
2.315
1.5425
1.4075
1.08
1.2
1.3675
1.28
1.3525
1.4275
1.395
1.4325
1.5025
1.43
1.43
1.3575
2.9275
3.9625
3.65
3.91
3.5775
3.3975
3.495
2.945
1.67
1.2875
1.64
2.5625
3.0025
3.045
1.75
1.2975
1.2825
1.355
1.4625
1.475
1.395
1.31
1.305
1.685
3.805
6.1125
6.4425
6.3175
6.21
4.95
4.1275
4.2525
4.3475
4.0725
4.025
4.07
2.97
1.5725
1.365
1.41
1.4325
1.455
1.49
1.5075
1.4575
1.3725
1.395
1.4925
3.1625
4.79
4.625
4.4875
4.035
4.1125
4.3625
3.91
4.1075
4.065
4.505
4.655
3.315
1.58
1.285
1.3675
1.335
1.29
1.3175
1.51
1.5175
1.41
1.365
1.3525
2.19
3.745
4.32
3.965
3.47
2.9675
3.185
3.105
3.3325
3.4
3.5625
3.785
3.3225
1.3575
0.85
0.985
0.975
1.0875
1.205
1.44
1.405
1.4525
1.3225
1.2475
2.71
3.4925
4.145
3.7975
3.665
3.935
4.1775
3.8925
3.54
3.7375
4.265
4.3725
2.89
1.4475
1.3175
1.4025
1.47
1.5125
1.655
1.6925
1.6525
1.3775
1.26
1.4075
2.87
4.1725
5.0725
5.55
5.3625
5.48
5.505
5.325
4.28
2.405
1.53
1.2825
1.225
1.34
1.395
1.415
1.51
1.705
1.865
1.8775
1.84
1.83
1.605
1.29
2.7925
5.045
5.8075
5.66
5.9875
4.875
5.3525
5.65
5.3275
2.535
1.67
1.5825
1.3025
1.28
1.315
0.89999998
1.31
1.10000002
1.0
1.0
1.0
1.0
1.20000004
1.0
3.69999999
2.9
2.2
2.8
1.59999997
1.60000002
3.49999988
1.60000002
1.40000003
1.39999998
1.30000001
3.50000001
5.0999999
4.2
1.69999999
1.59999997
1.89999998
1.79999996
1.89999998
1.79999996
1.69999999
1.0
1.30000001
0.900000009999
3.2
2.1
2.3
2.1
5.0
2.1
1.79999996
1.99999998
2.0
2.1
2.3
2.9
1.9
1.20000004
2.3
1.79999999
1.39999998
1.20000004
1.20000004
1.20000004
1.10000002
1.10000002
1.19999999
1.10000002
1.89999999
4.0
2.4
4.2000001
1.89999998
5.3000001
7.7000001
7.5
5.2999999
6.0999999
5.5
4.7000001
2.89999991
1.5
2.4
1.70000002
1.89999998
1.79999996
2.3
3.3
3.2
2.29999998
1.19999999
1.10000002
1.19999999
1.80000001
1.60000002
1.5
1.79999999
2.09999998
1.89999998
2.0
2.1
2.5
2.7
2.7
1.70000002
1.10000002
1.0
1.7
1.30000001
1.60000002
1.60000002
1.90000001
1.80000001
2.7
1.99999998
2.4
2.8
4.8
2.7
2.8
2.4
2.3
2.6
2.5
2.3
1.99999998
2.3
4.8
2.50000002
2.4
2.1
1.5
2.0
2.3
2.3
2.1
2.0
1.10000002
1.69999999
1.20000004
1.69999999
2.6
3.1
4.2
4.2999999
4.8999999
4.5999999
4.7000001
3.7
1.10000002
1.20000004
1.5
1.70000002
1.20000004
1.0
1.6
1.10000002
1.5
1.69999999
1.69999999
1.79999996
2.09999998
1.89999998
0.800000019997
2.00000001
4.4000001
4.7
5.5999999
5.3000002
4.3999999
7.0
7.1999998
6.5
1.69999999
1.20000004
1.20000004
1.5
2.4
2.2
1.1
2.4
1.5275
1.515
1.5775
1.645
1.57
1.5325
1.6125
3.05
3.85
3.63
3.805
3.525
3.22
3.3025
3.02
1.92
1.395
1.735
2.5525
3.4475
3.3475
1.965
0.80000001
1.54
1.89999998
2.1
1.79999996
1.20000002
1.0
0.900000009999
1.19999999
1.19999999
2.29999998
2.3
1.60000002
2.10000001
2.9
2.4
2.20000001
1.79999996
2.0
2.6
2.4
1.19999999
1.0
1.40000003
1.79999999
1.60000002
1.5
1.69999999
1.59999997
1.29999999
0.800000019997
1.0
1.7
2.50000001
4.9000001
4.3999999
5.9
1.99999998
2.2
3.6999999
2.1
2.5
3.5
2.9
2.4
1.59999997
1.10000002
1.0
1.10000002
0.900000009999
0.900000009999
1.00000003
2.9
1.39999998
0.900000009999
1.0
1.0
1.69999999
1.80000001
1.59999997
1.90000001
2.8
2.7
2.6
2.2
1.99999998
2.7
2.5
2.5
2.60000002
1.10000002
1.0
1.9
1.19999999
0.800000019997
1.70000001
2.9
1.30000001
1.0
0.900000009999
0.900000009999
2.00000001
5.7
4.5
4.7999999
4.0999999
4.5
4.3999999
4.7999999
4.5
4.8000002
4.7
4.5
2.69999992
1.10000002
2.3
2.3
2.2
2.3
2.3
2.3
2.0
1.20000002
0.900000009999
1.60000002
1.90000001
3.2
4.6000001
4.7999999
5.7000001
4.2999999
5.0
4.7999999
5.0999999
2.79999989
1.39999998
1.79999999
1.60000002
1.80000001
2.5
2.6
2.7
2.4
2.7
2.4
2.7
1.60000002
1.80000001
1.5
1.69999999
6.1000001
6.0
5.7999999
6.2000001
2.9
4.3
5.2999999
4.4
1.30000001
0.800000019997
1.20000002
0.900000009999
2.00000001
2.3
1.80000002
2.2
2.5
2.3
2.7
2.2
1.69999999
1.20000004
1.40000003
3.20000011
2.39999998
1.5
1.5
1.5
2.2
1.39999998
3.19999998
1.30000001
1.10000002
1.40000003
3.30000001
6.7000001
6.8000002
1.7
0.900000009999
0.900000009999
0.800000019997
1.9
2.4
1.0
0.800000019997
0.800000019997
1.00000003
1.5
3.0999999
4.1000001
4.7
2.5
2.4
1.80000001
2.19999998
2.3
2.0
2.10000001
2.3
1.5
0.900000009999
1.0
1.0
1.0
1.0
0.900000009999
1.0
0.900000009999
0.800000019997
1.10000002
1.0
2.9000001
3.3
5.2999999
4.2999999
4.5
4.4000001
2.3
1.79999996
2.00000001
2.3
5.8000002
5.6000001
2.90000002
1.00000003
1.00000003
1.10000002
1.0
1.0
0.900000009999
0.800000019997
1.0
1.7
2.19999999
2.70000001
1.69999999
2.6
2.6
2.9
2.8
3.0
4.4
4.3999999
4.4
4.3999999
4.7
3.4
1.5
1.19999999
1.10000002
2.3
1.10000002
1.69999999
1.39999998
1.5
1.60000002
1.69999999
1.89999998
1.0
3.29999989
2.9
2.3
1.89999998
2.3
4.5000001
2.5
2.09999998
2.00000001
2.1
2.4
4.2999999
1.70000001
1.70000002
2.4
2.4
2.3
2.2
2.3
2.3
2.1
1.20000004
1.30000001
3.9
4.4
5.0
5.5
5.6000001
5.0999999
4.8000002
6.4000001
5.5999999
4.0999999
1.69999999
1.30000001
1.20000004
1.40000003
1.5
2.5
2.2
2.5
2.4
2.6
2.7
3.9
3.3
1.69999999
1.0
2.29999999
4.4
6.2999999
4.6000001
6.6000001
7.1999998
4.0999999
3.9999999
3.5
1.40000003
1.10000002
1.0
1.0
1.10000002
1.19999999
1.0
1.0
1.19999999
1.79999996
1.79999996
1.79999996
1.79999996
1.10000002
1.10000002
2.60000002
2.30000001
2.00000001
1.89999998
1.39999998
1.5
1.5
1.5
1.39999998
1.39999998
1.00000003
0.900000009999
0.800000019997
1.20000004
1.0
1.40000001
0.800000019997
1.69999999
1.69999999
1.60000002
1.60000002
1.5
1.0
0.900000009999
3.7
4.1999998
4.2999999
4.3999999
4.4
4.7000001
4.6
4.3999999
4.4
4.4
4.2
3.9999999
2.3
0.800000019997
0.900000009999
0.900000009999
1.29999999
1.39999998
1.29999999
1.50000001
0.800000019997
0.800000019997
0.900000009999
0.900000009999
1.6
4.3000001
4.7000001
4.5
4.5
5.4000001
4.6000001
5.3000002
4.8999999
5.0999999
5.2
4.5
1.9
1.10000002
1.0
2.9
1.00000003
0.800000019997
0.900000009999
1.50000001
2.6
0.800000019997
0.900000009999
0.800000019997
1.69999999
4.4000001
7.2000001
5.2000001
3.7
4.0
3.9
3.9
3.9
5.8
4.3999999
5.0
4.0000001
2.9
2.8
2.6
2.8
2.8
3.7
3.3
2.9
3.6
2.9
3.0
3.3
4.7000001
3.8999999
3.4
3.5
3.8
3.7
3.6
3.7
4.5
3.7000001
4.6999998
1.89999999
1.89999999
2.4
1.6
2.3
2.3
2.2
2.4
2.3
1.30000001
1.20000004
1.19999999
2.2
2.7
2.6
3.0
3.1
3.1
3.4
3.3
2.09999998
3.7
3.5000001
1.20000004
1.20000004
1.10000002
1.0
1.0
1.10000002
1.0
1.6
1.10000002
1.0
1.70000002
1.69999999
1.10000002
2.80000001
6.0999999
5.7
5.2999999
5.0
2.5
4.6000001
4.6999998
3.6
1.10000002
0.800000019997
0.800000019997
1.00000003
1.0
1.0
0.900000009999
1.0
1.0
1.10000002
1.0
1.0
1.0
2.3
1.70000001
1.79999996
2.0
2.4
2.5
3.2
2.8
4.6000001
4.0
2.4
1.5
2.8
1.19999999
1.1
1.00000003
0.800000019997
0.900000009999
1.20000002
1.10000002
1.70000001
0.900000009999
1.60000001
0.800000019997
1.1
0.900000009999
2.4
6.4000001
7.0
6.0
6.8999999
6.3
6.0
6.2
6.2999999
6.2999999
6.4000001
6.3999999
2.5999999
1.10000002
1.5
1.10000002
1.0
0.800000019997
0.900000009999
0.800000019997
0.800000019997
1.00000003
2.20000001
1.60000002
2.5
2.10000001
1.99999998
1.89999998
1.89999998
2.0
2.1
2.3
2.4
5.6999998
6.5999999
5.8999999
1.90000002
1.20000004
1.20000004
1.10000002
1.10000002
1.0
1.0
1.60000002
1.79999996
1.89999998
1.1
1.39999998
1.20000002
5.2
5.3999999
5.2
5.2999999
2.49999998
2.2
1.89999998
2.4
4.2
5.0
4.6
3.19999998
1.10000002
1.40000003
1.8
1.10000002
0.800000019997
1.19999999
1.39999998
1.30000001
1.39999998
1.0
1.10000002
3.6
6.7000001
7.8
7.7
5.5
6.2
5.7000001
6.0
3.9999999
3.7
3.8
4.0999999
2.10000002
1.80000002
2.7
2.3
2.5
2.7
2.5
2.4
2.1
1.40000003
1.10000002
1.0
1.60000001
4.3999999
7.0
6.0
4.8
5.5
5.6000001
3.0
1.69999999
1.5
1.39999998
1.39999998
2.09999999
5.4000001
2.0
2.1
2.3
2.0
2.0
2.1
2.5
3.4
2.2
1.5
4.2
4.3
6.0
4.3
4.5
1.99999998
2.8
2.5
1.90000001
1.20000004
1.10000002
1.0
1.0
1.39999998
1.89999998
1.39999998
1.89999998
2.1
2.0
2.0
1.89999998
1.30000001
1.10000002
1.6
1.89999998
4.0
1.79999999
1.69999999
3.39999998
1.5
1.39999998
1.79999996
1.10000002
0.900000009999
0.800000019997
0.800000019997
0.900000009999
0.900000009999
1.0
1.20000004
1.39999998
1.5
1.39999998
1.39999998
1.39999998
1.39999998
1.10000002
1.1
2.3
2.1
2.9
2.4
2.4
2.8
2.5
4.3999999
2.8
2.6
2.2
2.4
1.89999999
1.30000001
1.20000004
1.0
1.10000002
1.0
1.10000002
1.59999997
1.5
1.5
1.69999999
1.20000004
1.20000004
1.99999998
2.5
2.3
2.1
2.1
2.6
2.2
2.6
4.1
6.6000001
6.6000001
3.30000002
1.0
1.5
0.900000009999
0.800000019997
0.800000019997
1.5
1.39999998
1.39999998
1.19999999
1.00000003
0.900000009999
1.40000003
3.6
4.5
6.2000001
6.7000001
6.9000001
7.2000001
6.8999999
6.8999999
7.2999999
7.0
4.5000001
1.30000001
1.0
1.0
1.5
0.800000019997
0.800000019997
0.900000009999
1.39999998
1.5
1.39999998
1.5
0.900000009999
1.80000002
4.3
5.9000001
5.9000001
5.6000001
5.5999999
5.0999999
5.3999999
7.7000003
6.6000001
6.0
5.0999999
2.10000001
1.80000001
2.0
1.6
2.1
2.1
2.0
2.6
2.9
1.90000002
1.30000001
1.10000002
2.00000002
2.2
2.7
4.7999999
3.9
4.4
4.3
4.7
4.2999999
3.2
2.19999999
2.2
1.0
1.0
1.0
1.6
1.79999999
1.0
1.19999999
2.30000001
0.900000009999
2.3
2.0
1.10000002
3.9999999
12.9000001
9.2999997
9.4000001
9.8000002
13.3000002
12.0
11.9000001
5.39999991
1.10000002
1.0
1.39999998
3.0
1.80000002
1.79999999
2.10000002
1.60000002
1.60000002
1.60000002
1.69999999
2.19999998
2.4
2.8
6.1999998
1.79999999
3.1
4.1
6.6999998
5.2999999
4.8000002
4.4
3.6
2.2
1.19999999
1.60000001
2.00000001
1.39999998
1.6
1.0
2.4
2.2
2.3
1.99999998
1.69999999
1.79999996
1.79999996
1.1
2.1
3.1
6.3999999
5.2000001
2.5
6.3999999
7.8000002
6.9000001
7.5
7.3999999
6.3999999
4.7000001
4.3
2.1
1.10000002
1.70000002
2.5
1.69999999
1.60000002
1.60000002
1.69999999
1.60000002
1.69999999
2.4
1.0
2.00000001
2.39999998
3.3999999
4.6
4.9000001
4.5
6.0
7.7000001
8.1999998
8.5
8.7000003
7.7000001
2.3
1.30000001
3.8
2.3
1.89999998
1.89999998
1.89999998
1.79999996
1.79999996
1.79999996
2.3
1.39999998
2.0
2.2
2.0
1.80000001
1.89999998
7.7000002
7.8000002
5.5999999
4.7000001
4.9000001
4.7000001
4.3999999
1.60000001
1.00000003
2.0
2.39999998
1.89999998
2.1
2.1
2.3
2.8
2.6
1.30000001
2.99999988
6.6000002
3.3
7.4
6.7000001
8.9000001
7.1999998
5.5
3.59999998
2.09999998
2.4
2.4
5.3000002
1.70000002
1.0
1.0
2.9
2.2
2.2
2.5
2.5
2.6
3.1
1.19999999
1.0
1.59999997
2.5
3.0
8.2000003
7.7000001
8.4000001
5.0999999
5.1000001
4.1000001
0.800000019997
1.10000002
1.30000001
1.0
1.89999998
2.0
2.3
2.0
2.0
2.1
2.3
2.0
1.10000002
1.10000002
1.39999998
3.6
6.1999998
2.8
2.1
2.7
1.89999998
2.3
5.6000001
4.0
2.50000002
1.10000002
1.10000002
1.30000001
1.99999998
2.1
1.70000001
1.89999998
1.89999998
1.79999996
2.1
1.79999996
1.89999998
1.0
1.39999998
3.9
3.5
3.4999999
4.5
3.7
4.4
4.4000001
3.9
1.0
1.0
1.10000002
0.900000009999
0.800000019997
1.00000003
1.10000002
1.40000001
2.0
2.0
1.89999998
1.79999996
1.79999996
1.10000002
1.30000001
2.8
2.1
3.2
7.2
7.8
6.8
4.7
4.3999999
6.5
9.9000001
7.1000001
7.7999999
7.0
3.50000001
1.30000001
0.900000009999
1.5
2.2
2.3
2.2
2.1
1.69999999
1.69999999
1.19999999
0.900000009999
3.8
5.2999999
5.8
6.2999999
5.9000001
5.0
7.3999998
7.0
5.6
5.8
7.0
6.0
2.30000002
1.5
1.5
1.00000003
1.20000004
1.19999999
1.20000004
1.20000004
1.20000004
1.30000001
1.69999999
1.69999999
1.89999999
5.8
6.8999999
5.2
4.8000002
3.2
2.7
3.1
3.8
3.1
3.3
3.2
1.89999999
1.40000003
1.30000001
1.60000002
1.39999998
1.99999999
2.7
2.7
2.8
2.9
1.39999998
0.900000009999
2.3
4.5
4.3999999
4.1999998
4.5
4.9000001
5.0
5.3999999
4.7000001
4.5
4.7000001
4.9000001
1.30000001
1.0
1.0
1.10000002
1.0
1.30000001
1.00000003
1.5
1.0
1.7
1.10000002
1.10000002
1.6
4.1000001
2.7
2.4
2.4
2.3
2.5
2.3
1.90000001
1.5
1.80000001
1.89999998
1.69999999
1.20000004
1.89999998
1.6
1.20000004
1.20000004
1.20000004
1.20000004
1.39999998
1.20000004
1.10000002
0.800000019997
3.4999999
4.4
3.5
2.8
5.7
5.1000001
6.4000001
9.0999999
6.5999999
7.2000001
8.1999998
6.8999999
1.0
1.10000002
1.10000002
3.0
1.0
1.19999999
1.39999998
2.1
2.0
1.69999999
1.10000002
1.0
4.5
3.2
3.2
6.3000002
4.7000001
4.1
3.7
3.9
3.1
2.9
3.1
3.1
2.9
3.1
4.1
4.7000001
4.8000002
4.8000002
4.8000002
4.8000002
4.9000001
4.3000001
3.5
2.9
3.7
6.6999998
5.3999999
7.7000001
7.7000001
7.7999997
6.6000001
7.2999999
8.0
9.7000001
6.7000001
6.6000001
4.0999999
3.1
3.0
3.0
5.0
5.0
5.0
5.0
4.7000001
4.6
2.9
3.1
4.4000001
1.80000001
3.0
2.3
1.89999998
3.49999988
2.09999998
2.3
2.2
2.8
2.5
2.5
3.8
1.0
1.10000002
2.2
2.4
2.2
2.2
2.3
2.2
2.1
1.20000002
1.20000004
1.5
2.3
2.6
2.5
2.2
3.5
4.8
4.5999999
4.9000001
4.7000001
5.6000001
5.6
3.10000009
1.19999999
1.90000001
2.2
1.60000002
1.5
1.5
1.60000002
1.5
1.60000002
1.60000002
1.19999999
1.69999999
4.0999999
3.5000001
2.6
6.7
7.5
7.2
9.8000002
9.2000003
8.2000001
7.7
7.2
3.8
2.5
2.3
2.3
2.2
2.2
3.2
3.6
3.5999999
1.99999998
1.0
1.0
2.4
2.0
5.5
6.0999999
5.9000001
6.5
6.5999999
6.5999999
4.5
0.800000019997
0.900000009999
0.900000009999
1.30000001
2.3
2.4
3.0
2.3
2.2
3.6
3.2
2.3
2.1
1.79999999
1.10000002
2.00000002
2.39999998
1.89999998
2.4
2.09999998
2.2
5.7000001
5.4
7.6999998
2.20000002
1.5
0.900000009999
1.5
2.3
3.2
2.40000001
2.2
2.2
2.4
2.4
3.6
3.0
1.20000004
1.10000002
3.6
4.1
3.5
3.30000008
2.6
2.0
1.5
1.60000002
1.00000003
1.29999999
1.10000002
1.0
0.900000009999
0.800000019997
0.800000019997
1.8
0.800000019997
0.800000019997
0.800000019997
1.89999998
1.90000002
1.79999996
1.7
1.19999999
1.5
2.59999998
1.79999996
1.89999998
2.1
2.6
2.3
3.1
2.7
2.5
2.3
2.2
1.60000002
1.10000002
1.90000002
2.2
2.2
2.6
2.5
2.6
2.4
1.7
1.00000003
1.19999999
3.5
4.8999999
6.7000003
4.9000001
4.8000002
5.5999999
4.6999998
4.6
6.0
7.5
7.7
6.7000001
2.89999999
1.00000003
2.1
1.80000001
2.0
1.89999998
2.5
2.8
2.7
2.7
1.8
0.900000009999
1.39999998
3.4
5.8999999
4.9000001
5.7000001
5.0
7.9999998
5.0999999
5.0999999
5.0999999
5.0999999
5.1999998
2.69999992
1.0
0.900000009999
1.50000001
2.1
2.1
2.2
2.0
2.0
2.0
1.29999999
1.10000002
1.80000001
3.8
2.7
5.2
7.9000001
7.7000001
8.0
8.2999997
7.5
8.0999999
8.3999996
8.0999999
4.60000002
0.900000009999
0.900000009999
0.900000009999
0.800000019997
0.900000009999
0.800000019997
0.900000009999
1.30000001
1.60000002
0.900000009999
2.09999998
1.30000001
6.8999999
7.1999998
7.8000002
7.2000001
7.9000001
7.7999999
7.0999999
6.9000001
1.6
1.0
1.10000002
1.0
1.0
1.10000002
1.7
1.0
1.0
1.0
1.60000002
1.90000001
1.30000001
1.0
1.20000004
1.99999998
8.6999998
8.5999999
8.5
9.0
6.8999998
8.8000002
10.9000001
5.1
1.10000002
1.0
1.10000002
2.5
2.6
1.89999998
2.19999998
2.6
2.8
2.9
2.8
2.9
2.8
1.20000004
1.39999998
2.39999998
2.29999998
1.79999999
2.89999991
6.0999998
1.69999999
2.2
4.0999999
1.60000002
1.99999998
1.10000002
1.19999999
1.00000003
1.29999999
1.60000002
1.90000001
2.6
2.8
2.8
2.8
2.6
2.5
0.900000009999
0.900000009999
2.5
8.5999999
11.3000002
9.6999998
8.2999997
8.5
8.1999998
8.5999999
9.3000002
8.5999999
8.7000003
9.0
5.5000001
1.59999997
2.2
3.4000001
2.2
2.4
3.2
3.2
3.2
2.6
1.79999999
1.60000002
5.3
8.6999998
11.5999999
11.5
10.7000003
6.0
6.4000001
5.2999999
5.6000001
5.0999999
7.2999999
7.0
5.0
3.2
3.5
3.4999999
4.2999999
4.7
5.0
5.0
5.0
4.1
3.1
3.2
4.0
3.8
3.9999999
4.2999999
4.2999999
4.2999999
5.0999999
7.2
7.5999999
8.6999998
6.5
6.4
2.40000002
0.800000019997
2.00000002
2.3
0.800000019997
2.8
1.20000002
1.40000001
1.69999999
2.09999999
0.800000019997
1.90000001
4.5
5.1
5.5
4.7000001
4.5
5.0
5.0
4.8000002
4.6000001
5.2
5.3999999
4.9000001
3.1999999
2.2
2.3
2.3
2.3
3.3
3.5
2.2
3.1
2.5
1.40000003
1.10000002
1.39999998
2.4
5.6
7.6000001
7.3999999
8.5
4.8999999
4.5
3.8
1.10000002
1.0
1.0
2.2
2.4
2.3
2.3
2.3
2.4
2.9
3.9999999
2.2
2.3
1.40000003
1.20000004
1.89999999
8.0
8.2999997
7.7999999
8.1999998
4.0
2.7
4.2999999
4.2999999
1.5
1.30000001
1.60000002
2.4
3.2
3.6
3.0
2.3
2.3
2.4
2.4
3.6999999
4.0999999
1.89999999
1.10000002
2.00000001
4.5
7.9999998
11.7999997
8.1999998
5.7
4.1
6.3999999
3.2
3.0
3.2
4.5
4.8000002
4.3999999
3.4
3.6
4.6
4.7000001
4.6
4.6
4.4
4.3999999
3.1
3.2
5.5999999
8.6999998
6.0
6.0
6.7000001
5.2
3.0
2.4
7.1
5.5
8.6999998
9.9000001
3.5
2.4
2.8
3.4
3.0
2.9
2.9
2.9
2.8
2.9
1.50000001
0.900000009999
1.60000001
2.19999998
3.30000001
2.8
2.5
2.3
2.2
4.6999998
5.5999999
5.7
6.3
5.8
3.9
2.00000002
3.2
3.1
2.8
2.8
2.7
2.9
2.7
2.8
2.0
1.30000001
2.60000002
3.1
2.7
2.5
2.2
2.4
2.09999998
4.2999999
5.3999999
7.5
7.2
8.2999997
5.7999999
1.0
2.49999998
1.90000001
3.2
3.2
2.3
2.4
2.3
2.3
1.79999999
1.19999999
4.5999999
5.0
3.0
9.5
8.2999999
8.3999998
7.4
7.4
9.1000002
7.8
7.7000001
8.0
5.10000021
0.900000009999
2.2
1.8
1.39999998
1.19999999
1.90000002
1.0
2.2
1.6
1.0
1.10000002
3.4
6.0
8.9000001
5.7000001
2.9
3.5
4.5
2.7
2.1
1.60000002
1.10000002
1.0
1.0
1.10000002
2.19999998
1.20000002
1.8
1.90000001
2.7
1.7
1.6
2.4
2.5
1.5
3.10000009
3.8
1.89999998
1.59999997
3.4
3.3999999
6.7999999
5.0
3.1
3.19999999
1.39999998
1.10000002
1.7
2.3
1.5
2.3
2.3
2.2
1.39999998
1.5
2.4
2.3
1.5
1.20000004
1.30000001
2.5
2.9
2.7
2.5
1.30000001
3.4000001
1.80000001
1.1
0.900000009999
2.69999992
7.0
7.6000001
9.0999999
4.1000001
2.8
2.7
2.7
2.5
2.9
3.0
3.1
2.30000001
1.10000002
3.8
2.39999998
7.6000001
8.0
2.3
2.6
2.3
4.5
4.8
5.4
5.5
6.1000001
3.60000009
1.10000002
1.50000001
2.00000002
1.7
0.800000019997
0.800000019997
0.800000019997
0.900000009999
0.800000019997
1.30000001
1.20000004
1.10000002
1.5
1.5
2.20000001
1.90000001
1.89999998
2.1
3.5999999
3.6000001
4.7000001
4.9000001
5.2999999
4.9
1.10000002
1.0
1.0
1.0
1.0
1.0
1.00000003
0.900000009999
1.0
1.20000004
1.0
1.0
1.70000002
4.0
2.19999998
1.89999998
2.3
2.1
1.90000001
2.3
3.2
4.2999999
4.8
3.9000001
1.20000004
1.0
0.900000009999
1.0
1.10000002
1.0
1.0
1.0
1.0
1.39999998
2.20000001
3.1999999
4.1
2.6
1.90000001
2.3
1.99999998
4.3
4.8000002
5.0
4.6
6.2
5.5999999
4.4
1.19999999
0.800000019997
1.90000001
0.800000019997
0.900000009999
0.800000019997
0.800000019997
0.800000019997
0.800000019997
1.10000002
1.10000002
2.09999999
5.6000001
5.5
5.2
4.9
4.9
3.9
5.5775
4.685
2.5225
1.525
0.5
1.99999999
1.89999999
3.2
1.10000002
1.20000004
1.20000004
1.20000004
1.70000002
3.1
1.90000002
1.0
1.19999999
2.09999999
4.7000001
7.8999998
8.1999998
10.3000002
4.6
5.0
7.2000001
6.5
1.60000002
1.10000002
1.60000001
1.89999999
1.50000001
1.1
2.6
1.1
1.20000002
0.800000019997
2.30000001
2.29999998
0.800000019997
1.30000001
1.0
4.39999991
1.89999998
2.69999998
4.6
2.29999999
2.9
5.7
4.7000001
1.79999999
2.6
3.3999999
9.0999999
8.9000001
6.1
2.5
3.0
3.1
3.0
2.9
2.9
2.5
2.4
1.89999999
1.10000002
4.2000001
3.2
4.6000001
3.2
4.7000001
5.0999999
4.7
4.7000001
7.2000001
6.9000001
9.5999999
9.5999999
3.5
2.0
2.9
2.8
2.4
2.6
2.5
2.4
2.4
2.4
2.5
1.10000002
1.99999998
2.89999998
4.3
4.6
4.3999999
6.0
5.2000001
4.6000001
4.5
4.7999999
5.2
6.2
4.5000001
1.5
1.99999999
2.9
2.39999998
1.20000004
1.30000001
1.20000004
1.39999998
2.7
3.1
2.09999999
2.7
4.6
4.8
4.8999999
4.3
5.2
4.7999999
3.9999999
4.1999998
4.6000001
4.9000001
7.3
5.5000001
1.30000001
2.19999998
2.7
2.6
2.7
2.8
2.8
2.6
2.7
2.20000001
1.10000002
1.90000001
1.5
1.69999999
1.20000004
1.30000001
1.80000002
7.5999999
7.7000001
9.5999999
10.3000002
8.3999996
11.0
6.8000001
2.8
2.8
2.5
2.5
0.800000019997
0.900000009999
0.800000019997
0.800000019997
2.10000001
2.8
1.7
1.99999998
2.1
2.6
2.3
1.99999998
1.99999998
3.1999999
2.2
2.9
1.10000002
0.800000019997
2.29999998
2.29999998
0.800000019997
0.900000009999
1.40000001
0.900000009999
0.800000019997
2.6
1.70000001
1.20000002
2.8
1.10000002
0.900000009999
1.7
7.8999999
8.2999997
11.4000001
8.1999998
4.5
9.7999997
11.1999998
10.1999998
1.6
1.10000002
2.3
1.0
1.10000002
1.6
1.9
1.39999998
2.6
1.0
1.40000003
1.6
1.6
1.0
1.30000001
3.60000001
3.9000001
6.5
8.1999998
7.8
4.7
3.8999999
2.20000001
1.20000004
1.30000001
2.7
9.0999999
10.0
6.3
3.6
2.7
2.4
2.4
2.7
2.8
3.0
3.2
2.8
1.30000001
6.1999998
4.0
5.0
3.4000001
2.3
4.1
6.6000001
4.9000001
4.8999999
7.0
8.8000002
11.0999999
5.0000001
2.7
2.9
2.9
2.8
2.8
2.9
1.19999999
1.29999999
2.8
2.8
1.6
3.6
8.3999998
7.7
7.7
4.8
1.59999997
5.0
5.1999998
6.1000001
6.7
8.3999999
14.6000004
4.7
1.10000002
2.6
2.9
2.8
2.8
2.9
2.8
1.9
0.800000019997
0.800000019997
1.5
1.99999999
3.7
7.0999999
7.0
5.6000001
3.6
4.0999999
4.0
4.0999999
4.8
4.8000002
9.8999996
5.2
2.2
2.3
3.1
3.0
3.0
3.0
3.0
2.5
1.0
1.0
1.40000003
5.2999999
5.1000001
3.9999999
1.69999999
2.0
2.6
9.9000001
6.9000001
3.7
6.8999999
7.6000001
10.2999997
3.69999999
2.20000001
2.8
2.0
0.900000009999
2.4
2.8
2.9
2.8
2.8
2.09999999
1.10000002
4.2999999
5.1999998
4.7000001
4.7000001
4.5
4.7000001
4.9000001
4.7000001
3.7
1.30000001
1.20000004
1.10000002
1.10000002
1.0
1.10000002
1.99999999
3.0
2.8
1.30000001
3.1
2.09999999
3.0
1.7
1.10000002
3.5
4.8999999
5.4
5.1000001
3.5
2.9
1.89999998
4.5
4.0999999
1.19999999
1.9
3.1
1.39999998
1.0
1.6
2.30000002
2.39999998
2.10000002
1.10000002
2.19999999
1.0
1.0
1.80000001
1.10000002
6.1
7.3
6.1000001
5.6000001
2.09999998
2.09999998
2.7
1.79999999
1.30000001
1.0
1.5
1.99999998
3.2
3.6
3.5
3.0
2.4
2.2
2.3
2.2
2.2
2.6
2.9
1.00000003
3.1
4.5999999
7.5
5.5
4.3999999
3.8
2.3
2.2
2.1
4.1
8.1000002
13.2999997
4.4
2.1
2.7
2.9
2.8
2.8
2.6
2.6
2.7
2.6
1.5
2.2
4.3000001
3.1
5.0999999
4.1999998
2.09999999
1.89999998
1.99999998
2.6
2.09999998
5.5999999
7.7000001
9.2999997
2.79999989
1.39999998
3.1
3.0
2.8
3.0
2.9
2.6
2.8
3.0
2.8
3.0
3.1
2.5
2.2
3.1
1.69999999
2.09999998
1.69999999
1.80000001
2.3
4.0
6.5
11.3000002
5.10000009
1.20000004
1.40000003
2.29999998
3.0
2.9
2.8
2.8
2.9
2.9
3.0
1.7
2.8
2.6
1.69999999
1.69999999
1.99999998
3.3999999
3.5
2.8
5.7999999
5.0999999
5.3999999
10.4000001
6.4000002
2.1
2.1
2.2
1.89999998
1.89999998
1.89999998
1.79999996
1.79999996
1.79999996
1.99999998
2.5
2.8
7.5
7.0999999
7.0999999
7.7
8.2000001
9.2000003
9.0
5.0
1.39999998
1.5
2.4
2.1
2.1
1.5
1.1
2.2
2.1
2.9
3.0
1.30000001
2.30000001
2.39999998
1.0
1.79999999
6.2999999
5.7000001
5.1999998
5.0999999
6.9000001
9.5
8.5
6.6000001
1.6
1.00000003
1.20000002
2.7
0.900000009999
1.60000001
0.800000019997
1.70000001
1.40000001
0.800000019997
1.80000002
2.20000001
1.1
0.800000019997
1.8
2.49999998
1.69999999
2.4
1.79999996
2.0
1.79999996
2.2
2.4
1.69999999
1.19999999
1.70000002
8.6999998
9.0999999
4.99999988
0.900000009999
1.90000001
0.800000019997
1.80000002
1.29999999
0.900000009999
0.800000019997
1.9
1.6
1.19999999
1.80000001
3.5
8.6999998
7.1999998
6.3
2.5
4.2
4.2999999
4.2999999
4.8999999
6.2000001
11.0
6.7999999
2.2
2.9
3.4
3.0
3.0
3.0
3.0
3.0
3.0
3.0
1.5
3.4
2.39999998
3.4000001
5.0999999
4.5
1.39999998
1.69999999
6.2999999
5.5
5.2999999
8.2999997
11.9000001
6.1000001
2.4
3.3
3.4
3.9
3.9
4.0
4.0
3.9
3.9
3.8
2.2
1.79999999
1.89999998
1.79999996
1.5
1.60000002
1.79999996
4.2999999
4.7
5.8999999
6.8000002
7.4000001
12.3000002
6.6000002
4.2
3.8
2.9
3.1
3.1
2.7
2.8
3.0
3.1
3.0
2.4
2.6
4.3
4.3999999
3.1999999
1.69999999
2.80000001
5.3999999
5.8
6.0999999
6.3
7.1000001
9.3000002
4.8
1.10000002
2.8
2.00000002
2.9
2.8
2.8
2.8
2.9
2.8
2.8
1.19999999
5.0000001
10.7000003
9.3999996
11.0
9.1999998
12.3000002
9.0999999
9.0
5.6
2.5
2.6
2.2
1.39999998
1.99999998
1.0
1.6
1.19999999
2.4
2.3
1.70000002
1.20000004
1.40000003
2.2
4.9
10.2000003
12.7000003
11.6999998
11.1000004
10.8000002
12.4000001
10.8000002
11.7999997
10.7999997
2.09999999
1.7
2.8
1.60000002
2.2
2.2
2.2
1.10000002
1.7
2.2
1.99999998
2.3
2.2
2.7
1.30000001
3.4000001
2.6
2.7
1.80000001
1.60000002
3.39999998
7.0
7.2
6.0
6.9000001
6.0999999
11.0999999
9.4000001
5.0
1.80000001
2.6
2.4
2.09999998
0.900000009999
1.50000001
2.3
2.2
2.4
1.80000002
3.1
6.0
6.3999999
6.0
6.4000001
6.6999998
5.1
2.3
10.3999996
9.4000001
11.9000001
13.8975
6.5
3.0
2.6
2.5
2.5
2.4
2.4
2.7
2.5
2.6
2.6
1.5
4.7
6.3000002
5.5
2.0
4.0
1.69999999
1.80000001
6.5999999
2.3
8.8000002
11.3999996
14.5
8.8
2.5
2.0
2.0
2.2
1.89999998
2.3
1.99999998
1.89999998
2.4
2.3
1.80000001
1.30000001
7.0999999
11.0
11.1000004
8.0
7.1000001
6.6999998
6.0
4.7000001
6.3000002
8.3999999
12.9000001
7.0
3.6
2.0
2.2
2.1
2.3
2.0
2.1
2.2
2.4
2.1
1.40000003
2.8
4.7
2.89999998
2.4
2.1
6.2
9.1000004
4.6000001
5.7999999
10.3000002
12.5
13.7000003
5.9999998
1.30000001
2.5
1.7
2.9
2.3
2.4
2.6
2.2
2.2
2.4
3.1
4.3999999
4.5999999
7.6000002
5.5999999
4.9000001
5.2
4.4
5.3
4.5
1.30000001
2.0
3.0
2.30000001
1.10000002
1.0
1.9
2.0
3.1
3.0
1.7
1.0
2.39999998
3.1
1.6
3.0
7.0
6.6
7.0
7.0
8.3000002
8.7000001
11.0
8.2
7.8999998
8.8000002
4.60000009
2.00000002
2.9
2.9
2.50000001
0.800000019997
0.800000019997
0.900000009999
2.6
2.8
2.7
2.09999999
1.30000001
3.2
7.1000001
6.8000002
7.4000001
5.6000001
5.2
5.0
2.29999998
1.39999998
1.0
1.9
8.5
8.5999999
5.2999999
3.5
3.2
3.5
3.3
2.9
2.3
3.0
3.1
2.9
1.30000001
6.5999999
7.3999999
8.2000001
5.3000001
4.2
4.2999999
7.2
5.7999999
6.7000001
7.3999999
12.3000002
13.8000002
5.7000001
3.1
3.1
3.0
3.0
3.0
3.2
3.3
3.2
3.0
3.0
2.30000001
4.0
7.6000002
8.2000003
9.0
7.0
2.5
4.6000001
4.7000001
5.8
7.1000001
10.5
12.0
5.9999999
2.3
3.0
2.6
2.4
2.6
2.4
2.4
2.4
2.3
2.5
2.1
1.79999996
4.4000001
4.9000001
4.7
4.9000001
4.9000001
5.3999999
5.6000001
5.4000001
5.2999999
7.9999998
11.6999998
7.2999999
4.0999999
3.2
2.4
2.3
2.7
2.5
2.4
2.4
2.3
2.29999998
1.90000001
6.4000001
6.6000001
6.4
6.0
5.8
3.9
5.5
5.5
7.0
7.6999998
11.3000002
13.8000002
5.6999998
1.99999999
2.5
1.60000001
2.6
2.2
2.2
2.2
2.1
2.3
2.3
1.10000002
4.6999999
8.9000001
9.2000003
10.0999999
10.0999999
8.2999997
7.3000002
6.8
5.6000001
3.3
2.9
2.9
2.7
0.800000019997
0.800000019997
2.0
2.19999998
2.19999998
2.8
2.9
1.90000001
1.20000002
2.5
2.39999998
1.10000002
6.2999999
8.2000003
7.2
6.3999999
5.8
4.3999999
11.3999996
8.4000001
9.6999998
2.3
3.6
3.3
1.5
2.6
1.10000002
2.0
3.0
3.1
3.0
3.0
1.8
1.30000001
3.3
3.1
3.1
3.2
5.2
3.8
4.4
4.3000001
3.5
3.5
2.0
2.19999999
6.3000002
10.5
10.2999997
8.2999997
2.7
2.2
2.2
2.9
3.0
2.0
2.0
2.6
1.10000002
1.10000002
3.3
9.5
10.5999999
9.9000001
11.0
12.9000001
14.0999999
15.1000004
11.5
14.5999999
15.8000002
14.6999998
4.9
3.0
2.2
2.6
2.1
2.1
2.0
2.0
2.1
2.0
2.2
3.5999999
3.9999999
8.5999999
8.2999997
8.5
8.6000004
4.0
6.4000001
8.5
9.5999999
13.6999998
16.0000005
15.2999997
8.6999998
3.9
3.2
2.7
3.0
3.0
2.9
3.0
3.0
3.0
3.0
1.70000002
3.1
9.3000002
9.4000001
8.7000003
8.6999998
7.1999998
9.0
8.6000004
9.9000001
14.0
15.0999999
16.6999998
8.2000002
2.4
3.5
2.4
2.3
2.2
2.2
2.2
2.2
2.2
2.2
1.69999999
2.70000001
10.2999997
8.3000002
8.5
6.0
8.4000001
7.4
10.1000004
8.7999997
13.0
15.0000005
15.1000004
5.69999992
1.5
2.6
1.6
2.4
2.0
2.2
2.1
2.3
2.3
2.4
1.69999999
3.3999999
2.7
2.5
3.4
2.4
2.3
7.4000001
6.6999998
5.9
5.2
2.2
1.30000001
1.10000002
2.5
1.60000001
1.6
1.60000001
1.79999999
1.0
0.900000009999
2.1
3.1
2.10000002
1.0
1.39999998
5.3
6.2
10.0
10.1999998
11.6999998
12.6000004
7.1000002
4.3
1.39999998
1.0
0.800000019997
2.0
2.8
1.1
2.29999998
2.29999998
1.40000001
2.9
1.00000003
0.800000019997
2.6
2.4
1.19999999
3.8999999
6.6999998
3.4
2.9
5.9999998
7.2
9.4000001
6.6000001
1.99999998
6.6000001
4.0999999
10.4000001
10.2999997
6.5999998
2.9
2.49999998
1.79999996
2.6
2.7
2.6
2.6
2.5
2.9
3.4999999
10.3
14.7999997
13.5
12.2999997
11.6000004
10.7999997
11.6000004
12.5999999
12.0999999
16.8999996
12.4925
16.2999997
7.2999999
1.39999998
2.4
2.6
2.7
2.5
2.4
2.6
2.5
2.6
2.5
1.40000003
6.3000002
11.3000002
10.0
9.2999997
9.1999998
6.5999999
8.9000001
8.0999999
10.0
14.2999997
14.5
14.5
5.7999998
2.9
2.5
2.5
2.2
2.3
2.3
2.2
2.1
2.1
1.5
1.80000002
2.8
6.3999999
7.2
7.8000002
8.0999999
7.9999998
8.1000001
8.1000002
7.1000001
15.4999995
16.8000002
15.5999999
7.6999998
4.5
3.0
1.50827586207
0.0165517241367
0.0165517241403
0.0165517241367
0.0165517241367
0.0165517241403
0.0165517241367
0.0165517241367
0.0165517241403
0.0165517241367
0.0165517241403
0.0165517241367
0.0165517241367
0.0165517241403
0.0165517241367
0.0165517241367
0.0165517241403
0.0165517241367
0.0165517241367
0.0165517241403
0.0165517241367
0.0165517241367
0.0165517241403
0.0165517241367
1.7375
2.0175
2.045
1.765
1.3875
1.2825
1.3625
1.2925
0.57
2.9425
4.6575
5.3
6.545
6.695
7.3025
8.28
8.8825
7.8525
4.2225
2.3
1.9825
1.8725
1.645
1.355
1.7825
1.8075
1.9625
2.1425
1.9175
1.62
2.0075
2.0175
1.67
3.91
7.1275
8.075
8.375
7.9425
7.17
7.9975
8.085
6.575
3.43
2.1875
2.1675
1.93
2.1625
2.15
1.10827586207
1.30827586207
1.7
2.09999998
2.6
2.4
1.0
1.40000003
1.6
1.69999999
3.10000001
6.5999998
4.2999999
3.3
1.99999998
1.99999998
2.09999998
2.19999998
5.0
6.9
10.0
9.6000004
5.4000001
2.5
1.5
1.30000001
1.30000001
1.5
2.6
2.7
3.2
1.79999996
1.59999997
3.1
8.4000001
7.2
7.2999999
7.0999999
9.9000001
9.2000003
7.3999998
9.6000004
14.0
14.3999996
13.7000003
6.6
2.3
2.29999998
2.10000002
1.39999998
1.20000004
1.20000004
1.39999998
1.30000001
1.39999998
1.5
1.40000003
5.5999999
5.5999999
6.6000001
6.2999999
4.4
5.8999999
6.2
7.2000001
9.1000001
12.0
14.3999996
14.7999997
7.4000001
3.1
3.3
2.9
3.0
1.60000002
1.10000002
1.0
2.10000002
3.0
3.1
2.2
3.3999999
4.8000002
7.0
7.5000002
7.2
13.5999999
10.8000002
9.1999998
13.2000003
16.1000004
14.7000003
15.1999998
7.3000002
2.5
2.5
2.9
2.9
2.8
2.9
2.8
2.9
2.8
1.8
1.20000004
8.8000002
7.1999998
5.7999999
6.4000001
6.6000001
8.8
9.6999998
10.6000004
9.4000001
10.8000002
12.8000002
12.2999997
6.3
2.4
2.3
2.30000001
3.1
3.2
3.1
3.1
3.0
3.1
3.1
1.89999998
6.3999998
10.4000001
11.7999997
11.9000001
12.5
13.7000003
16.9000006
16.8999996
12.9000001
1.69999999
1.79999996
2.39999998
1.99999998
1.19999999
1.39999998
1.19999999
1.39999998
0.900000009999
1.9
1.7
0.800000019997
0.900000009999
1.9
1.40000003
3.4
9.6999998
9.9000001
9.5999999
9.4000001
9.5999999
10.5999999
9.0
7.5999999
4.0
2.8
2.39999998
0.800000019997
1.29999999
0.800000019997
2.20000001
0.800000019997
2.00000002
2.19999999
0.900000009999
1.60000001
1.29999999
1.40000001
1.59999997
3.6
5.4
3.3999999
2.9
2.8
1.90000001
2.60000001
3.4
4.7000001
5.0
12.2000003
10.7999997
10.1999998
9.7000003
3.8
3.2
3.3
2.6
2.6
2.6
2.8
3.7
4.0
3.1
3.8
10.1000001
10.9000001
10.4000001
9.5999999
12.7999997
9.2999997
9.9000001
12.1999998
14.2000003
15.0999999
14.5
11.3999996
8.1000001
3.0
2.8
2.3
1.20000004
1.39999998
1.39999998
2.29999998
2.8
3.0
1.70000002
3.3
5.5
3.99999988
7.1
6.8000002
7.4000001
6.9000001
7.0
10.2999997
14.8000002
13.4000001
14.2999997
11.1000004
6.0999999
1.59999997
3.0
3.0
3.0
3.3
2.9
3.0
3.3
3.1
1.69999999
1.79999996
2.7
8.9999998
7.5
7.7000001
7.2
7.4000001
3.0
10.5
15.0
15.8000002
16.3000002
8.8
1.40000003
1.8
2.9
2.8
2.9
2.8
2.8
2.8
2.9
2.8
2.3
2.4
5.0
8.7999997
6.8999999
4.9999999
8.8
11.0999999
9.3000002
12.0
15.4000001
16.0000005
15.5000005
9.1999998
4.5
3.4
1.9
2.8
3.0
2.30000001
0.800000019997
2.29999998
2.9
2.8
1.20000004
8.2000003
15.6999998
12.7175
13.28
15.7000003
15.4000001
14.5
12.5999999
11.1999998
6.8
2.8
3.0
3.0
2.5
1.10000002
3.7999999
2.9
2.9
2.8
2.8
2.8
2.9
2.9
1.29999999
9.7
13.0999999
15.4000001
16.7000003
13.0999999
14.4000001
15.0999999
13.8000002
13.0
2.20000002
1.20000002
2.9
3.2
3.3
4.8999999
4.0999999
5.2999999
5.0999999
4.0
4.1999998
4.0
3.9
2.29999999
2.39999999
4.3999999
5.1999998
5.2000001
3.4
2.5
4.7000001
3.9
4.0
5.6000001
3.4
6.1
10.7999997
10.4000001
7.9999998
3.5
2.7
3.4
3.3
3.0
2.7
2.5
2.7
2.7
1.5
4.1999999
9.9000001
10.7999997
7.8999999
9.7999997
11.2000003
12.5999999
11.9000001
12.1000004
14.0
15.8999996
14.8999996
12.0
8.8000002
3.3
2.09999998
2.1
2.2
2.2
3.0
3.0
3.0
3.0
1.5
5.3
8.6999998
10.5999999
5.6
3.9
11.0999999
10.0
8.3
11.8000002
15.1999998
15.5
14.6999998
11.0
6.6000001
2.4
2.39999999
1.60000002
2.1
2.8
2.9
2.8
2.8
2.9
1.40000003
3.9999999
7.9000001
7.2000001
6.5
6.8
5.8
6.1999998
4.6
6.6
12.8999996
14.0
15.0999999
9.3
2.6
2.5
2.7
2.8
2.9
2.9
3.0
2.8
2.9
3.0
1.69999999
4.0
9.7999997
6.3000001
3.59999998
3.1
12.0
13.4000001
14.3000002
17.0999998
11.73
12.7825
13.735
7.4999998
2.6
2.7
1.69999999
2.3
2.2
2.8
3.0
3.1
3.0
2.09999998
1.40000003
9.8
15.2000003
14.2999997
16.4999995
11.68
11.8975
12.0125
15.5
14.5
4.5999999
2.9
2.29999998
1.50000001
2.1
1.30000001
2.9
0.900000009999
2.0
2.8
1.19999999
1.30000001
2.7
0.900000009999
2.80000001
7.1
15.6000004
16.9000006
16.0999999
15.6999998
16.5
11.6125
15.6999998
10.0999999
4.0999999
1.89999999
3.6
2.39999999
2.8
3.3
2.7
3.2
3.4
3.2
2.7
2.9
2.4
1.80000001
1.39999998
4.1000001
5.7000001
4.4
6.9000001
5.6
6.5
8.4000001
5.6999998
3.1
3.1
3.9
9.4000001
9.6000004
9.0
2.5
