5.90000009999
5.5
5.60000009999
5.8
5.5
5.7
9.0
23.7
30.9
43.600001
49.699999
32.89
23.0875
51.300001
46.0
46.1
43.600001
37.100001
22.0
13.0999999
8.59999990001
5.8
5.90000009999
6.2
6.10000009999
6.2000001
5.90000009999
6.2999999
6.19999980001
5.7
9.10000020001
22.1999996
36.899999
46.5
49.600001
50.700001
40.385
47.3
45.199999
44.1
41.800001
33.300001
28.2
15.6000004
13.8000002
9.09999989999
6.10000009999
5.90000009999
6.2
6.09999990001
6.19999980001
6.09999990001
5.90000009999
6.2
8.2000001
25.4
30.900001
43.800001
50.0
48.299999
50.899999
41.2
40.300001
38.199999
38.400002
34.900002
20.9999996
13.0999999
9.5000002
6.7000001
6.3
6.39999999999
6.2
6.8
6.2999999
6.5
6.80000019999
6.2999999
10.1999998
22.9999996
31.5
46.899999
40.6975
33.625
19.425
52.0
43.5
42.799999
38.800001
34.799999
21.7999998
11.1999998
9.5
6.09999990001
5.80000019999
6.09999990001
5.90000009999
6.0
5.90000009999
6.19999980001
6.2
5.7000001
9.5
23.2
27.8
47.799999
36.4225
33.51
28.8825
44.700001
37.700001
37.299999
37.600001
33.900001
22.5
20.4
12.7999997
6.09999990001
6.10000009999
5.8
7.0
5.90000009999
6.2999999
6.19999980001
6.10000009999
6.0
6.3
7.7999999
8.39999959999
17.5
22.0
23.7
22.3
20.0000002
13.6999998
7.0
6.89999990001
8.40000009999
8.59999990001
8.1999998
7.5
7.2
6.90000009999
7.09999990001
6.5
7.5
6.89999990001
7.2
7.39999999999
7.39999990001
7.10000009999
8.39999959999
7.5
7.09999990001
5.7000001
5.80000019999
5.7000001
5.7
5.39999999999
5.60000000001
5.5
6.7000001
6.89999990001
7.7
7.09999990001
6.09999990001
6.30000019999
6.0
6.2
6.2
6.39999990001
6.2000001
6.39999990001
6.09999990001
9.90000009999
26.0
31.199999
47.399999
53.200001
34.385
24.55
45.0
35.200001
36.699999
36.900002
35.4
21.2999998
11.4000001
9.7000003
5.90000009999
5.89999990001
6.0
6.19999980001
6.10000009999
6.2
6.0
6.09999990001
6.10000009999
10.1000002
25.7
29.500001
46.399999
41.16
40.3675
39.0325
49.600001
46.4
45.1
41.199999
28.2
18.8999996
10.7999997
9.3
6.39999990001
6.09999990001
6.39999990001
6.10000009999
6.39999990001
6.5
6.2999999
6.39999999999
6.2999999
9.8
18.1999998
23.7999996
43.199999
50.899999
39.7
51.5
42.5
37.1
36.1
32.9
31.500001
24.3
11.8999996
6.89999990001
5.60000000001
6.19999980001
5.8
6.5
6.10000009999
6.09999990001
6.30000019999
5.7000001
6.3
8.59999990001
19.2000002
31.3
46.799999
51.400002
30.6375
18.22
47.5
44.300001
40.899999
39.4
31.0
18.3999996
10.9000001
9.59999989999
6.5
6.60000009999
6.09999990001
6.59999990001
6.39999990001
6.7000001
6.2999999
6.7999999
6.2999999
9.3
19.4000006
24.0
43.799999
51.100001
52.300001
51.300001
43.5
41.2
35.300001
39.6
32.1
18.3999998
9.6999998
7.59999990001
6.0
6.10000000001
5.90000009999
5.60000009999
6.2999999
5.8
5.89999990001
5.90000009999
6.2000001
5.7000001
7.59999990001
5.89999990001
5.2
5.09999990001
5.39999999999
5.40000009999
5.0
5.09999990001
5.0
5.2
6.39999990001
7.2
7.19999980001
6.3
5.5
5.7
5.60000000001
5.90000009999
5.8
5.60000000001
5.90000009999
5.7000001
5.8
5.8
7.0
5.80000019999
5.39999990001
5.0
4.90000009999
5.0
5.19999980001
4.89999990001
5.39999990001
4.80000019999
6.89999990001
7.0
8.59999990001
6.10000009999
5.60000009999
5.80000019999
5.7
6.10000000001
5.89999990001
5.7
5.89999990001
6.09999990001
6.2000001
9.1999998
19.5
25.2
42.0
49.100001
53.399999
23.16
48.0
45.6
41.5
39.699999
29.9
19.3999998
12.0999999
9.09999990001
6.39999999999
6.39999999999
6.5
6.2999999
6.5
6.60000009999
6.39999999999
6.2999999
6.5
9.5
22.4
29.2
47.9
52.899999
52.8
52.5
50.4
44.699999
44.7
43.200001
36.5
22.6
8.80000019999
8.4999998
6.2
6.3
6.2
6.19999980001
6.3
6.5
6.2999999
6.5
6.2
9.40000009999
23.1
29.2
47.3
51.200001
36.105
36.6
50.600001
45.300001
40.899999
41.4
34.0
19.7
11.2000003
7.40000010001
6.0
6.5
6.0
6.5
6.0
6.2999999
6.19999980001
6.2999999
6.19999980001
9.2999999
24.1
33.5
48.9
46.799999
50.800001
17.02
47.2
38.900002
36.2
43.0
34.900001
24.7
16.7999997
16.3000002
12.3999998
6.19999980001
6.39999999999
5.7
6.80000019999
6.0
6.5
6.60000000001
6.2
9.1999998
23.1
31.199999
44.0
33.9
22.1
20.7
23.8
29.300001
32.4
32.9
28.500001
19.8999996
14.3999996
7.59999989999
5.2999999
5.09999990001
5.2
5.0
5.2999999
5.10000009999
5.2999999
5.2
5.40000009999
5.39999990001
6.2999999
5.40000009999
4.60000009999
4.7000001
4.2
4.90000009999
5.5
3.9999999
4.3
4.19999980001
6.10000000001
5.90000009999
6.40000009999
5.59999990001
4.80000019999
4.8
4.8
4.90000009999
4.90000009999
4.7
5.2000001
4.89999990001
4.60000009999
5.09999990001
6.39999990001
4.7999999
4.40000009999
4.3
5.39999990001
5.3
5.0
4.09999999999
4.09999990001
4.19999980001
5.69999980001
6.2
6.10000009999
5.5
5.0
4.7000001
4.90000009999
2.41517251379
0.0303448275808
0.0303448275954
0.0303448275808
0.0303448275808
0.0303448275954
0.0303448275808
0.0303448275954
0.0303448275808
0.0303448275808
0.0303448275954
0.0303448275808
0.0303448275808
0.0303448275954
0.0303448275808
0.0303448275808
0.0303448275954
0.0303448275808
0.0303448275954
0.0303448275808
0.0303448275808
0.0303448275954
0.0303448275808
0.0303448275808
5.895
6.0675
6.0175
6.06
6.14
6.1825
8.0275
14.8125
20.245
32.5375
36.695
35.8725
35.7525
36.885
35.1475
32.875
31.7425
26.3425
19.3675
12.9475
9.7025
7.4225
6.3325
6.19
6.185
6.2325
6.3625
6.355
6.325
6.395
8.1225
17.5775
23.18
34.935
40.54
37.8775
37.8425
39.1825
36.765
34.5675
33.9375
31.2225
21.9475
13.42
9.215
6.785
6.2375
6.21
2.11517231379
2.0151724138
4.2999999
4.3
4.3
4.09999990001
4.39999990001
5.59999990001
4.5
4.09999990001
4.5
4.0
4.2
3.9999999
4.39999990001
4.2
4.39999990001
5.60000009999
5.7000001
5.5
4.8
4.2
3.9999999
4.09999990001
4.2999999
4.09999990001
4.0
4.5
3.89999999999
4.39999990001
4.7000001
5.80000019999
4.09999990001
4.09999990001
4.2999999
3.89999999999
4.2
3.89999999999
4.40000009999
4.2
4.09999990001
5.5
5.7
5.19999980001
4.89999990001
4.09999999999
3.89999999999
4.09999999999
5.0
4.09999990001
4.2
4.3
4.09999990001
4.09999990001
4.59999990001
6.10000000001
4.2
4.0
4.2999999
3.7
4.69999980001
4.09999990001
4.19999980001
3.9999999
4.10000000001
5.10000009999
5.60000000001
5.5
4.5
5.0
4.09999999999
4.5
4.90000009999
4.39999999999
4.2999999
4.5
4.7000001
4.19999980001
4.80000019999
6.0
5.19999980001
4.39999990001
4.39999990001
4.2999999
4.39999999999
4.2999999
4.3
4.40000009999
4.40000009999
5.2999999
6.0
5.90000009999
4.89999999999
5.5
4.60000000001
4.89999990001
5.7999999
4.90000009999
4.89999990001
5.2
4.8
5.90000009999
5.0
5.7000001
4.60000009999
4.2999999
4.3
4.7
5.39999999999
5.5
5.5
5.39999990001
5.60000009999
6.89999990001
7.2
7.60000000001
5.90000009999
4.8
5.2000001
5.59999990001
5.19999980001
5.7000001
5.2999999
5.89999990001
5.89999990001
5.5
5.7999999
7.0
7.5
10.7000003
11.8000002
11.5
8.1999998
7.09999990001
7.5
6.5
5.10000000001
7.0
7.5
7.39999990001
6.2
5.39999990001
4.80000019999
5.10000000001
5.2999999
4.90000009999
5.39999999999
5.90000009999
5.0
5.59999990001
5.2999999
6.2
6.10000009999
7.90000009999
7.7999999
7.7000001
6.0
5.60000009999
5.80000019999
5.89999999999
5.60000000001
6.8
7.10000000001
6.09999990001
5.7
5.0
4.80000019999
5.0
2.5
5.1000001
5.0
5.0999999
4.9000001
5.2999999
5.7999999
6.0
4.9000001
4.5
4.6
5.6
5.5
4.6000001
4.3999999
4.5
5.1
6.6000001
6.5
6.0999999
5.1000001
4.9000001
5.2
4.8000002
5.0
4.9000001
5.0999999
5.0999999
5.1000001
5.1000001
5.2999999
6.6000001
5.2999999
6.2999999
6.5
7.4000001
5.8999999
5.3999999
4.4
4.5999999
4.2
5.7
6.1999998
5.7000001
5.0
4.5
4.5
4.5
5.0
4.5999999
4.5
4.5
4.7000001
4.6
4.6
6.0
4.5
8.0
7.8
8.8
8.4999998
5.6000001
4.3
4.3
4.5
5.7
6.7
6.2999999
5.5
5.2
5.0
4.9000001
4.5999999
5.0999999
5.0999999
5.4000001
6.0
5.0999999
5.2
6.3999999
5.3999999
4.4000001
4.5
4.3
4.2
4.6
4.8999999
4.5
4.2
5.5
6.0
5.7000001
4.8999999
4.4
4.4
4.5
5.8999999
4.6000001
4.4
4.8
4.3999999
4.7000001
4.6
6.2000001
13.4000001
26.8999996
38.5
41.100001
40.199999
39.4
38.900002
36.0
38.299999
28.3
20.6000004
9.9000001
8.0000002
7.0
7.0999999
7.5
7.3
7.5
7.2999999
7.5
7.2999999
7.3999999
9.5
22.7
23.4
45.6
39.51
45.899999
46.1
43.199999
39.099998
34.400002
38.100001
36.5
23.5999996
12.8000002
9.2000003
7.5
7.2999999
7.3999999
7.1000001
7.5
7.5
7.4
7.5
7.2999999
9.3000002
22.6
24.7
47.1
49.800001
53.2
36.9275
47.200001
45.6
42.299999
40.5
35.100001
24.6
15.0
11.0999999
7.2999999
7.1999998
7.4
7.9000001
7.6000001
7.5
7.5
7.3
7.3999999
9.2
22.9
24.6
46.3
53.600001
27.28
18.79
43.4
37.0
35.699999
36.8
32.5
25.9
13.3999996
9.8999996
8.0999999
8.1999998
8.0999999
7.7
8.0999999
8.5
8.0999999
8.1999998
8.5999999
10.0999999
24.1
28.7
50.799999
50.0
30.9875
23.975
50.9
44.9
45.299999
41.6
33.799999
23.9
12.1999998
9.1999998
7.8000002
7.6000001
7.8000002
6.4000001
7.8999998
7.8000002
7.7
7.7
7.6999998
8.1999998
8.9000001
9.8000002
6.2999999
6.0
5.6000001
5.3999999
5.0999999
5.1000001
5.2
5.0
6.1999998
6.7000001
6.3999999
5.8
5.0
5.0
5.3000002
5.1999998
5.2
5.0
5.3
5.1999998
5.1000001
5.0999999
6.8000002
5.2000001
6.0
5.7999999
5.0999999
5.1000001
5.5
5.3
5.1000001
4.8
6.5999999
6.2999999
6.6000001
5.6999998
4.9000001
5.0
5.2
5.4000001
5.2
5.0999999
5.3999999
5.0999999
5.2
7.9000001
23.9
28.7
48.199999
53.700001
32.1175
27.77
53.299999
50.399999
43.800001
43.4
34.5
25.0
11.1999998
6.9000001
5.9000001
5.9000001
6.0
6.1999998
5.8000002
6.1000001
5.8000002
6.0999999
5.9000001
8.1000002
26.4
26.8
46.0
48.3
39.4525
50.4
43.6
39.299999
35.8
38.599998
35.0
26.7
13.8000002
6.8999999
6.0999999
6.0999999
6.0
6.3
6.1999998
6.3
6.2
6.2
6.2
8.2000003
21.7
24.9
44.200001
47.800001
40.185
50.700001
47.599998
44.199999
43.9
41.299999
36.799999
25.0
14.9000001
9.3000002
5.7
5.9000001
5.6
5.8
6.1999998
5.6000001
6.0
5.8
6.0
8.2000001
21.2
24.3
49.699999
50.8
30.6175
21.1725
47.5
43.5
38.300001
36.4
31.5
21.9
11.1999998
6.4000001
5.7000001
5.5
5.8
5.8
5.7000001
5.7
6.1
5.5
5.8
10.1999998
21.3999998
24.4
46.3
39.055
52.300001
31.0575
47.0
37.9
35.599998
29.6
26.2
17.8
10.1999998
7.3
5.7
5.8
5.5
5.7000001
6.0
5.5
5.7
5.7000001
5.7000001
5.6
7.2999999
5.2999999
5.3
4.7000001
5.3999999
5.0999999
5.4000001
4.8
5.0999999
4.8000002
6.4000001
6.7000001
7.0
5.9
5.6
5.6000001
5.6
6.1
5.8
5.5
5.7000001
5.7
5.6
5.6
7.0
5.7999999
5.0
4.6
5.0999999
4.7000001
4.9000001
5.0999999
4.9000001
4.8
6.4000001
7.5
7.3
6.1000001
5.7
5.6000001
5.6999998
5.8
5.7000001
5.6000001
5.7999999
6.1999998
7.1999998
10.4000001
22.0
23.7
50.5
42.28
39.935
35.98
49.3
38.5
39.100001
39.800001
30.8
19.5000004
12.4000001
8.1999998
6.3
5.8000002
6.6000001
6.8999999
6.2
6.3
6.2999999
6.6
7.3999999
10.6999998
22.4
26.2
53.100001
43.655
41.075
42.09
50.700001
50.5
41.899999
41.200001
31.0
25.0
15.8999996
13.5
7.2000001
7.2999999
7.2999999
7.0
7.0999999
7.8
7.0
7.7000001
7.0
11.5999999
24.6
28.8
46.800001
43.56
42.97
42.1175
52.799999
42.5
44.2
39.700001
37.700001
25.4
15.0999999
10.0999999
7.1999998
6.9000001
7.3
7.0
7.1999998
7.0
7.3999999
7.0999999
7.1000001
9.1000002
22.0
27.6
51.800001
53.600001
34.9025
24.28
49.600001
44.5
42.900002
42.0
35.500001
23.7
12.0
7.5999999
7.0
6.8
7.2000001
6.5
7.1000001
7.3999999
7.1999998
7.2999999
7.3
11.5
24.7
25.8
49.5
52.0
53.5
32.81
47.400002
38.100001
37.599998
37.0
35.1
22.5999996
12.5999999
9.5
6.1000001
5.9000001
6.0
6.2
5.9000001
6.2
6.0
6.2000001
5.9000001
6.2
7.2999999
5.8999999
5.5
5.0999999
5.2999999
5.2
5.0999999
5.3
5.2999999
5.1000001
6.6999998
8.2999997
7.2
6.2000001
6.1
5.5
5.8000002
5.9000001
5.7000001
6.0999999
5.8000002
6.0999999
5.8000002
5.8000002
7.3000002
5.8999999
5.2999999
5.5999999
6.0999999
6.5
5.3999999
5.3
5.2
5.2999999
6.3999999
7.5
6.9000001
6.5
5.8
6.0
5.8
6.2999999
5.8000002
6.0
6.0999999
6.0999999
7.3000002
11.0
24.8
28.1
47.3
53.5
52.799999
33.575
46.5
42.300001
42.5
38.300001
29.699999
20.0999998
10.5
7.5
6.3
6.2
5.9000001
6.6
6.0999999
6.3
5.8
6.7000001
6.5999999
10.1999998
23.5
26.1
47.7
51.5
36.8175
37.585
49.700001
45.399999
44.9
43.3
31.0
30.1
16.7000003
13.2999997
10.8000002
6.5
6.2
6.6000001
6.2999999
6.6000001
6.5
6.3
6.7999999
10.6000004
26.0
26.5
47.0
40.4
42.465
41.59
45.5
44.800001
40.299999
37.100001
30.9
22.2
13.9000001
12.0999999
6.2999999
6.1000001
6.4000001
6.3000002
6.3999999
5.9000001
6.8000002
6.0999999
7.1000001
9.8000002
22.0
29.499999
49.099998
51.4
35.97
26.12
47.800001
43.5
42.399999
39.0
33.300001
23.1
11.0
7.3000002
6.3999999
6.0999999
6.5
6.1
6.3999999
6.6000001
6.5
6.7000001
7.5
10.0999999
20.1000004
25.4
42.5
47.4
51.199999
33.0925
47.299999
38.8
36.1
31.4
29.3
18.9999998
13.7999997
8.9000001
5.6000001
5.8999999
5.7000001
5.7000001
5.7999999
5.9000001
5.7
5.9000001
6.0
5.7000001
7.2
5.7000001
5.1000001
5.0
4.8
5.0999999
5.2
4.9000001
5.0
5.2
6.2000001
6.6
7.2
6.2
5.4
5.8
5.7000001
5.2999999
5.7
5.7
5.5
5.3999999
6.0
5.3999999
6.8999999
5.7000001
4.9000001
5.0
5.5
4.9000001
5.0
4.9000001
5.0
5.0
6.2000001
6.9
6.8000002
6.1
5.4
5.8
6.2
5.9
6.1000001
6.0
6.4
7.6
7.5
10.6000002
24.1
25.4
51.599998
51.700001
49.600001
52.6
47.799999
42.400002
40.4
38.899999
33.000001
18.6999998
9.3999996
7.2000001
6.3999999
6.3999999
6.2999999
6.8
6.7000001
6.2
6.5
6.9000001
7.4
11.0
23.4999998
29.700001
50.100001
53.100001
41.1825
50.600001
47.300001
40.199999
37.4
35.2
26.8
21.8
14.7000003
11.5999999
7.7
7.3999999
7.8999999
6.7000001
7.8
7.8
7.7000001
8.0
8.4000001
10.6999998
24.9
27.3
43.899999
51.0
50.600001
51.5
46.200001
38.0
33.699999
34.6
28.300001
21.4
10.4000001
8.4000001
5.9000001
5.7999999
5.8
6.7000001
6.0
5.8999999
5.9000001
5.8000002
7.1000001
11.2000003
22.1999998
29.3
49.800001
43.045
35.63
27.4075
48.700001
44.0
42.4
40.799999
32.3
22.4
13.5
8.0999999
7.6
7.7000001
7.6000001
7.2000001
7.7000001
7.7000001
7.8000002
7.9000001
8.5
12.1000004
23.7000002
34.899999
49.900002
53.1
52.299999
52.200001
45.0
40.100001
37.4
37.699999
28.299999
17.1999999
10.8999996
8.5
6.9000001
7.2000001
7.1000001
6.8000002
7.5
6.8000002
7.2
7.2999999
7.0
7.0999999
7.0999999
7.1
6.2
6.6000001
6.4000001
7.3999999
6.7999999
6.1000001
6.2
6.2
6.2
6.8
6.7000001
7.0
6.5
6.8999999
6.7999999
7.3999999
6.9000001
6.7000001
7.0
7.0
6.7000001
7.6999998
7.6000001
7.1999998
6.5
7.5
6.2999999
6.8000002
6.6
6.6
6.8
6.4
6.8999999
7.2
7.2
7.5
7.2
7.3
7.0999999
7.1000001
7.2
7.2999999
7.9999998
8.4000001
8.4000001
11.0
22.2
24.5
46.100001
42.785
40.3175
38.745
45.099998
37.1
35.7
33.5
27.6
16.4000006
11.3000002
9.1999998
7.0
7.0
7.1000001
7.2999999
7.1999998
7.0
7.1999998
7.1999998
8.1000002
10.6999998
22.8
28.900001
44.899999
50.600001
41.4675
42.065
47.399999
44.199999
42.6
42.0
28.6
24.6
11.9000001
10.0
7.0999999
7.0
7.0
7.0
7.0
7.2999999
7.4000001
7.0
7.7000001
9.9000001
21.7
27.3
52.799999
53.5
52.800001
42.7725
50.9
43.300001
42.800001
40.799999
32.0
23.4000004
11.3000002
8.7000003
6.5
6.6
6.6000001
6.5
6.7000001
7.0
6.6000001
6.7000001
6.9
9.8000002
18.3999999
26.9
45.900002
53.5
36.765
29.23
44.8
37.0
36.799999
35.4
30.300001
24.0
12.8999996
9.0999999
7.5
6.7000001
6.7000001
6.2999999
6.9000001
6.8000002
6.8
7.0999999
7.1000001
9.5000002
20.2
22.4
45.200001
50.2
51.399999
32.52
46.899999
38.5
38.599998
36.600001
28.6
15.0
7.9000001
6.1
5.2999999
5.4
5.5
5.5
5.6000001
5.6000001
5.5
5.6
5.3999999
5.4
5.5
5.3
4.7
4.9000001
4.6
4.7000001
4.9000001
4.6000001
4.6
4.6
4.8
4.9000001
5.2
5.2
5.2999999
5.3999999
5.0999999
5.0999999
5.3999999
5.3
5.6
5.2999999
5.3
5.5
5.0999999
5.0
4.6
4.6000001
4.8
4.5
4.5
4.6000001
4.5
4.5
4.7000001
4.5999999
5.1999998
5.3
5.0
5.4
5.2000001
5.5999999
5.5
5.2
5.5
6.5
6.6000001
7.8000002
18.9000006
15.0
14.0999999
13.6999998
15.1999998
13.5
10.0
9.0
7.0999999
6.5
5.0999999
6.5
5.8999999
5.9000001
5.8
5.8
5.8
5.5999999
5.0999999
5.4
5.5
5.3999999
6.5
7.9000001
15.7000003
13.1999998
11.9000001
8.4999998
8.3999998
7.6000002
7.5999999
7.3999999
7.2999999
7.3
5.2000001
5.0
5.3
5.0999999
5.0999999
5.4
5.0999999
5.3999999
5.7
5.2
5.5
5.7
5.1999998
5.9
14.0000005
15.7999997
14.1999998
10.0
8.7999997
6.2000001
5.2999999
5.7
6.5
6.4
5.4
6.5
5.6000001
5.2999999
5.3999999
5.2999999
5.3
5.5
5.3999999
5.7000001
5.3999999
5.2999999
5.6
6.1999998
13.2000003
13.0999999
11.3000002
10.0
5.9000001
6.5
6.0
5.0999999
5.2
4.6000001
5.2000001
4.7999999
5.1999998
5.0999999
5.2999999
5.2
5.2999999
5.2999999
5.3
5.4000001
5.5
5.2
5.4
5.6000001
5.5999999
5.6000001
5.5
6.0
6.5999999
7.0
6.0
5.7000001
7.4
6.0
5.0999999
4.7999999
5.1999998
4.9000001
4.9000001
5.1999998
5.0
5.0
5.0999999
5.3
5.0999999
5.0
5.0999999
5.1000001
5.0
4.7000001
4.1999998
4.2999999
4.4
5.5999999
4.8
4.6
4.5
4.2999999
4.6000001
4.4000001
4.4
4.3999999
4.5
4.3999999
4.9000001
5.3
5.1999998
5.0
5.0
4.8999999
5.0999999
5.5
5.2999999
5.5
5.7
6.0
5.2999999
4.9000001
5.0
5.0
5.0999999
5.2
5.1999998
4.8
5.9000001
5.7000001
5.8
6.3
6.0
6.3
6.2
6.2
6.0
6.8
6.6000001
8.5000002
16.0999999
23.6
44.2
52.200001
41.13
52.5
46.0
45.700001
38.699999
39.200001
29.9
14.1999998
8.0
6.5
6.0999999
5.8000002
6.3
6.5999999
6.0999999
6.3
6.5
6.0999999
7.4000001
9.5
20.8
27.3
45.599998
51.900002
50.5
51.400002
41.599998
38.399999
42.1
39.800001
25.5
16.1999998
9.5
7.7000001
6.8999999
6.5999999
6.5999999
6.8999999
6.5
7.0
6.3999999
6.7999999
6.8000002
9.4000001
21.8999996
25.7
44.199999
46.699999
52.0
50.899999
43.4
38.6
35.799999
34.5
26.1
18.5
13.2999997
9.5
6.8000002
7.0999999
6.9000001
6.8999999
7.2
7.3000002
7.2
7.0
7.2
9.1000002
19.6
25.3
50.6
36.1525
34.75
32.1075
48.200001
40.300001
34.0
31.2
24.8
16.6999998
10.0
6.7
6.2
6.4
6.6000001
6.8999999
6.3999999
6.7000001
6.5
6.6
6.6000001
14.0
19.7000002
20.8
34.400001
38.5
40.100001
33.6
34.799999
29.6
29.1
30.6
27.3
20.3999996
12.5
8.9000001
7.0999999
6.9000001
7.2000001
7.2999999
7.2999999
7.2999999
7.3
7.0999999
7.4000001
7.0999999
7.2
6.6
6.2999999
6.6999998
6.4000001
6.7000001
7.0
6.5
6.5
7.2
6.4
6.8000002
7.3999999
7.0
7.3
7.2999999
7.2999999
3.75918367551
0.11836735102
0.11836735102
0.11836735102
0.11836735102
0.11836735102
0.11836735102
0.11836735102
0.11836735102
0.11836735102
0.11836735102
0.11836735102
0.11836735102
0.11836735102
0.11836735102
0.11836735102
0.11836735102
0.11836735102
0.11836735102
0.11836735102
0.11836735102
0.11836735102
0.11836735102
0.11836735102
3.35918367551
2.75918367551
5.5
5.2999999
5.2999999
6.2999999
8.7000003
21.0
22.4000004
37.3
47.799999
51.2
51.6
43.6
37.899999
35.5
30.3
26.9
15.9000006
9.5999999
9.4000001
6.7
6.6
6.3999999
6.6000001
7.0999999
6.6000001
6.7
7.0
6.8
8.9000001
23.4
21.1999996
43.6
50.8
39.55
39.625
44.899999
36.4
38.099998
35.9
19.1
16.8000002
11.3000002
9.0999999
7.2
7.2
6.8000002
7.4
7.5
6.9000001
7.0999999
7.2
7.4000001
10.3000002
19.4999998
21.3999998
40.2
50.899999
50.5
49.9
43.900002
38.700001
32.800001
33.4
23.7000002
16.5
13.5
11.0999999
7.3000002
6.8
6.7000001
6.6000001
7.2
7.1000001
6.8999999
7.2
7.3
10.5
21.5
22.6
38.7
45.700001
47.699999
45.1
46.0
39.8
34.5
34.199999
26.1
17.4000006
9.8000002
6.2999999
6.6
6.2999999
6.7
6.2000001
6.9000001
6.5
6.9000001
6.5
6.7000001
8.6999998
19.0000004
21.8999998
37.200001
44.200001
40.399999
44.0
41.0
34.600001
33.0
28.1
23.7
14.7999997
9.1999998
7.1
5.6
5.6000001
5.7999999
5.8
5.8999999
5.6
6.0
6.0
5.6
6.0
5.7
5.2
5.6
6.5
5.3000002
5.0999999
4.9000001
5.0999999
4.9000001
4.8999999
5.0
4.9000001
5.5
5.5
5.8000002
5.5
5.2999999
5.6
5.7000001
5.7
5.8000002
5.7999999
5.6000001
5.7
5.4
5.4000001
5.2999999
5.3000002
5.3
5.0
4.8000002
4.8
5.1999998
4.8999999
4.8
4.9000001
5.5
5.1999998
5.6
5.6000001
5.6
6.3000002
5.8
5.8
5.8
5.6
6.9000001
9.5999999
18.3999996
19.6000002
45.199999
38.2575
37.275
37.7925
53.399999
50.899999
48.6
44.600001
29.6
18.1
9.2999997
7.6
6.2999999
6.7000001
6.8000002
6.7999999
6.9000001
6.6000001
7.0
6.7000001
6.8
10.8000002
24.0
20.3999998
38.0
44.5
46.900002
45.1
39.700001
34.299999
32.4
34.699999
22.9000004
14.6999998
9.2000001
7.7000001
7.7
7.2999999
7.6
6.7999999
7.9000001
7.6000001
7.6000001
7.3999999
7.8999998
10.6000001
21.3999996
25.7
42.399999
45.300001
53.1
37.7275
51.0
46.699999
37.399999
38.3
29.499999
18.0999994
9.9000001
9.6000004
7.2
6.3
6.4
6.5
6.2999999
6.6999998
6.3999999
6.3999999
6.6000001
8.5
19.3999998
20.6000004
42.300001
46.9
48.299999
52.5
45.3
40.599998
38.299999
41.1
30.3
18.2999999
11.4000001
9.3999996
7.0
6.3
6.2999999
6.5
6.6
6.3999999
6.5
6.5
6.3999999
8.2000001
18.7000004
21.4000002
41.2
51.700001
40.1475
38.89
49.899999
43.199999
37.0
32.5
23.6
13.4000001
8.2000001
6.9000001
6.3999999
6.6000001
6.5
6.2999999
6.8999999
6.5999999
6.5999999
6.7
6.6000001
6.7000001
6.4000001
6.0
5.7000001
6.2000001
5.6
5.8000002
5.7000001
5.9000001
5.8
5.8
5.9000001
5.6
6.2
6.1999998
6.5
6.0999999
6.2999999
6.8
6.4
6.5999999
6.1999998
6.5999999
6.4
6.2999999
6.2999999
6.0
5.5
5.7999999
5.8000002
5.8000002
5.8000002
5.7999999
5.7000001
5.8999999
6.0
5.7999999
6.4000001
6.0
6.5
6.3999999
6.0999999
6.2999999
6.5
6.4
6.5
6.7
7.2
9.4000001
23.2
24.5
46.0
53.7
41.1575
40.885
51.699999
45.199999
41.199999
38.6
26.9
15.6000004
8.2999997
6.4000001
6.3999999
6.4
6.5
7.1000001
6.6000001
6.3999999
6.6000001
6.5
6.8
9.3000002
21.0999996
27.7
39.700001
48.4
51.800001
47.5
42.200001
39.1
35.0
32.800001
21.3000002
15.0999999
10.5999999
8.5999999
7.8999999
7.8999999
7.8000002
8.0
8.0999999
7.8000002
7.8
7.7000001
8.1999998
9.9000001
21.0
24.6
39.699999
43.300001
42.100001
46.0
41.4
38.5
35.4
34.599998
22.3000004
15.1999998
9.6999998
11.5999999
8.2999997
8.3999996
8.5
7.6000002
8.5
8.5
8.8000002
8.4000001
8.6000004
10.2000003
20.7
25.3
38.900002
43.699999
49.299999
51.900002
42.6
40.5
43.600001
37.800001
25.7
14.1999998
8.4999998
6.7999999
6.7000001
6.7000001
7.0
6.7
7.2
6.9000001
7.2
6.7000001
6.8999999
9.2999997
23.6
22.4
42.700001
40.6
45.599998
45.100001
37.799999
32.4
31.6
29.0
20.3999996
13.0999999
6.8999999
6.7
6.7000001
6.8
6.7999999
6.3
6.8
6.8999999
6.9000001
6.6000001
6.7
6.5
6.3999999
5.6
5.6000001
5.6000001
5.5
5.5999999
5.7000001
5.7000001
5.6000001
5.6
5.6000001
5.8
5.5
5.5
5.7
5.4
5.7
5.8
5.9000001
5.6
5.8000002
5.8000002
5.7
5.5
5.8000002
5.8
5.5
5.8
5.5999999
5.8
5.5
5.8
5.4
5.6
5.6
5.7000001
5.7000001
5.2999999
5.7000001
5.5
5.7000001
6.5
6.0
5.7
5.8
5.7
6.0
8.7000003
22.3
22.6
44.0
46.0
49.599998
52.2
43.399999
40.599998
41.300001
36.899999
29.200001
14.7000003
9.2999997
8.1999998
7.4000001
6.7
7.0999999
6.5
7.0
7.5
6.9000001
7.0
7.1999998
9.2999997
20.5999996
25.0
38.3
47.200001
45.200001
49.5
39.600001
36.100001
38.0
37.9
25.2
15.7999997
10.5999999
7.3
7.0999999
6.2
6.4000001
6.3999999
6.60000000001
6.29999989999
6.5
6.1999998
6.5
9.0999999
19.2000002
23.8
35.0
41.799999
41.5
44.300001
40.3
33.600001
33.900002
33.2
21.9999998
15.4000001
10.1000004
8.6999998
7.3
6.3999999
6.60000000001
6.7
7.20000010001
6.29999989999
6.8
6.5
6.8
8.5999999
19.7999998
25.6000006
36.0
43.800001
47.299999
52.5
42.6
31.6
34.700001
29.5
25.6
17.1999998
18.3999996
20.8
19.6999998
21.8
11.7999997
5.8
7.0999999
7.2
7.0
7.0
7.0999999
9.0
18.1000004
20.3
38.8
47.299999
47.300001
49.5
39.100001
31.0
31.0
28.7
22.0999998
12.7000003
7.5999999
4.8
4.8
4.8000002
4.79999989999
4.5
5.0999999
4.8
4.8000002
5.0
4.5
5.3
4.29999989999
4.1999998
4.2
4.29999989999
4.2
5.3999999
6.0
4.5
4.0999999
4.2
4.2
4.1999998
4.4
4.6000001
5.0
4.5
4.9000001
4.9000001
2.3
4.9000001
4.60000000001
5.0999999
4.6000001
4.9000001
4.8000002
3.9
4.5
4.0999999
5.2
4.3999999
4.0999999
4.3
3.9
4.3
3.9999999
4.2
4.2
4.5
4.70000010001
5.0
2.2
4.9000001
5.3125
5.36
5.465
5.62
7.0175
15.0075
18.9525
30.1325
35.8525
36.525
37.6725
37.415
34.9425
33.59
31.485
24.6625
15.73
9.945
7.4975
6.23
5.7325
5.66
2.7
5.0999999
4.8
5.3999999
4.8000002
5.0999999
5.10000000001
5.0
5.29999989999
5.3999999
5.7
8.20000010001
6.9000001
5.3999999
4.29999989999
4.29999989999
4.5
4.60000000001
4.9000001
4.39999999999
4.39999999999
4.8999999
5.0999999
4.5
4.79999989999
5.0
5.0
5.70000010001
5.2
4.9000001
5.2
4.8
5.4000001
5.6000001
6.29999989999
6.6999998
5.6999998
6.3
5.4000001
5.0999999
4.3
4.3
5.79999989999
5.2
4.29999989999
4.70000010001
4.6000001
4.6000001
4.5
4.8999999
4.9000001
4.5
5.0
4.8000002
4.70000010001
6.1000001
7.6000001
8.0
6.60000000001
5.29999989999
4.39999999999
4.3999999
4.4000001
5.2
5.4000001
5.29999989999
4.0999999
4.0
4.0999999
3.9
4.3
4.0999999
4.1
4.39999999999
4.29999989999
4.0999999
4.3
4.29999989999
4.0
4.0999999
4.3
4.1
4.0999999
4.1
4.0999999
4.2
3.9999999
4.0999999
4.1999998
3.9999999
3.9999999
4.2
4.0999999
3.9
4.3
4.0999999
4.0999999
4.2
4.0999999
4.3
3.9999999
4.3
4.3
4.0999999
3.9999999
4.2
4.0
4.0
4.0999999
3.8999999
4.2
4.0
3.9
4.0999999
4.2
3.8
4.1999998
4.29999989999
3.8
4.2
4.2
4.0999999
4.2
4.2
4.0
4.39999999999
4.2
4.0999999
4.2
3.9999999
3.9
4.2
4.0999999
3.8
4.29999989999
4.2
3.9999999
4.1999998
4.0999999
3.9999999
3.9999999
4.0999999
4.0999999
4.29999989999
3.9
4.29999989999
4.2
4.0999999
4.2
4.2
4.3
4.1999998
4.0999999
4.1999998
4.1999998
4.0999999
3.9
4.5
4.0999999
4.1
4.0999999
4.3
3.9999999
4.0999999
3.9
4.2
4.1999998
4.0999999
4.1999998
4.39999999999
4.1
3.9999999
4.5
4.3
3.9999999
4.29999989999
4.29999989999
4.1
4.9000001
6.20000010001
4.0999999
4.3
4.0999999
4.0999999
4.29999989999
3.9999999
4.0999999
4.2
3.9
4.1
4.2
4.0
4.0999999
4.3
4.0
4.5
3.9999999
4.1999998
4.2
4.29999989999
4.2
3.9999999
4.3000001
4.0
4.29999989999
4.1
4.0999999
4.3999999
3.9999999
4.2
4.2
4.1
4.0999999
4.0999999
4.1
4.2
4.5
4.0
4.5
4.2
4.1
4.1
4.39999999999
4.0999999
4.0999999
6.5
5.8000002
6.3999999
6.5
6.5
5.79999989999
6.29999989999
6.29999989999
6.9000001
6.2
4.60000000001
4.5
4.60000000001
4.6000001
4.70000010001
4.70000010001
4.7
4.8000002
4.60000000001
4.70000010001
4.9000001
4.39999999999
4.6000001
5.29999989999
4.70000010001
6.79999989999
7.3
7.0999999
6.60000000001
4.7
4.7
5.0
4.39999999999
4.6000001
4.89999999999
4.6000001
4.70000010001
4.5
4.9000001
4.8000002
4.5
4.9000001
4.6000001
4.8
4.8
4.6000001
5.0
4.70000010001
4.5
4.8
4.5
4.3999999
4.70000010001
4.6000001
4.7
4.5
4.60000000001
4.8
4.7
4.5
4.60000000001
4.70000010001
4.5
4.8999999
4.5
4.79999989999
4.7
4.5
4.8000002
4.79999989999
4.5
4.5999999
4.9000001
4.39999999999
4.7
4.5999999
4.8
4.8
4.7
4.6000001
4.9000001
4.6000001
4.60000000001
5.0999999
4.5
4.70000010001
4.8000002
5.5
4.70000010001
5.0
4.6000001
4.9000001
5.0
5.20000010001
20.2000004
25.8
43.199999
45.9
50.8
50.899999
42.200001
36.8
36.1
31.499999
21.9000002
13.0
7.8999999
6.0
6.39999999999
6.70000010001
6.70000010001
7.70000010001
6.9000001
6.5
7.0
6.5
6.70000010001
8.2
23.0
23.5
44.899999
51.100001
49.700001
49.1
45.399999
35.1
36.4
34.399999
29.1
21.9999996
13.0999999
10.1999998
9.5
9.2000003
9.5
7.9000001
9.9000001
9.5
9.0999999
9.7000003
9.3000002
10.5
16.5999999
21.1000004
39.899999
44.4
41.1
41.599998
38.199999
31.6
33.199999
30.599999
19.4
12.1000004
8.6999998
6.70000010001
6.5
6.0
6.5
6.3
6.5
6.2
6.60000000001
6.7
6.0999999
8.2
21.1
21.2
37.199999
43.699999
44.199999
44.800001
33.1
29.1
27.7
26.7
23.7
14.1000004
8.40000009999
6.0
5.5
5.8
6.0
5.8999999
6.2
5.70000010001
6.0999999
5.8
5.8999999
6.8
15.8000002
17.7999998
35.3
41.699999
39.1
43.399999
34.7
28.2
26.7
23.4
17.3000002
12.0999999
7.50000019999
5.6000001
5.8
6.0999999
6.0
6.0
6.1000001
6.0999999
6.2
6.0
6.0
6.2
5.70000010001
5.2
7.0999999
9.2
8.1000002
5.29999989999
5.29999989999
5.3999999
5.29999989999
5.2
5.5
5.29999989999
5.1999998
5.29999989999
5.6000001
5.0999999
5.3999999
5.3
5.1999998
5.3999999
5.39999999999
5.6000001
5.1999998
5.3999999
5.60000000001
4.9000001
5.20000010001
5.2
5.39999999999
4.9000001
5.39999999999
5.4000001
5.29999989999
5.2
5.3
5.3999999
5.3000002
5.29999989999
5.0999999
4.9000001
4.8999999
5.3000002
5.5
5.2
4.9000001
5.29999989999
5.0999999
7.90000009999
18.2000001
15.5999994
33.0
41.0
39.699999
44.1
39.700001
35.699999
34.799999
30.3
21.0000002
16.4000001
14.0999999
11.0999999
7.5
6.1999998
5.9000001
5.7
6.3999999
6.10000000001
5.8000002
6.5
6.0
7.4000001
21.9
27.4
36.200001
42.0
43.0
43.0
33.2
30.8
31.4
26.9
25.0
18.7000004
15.4000001
13.5999999
7.5
5.0999999
5.1000001
5.39999999999
5.1999998
5.3
5.39999999999
5.0999999
5.5
6.79999989999
17.6000004
17.3999999
33.0
37.5
38.5
42.9
35.700001
30.3
30.0
28.9
19.6999996
11.5
7.0999999
6.0
5.6000001
5.39999999999
5.60000000001
5.3999999
5.8999999
5.5
5.3999999
5.5
5.3999999
7.2000003
16.2999997
19.4999999
41.1
45.899999
50.0
47.7
38.1
33.399999
33.6
31.299999
19.8000004
11.5
9.8000002
6.6000001
6.0
5.29999989999
6.0
5.7
5.9000001
5.60000000001
5.8999999
5.7
5.6000001
6.8999998
15.4000001
21.2000001
38.5
44.2
48.1
50.1
39.6
35.5
31.9
33.700001
29.700001
16.0
6.70000010001
5.8999999
6.0
5.7
5.8
5.60000000001
6.1000001
5.8000002
5.9000001
6.0
5.79999989999
5.9000001
5.39999999999
5.2
5.29999989999
4.9000001
5.0999999
5.0999999
5.0999999
5.3
5.0999999
5.0
5.29999989999
4.9000001
5.1000001
5.2
5.3999999
5.8000002
5.7
5.5
5.9000001
5.9000001
5.5
5.9000001
5.8
5.60000000001
5.60000000001
5.0999999
5.0
4.8
5.20000010001
4.8
6.3
4.8999999
5.39999999999
4.8000002
4.9000001
5.1999998
4.9000001
5.0
5.0
5.1000001
5.0
5.3000002
5.0999999
5.39999999999
4.9000001
5.1000001
5.2
7.0
16.4000001
20.3000002
33.3
40.1
46.399999
45.699999
38.0
36.399999
33.899999
31.1
24.1
19.7000002
17.7999992
13.2999997
6.3999999
5.70000010001
6.0
6.1000001
6.0
5.8999999
6.1000001
6.0
5.8000002
8.2999997
20.5999998
19.8999998
35.2
45.400002
48.5
48.899999
42.800001
36.100001
33.9
31.699999
26.4
20.4999998
12.7999997
11.1000004
6.89999999999
6.70000010001
6.5999999
6.3
7.0
6.3999999
6.9000001
6.39999999999
6.5
8.2999997
19.3000002
29.399999
44.399999
46.299999
43.6
46.199999
40.700001
33.1
33.6
31.5
19.5999996
14.5
9.5999999
9.2999997
6.6999998
6.5
6.5
6.5
6.8000002
6.3999999
6.6000001
6.3999999
6.60000000001
9.3
18.0
22.3999999
37.5
42.7
46.5
50.100001
41.0
33.599999
31.3
31.7
23.7
16.7000003
8.09999990001
6.1999998
6.0999999
6.0999999
5.9000001
5.5999999
5.8000002
6.1999998
5.8
5.8
6.0
7.8
17.6999998
23.0000004
37.699999
42.9
43.0
41.899999
40.0
32.0
32.899999
35.199999
24.7
14.4000001
8.4000001
7.3999999
6.7
5.4000001
5.2
5.7
5.5
5.3999999
5.60000000001
5.2
5.29999989999
5.5
5.2
5.3
5.3999999
6.3
6.8
6.79999989999
6.0
5.8
5.39999999999
5.5
5.0
5.3
5.0
5.2
5.5
5.5
5.8
5.8
5.7
6.0
5.70000010001
6.0
5.8000002
5.9000001
5.8000002
5.29999989999
5.2
5.0999999
7.3999999
5.0
5.1999998
5.2
5.29999989999
4.8
5.9000001
5.3999999
4.9000001
5.29999989999
5.3
5.8000002
6.0
5.79999989999
6.0
5.7
6.0
5.5
6.0
6.0999999
7.1999998
6.8000002
7.29999989999
7.39999999999
6.7
6.7
6.1000001
5.8999999
6.8
5.79999989999
5.3
5.5
5.0
5.5
5.3999999
6.0
5.8000002
6.0
6.0
6.3999999
5.70000010001
6.0999999
6.0
8.0
18.4000006
23.4000002
43.9
35.57
50.0
46.6
41.100001
39.4
38.800001
37.600001
22.1
15.5999999
8.59999990001
6.20000010001
6.10000000001
6.3000002
6.0999999
6.1000001
6.5
6.3
6.1999998
6.2
6.1999998
8.0999999
17.8000002
24.3000002
40.8
45.1
42.699999
44.899999
40.5
34.2
34.199999
32.700001
26.9
18.9000002
9.5
7.6000001
6.4000001
6.3
6.29999989999
6.39999999999
6.60000000001
6.0999999
6.6000001
6.2
6.39999999999
7.0999999
14.0999999
18.3999998
40.0
40.0
43.299999
49.199999
41.2
36.399999
32.1
29.6
25.2
16.9000006
10.3000002
6.29999989999
6.5999999
5.8000002
6.1999998
6.5
5.9000001
6.3
6.3
6.0
6.39999999999
6.9000001
16.1000004
19.9999999
38.900002
46.199999
0.323809533336
0.323809533329
0.323809533336
0.323809533329
0.323809533336
0.323809533336
0.323809533329
0.323809533336
0.323809533336
0.323809533329
3.46190476667
6.0
6.5
6.20000010001
6.3999999
6.70000010001
6.29999989999
6.70000010001
6.3999999
5.9000001
0.257142857139
0.257142857146
0.257142857139
0.257142857146
0.257142857139
0.257142857146
0.257142857139
0.257142857146
0.257142857139
0.257142857146
3.02857152857
5.7
5.8
5.0999999
5.0999999
5.3999999
5.79999989999
5.8999999
5.9000001
5.3999999
5.8
5.60000000001
5.6000001
5.5
5.0
6.8
5.0999999
5.0999999
6.7
6.8
8.5999999
5.3000002
5.0999999
4.8999999
4.8999999
5.0999999
4.8999999
5.7
5.8
6.5
6.1999998
5.9000001
6.60000000001
6.3999999
6.29999989999
6.5
6.1999998
7.0
8.70000010001
20.3
30.000001
28.5
31.0
32.6
29.7
26.5
26.4
24.5
21.4
17.0
9.3999998
5.6000001
5.9000001
5.5999999
5.8000002
5.70000010001
5.6000001
5.8999999
5.70000010001
5.8
5.70000010001
6.8999998
15.3999996
21.7000004
37.0
43.0
50.899999
49.1
42.700001
40.899999
34.9
34.9
26.7
18.1999998
11.0
6.79999989999
5.8000002
5.7
5.5
6.0
5.70000010001
5.8
5.60000000001
5.8000002
5.5
7.7
13.6000004
26.0
34.499999
36.799999
41.9
43.899999
41.7
36.700001
34.0
32.0
26.6
15.5999999
10.5
7.99999980001
6.5
5.60000000001
5.6000001
6.6000001
5.6000001
5.8
5.70000010001
5.9000001
5.5
7.59999990001
19.2000004
25.2
42.399999
48.300001
49.900002
37.3475
47.5
44.0
41.300001
40.4
35.1
20.1
15.1000004
9.8000002
7.5999999
7.3
7.0
7.10000000001
7.1999998
7.2
7.3
7.0999999
7.39999999999
8.1999998
15.0999999
17.6000001
36.5
39.699999
40.900002
47.7
40.299999
33.500001
32.1
29.7
25.3
21.0
15.3000002
12.9000001
8.2
5.4000001
5.5
5.5
5.8
5.70000010001
5.8000002
6.0
5.6000001
5.8
8.2000003
7.1999998
7.5999999
11.4000001
15.8000002
18.3999996
17.8999996
15.4999995
10.9000001
10.6000004
9.6999998
7.6999998
6.8
5.8000002
5.5
5.3999999
5.5
5.1999998
5.5
5.5
5.7
5.2
5.5
5.3999999
5.6999998
5.2
6.29999989999
9.0
13.0
15.3000002
15.0
12.6999998
7.0
6.5
7.0999999
6.89999999999
5.9000001
5.29999989999
5.0999999
5.60000000001
5.5
6.0
5.3999999
5.6000001
5.5
5.39999999999
5.6000001
9.50000019999
20.9000002
32.000001
44.0
47.900002
33.965
52.5
41.900002
39.2
37.699999
33.800001
33.499999
23.1
13.5
10.5
9.09999990001
6.8999999
6.29999989999
6.20000010001
6.5
6.3999999
6.70000010001
6.3999999
6.29999989999
8.5999999
16.1000004
19.3000002
41.5
45.3
45.600001
46.300001
46.399999
38.0
36.6
36.9
25.6
19.1999998
13.4000001
8.7999997
6.6000001
5.3
6.29999989999
6.20000010001
6.1000001
5.70000010001
6.0
5.8
5.9000001
7.5
15.1999998
22.7999996
39.5
47.5
48.099998
35.225
47.9
38.600001
33.199999
32.600001
21.2000004
13.0999999
7.5
7.2
6.2
6.60000000001
6.2
6.60000000001
6.5
6.5
6.3999999
6.29999989999
6.4000001
8.40000009999
14.5999999
22.5999999
39.8
43.9
47.100001
46.5
37.300001
30.900001
28.4
25.0
16.6000004
11.0
7.7
6.70000010001
6.9000001
6.60000000001
7.0
6.7
7.29999989999
6.79999989999
7.1000001
6.79999989999
6.89999999999
9.0
18.5
28.0
38.100001
41.8
41.7
44.800001
36.6
29.6
26.2
26.4
16.2000003
10.0
8.59999990001
6.0
5.5
6.2
6.0999999
6.0999999
6.3999999
6.2
6.3
6.29999989999
6.3
5.5
5.6000001
5.6000001
5.3999999
5.5
5.7
5.3999999
5.60000000001
5.6000001
5.5
5.5
5.6000001
5.60000000001
5.3999999
5.70000010001
5.5
6.1000001
6.4000001
6.0
6.3
6.0999999
6.5
6.1999998
6.1000001
6.0999999
5.7
5.70000010001
5.39999999999
5.5999999
5.5
5.39999999999
5.6000001
5.6000001
5.5
5.39999999999
5.3999999
5.5
5.5
5.70000010001
5.3999999
5.6000001
5.7
5.60000000001
5.8999999
5.70000010001
5.60000000001
5.5
5.5
5.9000001
5.7
5.6000001
5.60000000001
5.6000001
5.6000001
5.5
5.7
5.5
5.6000001
5.60000000001
5.70000010001
5.5
5.29999989999
5.70000010001
5.7
5.5
5.60000000001
5.6000001
6.0
5.7
5.9000001
5.6999998
5.3999999
5.70000010001
5.6000001
5.8
5.6000001
5.79999989999
5.5
5.70000010001
5.5
5.60000000001
5.79999989999
5.60000000001
5.29999989999
5.6000001
5.5
5.5999999
5.29999989999
5.3999999
5.6000001
5.6000001
5.8000002
5.5
5.70000010001
5.6000001
5.5
5.70000010001
5.7
5.5
5.39999999999
5.5
5.70000010001
5.60000000001
5.8
5.5
5.8000002
5.5
5.5
5.3999999
5.5
5.5
5.3999999
5.3999999
5.8
5.8000002
5.8000002
5.5
6.0
5.5
5.5
5.7
5.39999999999
5.60000000001
5.8
5.8
5.8
5.6000001
5.70000010001
5.8000002
5.70000010001
5.70000010001
6.2
6.0
5.70000010001
5.5
5.3999999
5.3999999
5.4000001
5.3
5.70000010001
5.70000010001
5.3999999
5.5
5.60000000001
5.6000001
5.70000010001
5.5
5.5
5.70000010001
5.39999999999
5.3999999
5.6000001
5.3999999
5.70000010001
5.6000001
5.5
5.5
5.3999999
5.7
5.4000001
5.1999998
5.3999999
5.3999999
5.70000010001
5.3999999
5.3999999
5.6000001
5.3999999
5.5
5.3999999
5.60000000001
5.29999989999
5.4000001
5.3999999
5.5
5.29999989999
5.3999999
5.39999999999
5.1999998
5.5
5.0999999
5.3999999
5.2
5.1999998
5.39999999999
5.5999999
5.5
5.3
5.5
5.70000010001
5.3
5.5
5.3
5.70000010001
5.5
5.3999999
5.29999989999
5.5999999
5.6000001
5.3999999
5.3999999
5.3999999
5.5
5.5
5.5
5.8000002
5.5
5.39999999999
5.70000010001
5.60000000001
5.70000010001
5.5
5.70000010001
5.29999989999
5.60000000001
5.6000001
7.5
17.6000004
19.7000002
35.099999
40.699999
45.9
45.200001
38.0
36.399999
34.5
33.8
28.1
17.0000001
8.79999989999
6.0
5.8
5.70000010001
6.0
5.60000000001
6.0999999
6.0
5.8000002
6.2
5.8
6.8999998
20.2
23.7
41.7
50.300001
53.5
50.600001
43.5
37.199999
35.599998
32.799999
23.5
13.5999999
8.1000002
6.6000001
5.6999998
6.0
5.70000010001
5.8
5.8
6.0
5.8
5.8
5.8
7.0
15.0999999
18.8999998
36.6
39.5
42.200001
44.0
35.099998
34.5
33.5
28.9
21.0
13.5999999
7.0
6.0
6.0999999
5.9000001
6.0
6.1999998
6.0999999
6.0999999
6.0999999
5.9000001
6.1999998
7.09999990001
12.6000004
19.5000001
31.100001
35.200001
42.700001
44.6
34.5
33.4
26.9
31.0
22.4
12.1999998
8.59999990001
6.5999999
6.0
6.0999999
6.2
6.3999999
6.0999999
6.39999999999
6.0
6.60000000001
6.1000001
7.7
17.0
19.8999999
38.3
39.0
39.100001
40.799999
34.799999
33.700001
34.200001
29.8
17.8999998
10.0999999
6.5
6.0
5.6000001
5.8
5.70000010001
5.70000010001
6.1999998
5.70000010001
5.8000002
6.0
5.79999989999
5.70000010001
5.6000001
6.0
5.70000010001
5.60000000001
5.60000000001
5.9000001
5.60000000001
5.7
5.9000001
5.60000000001
5.70000010001
5.70000010001
5.7
5.7
5.60000000001
5.70000010001
5.60000000001
2.9000001
5.7
5.38
5.5475
5.5125
5.5175
5.4775
5.385
5.195
5.005
5.1325
5.6775
5.7575
5.9025
5.5625
5.085
4.85
4.8475
4.7925
4.7475
4.74
4.695
4.9725
5.175
5.0825
5.325
5.5175
5.46
5.4975
5.565
6.57
11.0325
14.15
23.37
29.835
30.6325
31.37
28.585
25.6025
23.975
22.2175
17.5625
12.975
9.075
6.975
6.125
5.7525
5.71
5.6375
5.76
5.87
5.8825
5.9475
5.91
6.79
13.7575
18.32
27.2
33.365
34.04
34.8025
31.6675
27.8575
26.01
24.64
18.74
12.3825
9.4475
7.7625
6.4975
5.955
5.885
5.995
6.15
6.1825
6.2175
6.17
6.1725
7.1325
13.735
18.545
28.285
33.1725
33.8125
34.065
30.895
27.02
24.92
23.5625
18.185
12.87
8.975
7.225
6.22
5.815
5.8575
5.905
6.1125
6.0375
6.0125
6.0125
5.9875
6.925
11.6725
15.97
24.695
29.225
31.115
32.325
29.7625
27.395
26.08
25.14
20.1575
13.7625
9.16
6.825
5.825
5.4
5.17
4.9925
5.1975
5.3175
5.2775
5.35
5.44
6.3375
8.7975
11.7175
21.465
27.38
28.29
28.525
26.24
22.165
20.245
19.3175
14.12
10.0375
6.9275
5.515
5.0375
5.0025
5.14
5.1125
5.315
5.2925
5.305
5.38
5.355
5.2425
5.2025
5.1175
5.1425
5.5275
5.95
6.17
6.4125
6.3225
6.1125
5.8275
5.765
5.6125
5.395
5.145
5.1025
5.125
5.1
4.97
5.17
5.22
5.3
5.2475
5.2575
5.21
5.1675
4.9275
4.7675
4.9275
5.4025
5.3975
5.4625
5.305
4.9025
4.7525
4.95
4.9675
4.935
4.99
4.8975
4.935
4.93
3.0999999
5.035
5.8999999
5.60000000001
5.7
5.8
7.2
15.1999998
22.8
37.7
45.399999
45.699999
45.4
34.8
26.1
24.7
23.9
16.1999998
10.1000004
6.8
5.9000001
5.8999999
6.0
6.29999989999
6.20000010001
5.9000001
6.39999999999
6.4000001
5.9000001
5.9000001
7.6999998
12.8000002
20.7000002
36.500001
39.399999
33.099999
41.6
34.1
30.8
30.7
29.0
20.4999996
12.6999998
8.0
6.70000010001
6.0
6.0999999
6.3999999
6.1000001
6.3999999
6.5
6.5
6.20000010001
6.39999999999
8.5
16.9000001
21.0000001
37.5
41.0
44.899999
47.699999
38.100001
34.1
33.400001
31.4
25.1
16.6999998
12.7000003
7.0
6.0999999
6.2
5.9000001
6.0
6.4000001
6.0
6.3999999
6.20000010001
5.8999999
7.6999998
14.5999999
17.1999998
30.400001
36.0
36.9
39.199999
34.699999
31.6
27.3
27.6
19.7000002
10.9000001
6.70000010001
6.29999989999
6.0
6.39999999999
6.5
6.0
6.8
6.1000001
6.29999989999
6.5
6.2
7.8999998
10.5
12.6000004
26.5
33.2
40.0
42.900002
37.9
26.1
24.2
26.4
17.1000001
8.99999980001
6.5999999
5.6000001
5.5
5.29999989999
5.5
5.0
5.5
5.70000010001
5.60000000001
5.39999999999
5.6000001
5.3
5.5
5.70000010001
5.0999999
5.2
5.0999999
5.7
5.29999989999
4.9000001
5.2
5.3
4.9000001
5.2
5.29999989999
4.8000002
5.0
5.5
4.8999999
5.4000001
5.39999999999
5.0
5.3999999
5.39999999999
5.0999999
5.3
5.2
5.2
5.29999989999
4.9000001
5.0999999
5.0
5.3
5.0999999
4.9000001
5.4000001
4.70000010001
5.2
4.70000010001
5.5999999
4.8999999
5.0
5.3
2.8
5.6000001
5.1925
5.1125
5.12
5.1975
6.1725
10.8325
15.4075
25.9
31.525
32.8225
31.9675
28.6975
25.4325
24.0775
22.7325
17.625
12.0525
8.53
6.72
6.1275
5.8475
5.7425
3.0
5.8
6.0
5.39999999999
6.0
5.60000000001
6.60000000001
11.2000003
19.9000002
29.300001
33.699999
36.899999
45.699999
36.5
34.4
30.3
29.6
20.1000002
11.1999998
8.40000009999
7.7
7.0999999
6.0
5.9000001
5.9000001
6.0
6.0
6.2
5.70000010001
6.0
7.0
13.6999998
14.4000006
29.800001
40.299999
43.600001
43.800001
35.5
31.3
29.8
30.2
20.1999998
11.7999997
9.0
8.90000009999
5.70000010001
5.5999999
5.29999989999
5.9000001
6.0
5.8
5.1999998
5.8999999
5.60000000001
6.79999989999
10.7999997
21.0999999
34.9
39.0
41.800001
42.799999
35.100001
28.9
32.499999
29.6
20.2
12.5
9.5
7.0
6.0
6.1999998
6.3999999
5.5
6.1999998
6.29999989999
6.2
6.1999998
5.8
7.1999998
16.5
19.5
36.2
43.299999
49.4
48.6
39.5
33.6
33.1
30.8
20.1999996
13.2000003
6.20000010001
5.8999999
5.7
5.39999999999
5.8000002
5.9000001
6.0
5.9000001
5.5
5.70000010001
5.8000002
5.3999999
5.6000001
5.70000010001
5.6000001
6.5
7.9000001
8.90000009999
16.2000003
15.4000006
15.0999999
12.4000001
10.0999999
7.8999999
5.6000001
5.3999999
5.70000010001
5.5
5.3999999
5.20000010001
5.60000000001
5.70000010001
5.70000010001
5.39999999999
5.7
5.5
5.70000010001
5.5999999
5.39999999999
5.5
5.70000010001
5.8999999
5.70000010001
5.0
5.39999999999
5.0999999
4.9000001
5.0999999
5.1999998
5.0
5.0
5.2
5.5
5.4000001
5.5
5.3
5.1000001
5.39999999999
5.2
6.0999999
14.2999997
17.8000002
34.299999
41.5
42.9
44.0
35.1
33.4
30.8
30.9
19.7999996
8.9000001
9.0999999
6.5
6.2
6.1999998
6.3999999
6.0
6.2
6.5
6.1999998
6.5999999
6.0
7.0
13.8000002
18.3000001
28.7
37.699999
37.599998
40.600001
33.7
31.1
28.2
27.3
16.3000002
10.3000002
8.9000001
6.0999999
6.0
6.29999989999
5.9000001
6.1999998
6.39999999999
6.3
5.9000001
6.1999998
6.0
7.3000002
13.4000001
13.8000002
28.1
34.800001
42.299999
43.2
36.899999
35.099998
33.8
30.7
18.9999998
9.4000001
8.1000002
6.20000010001
6.0
6.0
6.0
6.1000001
6.29999989999
5.9000001
6.0
6.2
6.0
7.3000002
13.8000002
22.1000002
37.9
43.6
46.600001
30.7225
40.799999
41.1
41.5
36.5
20.2000002
8.79999989999
6.1000001
5.8000002
5.8
5.8
5.7
6.0999999
6.0999999
6.0
6.0999999
5.60000000001
6.0999999
6.2
10.9000001
13.6000004
25.0
32.6
37.9
33.2
31.2
30.3
30.999999
28.6
16.7999998
10.1999998
7.29999989999
6.5
5.5
5.8000002
5.8
5.20000010001
6.3999999
5.8000002
5.70000010001
5.8000002
6.0
5.70000010001
6.0
5.9000001
5.5
6.3999999
6.3
6.8
6.0
7.0
7.29999989999
6.1999998
5.3
5.0999999
4.8999999
4.7
5.2
5.0
4.8
4.7
5.3
4.70000010001
5.0
5.0
5.10000000001
5.0
4.8
4.9000001
4.7
5.1000001
4.9000001
4.60000000001
5.0
5.2
4.39999999999
5.0999999
5.0
4.70000010001
4.8999999
5.0
4.7
4.9000001
5.1999998
5.4000001
5.0999999
4.8
5.4000001
4.70000010001
5.1000001
6.79999989999
13.0999999
13.9000001
31.1
43.099998
48.199999
48.100001
36.799999
35.0
36.700001
35.200001
21.2
11.0
10.0999999
9.2999997
9.8000002
7.0999999
5.70000010001
7.4000001
5.70000010001
5.9000001
6.0
5.29999989999
6.0999999
6.6000001
15.0999999
23.1999999
34.799999
44.200001
41.5
41.8
37.399999
34.7
36.100001
32.4
25.0
15.4999995
17.1000004
18.6999998
12.7000003
7.8999999
8.0
9.1999998
9.0999999
8.5
8.0
8.40000009999
8.40000009999
10.3999996
19.0
22.2999996
34.900001
39.8
43.900002
47.2
35.4
33.2
32.699999
30.2
21.3999998
13.5999999
15.8000002
18.5999994
15.5000005
10.0
9.8000002
8.3999998
10.7000003
9.90000009999
10.0
10.4000001
9.8000002
10.4000001
17.0
20.8999998
31.5
38.3
42.8
42.1
33.6
33.600001
32.3
30.200001
20.0999996
13.7999997
8.90000009999
6.70000010001
6.39999999999
6.6000001
6.70000010001
5.7
6.8000002
6.8000002
6.4000001
6.60000000001
6.8
7.6999998
14.3000002
14.8999996
27.6
32.7
36.5
37.700001
34.5
33.199999
27.8
24.2
14.5
7.3000002
6.29999989999
6.29999989999
5.7
5.70000010001
5.6000001
5.5
6.0
6.0999999
5.3
5.70000010001
5.8
5.5
5.5
5.60000000001
5.5999999
5.2
6.3000002
5.2
5.70000010001
5.70000010001
5.60000000001
5.2
5.8000002
5.39999999999
5.70000010001
5.2
5.70000010001
5.70000010001
5.0999999
5.6999998
5.9000001
5.60000000001
5.70000010001
5.3999999
5.8999999
5.70000010001
5.3
5.70000010001
5.9000001
5.39999999999
5.5
5.5
5.8000002
5.5
5.5
5.29999989999
5.5
5.5999999
5.29999989999
5.5
5.29999989999
5.8
5.70000010001
5.5
6.0999999
5.8
5.3
5.8
5.8
6.6999998
13.7999997
21.4000002
38.8
46.799999
49.700001
27.6075
42.1
37.8
38.2
30.9
19.2999998
10.6999998
7.6999998
6.5
5.3999999
5.1999998
5.5
6.1000001
6.0
5.8000002
5.5999999
5.29999989999
5.70000010001
7.09999990001
13.0
24.6999998
35.300001
41.099998
43.1
44.299999
35.599998
33.5
33.300001
31.0
20.5000004
13.5
10.5
6.8000002
6.70000010001
6.5
5.70000010001
5.9000001
5.9000001
6.0999999
5.8000002
5.8999999
6.0999999
6.8999999
12.9000001
16.6999999
34.2
45.0
43.5
48.699999
34.2
29.5
29.0
30.3
18.9000002
10.1999998
6.6000001
4.8000002
5.39999999999
5.1999998
6.3999999
5.7
6.39999999999
6.60000000001
6.0
6.29999989999
6.5
8.00000019999
13.7999997
19.2999999
31.000001
37.199999
38.800001
42.0
32.900002
33.6
32.199999
32.199999
21.3000002
13.1000004
6.69999980001
6.59999990001
5.59999990001
5.3
4.89999990001
5.2999999
5.5
5.60000009999
5.19999980001
5.2999999
5.40000009999
6.2
15.0000005
16.4000002
31.3
38.6
43.800001
40.299999
36.8
28.4
29.7
26.6
17.0000001
9.69999980001
5.60000009999
5.5
5.39999999999
5.0
5.39999999999
5.5
5.5
5.8
5.5
5.7000001
5.39999999999
5.2999999
5.19999980001
5.10000009999
5.5
4.90000009999
5.19999980001
5.2999999
5.5
5.19999980001
4.7000001
5.2
4.89999990001
5.09999990001
5.19999980001
5.0
5.0
5.2000001
4.8
5.2000001
5.0
5.39999990001
5.0
5.2
5.09999990001
5.0
5.3
5.0
5.09999990001
5.0
5.5
5.0
5.19999980001
5.09999990001
5.0
5.39999999999
5.19999980001
4.7000001
5.19999980001
5.39999990001
4.8
5.19999980001
5.0
5.2000001
5.3
5.09999990001
5.2
5.2999999
5.2000001
6.6999998
16.6999998
26.8
36.699999
41.700001
46.5
39.0
31.1
29.6
31.2
29.9
22.7
11.7999997
6.0
5.7
4.60000009999
4.7000001
4.5
4.10000009999
5.0
4.60000000001
4.7000001
5.0
4.60000000001
5.09999990001
8.5
10.0999999
9.0
10.6999998
10.7000003
8.1999998
6.5
5.2000001
4.8
4.59999990001
4.2999999
3.5
3.60000000001
3.39999999999
3.39999999999
3.7
3.5
3.9999999
3.59999999999
3.7
3.7
3.5
3.7
4.89999990001
8.90000010001
13.5
12.4000001
13.0999999
14.3999996
11.6999998
8.4999998
7.39999990001
6.3
5.5
4.5
4.2
4.2
3.7
3.60000000001
3.8
3.89999999999
3.7
3.89999999999
3.89999999999
3.79999999999
4.09999999999
3.79999999999
4.90000009999
8.40000009999
10.5
10.0
9.3000002
8.59999990001
8.40000010001
5.60000009999
5.8
5.39999999999
5.39999999999
4.3
3.89999990001
3.5
3.39999999999
3.79999999999
3.5
3.39999999999
3.89999999999
3.89999999999
3.60000000001
3.8
3.60000000001
3.89999990001
4.0
8.0
10.0999999
10.8999996
9.2000003
8.39999979999
7.90000010001
5.09999990001
3.79999999999
4.09999990001
3.8
3.59999999999
3.39999999999
3.39999999999
3.89999999999
3.39999999999
3.5
3.39999999999
3.59999999999
3.5
3.39999999999
3.60000000001
3.7
3.5
3.39999999999
3.60000000001
3.60000000001
3.39999999999
3.5
3.40000000001
3.5
3.20000000001
3.10000000001
3.40000000001
3.3
3.39999999999
3.10000000001
3.39999999999
3.10000000001
3.40000000001
3.39999999999
3.20000000001
3.3
3.40000000001
3.40000000001
3.3
3.3
3.60000000001
3.5
3.3
3.3
3.3
3.40000000001
3.20000000001
3.3
3.5
3.3
3.20000000001
3.3
3.39999999999
3.0
3.3
3.10000000001
3.3
3.3
3.3
3.3
3.9999999
3.60000000001
3.3
3.20000000001
3.39999999999
4.3
8.1999998
9.0
9.90000010001
7.90000009999
7.59999990001
5.5
3.59999999999
3.79999999999
3.40000000001
4.2
3.2
3.7
4.59999990001
3.5
3.3
3.40000000001
3.3
3.5
3.20000000001
3.5
3.40000000001
3.3
3.40000000001
3.7
7.5
10.0999999
7.60000020001
5.2999999
5.7999999
5.3
5.09999990001
4.7000001
6.39999999999
6.2000001
4.59999990001
4.2
4.0
3.39999999999
3.3
3.40000000001
3.5
3.39999999999
3.5
3.3
3.5
3.5
3.20000000001
3.90000000001
5.5
3.89999990001
4.2000001
3.3
3.3
4.39999999999
4.40000009999
3.69999990001
3.5
3.89999999999
3.89999999999
3.7
3.7
3.7
3.10000000001
3.3
3.3
3.20000000001
3.40000000001
3.20000000001
3.20000000001
3.7
3.10000000001
3.3
3.3
3.2
3.3
3.2
3.5
3.7
4.19999980001
3.5
3.20000000001
3.60000000001
3.40000000001
3.5
3.39999999999
3.5
3.40000000001
3.20000000001
3.59999999999
3.5
3.5
3.60000000001
3.3
3.5
3.40000000001
3.59999999999
3.3
3.20000000001
3.60000000001
3.20000000001
3.20000000001
3.40000000001
3.7
3.5
3.3
3.5
3.5
3.20000000001
3.3
3.40000000001
3.40000000001
3.3
3.5
3.40000000001
3.5
3.5
3.40000000001
3.39999999999
3.7
3.5
3.40000000001
3.20000000001
3.3
3.39999999999
3.20000000001
3.5
3.20000000001
3.40000000001
3.3
3.5
3.3
3.40000000001
3.5
3.20000000001
3.20000000001
3.40000000001
3.7
3.5
3.20000000001
3.20000000001
3.7
3.3
3.5
3.20000000001
3.5
3.40000000001
3.20000000001
3.5
3.5
3.3
3.39999999999
3.5
3.5
3.40000000001
3.5
3.40000000001
3.3
3.5
3.40000000001
3.3
3.5
3.39999999999
3.59999999999
3.3
3.5
3.40000000001
3.5
3.5
3.3
3.59999999999
3.40000000001
3.20000000001
3.39999999999
3.3
3.3
3.3
3.3
3.5
3.5
3.20000000001
3.39999999999
3.20000000001
3.5
3.40000000001
3.5
3.3
3.39999999999
3.8
3.3
3.39999999999
3.60000000001
3.5
3.5
3.5
3.39999999999
3.60000000001
3.3
3.60000000001
3.3
3.5
3.59999999999
3.3
3.39999999999
3.20000000001
3.59999999999
3.3
3.3
3.3
3.59999999999
3.5
3.3
3.59999999999
3.60000000001
3.39999999999
3.5
3.5
3.3
3.60000000001
3.20000000001
3.5
3.20000000001
3.40000000001
3.5
3.20000000001
3.39999999999
3.5
3.39999999999
3.20000000001
3.20000000001
3.7
3.3
3.3
3.5
3.3
3.59999999999
3.39999999999
3.60000000001
3.39999999999
3.60000000001
3.40000000001
3.3
3.5
3.5
3.40000000001
3.3
3.20000000001
3.59999999999
3.40000000001
3.39999999999
3.5
3.5
3.40000000001
3.5
3.39999999999
3.20000000001
3.60000000001
3.5
3.39999999999
3.7
3.7
3.5
3.39999999999
3.3
3.79999999999
3.39999999999
3.39999999999
3.40000000001
3.40000000001
3.3
3.20000000001
3.5
3.3
3.59999999999
3.60000000001
3.39999999999
3.20000000001
3.60000000001
3.5
3.20000000001
3.40000000001
3.7
3.3
3.39999999999
3.5
3.7
3.5
3.5
3.5
3.5
3.40000000001
3.20000000001
3.60000000001
3.39999999999
3.60000000001
3.39999999999
3.5
3.5
3.5
3.59999999999
3.39999999999
3.3
3.60000000001
3.5
3.3
3.60000000001
3.79999999999
3.7
3.5
3.39999999999
3.7
3.60000000001
3.5
3.3
3.3
3.8
3.39999999999
3.39999999999
3.39999999999
3.60000000001
3.40000000001
3.3
3.5
3.40000000001
3.3
3.3
3.5
3.5
3.40000000001
3.39999999999
3.39999999999
3.39999999999
3.7
3.5
3.3
3.5
3.40000000001
3.60000000001
3.3
3.20000000001
3.5
3.40000000001
3.40000000001
3.39999999999
3.40000000001
3.59999999999
3.39999999999
3.39999999999
3.5
3.40000000001
3.5
3.39999999999
3.3
3.60000000001
3.59999999999
3.7
3.39999999999
3.39999999999
3.89999999999
3.39999999999
3.39999999999
3.5
3.60000000001
3.40000000001
3.3
3.39999999999
3.5
3.3
3.5
3.40000000001
3.59999999999
3.3
3.39999999999
3.5
3.5
3.5
3.40000000001
3.3
3.7
3.5
3.7
3.39999999999
3.3
3.89999999999
3.39999999999
3.5
3.3
3.5
3.3
3.39999999999
3.40000000001
3.60000000001
3.39999999999
3.5
3.7
3.59999999999
3.8
3.5
3.7
3.5
3.7
3.59999999999
3.39999999999
3.7
3.7
3.39999999999
3.79999999999
3.60000000001
3.59999999999
3.59999999999
3.59999999999
3.39999999999
3.7
3.59999999999
3.5
3.39999999999
3.39999999999
3.89999999999
3.39999999999
3.60000000001
3.39999999999
3.7999999
3.5
3.5
3.7
3.59999999999
3.39999999999
3.7
3.7
3.7
3.60000000001
3.60000000001
3.7
3.5
3.60000000001
3.5
3.5
3.39999999999
3.59999999999
3.5
3.5
3.3
3.5
3.5
3.7
3.39999999999
3.39999999999
3.89999999999
3.39999999999
3.59999999999
3.39999999999
3.9999999
3.5
3.5
3.79999999999
3.8
3.5
3.39999999999
3.7
3.60000000001
3.39999999999
3.7
3.39999999999
3.5
3.59999999999
3.5
3.5
3.39999999999
3.7
3.59999999999
3.39999999999
3.59999999999
3.59999999999
3.8
3.5
3.7
3.7
3.59999999999
3.59999999999
3.5
3.7
3.8
3.3
3.5
3.5
3.7
3.39999999999
3.5
3.5
3.7
3.59999999999
3.5
3.60000000001
3.60000000001
3.39999999999
3.7
3.39999999999
3.8
3.59999999999
3.7
3.59999999999
3.5
3.89999999999
3.7
3.39999999999
3.5
3.7999999
3.5
3.39999999999
3.59999999999
3.7
3.5
3.5
3.59999999999
3.89999990001
3.5
3.59999999999
3.60000000001
3.59999999999
3.5
3.7
3.39999999999
3.60000000001
3.8
3.79999999999
3.5
3.60000000001
3.89999999999
3.60000000001
3.59999999999
3.39999999999
3.7
3.89999990001
3.39999999999
3.5
3.39999999999
3.89999999999
3.39999999999
3.59999999999
3.39999999999
3.59999999999
3.59999999999
3.39999999999
3.5
3.59999999999
3.59999999999
3.5
3.60000000001
3.7
3.8
3.5
3.5
3.59999999999
3.60000000001
3.5
3.5
3.40000000001
3.60000000001
3.39999999999
3.60000000001
3.39999999999
3.7
3.39999999999
3.60000000001
3.5
3.59999999999
3.60000000001
3.5
3.39999999999
3.7
3.5
3.79999999999
3.39999999999
3.59999999999
3.60000000001
3.5
3.5
3.5
3.7
3.3
3.39999999999
3.5
3.3
3.3
3.20000000001
3.59999999999
3.5
3.20000000001
3.3
3.20000000001
3.7
3.20000000001
3.3
3.60000000001
3.5
3.5
3.39999999999
3.5
3.60000000001
3.20000000001
3.5
3.40000000001
3.5
3.20000000001
3.3
3.40000000001
3.5
3.40000000001
3.20000000001
3.5
3.3
3.40000000001
3.20000000001
3.5
3.3
3.60000000001
3.20000000001
3.5
3.20000000001
3.5
3.59999999999
3.39999999999
3.3
3.60000000001
3.40000000001
3.5
3.20000000001
3.40000000001
3.5
3.20000000001
3.3
3.5
3.40000000001
3.5
3.39999999999
3.5
3.60000000001
3.20000000001
3.39999999999
3.3
3.7
3.3
3.5
3.59999999999
3.7
3.39999999999
3.5
3.3
3.69999990001
3.3
3.20000000001
3.3
3.40000000001
3.5
3.20000000001
3.20000000001
3.5
3.40000000001
3.3
3.20000000001
3.40000000001
3.5
3.20000000001
3.39999999999
3.5
3.5
3.60000000001
3.59999999999
3.59999999999
3.5
3.3
3.60000000001
3.69999990001
6.3
5.2000001
3.89999999999
4.59999990001
6.0
6.2000001
6.2999999
5.59999990001
3.89999990001
3.5
3.60000000001
3.39999999999
3.5
3.5
3.59999999999
3.5
3.39999999999
5.7
3.60000000001
3.60000000001
3.60000000001
3.8
3.59999999999
3.5
5.7000001
6.60000009999
6.60000009999
5.8
9.09999990001
13.3999996
8.0
9.09999990001
8.5
7.5
7.7000001
7.60000000001
7.7999999
7.60000000001
7.2
7.2999999
7.5
5.60000000001
7.39999999999
7.5
7.39999990001
7.5
7.2999999
7.5
7.7000001
5.5
5.39999990001
5.2999999
6.2999999
6.5
4.0
3.89999990001
3.7
3.7
3.89999999999
4.09999990001
3.89999999999
3.7
3.89999999999
3.7
3.7
3.60000000001
3.89999999999
3.9999999
3.7
3.79999999999
3.89999990001
3.7
5.0
6.2
5.90000009999
5.7000001
6.3
7.2000001
4.09999999999
3.7999999
3.39999999999
3.5
3.89999999999
4.09999999999
3.79999999999
3.60000000001
3.7
3.39999999999
3.79999999999
4.10000009999
3.89999999999
3.60000000001
3.8
3.79999999999
3.60000000001
3.7
3.89999990001
4.09999990001
3.89999999999
4.09999990001
5.60000009999
7.0
6.2999999
5.80000019999
4.7
4.19999980001
4.60000009999
4.90000009999
4.7000001
4.39999990001
4.09999990001
4.09999990001
4.2
3.9999999
4.2999999
4.19999980001
4.19999980001
4.7
4.09999990001
4.2999999
4.60000000001
4.2999999
4.19999980001
4.0
4.0
3.59999999999
3.39999999999
3.59999999999
3.59999999999
3.59999999999
3.89999999999
3.79999999999
4.0
3.59999999999
3.79999999999
3.39999999999
3.7
3.39999999999
3.7
3.7
3.7
3.59999999999
3.8
3.60000000001
4.09999990001
3.5
3.7
3.39999999999
3.7
3.39999999999
3.39999999999
3.7
3.59999999999
3.60000000001
3.89999999999
4.0
3.9999999
3.59999999999
3.7
3.7999999
3.60000000001
3.60000000001
3.7
3.89999990001
3.5
3.7
3.60000000001
3.89999990001
3.9999999
3.7
3.89999999999
4.09999990001
3.89999999999
3.79999999999
4.09999990001
4.39999990001
3.79999999999
4.0
3.89999999999
4.09999999999
4.3
3.59999999999
3.7
3.8
4.0
4.30000009999
3.79999999999
4.09999999999
3.89999999999
3.7
3.8
3.89999990001
5.3
7.89999990001
25.9
26.9
28.9
20.9
19.6999998
24.1
27.5
25.3
20.5
12.6999998
5.5
5.5
5.2
5.09999990001
5.39999990001
5.39999999999
5.80000019999
5.2
5.2999999
5.7000001
5.09999990001
7.39999990001
19.9
22.3000004
35.899999
42.3
42.400002
46.9
39.299999
35.200001
32.1
30.0
22.0999998
12.3000002
6.89999979999
5.7000001
5.60000009999
5.60000000001
5.60000000001
5.2999999
5.90000009999
6.10000009999
5.2
5.8
5.5
6.90000009999
20.2999998
22.6000002
37.800001
45.900002
45.5
44.399999
34.099998
32.099999
33.199999
32.800001
25.7
13.4000001
6.7999999
5.19999980001
5.2000001
5.19999980001
5.39999990001
5.09999990001
5.2999999
5.5
5.39999999999
5.60000009999
5.09999990001
7.39999979999
16.5
20.1
37.599998
40.4
46.800001
38.799999
35.700001
31.9
28.9
30.9
22.0
11.4000001
7.39999999999
6.2
5.10000009999
5.19999980001
5.39999990001
5.09999990001
5.5
5.2999999
5.5
5.5
5.10000009999
5.2
5.60000000001
5.2
4.90000009999
5.39999999999
5.19999980001
4.90000009999
5.09999990001
5.3
4.7000001
5.2
5.2
4.90000009999
5.0
5.19999980001
5.09999990001
4.90000009999
5.2999999
5.2
5.5
4.90000009999
5.19999980001
5.30000019999
5.09999990001
5.2
4.8
5.39999999999
4.89999990001
4.80000019999
5.09999990001
5.0
5.09999990001
5.0
4.89999990001
5.5
4.7
5.09999990001
5.09999990001
5.0
5.09999990001
5.09999990001
5.0
5.60000000001
5.09999990001
5.0
5.19999980001
5.2999999
5.0
6.0
18.0
26.8
40.300001
44.899999
44.699999
39.100001
38.5
30.4
28.3
30.3
21.7999996
12.1999998
6.40000009999
5.60000000001
5.7000001
5.80000019999
5.60000000001
5.7
5.90000009999
5.90000009999
5.90000009999
5.90000009999
5.8
7.7000001
18.6000004
18.8000002
32.4
36.900002
41.800001
51.9
42.0
35.0
34.699999
28.6
22.0999998
15.1000004
6.89999990001
5.7000001
5.39999990001
5.5
5.60000009999
5.8
5.90000009999
5.60000000001
6.0
5.7000001
5.7000001
7.39999990001
19.4999996
21.7999998
36.300001
40.799999
40.900002
40.400002
37.900002
32.5
34.5
33.700001
25.8
14.1000004
6.8
5.7000001
5.7000001
5.5
6.0
6.09999990001
5.90000009999
6.09999990001
5.90000009999
6.0
5.7000001
7.39999990001
18.7999992
24.8000001
36.899999
43.0
43.899999
43.399999
35.799999
28.5
29.1
30.9
21.0000004
11.1999998
7.0
6.19999980001
5.80000019999
6.09999990001
6.09999990001
5.40000009999
6.39999990001
6.2999999
6.10000009999
6.0
6.3
7.3000002
17.0000005
20.9
32.000001
37.5
42.6
44.200001
36.799999
31.6
30.5
32.800001
24.1
16.1000004
6.2
5.39999990001
5.2
5.2999999
5.09999990001
5.3
5.39999990001
5.2999999
5.19999980001
5.5
5.19999980001
5.19999980001
5.19999980001
5.5
4.90000009999
5.2
5.09999990001
5.0
5.3
5.0
5.09999990001
5.09999990001
5.19999980001
5.0
5.09999990001
5.09999990001
5.09999990001
5.0
5.39999999999
5.5
5.60000009999
5.90000009999
6.10000000001
5.90000009999
5.60000000001
5.90000009999
5.7
5.5
5.8
5.60000000001
5.8
5.80000019999
5.60000000001
6.2
6.09999990001
5.90000009999
5.80000019999
6.0
6.0
5.5
5.7000001
5.60000009999
5.5
5.90000009999
5.80000019999
6.0
5.80000019999
5.60000000001
5.7999999
7.5
21.6
26.9
42.2
52.4
49.400002
52.5
47.9
38.300001
36.700001
36.5
26.2
15.1000004
9.90000009999
6.5
6.2
6.2999999
6.19999980001
6.60000009999
6.60000009999
6.2999999
6.40000009999
6.19999980001
6.39999990001
8.3000002
19.7999996
22.6
39.2
45.7
50.0
49.299999
46.1
33.1
31.6
32.200001
25.3
15.6000004
9.60000040001
6.60000000001
6.60000009999
6.7000001
6.60000000001
7.0
6.80000019999
7.19999980001
6.7000001
6.7000001
6.7000001
8.6999998
18.5
19.9
33.8
38.800001
39.200001
44.5
39.399999
32.5
29.9
31.7
23.9
13.7000003
7.90000009999
6.90000009999
7.0
6.80000019999
7.2
6.90000009999
7.39999990001
7.2999999
7.2999999
7.09999990001
7.09999990001
8.80000019999
20.6999998
26.4
40.3
40.799999
46.0
46.2
40.0
30.8
31.3
28.5
18.7999998
14.0999999
9.09999989999
6.5
6.7000001
6.8
6.8
6.40000009999
7.2
6.90000009999
6.89999990001
6.8
6.80000019999
8.7000001
18.3000001
22.5
36.700001
41.3
44.1
47.300001
37.399999
32.5
34.899999
28.8
18.8000002
11.8999996
6.7
6.89999990001
6.0
6.0
6.0
6.2999999
6.5
6.0
6.0
6.09999990001
6.3
6.09999990001
5.90000009999
5.60000009999
5.39999990001
5.2999999
5.2999999
5.39999990001
5.60000000001
5.09999990001
5.39999990001
5.5
5.2999999
5.39999990001
5.39999999999
5.80000019999
6.0
6.0
6.0
5.90000009999
6.39999990001
6.09999990001
6.2
5.90000009999
6.3
5.80000019999
6.0
5.60000000001
5.39999990001
5.19999980001
5.5
5.19999980001
5.5
5.2999999
5.19999980001
5.39999990001
5.3
5.5
5.2999999
5.7000001
6.19999980001
6.0
5.90000009999
6.3
6.2999999
6.09999990001
6.0
6.09999990001
6.0
7.90000010001
18.0
23.8
42.1
51.299999
33.5675
32.615
44.1
36.200001
32.200001
32.9
22.5000002
15.5
8.0
7.10000009999
7.10000009999
6.89999990001
6.8
7.0
7.39999990001
6.80000019999
7.0
6.80000019999
7.0
8.2000003
21.5000002
21.9
36.5
43.799999
44.799999
47.5
42.1
35.899999
42.1
31.899999
24.0
18.4999996
10.5
7.5
7.2000001
7.0
7.09999990001
6.90000009999
6.89999990001
7.09999990001
7.3
7.0
6.90000009999
10.4000001
20.3000004
23.9
37.300001
46.4
50.799999
49.099998
43.299999
39.899999
39.5
34.9
25.2
16.9000001
8.5
6.7000001
6.7
6.7000001
6.60000000001
6.5
7.2
7.0
6.60000009999
7.0
6.89999990001
9.10000009999
21.1
27.2
40.5
43.200001
49.699999
48.4
39.9
33.399999
31.6
32.499999
23.6
16.1000004
8.10000009999
5.90000009999
6.2
6.2
6.0
6.0
6.5
6.2000001
5.90000009999
5.90000009999
5.90000009999
8.90000009999
20.6
20.9000004
35.9
42.199999
43.5
43.699999
38.600001
30.2
29.3
31.0
19.9
14.4000001
8.6999998
6.2999999
6.09999990001
6.39999990001
6.39999999999
6.2
6.7000001
6.80000019999
6.19999980001
6.7
6.39999999999
6.5
6.2999999
6.0
5.89999990001
5.60000000001
5.60000000001
5.39999990001
5.5
5.39999990001
5.19999980001
5.2999999
5.69999980001
5.2999999
5.2999999
5.80000019999
6.0
6.0
5.80000019999
6.09999990001
6.19999980001
6.19999980001
6.0
6.09999990001
6.2
5.90000009999
6.09999990001
5.3
5.09999990001
4.8
5.5
5.19999980001
5.39999990001
5.39999990001
5.09999990001
5.5
5.40000009999
5.0
5.5
5.7000001
5.7000001
5.90000009999
5.7000001
6.5
6.09999990001
6.09999990001
6.09999990001
5.7000001
5.90000009999
7.6999998
22.3
20.7999998
37.899999
44.399999
45.0
44.899999
40.6
33.5
33.200001
30.999999
21.9
13.3000002
8.0
7.09999990001
7.0
6.80000019999
7.09999990001
6.90000009999
7.39999990001
7.19999980001
6.90000009999
7.09999990001
7.09999990001
9.0
22.6
21.5000002
36.1
44.600001
47.5
44.8
41.200001
33.6
33.9
31.5
22.8
17.2000003
7.40000009999
6.8
6.39999999999
6.7000001
6.5
6.60000000001
7.0
6.60000000001
7.0
6.7000001
6.5
8.30000019999
21.7
22.2000004
35.799999
45.300001
44.600001
39.600001
38.600001
31.0
26.9
30.4
28.9
17.5999999
11.1000002
6.80000019999
6.8
6.7
6.5
6.60000009999
7.3
6.8
6.8
6.5
7.0
7.80000019999
19.4000002
22.7999998
39.199999
40.899999
45.299999
46.5
36.100001
32.5
31.6
30.8
19.7000004
11.0
8.3000002
7.09999990001
6.7000001
6.60000000001
6.90000009999
6.2000001
7.2
7.0
6.90000009999
7.0
6.7000001
7.8
19.7000004
20.1
37.700001
39.800001
47.4
43.1
35.300001
29.4
28.0
29.1
23.0
13.5
7.60000020001
6.2999999
5.5
6.0
6.10000009999
6.09999990001
6.10000009999
6.2000001
5.89999990001
6.0
5.90000009999
6.19999980001
6.2999999
5.60000009999
5.3
5.09999990001
5.2999999
5.2999999
5.60000009999
5.39999990001
5.2999999
5.2999999
5.8
6.0
5.7000001
6.2
6.0
6.0
5.7999999
6.0
6.10000009999
6.19999980001
6.2000001
6.0
6.0
6.2999999
6.7
6.0
5.2999999
5.39999990001
5.3
5.19999980001
5.2000001
5.2999999
5.2999999
5.09999990001
5.7
5.60000000001
5.90000009999
6.10000009999
6.0
6.0
5.90000009999
6.30000019999
6.2
6.09999990001
6.0
6.0
5.89999990001
6.89999990001
19.6000004
23.5
40.1
43.4
49.5
48.4
46.899999
42.5
41.599998
37.8
24.5
17.7000003
12.5999999
8.5
7.80000019999
7.39999990001
6.80000019999
6.7999999
7.09999990001
7.09999990001
7.09999990001
7.2
7.10000009999
8.0
20.0
18.9000002
40.699999
52.899999
50.0
48.699999
38.6
35.899999
35.4
32.3
19.4000002
17.1000004
12.4000001
10.6999998
8.2999997
6.5
6.7
7.2000001
6.80000019999
6.8
6.5
7.0
6.5
7.7999999
19.3000002
21.9999998
38.0
45.699999
44.600001
48.1
44.0
38.5
35.5
34.799999
27.1
16.6000004
10.5
8.6999998
7.5
7.09999990001
7.39999990001
7.10000000001
8.0
7.7000001
7.5
7.90000009999
7.19999980001
8.7999999
24.6
27.8
43.4
43.700001
45.600001
47.900002
43.799999
35.899999
35.099998
31.7
26.4
17.6999998
12.8999996
7.7000001
6.7000001
6.7000001
6.5
6.7000001
7.2000001
6.90000009999
6.7000001
6.80000019999
6.8
8.10000020001
27.9
29.6
39.799999
43.5
44.799999
47.0
40.099998
31.4
29.8
32.3
22.6000004
13.0
10.2000003
7.0
6.60000000001
6.19999980001
6.39999999999
6.60000009999
6.7000001
6.60000009999
6.39999999999
6.7000001
6.5
6.39999999999
6.80000019999
6.2
5.8
5.80000019999
5.7000001
5.7000001
5.90000009999
5.60000000001
6.0
5.7000001
6.39999990001
6.39999999999
6.39999990001
6.5
6.39999990001
6.7000001
6.2999999
6.39999999999
7.0
6.5
6.5
6.39999999999
6.60000009999
6.60000000001
6.80000019999
6.39999999999
5.8
5.8
5.5
5.80000019999
5.7000001
5.5
5.80000019999
5.60000000001
6.3
6.0
6.60000009999
6.3
6.39999999999
6.39999990001
6.19999980001
6.5
6.7000001
6.7000001
6.19999980001
6.39999990001
6.60000000001
6.5
9.6999998
15.4000001
31.7
30.9
28.1
23.9
20.5999998
14.8000002
14.5999999
15.5999994
12.0
8.40000009999
6.60000000001
6.3
6.19999980001
6.2
6.5
6.5
7.09999990001
6.7000001
6.5
6.60000009999
6.60000009999
8.60000009999
24.1
23.2000004
39.5
40.799999
52.300001
46.5
40.5
33.599998
38.0
36.299999
25.5
19.8999996
14.8000002
9.40000009999
7.5
6.8
6.90000009999
6.60000009999
7.40000009999
7.2999999
6.7000001
6.90000009999
7.09999990001
8.40000009999
24.0
24.9
40.5
42.4
42.600001
44.899999
41.700001
33.899999
32.899999
35.399999
30.199999
19.2000004
10.6999998
6.80000019999
6.19999980001
6.5
6.8
6.5
6.90000009999
6.5
6.5
6.39999990001
6.39999999999
7.90000009999
21.5
25.6999986
41.1
48.399999
48.5
36.045
42.0
35.6
34.099998
31.899999
24.1
16.8000002
9.1999998
7.59999990001
6.8
6.19999980001
6.80000019999
7.7
6.5
7.09999990001
6.80000019999
6.5
6.2999999
8.1999998
22.4
22.3999998
40.0
49.300001
49.0
52.600001
43.5
36.399999
36.199999
32.1
27.6
23.3000004
14.5999999
12.5999999
10.3000002
10.5
10.2999997
7.90000009999
6.7000001
6.7
6.60000009999
6.5
6.40000009999
6.7
7.0
6.2999999
6.60000000001
14.4000001
13.0999999
14.0
12.5999999
11.0999999
10.5
6.8
9.30000019999
8.5
10.1999998
13.5999999
13.5
8.6999998
8.5
6.89999979999
6.5
6.0
6.09999990001
5.8
5.7000001
6.2
6.10000009999
6.2
6.09999990001
7.59999990001
14.0999999
12.3000002
13.1000004
7.19999980001
5.19999980001
4.7000001
5.89999990001
5.89999990001
5.60000009999
5.8
5.40000009999
5.8
5.7000001
5.7
5.80000019999
5.80000019999
5.60000009999
5.7000001
6.0
11.9999998
25.4
28.0
42.399999
45.199999
32.4775
32.0075
42.800001
38.199999
33.800001
31.600001
20.9
16.9000006
11.2000003
6.5
6.5
6.5
6.19999980001
6.09999990001
6.59999990001
6.59999990001
6.5
6.7000001
6.5
7.69999980001
19.6
22.1999998
36.7
45.599998
42.5
41.700001
39.4
35.900002
34.400002
33.4
23.1
21.7
13.8000002
8.5000002
5.7000001
5.90000009999
6.2999999
6.60000009999
6.2
6.0
6.2999999
6.5
6.09999990001
8.2
18.5
22.7999996
39.200001
43.900002
50.200001
49.600001
43.700001
42.5
34.899999
32.1
30.599999
24.2
17.3000002
8.5
7.2
7.0
7.3
7.0
7.7000001
7.3
7.2999999
7.0
7.3
8.7999999
20.2
26.5000004
45.5
47.6
49.5
34.5375
41.199999
39.100001
36.3
33.3
22.6
22.8
15.0
6.90000009999
6.7000001
6.90000009999
6.90000009999
6.2000001
7.2
7.19999980001
7.0
6.80000019999
7.2
8.40000009999
20.4
24.2
46.100001
46.399999
50.0
46.1
44.0
36.700001
34.700001
31.0
24.9
21.2
17.3000002
7.2000003
5.60000000001
5.7000001
5.90000009999
5.7000001
5.8
5.90000009999
6.0
5.8
5.8
5.60000009999
6.2999999
5.60000009999
5.39999990001
5.09999990001
5.10000009999
5.0
5.09999990001
5.0
5.2
5.10000009999
5.5
5.5
6.2000001
5.7000001
5.60000000001
5.7000001
5.7000001
5.7000001
5.80000019999
5.80000019999
6.0
5.5
5.7000001
5.7000001
6.0
5.7000001
5.2999999
4.8
5.2000001
4.90000009999
5.09999990001
5.10000000001
5.0
5.09999990001
4.80000019999
5.5
5.90000009999
6.0
5.59999990001
5.5
5.7
5.5
5.90000009999
5.7000001
5.60000009999
5.7000001
5.60000000001
5.60000009999
6.89999990001
7.90000009999
7.2
12.4000001
12.8000002
11.5
11.5
11.9000001
11.3000002
10.1999998
10.0999999
7.1999998
6.5
6.39999990001
5.90000009999
5.90000009999
6.19999980001
5.80000019999
6.0
6.0
6.2
5.80000019999
6.2999999
5.80000019999
6.2000001
6.39999990001
7.5
9.0
7.60000020001
10.1000004
9.7000003
9.40000009999
9.59999989999
8.3000002
8.1999998
11.1999998
6.5
6.0
6.0
5.7000001
6.09999990001
5.80000019999
6.30000019999
6.09999990001
5.90000009999
6.10000009999
6.0
5.90000009999
6.0
6.39999990001
5.5
11.2000003
16.6999998
13.3000002
13.7000003
13.6999998
12.9000001
12.5
14.5000005
12.6999998
6.89999990001
7.89999990001
7.7999997
6.90000009999
7.0
6.7000001
7.0
7.2000001
7.09999990001
7.0
6.60000000001
7.19999980001
6.7000001
6.8
7.90000009999
10.9000001
12.0999999
11.5999999
10.4000001
10.4000001
10.0
10.5999999
10.2999997
7.7999997
9.59999990001
7.90000009999
7.2999999
6.5
6.8
6.8
6.30000019999
7.09999990001
6.7000001
6.90000009999
7.0
6.90000009999
7.10000000001
7.60000009999
6.5
10.5
12.0999999
12.6999998
13.0999999
14.0999999
7.8000002
7.39999990001
8.09999990001
7.2999999
7.09999990001
7.09999990001
6.39999990001
6.2
6.19999980001
6.2999999
6.2
6.19999980001
6.39999999999
6.39999990001
6.2000001
6.09999990001
6.19999980001
7.0
5.59999990001
5.5
5.39999990001
6.59999990001
5.39999999999
5.5
5.8
5.60000000001
5.59999990001
6.3
6.8
7.0
6.2
5.90000009999
6.2
6.3
6.09999990001
6.0
6.39999990001
6.2
6.0
6.19999980001
6.5
6.7000001
5.60000009999
5.5
5.60000009999
5.39999999999
5.60000000001
5.2999999
5.7000001
5.5
5.39999990001
6.10000009999
7.0
6.8
6.10000009999
6.2000001
6.3
6.0
6.3
6.09999990001
6.5
6.2
6.2000001
6.09999990001
6.7
13.5
15.5
24.3
28.1
29.5
30.7
28.5
23.1
23.6
19.3000004
16.4000001
12.5
9.10000020001
6.89999990001
6.80000019999
6.7000001
6.8
6.7000001
7.0
7.0
6.8
6.8
6.80000019999
7.40000009999
14.8000002
14.7999997
23.8
30.1
33.300001
30.8
26.2
20.8999998
20.5
18.9000004
17.6000004
13.5
9.0000002
7.10000009999
6.5
6.80000019999
6.39999999999
6.7
6.80000019999
6.80000019999
6.90000009999
6.60000000001
6.7
7.2000001
13.9000001
14.1000004
22.5999996
29.2
32.7
30.199999
28.4
20.3000002
19.8999998
19.2999998
15.3000002
12.0
8.8000002
6.7
6.19999980001
6.5
6.60000000001
6.39999999999
6.5
6.60000009999
6.5
6.5
6.5
8.0
20.7000004
19.7999996
28.1
26.0
35.0
30.9
29.2
23.7
22.1
19.9000002
15.6999998
10.5999999
8.59999990001
6.89999999999
6.39999990001
6.5
6.60000009999
3.52000000069
0.040000001376
0.040000001376
0.0400000013906
0.040000001376
0.040000001376
0.040000001376
0.0400000013906
0.040000001376
0.040000001376
0.040000001376
0.040000001376
0.0400000013906
0.040000001376
0.040000001376
0.040000001376
0.0400000013906
0.040000001376
0.040000001376
0.040000001376
0.040000001376
0.0400000013906
0.040000001376
0.040000001376
5.7925
5.9725
5.9775
5.5375
5.21
4.955
4.9575
5.3025
4.6225
4.495
5.1025
5.425
5.8
5.8275
5.8375
5.88
5.845
6.4075
6.495
6.5725
6.4675
6.4875
6.12
6.005
5.98
6.045
6.0325
5.915
5.925
5.85
5.94
6.115
5.8075
5.405
5.3325
5.58
5.555
5.46
4.7125
4.545
4.6825
5.0875
5.78
6.0
5.8075
5.8375
6.02
6.0025
2.92000010068
3.11999990069
6.2999999
6.19999980001
6.2999999
6.39999999999
7.3000002
13.5
15.5000001
26.8
27.6
32.199999
34.0
31.5
21.6
20.5999996
19.0
15.0
12.6000004
10.8000002
9.30000019999
6.5
6.2
6.19999980001
6.7000001
6.39999990001
6.39999999999
6.2
6.19999980001
6.5
6.7
12.6999998
14.5999994
23.3999998
28.3
34.200001
31.4
28.5
23.4
23.9
19.7
17.1000004
14.1000004
12.7999997
9.89999959999
7.0
6.90000009999
6.80000019999
6.8
7.5
7.2
6.90000009999
7.3
7.0
7.5
14.9000006
16.0999994
23.4
28.8
33.0
28.9
29.9
23.9
22.3
19.1000002
16.5000005
12.4000001
8.39999990001
6.90000009999
6.60000000001
6.7999999
6.7
7.0
7.09999990001
6.90000009999
6.8
6.80000019999
6.89999990001
7.5000002
19.6000004
19.0000001
25.7
26.1
41.099998
35.800001
27.1
23.0
22.6
21.4000004
16.3000002
12.7999997
9.19999980001
7.0
6.8
6.7000001
6.5
6.59999990001
7.0
6.90000009999
7.0
6.90000009999
6.8
7.40000009999
14.1000004
14.2000003
24.3
29.2
30.4
29.0
27.1
22.9
22.2
19.7000004
16.8000002
13.4000001
8.7000003
6.7
6.39999999999
6.40000009999
6.09999990001
6.3
6.80000019999
7.0
6.60000000001
6.5
6.8
6.2999999
7.0
6.2999999
7.10000009999
7.10000009999
6.8
7.3
6.59999990001
5.90000009999
5.7000001
6.10000009999
6.39999990001
6.60000009999
6.80000019999
5.7
6.0
5.7000001
5.7000001
6.0
6.2
6.0
6.09999990001
5.90000009999
5.8
6.09999990001
6.5
5.7000001
5.80000019999
5.80000019999
5.19999980001
6.09999990001
5.60000009999
5.39999990001
5.8
5.8
6.2999999
8.19999980001
8.80000019999
7.40000010001
6.2999999
6.5
6.09999990001
6.7999999
6.8
6.5
6.5
6.60000009999
6.60000009999
7.0
14.2999997
13.8999996
23.8
30.700001
30.2
35.700001
29.0
23.7
22.2
19.0
16.0000005
14.6999998
12.0999999
9.39999990001
6.80000019999
6.90000009999
6.8
7.40000009999
6.90000009999
7.10000009999
7.19999980001
6.90000009999
6.7000001
7.59999989999
15.5000005
13.1000004
23.8
29.5
35.600001
37.299999
31.3
26.1
24.3
20.4
18.1000004
16.4000006
14.2999997
11.1999998
7.39999999999
7.7000001
7.2999999
7.90000009999
7.90000009999
8.0
7.60000009999
7.90000009999
7.5
8.2999999
14.1000004
15.3000002
23.5
29.7
33.100001
33.2
31.4
24.6
24.6
19.8000004
17.8000001
14.5
12.3000002
8.40000009999
7.60000000001
7.90000009999
7.89999990001
7.7000001
8.5
8.40000010001
7.90000009999
7.90000009999
7.90000009999
8.5
13.1999998
20.0
27.5
31.2
32.000001
34.100001
28.5
27.0
24.5
21.8
18.0999999
12.3000002
9.7000003
7.5
7.2
7.09999990001
7.3
6.7
7.39999990001
7.5
7.39999990001
7.19999980001
7.0
8.39999990001
14.1000004
15.7000003
32.4
29.1
27.5
30.499999
28.9
19.3000002
20.5
17.5999994
14.4000001
14.0
8.39999990001
7.0
6.5
6.80000019999
6.60000009999
6.39999990001
6.8
6.90000009999
6.60000000001
6.7000001
6.8
7.3
8.0
7.3
7.7
7.60000000001
7.90000009999
7.19999980001
7.2000001
6.5
6.10000009999
6.09999990001
7.39999990001
7.09999990001
7.5
6.69999980001
6.7000001
6.2000001
6.09999990001
6.2
6.5
6.2999999
6.0
6.90000009999
5.80000019999
6.60000000001
6.80000019999
6.5
5.39999990001
5.59999990001
5.60000009999
5.60000009999
5.5
5.80000019999
5.5
5.89999990001
7.39999990001
7.2
7.09999990001
6.5
6.2999999
6.09999990001
6.5
7.2999997
6.80000019999
6.39999999999
6.5
6.40000009999
7.7999999
8.39999979999
15.0
18.1000001
26.5
28.6
30.5
33.899999
28.2
21.0
22.7
20.1
16.1000004
13.5999999
10.9000001
8.3000002
7.90000009999
8.09999990001
8.0
7.30000019999
7.80000019999
8.19999980001
8.19999980001
8.2999997
7.90000009999
10.0999999
15.5
16.8000002
28.4
28.3
29.499999
31.7
27.7
20.5
20.5
21.4
19.5000004
14.5999999
9.7000003
7.30000019999
6.90000009999
6.90000009999
6.80000019999
7.3
7.09999990001
7.0
6.90000009999
7.0
6.90000009999
8.5
13.4000001
14.0999994
25.4
34.0
34.5
33.9
29.4
22.1
20.0999998
19.5999994
16.2000003
14.2999997
10.8000002
7.90000009999
7.09999990001
7.39999999999
7.2999999
7.19999980001
7.7000001
7.39999990001
7.60000009999
7.39999999999
7.5
8.59999990001
15.3999996
17.8000001
26.2
30.700001
33.4
37.300001
27.8
20.2
20.8
20.1
16.4000001
12.8000002
9.5
7.2000001
6.5
6.7000001
6.5
6.60000000001
6.80000019999
6.5
6.89999990001
6.8
6.7000001
7.80000019999
14.5999999
14.4000001
23.8
29.1
27.0
29.9
27.6
20.5
22.0
18.8000002
15.0999999
12.5999999
9.09999989999
6.8
6.8
6.39999990001
6.60000000001
6.60000000001
6.80000019999
6.39999999999
6.80000019999
6.60000009999
6.5
7.59999990001
8.0
7.5
7.59999990001
8.0
7.7000001
7.59999990001
6.60000009999
6.60000000001
5.90000009999
6.19999980001
7.19999980001
7.60000009999
7.2999999
6.90000009999
6.7000001
6.5
6.39999999999
6.60000009999
6.60000000001
6.60000009999
6.39999990001
6.90000009999
6.5
6.8
7.2999999
6.7000001
6.10000009999
5.90000009999
6.0
5.90000009999
6.2999999
6.0
6.0
6.09999990001
7.09999990001
7.19999980001
7.5
6.7999999
6.5
6.60000009999
6.60000000001
6.7999999
6.7000001
6.8
6.7000001
6.60000000001
7.0
8.59999989999
14.0999999
14.0000005
25.3
30.0
35.5
36.199999
30.3
24.7
23.0
19.2999998
14.5999999
12.3999996
11.0
7.3
7.0
6.89999990001
7.10000009999
