5.2
5.2999999
5.2999999
5.39999999999
5.2999999
5.2999999
6.2999999
20.7000004
29.9
31.499999
29.2
27.3
29.0
31.4
29.2
24.6
24.1
23.4
15.1999998
5.8
5.69999980001
5.09999990001
5.09999990001
5.60000009999
5.5
5.60000009999
5.60000000001
5.5
5.7000001
5.60000009999
7.10000009999
19.7
29.0
30.0
29.0
28.1
26.9
30.9
28.0
24.3
20.9000002
22.3
13.7999997
5.7999999
5.40000009999
5.2
5.09999990001
5.39999990001
5.5
5.60000009999
5.39999999999
5.39999999999
5.39999990001
5.2999999
6.60000000001
18.7000001
26.9
32.3
27.5
26.7
25.2
29.4
25.2
21.9
22.6
26.6
17.8999999
5.89999999999
5.60000009999
5.10000009999
5.2
5.2
5.2999999
5.60000000001
5.39999999999
5.39999990001
5.60000000001
5.5
8.0000002
18.6000004
29.2
32.799999
30.4
31.1
30.5
32.4
30.500001
28.2
25.8
25.0
13.8000002
9.0
6.8
4.60000000001
5.0
5.3
5.09999990001
5.39999999999
5.2999999
5.2999999
5.39999990001
5.09999990001
7.39999979999
20.7999996
29.7
31.7
27.5
28.7
27.6
29.4
29.1
26.6
25.1
25.3
15.0999999
5.40000009999
4.7000001
5.0
4.80000019999
5.2
5.3
5.2999999
5.19999980001
5.2
5.2999999
5.2999999
5.2
5.0
4.89999990001
4.2
4.09999990001
4.0
4.19999980001
4.2999999
4.09999990001
4.09999990001
4.09999990001
4.60000000001
4.89999990001
4.90000009999
4.8
4.60000000001
4.90000009999
5.2
5.2999999
5.09999990001
5.19999980001
5.2
5.2999999
5.2999999
5.19999980001
5.09999990001
5.2
4.09999990001
4.09999990001
4.09999990001
4.2999999
4.09999990001
4.09999990001
4.2999999
4.2
4.5
4.8
4.90000009999
4.7000001
4.7000001
4.90000009999
5.19999980001
5.19999980001
5.19999980001
5.19999980001
5.2999999
5.2999999
5.09999990001
7.0
22.6999996
26.1
30.7
27.2
27.8
26.0
30.2
25.5
23.7
21.8
23.7
13.6000004
5.39999990001
4.8
4.7000001
4.60000000001
4.90000009999
4.90000009999
5.09999990001
4.90000009999
5.0
4.90000009999
5.09999990001
6.90000010001
20.3000002
26.5
32.2
31.2
30.6
29.6
31.3
28.7
27.8
23.5
22.7
15.1999998
5.59999990001
4.7000001
4.5
4.5
5.0
5.09999990001
4.80000019999
5.0
5.0
5.0
4.80000019999
7.40000009999
19.4999998
26.7
31.6
30.4
29.9
30.2
31.9
25.6
22.1
24.5
24.9
17.3999999
5.60000000001
4.7000001
4.7000001
4.60000000001
5.0
5.0
5.19999980001
5.09999990001
5.0
5.2999999
5.0
6.40000009999
19.1000002
29.5
32.499999
29.3
28.8
28.7
29.5
28.3
26.0
25.0
22.1
13.3000002
5.40000009999
4.39999999999
4.60000000001
4.7000001
4.90000009999
5.0
4.7000001
5.0
4.90000009999
4.90000009999
4.90000009999
7.2000003
20.3000004
27.9
31.8
28.2
28.8
28.6
31.899999
30.100001
25.6
22.1
18.7000004
5.89999990001
5.39999999999
4.39999999999
4.60000009999
4.60000009999
4.60000000001
4.80000019999
4.90000009999
4.80000019999
4.80000019999
4.7000001
4.90000009999
4.80000019999
4.90000009999
5.10000000001
7.2
7.19999980001
7.2
6.90000009999
6.90000009999
4.7
3.79999999999
3.79999999999
4.2
4.2999999
4.2999999
4.5
4.39999999999
4.39999999999
4.7
4.90000009999
4.7000001
4.90000009999
4.90000009999
4.7000001
4.80000019999
4.7000001
4.80000019999
4.5
3.8
3.79999999999
3.79999999999
3.79999999999
3.79999999999
3.7
3.7
3.79999999999
4.39999990001
4.2999999
4.5
4.2999999
4.39999999999
4.39999999999
4.8
4.89999990001
4.90000009999
4.90000009999
4.80000019999
4.90000009999
4.90000009999
6.89999990001
21.5000002
27.7
22.29
31.9
30.5
29.9
30.7
26.0
22.3
23.2
23.0
14.5999994
5.60000009999
5.0
4.80000019999
4.7000001
5.0
5.2999999
5.19999980001
5.09999990001
5.2
5.09999990001
5.19999980001
6.90000009999
21.4999998
26.5
31.399999
29.1
30.4
28.8
31.2
27.1
24.9
23.5
22.1
14.3999996
5.8
4.60000000001
4.5
4.7000001
5.2
5.19999980001
5.09999990001
5.0
5.09999990001
5.2999999
5.0
7.2999997
21.2000004
29.9
20.355
31.900001
31.2
28.2
20.73
30.5
27.4
23.9
24.1
14.8999996
5.7
5.09999990001
4.80000019999
4.80000019999
5.09999990001
5.5
5.2999999
5.39999999999
5.2999999
5.2999999
5.5
6.69999980001
21.2000002
28.8
31.399999
27.6
27.7
27.0
31.6
28.1
23.9
25.8
22.9
15.2999997
9.5
7.4999998
5.09999990001
5.2999999
5.3
5.2000001
5.7000001
5.5
5.80000019999
5.39999999999
5.60000000001
8.0
21.0000004
27.7
19.5725
28.2
27.0
27.3
28.8
25.3
22.2
19.0000002
12.9000006
5.09999990001
5.10000000001
4.19999980001
4.5
4.5
4.60000009999
4.90000009999
4.80000019999
4.80000019999
5.09999990001
4.80000019999
4.60000000001
4.80000019999
4.90000009999
4.5
3.59999999999
3.5
3.5
3.60000000001
3.5
3.60000000001
3.40000000001
3.5
4.2
4.2999999
4.39999999999
4.39999999999
4.2999999
4.2999999
4.5
4.80000019999
4.90000009999
4.80000019999
4.7000001
4.90000009999
4.60000000001
4.60000009999
4.80000019999
4.7000001
3.7
3.59999999999
3.39999999999
3.5
3.7
3.60000000001
3.39999999999
3.60000000001
4.09999990001
4.2999999
4.39999990001
4.2
4.5
4.5
4.60000009999
2.42474236907
0.0494845381472
0.0494845381472
0.0494845381327
0.0494845381472
0.0494845381472
0.0494845381472
0.0494845381472
0.0494845381327
0.0494845381472
0.0494845381472
0.0494845381472
0.0494845381472
0.0494845381327
0.0494845381472
0.0494845381472
0.0494845381472
0.0494845381327
0.0494845381472
0.0494845381472
0.0494845381472
0.0494845381472
0.0494845381327
0.0494845381472
4.6575
4.8325
4.8
4.8275
4.8475
4.895
6.035
12.8675
19.58
23.0125
22.72
23.4075
22.765
23.9625
22.7
20.43
18.34
17.14
13.7525
7.495
5.1525
4.7025
4.6125
4.8425
2.52474226907
2.42474236907
5.0
4.7000001
4.80000019999
4.80000019999
4.80000019999
4.8
4.39999999999
3.79999999999
3.39999999999
3.7
3.5
3.5
3.40000000001
3.60000000001
3.60000000001
3.8
4.39999990001
4.39999990001
4.19999980001
4.39999999999
4.39999999999
4.60000000001
4.60000000001
4.7000001
4.7000001
4.60000000001
4.80000019999
4.7000001
4.7000001
4.60000009999
4.39999990001
3.8
3.39999999999
3.5
3.39999999999
3.5
3.7
3.5
3.39999999999
4.0
4.39999990001
4.09999990001
4.19999980001
4.2999999
4.39999999999
4.59999990001
4.5
4.7000001
4.7000001
4.7000001
4.60000009999
4.7000001
4.7000001
4.60000009999
4.40000009999
3.7999999
3.5
3.5
3.39999999999
3.39999999999
3.39999999999
3.60000000001
3.5
4.19999980001
4.19999980001
4.2
4.39999999999
4.5
4.2999999
4.60000009999
4.7000001
4.7000001
4.7000001
4.8
4.7000001
4.7000001
4.60000009999
4.7000001
4.39999990001
3.5
3.39999999999
3.39999999999
3.5
3.5
3.39999999999
3.39999999999
3.39999999999
4.09999999999
4.19999980001
4.09999990001
4.2999999
4.09999990001
4.39999999999
4.60000009999
4.60000000001
4.60000000001
4.60000000001
4.60000000001
4.80000019999
4.7000001
4.60000000001
4.60000000001
4.3
3.5
3.3
3.40000000001
3.3
3.40000000001
3.3
3.39999999999
3.39999999999
3.9999999
4.2999999
4.2999999
4.2999999
4.19999980001
4.2999999
4.39999990001
4.7000001
4.60000000001
4.60000000001
4.60000000001
4.7000001
4.7000001
4.60000000001
4.39999999999
4.40000009999
3.5
3.40000000001
3.40000000001
3.40000000001
3.39999999999
3.39999999999
3.40000000001
3.39999999999
3.89999999999
4.19999980001
4.09999990001
4.19999980001
4.2
4.2999999
4.60000009999
4.5
4.60000000001
4.60000000001
4.60000000001
4.60000000001
4.7000001
4.7000001
4.60000000001
4.39999990001
3.60000000001
3.3
3.5
3.5
3.5
3.39999999999
3.39999999999
3.40000000001
3.89999990001
4.2999999
4.09999990001
4.09999990001
4.2
4.2
4.60000000001
4.60000000001
4.7000001
4.7000001
4.7000001
4.7000001
4.5
4.7000001
4.60000009999
4.39999990001
3.5
3.3
3.3
3.39999999999
3.39999999999
3.5
3.39999999999
3.3
3.89999990001
4.19999980001
4.19999980001
4.39999999999
4.19999980001
4.2999999
4.39999990001
2.3
4.8000002
4.7000001
4.7000001
4.7000001
4.7000001
4.7000001
4.8000002
4.2
3.4
3.5
3.5
3.5
3.5
3.4
3.4
3.8
4.1999998
4.2999999
4.3
4.0999999
4.2999999
4.4
4.7000001
4.8000002
4.7000001
4.8000002
4.8
4.6
4.8
4.7000001
4.8
4.5
3.7
3.5
3.5
3.4
3.4
3.7
3.6
3.4
3.8999999
4.2999999
4.2999999
4.2999999
4.2999999
4.2999999
4.3999999
4.6
4.7000001
4.7000001
4.7000001
4.7000001
4.7000001
4.8
4.7000001
4.5
4.2999999
3.4
3.5
3.5
3.4
3.5
3.5
3.5
3.9999999
4.1999998
4.1999998
4.1999998
4.1999998
4.2999999
4.5
4.7000001
4.7000001
4.7000001
4.7000001
4.8000002
4.7000001
4.8000002
4.7000001
4.5
3.8999999
3.5
3.4
3.4
3.4
3.5
3.5
3.5
4.1
4.5
4.1999998
4.2999999
4.2999999
4.2999999
4.3999999
5.0
4.7000001
4.8
4.7000001
4.7000001
4.8000002
4.7000001
5.8
6.3000002
14.8000002
14.5999999
15.1000004
14.3999996
15.0
13.8000002
15.6999998
12.7000003
10.1000004
13.0
12.9000001
10.0
11.3000002
7.3000002
4.7
5.8
5.0
5.0
5.0999999
4.9000001
5.0
7.9000001
21.1999998
28.5
32.899999
30.0
31.5
29.6
32.7
28.8
25.2
23.4
20.5
15.3999996
11.0
8.2000003
6.2999999
6.5
6.7000001
5.7000001
6.7000001
6.8000002
6.7000001
6.6000001
6.7000001
8.8
22.5
28.2
31.999999
29.1
30.0
28.8
31.0
27.7
24.4
23.6
23.9
15.7999997
5.2999999
5.2
4.6000001
4.8
4.7
5.0
5.0999999
5.0999999
5.0
4.7000001
5.0999999
7.7999997
18.9999996
27.4
32.300001
28.8
31.9
30.0
31.0
28.1
24.8
23.1
22.5
12.8000004
5.5999999
4.7000001
4.9000001
4.8000002
4.9000001
5.0
5.2999999
5.1999998
5.0999999
5.0
5.2999999
7.3999998
21.2999998
30.7
16.515
27.9
28.4
27.7
30.4
27.6
24.5
22.9
20.0
5.7
5.5
4.7000001
4.8000002
4.8000002
4.9000001
5.0999999
5.0999999
5.1999998
5.0999999
5.0999999
4.9000001
5.0999999
5.0
4.9000001
3.9
3.7
3.9
3.9999999
3.8
3.9999999
3.9
3.7
4.2
4.6000001
4.5
4.6000001
4.5
4.7000001
5.0
5.0
5.0
4.9000001
5.0
4.8
5.0
4.9000001
5.0
5.0
3.6
3.8
3.8
3.7
3.7
3.8
3.7
3.7
4.4
4.5
4.5
4.6
4.5
4.6
4.8
5.0999999
5.0
5.0999999
5.0999999
5.0999999
5.2
6.9000001
21.5999996
27.900001
32.7
29.7
30.6
31.3
32.4
29.8
25.8
24.0
24.6
16.5999999
5.5999999
5.4000001
4.9000001
4.9000001
4.8
5.2999999
5.4
5.1999998
5.0999999
5.2999999
5.5
7.5
21.0999998
26.7
31.7
30.1
32.000001
29.4
31.2
27.2
25.2
23.5
22.8
15.0
5.8
5.1000001
5.0
4.8000002
5.1000001
5.2999999
5.1999998
5.2999999
5.1999998
5.4
5.0999999
6.5
21.5999998
27.5
31.6
30.5
29.4
29.5
31.2
28.7
26.4
23.4
23.0
14.9000001
5.4000001
5.1
4.5
4.8000002
5.0
5.1999998
5.0999999
5.0
5.0999999
5.2
5.1999998
7.0999999
20.1000004
28.2
31.8
28.9
30.8
29.6
32.300001
29.2
27.7
24.4
23.6
16.1999998
5.5
5.2
4.9000001
4.9000001
5.0
4.5999999
3.9
3.9999999
3.7
3.9
4.0999999
6.1999998
22.1
28.0
21.4475
29.6
29.6
29.4
31.800001
29.0
24.8
24.3
22.4
6.3999999
5.5
4.8000002
4.7000001
4.8000002
5.0
5.1999998
5.4
5.1999998
5.1999998
5.1999998
5.0999999
5.2
5.0
5.0999999
4.0999999
4.0
3.9
3.8999999
4.0999999
4.0
4.1999998
4.0999999
4.2
4.7000001
4.7000001
4.8
4.8
4.7000001
5.0
5.1999998
5.1999998
5.2999999
5.0
5.0999999
5.1999998
5.1999998
5.1999998
5.0
4.0
3.9
3.9
3.9
4.0
3.9
4.0
4.0999999
4.2999999
4.8000002
4.8
4.7000001
4.8000002
4.7000001
5.0
5.2999999
5.0999999
5.2
5.0999999
5.1999998
5.4000001
7.1000001
22.2999996
27.0
32.1
29.7
31.7
28.2
30.6
28.6
26.2
25.1
25.9
15.6000004
5.8000002
5.0
4.9000001
4.9000001
5.2
5.2999999
5.4
5.3999999
5.2999999
5.2999999
5.4
7.2999999
19.4000001
30.099999
32.2
29.2
32.300001
28.5
30.7
28.3
27.9
24.8
24.0
16.4000001
5.5999999
5.0
5.0
4.9000001
5.1999998
5.4
5.2999999
5.4
5.2999999
5.0999999
5.2999999
6.5
21.9999996
28.4
31.4
31.2
31.4
31.8
33.0
29.3
25.8
23.6
23.1
17.6999999
5.5
5.3
4.9000001
4.8000002
5.2000001
5.0999999
5.1000001
5.2
5.1999998
5.1999998
5.1999998
7.0
20.9999996
28.4
32.000001
29.3
30.6
28.3
32.4
29.4
26.6
24.9
23.3
15.1999998
5.9000001
5.8
5.0999999
4.9000001
4.8
5.2999999
5.1999998
5.2999999
5.0999999
5.2999999
5.1999998
7.2999999
20.9000004
29.6
22.69
28.8
28.6
25.5
27.6
26.0
26.2
24.0
20.0000004
6.2
5.7000001
4.8000002
4.8000002
4.9000001
5.0
5.2999999
5.1999998
5.1999998
5.2
5.2999999
5.1999998
5.1999998
5.1999998
5.0
4.0999999
3.9
3.9
4.0
4.1999998
3.9
3.9
4.0
4.1999998
4.8
4.7
4.7000001
4.8
4.8000002
4.9000001
5.2
5.1999998
5.0999999
5.0999999
5.0999999
5.1000001
5.0
5.1999998
4.9000001
4.0
3.9
3.8
3.9
4.0
3.9999999
4.0
4.0
4.3
4.8000002
4.7000001
4.8
4.8000002
4.7000001
4.8999999
5.2999999
5.2999999
5.0999999
5.1999998
5.2999999
5.7
6.7000001
22.3999998
27.7
31.0
30.1
31.0
28.6
30.5
30.4
26.7
25.3
24.4
17.7000002
5.9000001
5.5999999
5.0999999
5.0999999
5.0999999
5.7000001
5.4
5.3999999
5.5
5.5
5.6
6.8999999
19.0000001
28.7
26.2975
29.7
29.8
29.0
32.0
28.4
26.4
24.3
25.3
16.1000002
6.0
5.0
4.8
4.8000002
5.3
5.4
5.2999999
5.2999999
5.2999999
5.2999999
5.7000001
7.6000001
20.6999998
25.8
33.0
29.0
31.2
29.5
31.6
29.0
26.1
23.7
22.0
15.5999998
5.8000002
5.0
4.9000001
5.0
5.2999999
5.2999999
5.4
5.2999999
5.2999999
5.1999998
5.6
6.5
16.9000001
28.5
30.800001
27.1
28.7
28.4
30.999999
28.8
26.3
24.3
23.4
15.4000006
5.6999998
5.7
4.9000001
4.7000001
5.0999999
5.0999999
5.1999998
5.0999999
5.2
5.0999999
5.0
6.8000002
20.4000002
26.8
32.100001
26.9
26.5
26.8
29.2
25.7
23.5
24.6
21.2999998
5.5
4.8
4.7000001
4.9000001
4.7000001
5.0
4.9000001
5.1999998
5.0
5.0
5.0999999
4.9000001
5.0
5.0
4.8
4.0
3.9
4.0999999
3.9
4.0999999
3.7
4.0
3.8
4.0
4.5
4.5
4.6
4.6
4.7000001
4.9000001
5.0999999
5.0
5.0999999
4.9000001
5.0999999
5.0
5.0
5.0
4.6000001
4.0
3.9
3.7
3.8
3.9
4.0
3.9999999
4.0
3.8
4.6
4.6000001
4.8000002
4.6
4.6
4.8
4.9000001
5.0999999
5.0999999
5.0
5.0
5.3999999
6.9000001
24.0
25.0
30.1
30.3
29.9
27.8
32.6
28.3
24.5
22.4
25.1
20.3999996
5.6000001
5.0
4.6
4.5
4.6
5.0999999
5.0
4.8000002
4.9000001
4.9000001
5.0999999
7.5
21.3000004
26.4
30.9
27.9
30.2
28.6
29.8
26.8
24.8
21.7
21.1
14.6000004
5.3
4.7000001
4.5
4.5
4.7
5.1000001
4.9000001
5.0
4.8000002
4.9000001
5.1999998
6.3000002
19.1000001
26.8
31.0
28.2
27.9
27.4
30.6
27.5
23.7
22.0
22.9
16.1999998
5.7
5.8
4.9000001
5.0999999
5.0999999
5.2
5.3999999
5.3
5.2999999
5.5
5.5
6.7
20.8000002
31.899999
32.2
30.6
29.2
30.6
31.399999
29.1
29.1
23.5
23.9
15.2000003
6.0
5.0
5.2
5.0999999
5.2
5.0999999
5.0999999
5.0
5.0999999
5.0999999
5.3999999
6.2999999
19.4000001
28.3
23.9675
28.6
27.9
29.9
30.6
28.2
26.3
22.7
19.4000002
6.5
6.0
5.3
5.0
4.9000001
5.0999999
4.9000001
5.0
4.9000001
4.8000002
5.0
5.0
4.9000001
4.9000001
4.6000001
4.0999999
4.1999998
4.0
4.2
4.0999999
4.0999999
4.1999998
4.0999999
4.1999998
4.5
4.8000002
5.0
4.8000002
5.0
4.9000001
4.9000001
4.9000001
5.0
4.9000001
4.9000001
4.9000001
4.9000001
4.9000001
4.4000001
4.0999999
4.0999999
4.0999999
4.0999999
4.2
4.1999998
4.0999999
4.0999999
4.2999999
4.5999999
4.9000001
5.0
4.8
5.0
5.0
4.9000001
4.8000002
4.8
5.0
5.0
5.0999999
5.9000001
24.0999998
28.5
30.499999
26.3
29.1
28.8
29.9
27.6
22.7
22.3
22.2
15.3999996
6.5999999
4.8000002
5.0
5.0999999
5.0
4.9000001
4.9000001
5.0
5.0999999
4.9000001
5.2999999
7.5999999
21.2999996
25.7
32.2
30.800001
33.1
30.699999
32.0
28.5
26.8
24.6
23.7
15.7999999
5.9
5.0
4.7000001
4.9000001
4.9000001
5.0
4.7000001
4.9000001
4.9000001
4.7000001
5.2
7.0
23.3
28.9
32.599999
30.9
31.3
28.1
30.4
29.799999
25.8
24.2
23.9
17.1000004
5.5999999
5.5
4.9000001
4.8
4.8000002
4.8000002
4.9000001
5.0
4.8
4.8000002
5.2999999
6.5
23.0000002
30.2
31.3
27.9
28.4
27.0
31.6
29.4
25.9
24.8
24.2
16.4
8.1999998
5.5
4.8000002
4.7000001
4.8000002
4.8000002
4.7
4.7000001
4.8
4.7000001
5.2
7.0999999
23.3
27.6
21.3775
31.0
28.7
30.1
30.1
28.0
25.7
23.9
14.1999998
6.0
4.8
4.8
4.7000001
4.8
4.9000001
4.6
4.8000002
4.9000001
4.7000001
4.8
4.8000002
4.8000002
4.8
4.4000001
7.1000001
7.2
4.0
3.9999999
3.9
3.9
3.9
3.9999999
4.0
4.3
4.5
4.8000002
4.8000002
4.7000001
4.8
4.6
4.8000002
4.8000002
4.6
4.7000001
4.7000001
4.7000001
4.6000001
4.2
3.9
3.9
3.9
4.0
3.9999999
3.9
3.9
4.0
3.9
4.5
4.5
4.6
4.7000001
4.7000001
4.7000001
4.7000001
4.7000001
4.7000001
4.6
4.6
5.0
5.9000001
14.9000001
19.5999994
20.6000002
21.3
22.9
21.6
18.5
18.3000002
6.0999999
4.7
3.7
3.9999999
4.5
4.5
4.5
4.5
4.5
4.5
4.5
4.6000001
4.6
4.5
4.5
6.0
11.5
13.5999999
14.5
14.0999999
12.5999999
12.3000002
12.5999999
13.4000001
5.7000001
3.8
3.7
3.9999999
4.4
4.5
4.4
4.4
4.5
4.5
4.5
4.5
4.6
4.5
4.3999999
4.5
4.4
4.5
4.2999999
6.1000001
6.1000001
4.2999999
4.2999999
4.1999998
3.9
3.7
3.8
3.9999999
4.4
4.5
4.2999999
4.3999999
4.5
4.4
4.4
4.5
4.3999999
4.3999999
4.5
4.5
4.5
4.7999999
4.1999998
4.7999999
5.9000001
6.0999999
5.8999999
4.5
3.8
3.7
3.7
3.9999999
4.5
4.2
4.5
4.6
4.3999999
4.4
4.4
4.7000001
4.5
4.3999999
4.4
4.3999999
4.4
4.5999999
4.2
4.3999999
5.1000001
5.0999999
4.5
4.1999998
3.9
3.9
3.6
3.9
4.4
4.2999999
4.6
4.2999999
4.5
4.2999999
4.4
4.5
4.4
4.2999999
4.4
4.2999999
4.5
3.8
3.5
3.5
3.7
3.7
3.7
3.7
3.7
3.6
3.6
3.7
4.4
4.2999999
4.4
4.4
4.4
4.2999999
4.4
4.4
4.4
4.2999999
4.4
4.4
4.2999999
3.5
3.6
3.5
3.6
3.6
3.6
3.6
3.7
3.6
3.5
3.8999999
4.4
4.5
4.5
4.5
4.4
4.8999999
4.2999999
4.3999999
4.3999999
4.4
4.5
5.4
20.7000002
27.6
31.6
30.1
32.5
32.9
28.935
30.500001
25.9
25.0
24.1
15.8999996
5.6
5.4000001
4.8000002
5.0999999
4.9000001
4.6000001
4.9000001
4.9000001
5.0
5.0999999
5.0
6.6999998
20.6999998
25.8
25.405
30.6
31.5
28.7
31.7
28.2
25.2
24.0
22.1
16.2999997
5.8
5.6000001
4.7000001
4.7000001
4.9000001
4.9000001
4.8000002
4.6000001
4.9000001
4.7000001
5.2000001
6.0
20.9
29.3
32.200001
28.6
29.1
27.8
29.9
28.1
24.7
23.4
23.8
17.0
5.5
5.0
5.0
5.0
4.9000001
5.0999999
4.9000001
5.0999999
4.8000002
4.9000001
5.0
6.1000001
17.5000001
28.2
31.8
28.6
28.5
29.1
30.3
28.1
26.7
23.7
22.7
13.8999996
5.9
5.6000001
5.2999999
5.3999999
5.2999999
5.2999999
5.0
5.2999999
5.2999999
5.2999999
5.2999999
7.3999998
20.2000002
28.2
30.1
26.4
26.2
28.2
30.8
28.2
25.2
22.2
17.7000002
5.3999999
5.6000001
5.0
4.7000001
5.0
4.7000001
4.9000001
5.0
4.9000001
4.9000001
5.0
4.9000001
5.0
4.8000002
4.2999999
4.0999999
4.2
4.0
4.0999999
3.9999999
4.1999998
4.0999999
4.2
4.0
4.5
4.8000002
4.9000001
4.8000002
5.0999999
4.9000001
2.54897959388
0.0979591877549
0.0979591877549
0.0979591877549
0.0979591877549
0.0979591877567
0.0979591877549
0.0979591877549
0.0979591877549
0.0979591877549
0.0979591877549
0.0979591877549
0.0979591877549
0.0979591877567
0.0979591877549
0.0979591877549
0.0979591877549
0.0979591877549
0.0979591877549
0.0979591877549
0.0979591877549
0.0979591877567
0.0979591877549
0.0979591877549
2.64897949388
2.44897969388
4.9000001
4.9000001
4.8000002
4.9000001
5.7000001
23.1000002
27.2
31.5
31.600001
28.6
27.2
30.1
28.6
24.2
23.2
19.5
14.7000003
5.9000001
5.7
5.0999999
5.0999999
5.2999999
5.2999999
5.0999999
5.0999999
5.0
5.0999999
5.1999998
6.0
18.8
26.7
32.5
27.7
32.399999
29.4
31.7
28.5
25.1
24.1
23.2
14.7000003
6.3000002
5.4000001
4.7000001
4.8
4.9000001
5.0999999
5.0999999
5.1999998
5.1999998
5.2
5.5
7.5
21.0
27.6
31.0
28.0
28.3
28.8
30.4
27.7
25.0
22.2
21.7
16.0999999
5.6000001
5.4000001
4.8000002
4.7000001
4.9000001
5.2
5.1999998
5.0999999
5.0999999
5.0999999
5.4
6.9000001
19.0999994
21.7
31.300001
28.9
28.5
27.8
29.9
27.8
25.5
23.6
22.5
16.3999996
6.0
5.2000001
4.9000001
4.7000001
4.9000001
5.2
5.1999998
5.0999999
5.2999999
5.1999998
5.8
6.8
20.0000004
29.5
33.0
27.8
27.3
28.2
29.8
26.8
23.6
22.2
17.8000001
5.2
5.5
4.8000002
4.7000001
4.8000002
5.0
5.2
5.0
5.1999998
5.2
5.0
5.0999999
5.0999999
5.1999998
4.1999998
4.0
3.7
3.9999999
4.0
4.0
3.9
4.0999999
3.9
4.0
3.9
4.7000001
4.7000001
4.7000001
4.8000002
4.8000002
4.8000002
5.0999999
5.1999998
5.0999999
5.0999999
5.0999999
5.0
5.0999999
4.3999999
3.8999999
3.9
3.9
3.9999999
3.9
4.0999999
3.9
4.0
4.0
4.0
4.5
4.7
4.7000001
4.8000002
4.7000001
5.0
5.0
5.2
5.0
5.0
5.2999999
6.6999998
21.5999998
27.4
31.8
28.3
29.8
28.3
31.2
27.6
26.4
23.5
22.5
16.2999997
6.4000001
5.6000001
4.7000001
4.7000001
5.0
5.2999999
5.0999999
5.0999999
5.2
5.0999999
5.3999999
7.2999997
21.5999996
25.9
29.1
26.1
29.4
26.8
28.2
24.9
23.7
21.2
19.9999998
16.9000001
6.5
5.8
5.0
5.0
5.1999998
5.0999999
5.2999999
5.2999999
5.5
5.3999999
5.8
7.5000002
20.7
26.6
31.0
28.6
29.0
29.7
30.9
28.2
27.4
24.8
21.8000004
16.3999996
5.5999999
5.3
4.5
4.6
4.7000001
5.2
5.0
4.9000001
5.0999999
5.0
5.3999999
6.0999999
18.0
28.1
30.9
29.2
29.1
28.4
31.9
29.9
26.7
24.8
21.9
17.7999998
8.2999997
5.8
5.0
5.0
5.0999999
5.2999999
5.6
5.2999999
5.3999999
5.2999999
5.8000002
6.2
21.7999998
27.7
24.835
28.2
28.4
28.9
29.3
27.0
24.9
23.2
19.0999998
5.1000001
5.0
5.0999999
5.0
5.0
5.0
5.2999999
5.2999999
5.1999998
5.2999999
5.3
5.2999999
5.1999998
4.8999999
4.5
4.0
4.0999999
4.0
4.1999998
4.0999999
3.9999999
4.0999999
4.0999999
4.1999998
4.0999999
4.7
4.9000001
5.0
4.9000001
4.9000001
5.2999999
5.1999998
5.2999999
5.1999998
5.2999999
5.1999998
5.1999998
5.0
4.5
4.0999999
4.0
4.0999999
4.2
4.0
3.9999999
4.0999999
4.0999999
4.2
4.0999999
4.6000001
4.8000002
4.8000002
4.9000001
4.8
5.2
5.2999999
5.3999999
5.1999998
5.1999998
5.5
6.0999999
19.1999999
28.8
32.4
32.300001
31.2
29.8
30.8
28.6
25.5
25.0
22.7
16.8000002
5.8999999
5.7000001
4.7000001
4.9000001
4.8000002
5.2999999
5.1999998
5.1999998
5.0
5.2999999
5.5
6.0999999
18.7000001
29.1
31.3
28.9
30.2
28.1
29.9
27.9
26.2
23.7
21.4
14.5
5.5999999
5.5
4.8000002
5.0999999
5.0999999
5.0999999
5.2999999
5.3999999
5.4
5.3999999
5.5
7.6000002
19.7999998
26.2
29.6
27.4
28.3
27.7
29.2
26.1
25.0
23.0
20.8
15.3000002
5.5
4.8000002
5.0
4.9000001
5.0
5.1999998
5.2999999
5.4
5.2999999
5.1000001
5.5
6.7999997
21.4999998
27.0
30.1
27.0
28.2
28.1
30.8
26.6
23.8
21.4000002
18.4999996
13.5
4.5
4.7000001
5.0
5.0
4.9000001
5.2
5.4
5.1999998
5.0999999
5.0999999
5.2999999
7.9000001
20.6000004
27.8
29.9
22.9
24.8
25.0
27.2
26.3
23.8
22.4
15.3999996
5.0
4.8000002
5.0
5.0
5.0
5.0
5.4
5.2999999
5.4
5.2999999
5.2999999
5.4
5.2999999
4.5
4.6
3.9999999
4.2999999
4.0999999
4.0999999
3.9999999
4.4
4.0
4.2
4.2
4.0999999
4.3999999
4.9000001
4.9000001
5.0
4.9000001
5.3
5.2999999
5.2999999
5.4
5.2999999
5.1999998
5.2999999
4.6000001
4.5
4.0
4.0999999
4.0999999
4.1999998
4.1999998
3.9999999
4.0999999
4.1999998
4.0
4.0999999
4.5
5.0
4.9000001
5.0
4.9000001
5.0999999
5.2999999
5.2999999
5.2999999
5.2999999
5.8000002
7.0000002
20.0000004
21.3999998
31.799999
26.6
29.2
29.8
31.6
29.599999
26.5
24.5
22.7
14.2999997
4.4000001
4.6
4.8000002
4.9000001
4.9000001
5.0999999
5.0999999
5.0999999
5.0999999
5.0999999
5.0999999
6.1999998
19.3999996
26.4
29.5
27.5
27.8
27.9
29.1
27.0
27.4
24.6
21.5
13.3999996
5.3
4.9000001
4.9000001
4.9000001
4.9000001
5.2999999
5.0
5.2
5.1999998
5.0999999
5.2
7.2999997
17.2000008
22.7
26.9
25.7
25.2
26.5
27.4
25.7
23.3
21.7
19.5000002
15.0999999
5.4000001
5.2000001
5.0
5.2
5.0
5.2999999
5.2999999
5.4
5.3999999
5.4
5.5
7.3999998
19.8000002
27.4
31.900001
27.4
28.0
28.4
30.4
28.0
24.6
23.3
21.2
15.1999998
7.2999997
6.7000001
4.9000001
5.0
5.0
5.3999999
5.5
5.4
5.2999999
5.1999998
5.4
7.2999999
18.9000001
27.699999
28.7
26.5
25.4
27.0
30.5
28.0
26.3
23.2
10.9000001
5.0
5.3000002
5.0
4.9000001
5.1999998
5.0
5.2999999
5.1999998
5.2999999
5.5
5.1999998
5.2
5.1999998
4.7
4.5
4.2999999
4.0999999
4.0999999
4.2
4.1999998
4.1999998
4.0999999
4.0999999
4.2999999
4.2
4.4000001
4.8000002
5.0
4.9000001
4.9000001
5.0999999
2.5999999
5.4
5.4
5.2999999
5.2999999
5.2999999
4.8
4.4
4.1999998
4.1999998
4.1999998
4.0999999
4.1999998
4.0999999
4.0999999
4.1999998
4.2
4.2
4.3
5.0
5.0
4.9000001
2.4000001
5.2999999
4.995
5.0175
5.0175
5.125
5.865
14.4175
19.8825
24.065
23.5775
23.9275
24.115
25.1
24.255
22.1875
20.64
18.4425
13.3875
6.7575
4.8
4.615
4.6775
4.7025
2.4000001
5.0999999
5.0999999
5.0999999
5.0
5.0
6.1999998
12.4000001
12.7000003
13.3000002
13.7000003
14.1999998
14.0
13.8000002
12.3000002
8.1000002
3.9999999
3.9
3.7
3.9
4.0999999
4.4
4.6
4.6
4.5
4.8
5.0
5.0
5.0
5.0
6.2000001
11.2999997
10.2000003
9.0999999
7.1000001
6.7000001
6.7000001
6.5
5.7999999
4.3999999
3.9999999
3.9
3.7
3.8
4.2999999
4.4
4.5
4.7000001
4.6000001
4.8000002
4.8000002
5.0999999
4.9000001
4.8000002
4.9000001
5.1999998
4.0
5.5999999
7.6999998
8.1999998
8.5999999
8.2999997
8.0999999
4.7000001
3.9999999
3.8
3.7
3.8
3.9999999
4.5
4.5
4.7000001
4.4
4.8000002
5.0
4.7000001
5.0999999
4.9000001
5.0
4.7000001
4.1999998
4.7000001
4.2999999
4.4
4.2
4.4
4.2
4.1999998
4.0
3.8
3.6
3.8
3.8
4.4
4.5
4.5
4.6000001
5.0
4.6
4.9000001
4.8
4.9000001
4.9000001
4.8000002
3.9
3.8
3.7
3.8
3.8
3.8
3.7
3.9
3.6
3.8
3.8
3.7
3.6
4.6
4.6
4.6000001
4.4
4.8000002
5.0
4.8000002
4.8000002
4.8000002
5.0
4.5999999
4.0999999
4.0999999
3.9999999
3.6
3.9
3.7
3.7
3.8
3.7
3.9
3.8
3.8
3.7
4.6000001
4.6
4.5
4.5
4.9000001
5.0
4.8
5.0
5.0
5.0
4.5
4.1999998
4.7000001
4.5
4.2999999
4.4
4.4
4.2999999
4.2999999
3.9
3.8
3.9
3.8
3.8
4.6
4.6
4.6
4.5
5.0
4.8000002
5.0999999
4.9000001
5.0
4.9000001
4.5
4.1999998
6.2000001
5.7000001
6.7999999
7.6000001
6.2
6.0
5.9000001
4.8
3.7
3.9
3.9
3.9
4.5
4.4
4.7000001
4.7000001
5.0
4.8
4.9000001
5.0
4.9000001
4.9000001
4.5
4.7
8.0
6.0
5.8
7.8
6.2
6.6000001
6.6
4.4000001
3.9
3.7
3.9
3.9
4.5
4.7000001
4.6
4.6
4.9000001
5.0
5.0
5.0
4.8000002
5.0
4.6000001
4.0
4.8999999
6.0
5.6
5.8
6.2999999
6.5
6.2000001
5.3999999
4.1
4.0
4.0
4.0999999
4.5
4.5
4.9000001
4.7000001
5.0999999
5.0999999
5.1999998
4.9000001
5.0
5.0999999
4.7
4.2999999
5.3000002
5.9000001
5.8000002
5.7000001
5.8000002
4.7
4.3999999
4.0999999
4.0
3.9999999
3.9
4.0
4.6000001
4.6000001
4.5
4.7000001
5.0999999
5.0
5.1999998
5.1999998
5.0
4.9000001
4.5999999
4.2
4.1999998
3.9
3.9
3.7
3.8
3.9999999
3.9
3.8
3.7
4.0
4.0
3.8
4.4
4.7000001
4.7000001
4.5
5.0
4.9000001
5.0
5.0999999
4.8000002
4.9000001
4.5
4.2999999
4.0
3.8
3.9
3.7
3.9
3.8
3.8
3.6
3.9
3.8
3.8
3.9
4.5
4.6
4.5
4.7000001
4.9000001
4.9000001
4.9000001
4.9000001
4.9000001
6.4000001
16.3000002
22.4
31.700001
27.2
27.7
28.0
28.2
26.0
23.5
21.8
18.5
11.5999999
4.8999999
4.7
4.5
5.0
4.9000001
5.0999999
5.0999999
5.2999999
5.2
5.2
5.2
6.8
19.5999998
24.9
29.8
27.4
29.2
29.7
28.5
27.3
25.1
22.2
17.4000006
12.4000001
5.0
4.8999999
4.5
5.0
4.7000001
5.0
5.2999999
5.2
5.0999999
5.0999999
5.0999999
7.0000002
19.3999996
24.1
30.4
29.5
28.6
30.5
32.1
27.5
24.4
22.7
18.8999996
13.4000001
5.0
4.9000001
4.7000001
5.0999999
4.9000001
4.9000001
5.2999999
5.0999999
5.2999999
5.3999999
5.2999999
7.2000001
18.7
21.7999998
27.9
27.3
26.2
26.1
28.4
25.4
23.1
22.3
19.9000002
12.6000004
5.0
4.5999999
4.7
4.9000001
5.0999999
5.0
5.1999998
5.4
5.4
5.3999999
5.2999999
7.8999999
18.5000001
23.9
29.6
26.4
27.6
26.8
27.8
27.1
22.7
22.3
17.6000004
6.0
4.7999999
4.4
4.6000001
5.0
5.0
5.0
5.4
5.5
5.3999999
5.2999999
5.1999998
5.2999999
4.6
4.4
4.4
4.3
4.0999999
4.1999998
4.0999999
4.2
4.1999998
4.2999999
4.0999999
4.2999999
4.2
4.0999999
4.6000001
5.0
4.9000001
5.1999998
5.0999999
5.2999999
5.2999999
5.2
5.0999999
5.2999999
4.5
4.4
4.2999999
4.2999999
4.0999999
4.0999999
3.9999999
4.1999998
4.0999999
4.2
4.1999998
4.1999998
4.0999999
4.1999998
4.5
4.9000001
4.9000001
5.0999999
5.0999999
5.4
5.2999999
5.2999999
5.0999999
7.7000001
19.5
23.5999996
27.7
25.9
27.2
26.5
27.8
25.2
23.0
21.1
19.5999994
13.3999996
4.8000002
4.6999998
4.5
4.9000001
4.8000002
5.0999999
5.1999998
5.4
5.2999999
5.2999999
5.0999999
6.9999998
18.8999999
23.5
28.1
25.5
27.0
24.6
26.3
23.3
21.5
22.7
20.0999998
11.3000002
4.2999999
4.2999999
4.6000001
5.1999998
4.9000001
5.2999999
5.3999999
5.2999999
5.5
5.3999999
5.5
7.6999998
18.2
22.8000002
25.6
24.9
24.4
24.3
27.2
24.8
21.9
21.3
19.1
14.0
5.3999999
4.4
5.0
5.2
5.1999998
5.0
5.7
5.6
5.8000002
5.5
5.5
8.0
17.0999999
22.7
29.0
27.1
27.9
27.3
32.8
31.7
27.0
22.0
20.2
11.4000001
5.1000001
4.0
4.5
4.8000002
4.8000002
4.7000001
5.0999999
4.8000002
5.1999998
5.0999999
5.0999999
7.0000002
17.3999996
24.1
30.0
28.0
29.9
29.7
30.8
29.9
24.4
22.2
17.8
5.3999999
4.6
4.0
4.3
4.3999999
4.8000002
4.8
4.9000001
5.0
5.1999998
4.9000001
5.0
5.0
4.2
4.0999999
3.9999999
3.9999999
3.8
3.9
3.8
3.9
3.8
3.9
3.9
3.8
3.9
3.9
4.4000001
4.3999999
4.8000002
4.4
4.9000001
5.1999998
4.8000002
5.0
5.0999999
5.0
4.3
4.0999999
4.2999999
3.9
3.8
3.8
3.7
3.7
3.9
3.9
4.0
3.6
3.7
3.9
4.1
4.6
4.6000001
4.7000001
5.0
5.0
5.0999999
4.9000001
5.2999999
6.0
20.2999998
21.3
26.8
23.8
26.5
24.4
27.0
25.1
22.1
21.2
19.2000002
12.5
4.8999999
4.4000001
4.7
4.8000002
4.8
5.0999999
5.1999998
5.1999998
5.0999999
5.0999999
5.7000001
6.0
16.8999998
23.0000002
28.3
26.1
29.0
26.5
29.3
25.2
23.2
20.4000002
17.6999998
10.8000002
5.0
4.8999999
4.7000001
5.0999999
5.0999999
5.0
5.3999999
5.3999999
5.3999999
5.3999999
5.6000001
7.6000001
20.4999996
25.8
31.7
27.8
29.2
26.9
31.1
29.8
27.7
24.9
20.5000002
14.1999998
5.2
4.2999999
4.7
5.0
5.0999999
5.2999999
5.2999999
5.4
5.2999999
5.5
5.9000001
7.3000002
18.6999998
21.1000002
26.0
25.0
25.2
25.8
27.6
25.0
21.7
21.0
18.1999998
13.0
5.5
4.2999999
4.6000001
5.0
5.0
5.2
5.5
5.2999999
5.2999999
5.2999999
5.7000001
6.6
17.7000002
28.9
30.2
26.2
27.0
27.1
29.9
28.0
25.4
23.4
16.4999995
5.2
5.0999999
4.4
4.7000001
5.1999998
5.0999999
5.0999999
5.5
5.5
5.5
5.2999999
5.5
5.5
4.7000001
4.6
4.7000001
4.2999999
4.0999999
4.2999999
4.4
4.1999998
4.0999999
4.3999999
4.4
4.1999998
4.2999999
4.1999998
4.7999999
4.8000002
5.0
5.0999999
5.0999999
5.2999999
5.2999999
5.5
5.1999998
5.2999999
4.6000001
4.6000001
4.6
4.2999999
4.1999998
4.2999999
4.0
4.1999998
4.4
4.1999998
4.2999999
4.4
4.2999999
4.1999998
4.6
5.0
5.1999998
4.9000001
5.4
5.3999999
5.2999999
5.0
5.5
5.1
4.5
4.6
4.9000001
4.8999999
4.6
4.8000002
4.8000002
4.7000001
4.8000002
4.5
4.2999999
4.1999998
4.1999998
4.4
4.6000001
4.9000001
4.9000001
5.0
5.2999999
5.4
5.4
5.2999999
5.4
7.8
20.4000004
24.5
28.6
27.3
29.8
30.5
30.1
28.6
26.4
24.4
20.5
14.6000004
5.1000001
4.7000001
4.5
5.1999998
5.0999999
4.8000002
5.5
5.5
5.5
5.5
5.8000002
7.9999998
18.7000004
21.5999996
26.3
27.0
27.2
26.8
28.6
26.4
23.9
21.8
20.2
15.0
5.7
4.8999999
4.5
4.9000001
4.9000001
5.1000001
5.0
5.0999999
5.0
5.1999998
5.5
6.2999999
17.7999999
21.6
28.5
25.6
25.7
25.5
28.3
24.2
22.1
20.4
19.6999998
10.4000001
5.5
4.6000001
4.9000001
5.4
5.3999999
5.0
5.8000002
5.9000001
5.7000001
5.9000001
5.8000002
8.0
18.1999998
23.8000004
32.799999
28.8
0.190476190477
0.190476190477
0.190476190473
0.190476190477
0.190476190477
0.190476190477
0.190476190473
0.190476190477
0.190476190477
0.190476190477
2.39523809524
4.8
4.70000010001
2.64705882353
5.0999999
5.1999998
5.0999999
5.29999989999
5.0999999
4.6999998
4.0999999
4.3999999
4.29999989999
4.1
4.2
4.0
3.9
3.8
4.0999999
4.0999999
0.294117647056
0.294117647063
0.294117647056
0.294117647063
0.294117647056
0.294117647056
0.294117647063
2.54705892353
2.74705872353
5.0999999
5.0999999
5.1999998
5.0999999
4.79999989999
4.0999999
4.29999989999
4.29999989999
4.1
4.0999999
4.0999999
4.0
3.9
4.0999999
4.0
4.0999999
4.0999999
3.9999999
4.0999999
4.2
4.8000002
4.8
5.20000010001
5.1999998
5.0
5.0999999
5.1999998
5.29999989999
6.6000001
17.8000002
22.8
28.8
28.3
28.4
27.0
29.0
26.9
24.6
23.3
22.4
13.1999998
5.20000010001
4.70000010001
4.60000000001
5.3
5.0999999
5.39999999999
5.3999999
5.70000010001
5.60000000001
5.70000010001
5.9000001
6.5
14.9000006
24.3
30.5
27.8
28.5
26.7
29.5
27.5
24.1
22.6
23.2
13.0999999
6.5
5.70000010001
4.70000010001
5.1999998
5.39999999999
5.1000001
5.6000001
5.70000010001
5.70000010001
5.8000002
6.1999998
6.6999998
12.7000003
19.8000002
27.4
24.5
28.3
29.5
30.5
28.8
28.0
22.6
19.3000002
14.0
5.0999999
3.8
4.0999999
4.60000000001
4.70000010001
4.70000010001
5.0
5.0
5.0
5.0999999
5.60000000001
5.7
15.1000004
21.9000002
32.1
29.6
32.799999
31.6
33.199999
30.2
27.3
25.4
22.2
14.1000004
5.20000010001
4.3000001
4.0999999
4.8
4.8
4.8
5.0
5.0
5.1999998
5.2
5.60000000001
6.5
14.7000003
22.7
29.4
24.0
28.4
27.6
30.7
29.599999
24.8
21.4
16.4000001
4.8
4.9000001
4.0
3.9
4.5
5.0
4.9000001
5.0
5.1999998
5.1999998
5.0999999
5.0999999
4.4000001
4.29999989999
4.1999998
4.29999989999
4.0999999
4.0
3.9
3.9
4.0
4.0
3.9999999
4.0
4.0
4.0999999
4.0999999
4.0999999
4.7
4.70000010001
2.4000001
4.9000001
4.9325
5.02
5.0525
4.985
4.885
4.485
4.2475
4.1425
4.0225
3.945
3.93
3.9225
3.9275
3.9675
3.95
3.985
4.03
4.025
4.0875
4.2075
4.45
4.64
2.4000001
4.74
5.1999998
5.1999998
5.0999999
5.39999999999
6.5
17.3000002
22.1
29.4
27.6
30.0
31.1
31.400001
28.5
24.2
22.1
18.6999998
13.2000003
4.2
4.0
4.2
4.5
4.8000002
4.60000000001
4.8000002
5.0
5.0
5.0999999
5.2
6.70000010001
16.8000002
22.2999998
27.2
27.8
29.9
29.3
30.2
28.2
25.3
24.0
21.6
13.5
5.0
4.7
3.9
4.5
4.70000010001
4.8
4.9000001
5.0999999
4.8000002
4.9000001
5.5
6.3999998
17.2999997
21.0999998
30.600001
30.3
31.2
31.3
33.0
31.399999
27.3
23.6
19.9000002
16.3000002
5.4000001
4.0999999
4.0999999
4.9000001
4.9000001
4.70000010001
5.3
5.1999998
5.1999998
5.29999989999
5.70000010001
6.4000001
17.8000002
23.7
26.2
23.9
23.9
22.7
27.1
22.5999996
19.6999998
18.0
15.1999998
11.6000004
5.3
4.0
4.0999999
4.6000001
4.5
4.60000000001
5.0
5.0
5.0
5.0
5.0999999
4.29999989999
4.29999989999
9.6000001
19.0000002
15.9000006
17.1999998
17.2999992
18.0
15.2000003
12.8000002
5.7
4.0999999
4.0
4.0999999
3.9
4.0
4.29999989999
4.70000010001
4.70000010001
4.9000001
5.0
5.0
5.0
5.0999999
4.1999998
4.1
4.0999999
4.29999989999
4.0999999
3.8
3.9
3.8
3.9
3.8
3.9
3.9
3.9
3.9
3.8
3.9
4.39999999999
4.60000000001
4.60000000001
4.8999999
4.9000001
5.0
5.0
4.70000010001
4.7
4.0
3.9999999
4.0999999
3.9999999
3.8
3.8
3.9
3.9
3.9
3.9
3.9
3.9
3.8
3.9
3.9
4.3
4.60000000001
4.60000000001
4.70000010001
4.9000001
4.6000001
4.9000001
5.0
4.4000001
4.0999999
4.0
4.0999999
4.0999999
3.9
3.8
3.7
4.0
3.9
3.8
3.9
3.9999999
3.7
3.9
3.8
4.3000001
4.70000010001
4.5
4.9000001
4.8000002
5.0
4.70000010001
4.9000001
4.39999999999
4.0
4.1999998
6.2
6.0999999
6.1999998
6.39999999999
6.3999999
6.0
7.8
7.8000002
7.9000001
4.9000001
3.9
3.9
3.9
4.3
4.60000000001
4.70000010001
4.9000001
5.0
4.9000001
4.9000001
5.0
4.1999998
4.1999998
4.5999999
5.29999989999
5.1999998
5.29999989999
5.0
5.0999999
4.8000002
4.3999999
4.0
3.9
3.9
4.0
3.9
4.0
4.5
4.60000000001
4.70000010001
4.9000001
4.8
5.0
5.0
5.0
4.0999999
4.1999998
4.0999999
4.0999999
5.0999999
4.9000001
5.2
5.1999998
5.0999999
5.1999998
4.29999989999
3.9
4.0
4.0
3.9
3.9
4.5
4.60000000001
4.70000010001
5.0
4.8000002
5.0999999
5.0999999
5.0999999
4.8999999
4.29999989999
5.39999999999
7.4000001
6.9000001
5.8000002
5.9000001
6.0999999
5.9000001
6.29999989999
5.9000001
5.8
3.9
3.8
4.0999999
3.9
4.5
4.5
4.8000002
4.8000002
5.0999999
5.0999999
4.9000001
4.8
4.1999998
4.0999999
4.29999989999
4.29999989999
4.0999999
3.8
3.8
3.9
3.9
3.9
4.0
3.9
3.9
3.9
3.9
3.8
4.70000010001
4.60000000001
4.6000001
5.0
5.0
5.0
4.8000002
4.9000001
4.6000001
4.29999989999
4.1999998
4.2
4.0999999
3.9
3.9
4.0
3.9
3.9
3.9
3.7
3.8
3.9
4.0
4.0
4.2
4.70000010001
4.70000010001
4.7
4.9000001
5.0
5.0
4.9000001
4.7
14.5999999
27.0
29.7
26.7
26.5
27.3
31.2
27.4
25.5
24.3
23.3
13.6000004
4.5999999
3.9
4.2
4.6000001
4.70000010001
4.9000001
4.8
5.0
5.0
5.0999999
5.3999999
6.0999999
14.6000004
24.5999996
32.9
31.999999
32.599998
33.299999
31.999999
28.9
26.8
25.3
22.6
15.5999999
5.0999999
4.0
4.1999998
4.5
4.8000002
4.8000002
5.0999999
5.29999989999
5.29999989999
5.1999998
5.5
5.70000010001
14.5999994
21.1999996
26.3
24.3
26.2
24.9
28.1
24.8
23.5
23.2
20.9999996
13.9000001
5.0
4.2
4.2
4.3999999
5.0
5.0
5.0999999
5.29999989999
5.29999989999
5.0999999
5.6000001
5.5
14.0
20.6999996
23.8
21.7
22.4
22.2
28.5
26.7
19.3999996
19.5
17.3999996
11.2999997
5.1000001
4.0999999
4.1999998
4.5999999
4.8000002
5.0999999
5.0999999
5.1999998
5.29999989999
5.29999989999
5.3999999
5.5
18.6999998
24.3
29.5
27.7
26.8
27.7
27.2
26.7
24.8
22.4
16.5999999
5.5999999
4.89999999999
4.3999999
4.29999989999
4.70000010001
5.0999999
5.0
5.2
5.70000010001
5.5
5.29999989999
5.3999999
4.6000001
4.60000000001
4.60000000001
4.5
4.5
4.1999998
4.1999998
4.3999999
4.29999989999
4.5
4.29999989999
4.39999999999
4.29999989999
4.39999999999
4.29999989999
4.29999989999
4.8
5.0999999
2.5999999
5.29999989999
4.945
5.035
5.0575
4.9925
4.805
4.4275
4.215
4.0975
4.01
3.885
3.835
3.8375
3.825
3.8575
3.825
3.8025
3.8225
3.83
3.8825
4.005
4.2875
4.5875
4.3525
4.7075
5.0325
5.06
5.0725
5.2075
5.61
10.71
14.83
18.545
18.595
18.56
18.59
19.515
18.42
16.3675
15.045
13.895
10.825
6.0075
4.4175
4.2525
4.53
4.7275
4.715
4.9175
5.095
5.175
5.19
5.3625
5.8475
13.0025
18.3175
21.47
21.77
21.465
21.0125
21.36
19.8925
17.88
16.505
14.7625
11.2125
6.1625
4.52
4.2775
4.515
4.7825
4.84
5.0275
5.2025
5.255
5.2375
5.4325
5.92
12.825
18.095
22.2125
21.21
20.05
19.7625
20.7925
19.725
17.795
16.0875
14.495
11.5125
6.2475
4.36
4.2125
4.4725
4.74
4.8375
5.0
5.1025
5.135
5.1175
5.29
5.7175
11.6675
16.04
18.92
18.455
18.265
18.0525
20.5025
20.285
17.95
16.36
14.8875
10.9225
6.205
4.55
4.27
4.41
4.5525
4.5875
4.7925
4.92
4.9475
4.98
5.1025
5.6125
9.67
14.39
18.2225
17.4325
16.6075
16.655
17.72
16.8825
14.8475
13.085
10.235
5.955
4.29
3.865
3.885
4.2875
4.5825
4.61
4.7875
4.97
4.98
4.955
4.9275
4.5825
4.3275
4.2125
4.2125
4.1525
4.01
3.955
3.9575
3.96
3.9675
3.985
3.915
3.875
3.915
3.9075
3.96
4.2425
4.4425
4.3375
4.65
4.9125
4.96
4.9675
4.9025
4.6925
4.3525
4.155
4.0525
3.985
3.8575
3.7975
3.775
3.8075
3.835
3.81
3.86
3.9025
3.91
3.97
4.0725
4.295
4.5325
2.5999999
4.6175
5.39999999999
5.29999989999
5.29999989999
5.60000000001
7.3000002
17.3000002
21.7999996
25.8
23.5
25.4
24.2
27.0
24.4
21.4
19.8999998
19.0
11.9000001
5.3
4.89999999999
4.39999999999
4.8
5.0999999
5.2
5.60000000001
5.5
5.70000010001
5.5
6.0
5.9000001
18.1000001
22.1
27.6
27.0
29.1
28.5
29.1
26.2
23.4
22.2
18.6999998
10.9000001
5.20000010001
4.70000010001
4.3999999
4.7
5.39999999999
4.9000001
5.3999999
5.60000000001
5.6000001
5.6000001
6.0999999
6.1000001
16.7999997
23.3
31.299999
26.8
26.2
28.0
29.5
27.8
25.9
22.9
22.0
13.0
5.0
4.4000001
4.39999999999
4.6000001
5.0
5.0
5.2
5.39999999999
5.39999999999
5.29999989999
5.3999999
5.9000001
15.6000004
19.9999996
26.3
24.4
22.9
22.3
24.7
22.5
17.3999996
16.6000004
14.1999998
10.3
5.4000001
4.29999989999
4.39999999999
4.70000010001
5.2
5.0
5.6000001
5.5
5.70000010001
5.5
5.5
6.4000001
17.6000004
21.0999998
26.2
20.9
21.3
22.4
25.4
22.7999998
16.6000004
15.1999998
10.8000002
4.79999989999
4.3999999
4.0999999
3.9
4.29999989999
4.8
4.8000002
5.0
5.0
4.9000001
5.1999998
4.9000001
4.3999999
4.29999989999
4.1999998
4.39999999999
4.0999999
4.0
3.9999999
3.9
4.0999999
3.9
4.0
4.0999999
3.9
4.0999999
4.2
3.8
4.5999999
4.8000002
4.70000010001
5.0
5.1999998
5.0
5.0999999
4.8
4.1999998
4.2
4.29999989999
4.29999989999
4.0999999
3.9
4.0
3.9
3.9
4.0999999
3.9
3.9
4.0999999
3.9
3.9
3.9999999
4.3
4.8000002
2.3
5.0
4.945
4.975
4.9625
5.125
5.5325
10.6225
15.5875
19.8625
18.8425
18.495
18.1675
18.89
17.7775
15.87
14.79
13.75
10.4775
6.0225
4.48
4.26
4.575
4.78
2.5999999
4.9675
5.5
5.39999999999
5.6000001
6.2
6.0999999
17.8000002
23.3
24.3
24.1
26.5
25.4
26.1
23.2
21.0
21.1
16.5999994
8.9000001
5.0999999
4.0999999
4.0999999
4.6000001
4.70000010001
5.0999999
5.2
5.0999999
5.29999989999
5.1999998
5.5
5.9000001
15.9000001
21.4999996
25.3
22.7
22.7
22.9
24.4
22.9
21.0
19.1000004
18.1000004
11.6000004
5.1000001
4.0999999
4.29999989999
4.5
4.9000001
5.0999999
5.20000010001
5.29999989999
5.39999999999
5.1999998
5.70000010001
5.9000001
18.7000004
22.7
24.8
23.3
23.4
22.1
24.4
21.7
20.3
19.1000004
16.8000002
9.3000002
4.5
4.29999989999
4.29999989999
4.6999998
5.1999998
5.0999999
5.3999999
5.6000001
5.3999999
5.5
5.8
7.0
19.8000004
24.9
27.3
25.2
25.7
25.5
26.2
24.7
21.9
20.9
15.0
5.0
4.79999989999
4.29999989999
4.0999999
4.2
4.9000001
5.0
5.2
5.29999989999
5.1999998
5.29999989999
5.0999999
4.29999989999
4.29999989999
4.3999999
4.29999989999
4.29999989999
4.0999999
4.0999999
4.1999998
4.1999998
4.1999998
4.2
4.29999989999
4.1999998
4.29999989999
4.2
4.1999998
4.5
4.9000001
5.0
5.0999999
5.39999999999
5.1999998
5.29999989999
5.20000010001
4.79999989999
4.29999989999
4.5
4.39999999999
4.3999999
4.0999999
4.1999998
4.0
4.0999999
4.1999998
4.0999999
4.0999999
4.2
4.2
4.0999999
4.1999998
4.3999999
4.9000001
5.0999999
5.0999999
5.0999999
5.2
5.29999989999
5.5
6.0
16.5
22.2
24.9
23.4
24.8
22.5
24.1
22.7
21.0
19.8999998
17.6999998
10.8999996
5.1000001
4.5
4.29999989999
4.6000001
5.0
5.3999999
5.2
5.29999989999
5.3999999
5.29999989999
5.60000000001
5.7
19.2
23.3
24.5
24.7
24.0
21.3
25.4
22.7
19.2999992
19.3999996
15.1999998
10.0
4.9000001
5.1000001
4.5
4.6000001
5.1999998
5.0999999
5.3
5.60000000001
5.5
5.39999999999
5.8
6.6999998
18.4000002
21.9999996
25.6
25.1
25.7
24.1
28.5
24.9
23.3
19.5
15.9000006
10.1999998
5.20000010001
4.5999999
4.39999999999
4.79999989999
5.1999998
5.0999999
5.5
5.70000010001
5.6000001
5.5
5.6000001
6.7000003
19.2999996
22.8000004
27.5
26.7
25.6
26.3
28.3
24.8
22.0
21.6
19.0
11.7999997
5.0
4.3999999
4.2
4.29999989999
4.9000001
5.0999999
5.0999999
5.29999989999
5.0999999
5.1999998
5.5999999
5.8
18.3999999
20.7999996
24.5
20.4999996
22.2
21.6
24.3
21.3999998
20.3999998
18.5
15.3000002
9.9000001
5.20000010001
4.5
4.70000010001
5.1000001
5.1999998
5.60000000001
5.6000001
5.8000002
5.60000000001
5.5
5.60000000001
5.0
4.8000002
4.70000010001
4.8000002
4.7
4.5
4.5
4.70000010001
4.5
4.5
4.6000001
4.39999999999
4.5
4.60000000001
4.5
4.60000000001
4.70000010001
5.1999998
5.29999989999
5.5
5.5
5.60000000001
5.60000000001
5.5
4.8000002
4.70000010001
4.9000001
4.8000002
4.70000010001
4.5
4.5
4.39999999999
4.5
4.5
4.3999999
4.5
4.60000000001
4.39999999999
4.60000000001
4.60000000001
4.5999999
5.39999999999
5.1999998
5.5
5.5
5.60000000001
5.5
5.6000001
5.8
15.5
22.2
26.7
23.6
24.0
23.7
26.3
22.7
21.5
21.8
20.9
14.2999997
8.90000009999
5.60000000001
4.5
5.2
5.0999999
5.29999989999
5.5
5.5
5.70000010001
5.39999999999
5.8
6.5999999
18.4999998
23.3
26.9
26.0
26.5
27.1
26.5
24.3
20.9
19.1000004
18.7000008
12.5999999
6.0
4.8999999
4.39999999999
4.7
5.1999998
5.0
5.3
5.5
5.29999989999
5.29999989999
5.70000010001
6.8999999
17.8000001
22.4
27.9
25.3
28.0
24.6
26.0
23.0
18.9000006
17.5
16.5
9.8000002
5.3000002
4.79999989999
4.1999998
4.6000001
5.0999999
5.1999998
5.29999989999
5.5
5.29999989999
5.29999989999
5.70000010001
6.70000010001
18.7999998
23.2
26.5
23.9
25.7
23.4
25.8
24.4
20.2
18.0
15.8000002
10.8999996
5.20000010001
4.8999999
4.29999989999
4.6999998
5.0
5.0999999
5.3999999
5.39999999999
5.5
5.39999999999
5.60000000001
6.8000002
16.3000002
21.1
24.1
21.4
24.1
22.3
22.8
20.8999996
18.0
16.3000002
13.1999998
5.39999999999
5.0
4.39999999999
4.1999998
4.8999999
5.1999998
4.9000001
5.29999989999
5.5
5.0999999
5.29999989999
5.39999999999
4.39999999999
4.60000000001
4.5
4.39999999999
4.5
4.29999989999
4.2
4.29999989999
4.29999989999
4.29999989999
4.29999989999
4.29999989999
4.29999989999
4.29999989999
4.2
4.39999999999
4.70000010001
5.0
5.0
5.1999998
5.29999989999
5.29999989999
5.2
5.29999989999
4.8
4.60000000001
4.5
4.5
4.29999989999
4.1999998
4.1999998
4.29999989999
4.0999999
4.1999998
4.29999989999
4.0999999
4.29999989999
4.29999989999
4.0999999
4.29999989999
4.6000001
4.9000001
5.1999998
5.0
5.29999989999
5.1999998
5.0999999
5.8999999
6.60000000001
18.9000002
23.8
30.6
26.8
27.0
26.4
27.7
29.3
24.2
23.6
20.9
12.0
5.0
5.0
4.29999989999
5.0
5.2
5.29999989999
5.3
5.5
5.29999989999
5.5
6.0
7.1000001
17.8999996
23.6
28.6
27.4
29.0
27.8
28.4
27.2
22.6
21.5
20.7
14.3000002
5.8
4.6999998
4.3999999
4.8
5.0999999
5.1999998
5.3999999
5.29999989999
5.70000010001
5.60000000001
5.9000001
6.5
17.5999999
24.0
27.1
27.0
26.2
25.2
26.7
23.8
21.7
22.3
21.7
13.3999996
5.5
4.79999989999
4.3999999
4.6999998
5.0
5.1999998
5.3999999
5.3999999
5.5
5.60000000001
5.8000002
7.1999998
18.7
23.7
28.7
25.9
26.1
25.8
27.9
26.9
22.7
19.0
17.9000006
9.5
5.5
5.3
4.70000010001
5.2
5.5
5.3999999
5.9000001
5.9000001
5.9000001
5.8000002
6.0
6.99999980001
17.6
25.2
27.2
23.9
24.1
23.4
26.3
22.7
21.1
17.6000004
11.4000001
10.7000003
5.7
4.5
4.39999999999
5.0
5.29999989999
5.2
5.6000001
5.60000000001
5.5
5.70000010001
5.39999999999
4.70000010001
4.60000000001
4.70000010001
4.70000010001
4.5
4.5
4.29999989999
4.5
4.5
4.39999999999
4.5
4.5
4.5
4.5
4.5
4.5
4.89999999999
5.0999999
5.3
5.3999999
5.5
5.6000001
5.39999999999
5.5
5.1000001
4.60000000001
4.8
4.60000000001
4.60000000001
4.5
4.39999999999
4.5
4.5
4.39999999999
4.3999999
4.5
4.5
4.39999999999
4.6000001
4.39999999999
4.79999989999
5.1999998
5.0999999
5.3999999
5.70000010001
5.60000000001
5.5
5.60000000001
6.3
11.5
18.8000002
15.5999999
10.5999999
7.8999999
7.7000003
6.8
6.5
4.7
4.3999999
4.3
4.1999998
4.0999999
4.1999998
4.0999999
4.7
4.9000001
5.0
5.2
5.0999999
5.5
5.0999999
5.1999998
4.79999989999
4.5
5.6000001
6.70000010001
6.7
6.0999999
6.2
5.8
4.29999989999
4.2
4.2
4.1999998
4.2
4.0
4.1999998
4.0999999
4.5999999
4.9000001
4.8000002
5.2
5.2
5.1999998
5.2
5.0
4.8999999
4.3999999
4.29999989999
4.29999989999
4.29999989999
4.0999999
4.0999999
4.2
4.0999999
4.1999998
4.1999998
4.0
4.1999998
4.0999999
4.0
4.0999999
4.5
4.8000002
4.9000001
5.0
5.0999999
5.1999998
5.0999999
5.0999999
4.5
4.39999999999
4.1999998
4.6999998
5.29999989999
5.0999999
5.1999998
5.4000001
5.3999999
3.9999999
4.1999998
4.0
4.0
4.1999998
3.9
4.0999999
4.8000002
4.8
4.8
5.0
5.2
5.0
5.1999998
5.0999999
4.8
4.29999989999
4.29999989999
5.60000000001
5.70000010001
5.39999999999
5.6000001
5.29999989999
5.70000010001
5.39999999999
4.4000001
4.0999999
3.9
4.0
4.0
4.0
4.70000010001
4.70000010001
4.70000010001
4.8
5.0999999
5.0
5.0
5.0
4.5999999
4.29999989999
4.0999999
4.29999989999
4.0999999
4.0
3.9
3.9999999
4.0
3.9999999
4.0
3.9999999
4.0999999
4.0
3.9
4.0999999
4.5
4.70000010001
4.8000002
4.9000001
5.0999999
5.0
5.0999999
5.0
4.6000001
4.39999999999
4.0999999
4.1999998
4.29999989999
3.8
3.9
4.0
4.0999999
3.8
4.0
3.9
3.9
4.0
4.0
3.8
4.70000010001
4.8000002
4.8
4.8000002
5.0
5.0
4.9000001
5.29999989999
4.70000010001
4.29999989999
5.0
15.3999996
18.6999998
18.6000004
19.3000002
18.6000004
14.2999997
14.0999999
14.0999999
13.4000001
4.0
4.0999999
3.9
4.0999999
4.70000010001
4.70000010001
4.8000002
5.0
5.0
5.0999999
5.0999999
5.0999999
4.8999999
4.29999989999
4.5999999
5.39999999999
5.7
5.0999999
5.29999989999
5.29999989999
4.5
4.0999999
4.60000000001
5.60000000001
5.20000010001
4.5
4.39999999999
4.39999999999
4.60000000001
4.70000010001
4.8000002
5.0
5.0999999
5.0999999
5.0
5.29999989999
4.8000002
4.60000000001
4.60000000001
5.20000010001
5.5
5.0
5.3
5.3000002
5.1999998
4.9000001
5.0
5.39999999999
4.9000001
5.0
4.1999998
4.29999989999
4.5
4.8000002
4.8000002
4.9000001
4.8
5.0999999
5.0
5.0
4.7
4.60000000001
4.29999989999
4.39999999999
5.20000010001
5.39999999999
5.3999999
5.0999999
5.0999999
5.0
4.2
4.2
4.0999999
4.0
3.9
4.0
4.5
4.5
3.9
4.6000001
5.0
4.8000002
4.9000001
4.9000001
4.39999999999
4.29999989999
4.1999998
3.4999999
4.3
5.5
5.5999999
6.0
4.8999999
3.7
2.39999999999
2.6
2.5
2.5
2.5
2.5
3.0
3.2
3.3
3.2
3.3
3.2
3.1
3.2
2.8
2.5
2.39999999999
2.39999999999
2.4
2.4
2.5
2.39999999999
2.39999999999
2.5
2.5
2.5
2.5
2.60000000001
2.39999999999
2.5
3.1
3.2
3.2
3.2
3.2
3.2
3.3
3.1
2.8
2.5
2.39999999999
2.39999999999
2.5
2.5
2.39999999999
2.39999999999
2.60000000001
2.39999999999
2.60000000001
2.5
2.39999999999
2.5
2.60000000001
2.5
3.3
3.3
3.2
3.3
3.3
3.2
3.1
3.39999999999
3.1
2.39999999999
2.60000000001
2.89999999999
4.8
4.8
4.70000010001
3.9
2.60000000001
2.60000000001
2.6
2.60000000001
2.5
2.6
2.5
2.6
3.2
3.3
3.1
3.3
3.7
3.60000000001
3.5
3.60000000001
3.4
2.8
2.8
3.0
3.1
3.0
3.1
2.5
2.6
2.39999999999
2.60000000001
2.5
2.5
2.39999999999
2.3
2.7
3.1
3.2
3.1
3.1
3.5
3.5
3.60000000001
3.3
3.2
2.8
2.60000000001
2.7
2.7
2.5
2.39999999999
2.5
2.4
2.5
2.39999999999
2.5
2.3
2.39999999999
2.39999999999
2.5
3.1
3.2
3.2
3.1
3.6
3.39999999999
3.5
3.5
3.5
2.8
2.6
2.7
2.60000000001
2.4
2.60000000001
2.39999999999
2.5
2.5
2.5
2.5
2.6
2.4
2.5
2.5
3.0
3.2
3.3
3.3
3.39999999999
3.5
3.5
3.5
3.1
2.7
2.7
2.9
3.2
3.4
3.4999999
2.9
2.7
2.5
2.5
2.60000000001
2.39999999999
2.5
2.39999999999
2.5
3.1
3.3
3.0
3.2
3.60000000001
3.39999999999
3.5
3.4
3.2
2.6
2.7
2.7
2.8
2.60000000001
2.4
2.60000000001
2.5
2.5
2.5
2.5
2.5
2.5
2.60000000001
2.5
3.1
3.3
3.2
3.39999999999
3.5
3.5
3.60000000001
3.3
3.5
2.7
2.8
2.8
2.8
2.39999999999
2.3
2.60000000001
2.39999999999
2.5
2.5
2.5
2.5
2.5
2.60000000001
2.5
3.2
3.2
3.3
3.3
3.5
3.5
3.39999999999
3.7
3.39999999999
2.8
2.8
3.39999999999
3.5
3.1
2.9
3.1
2.9
2.8
2.8
2.60000000001
2.5
2.5
2.60000000001
2.5
3.2
3.2
3.1
3.2
3.60000000001
3.5
3.5
3.5
3.4
2.7
2.8
3.5
3.5
2.7
3.2
3.1
3.1
3.2
3.1
2.5
2.5
2.60000000001
2.39999999999
2.5
3.1
3.2
3.2
3.3
3.5
3.7
3.5
3.7
3.3
2.9
2.7
2.8
2.8
2.5
2.5
2.5
2.60000000001
2.5
2.60000000001
2.6
2.39999999999
2.7
2.5
2.6
3.2
3.2
3.2
3.3
3.60000000001
3.39999999999
3.5
3.60000000001
3.5
2.8
2.7
2.9
2.8
2.5
2.5
2.5
2.5
2.39999999999
2.60000000001
2.39999999999
2.5
2.5
2.5
2.8
3.2
3.2
3.2
3.2
3.7
3.39999999999
3.60000000001
3.7
3.5
3.2
2.8
2.7
2.8
2.39999999999
2.60000000001
2.39999999999
2.5
2.39999999999
2.39999999999
2.6
2.39999999999
2.60000000001
2.5
2.5
3.2
3.2
3.1
3.2
3.6
3.5
3.3
3.39999999999
3.39999999999
2.7
2.7
2.9
2.8
2.39999999999
2.5
2.5
2.5
2.39999999999
2.5
2.5
2.39999999999
2.5
2.39999999999
2.7
3.1
3.1
3.2
3.3
3.60000000001
3.3
3.60000000001
3.5
3.3
2.8
2.8
2.7
2.60000000001
2.5
2.39999999999
2.3
2.39999999999
2.39999999999
2.5
2.5
2.5
2.39999999999
2.39999999999
2.6
3.0
3.3
3.2
3.2
3.5
3.39999999999
3.5
3.6
3.5
2.7
2.7
2.8
2.8
2.39999999999
2.5
2.39999999999
2.5
2.5
2.60000000001
2.5
2.39999999999
2.60000000001
2.39999999999
2.7
3.2
3.2
3.1
3.3
3.60000000001
3.39999999999
3.60000000001
3.60000000001
3.39999999999
2.7
2.9
2.8
2.7
2.6
2.39999999999
2.5
2.60000000001
2.39999999999
2.6
2.6
2.5
2.6
2.6
2.8
3.2
3.3
3.1
3.2
3.5
3.60000000001
3.5
3.60000000001
3.39999999999
2.8
2.7
2.9
2.7
2.39999999999
2.5
2.39999999999
2.60000000001
2.39999999999
2.5
2.5
2.5
2.5
2.39999999999
3.0
3.1
3.2
3.2
3.1
3.5
3.39999999999
3.5
3.5
3.39999999999
2.9
2.7
2.7
2.8
2.5
2.39999999999
2.6
2.60000000001
2.39999999999
2.60000000001
2.39999999999
2.5
2.39999999999
2.60000000001
2.7
3.1
3.3
3.1
3.2
3.5
3.5
3.5
3.5
3.5
2.9
2.7
2.8
2.60000000001
2.5
2.5
2.5
2.39999999999
2.60000000001
2.5
2.39999999999
2.60000000001
2.39999999999
2.5
3.0
3.2
3.2
3.1
3.3
3.3
3.7
3.5
3.5
3.39999999999
3.0
2.8
2.7
2.8
2.5
2.4
2.5
2.5
2.6
2.5
2.60000000001
2.5
2.39999999999
2.60000000001
2.9
3.2
3.1
3.3
3.3
3.4
3.60000000001
3.60000000001
3.39999999999
3.5
3.39999999999
2.7
2.8
2.8
2.5
2.3
2.60000000001
2.39999999999
2.5
2.39999999999
2.5
2.60000000001
2.60000000001
2.39999999999
2.7
3.3
3.1
3.2
3.3
3.39999999999
3.5
3.5
3.60000000001
3.39999999999
3.1
2.8
3.2
3.0
3.60000000001
3.5
2.7
2.5
2.7
2.60000000001
2.60000000001
2.60000000001
2.6
2.6
3.0
3.2
3.3
3.39999999999
3.39999999999
3.7
3.6
3.7
3.5
3.60000000001
3.0
3.10000000001
3.7
4.0
4.0999999
3.6
3.39999999999
3.3
3.2
3.39999999999
3.39999999999
3.0
2.9
2.9
3.2
3.39999999999
3.5
3.4
3.60000000001
3.7
3.7
3.7
3.7
3.7
3.5
3.5
3.9999999
3.9999999
3.8999999
4.5
4.39999999999
4.0
4.0999999
4.2
3.60000000001
3.3
3.1
3.0
3.3
3.60000000001
3.5
4.20000010001
3.6
3.9
3.7
3.9
3.8
3.8
3.2
3.2
5.0999999
6.3
6.70000010001
6.8999999
6.7
5.79999989999
4.9000001
4.9000001
4.9000001
4.9000001
5.0
4.60000000001
4.60000000001
4.8000002
4.9000001
4.9000001
4.9000001
5.1999998
5.0999999
5.0
5.1999998
5.2
4.5
4.7
5.5
5.9000001
6.5
6.1000001
5.5
4.79999989999
4.0999999
4.1999998
6.0
4.3999999
4.1999998
4.0
4.7
4.9000001
4.8000002
4.9000001
5.0
5.1999998
5.0999999
5.29999989999
5.1999998
5.0
4.7
4.29999989999
4.39999999999
4.29999989999
4.0999999
4.0999999
4.0999999
4.29999989999
4.0
4.1999998
4.1999998
4.0999999
4.0999999
4.1999998
4.5
4.9000001
4.9000001
4.8
4.9000001
5.1999998
5.1999998
5.29999989999
5.2
5.1999998
4.7
4.39999999999
4.39999999999
4.1999998
4.0999999
4.0999999
4.0
4.0999999
4.29999989999
4.0999999
4.0999999
4.0999999
4.0999999
4.0
5.0
4.8000002
4.9000001
5.0
4.9000001
5.1999998
5.1999998
5.29999989999
5.2
5.1999998
5.1000001
4.29999989999
4.3999999
4.39999999999
4.0
4.0999999
4.0999999
4.29999989999
3.9999999
4.1999998
4.0999999
4.0999999
4.0999999
4.0
4.70000010001
4.9000001
4.8000002
5.0
5.0
5.29999989999
5.0999999
5.29999989999
5.29999989999
5.5
10.4000001
17.5999994
15.3000002
11.8999996
11.5
12.1999998
10.5999999
9.9000001
9.7000003
8.7999997
5.8
4.5
4.29999989999
4.29999989999
5.0999999
5.0
5.0999999
5.1999998
5.0999999
5.39999999999
5.29999989999
5.29999989999
5.8
6.20000010001
13.0999999
14.1999998
16.6000004
13.5
14.4000001
13.0999999
15.0999999
13.7999997
12.3999996
11.6999998
10.0
8.7
5.7
5.3
5.39999999999
5.39999999999
5.5
5.29999989999
5.70000010001
5.9000001
5.60000000001
5.60000000001
5.9000001
6.99999980001
13.0999999
16.0
17.2000008
15.0
15.4000006
15.5000005
16.6000004
14.6999998
11.9000001
11.9000001
10.4000001
8.7999997
5.0
4.7
5.1999998
5.1999998
5.0999999
5.0
5.29999989999
5.5
5.29999989999
5.5
5.5
6.7
13.5999999
16.5999999
18.8000002
15.8000002
16.0
14.7999997
17.6999998
14.2000003
12.4000001
10.9000001
10.0
5.0
4.8999999
4.39999999999
4.8000002
5.0999999
5.0999999
5.0999999
5.1999998
5.29999989999
5.29999989999
5.29999989999
5.29999989999
5.1999998
5.0999999
4.5
4.5
4.5
4.1999998
4.1999998
4.29999989999
4.29999989999
4.29999989999
4.29999989999
4.29999989999
4.1999998
4.29999989999
4.29999989999
4.9000001
5.0
5.0
4.9000001
5.0999999
5.29999989999
5.29999989999
5.1999998
5.1999998
5.29999989999
4.8
4.5
4.39999999999
4.60000000001
4.0999999
4.1999998
4.39999999999
4.29999989999
4.1999998
4.29999989999
4.39999999999
4.2
4.29999989999
4.29999989999
5.0999999
5.0
5.0999999
5.0999999
4.9000001
5.29999989999
5.39999999999
5.1999998
5.6000001
6.0999999
13.5
15.0999999
18.1000004
14.5
15.8999996
14.9000001
17.6999998
15.3999996
13.9000001
13.0
11.8999996
7.8000002
5.5
4.60000000001
5.29999989999
5.1999998
5.29999989999
5.2
5.29999989999
5.6000001
5.60000000001
5.60000000001
5.60000000001
6.5
13.0999999
15.5
17.6000004
16.8000002
17.3000002
16.4000001
18.7000008
14.6999998
12.5999999
12.4000001
11.9000001
8.3000002
5.0
5.1000001
4.9000001
5.0
5.0
5.0999999
5.0999999
5.29999989999
5.29999989999
5.3999999
5.7
5.8
13.5
14.5
18.3000002
15.2999997
14.8999996
15.2999997
16.7000008
14.5999999
12.5999999
11.8999996
11.0999999
8.3000002
5.3000002
4.3999999
5.0
5.0999999
5.0999999
5.0999999
5.29999989999
5.39999999999
5.29999989999
5.5
5.5
5.6000001
10.5999999
16.6999998
17.5
15.7000003
15.5
14.6999998
17.1999998
14.8000002
11.9000001
11.0999999
9.8000002
7.49999980001
4.8999999
5.20000010001
4.8000002
5.0
4.9000001
4.8000002
5.2
5.1999998
5.1999998
5.3999999
5.5
6.1999998
12.8999996
15.5999999
18.3999996
15.4000001
15.0999994
15.8000002
18.2999992
15.0999994
12.0
11.9000001
10.0
5.4000001
5.0999999
4.6000001
4.9000001
5.0999999
5.0999999
4.8000002
5.1999998
5.29999989999
5.29999989999
5.1999998
5.3999999
5.1999998
5.0
4.5
4.5
4.39999999999
4.1999998
4.29999989999
4.0999999
4.1999998
4.29999989999
4.1999998
4.29999989999
4.29999989999
4.29999989999
4.3999999
5.0
5.0
4.9000001
5.0999999
5.0999999
5.1999998
5.29999989999
5.29999989999
5.1999998
5.0
5.2
4.5
4.39999999999
4.3999999
4.1999998
4.0
4.1999998
4.29999989999
4.0999999
4.29999989999
4.29999989999
4.1999998
4.29999989999
4.8
4.9000001
4.9000001
5.0
4.8
5.0
5.29999989999
5.0999999
5.29999989999
5.3999999
5.8999999
13.5
14.9999995
17.7999992
15.0
17.9000006
16.3999996
18.6999998
16.0999999
13.5
12.6999998
11.5999999
8.8000002
5.0999999
5.3000002
4.8000002
5.0
4.8000002
4.9000001
4.8999999
5.1999998
5.2
5.0
5.3999999
6.7
12.4000001
17.0
19.3000002
16.8000002
17.3000002
16.8000002
17.7999992
15.6000004
14.0999999
13.8000002
12.1000004
7.59999990001
5.1000001
4.7
4.8000002
5.2
5.0
4.9000001
5.0999999
5.29999989999
5.1999998
5.1999998
5.8000002
6.5
12.0999999
15.3000002
18.1999998
15.3000002
14.4000001
14.1999998
17.6999998
15.4000001
13.2000003
12.0999999
11.0
7.5999999
5.0
5.3000002
4.9000001
5.0999999
4.9000001
5.0999999
5.0999999
5.2
5.1999998
5.2
5.8
5.6000001
13.5000005
15.7999997
19.6000004
16.5000005
16.2000003
15.0
18.0
14.7000003
12.6999998
11.7000003
11.4000001
7.5999999
5.10000000001
5.20000010001
5.0999999
5.39999999999
5.39999999999
5.1999998
5.5
5.70000010001
5.60000000001
5.60000000001
5.8999999
6.20000010001
13.7000003
16.0
19.5999996
16.7000008
14.6999998
14.0
16.8000002
14.6999998
12.5999999
12.1999998
10.7000003
5.3999999
4.89999999999
4.8
5.1999998
5.0
5.29999989999
5.1999998
5.0999999
5.6000001
5.39999999999
5.29999989999
5.39999999999
5.3999999
5.29999989999
4.39999999999
4.5
4.60000000001
4.70000010001
5.0999999
4.8
4.8000002
4.6000001
4.3999999
4.39999999999
4.29999989999
4.39999999999
4.8
5.0999999
5.0
5.2
5.0
5.1999998
5.5
5.5
5.5
5.39999999999
5.29999989999
5.29999989999
4.60000000001
4.60000000001
4.70000010001
4.29999989999
4.29999989999
4.60000000001
4.29999989999
4.5
4.39999999999
4.3999999
4.39999999999
4.39999999999
5.0
5.2
5.0
5.1999998
5.29999989999
5.0999999
5.39999999999
5.3999999
5.5
5.8
6.5
14.6000004
15.6999998
20.4000002
17.2000008
18.6999998
17.0
19.7999998
15.1999998
12.9000001
13.2000003
11.5999999
9.0
4.39999999999
4.79999989999
5.0999999
5.0
5.1999998
5.0999999
5.2
5.39999999999
5.39999999999
5.39999999999
5.6000001
6.8999998
13.4000001
18.0
18.4000002
15.7000003
16.8999996
15.6000004
18.6000004
14.7999997
13.0
11.9000001
9.5999999
8.1999998
5.5
5.0
5.1999998
5.39999999999
5.1999998
5.0999999
5.29999989999
5.70000010001
5.29999989999
5.6000001
6.2
5.7
13.0999999
16.6000004
20.0000002
16.0000005
17.4000006
15.5
17.1999998
15.7000003
13.2000003
11.4000001
11.1999998
7.79999989999
4.79999989999
5.8
5.0999999
4.8000002
5.0
5.1999998
5.0999999
5.29999989999
5.29999989999
5.39999999999
5.6000001
6.5
13.0999999
16.5
18.1000004
16.6999998
17.1999998
15.3000002
17.5
15.8000002
12.3000002
11.8000002
10.5
6.70000010001
5.3999999
4.8999999
5.29999989999
5.29999989999
5.29999989999
5.1999998
5.5
5.60000000001
5.60000000001
5.5
5.8
6.0
14.5999999
16.6000004
20.1000004
15.2000003
18.6999998
15.0999999
16.6000004
15.0000005
11.0999999
10.3000002
8.6999998
5.5999999
5.2
5.0
5.1999998
5.29999989999
5.1999998
5.0999999
5.39999999999
5.60000000001
5.60000000001
5.29999989999
5.60000000001
5.60000000001
5.39999999999
4.70000010001
4.8000002
4.70000010001
4.29999989999
4.3999999
4.39999999999
4.3999999
4.39999999999
4.39999999999
4.5
4.39999999999
4.5
5.0
5.1999998
5.29999989999
5.0999999
5.0
5.29999989999
5.39999999999
5.29999989999
5.39999999999
5.6000001
5.29999989999
5.2
4.8000002
4.60000000001
4.29999989999
4.39999999999
4.5
4.39999999999
4.39999999999
4.39999999999
4.5
4.39999999999
4.39999999999
4.39999999999
5.0999999
5.0
5.29999989999
5.0999999
5.1999998
5.0999999
5.60000000001
5.39999999999
5.5
5.7
6.3
14.0
14.9000001
17.9000006
14.5999999
16.8999996
17.0
17.5
16.1000004
17.6000001
12.2999997
11.5
10.0
5.5
5.5
5.29999989999
5.39999999999
5.60000000001
5.2
5.5
5.70000010001
5.8000002
5.6000001
5.60000000001
6.1000001
15.0999999
14.9000001
19.6000004
16.8000002
17.3999996
16.5
16.5999994
14.6000004
12.7000003
10.8999996
9.09999990001
8.5
5.5
5.3999999
5.1999998
5.29999989999
5.29999989999
5.2
5.5
5.5
5.5
5.5
6.2
6.20000010001
13.9000001
14.7999997
18.3999996
15.0000005
15.7000003
14.8000002
16.1000004
15.3000002
13.3000002
11.1000004
10.9000001
8.4000001
5.0
5.3999999
5.0999999
5.2
5.1999998
5.1999998
5.1999998
5.60000000001
5.5
5.5
5.60000000001
6.5
13.1999998
16.1999998
17.5999999
15.8999996
15.0
15.6000004
16.8000002
15.0
11.4000001
11.4000001
10.1999998
6.8999999
5.20000010001
4.8999999
4.9000001
5.2
5.0999999
5.0
5.1999998
5.3999999
5.1999998
5.1999998
5.60000000001
5.5999999
12.9000006
18.5000002
18.8000002
14.5999999
17.5
17.4000006
18.6999996
15.4000001
12.7999997
11.6999998
9.7000003
4.7
4.29999989999
5.0
5.1999998
5.0999999
5.0999999
5.0
5.29999989999
5.5
5.1999998
5.39999999999
5.39999999999
5.5
5.29999989999
4.8
4.5
4.5
4.39999999999
4.29999989999
4.5
4.39999999999
4.1999998
4.29999989999
4.39999999999
4.39999999999
4.1999998
4.8
5.0
5.0999999
5.2
5.1999998
5.0999999
5.29999989999
5.3999999
5.39999999999
5.29999989999
5.29999989999
5.29999989999
4.79999989999
4.5
4.5
4.5
4.0999999
4.29999989999
4.29999989999
4.39999999999
4.39999999999
4.39999999999
4.29999989999
4.3999999
4.8000002
5.1999998
5.0
5.0
5.0999999
5.0999999
5.29999989999
5.39999999999
5.5
5.6000001
6.0
14.5000005
15.3000002
18.1000004
16.3000002
14.2999997
15.5
18.1999998
16.2000003
14.7000003
12.6999998
11.5
8.99999980001
5.5
5.39999999999
5.1999998
5.1999998
5.29999989999
5.1999998
5.3999999
5.5
5.39999999999
5.60000000001
6.0999999
6.79999989999
13.5
15.5999999
19.5000002
16.3999996
17.8999996
16.6000004
17.6999998
16.4000006
13.3000002
12.1999998
11.0
8.6999998
5.5999999
6.1000001
5.39999999999
5.39999999999
5.39999999999
5.0999999
5.6000001
5.70000010001
5.5
5.70000010001
6.0
6.70000010001
14.0
15.9000006
17.6999998
14.5999999
15.5999999
15.1999998
17.4000006
15.1999998
12.7000003
12.1999998
12.5999999
9.3000002
5.3999999
5.1999998
5.0999999
5.1999998
5.0999999
5.0
5.0999999
5.5
5.29999989999
5.1999998
5.70000010001
6.39999999999
13.2999997
14.7000003
17.5999994
14.5999999
14.2000003
14.7000003
16.6000004
15.1999998
12.9000001
10.7000003
9.7999997
7.8000002
5.0999999
5.5999999
5.0999999
5.0999999
5.1999998
5.0
5.2
5.3999999
5.2
5.3999999
5.60000000001
6.1999998
13.4000001
16.0999999
19.6999996
13.0
14.6999998
13.8000002
15.3999996
13.7999997
10.4000001
9.89999960001
10.9000001
5.0
4.5999999
4.9000001
5.0
4.9000001
5.0999999
4.8999999
4.9000001
5.1999998
5.1999998
5.0999999
5.0
5.1999998
5.0999999
4.6000001
4.5
4.39999999999
4.1999998
4.0999999
4.1999998
4.29999989999
4.1999998
4.29999989999
4.1999998
4.2
4.5
4.9000001
4.9000001
5.0
5.0
4.9000001
5.0
5.2
5.2
5.1999998
5.0999999
5.29999989999
5.29999989999
5.0
4.29999989999
4.5
4.29999989999
4.0
4.0999999
4.1999998
4.29999989999
4.1999998
4.0999999
4.2
4.3
4.9000001
4.9000001
5.0
4.9000001
5.0
5.0
5.1999998
5.1999998
5.29999989999
5.39999999999
5.6999998
14.0
15.1000004
17.3000002
16.6000004
17.3000002
16.3000002
17.5999994
15.8000002
12.1999998
11.5999999
11.4000001
7.9000001
5.20000010001
5.7
4.70000010001
4.9000001
4.9000001
5.0999999
4.8
5.29999989999
5.0999999
5.29999989999
5.5
6.5
13.2999997
16.4000001
21.3
19.9000004
20.3999998
20.5
19.3000004
15.4000001
11.7999997
10.6999998
9.90000009999
8.7000003
5.6999998
5.8
5.0999999
4.9000001
5.2
4.9000001
5.0999999
5.2
5.29999989999
5.39999999999
5.5
5.5
12.3999996
16.5999999
21.0999998
18.3000002
18.4000006
15.3000002
19.2999992
16.1999998
13.1999998
9.40000009999
10.5
8.1000001
5.2
4.60000000001
4.70000010001
4.8000002
4.70000010001
4.70000010001
4.8000002
5.0999999
5.0999999
5.0999999
5.3999999
5.8999999
12.3000002
16.5999994
20.9
15.9000001
17.6999998
16.5999999
18.8000002
15.0999994
12.9000001
10.6999998
9.59999990001
7.6999998
5.20000010001
5.4000001
4.8000002
4.60000000001
4.8
4.8
4.8
4.9000001
5.0
4.9000001
5.0
5.3
9.4000001
12.8000002
20.6
18.1999998
18.3000002
17.7999992
18.2999992
18.4000006
13.1999998
10.0999999
9.7000003
3.9
4.60000000001
4.70000010001
4.5
4.8000002
4.60000000001
4.60000000001
4.70000010001
4.9000001
4.9000001
5.0
4.70000010001
5.0
4.8000002
4.6000001
4.29999989999
4.0999999
3.9
4.0999999
3.9
4.0999999
3.8
4.0
4.0
3.9
4.2
4.60000000001
4.70000010001
4.6000001
4.5
4.60000000001
4.8
4.8000002
4.8000002
5.0
4.8999999
4.8000002
5.0
4.8000002
4.29999989999
4.0999999
3.9
4.0
3.9
4.0999999
4.0
4.0
3.9
4.0
4.2
4.60000000001
4.6000001
4.6000001
4.70000010001
4.7
4.60000000001
5.0
4.9000001
4.9000001
4.8999999
5.20000010001
15.1999998
16.3999996
22.4
18.5999994
17.2000008
17.0000005
20.3
17.7000003
14.3000002
11.2000003
10.1000004
8.50000019999
5.3999999
4.9000001
4.8000002
5.0
4.8000002
5.0
5.0
4.9000001
5.0
4.9000001
5.0999999
5.20000010001
13.5999999
14.6999998
18.8999996
18.6999998
21.0
18.1999998
19.1000004
15.3000002
14.0999999
13.0
11.8999996
8.7000003
5.5
5.0
5.0999999
5.0999999
5.0999999
5.0
5.0999999
5.2
5.0999999
5.0999999
5.29999989999
5.5999999
14.0999999
14.7000003
19.3000002
16.0
15.7000003
14.9000001
18.6000004
15.5999994
13.1000004
10.6000004
11.0
9.2999997
4.9000001
5.0
5.0999999
4.9000001
4.9000001
4.7
5.0
5.0
4.9000001
5.0999999
5.0999999
5.5
12.9000001
14.8000002
18.8000002
16.1999998
16.5999994
17.5
19.0
17.3999996
15.5
10.4000001
10.0
7.6999998
5.1000001
4.60000000001
4.5
4.6000001
4.8000002
4.5
4.6000001
4.70000010001
4.60000000001
4.5
4.6000001
5.5
12.5999999
14.7000003
19.5999996
18.0
18.1000004
19.3000002
22.1
18.6999998
15.9000006
13.0
10.1000002
4.4999999
5.0
4.29999989999
4.39999999999
4.29999989999
4.39999999999
4.29999989999
4.5
4.39999999999
4.39999999999
4.5
4.39999999999
4.39999999999
4.29999989999
4.5
3.8
3.9
3.60000000001
3.7
3.8
3.7
3.8
3.8
3.7
3.60000000001
4.29999989999
4.5
4.1999998
4.39999999999
4.3999999
4.7
4.5
4.5
4.1999998
4.5
4.39999999999
4.29999989999
4.39999999999
4.1
3.60000000001
3.60000000001
3.7
3.60000000001
3.7
3.5
3.7
3.7
3.8999999
4.0
4.5
4.9000001
4.60000000001
4.8
4.6000001
4.70000010001
3.9000001
4.9000001
4.70000010001
4.60000000001
4.8000002
4.9000001
4.9000001
4.5
4.6000001
6.2
7.0
8.1999998
7.29999989999
6.60000000001
6.20000010001
5.8999999
5.5
3.9
4.0999999
4.29999989999
4.0999999
4.1999998
4.29999989999
3.2
3.0
3.0
3.0
2.8
2.9
3.1
2.9
3.0
3.0
4.5
4.9000001
5.60000000001
4.8
6.5
6.5
3.8999999
3.0
2.7
3.0
3.0
3.2
3.1
3.0
3.1
3.4
3.0
3.2
3.0
3.1
3.1
3.1
3.0
3.8999999
3.8
6.70000010001
3.9999999
3.9
3.7
6.4000001
3.7
3.2
3.0
3.60000000001
3.39999999999
3.60000000001
3.6
3.5
3.60000000001
3.4
3.60000000001
3.60000000001
3.39999999999
3.60000000001
3.7
3.3
3.7
4.2
6.3999999
6.79999989999
5.7
5.3
6.1000001
6.29999989999
4.0999999
3.79999989999
3.1
2.9
3.2
3.1
3.0
2.9
2.9
3.7
3.1
3.1
3.0
3.1
3.2
3.0
3.0
4.5999999
5.2
5.39999999999
6.1000001
6.2
6.20000010001
5.8000002
6.29999989999
5.89999999999
4.5999999
4.1999998
4.39999999999
4.39999999999
4.1999998
4.1999998
4.39999999999
4.1999998
4.1999998
4.39999999999
4.2
4.39999999999
4.29999989999
4.2
4.2
4.0999999
4.3999999
4.6999998
4.1999998
4.1999998
4.1999998
4.5
3.8999999
3.5
3.8999999
3.9999999
4.0
4.1999998
4.1999998
4.0999999
4.0999999
4.29999989999
4.0
4.0999999
4.29999989999
3.9999999
4.0999999
3.9999999
4.1999998
3.39999999999
3.5
3.5
3.60000000001
3.7
3.5
3.5
3.60000000001
3.8999999
4.0999999
4.39999999999
4.5
4.70000010001
4.5
4.5
4.5
4.70000010001
4.60000000001
4.60000000001
4.39999999999
4.70000010001
4.6000001
4.60000000001
6.0
9.3
14.0
9.40000009999
8.59999990001
10.5
9.09999990001
9.5
9.0
9.09999990001
6.9000001
5.2
4.60000000001
4.6000001
4.60000000001
4.6000001
4.70000010001
4.8999999
4.60000000001
4.60000000001
4.60000000001
4.70000010001
4.7
5.2
9.3000002
15.0999994
19.5999994
17.5
17.6000004
16.2999997
17.3999996
15.9999995
13.0
13.5
13.0999999
9.1000001
5.5
5.1999998
5.29999989999
5.29999989999
5.0999999
5.10000000001
5.29999989999
5.29999989999
5.29999989999
5.3999999
5.6000001
5.7
14.5000005
14.3000002
18.8000002
15.0
15.5
15.4000001
16.9000006
14.5000005
11.8999996
11.0999999
12.0999999
9.2999997
5.5
5.3000002
4.70000010001
4.60000000001
5.0
4.8000002
4.8
4.8000002
4.70000010001
5.0
5.0999999
5.3000002
11.0
14.1999998
18.8999996
15.8000002
18.1999998
17.9000006
18.2000008
17.6999998
13.2000003
11.0999999
12.2000003
9.59999990001
5.39999999999
5.10000000001
5.0
4.9000001
4.8000002
2.32551724138
0.0510344827562
0.0510344827635
0.0510344827562
0.0510344827562
0.0510344827635
0.0510344827562
0.0510344827562
0.0510344827635
0.0510344827562
0.0510344827562
0.0510344827635
0.0510344827562
0.0510344827562
0.0510344827635
0.0510344827562
0.0510344827562
0.0510344827635
0.0510344827562
0.0510344827562
0.0510344827562
0.0510344827635
0.0510344827562
0.0510344827562
4.3575
4.5325
4.6475
4.5375
4.475
4.4475
4.395
4.32
4.0525
3.805
3.8025
3.7525
3.8275
3.86
3.9875
3.94
3.955
4.1575
4.1825
4.2675
4.3825
4.53
4.54
4.605
4.6975
4.7125
4.755
4.7775
4.765
4.7375
4.64
4.58
4.33
4.025
3.9275
3.8675
3.8275
3.8275
3.77
3.7725
3.8325
4.0
4.2225
4.3025
4.4375
4.615
4.7875
4.8825
2.62551714137
3.62551714138
7.0999999
7.0
7.0
7.29999989999
7.7999997
16.4000001
15.6999998
18.4000006
15.8000002
17.0
17.1000004
18.0
16.1000004
13.8000002
12.7000003
12.5
9.8000002
5.8000002
5.4000001
5.29999989999
5.1999998
5.0
5.0
5.2
5.0999999
5.0999999
5.29999989999
5.6000001
5.5
12.1000002
16.1999998
18.3000002
15.8999996
19.0999994
17.3999996
18.7000008
16.7000003
14.1999998
13.5
12.2000003
9.3000002
6.1000001
5.1999998
5.1999998
5.29999989999
5.29999989999
5.5
5.29999989999
5.0999999
5.39999999999
5.29999989999
5.60000000001
6.1999998
13.2000003
15.8000002
18.5
16.1000004
17.1999998
15.5
17.7999992
16.3999996
14.0999999
12.9000001
11.6999998
9.6999998
6.1000001
5.5999999
5.39999999999
5.39999999999
5.5
5.29999989999
5.39999999999
5.3999999
5.5
5.5
5.8999999
5.8999999
14.5999994
15.1999998
18.8999996
18.0
17.9000006
17.8000002
19.0
16.6000004
13.0
11.2999997
13.0
10.7000003
5.8999999
5.5999999
5.29999989999
5.29999989999
5.39999999999
5.10000009999
5.0999999
5.1999998
5.29999989999
5.2999999
5.2999999
6.39999990001
13.5
15.5999999
22.2
18.0999994
18.5
19.7000004
23.5
21.5999996
20.6000002
15.4000001
12.0
5.7000001
5.5
4.7000001
4.90000009999
4.60000000001
4.7000001
4.7000001
4.60000009999
4.90000009999
4.7000001
4.60000009999
4.60000000001
4.7000001
4.80000019999
4.60000000001
3.79999999999
3.89999999999
4.0
4.0
3.7
4.0
3.79999999999
3.79999999999
4.5
4.7000001
4.60000000001
4.60000000001
4.90000009999
4.80000019999
4.60000000001
4.80000019999
4.8
4.60000000001
4.7000001
4.90000009999
4.7000001
4.8
4.60000000001
4.80000019999
4.09999990001
3.89999999999
4.09999990001
3.79999999999
3.89999999999
3.9999999
4.0
3.89999999999
4.2
4.7000001
4.80000019999
4.60000000001
4.80000019999
4.8
4.7000001
5.0
4.8
4.90000009999
4.7000001
4.89999990001
5.10000009999
5.3
13.9000001
16.5
17.0999994
14.3000002
15.5000005
15.4000001
17.8000002
16.5
12.9000001
12.5
13.2000003
8.90000009999
6.10000009999
5.2999999
5.2999999
5.2999999
5.19999980001
5.2999999
5.2999999
5.5
5.09999990001
5.5
5.59999990001
5.69999980001
10.9000001
17.8
17.8000002
18.0
19.6999998
18.1000004
18.1999998
18.2999998
15.0
12.8000002
12.5999999
10.0999999
6.30000019999
5.60000000001
5.19999980001
5.5
5.5
5.2999999
5.2999999
5.5
5.5
5.60000009999
5.90000009999
5.89999999999
10.8000002
15.9000001
18.5
16.8999996
16.6999998
17.0
19.0
17.3999996
12.9000001
12.0999999
13.0
10.1999998
6.2000001
5.39999990001
5.2999999
5.2999999
5.39999999999
5.2
5.39999999999
5.60000000001
5.2999999
5.2
5.5
5.89999990001
12.2999997
18.9999996
19.9999996
16.9000006
17.3999996
16.8000002
19.9000004
16.6000004
13.5999999
12.3000002
12.2999997
9.0
6.09999990001
5.40000009999
5.19999980001
5.5
5.2999999
5.19999980001
5.2999999
5.2999999
5.39999999999
5.2999999
5.60000009999
6.7999999
14.4000006
16.9999999
19.6999998
16.6999998
16.5000005
15.8999996
17.3999996
15.5000005
13.6999998
14.3000002
12.2999997
6.0
6.0
5.39999999999
5.0
5.2
5.2
5.09999990001
5.2999999
5.09999990001
5.09999990001
5.0
5.2999999
5.19999980001
5.09999990001
4.7000001
4.2999999
4.2999999
4.39999990001
4.19999980001
4.3
4.5
4.2999999
4.39999999999
4.89999990001
5.0
5.19999980001
5.09999990001
5.09999990001
5.0
5.2
5.2999999
5.0
5.19999980001
5.09999990001
5.0
5.09999990001
5.09999990001
5.19999980001
4.8
4.39999990001
4.2999999
4.09999990001
4.2999999
4.60000009999
4.2
4.19999980001
4.2
5.0
5.09999990001
5.0
5.10000009999
5.09999990001
5.19999980001
5.09999990001
5.2
5.09999990001
5.09999990001
5.19999980001
5.2999999
5.39999990001
5.59999990001
14.0
15.1999998
18.8000004
16.8999996
17.1999998
15.6999998
17.7000008
16.0
13.2999997
11.7000003
11.9000001
10.4000001
6.39999990001
5.5
5.19999980001
5.0
5.2999999
5.19999980001
5.2999999
5.2
5.19999980001
5.2999999
5.5
5.5
12.2999997
17.5
19.7999998
17.0000005
17.8000002
16.5999994
19.4
15.7000003
11.3999996
11.1999998
11.9000001
9.1999998
6.10000000001
6.0
5.09999990001
5.2999999
5.39999999999
5.19999980001
5.2
5.39999999999
5.2
5.2999999
5.60000009999
6.2999999
12.3000002
16.3999996
17.5999999
16.0999999
15.5999999
14.8000002
17.4000006
15.5
13.0
10.7999997
12.0
10.6999998
5.89999999999
6.0
5.10000009999
5.19999980001
5.2999999
5.19999980001
5.19999980001
5.0
5.2999999
5.19999980001
5.39999999999
5.59999990001
10.4000001
17.5999999
18.8
17.6999998
18.3999996
18.0999994
23.1
19.8999998
14.5
11.7000003
11.4000001
10.0
6.10000009999
5.89999999999
5.2999999
5.2999999
5.2
5.39999999999
5.19999980001
5.39999999999
5.39999999999
5.3
5.8
5.5
11.1000001
17.1999998
20.8
17.3999996
17.6999998
16.5999999
17.3999996
16.3999996
15.5000005
14.1999998
14.2999997
8.3
6.60000009999
6.3
5.39999999999
5.60000000001
5.2999999
5.39999999999
5.5
5.5
5.2999999
5.2999999
5.39999990001
5.2999999
5.39999999999
5.09999990001
4.60000000001
4.5
4.5
4.7000001
4.60000000001
4.5
4.5
4.7000001
5.2999999
5.09999990001
5.39999990001
5.2999999
5.39999999999
5.2999999
5.39999990001
5.19999980001
5.39999990001
5.39999990001
5.39999999999
5.2999999
5.19999980001
5.2999999
5.39999999999
5.3
4.8
4.60000009999
4.60000009999
4.5
4.5
4.60000000001
4.5
4.60000000001
5.39999990001
5.2999999
5.2999999
5.2999999
5.5
5.5
5.2999999
5.5
5.19999980001
5.2999999
5.2999999
5.60000000001
5.5
5.7999999
14.5000005
19.1999998
18.5
15.6999998
16.3999996
15.0
17.9000006
16.6999998
13.5
12.9000001
13.5
10.5
6.0
5.7999999
5.2999999
5.19999980001
5.2999999
