1.39999998
1.5
1.39999998
1.39999998
1.39999998
1.5
1.30000001
2.4
7.8
17.3999998
17.7000008
15.2999997
17.6000004
19.3999996
16.1999998
13.6999998
14.6999998
12.2000003
6.3000002
2.2
2.3
2.1
1.5
1.5
1.5
1.5
1.39999998
1.39999998
1.39999998
1.39999998
1.30000001
1.69999999
7.0
17.3999998
19.6999996
19.6
15.8675
14.7525
19.0000001
16.1999998
13.5
10.5
5.8999999
3.2
4.70000010001
5.2
1.5
1.30000001
1.70000002
1.39999998
1.39999998
1.30000001
1.39999998
1.39999998
1.39999998
2.3
8.0
17.0
18.1000004
16.5000005
14.335
20.0999998
17.7
15.7000003
14.0
13.0
7.2
3.0
2.9
2.8
2.1
1.99999998
1.69999999
2.2
2.0
2.0
2.0
2.1
2.0
2.7
7.6999998
17.0999999
19.1999998
18.3999998
13.935
19.9000004
18.3000004
14.8000002
13.2999997
9.6000002
4.9999999
2.3
2.3
2.3
1.5
1.39999998
1.30000001
1.80000001
2.3
2.2
2.3
2.2
1.40000003
2.2
6.8000002
16.1000004
18.3000002
15.6000004
16.4000006
16.1999998
13.8000002
14.5999999
14.1999998
12.0999999
8.90000009999
3.4
2.2
2.2
1.59999997
1.39999998
1.39999998
1.39999998
1.39999998
1.40000003
1.30000001
1.39999998
1.30000001
1.30000001
1.5
1.39999998
1.30000001
1.39999998
1.30000001
1.60000002
1.39999998
1.39999998
1.39999998
1.30000001
1.90000001
2.3
2.3
2.2
1.5
1.59999997
1.39999998
1.39999998
1.39999998
1.40000003
1.39999998
1.39999998
1.39999998
1.39999998
1.5
1.39999998
1.39999998
1.39999998
1.5
1.39999998
1.30000001
1.39999998
1.39999998
1.5
1.79999999
2.2
2.2
2.2
1.59999997
1.39999998
1.30000001
1.39999998
1.30000001
1.5
1.39999998
1.59999997
2.3
2.6
9.0
17.2000008
17.7000008
15.3000002
17.0
19.8999998
15.6999998
11.8999996
15.1999998
11.3000002
5.4000001
2.1
2.2
2.2
1.40000003
1.39999998
1.39999998
1.30000001
1.30000001
1.39999998
1.30000001
1.30000001
1.99999998
2.39999999999
6.5999999
17.9000002
19.2999996
17.8000002
19.5
19.7999998
17.3999996
14.4000001
14.7000003
10.2999997
7.5
2.39999999999
2.3
2.3
1.60000002
1.60000002
1.5
1.60000002
1.5
1.5
1.5
1.5
1.39999998
2.19999998
6.10000000001
17.1999998
13.83
17.8999996
19.0
13.4
17.9000001
13.5
14.3999996
10.0999999
5.6999998
2.2
2.3
2.3
1.5
1.5
1.30000001
1.5
1.30000001
1.5
1.39999998
1.5
1.60000002
2.19999998
7.3999999
18.1000001
17.5
17.4000006
19.3000004
19.3999996
17.5999994
14.5999999
13.4000001
10.6000004
6.0
2.3
2.1
2.3
1.5
1.5
1.40000003
1.69999999
2.3
2.3
2.3
2.3
1.40000003
2.00000001
6.6000001
17.3000002
15.8000002
14.5
15.6999998
16.2999997
13.5999999
12.0999999
12.5999999
11.2000003
5.0
2.2
2.2
2.2
1.40000003
1.5
1.99999999
1.39999998
1.5
2.39999999999
2.5
2.5
2.39999999999
2.5
2.5
2.5
2.09999998
1.39999998
1.5
1.69999999
1.39999998
1.39999998
1.5
1.5
1.99999998
2.3
2.3
2.4
2.8
2.5
1.39999998
1.5
1.39999998
1.5
1.39999998
1.39999998
1.39999998
1.5
1.5
1.39999998
1.39999998
1.5
1.5
1.39999998
1.39999998
1.39999998
1.99999998
2.60000000001
1.90000001
2.3
2.39999999999
2.3
1.5
1.39999998
2.10000001
1.39999998
1.39999998
1.39999998
1.60000002
1.39999998
2.3
2.60000000001
7.20000010001
17.6000002
19.3999996
18.1000004
20.0999996
12.4525
18.3999998
15.8000002
14.2000003
11.7999997
6.49999980001
3.60000000001
3.39999999999
3.5
2.9
2.6
2.19999998
2.60000000001
2.60000000001
2.7
2.7
3.10000000001
3.7
3.60000000001
8.2999997
18.5
15.9575
19.1000002
17.6999998
13.655
17.5999994
11.5999999
13.6999998
11.2000003
6.1000001
2.4
2.2
2.39999999999
1.5
1.69999999
1.39999998
1.60000002
1.5
1.5
1.69999999
1.39999998
1.5
1.69999999
7.6000001
19.1000002
18.6999998
17.3000002
19.5
19.8999996
16.2000003
12.4000001
12.5
9.2999997
8.3000002
8.5
6.5000001
2.39999999999
1.5
1.69999999
1.69999999
1.5
1.5
1.5
1.60000002
1.60000002
1.39999998
1.5
6.6000002
16.4000001
19.5999998
17.7000008
11.5225
18.6999998
18.3
13.5
13.0
10.0
6.29999989999
2.5
2.39999999999
2.39999999999
1.69999999
1.60000002
1.30000001
1.90000001
2.39999999999
2.4
2.39999999999
2.3
1.69999999
1.5
5.4000001
15.0999999
17.5999994
16.0999994
16.4000001
18.1999998
16.0000005
12.3000002
12.0999999
8.20000010001
3.6
2.2
2.1
2.1
1.40000003
1.30000001
1.20000004
1.30000001
1.20000004
1.39999998
1.20000004
1.30000001
1.20000004
1.30000001
1.19999999
1.20000004
1.30000001
1.20000004
1.20000004
1.20000004
1.30000001
1.20000004
1.20000004
1.20000004
1.60000002
2.0
2.1
2.0
1.40000003
1.20000004
1.20000004
1.20000004
1.20000004
1.20000004
1.20000004
1.20000004
1.20000004
1.20000004
1.30000001
1.20000004
1.20000004
1.30000001
1.20000004
1.30000001
1.10000002
1.30000001
1.20000004
1.20000004
1.60000002
2.2
2.1
2.2
1.30000001
1.20000004
0.606185587218
0.0123711344349
0.0123711344277
0.0123711344349
0.0123711344349
0.0123711344349
0.0123711344277
0.0123711344349
0.0123711344349
0.0123711344349
0.0123711344277
0.0123711344349
0.0123711344349
0.0123711344349
0.0123711344277
0.0123711344349
0.0123711344349
0.0123711344277
0.0123711344349
0.0123711344349
0.0123711344349
0.0123711344277
0.0123711344349
0.0123711344349
1.415
1.5025
1.5025
1.49
1.55
1.615
1.8025
2.1375
4.9825
11.915
13.9725
14.26
13.99
11.965
12.8525
11.5675
10.715
8.74
5.8075
3.0
2.35
2.3975
1.6675
1.4125
0.706185557217
0.606185587218
1.20000004
1.20000004
1.30000001
1.10000002
1.20000004
1.20000004
1.20000004
1.30000001
1.20000004
1.20000004
1.20000004
1.20000004
1.20000004
1.19999999
1.10000002
1.20000004
1.89999998
2.0
2.0
2.1
1.30000001
1.20000004
1.60000002
1.20000004
1.30000001
1.20000004
1.20000004
1.20000004
1.20000004
1.20000004
1.10000002
1.20000004
1.20000004
1.10000002
1.20000004
1.20000004
1.20000004
1.20000004
1.20000004
1.20000004
2.0
2.0
2.1
2.0
1.30000001
1.20000004
1.70000002
2.6
3.2
3.2
3.2
3.2
2.3
2.2
2.2
2.3
1.99999998
1.60000002
1.79999996
1.60000002
1.5
1.20000004
1.10000002
1.20000004
1.60000002
2.0
2.1
2.0
1.40000003
1.20000004
1.20000004
1.20000004
1.10000002
1.20000004
1.20000004
1.20000004
1.20000004
1.20000004
1.30000001
1.69999999
1.69999999
1.79999996
1.79999996
1.79999996
1.59999997
1.20000004
1.20000004
1.20000004
1.69999999
2.0
2.0
2.0
1.30000001
1.20000004
1.79999999
1.79999996
1.79999996
1.79999996
1.79999996
1.89999998
1.79999996
1.79999996
1.79999996
1.79999996
1.79999996
1.80000001
1.10000002
1.10000002
1.10000002
1.10000002
1.20000004
1.10000002
1.80000002
3.0
3.1
3.0
2.3
2.2
2.2
2.1
2.2
2.2
2.2
2.2
2.2
2.2
2.2
2.2
2.2
2.2
1.20000004
1.10000002
1.20000004
1.20000004
1.10000002
1.5
2.19999998
2.60000000001
3.1
3.1
2.39999999999
2.3
1.90000001
2.3
2.2
2.2
2.39999999999
2.3
2.39999999999
2.2
2.3
2.2
2.3
1.99999998
1.79999996
1.20000004
1.20000004
1.20000004
1.10000002
1.10000002
1.60000002
1.89999998
2.0
1.89999998
1.30000001
1.40000003
1.60000002
2.2
2.2
2.3
2.2
2.2
2.2
2.1
1.60000002
1.69999999
1.69999999
1.5
1.10000002
1.10000002
1.20000004
1.10000002
1.20000004
1.20000004
1.89999998
2.1
2.1
2.0
1.30000001
1.10000002
0.60000002
1.20000004
1.20000004
1.20000004
1.10000002
1.20000004
1.20000004
1.30000001
1.10000002
1.10000002
1.20000004
1.20000004
1.10000002
1.20000004
1.10000002
1.20000004
1.20000004
1.5
2.0
2.0
2.1
1.69999999
1.30000001
1.19999999
1.20000004
1.60000002
2.1
2.1
2.1
2.1
1.30000001
1.20000004
1.20000004
1.20000004
1.10000002
1.5
1.5
1.20000004
1.30000001
1.30000001
1.30000001
1.20000004
1.79999999
2.1
2.1
2.1
1.30000001
1.30000001
1.5
1.20000004
1.20000004
1.39999998
1.30000001
1.30000001
1.30000001
1.20000004
1.20000004
1.20000004
1.20000004
1.30000001
1.30000001
1.30000001
1.20000004
1.20000004
1.30000001
1.20000004
1.69999999
2.1
2.0
2.1
1.39999998
1.69999999
1.89999998
1.69999999
1.89999998
1.79999996
1.79999996
1.79999996
1.79999996
1.69999999
1.40000003
1.30000001
1.20000004
1.30000001
1.20000004
1.39999998
1.20000004
1.20000004
2.1
2.1
2.6
2.9
2.9
3.0
2.2
2.2
1.79999999
2.1
2.1
2.1
2.1
2.2
2.3
2.4
6.9000001
19.3000002
19.0
17.4000006
18.3000002
11.7675
17.3999996
14.9000001
13.4000001
12.1000004
7.3
3.7
2.8
2.3
1.30000001
1.30000001
1.40000003
1.39999998
1.30000001
1.10000002
1.30000001
1.20000004
1.39999998
2.2
6.7000001
18.8000002
19.9000004
19.0999994
19.7000004
12.6525
16.5999994
15.2999997
13.0
10.0999999
6.0
2.7
2.4
2.4
1.69999999
1.69999999
1.5
1.60000002
1.60000002
1.5
1.69999999
1.5
1.69999999
2.4
7.7000003
10.7525
19.5
18.8000002
19.8000002
12.69
17.9000002
14.8999996
13.8000002
10.5999999
7.5999999
2.9
2.3
2.2
1.59999997
1.39999998
1.39999998
1.39999998
1.5
1.39999998
1.39999998
1.39999998
1.39999998
1.79999999
7.2999997
20.0999996
19.3999998
18.0
19.5
18.8999996
15.5000005
13.8000002
12.4000001
11.4000001
6.4000001
3.5
2.2
2.2
1.5
1.30000001
1.5
1.80000001
2.3
2.3
2.3
2.3
1.40000003
1.80000001
5.8999999
17.8999999
19.7999998
17.8000002
18.6999998
19.7000004
16.6000001
13.4000001
13.7000003
10.5
5.1
2.2
2.4
2.3
1.5
1.39999998
1.39999998
1.39999998
1.5
1.39999998
1.39999998
1.39999998
1.39999998
1.39999998
1.5
1.39999998
1.5
1.39999998
1.39999998
1.39999998
1.39999998
1.39999998
1.30000001
1.30000001
1.90000001
2.3
2.3
2.2
1.39999998
1.39999998
1.39999998
1.30000001
1.39999998
1.39999998
1.30000001
1.30000001
1.39999998
1.39999998
1.30000001
1.30000001
1.39999998
1.30000001
1.20000004
1.39999998
1.30000001
1.39999998
1.39999998
1.40000003
1.70000002
2.2
2.1
2.2
1.39999998
1.39999998
1.40000003
1.39999998
1.39999998
1.39999998
1.39999998
1.39999998
1.90000002
2.7
7.4000001
18.1999998
17.9000001
17.8999996
18.9000006
11.76
17.0
13.8000002
13.7999997
10.9000001
8.3000002
4.3999999
2.4
2.4
1.60000002
1.39999998
1.5
1.60000002
1.5
1.5
1.39999998
1.60000002
1.5
2.6
8.3999996
18.3999998
18.3000002
19.4
18.6999998
13.94
15.6999998
14.7999997
14.0999999
11.0
5.1999999
2.4
2.5
2.2
1.5
1.5
1.39999998
1.80000001
1.89999998
1.69999999
2.29999998
2.9
2.9
3.2
8.0000002
16.8000002
19.0999994
17.5
17.4000006
19.7999998
15.8999996
16.5
15.4000001
11.3999996
8.0999999
3.9
3.5
3.0
1.69999999
1.5
1.69999999
1.69999999
1.60000002
1.60000002
1.5
1.5
1.5
2.5
6.5
19.1
18.9999996
18.8000002
18.8000002
15.1375
18.6999998
15.7999997
12.2999997
11.9000001
7.3000002
2.6
2.7
2.7
1.79999996
1.80000001
2.29999998
2.19999998
2.8
2.7
2.6
2.7
2.2
2.8
7.8999999
18.6999998
19.9999996
16.8999996
14.4325
14.4075
18.1000002
13.5
12.5999999
9.0999999
5.0999999
2.3
2.4
2.4
1.69999999
2.6
2.10000001
2.7
2.7
2.7
2.6
1.59999997
1.5
1.39999998
1.60000002
1.60000002
1.5
1.5
1.5
1.5
1.5
1.5
1.5
1.5
2.00000001
2.4
2.4
2.4
1.60000002
1.5
1.5
1.60000002
1.5
1.5
1.5
1.60000002
1.60000002
2.19999998
2.6
2.7
2.20000001
1.39999998
1.5
1.60000002
1.39999998
1.60000002
1.60000002
1.60000002
2.00000001
2.3
2.4
2.4
1.60000002
1.5
2.40000001
2.2
2.1
2.6
2.6
2.6
2.7
2.8
7.1999998
13.665
20.1
17.5
18.6999998
19.6999998
15.5
12.4000001
12.8000002
9.8
6.5
3.9
4.1999998
4.0
3.3
3.1
2.8
4.0
4.0999999
4.2
4.1999998
4.2
4.0999999
3.9999999
8.1000001
17.8
18.3999996
16.935
17.3000002
15.2725
17.3000002
15.0999999
16.4000006
13.1000004
6.7999999
3.4
3.3
3.2
2.4
2.4
2.5
2.4
2.3
2.2
2.4
2.3
3.0
3.5
8.2999997
17.5999999
19.4000004
20.0
15.93
15.445
18.3000001
17.0999994
17.7000008
14.5999999
8.2000003
3.6
3.6
3.6
2.9
2.8
2.19999998
2.7
2.7
2.6
2.8
2.8
3.0
3.8
8.7999997
19.4
16.0375
15.875
15.875
16.4625
16.5
14.6000004
15.0
12.7000003
5.4999999
3.6
2.5
2.5
1.60000002
1.69999999
1.60000002
2.00000001
3.8
3.7
3.6
3.7
2.7
2.7
6.2999999
17.0999999
15.3125
18.5999994
17.6000004
14.59
18.3000004
16.2999997
13.5999999
8.9000001
5.0
3.2
2.6
2.7
1.79999996
1.69999999
1.89999998
1.69999999
1.69999999
1.79999996
1.79999996
1.89999998
1.69999999
1.69999999
1.69999999
1.69999999
1.60000002
1.69999999
1.80000001
1.60000002
1.69999999
1.69999999
1.60000002
1.69999999
2.19999998
2.6
2.5
2.5
1.69999999
1.60000002
1.69999999
2.29999998
2.8
2.9
1.99999998
1.60000002
1.69999999
1.60000002
1.69999999
1.60000002
1.60000002
1.69999999
1.79999996
1.60000002
1.69999999
1.69999999
1.69999999
1.69999999
2.10000001
2.4
2.7
2.5
1.89999998
1.60000002
1.60000002
1.79999996
1.60000002
1.60000002
1.79999996
1.60000002
2.19999998
2.8
7.2000003
18.8999996
14.465
17.4000006
18.5
13.6225
15.8000002
12.8999996
12.8000002
10.6999998
10.1000004
9.0
12.5999999
10.5999999
10.7000003
5.9000001
2.00000002
1.20000004
1.20000004
1.30000001
1.20000004
1.20000004
1.5
2.3
6.1000001
18.9
19.4000004
20.0000002
14.4475
13.5675
18.1999998
15.7999997
15.6999998
11.6000004
5.1
3.5
3.5
3.5
2.7
2.7
2.20000001
2.8
2.9
2.7
2.7
2.7
2.6
3.4
8.8999998
17.9999998
19.3000002
19.9000004
15.6675
15.23
19.7000002
16.9000006
15.1000004
11.7000003
6.3000002
2.4
2.5
2.4
1.60000002
1.60000002
1.5
1.60000002
1.69999999
1.5
1.60000002
1.59999997
2.00000001
2.6
6.7999999
17.5
18.3000002
16.0775
16.18
17.0025
19.9
16.9000006
15.8000002
14.0
7.1000001
3.4
3.4
2.4
1.60000002
1.5
1.5
1.80000001
2.5
2.4
2.3
2.4
2.2
2.4
7.1000002
18.1000001
14.895
16.1999998
17.9000006
18.1000004
15.5
13.5999999
11.5999999
10.3999996
6.6000001
5.5
5.8
5.6
4.9000001
3.5
1.60000002
1.60000002
1.80000001
1.60000002
1.5
1.69999999
1.5
1.69999999
1.60000002
1.60000002
1.69999999
1.60000002
1.60000002
1.69999999
1.5
1.5
1.69999999
1.5
2.00000001
2.5
2.4
2.4
1.69999999
1.5
2.10000001
1.69999999
1.60000002
1.5
1.60000002
1.39999998
1.5
1.60000002
1.39999998
1.60000002
1.60000002
1.5
1.60000002
1.5
1.5
1.69999999
1.39999998
1.5
2.09999998
2.2
3.0
3.6
2.7
2.7
3.3
2.7
2.7
2.6
2.6
2.7
2.6
2.7
5.8
19.3999996
17.0675
17.3000002
18.4000006
19.2999992
18.2000001
16.8000002
14.7000003
10.6999998
6.2
5.0
3.6
3.5
3.6
3.7
3.7
3.9
3.9
3.7
3.8
3.7
3.7
3.7
7.2
16.5999999
17.5
17.5
17.0
18.5
15.3999996
12.9000001
11.4000001
11.0
7.4000001
4.3999999
3.5
3.5
2.4
3.1
3.7
3.6
3.9
3.4
3.5
3.4
3.6
3.5
7.2999999
19.2999999
18.5
17.6999998
18.1999998
18.6999998
16.9000001
16.3000002
15.5999999
11.5
7.4000001
6.0
4.5999999
3.5
2.7
3.3
2.70000001
3.9
3.8
3.6
2.4
2.6
3.4
3.6
8.7999997
17.3999996
17.6000004
18.8999996
20.1
19.7999998
19.0
16.2000003
13.9000001
11.6999998
7.3999999
2.5
2.3
2.3
1.5
1.30000001
1.39999998
2.9
3.5
3.4
3.4
3.5
2.6
2.6
7.0
17.7
19.1999998
16.8999996
19.3000002
18.8999996
18.8999996
15.5
12.8999996
9.0
5.3999999
2.5
2.4
2.5
1.59999997
1.60000002
1.90000001
1.5
1.60000002
1.60000002
1.5
1.39999998
1.60000002
2.00000001
2.5
2.00000001
1.59999997
1.60000002
1.60000002
1.60000002
1.5
1.5
1.60000002
1.5
2.00000001
2.4
2.4
2.4
1.69999999
1.5
2.10000001
2.6
2.6
2.8
2.6
2.6
2.6
2.6
2.6
2.6
2.3
2.1
1.89999998
1.5
1.60000002
1.5
1.60000002
1.5
2.00000001
2.3
2.4
2.4
1.59999997
1.60000002
1.90000001
1.59999997
2.6
2.6
2.6
2.5
2.5
2.6
7.5999999
18.8000002
16.4675
18.5999994
19.4000004
16.2675
19.1000004
16.4999995
14.5999999
10.0999999
7.3999999
3.6
2.9
2.8
2.0
2.2
2.40000001
3.2
2.5
2.0
2.0
2.3
3.2
3.2
6.0
17.5000002
16.5325
18.1000004
17.8999996
19.1000004
18.6000004
15.5
14.5999999
10.6999998
6.8
2.4
2.5
2.4
1.69999999
1.5
1.60000002
1.60000002
1.80000001
1.5
1.60000002
1.60000002
1.90000001
2.7
7.5
19.0
15.7375
16.1825
16.35
16.13
20.0
16.8999996
15.1999998
11.7000003
8.8000002
3.2
2.4
2.4
1.59999997
1.69999999
1.60000002
1.5
1.69999999
1.5
1.5
1.69999999
1.69999999
2.6
7.2999997
18.0000002
19.1999998
15.64
15.255
19.8000004
15.1525
16.1000004
15.4000001
10.8000002
6.5
2.4
2.5
2.4
1.5
1.60000002
1.39999998
1.90000001
2.4
2.3
2.4
2.3
1.60000002
2.5
10.3999996
18.2000002
18.3000002
16.8000002
18.2999992
18.5999994
17.6999998
15.2000003
12.9000001
8.1999998
8.3000002
2.4
2.4
2.2
1.60000002
1.39999998
1.30000001
1.5
1.59999997
1.39999998
1.39999998
1.5
1.40000003
4.9
6.9000001
5.0
5.4
5.2
4.7
1.39999998
1.30000001
1.30000001
1.30000001
1.30000001
1.79999999
2.1
2.1
2.2
1.39999998
1.30000001
1.39999998
1.30000001
1.30000001
1.20000004
1.30000001
1.30000001
1.20000004
1.30000001
1.20000004
1.30000001
1.20000004
1.30000001
1.5
1.20000004
1.30000001
1.30000001
1.20000004
1.30000001
1.90000001
2.1
2.0
2.2
1.30000001
1.30000001
1.20000004
1.20000004
1.20000004
1.30000001
1.80000001
2.1
2.2
3.2
5.5
5.6000001
6.2000001
6.5999999
5.5
2.1
1.79999996
1.79999996
1.39999998
1.39999998
1.59999997
2.1
2.2
2.1
1.39999998
1.30000001
1.39999998
1.30000001
1.30000001
1.30000001
1.99999998
2.2
2.4
4.4
6.7000001
6.9000001
6.7000001
6.1
2.49999999
1.30000001
1.20000004
1.30000001
1.19999999
1.20000004
1.40000003
2.2
2.1
2.1
1.39999998
1.39999998
1.20000004
1.40000003
1.20000004
1.30000001
1.30000001
1.30000001
1.20000004
1.30000001
1.20000004
1.30000001
1.30000001
1.20000004
1.20000004
1.30000001
1.20000004
1.20000004
1.30000001
1.20000004
1.60000002
2.2
2.1
2.1
1.40000003
1.20000004
1.5
1.20000004
1.30000001
1.39999998
1.30000001
1.19999999
1.39999998
1.30000001
1.20000004
1.30000001
1.20000004
1.30000001
1.30000001
1.80000002
2.1
2.4
2.1
1.30000001
1.79999999
2.1
2.2
2.3
1.5
1.39999998
1.39999998
1.69999999
2.3
2.3
2.2
2.3
1.40000003
1.39999998
1.5
1.30000001
1.30000001
1.39999998
1.39999998
2.20000001
3.2
3.4
3.2
3.1
2.29999998
2.2
2.1
2.2
1.39999998
1.30000001
1.70000002
1.5
1.30000001
1.40000003
1.79999996
1.79999996
1.89999998
1.89999998
1.89999998
1.89999998
1.79999996
1.79999996
1.39999998
1.30000001
1.5
1.20000004
1.39999998
1.30000001
1.5
2.1
2.1
2.2
1.79999999
2.2
1.90000002
2.5
2.3
2.4
2.4
2.3
2.4
2.3
2.4
2.2
2.1
2.2
2.1
2.2
2.2
2.2
2.1
2.1
2.6
3.1
3.0
3.0
1.80000002
1.30000001
1.39999998
1.20000004
1.20000004
1.30000001
1.40000003
1.69999999
1.89999998
1.99999998
6.0
19.9999996
19.1999998
18.3000004
18.2000008
19.3000002
16.6999998
14.2000003
13.9000006
12.4000001
8.1000001
3.2
2.3
2.2
1.60000002
1.30000001
1.39999998
1.39999998
1.5
1.30000001
1.39999998
1.30000001
1.99999998
2.4
7.3
18.3000002
14.1425
14.155
17.1000004
18.0
15.1999998
13.8000002
13.3000002
11.3000002
6.0999999
2.3
2.3
2.1
1.5
1.5
1.69999999
1.39999998
1.5
1.30000001
1.39999998
1.39999998
1.30000001
2.4
8.3000002
19.5000002
17.3000002
17.6000004
19.5000002
19.2999998
16.9999999
14.0999999
13.7999997
11.1000004
6.3000002
3.3
2.9
2.9
2.1
2.0
1.69999999
2.1
2.1
1.89999998
1.79999996
1.79999996
2.0
2.3
7.7000001
18.3000001
18.1999998
18.1000004
13.77
20.0000004
17.4000001
14.6999998
13.7999997
10.3999996
5.6
3.1
2.2
2.1
1.40000003
1.40000003
1.20000004
1.69999999
2.3
2.2
2.2
2.3
1.69999999
2.5
7.5
15.5999999
14.7999997
14.4000001
14.2999997
17.0999994
17.0999994
12.0
10.1999998
7.3000002
4.7000001
2.2
2.3
2.1
1.40000003
1.39999998
1.39999998
1.30000001
1.39999998
1.30000001
1.30000001
1.5
1.20000004
1.39999998
1.40000003
1.39999998
1.40000003
1.39999998
1.5
1.5
1.5
1.5
1.39999998
1.39999998
1.69999999
2.2
2.1
2.3
1.5
1.39999998
0.814285724082
0.0285714281636
0.0285714281626
0.0285714281636
0.0285714281636
0.0285714281626
0.0285714281636
0.0285714281636
0.0285714281626
0.0285714281636
0.0285714281636
0.0285714281626
0.0285714281636
0.0285714281636
0.0285714281626
0.0285714281636
0.0285714281636
0.0285714281626
0.0285714281636
0.0285714281636
0.0285714281626
0.0285714281636
0.0285714281636
0.0285714281626
0.714285704082
0.714285704082
1.39999998
1.40000003
1.39999998
2.2
2.4
2.4
7.2999997
17.2999999
17.5
18.3999996
17.0
19.3000002
17.1000001
13.3000002
11.9000001
8.5999999
5.6
2.1
2.3
2.1
1.5
1.5
1.39999998
1.39999998
1.5
1.30000001
1.39999998
1.30000001
2.2
2.4
6.2000001
16.9000001
17.4000001
16.9000006
18.4000006
19.2999998
18.0000002
14.0
13.0999999
10.1999998
5.3999999
2.2
2.1
2.2
1.39999998
1.20000004
1.30000001
1.39999998
1.30000001
1.20000004
1.20000004
1.30000001
1.79999999
2.3
5.8
15.6000004
16.6000004
19.0999998
18.1999998
18.9000006
16.3000002
12.8999996
12.0
8.4999998
5.6999998
2.09999998
2.0
2.2
1.39999998
1.30000001
1.30000001
1.5
1.39999998
1.20000004
1.39999998
1.20000004
1.70000002
2.4
6.7000001
15.4000001
17.1000004
15.3999996
19.6999998
20.1
16.0999999
14.3000002
13.6999998
10.4000001
6.2000001
2.4
2.3
2.2
1.5
1.40000003
1.30000001
1.69999999
2.4
2.3
2.2
2.3
1.40000003
2.09999998
6.5999999
16.3000002
16.8999996
12.6999998
15.5000005
16.8999996
14.9000001
11.6999998
10.5
7.7000001
3.6999999
2.1
2.2
2.1
1.40000003
1.39999998
1.40000003
1.39999998
1.5
1.39999998
1.30000001
1.40000003
1.20000004
1.30000001
1.30000001
1.5
1.30000001
1.39999998
1.39999998
1.30000001
1.39999998
1.40000003
1.39999998
1.30000001
1.5
1.80000001
2.2
2.2
1.5
1.30000001
1.39999998
1.39999998
1.30000001
1.5
1.30000001
1.39999998
1.5
1.20000004
1.30000001
1.5
1.20000004
1.39999998
1.39999998
1.39999998
1.30000001
1.30000001
1.39999998
1.30000001
1.39999998
1.79999999
2.1
2.3
1.39999998
1.30000001
1.39999998
1.30000001
1.30000001
1.5
1.30000001
1.99999998
2.5
2.4
6.8999998
17.3999996
17.1999999
17.1000004
17.0
19.7999996
15.4999995
13.6999998
13.2999997
10.3999996
6.3999999
2.2
2.1
2.2
1.39999998
1.20000004
1.39999998
1.30000001
1.39999998
1.30000001
1.30000001
1.39999998
1.40000003
2.2
6.2999999
17.0999999
15.4000001
14.5999999
17.1999998
18.1000001
15.3000002
10.8999996
10.5
8.9000001
4.7
2.00000001
2.2
2.2
1.39999998
1.40000003
1.30000001
1.30000001
1.5
1.30000001
1.30000001
1.5
1.30000001
2.09999998
6.3999999
17.8999996
19.3000002
16.3999996
18.8999996
14.0125
18.0000002
14.7000003
12.9000001
9.7000003
8.2000003
9.0999999
7.8000002
4.9000001
3.4000001
1.39999998
1.59999997
1.30000001
1.39999998
1.39999998
1.5
1.40000003
1.30000001
1.59999997
5.5999999
17.9
17.3000002
17.4000006
19.2000004
19.4999996
14.9000001
14.5999999
13.1999998
12.3000002
9.8999996
10.0999999
6.0
2.5
2.0
1.80000001
1.59999997
2.3
3.0
2.8
2.8
2.8
1.99999998
2.9
6.1
16.4999995
18.7000008
15.2000003
18.1999998
15.665
17.4000001
14.4000001
11.4000001
8.6000001
4.0999999
2.5
2.5
2.3
1.5
1.40000003
1.5
1.60000002
1.60000002
1.5
1.39999998
1.5
1.40000003
1.39999998
1.39999998
1.5
1.30000001
1.39999998
1.5
1.39999998
1.39999998
1.39999998
1.39999998
1.39999998
1.5
2.3
2.2
2.3
1.5
1.39999998
1.39999998
1.5
1.5
1.5
1.39999998
1.39999998
1.5
1.39999998
1.39999998
1.5
1.39999998
1.39999998
1.5
1.39999998
1.39999998
1.39999998
1.30000001
1.39999998
1.39999998
2.1
2.2
2.3
1.40000003
1.39999998
1.40000003
1.39999998
1.39999998
1.5
1.30000001
2.3
2.5
2.6
6.6
18.8999998
17.5
18.1000004
18.3999996
19.0
16.0
13.5999999
12.6999998
11.1999998
8.0
5.0999999
3.9
2.2
1.30000001
1.40000003
1.30000001
1.39999998
1.5
1.30000001
1.30000001
1.5
1.60000002
2.3
6.0999999
18.9999998
16.3999996
16.1999998
15.9000006
18.0
13.3000002
12.6000004
11.6999998
9.9000001
4.5
2.1
2.2
2.3
1.30000001
1.30000001
1.39999998
1.5
1.39999998
1.30000001
1.30000001
1.30000001
1.5
2.4
6.6000001
15.3999996
15.8999996
16.5000005
17.0
16.9000001
13.8000002
11.0999999
10.2000003
8.7000003
5.8000001
1.89999998
2.1
2.3
1.39999998
1.20000004
1.5
1.30000001
1.39999998
1.19999999
1.30000001
1.20000004
1.39999998
2.1
6.4
16.5999999
16.0999994
15.1999998
18.0999994
17.5
13.5999999
12.1999998
11.4000001
8.1000001
3.9999999
2.00000001
2.5
2.4
1.60000002
1.69999999
1.5
1.99999998
2.6
2.5
2.4
2.5
1.69999999
2.6
5.5
15.4000006
14.6000004
15.0999999
14.6999998
15.9000006
16.2999997
11.5999999
9.3000002
7.5
4.5
4.4000001
5.5
5.0
1.40000003
1.5
1.39999998
1.39999998
1.39999998
1.30000001
1.30000001
1.39999998
1.39999998
1.39999998
1.5
1.39999998
1.39999998
1.30000001
1.40000003
1.30000001
1.39999998
1.5
1.30000001
1.30000001
1.5
1.5
2.2
2.2
1.5
1.30000001
1.30000001
1.5
1.30000001
1.39999998
1.30000001
1.39999998
1.20000004
1.5
1.30000001
1.30000001
1.30000001
1.30000001
1.39999998
1.5
1.30000001
1.30000001
1.30000001
1.30000001
1.30000001
1.60000002
2.1
2.1
1.5
1.39999998
1.30000001
1.39999998
1.39999998
1.30000001
1.30000001
1.99999998
2.3
2.4
5.5
17.4000001
19.5000002
16.0
18.1000004
15.1325
15.1000004
13.1999998
11.8000002
9.0
5.5
3.0
2.2
2.2
1.30000001
1.39999998
1.5
1.30000001
1.30000001
1.30000001
1.30000001
1.30000001
1.69999999
2.4
5.7000001
18.3000002
16.1000004
18.1000004
17.5000005
14.3775
19.4999998
17.1999998
15.0999999
11.4000001
5.7000001
1.89999998
2.4
2.3
1.5
1.60000002
1.5
1.5
1.69999999
1.39999998
1.5
1.5
1.99999998
3.6
5.5
15.5999999
14.1000004
16.2000003
17.0999994
18.1000004
14.3000002
12.0
10.6000004
8.8999996
5.7000001
1.89999998
2.3
2.1
1.5
1.40000003
1.39999998
1.5
1.39999998
1.39999998
1.39999998
1.30000001
1.39999998
2.00000001
5.2000001
16.1999998
15.0
16.0999999
17.0
16.5000005
14.0999999
12.5999999
12.4000001
12.0
3.7999999
1.5
2.3
2.2
1.5
1.5
1.30000001
1.79999999
2.3
2.3
2.2
2.2
1.5
2.3
6.1000001
14.1000004
17.6999998
12.8000002
14.9000001
16.5
13.7999997
9.9000001
10.0
6.5999999
3.7999999
1.79999999
2.2
2.1
1.5
1.30000001
1.5
1.30000001
1.30000001
1.30000001
1.39999998
1.39999998
1.39999998
1.5
4.1
4.8
3.3
3.8
3.8
1.59999997
1.39999998
1.39999998
1.30000001
1.5
1.39999998
1.90000001
2.1
2.3
1.30000001
1.30000001
1.30000001
0.69999999
1.39999998
1.5
1.30000001
1.39999998
1.39999998
1.30000001
1.30000001
1.5
1.30000001
1.39999998
1.40000003
1.30000001
1.39999998
1.30000001
1.39999998
1.30000001
1.39999998
1.80000001
2.1
2.2
1.60000002
0.69999999
1.30000001
1.345
1.385
1.3675
1.5625
1.7275
1.8725
3.8225
11.0525
13.49
13.9
14.1075
14.005
12.7675
11.41
10.595
8.4575
5.01
2.91
2.2425
2.1275
1.9625
1.58
0.60000002
1.39999998
1.39999998
1.59999997
1.30000001
1.39999998
1.69999999
3.2
4.0999999
4.3
4.3999999
4.6000001
3.6
2.20000001
1.30000001
1.5
1.30000001
1.30000001
1.20000004
1.30000001
1.30000001
2.1
2.3
1.30000001
1.20000004
1.30000001
1.20000004
1.30000001
1.30000001
1.20000004
1.30000001
1.40000003
1.20000004
1.20000004
1.30000001
1.30000001
1.20000004
1.30000001
1.30000001
1.20000004
1.30000001
1.30000001
1.30000001
1.30000001
1.69999999
2.0
2.2
1.30000001
1.20000004
1.30000001
1.20000004
1.20000004
1.30000001
1.20000004
1.30000001
1.19999999
1.20000004
1.20000004
1.30000001
1.20000004
1.20000004
1.39999998
1.30000001
1.20000004
1.20000004
1.30000001
1.20000004
1.30000001
1.59999997
2.2
2.1
1.40000003
1.20000004
1.30000001
1.59999997
2.1
2.2
2.1
2.1
1.39999998
1.20000004
1.20000004
1.30000001
1.20000004
1.30000001
1.30000001
1.20000004
1.20000004
1.30000001
1.20000004
1.20000004
1.39999998
1.30000001
2.1
2.2
1.30000001
1.20000004
1.30000001
1.20000004
1.30000001
1.30000001
1.30000001
1.20000004
1.20000004
1.30000001
1.20000004
1.30000001
1.30000001
1.20000004
1.30000001
1.30000001
1.20000004
1.30000001
1.20000004
1.20000004
1.30000001
1.20000004
2.1
2.1
1.30000001
1.20000004
1.30000001
1.20000004
1.30000001
1.30000001
1.20000004
1.20000004
1.30000001
1.20000004
1.20000004
1.30000001
1.19999999
1.10000002
1.30000001
1.20000004
1.30000001
1.30000001
1.30000001
1.20000004
1.30000001
1.39999998
1.89999998
2.2
1.39999998
1.20000004
1.30000001
1.30000001
1.20000004
1.20000004
1.39999998
1.20000004
1.20000004
1.39999998
1.20000004
1.20000004
1.5
1.20000004
1.20000004
1.20000004
1.30000001
1.30000001
1.20000004
1.30000001
1.20000004
1.20000004
1.99999998
2.1
1.30000001
1.40000003
1.30000001
1.20000004
1.20000004
1.30000001
1.20000004
1.20000004
1.39999998
1.30000001
1.20000004
1.30000001
1.20000004
1.30000001
1.30000001
1.30000001
1.30000001
1.20000004
1.30000001
1.30000001
1.30000001
1.30000001
2.0
2.1
1.30000001
1.10000002
1.20000004
1.30000001
1.39999998
1.20000004
1.20000004
1.30000001
1.30000001
1.20000004
1.30000001
1.20000004
1.20000004
1.20000004
1.39999998
1.20000004
1.20000004
1.30000001
1.20000004
1.20000004
1.30000001
1.30000001
2.1
2.1
1.59999997
1.30000001
1.30000001
1.30000001
1.20000004
1.20000004
1.30000001
1.20000004
1.20000004
1.30000001
1.20000004
1.39999998
1.10000002
1.30000001
1.40000003
1.89999998
1.30000001
1.30000001
1.30000001
1.20000004
1.30000001
1.20000004
1.90000001
2.1
1.39999998
1.30000001
1.20000004
1.59999997
2.1
2.2
2.2
2.2
1.39999998
1.20000004
1.30000001
1.20000004
1.30000001
1.30000001
1.39999998
1.39999998
1.39999998
1.30000001
1.30000001
1.39999998
1.39999998
1.30000001
2.2
2.2
1.30000001
1.20000004
1.39999998
1.39999998
1.39999998
1.30000001
1.39999998
1.30000001
1.39999998
1.39999998
1.39999998
1.30000001
1.39999998
1.20000004
1.39999998
1.20000004
1.39999998
1.30000001
1.39999998
1.30000001
1.30000001
1.30000001
1.80000001
2.3
1.5
1.39999998
1.39999998
1.30000001
1.20000004
1.39999998
1.30000001
1.30000001
1.20000004
1.30000001
1.30000001
1.30000001
1.30000001
1.30000001
1.30000001
1.39999998
1.39999998
1.60000002
1.39999998
1.5
1.39999998
1.59999997
2.2
2.3
1.39999998
1.39999998
1.30000001
1.30000001
1.30000001
1.30000001
1.39999998
1.30000001
1.39999998
3.1
9.0
11.5999999
14.5
10.9000001
9.5
9.8999996
9.0
8.2999997
6.2
4.4000001
2.10000001
1.30000001
1.90000001
2.2
1.5
1.39999998
1.30000001
1.5
1.39999998
1.39999998
1.39999998
1.39999998
1.5
5.6
18.6000001
15.6000004
17.0999994
15.8000002
18.0
12.0999999
9.7000003
9.0
8.0000002
4.5000001
1.39999998
1.5
1.90000001
2.3
1.39999998
1.5
1.39999998
1.5
1.59999997
1.39999998
1.39999998
1.5
1.59999997
4.0999999
14.9000001
17.6000004
18.5
19.0
18.0
12.1999998
10.6999998
10.0999999
7.2000003
4.3999999
2.7
1.69999999
2.3
2.5
1.89999998
1.59999997
1.79999996
1.79999996
1.89999998
1.79999996
1.60000002
1.69999999
1.69999999
2.8
14.8000002
16.1000004
17.2999992
15.5000005
15.3999996
12.9000001
12.0
11.6999998
7.9999998
3.9999999
1.5
1.5
2.1
2.3
1.60000002
1.5
1.39999998
1.79999999
2.4
2.3
2.2
2.3
1.5
2.9
14.1999998
15.5
15.5999999
16.2000003
16.7999992
14.2999997
10.4000001
8.7999997
6.9000001
4.0
1.5
1.39999998
1.90000001
2.3
1.40000003
1.39999998
1.30000001
1.39999998
1.5
1.39999998
1.30000001
1.30000001
1.40000003
1.39999998
1.30000001
1.30000001
1.5
1.5
1.39999998
1.40000003
1.5
1.39999998
1.39999998
1.5
1.39999998
1.40000003
1.79999999
2.2
1.30000001
1.40000003
1.39999998
1.39999998
1.30000001
1.39999998
1.30000001
1.39999998
1.30000001
1.39999998
1.30000001
1.30000001
1.40000003
1.30000001
1.30000001
1.5
1.39999998
1.30000001
1.30000001
1.30000001
1.30000001
1.30000001
1.69999999
2.2
1.30000001
1.5
1.30000001
1.39999998
1.5
1.30000001
1.30000001
1.30000001
1.39999998
3.5
15.5999999
16.0000005
17.1999998
16.1000004
17.2999992
12.1999998
10.8000002
9.9000001
7.4000001
4.1999999
1.69999999
1.5
1.79999999
2.3
1.5
1.39999998
1.30000001
1.5
1.5
1.5
1.30000001
1.5
1.39999998
3.6
14.8999996
14.1999998
12.9000001
12.8999996
15.5000005
11.6999998
10.8000002
9.9000001
8.7
4.1999999
1.5
1.5
1.79999999
2.3
1.60000002
1.39999998
1.39999998
1.5
1.60000002
1.39999998
1.39999998
1.5
1.39999998
3.4
13.2000003
17.5999994
16.8000002
17.1999998
16.6999998
11.7999997
10.5
11.0
8.4000001
5.7000001
2.39999998
1.5
1.69999999
2.3
1.60000002
1.69999999
1.39999998
1.5
1.5
1.39999998
1.39999998
1.60000002
1.5
4.6000001
16.0999999
17.8999996
16.2000008
17.6000004
16.0
11.6000004
10.9000001
10.1999998
8.1000002
5.1
1.89999998
1.69999999
2.09999998
2.5
1.79999996
1.60000002
1.79999996
2.19999998
2.8
2.6
2.6
2.6
1.89999998
4.6999998
16.4999998
19.1000004
17.1999998
18.5
18.3999996
14.0999994
11.8000002
12.2999997
9.7000003
6.5
2.7
2.00000001
2.1
2.3
1.60000002
1.60000002
1.5
1.5
1.69999999
1.39999998
1.39999998
1.5
1.60000002
1.5
1.60000002
1.60000002
1.5
1.39999998
1.69999999
1.5
1.5
1.60000002
1.59999997
1.39999998
1.60000002
1.5
1.99999998
2.4
1.5
1.60000002
1.60000002
1.5
1.5
1.59999997
1.5
1.5
1.5
1.39999998
1.5
1.69999999
1.39999998
1.5
1.5
1.5
1.5
1.39999998
1.59999997
1.39999998
1.39999998
1.5
1.69999999
2.4
1.5
1.5
1.60000002
1.5
1.60000002
1.5
1.39999998
1.60000002
1.60000002
3.5
14.1999998
17.2000003
17.0999994
16.5999999
16.5
12.7000003
10.0999999
10.0
7.7999997
4.2999999
1.5
1.40000003
1.79999999
2.2
1.5
1.39999998
1.39999998
1.5
1.40000003
1.30000001
1.30000001
1.30000001
1.30000001
3.3
12.5
14.9000006
15.3999996
17.8999996
17.6999998
12.4000001
9.2999997
10.1999998
8.0999999
4.0
1.39999998
1.39999998
1.60000002
2.2
1.5
1.39999998
1.30000001
1.39999998
1.40000003
1.39999998
1.30000001
1.40000003
1.39999998
5.1000001
17.6999999
18.1000002
18.1999998
17.1000004
17.1999998
14.7999997
13.1999998
10.9000001
8.9000001
5.0
2.4
1.80000001
2.00000001
2.6
1.5
1.30000001
1.39999998
1.39999998
1.39999998
1.30000001
1.20000004
1.39999998
1.40000003
4.2999999
16.1999998
17.0999994
16.0
16.2000003
15.9999995
13.7999997
12.7999997
13.2000003
9.0
3.2
1.39999998
1.40000003
1.5
2.2
1.59999997
1.30000001
1.39999998
1.79999999
2.4
2.2
2.3
2.2
1.5
5.1000001
15.5999999
18.1
16.5999994
16.9000001
18.8999996
14.4000001
11.0
10.5
8.3999999
3.8
1.30000001
1.5
1.79999999
2.1
1.5
1.30000001
1.30000001
1.39999998
1.39999998
1.30000001
1.5
1.30000001
1.39999998
1.39999998
1.5
1.30000001
1.39999998
1.5
1.30000001
1.39999998
1.39999998
1.30000001
1.39999998
1.39999998
1.39999998
1.30000001
1.90000001
2.2
1.30000001
1.39999998
1.30000001
1.30000001
1.39999998
1.39999998
1.30000001
1.30000001
1.5
1.39999998
1.30000001
1.30000001
1.39999998
1.20000004
1.5
1.30000001
1.39999998
1.30000001
1.39999998
1.39999998
1.30000001
1.40000003
2.1
2.2
1.5
1.39999998
1.39999998
1.39999998
1.30000001
1.39999998
1.30000001
1.5
1.30000001
1.5
1.5
1.39999998
1.39999998
1.5
1.39999998
1.5
1.5
1.39999998
1.39999998
1.30000001
1.40000003
1.30000001
1.89999998
2.2
1.5
1.30000001
1.30000001
1.5
1.39999998
1.30000001
1.5
1.39999998
1.30000001
5.5
16.5999994
18.8999998
18.3000002
18.8999996
18.6000004
14.6999998
13.0
10.8000002
8.9000001
3.9
1.39999998
1.5
1.69999999
2.2
1.5
1.39999998
1.40000003
1.30000001
1.5
1.39999998
1.39999998
1.40000003
1.5
3.1
16.9000002
17.4000006
17.7999992
18.0999994
18.1000004
15.6999998
13.4000001
11.6999998
10.1999998
6.7000003
3.2
2.19999998
1.89999999
2.3
1.39999998
1.39999998
1.39999998
1.39999998
1.30000001
1.5
1.39999998
1.30000001
1.39999998
5.0999999
16.3999998
16.8000002
16.3999996
18.2999998
18.5
12.2999997
10.7999997
10.0999999
7.4999998
3.8
1.39999998
1.5
1.5
2.2
1.39999998
0.608247442784
0.0164948455676
0.0164948455658
0.0164948455676
0.0164948455676
0.0164948455658
0.0164948455676
0.0164948455676
0.0164948455658
0.0164948455676
0.0164948455658
0.0164948455676
0.0164948455676
0.0164948455658
0.0164948455676
0.0164948455676
0.0164948455658
0.0164948455676
0.0164948455676
0.0164948455658
0.0164948455676
0.0164948455676
0.0164948455658
0.0164948455676
1.39
1.41
1.4325
1.4475
1.405
1.39
1.3675
1.42
1.5225
1.565
1.5025
1.525
1.525
1.43
1.385
1.41
1.39
1.38
1.425
1.515
1.5625
1.75
1.96
1.5975
0.708247412784
0.608247442784
1.39999998
1.30000001
1.5
1.39999998
1.39999998
1.5
1.39999998
1.39999998
1.39999998
1.39999998
1.39999998
1.30000001
1.5
1.30000001
1.39999998
1.5
1.39999998
1.39999998
1.39999998
1.80000001
2.2
1.5
1.60000002
1.30000001
1.39999998
1.39999998
1.40000003
1.39999998
1.39999998
1.5
3.6999999
15.7999997
16.9999995
16.4000001
16.5999999
16.8999996
12.4000001
12.0
10.4000001
9.5
4.2000001
2.5
1.5
1.39999998
2.2
1.5
1.5
1.5
1.60000002
1.5
1.60000002
1.39999998
1.39999998
1.60000002
4.3
16.0999994
15.3000002
15.0
16.1000004
18.1999998
13.7999997
12.0999999
10.7999997
7.7000001
3.9999999
1.5
1.60000002
1.39999998
2.2
1.5
1.5
1.5
1.5
1.5
1.5
1.39999998
1.5
1.60000002
2.9
13.3999996
17.4999995
17.0
17.3000002
16.3000002
12.1999998
10.5999999
10.2999997
7.9000001
4.7
2.4
1.69999999
1.30000001
2.09999998
1.39999998
1.40000003
1.39999998
1.39999998
1.5
1.30000001
1.39999998
1.39999998
1.5
3.9
12.7000003
13.0999999
15.0000005
17.3000002
17.6000004
14.4000001
16.7000003
12.5
10.1000004
4.6999999
1.39999998
1.5
1.69999999
2.3
1.39999998
1.59999997
1.39999998
1.79999999
2.3
2.2
2.3
1.5
1.5
2.7
13.0
14.9000006
12.6999998
15.5999999
15.0999999
12.5999999
9.3000002
9.5
7.4000001
3.6
1.89999999
1.39999998
1.5
2.3
1.5
1.39999998
1.39999998
1.60000002
1.5
1.5
1.39999998
1.40000003
1.5
1.60000002
1.5
1.39999998
1.59999997
1.5
1.39999998
1.39999998
1.60000002
1.5
1.39999998
1.5
1.5
1.39999998
1.39999998
2.09999998
1.59999997
1.60000002
1.5
1.5
1.5
1.39999998
1.39999998
1.60000002
1.39999998
1.39999998
1.59999997
1.5
1.5
1.5
1.5
1.39999998
1.39999998
1.5
1.59999997
1.5
1.5
1.60000002
1.5
2.4
1.5
1.60000002
1.5
1.39999998
1.5
1.5
1.60000002
1.39999998
1.59999997
3.8000001
16.2999999
18.8999998
18.9999996
19.0999996
17.8999996
13.3000002
11.2000003
12.1000004
9.4000001
5.7
3.0
2.1
1.69999999
1.99999998
1.60000002
1.5
1.5
1.60000002
1.5
1.60000002
1.39999998
1.5
1.59999997
2.9
13.6000004
15.7000003
15.3000002
18.0
17.6999998
14.5
12.0
12.8000002
9.5999999
4.4000001
1.60000002
1.39999998
1.60000002
2.09999998
1.5
1.60000002
1.5
1.60000002
1.60000002
1.60000002
1.39999998
1.39999998
1.5
2.4
14.6000004
17.3000002
16.7000003
18.1000004
18.8
14.1999998
11.0999999
10.5999999
6.5
4.2
1.90000001
1.60000002
1.39999998
1.99999998
1.39999998
1.5
1.30000001
1.5
1.5
1.39999998
1.30000001
1.39999998
1.5
2.9
13.5999999
11.3000002
14.9000001
14.6999998
16.6999998
13.1999998
11.7000003
10.1000004
7.7000003
3.8
1.60000002
1.5
1.60000002
2.2
1.69999999
1.5
1.5
2.09999998
2.6
2.5
2.6
2.2
1.5
3.0
14.5999994
16.0999999
13.8999996
14.7999997
14.0999999
9.6999998
9.5
9.9000001
6.9
4.7
1.69999999
1.39999998
1.5
2.3
1.5
1.39999998
1.5
1.39999998
1.5
1.39999998
1.39999998
1.39999998
1.5
1.30000001
1.39999998
1.39999998
1.39999998
1.60000002
1.39999998
1.39999998
1.5
1.39999998
1.39999998
1.40000003
1.39999998
1.39999998
1.5
1.89999999
1.5
1.39999998
1.39999998
1.39999998
1.5
1.30000001
1.30000001
1.39999998
1.39999998
1.39999998
1.39999998
1.39999998
1.30000001
1.5
1.60000002
1.30000001
1.39999998
1.39999998
1.39999998
1.5
1.20000004
1.39999998
1.39999998
1.69999999
1.40000003
1.39999998
1.39999998
1.5
1.39999998
1.39999998
1.39999998
1.39999998
1.39999998
1.30000001
1.39999998
1.39999998
1.39999998
1.39999998
1.39999998
1.5
1.39999998
1.39999998
1.40000003
1.39999998
1.39999998
1.5
1.30000001
1.79999999
1.5
1.39999998
1.39999998
1.39999998
1.30000001
1.5
1.39999998
1.39999998
1.39999998
1.30000001
1.39999998
1.39999998
1.30000001
1.39999998
1.39999998
1.39999998
1.39999998
1.5
1.5
1.39999998
1.39999998
1.39999998
1.39999998
1.80000001
1.5
1.39999998
1.5
1.30000001
1.39999998
1.39999998
1.5
1.39999998
1.39999998
1.39999998
1.39999998
1.39999998
1.40000003
1.30000001
1.39999998
1.39999998
1.39999998
1.5
1.30000001
1.5
1.5
1.39999998
1.5
2.2
1.5
1.5
1.39999998
1.39999998
1.30000001
1.39999998
1.30000001
1.39999998
1.30000001
1.30000001
1.39999998
1.39999998
1.30000001
1.30000001
1.39999998
1.20000004
1.39999998
1.39999998
1.30000001
1.39999998
1.39999998
1.39999998
1.5
1.79999999
1.39999998
1.39999998
1.30000001
1.69999999
2.2
2.2
2.3
2.2
1.30000001
1.30000001
1.39999998
1.59999997
1.80000001
1.79999996
1.39999998
1.30000001
1.30000001
1.30000001
1.30000001
1.30000001
1.30000001
1.30000001
1.30000001
1.69999999
1.5
1.20000004
1.30000001
1.30000001
1.20000004
1.39999998
1.30000001
1.30000001
1.30000001
1.30000001
1.39999998
1.20000004
1.20000004
1.30000001
1.30000001
1.30000001
1.30000001
1.30000001
1.30000001
1.30000001
1.20000004
1.30000001
1.30000001
2.1
1.39999998
1.30000001
1.30000001
1.30000001
1.30000001
1.30000001
1.20000004
1.30000001
1.30000001
1.30000001
1.30000001
1.20000004
1.30000001
1.30000001
1.30000001
1.30000001
1.39999998
1.39999998
1.30000001
1.30000001
1.30000001
1.30000001
1.39999998
1.59999997
1.40000003
1.59999997
1.30000001
1.30000001
1.30000001
1.30000001
1.30000001
1.39999998
1.30000001
2.9
14.0000005
13.8999996
15.2000003
19.1000004
19.0
13.0
10.9000001
11.6999998
8.9999998
6.1000001
2.2
1.90000001
1.90000001
2.4
1.60000002
1.80000001
1.60000002
1.60000002
1.69999999
1.60000002
1.5
1.60000002
1.80000001
3.9999999
16.9000001
18.3999996
17.6999998
16.9999995
17.6000004
12.7999997
11.0999999
10.4000001
9.5
5.0
2.19999998
2.1
1.89999998
2.09999998
1.89999998
1.59999997
1.79999996
2.1
1.89999998
1.89999998
1.89999998
1.79999996
1.89999998
2.5
14.5999994
15.5
16.6000004
18.5
16.8000002
14.1000004
9.6999998
9.1999998
6.7999999
4.2
1.79999999
1.60000002
1.39999998
1.59999997
1.5
1.69999999
1.39999998
1.5
1.5
1.39999998
1.5
1.39999998
1.30000001
2.3
14.0999994
14.8000002
16.0000005
14.8000002
15.0999999
11.4000001
11.5
11.4000001
8.9000001
4.5999999
1.69999999
1.59999997
1.39999998
1.69999999
1.5
1.69999999
1.30000001
1.90000001
2.4
2.3
2.1
1.39999998
1.39999998
2.3
13.8000002
16.3000002
15.0
15.6000004
15.3000002
13.5
10.8000002
9.9000001
8.0999999
4.2999999
2.5
2.1
1.89999998
2.09999998
1.89999998
2.0
1.79999996
1.89999998
1.79999996
1.89999998
1.79999996
1.79999996
1.89999998
1.79999996
1.79999996
1.79999996
1.80000001
1.79999996
1.79999996
1.89999998
1.99999998
1.79999996
1.69999999
1.89999998
1.89999998
1.79999996
1.79999996
1.90000001
1.89999998
0.89999998
1.79999996
1.445
1.4725
1.48
1.435
1.465
1.4425
1.4
1.405
1.41
1.41
1.515
1.6925
1.6725
1.7025
1.7125
1.7325
1.6575
1.54
1.5625
1.67
1.865
1.56
1.3875
1.4
1.455
1.44
1.43
1.4675
1.495
1.605
2.8625
8.61
11.02
11.2525
11.6125
11.5275
9.4725
7.8575
7.255
6.0125
3.9125
2.44
1.93
1.83
1.985
1.6575
1.47
1.4725
1.54
1.5375
1.545
1.5275
1.535
1.6525
3.085
9.865
12.405
11.8675
11.88
12.2825
10.44
8.575
7.7875
6.475
4.3475
2.24
1.685
1.6925
1.91
1.6725
1.525
1.54
1.58
1.605
1.565
1.5575
1.545
1.6225
2.745
10.28
12.85
12.6775
12.9525
12.59
10.7275
8.66
7.8675
6.4125
4.19
2.595
2.0125
1.8175
1.96
1.6525
1.5375
1.5175
1.5325
1.5325
1.5
1.475
1.4925
1.5375
2.795
8.535
10.6925
10.9325
11.1875
11.7775
10.3375
9.3125
8.7225
7.1625
4.59
2.465
1.96
1.9275
2.025
1.715
1.525
1.5075
1.8025
2.2
2.255
2.24
1.91
1.7025
2.6975
7.4875
9.825
9.5325
10.09
10.46
8.985
7.2575
6.5725
5.235
3.845
2.305
1.795
1.82
1.9825
1.61
1.4625
1.4675
1.4775
1.4725
1.4475
1.425
1.4125
1.455
1.5075
1.535
1.4725
1.465
1.5
1.4725
1.4375
1.4525
1.4375
1.415
1.4775
1.515
1.535
1.645
1.9125
1.63
1.39
1.4025
1.4425
1.45
1.45
1.4125
1.445
1.4225
1.4325
1.4475
1.45
1.45
1.57
1.7975
1.77
1.8
1.805
1.785
1.675
1.5275
1.5425
1.6425
1.8725
1.58
0.69999999
1.3825
1.59999997
1.39999998
1.5
1.60000002
1.60000002
1.5
3.1
14.8000002
15.7000003
15.0999999
15.1999998
14.7000003
10.6999998
9.0
9.1000004
7.2000003
3.9
1.80000001
1.69999999
1.5
1.69999999
1.5
1.5
1.5
1.5
1.5
1.39999998
1.5
1.5
1.39999998
3.4
14.1999998
14.5
12.5999999
13.9000001
15.1000004
11.1999998
9.5999999
9.1999998
7.3
3.8
1.5
1.60000002
1.39999998
1.69999999
1.60000002
1.5
1.5
1.60000002
1.60000002
1.39999998
1.60000002
1.39999998
1.5
2.9
15.5999994
15.3000002
16.1999998
17.2999997
17.6000004
14.3999996
12.8000002
12.4000001
10.5
6.3999999
1.79999996
1.99999998
1.60000002
2.3
1.69999999
1.89999998
1.79999996
1.79999996
1.79999996
1.79999996
1.79999996
1.69999999
1.69999999
3.3
11.7000003
14.5999999
13.3000002
14.5999999
13.9000001
10.6999998
9.0999999
9.9000001
6.8000002
3.4
2.3
2.4
1.99999998
2.1
2.1
1.80000001
2.1
2.5
2.8
2.8
2.8
1.89999998
2.1
3.9
13.0999999
14.7999997
12.8000002
15.6999998
15.0
11.6000004
9.6000004
9.5
6.8000002
3.6999999
1.80000001
1.60000002
1.69999999
1.89999998
1.69999999
1.69999999
1.69999999
1.69999999
1.69999999
1.69999999
1.69999999
1.69999999
1.79999996
1.60000002
1.79999996
1.60000002
1.60000002
1.69999999
1.79999996
1.69999999
1.60000002
1.79999996
1.80000001
1.69999999
1.69999999
1.60000002
1.69999999
2.6
1.79999996
1.69999999
1.69999999
1.79999996
1.69999999
1.79999996
1.69999999
1.80000001
1.5
1.69999999
1.69999999
1.80000001
1.60000002
1.60000002
1.69999999
1.80000001
1.60000002
1.69999999
1.69999999
1.60000002
1.79999996
1.60000002
1.69999999
2.3
1.69999999
0.80000001
1.69999999
1.4525
1.4225
1.41
1.44
1.4725
1.6825
2.935
9.63
11.55
11.64
11.54
11.31
9.2925
7.845
7.28
6.175
4.0325
2.4325
1.9275
1.8325
2.015
1.69
0.80000001
1.5225
2.0
1.89999998
1.99999998
1.89999998
1.89999998
1.89999998
3.4
14.3999996
16.7000003
12.3000002
13.2999997
15.0
13.0999999
9.6999998
9.3000002
7.3999998
3.8
1.79999996
1.69999999
1.69999999
1.80000001
1.69999999
1.69999999
1.69999999
1.69999999
1.79999996
1.60000002
1.69999999
1.60000002
1.60000002
3.6
12.9000001
13.6999998
16.6000004
15.5999999
15.0999999
12.0999999
9.5
9.9000001
8.4000001
5.0
3.6999999
3.2
1.79999996
2.0
1.79999996
1.79999996
1.79999996
1.89999998
1.89999998
1.79999996
1.79999996
1.89999998
1.69999999
3.6
13.0
14.5999999
15.8999996
14.4000001
15.3000002
10.5
10.2999997
9.7999997
7.5
3.5
1.79999996
1.69999999
1.89999998
2.2
1.69999999
1.69999999
1.89999998
2.00000001
2.6
2.5
2.6
1.90000001
1.79999996
3.2
14.0
15.6000004
16.1000004
14.4000001
15.2000003
12.7999997
10.4000001
11.0
9.1999998
6.2
2.19999998
1.79999996
1.79999996
1.99999998
1.80000001
1.79999996
1.89999998
1.69999999
1.89999998
1.79999996
1.79999996
1.79999996
1.79999996
1.89999998
1.89999998
1.79999996
1.79999996
1.89999998
2.0
1.79999996
2.0
1.89999998
1.79999996
2.1
1.79999996
1.79999996
1.89999998
2.4
1.89999998
1.89999998
1.79999996
2.0
1.89999998
1.79999996
1.69999999
2.0
1.79999996
1.79999996
1.79999996
1.89999998
1.79999996
3.5
6.3999999
5.4
6.5
5.8
5.9000001
3.6999999
1.89999998
1.79999996
1.79999996
1.89999998
2.0
1.89999998
1.79999996
1.79999996
1.89999998
1.79999996
1.79999996
1.79999996
1.80000001
3.1
15.6000004
15.3000002
16.7
12.5999999
14.0
10.6999998
9.8000002
9.8000002
8.6999998
5.9000001
3.4
2.8
2.29999998
1.99999998
1.89999998
1.80000001
1.89999998
1.89999998
1.79999996
1.89999998
1.79999996
1.79999996
1.79999996
3.2
12.2999997
9.6999998
15.6999998
14.0999999
13.4000001
9.9000001
8.0000002
8.0999999
6.6
4.0
1.99999998
1.79999996
1.79999996
1.79999996
1.79999996
1.60000002
1.80000001
1.60000002
1.79999996
1.60000002
1.60000002
1.79999996
1.60000002
3.1
13.7999997
13.2999997
14.1000004
15.6000004
14.4000001
13.5
10.5
10.0
7.7000001
5.8000002
1.69999999
1.60000002
1.69999999
1.90000001
1.60000002
1.60000002
1.5
1.69999999
1.60000002
1.5
1.39999998
1.5
1.5
2.9
14.3000002
15.3000002
14.8999996
17.5
18.1999998
13.5999999
12.5999999
12.5999999
10.5
5.2999999
1.90000001
1.60000002
1.69999999
1.60000002
1.60000002
1.60000002
1.69999999
2.00000001
2.5
2.6
2.5
1.60000002
2.30000001
3.6
11.6999998
11.9000001
11.6999998
14.5999999
13.4000001
10.8999996
9.6999998
8.9000001
6.7000001
3.9
2.8
3.2
3.7999999
4.2
1.69999999
1.60000002
1.69999999
1.69999999
1.79999996
1.5
1.59999997
1.60000002
1.60000002
1.69999999
1.69999999
1.60000002
1.59999997
1.60000002
1.69999999
1.69999999
1.79999996
1.69999999
1.60000002
1.79999996
1.69999999
1.5
1.69999999
1.80000001
1.79999996
1.60000002
1.69999999
1.69999999
1.69999999
1.60000002
1.60000002
1.69999999
1.69999999
1.60000002
1.69999999
1.69999999
1.69999999
1.60000002
1.69999999
1.60000002
1.60000002
1.80000001
1.60000002
1.60000002
1.60000002
1.79999996
1.60000002
1.79999996
1.60000002
1.69999999
1.60000002
1.69999999
1.60000002
1.69999999
1.5
1.60000002
1.60000002
4.2999999
15.3000002
15.2000003
16.1999998
16.7000008
16.0000005
11.9000001
11.3999996
10.9000001
8.7000001
5.6
1.89999998
1.60000002
1.69999999
2.4
1.60000002
1.5
1.80000001
1.69999999
1.60000002
1.59999997
1.79999996
1.5
1.60000002
3.1
13.7999997
14.2999997
16.5
13.8999996
15.0999999
11.7000003
12.2000003
10.5
8.3
5.3999999
1.60000002
1.5
1.5
2.09999998
1.59999997
1.79999996
1.5
1.60000002
1.5
1.39999998
1.39999998
1.39999998
1.30000001
3.2
13.3999996
14.4000001
14.7000003
14.0
14.0
9.3000002
8.7000003
8.5999999
7.3000002
4.5999999
1.79999996
1.80000001
1.69999999
1.99999998
1.79999996
1.60000002
1.69999999
1.79999996
1.79999996
1.69999999
1.79999996
1.69999999
1.60000002
3.4
12.5
13.5
13.4000001
13.9000001
12.6999998
11.4000001
9.1999998
9.5
6.8999998
3.7
1.5
1.89999998
1.60000002
1.69999999
1.60000002
1.59999997
1.5
1.99999998
2.4
2.5
2.4
1.60000002
1.69999999
2.8
11.2000003
12.7000003
13.0999999
14.7999997
15.6000004
10.8000002
13.2000003
10.8999996
9.0999999
5.1
2.09999998
1.60000002
1.60000002
2.2
1.80000001
1.69999999
1.60000002
1.69999999
1.69999999
1.69999999
1.60000002
1.60000002
1.5
1.69999999
1.60000002
1.5
1.60000002
1.80000001
1.60000002
1.60000002
1.60000002
1.59999997
1.69999999
1.60000002
1.60000002
1.80000001
1.69999999
2.00000001
1.79999996
1.69999999
1.60000002
1.60000002
1.60000002
1.69999999
1.60000002
1.60000002
1.60000002
1.69999999
1.39999998
1.5
1.5
1.5
1.5
1.5
1.5
1.5
1.5
1.60000002
1.39999998
1.69999999
1.60000002
2.3
1.5
1.5
1.69999999
1.60000002
1.39999998
1.5
1.5
1.39999998
1.5
2.9
15.8000002
16.0000005
15.6999998
16.8000002
17.1999998
14.0
15.9999995
13.0
9.7999997
6.0999999
1.69999999
1.60000002
1.60000002
2.3
1.60000002
1.60000002
1.5
1.60000002
1.39999998
1.5
1.5
1.39999998
1.5
3.6
14.5999994
16.3999996
15.5
15.4999995
16.5
14.7000003
10.0
9.8999996
9.9000001
6.0
2.00000001
1.60000002
1.60000002
2.3
1.60000002
1.5
1.60000002
1.60000002
1.60000002
1.5
1.69999999
1.5
1.59999997
2.7
13.2000003
16.3000002
16.8000002
15.7000003
14.3000002
12.6999998
9.4000001
11.5
9.0999999
6.7999999
2.8
1.69999999
1.69999999
1.90000001
1.69999999
1.89999998
1.60000002
1.60000002
1.60000002
1.69999999
1.60000002
1.5
1.39999998
3.2999999
14.0999994
17.0
14.9000001
15.6999998
13.9000001
13.8999996
10.3000002
9.5
7.5999999
4.2
1.89999998
2.0
1.79999996
2.19999998
1.89999998
1.59999997
1.99999998
2.4
2.7
2.8
2.8
2.8
2.7
3.7
12.6999998
13.2999997
10.0
11.1999998
11.6999998
11.1000004
8.4000001
7.5
5.7999999
2.5
1.79999996
1.69999999
1.60000002
2.2
1.5
1.39999998
1.39999998
1.39999998
1.5
1.39999998
1.30000001
1.39999998
1.39999998
1.30000001
1.30000001
1.39999998
1.30000001
1.30000001
1.39999998
1.30000001
1.30000001
1.39999998
1.30000001
1.40000003
1.30000001
1.39999998
1.30000001
1.79999999
1.39999998
1.20000004
1.30000001
1.39999998
1.30000001
1.39999998
1.39999998
1.39999998
1.39999998
1.30000001
1.30000001
1.30000001
1.30000001
1.30000001
1.30000001
1.30000001
1.39999998
1.30000001
1.39999998
1.39999998
1.39999998
1.30000001
1.39999998
1.69999999
1.40000003
1.39999998
1.30000001
1.39999998
1.39999998
1.30000001
1.30000001
1.59999997
4.3000001
4.2
4.5
5.4
6.2
5.8
5.5
3.9000001
1.40000003
1.39999998
1.30000001
1.30000001
1.39999998
1.30000001
1.39999998
1.79999999
1.39999998
1.20000004
1.30000001
1.39999998
1.39999998
1.39999998
1.30000001
1.39999998
2.09999998
2.8
2.9
3.2
2.5
2.6
2.2
2.3
2.2
2.2
1.40000003
1.30000001
1.39999998
1.30000001
1.30000001
1.90000001
1.39999998
1.39999998
1.39999998
1.39999998
1.30000001
1.39999998
1.30000001
1.39999998
2.59999998
4.0999999
4.5
4.8000002
4.7000001
4.6000001
3.2
3.0
3.0
2.10000001
1.39999998
1.39999998
1.39999998
1.30000001
1.39999998
1.69999999
1.39999998
1.30000001
1.39999998
1.30000001
1.30000001
1.30000001
1.30000001
1.39999998
2.5
3.4
3.3
3.1
3.1
3.1
2.4
2.6
2.4
2.5
2.00000001
1.20000004
1.30000001
1.30000001
1.40000003
2.1
1.30000001
1.20000004
1.20000004
1.5
2.1
2.0
2.1
2.2
3.4
4.9000001
5.0
4.8000002
4.7
4.8
3.9
2.9
1.20000004
1.20000004
1.30000001
1.20000004
1.20000004
1.20000004
1.30000001
2.0
1.30000001
1.20000004
1.30000001
1.20000004
1.20000004
1.20000004
1.39999998
1.30000001
1.20000004
1.20000004
1.20000004
1.10000002
1.20000004
1.20000004
1.20000004
1.30000001
1.30000001
1.20000004
1.20000004
1.20000004
1.30000001
1.30000001
1.20000004
1.89999998
1.30000001
1.20000004
1.20000004
1.30000001
1.20000004
1.20000004
1.30000001
1.20000004
1.30000001
1.19999999
1.20000004
1.30000001
1.20000004
1.20000004
1.20000004
1.20000004
1.20000004
1.20000004
1.20000004
1.20000004
1.20000004
1.20000004
1.30000001
2.0
1.30000001
1.30000001
1.20000004
1.30000001
1.30000001
1.20000004
1.30000001
1.39999998
3.1999999
4.8000002
4.7000001
4.5
4.7000001
4.3999999
3.5
2.59999998
1.30000001
1.30000001
1.20000004
1.30000001
1.20000004
1.20000004
1.69999999
2.0
1.30000001
1.90000002
1.10000002
1.30000001
1.39999998
1.20000004
1.20000004
1.39999998
1.59999997
5.1000001
4.5
4.5
4.6000001
4.1
3.5
3.3
3.3
3.5
3.0
2.4
2.5
2.3
2.4
3.0
2.4
1.80000002
2.5
2.5
2.5
2.4
2.4
2.6
1.99999998
2.1
2.2
2.0
2.9
2.6
1.80000001
1.69999999
1.40000003
1.20000004
1.30000001
1.30000001
1.30000001
1.20000004
1.30000001
1.69999999
1.20000004
1.20000004
1.30000001
1.10000002
1.20000004
1.20000004
1.20000004
1.20000004
1.5
1.80000001
2.1
2.4
2.4
2.3
2.2
2.7
2.6
1.20000004
1.20000004
1.20000004
1.20000004
1.30000001
1.20000004
1.69999999
1.30000001
1.20000004
1.20000004
1.59999997
2.0
2.0
2.1
1.60000002
1.20000004
1.20000004
1.30000001
1.19999999
1.20000004
1.20000004
1.20000004
1.20000004
1.20000004
1.20000004
1.20000004
1.20000004
1.30000001
1.20000004
1.20000004
1.69999999
1.30000001
1.20000004
1.30000001
1.20000004
1.30000001
1.20000004
1.20000004
1.20000004
1.20000004
1.20000004
1.20000004
1.20000004
1.20000004
1.30000001
1.20000004
1.20000004
1.20000004
1.10000002
1.20000004
1.20000004
1.20000004
1.10000002
1.20000004
1.90000001
1.30000001
1.20000004
1.20000004
1.20000004
1.20000004
1.20000004
1.20000004
1.20000004
1.20000004
1.20000004
1.30000001
1.20000004
1.30000001
1.20000004
1.20000004
1.30000001
1.20000004
1.20000004
1.30000001
1.20000004
1.20000004
1.20000004
1.20000004
2.0
1.20000004
1.30000001
1.20000004
1.30000001
1.20000004
1.30000001
1.30000001
1.20000004
1.20000004
1.20000004
1.20000004
1.30000001
1.20000004
1.20000004
1.20000004
1.20000004
1.20000004
1.20000004
1.30000001
1.20000004
1.30000001
1.20000004
1.20000004
2.1
1.30000001
1.30000001
1.20000004
1.19999999
1.20000004
1.20000004
1.30000001
1.20000004
1.20000004
1.20000004
1.30000001
1.30000001
1.20000004
1.20000004
1.20000004
1.20000004
1.30000001
1.20000004
1.30000001
1.30000001
1.20000004
1.20000004
1.30000001
2.1
1.30000001
1.20000004
1.20000004
1.10000002
1.30000001
1.20000004
1.20000004
1.20000004
1.20000004
1.20000004
1.30000001
1.20000004
1.20000004
1.30000001
1.20000004
1.20000004
1.20000004
1.20000004
1.30000001
1.20000004
1.20000004
1.20000004
1.5
2.0
1.30000001
1.30000001
1.20000004
1.20000004
1.20000004
1.20000004
1.30000001
1.20000004
1.20000004
1.30000001
1.20000004
1.30000001
1.20000004
1.20000004
1.20000004
1.30000001
1.20000004
1.20000004
1.20000004
1.20000004
1.30000001
1.20000004
1.20000004
1.90000001
1.20000004
1.20000004
1.20000004
1.60000002
2.1
2.1
2.1
1.79999999
1.20000004
1.20000004
1.30000001
1.30000001
1.20000004
1.20000004
1.20000004
1.20000004
1.20000004
1.30000001
1.20000004
1.20000004
1.20000004
1.20000004
1.30000001
1.89999998
1.30000001
1.20000004
1.20000004
1.20000004
1.30000001
1.20000004
1.30000001
1.20000004
1.20000004
1.20000004
1.20000004
1.30000001
1.39999998
1.30000001
1.20000004
1.20000004
1.20000004
1.30000001
1.20000004
1.20000004
1.20000004
1.30000001
1.30000001
1.89999998
1.30000001
1.20000004
1.20000004
1.30000001
1.20000004
1.20000004
1.30000001
1.20000004
1.20000004
1.20000004
1.39999998
1.10000002
1.30000001
1.30000001
1.20000004
1.20000004
1.20000004
1.20000004
1.30000001
1.30000001
1.20000004
1.30000001
1.59999997
2.0
1.30000001
1.20000004
1.10000002
1.39999998
1.20000004
1.20000004
1.30000001
1.20000004
1.20000004
1.39999998
1.30000001
1.20000004
1.30000001
1.20000004
1.20000004
1.30000001
1.20000004
1.30000001
1.30000001
1.20000004
1.20000004
1.30000001
1.30000001
1.89999998
1.30000001
1.30000001
1.30000001
1.30000001
1.20000004
1.20000004
1.20000004
1.20000004
1.20000004
1.30000001
1.30000001
1.20000004
1.30000001
1.30000001
1.30000001
1.20000004
1.20000004
1.20000004
1.30000001
1.20000004
1.20000004
1.20000004
1.20000004
2.0
1.30000001
1.20000004
1.20000004
1.20000004
1.20000004
1.20000004
1.30000001
1.20000004
1.20000004
1.39999998
1.30000001
1.20000004
1.20000004
1.20000004
1.20000004
1.20000004
1.20000004
1.20000004
1.20000004
1.20000004
1.30000001
1.30000001
1.30000001
2.1
1.30000001
1.20000004
1.20000004
1.20000004
1.30000001
1.20000004
1.20000004
1.20000004
1.30000001
1.30000001
1.20000004
1.20000004
1.20000004
1.20000004
1.20000004
1.20000004
1.20000004
1.20000004
1.30000001
1.20000004
1.30000001
1.30000001
2.0
2.0
1.30000001
1.20000004
1.20000004
1.60000002
2.1
2.1
2.1
2.1
1.39999998
1.30000001
1.30000001
1.30000001
1.20000004
1.20000004
1.20000004
1.20000004
1.20000004
1.20000004
1.30000001
1.30000001
1.20000004
1.20000004
1.5
2.1
1.30000001
1.20000004
1.20000004
1.19999999
1.20000004
1.20000004
1.20000004
1.30000001
1.30000001
1.30000001
1.20000004
1.20000004
1.20000004
1.19999999
1.30000001
1.30000001
1.20000004
1.20000004
1.20000004
1.20000004
1.20000004
1.20000004
1.5
2.1
1.30000001
1.20000004
1.30000001
1.20000004
1.20000004
1.30000001
1.30000001
1.20000004
1.39999998
1.30000001
1.10000002
1.20000004
1.20000004
1.20000004
1.19999999
1.19999999
1.30000001
1.30000001
1.10000002
1.20000004
1.20000004
1.20000004
1.30000001
2.0
1.20000004
1.20000004
1.30000001
1.20000004
1.20000004
1.20000004
1.30000001
1.20000004
1.20000004
1.20000004
1.30000001
1.10000002
1.20000004
1.20000004
1.20000004
1.19999999
1.20000004
1.30000001
1.20000004
1.20000004
1.20000004
1.20000004
1.5
2.0
1.30000001
1.20000004
1.20000004
1.30000001
1.30000001
1.20000004
1.20000004
1.20000004
1.20000004
1.20000004
1.30000001
1.30000001
1.30000001
1.20000004
1.20000004
1.20000004
1.39999998
1.20000004
1.30000001
1.30000001
1.20000004
1.30000001
1.40000003
2.1
1.30000001
1.20000004
1.20000004
1.20000004
1.20000004
1.19999999
1.30000001
1.20000004
1.20000004
1.30000001
1.20000004
1.30000001
1.30000001
1.20000004
1.20000004
1.20000004
1.20000004
1.20000004
1.20000004
1.20000004
1.20000004
1.20000004
2.0
2.0
1.20000004
1.20000004
1.20000004
1.30000001
1.20000004
1.30000001
1.30000001
1.20000004
1.20000004
1.30000001
1.30000001
1.30000001
1.20000004
1.20000004
1.20000004
1.30000001
1.20000004
1.20000004
1.30000001
1.20000004
1.20000004
1.20000004
1.69999999
2.1
1.30000001
1.30000001
1.30000001
1.60000002
2.0
2.2
2.1
2.1
1.30000001
1.20000004
1.39999998
1.20000004
1.20000004
1.30000001
1.20000004
1.20000004
1.20000004
1.20000004
1.20000004
1.20000004
1.20000004
1.20000004
1.99999998
2.0
1.30000001
1.20000004
1.20000004
1.39999998
1.30000001
1.20000004
1.19999999
1.30000001
1.30000001
1.39999998
1.30000001
1.20000004
1.30000001
1.20000004
1.20000004
1.30000001
1.20000004
1.20000004
1.30000001
1.20000004
1.20000004
1.30000001
1.99999998
2.2
1.39999998
1.30000001
1.39999998
1.39999998
1.30000001
1.30000001
1.30000001
1.30000001
1.30000001
1.39999998
1.30000001
1.5
3.1
3.0
2.9
3.0
2.9
2.9
3.2
3.0
1.59999997
1.30000001
1.60000002
2.1
1.39999998
1.30000001
1.30000001
1.30000001
1.20000004
1.30000001
1.39999998
1.40000003
1.30000001
1.39999998
1.20000004
1.30000001
1.30000001
1.30000001
1.20000004
1.20000004
1.20000004
1.30000001
1.30000001
1.20000004
1.20000004
1.30000001
1.60000002
2.2
1.39999998
1.20000004
1.30000001
1.30000001
1.30000001
1.30000001
1.30000001
1.30000001
1.20000004
1.20000004
1.39999998
1.30000001
1.20000004
1.30000001
1.20000004
1.30000001
1.20000004
1.20000004
1.39999998
1.20000004
1.20000004
1.20000004
1.90000001
2.3
1.30000001
1.30000001
1.39999998
1.20000004
1.30000001
1.30000001
1.30000001
1.30000001
1.20000004
1.20000004
1.30000001
1.40000003
1.69999999
1.59999997
1.60000002
1.5
1.5
1.30000001
1.20000004
1.19999999
1.20000004
1.20000004
1.90000001
2.1
1.30000001
1.20000004
1.39999998
1.20000004
1.30000001
1.30000001
1.20000004
1.30000001
1.20000004
1.20000004
1.20000004
1.30000001
1.60000002
1.69999999
1.40000003
1.20000004
1.20000004
1.30000001
1.20000004
1.20000004
1.20000004
1.30000001
1.79999999
2.1
1.30000001
1.30000001
1.30000001
1.69999999
2.1
2.1
2.2
2.3
1.20000004
1.20000004
1.30000001
1.20000004
1.20000004
1.5
1.99999998
1.79999996
1.5
1.39999998
1.39999998
1.5
1.39999998
1.19999999
1.89999998
2.2
1.40000003
1.30000001
1.30000001
1.39999998
1.20000004
1.30000001
1.39999998
1.20000004
1.39999998
1.20000004
1.20000004
1.20000004
1.20000004
1.30000001
1.30000001
1.20000004
1.20000004
1.30000001
1.20000004
1.30000001
1.20000004
1.20000004
1.89999998
2.1
1.39999998
1.39999998
1.30000001
1.30000001
1.20000004
1.30000001
1.30000001
1.30000001
1.30000001
1.30000001
1.30000001
1.20000004
1.20000004
1.30000001
1.30000001
1.20000004
1.20000004
1.30000001
1.20000004
1.20000004
1.20000004
1.30000001
2.1
2.2
1.39999998
1.30000001
1.39999998
1.30000001
1.39999998
1.30000001
1.30000001
1.30000001
1.20000004
1.30000001
1.30000001
1.20000004
1.30000001
1.39999998
1.20000004
1.20000004
1.20000004
1.30000001
1.30000001
1.20000004
1.30000001
1.30000001
2.1
2.0
1.40000003
1.59999997
1.30000001
1.20000004
1.30000001
1.39999998
1.30000001
1.30000001
2.49999999
3.5
7.0000002
7.5
5.7999999
6.1000001
6.3000002
7.0
8.3000002
7.6000001
5.8999999
4.4999999
2.20000001
1.69999999
2.3
2.4
1.79999996
1.60000002
1.69999999
1.69999999
1.89999998
1.69999999
1.69999999
1.69999999
2.19999998
5.0
14.4000001
13.6000004
15.5
15.0
14.9000001
11.6999998
10.1999998
10.0
8.9000001
4.0
1.80000001
1.60000002
2.2
2.6
1.69999999
1.60000002
1.60000002
1.59999997
1.60000002
1.60000002
1.59999997
1.39999998
1.5
3.1
14.4000001
16.4000006
16.3999996
14.6000004
15.5999999
11.7000003
11.0
10.2999997
7.9000001
3.7
1.5
1.5
2.5
2.4
1.5
1.5
1.5
1.79999999
2.4
2.4
2.4
2.4
1.69999999
3.2
15.0
14.7999997
14.5
15.0
14.9000001
12.0999999
9.5
8.1999998
6.3999999
3.4
1.39999998
1.40000003
2.1
2.2
1.39999998
1.30000001
1.30000001
1.39999998
1.39999998
1.39999998
1.39999998
1.30000001
1.20000004
1.40000003
1.39999998
1.30000001
1.39999998
1.39999998
1.39999998
1.39999998
1.30000001
1.39999998
1.39999998
1.39999998
1.39999998
1.39999998
2.1
2.2
1.39999998
1.30000001
1.39999998
1.30000001
1.39999998
1.5
1.30000001
1.30000001
1.39999998
1.30000001
1.30000001
1.39999998
1.20000004
1.39999998
1.30000001
1.39999998
1.39999998
1.39999998
1.39999998
1.30000001
1.39999998
1.30000001
2.1
2.2
1.30000001
1.5
1.39999998
1.40000003
1.20000004
1.30000001
1.39999998
1.30000001
1.40000003
3.6
15.7999997
17.4000006
15.1000004
15.8999996
13.7000003
12.5999999
10.9000001
9.6000004
8.2000003
4.7999999
1.60000002
1.59999997
2.2
2.4
1.5
1.69999999
1.5
1.60000002
1.60000002
1.60000002
1.5
1.5
1.5
3.3
12.4000001
11.5
13.0
11.1999998
13.6000004
9.3000002
8.1000001
8.3
7.1000001
3.4
1.69999999
1.69999999
2.3
2.3
1.5
1.69999999
1.60000002
1.60000002
1.60000002
1.60000002
1.40000003
1.5
1.59999997
4.1000001
15.7999997
16.2999997
14.6000004
15.6999998
15.7000003
13.1000004
11.1999998
9.0999999
7.8999998
4.4999999
1.69999999
1.69999999
2.6
2.4
1.60000002
1.69999999
1.60000002
1.60000002
1.60000002
1.5
1.5
1.59999997
1.5
4.5
15.1999998
16.6000004
14.7999997
17.0999994
14.8000002
10.6999998
10.9000001
9.0999999
7.3999998
3.6
1.69999999
1.99999998
2.5
2.5
1.69999999
1.79999996
1.60000002
2.19999998
2.6
2.6
2.5
2.5
1.69999999
3.7
13.5
13.5999999
14.3000002
15.6000004
15.7000003
13.2000003
10.4000001
9.4000001
8.6000002
5.5999999
1.69999999
1.99999999
2.4
2.4
1.60000002
1.80000001
1.5
1.5
1.5
1.59999997
1.5
1.60000002
1.5
1.60000002
1.69999999
1.60000002
1.89999998
1.99999998
1.69999999
1.79999996
1.79999996
1.89999998
1.79999996
1.79999996
1.79999996
2.1
2.6
2.5
1.79999996
1.79999996
1.89999998
1.79999996
1.79999996
1.80000001
1.79999996
1.79999996
1.89999998
1.89999998
1.69999999
1.69999999
1.89999998
1.89999998
1.69999999
1.79999996
1.80000001
1.69999999
1.79999996
1.79999996
1.80000001
2.4
2.5
2.6
1.99999998
1.69999999
1.79999996
1.79999996
1.79999996
1.69999999
1.79999996
1.89999998
1.69999999
4.1
16.9000001
17.7999992
16.7000003
17.1999998
16.8999996
13.7999997
12.8000002
10.1999998
9.1999998
6.7
3.6
4.8000002
3.3
2.4
1.5
1.69999999
1.39999998
1.60000002
1.59999997
1.39999998
1.5
1.60000002
1.5
4.0
14.8999996
15.4000001
14.6000004
15.5999999
14.5999999
12.0999999
9.5999999
9.4000001
7.2999999
4.7999999
2.10000001
1.90000001
2.4
2.4
1.60000002
1.60000002
1.60000002
1.60000002
1.69999999
1.60000002
1.69999999
1.5
1.60000002
3.7
13.5
16.6999998
16.4000001
17.3000002
17.7999992
13.4000001
10.9000001
10.1999998
8.5999999
6.0999999
4.2
3.9999999
2.9
2.5
1.79999996
1.89999998
1.69999999
1.60000002
1.69999999
1.69999999
1.60000002
1.60000002
1.60000002
4.2
14.4000001
16.0000005
16.0999999
14.3999996
15.6000004
12.7000003
10.4000001
9.3000002
7.8000002
5.7
1.99999998
2.5
2.4
2.6
1.69999999
1.60000002
1.69999999
2.19999998
2.5
2.6
2.5
2.6
1.69999999
3.8
14.9000001
17.9
15.9000006
13.8000002
15.5999999
12.5
10.8999996
11.3000002
10.0999999
4.3
1.60000002
2.10000001
2.4
2.3
1.69999999
1.69999999
1.60000002
1.60000002
1.69999999
1.69999999
1.5
1.5
1.59999997
1.69999999
1.60000002
1.5
1.60000002
1.80000001
1.60000002
1.60000002
1.80000001
1.69999999
1.60000002
1.60000002
1.69999999
1.99999998
2.4
2.3
1.69999999
1.60000002
1.60000002
1.60000002
1.69999999
1.60000002
1.60000002
1.60000002
1.69999999
1.60000002
1.69999999
1.60000002
1.5
1.60000002
1.60000002
1.69999999
1.5
1.69999999
1.69999999
1.69999999
1.5
2.4
2.6
2.4
1.59999997
1.69999999
1.69999999
1.59999997
1.60000002
1.60000002
1.69999999
1.60000002
1.5
5.1000001
16.3000002
18.5
18.0
18.3999996
16.0
14.8000002
9.8000002
9.0999999
7.7
5.0
3.3
3.6
4.4000001
2.8
1.79999996
1.60000002
1.79999996
1.69999999
1.79999996
1.60000002
1.60000002
1.69999999
1.69999999
3.9
14.3000002
13.3000002
15.6000004
16.4000006
15.3000002
13.4000001
10.5999999
9.5999999
8.2
5.0999999
1.79999996
2.4
2.5
2.7
2.0
1.89999998
1.79999996
1.89999998
1.89999998
1.69999999
1.79999996
1.79999996
1.79999996
3.8
15.5999994
17.8000002
16.2999997
17.8999996
16.5
14.9999995
11.6000004
10.0999999
10.0
6.0
4.1999998
3.0
2.5
2.7
1.89999998
1.89999998
1.79999996
1.79999996
1.89999998
1.89999998
1.89999998
1.69999999
1.89999998
4.2000001
14.6999998
16.9000006
17.9000006
17.5
17.0
14.8000002
12.4000001
11.2000003
9.7000003
4.4999999
1.69999999
2.6
2.5
2.4
1.60000002
1.69999999
1.69999999
2.09999998
2.5
2.5
2.4
2.4
1.80000001
4.0999999
15.4000001
15.0
14.0
16.4000006
15.0
13.6000004
9.4000001
8.9000001
6.8
3.09999998
1.69999999
2.4
2.4
2.4
1.60000002
1.5
1.5
1.69999999
1.60000002
1.69999999
1.5
1.5
1.69999999
1.60000002
1.5
1.69999999
1.60000002
1.60000002
1.69999999
1.69999999
1.5
1.80000001
1.69999999
1.5
1.69999999
2.3
2.5
2.4
1.69999999
1.69999999
1.69999999
1.60000002
1.59999997
1.69999999
1.60000002
1.5
1.69999999
1.60000002
1.5
1.60000002
1.69999999
1.60000002
1.60000002
1.59999997
1.69999999
1.60000002
1.5
1.69999999
1.60000002
2.2
2.5
2.6
1.5
1.60000002
1.69999999
1.60000002
1.5
1.69999999
1.60000002
1.60000002
1.5
5.2000001
16.4999995
15.7999997
15.8000002
14.9000006
14.6999998
12.6999998
11.0
9.5999999
7.0999999
4.6000001
1.80000001
2.4
2.4
2.4
1.69999999
1.60000002
1.60000002
1.60000002
1.69999999
1.60000002
1.5
1.5
1.79999996
4.8999999
14.8999996
15.9999995
14.3000002
15.9000001
18.0
13.2000003
10.6999998
9.6999998
7.9000001
4.4999999
2.19999998
2.4
2.4
2.5
1.60000002
1.69999999
1.60000002
1.69999999
1.5
1.59999997
1.59999997
1.60000002
1.60000002
3.8
14.6000004
17.5
16.9000001
17.5
17.2000008
12.2999997
10.9000001
9.1000004
7.0999999
4.8000001
2.3
2.2
2.3
2.4
1.60000002
1.60000002
1.5
1.60000002
1.39999998
1.59999997
1.39999998
1.5
1.39999998
4.0
15.8000002
18.2000008
15.9000006
16.2000003
15.6000004
12.6000004
12.2000003
10.5
7.5999999
3.30000001
1.60000002
2.3
2.3
2.4
1.60000002
1.79999996
1.5
2.00000001
2.5
2.5
2.3
2.3
1.60000002
4.3
15.6999998
16.3000002
13.5999999
17.6999998
17.1000004
12.2000003
10.7999997
9.5
7.9000001
4.4999999
2.1
2.5
2.5
2.4
1.60000002
1.5
1.60000002
1.69999999
1.60000002
1.69999999
1.5
1.60000002
1.69999999
1.60000002
1.69999999
1.60000002
1.69999999
1.60000002
1.60000002
1.59999997
1.60000002
1.60000002
1.69999999
1.60000002
1.59999997
2.3
2.4
2.6
1.60000002
1.79999996
1.69999999
1.60000002
1.60000002
1.60000002
1.59999997
1.60000002
1.60000002
1.69999999
1.69999999
1.60000002
1.69999999
1.60000002
1.5
1.69999999
1.60000002
1.69999999
1.60000002
1.69999999
1.80000001
2.4
2.4
2.5
1.69999999
1.69999999
1.89999998
1.69999999
1.60000002
1.69999999
1.60000002
1.60000002
1.69999999
6.0
16.7000003
17.1000004
17.3000002
16.6999998
15.3000002
13.9000001
12.2000003
11.5
12.0999999
8.0000002
2.09999998
2.5
2.6
2.5
1.89999998
1.69999999
2.0
1.79999996
1.89999998
1.79999996
1.60000002
1.80000001
1.69999999
4.4000001
15.3999996
16.2000003
17.5999999
17.0999994
17.8999996
13.0
11.4000001
9.4000001
6.6000001
5.2
3.4
2.9
2.4
2.5
1.5
1.60000002
1.60000002
1.69999999
1.60000002
1.69999999
1.59999997
1.60000002
1.69999999
4.7
16.6999998
16.3000002
17.0
19.5000002
16.4000006
14.3000002
10.7999997
9.5
8.2000001
7.8999999
4.3999999
2.9
2.8
2.6
1.79999996
1.80000001
1.79999996
1.69999999
1.69999999
1.69999999
1.60000002
1.69999999
1.79999996
2.19999998
6.5000002
12.5
11.0
11.9000001
8.5999999
8.0999999
7.0999999
8.0999999
7.0
4.3
2.5
2.5
2.5
2.5
1.60000002
1.69999999
1.79999996
1.90000001
2.5
2.6
2.4
2.5
1.69999999
2.8
8.3999998
7.3000002
9.0999999
12.3000002
13.5
10.5
8.0999999
6.3000002
4.3
2.1
1.80000001
2.4
2.5
2.5
1.60000002
1.69999999
1.69999999
1.60000002
1.69999999
1.60000002
1.59999997
1.60000002
1.5
1.69999999
1.60000002
1.69999999
1.60000002
1.60000002
1.69999999
1.60000002
1.60000002
1.60000002
1.69999999
1.69999999
2.00000001
2.4
2.5
2.5
1.69999999
1.5
1.79999996
1.60000002
1.60000002
1.69999999
1.69999999
1.60000002
1.69999999
1.60000002
1.69999999
1.60000002
1.60000002
1.60000002
1.69999999
1.69999999
1.60000002
1.69999999
1.60000002
1.60000002
2.00000001
2.4
2.5
2.4
1.69999999
1.69999999
1.69999999
1.69999999
1.69999999
1.69999999
1.60000002
1.69999999
1.60000002
5.5999999
17.1999998
17.0
14.2999997
15.8000002
14.8000002
11.2999997
10.2999997
9.6999998
9.5999999
5.6000001
1.99999998
2.3
2.2
2.3
1.39999998
1.60000002
1.39999998
1.5
1.60000002
1.39999998
1.5
1.39999998
1.5
4.9
15.6000004
15.5000005
14.7999997
13.4000001
14.5
11.0999999
12.1999998
11.2999997
9.6000004
5.3
1.79999999
2.4
2.2
2.4
1.39999998
1.59999997
1.5
1.60000002
1.5
1.30000001
1.39999998
1.5
1.5
3.7999999
15.1999998
17.7000008
17.5
18.0
15.5999999
12.2999997
11.0
9.7000003
7.6000001
6.8000002
4.1999999
2.8
2.4
2.4
1.69999999
1.60000002
1.80000001
1.60000002
1.69999999
1.69999999
1.5
1.60000002
1.5
3.9
15.5
16.3000002
17.1000004
17.1999998
14.2999997
13.9000001
11.9000001
9.7000003
7.5
4.1
1.90000001
2.3
2.3
2.3
1.39999998
1.5
1.39999998
2.00000001
2.4
2.2
2.2
2.3
1.60000002
3.7
15.0
17.3000002
15.8999996
16.3000002
14.7999997
14.5
10.0
9.0999999
7.3999999
6.5
7.5
7.0
5.5
2.3
1.5
1.5
1.69999999
1.60000002
1.69999999
1.30000001
1.5
1.5
1.59999997
1.39999998
1.5
1.5
1.39999998
1.5
1.40000003
1.60000002
1.39999998
1.39999998
1.5
1.5
1.90000001
2.2
2.4
2.2
1.60000002
1.5
1.5
1.39999998
1.60000002
1.59999997
1.39999998
1.39999998
1.5
1.5
1.40000003
1.39999998
1.5
1.39999998
1.39999998
1.5
1.39999998
1.40000003
1.39999998
1.5
1.90000001
2.2
2.3
2.1
1.5
1.5
1.59999997
1.5
1.39999998
1.5
1.39999998
1.60000002
2.6
4.5
16.0999999
16.7000003
15.0999999
18.6999998
17.3999996
14.3999996
12.2000003
9.8999996
7.9000001
7.7000001
7.1999998
4.7
2.7
2.3
1.5
1.79999999
1.5
1.69999999
1.60000002
1.39999998
1.69999999
1.60000002
1.60000002
5.3000002
16.9999995
15.3000002
17.0999999
16.3000002
14.8999996
12.8999996
12.0
8.9000001
8.3000002
7.8
8.5
6.7000001
3.4
2.9
2.1
2.0
2.2
2.3
2.2
2.1
2.2
2.0
2.2
5.1
16.4000001
16.6999998
17.0
14.2975
18.5
17.0999999
14.4000001
10.7000003
10.1999998
5.7
3.6
2.8
2.7
2.8
1.89999998
1.80000001
1.89999998
1.69999999
1.69999999
1.89999998
1.89999998
1.79999996
1.90000001
4.6
17.8
18.5
15.1999998
16.5
16.6999998
15.8999996
13.5
11.9000001
7.9999998
4.8000001
2.09999998
2.3
2.3
2.2
1.39999998
1.39999998
1.5
1.90000001
2.4
2.1
2.2
2.2
1.60000002
4.8
15.2000003
15.8999996
13.7000003
17.6000001
19.2
16.8000002
12.5
10.0999999
8.3000002
5.5
3.0
2.4
2.3
2.2
1.60000002
1.5
1.39999998
1.39999998
1.39999998
1.5
1.5
1.39999998
1.39999998
1.60000002
1.5
1.5
1.39999998
1.5
1.39999998
1.5
1.5
1.5
1.5
1.5
2.09999998
2.3
2.4
2.2
1.60000002
1.39999998
1.39999998
1.39999998
1.5
1.5
1.39999998
1.39999998
1.5
1.39999998
1.5
1.39999998
1.39999998
1.39999998
1.39999998
1.39999998
1.39999998
1.39999998
1.39999998
1.5
1.99999998
2.2
2.2
2.2
1.60000002
1.59999997
1.39999998
1.5
1.39999998
1.5
1.39999998
1.5
1.39999998
1.39999998
1.30000001
1.5
1.39999998
1.39999998
1.5
1.39999998
1.39999998
1.5
1.39999998
1.39999998
1.90000001
2.3
2.2
2.2
1.60000002
1.39999998
1.39999998
1.5
1.5
1.60000002
1.39999998
1.39999998
1.5
1.5
1.39999998
1.39999998
1.39999998
1.39999998
1.39999998
1.39999998
1.5
1.39999998
1.39999998
1.39999998
1.90000001
2.3
2.2
2.3
1.39999998
1.60000002
1.39999998
1.5
1.39999998
1.39999998
1.5
1.39999998
1.39999998
1.5
1.5
1.60000002
1.39999998
1.5
1.39999998
1.5
1.39999998
1.39999998
1.39999998
1.5
2.2
2.2
2.3
2.4
1.39999998
1.39999998
1.60000002
1.59999997
1.39999998
1.60000002
1.39999998
1.5
1.5
1.39999998
1.39999998
1.39999998
1.39999998
1.39999998
1.60000002
1.5
1.39999998
1.39999998
1.39999998
1.39999998
2.1
2.4
2.2
2.3
1.5
1.39999998
1.39999998
1.79999999
2.3
2.3
2.4
2.2
1.5
1.39999998
1.40000003
1.39999998
1.39999998
1.5
1.5
1.5
1.39999998
1.39999998
1.5
1.5
1.90000001
2.2
2.3
2.3
1.5
1.5
1.5
1.5
1.5
1.39999998
1.5
1.5
1.5
1.39999998
1.39999998
1.5
1.40000003
1.39999998
1.39999998
1.60000002
1.39999998
1.60000002
1.5
1.39999998
2.00000001
2.3
2.4
2.3
1.5
1.39999998
1.5
1.39999998
1.39999998
1.39999998
1.39999998
1.39999998
1.5
1.39999998
1.39999998
1.5
1.39999998
1.5
1.39999998
1.39999998
1.39999998
1.5
1.39999998
1.5
1.90000001
2.2
2.3
2.3
1.40000003
1.39999998
2.49999999
1.60000002
1.60000002
1.39999998
1.40000003
1.5
1.5
1.59999997
6.0
17.8999998
17.3000002
16.4999995
19.0
18.8999996
16.0999999
13.9000001
12.4000001
9.8999996
6.5
5.3
6.5
5.3999999
3.8
3.8
4.7999999
5.7000001
5.5
6.2999999
6.2
5.7000001
5.2
3.7999999
5.5
15.5000005
16.1999998
16.3000002
18.8000002
19.4000002
16.1000004
13.7999997
12.4000001
8.6999998
6.8
3.1
4.4000001
5.5
4.5
4.5
4.9
4.5
4.0
4.4
4.7999999
3.2
2.8
3.3
4.6999998
16.7000003
17.7999999
16.0000005
18.5
16.9000001
13.5000005
13.5
11.8999996
8.6999998
7.4000001
4.5
4.7000001
5.8999999
5.0
5.0999999
3.60000001
5.2999999
5.5
5.2
3.9
3.3
3.4
2.6
5.9999999
14.8000002
14.9000001
16.8999996
15.7000003
16.5
12.0999999
10.9000001
10.5999999
8.8
6.3
3.0
2.4
2.4
1.5
1.5
0.705517231447
0.0110344828972
0.0110344828972
0.0110344828936
0.0110344828972
0.0110344828972
0.0110344828972
0.0110344828972
0.0110344828972
0.0110344828936
0.0110344828972
0.0110344828972
0.0110344828972
0.0110344828972
0.0110344828936
0.0110344828972
0.0110344828972
0.0110344828972
0.0110344828972
0.0110344828936
0.0110344828972
0.0110344828972
0.0110344828972
0.0110344828972
1.4675
1.5125
1.5025
1.3725
1.255
1.14
1.1625
1.1725
1.11
1.12
1.115
1.14
1.3
1.41
1.5875
1.7525
1.805
1.7125
1.8225
1.99
2.135
2.26
1.99
1.635
1.52
1.5175
1.505
1.5525
1.6375
1.63
1.6425
1.65
1.6575
1.5775
1.4825
1.4375
1.415
1.38
1.2725
1.2925
1.3775
1.415
1.7425
1.9175
2.0675
2.23
1.9475
1.6
1.00551724145
0.805517251447
1.60000002
1.60000002
1.5
1.59999997
1.60000002
2.6
4.8999999
15.0999994
14.0999999
16.9999995
14.0575
17.5999994
14.4000001
10.7000003
12.0999999
11.4000001
7.5999999
8.7000003
6.0
4.2
1.69999999
1.60000002
1.69999999
1.5
1.60000002
1.5
1.5
1.5
1.5
1.69999999
4.0000001
14.7000003
13.6999998
15.6999998
15.3999996
14.0999999
12.3000002
9.0999999
9.3000002
8.3
5.4000001
2.4
2.4
2.4
1.5
1.5
1.69999999
1.39999998
1.5
1.59999997
1.5
1.39999998
1.39999998
1.5
4.0000001
14.5
16.0999994
14.8000002
17.6999998
15.3000002
14.3000002
10.8000002
10.9000001
9.2999997
7.5
3.2
2.7
2.7
1.79999996
1.89999998
1.80000001
1.69999999
1.69999999
1.69999999
1.79999996
1.69999999
1.69999999
2.2
4.2
13.3000002
16.4000006
16.3000002
16.1999998
16.1999998
15.1000004
11.6999998
11.9000001
9.1999998
5.5
2.5
2.6
2.6
1.69999999
1.60000002
1.59999997
2.19999998
2.7
2.5
2.6
2.6
1.60000002
1.69999999
2.9
6.8999999
8.8999996
11.0999999
8.7999997
9.5
8.9000001
8.9000001
8.7000003
6.8999998
2.6
2.4
2.5
2.3
1.5
1.5
1.39999998
1.59999997
1.5
1.5
1.5
1.39999998
1.5
1.39999998
1.39999998
1.5
1.30000001
1.39999998
1.5
1.5
1.30000001
1.39999998
1.59999997
1.39999998
1.99999998
2.3
2.4
2.3
1.5
1.5
1.5
1.5
1.60000002
1.5
1.5
1.60000002
1.5
1.60000002
1.5
1.5
1.5
1.5
1.5
1.5
1.39999998
1.30000001
1.60000002
1.39999998
2.09999998
2.2
2.3
2.3
1.40000003
1.5
2.29999999
1.40000003
1.69999999
1.39999998
1.40000003
1.39999998
1.5
2.3
4.5999999
15.2999997
15.2999997
15.0999999
16.5
16.8000002
12.7999997
10.0
11.5
9.5
6.6000001
4.0
3.9
3.9
3.3
3.3
2.39999998
3.3
3.5
2.29999998
1.60000002
1.69999999
2.3
2.19999998
4.7000001
14.0
12.2000003
12.7000003
14.3000002
18.0999994
13.5
11.7999997
10.3000002
9.3000002
5.9000001
3.0
2.8
2.7
1.79999996
1.60000002
2.10000001
1.69999999
1.69999999
1.69999999
1.60000002
1.60000002
1.60000002
1.79999996
4.6999998
16.2000003
16.9000006
15.9000001
17.3000002
17.2000008
15.0
11.9000001
10.3000002
9.0999999
9.0
9.0999999
7.7
7.9000001
4.6999999
2.6
1.89999999
2.6
2.6
2.5
2.5
2.4
2.5
2.8
5.8999999
14.3000002
14.4000001
15.4000001
17.7999999
16.1000004
13.9000001
10.5
10.7000003
10.0999999
6.2
2.9
2.5
2.5
1.60000002
1.69999999
1.69999999
1.69999999
1.79999996
1.60000002
1.60000002
1.5
1.60000002
1.60000002
4.0999999
14.2000003
17.0
19.1
19.3
19.0
15.1999998
11.3999996
9.6999998
10.8999996
6.1000001
3.2
2.9
2.7
1.69999999
1.89999998
1.79999996
1.89999998
2.0
1.69999999
1.79999996
1.69999999
1.80000001
1.69999999
1.79999996
2.0
1.69999999
1.79999996
1.79999996
2.3
3.4
4.0999999
3.6
2.3
2.5
2.7
2.7
2.5
1.69999999
1.80000001
1.69999999
1.69999999
1.79999996
2.20000001
2.9
3.1
3.0
2.8
2.7
1.79999996
1.69999999
1.60000002
1.79999996
1.60000002
1.79999996
1.69999999
1.60000002
2.10000001
2.60000000001
2.60000000001
2.60000000001
2.60000000001
1.80000001
1.69999999
1.59999997
2.39999998
2.8
2.8
2.9
2.8
2.8
2.9
5.70000010001
15.8000002
16.6000004
16.8000002
18.3000002
17.6999998
15.6999998
10.8999996
10.7000003
8.59999990001
5.6000001
2.2
2.3
2.2
1.39999998
1.39999998
1.30000001
1.39999998
1.5
1.30000001
1.5
1.30000001
1.39999998
2.19999998
5.0
15.3000002
14.5999999
14.4000001
14.6999998
17.1999998
12.8000002
10.0
9.2999997
8.3999999
5.3999999
2.5
2.5
2.3
1.39999998
1.69999999
1.5
1.69999999
1.60000002
1.5
1.60000002
1.5
1.5
1.79999999
4.2
14.0999994
15.5999999
16.0
16.5999994
15.7999997
12.8999996
10.6999998
9.10000039999
7.99999980001
5.5999999
2.7
2.5
2.5
1.59999997
1.69999999
1.60000002
1.79999996
1.69999999
1.69999999
1.60000002
1.60000002
1.69999999
1.89999998
5.2
14.0999999
14.5999999
17.2999992
16.8999996
16.8000002
13.2999997
10.6999998
10.0999999
9.5999999
6.3
2.60000000001
2.7
2.5
1.60000002
1.69999999
1.69999999
1.69999999
1.69999999
1.69999999
1.60000002
1.60000002
1.69999999
1.60000002
4.6
14.0
14.3000002
13.6999998
15.0
16.1999998
14.1999998
10.5999999
9.5
9.1999998
5.8
2.8
2.5
2.39999999999
1.5
1.60000002
1.60000002
1.60000002
1.60000002
1.59999997
1.60000002
1.39999998
1.5
1.59999997
1.59999997
1.39999998
1.69999999
1.59999997
1.60000002
1.60000002
1.60000002
1.5
1.60000002
1.89999999
2.5
2.39999999999
2.39999999999
2.5
1.5
1.60000002
1.5
1.60000002
1.60000002
1.69999999
1.60000002
1.5
1.60000002
1.5
1.69999999
1.69999999
1.60000002
1.5
1.60000002
1.69999999
1.60000002
1.69999999
1.80000001
2.00000001
2.5
2.5
2.39999999999
2.3
1.5
1.69999999
1.60000002
1.5
1.5
1.60000002
1.5
1.60000002
2.1
2.7
4.5
15.6999998
15.6000004
14.0
15.3000002
17.6999998
15.0000005
11.5
10.6999998
9.6999998
6.0
2.7
2.5
2.39999999999
1.5
1.69999999
