1.10000002
1.10000002
1.19999999
1.69999999
1.60000002
1.80000001
2.1
2.1
3.9
7.7000001
7.2999997
11.9000001
7.165
3.065
3.2725
6.4000001
2.50000001
1.5
1.40000003
1.30000001
1.40000003
1.10000002
1.30000001
1.30000001
1.30000001
1.20000004
1.30000001
1.19999999
1.20000004
1.30000001
1.19999999
1.69999999
3.5
7.5
8.3
9.8999996
11.7000003
3.6925
3.8275
4.4
1.79999999
1.59999997
1.5
1.0
1.39999998
1.19999999
1.0
1.30000001
1.20000004
1.19999999
1.10000002
1.59999997
1.69999999
1.69999999
2.0
2.2
3.4
10.4000001
10.5
7.2725
7.0225
3.905
4.21
5.3999999
1.89999999
1.5
1.30000001
1.40000003
1.30000001
1.0
1.20000004
1.30000001
1.20000004
1.10000002
1.30000001
1.19999999
1.20000004
1.20000004
1.20000004
1.60000002
4.7000001
7.8999999
8.4000001
9.6999998
11.3000002
3.2025
4.2975
6.6999999
2.89999991
1.79999996
1.40000003
1.20000004
1.39999998
1.39999998
1.10000002
1.39999998
1.0
1.39999998
1.19999999
1.20000004
1.30000001
1.5
2.0
2.9
5.2999999
9.5999999
7.0
11.0
11.8999996
3.235
11.4000001
5.2
2.19999999
1.40000003
1.40000003
1.0
1.20000004
1.0
1.1
1.10000002
1.10000002
1.20000004
0.900000009999
1.10000002
1.19999999
0.900000009999
1.19999999
2.0
1.80000001
1.30000001
1.0
1.19999999
1.0
1.19999999
1.10000002
1.0
1.20000004
1.10000002
1.0
1.20000004
1.1
1.0
1.10000002
1.00000003
1.1
1.20000004
1.10000002
0.900000009999
1.30000001
0.900000009999
1.19999999
1.20000004
1.40000003
0.800000019997
1.20000004
0.900000009999
1.00000003
1.10000002
1.10000002
0.900000009999
1.19999999
1.20000004
1.69999999
1.60000002
1.69999999
1.59999997
1.59999997
1.60000002
1.59999997
1.79999996
1.5
1.5
1.80000001
1.5
1.79999996
3.0
4.3
7.4000001
7.7999997
12.0
11.5999999
3.065
3.3275
5.7999999
2.29999999
1.5
1.5
1.10000002
1.30000001
1.10000002
1.5
1.0
1.10000002
1.10000002
1.60000002
1.80000001
1.99999998
1.69999999
2.1
2.1
3.5999999
8.5999999
11.5
8.1475
9.2425
3.5
3.6
4.6000001
2.4
1.30000001
1.30000001
1.10000002
1.20000004
1.10000002
1.39999998
1.19999999
1.20000004
1.30000001
1.19999999
1.10000002
1.19999999
1.19999999
2.00000002
3.7999999
4.7
8.2000001
8.5999999
10.1999998
11.4000001
3.69
4.1925
5.8000001
2.09999998
1.59999997
1.39999998
1.30000001
1.20000004
1.30000001
1.59999997
1.20000004
1.30000001
1.30000001
1.30000001
1.69999999
1.20000004
1.30000001
1.40000003
3.4
5.2000001
8.5999999
9.1999998
9.7999997
11.4000001
2.94
4.1775
8.3
2.89999998
1.59999997
1.19999999
1.39999998
1.30000001
1.40000003
1.30000001
1.10000002
1.39999998
1.40000003
1.0
1.30000001
1.19999999
1.40000003
1.30000001
3.5
4.3000001
8.0
8.1000001
7.6225
7.91
3.2325
6.55
5.2999999
1.80000002
1.10000002
1.19999999
1.00000003
1.10000002
1.19999999
1.19999999
0.800000019997
1.5
1.0
1.59999997
1.79999996
1.60000002
1.60000002
2.0
1.89999998
1.89999998
0.900000009999
1.30000001
1.10000002
0.900000009999
1.30000001
1.0
1.10000002
1.20000004
1.0
1.10000002
1.10000002
1.30000001
1.59999997
1.79999996
1.59999997
1.5
1.69999999
1.69999999
1.80000001
1.69999999
1.60000002
1.69999999
1.89999998
1.89999998
1.59999997
1.10000002
1.0
1.1
1.10000002
1.0
1.60000002
1.69999999
1.69999999
1.80000001
1.5
1.80000001
1.59999997
1.60000002
1.69999999
1.80000001
1.99999998
1.39999998
1.60000002
1.69999999
1.69999999
1.90000001
3.6
4.0000001
7.1000001
7.1999998
12.0
6.6075
2.9725
3.3425
6.1000002
2.29999999
1.59999997
1.30000001
1.19999999
1.19999999
1.19999999
1.30000001
1.5
1.39999998
1.69999999
1.79999996
1.79999996
1.80000001
1.79999996
2.0
4.3000001
4.5999999
8.7000001
6.8000002
11.3999996
12.0999999
3.53
3.595
6.2999999
1.79999999
1.39999998
1.10000002
1.30000001
1.19999999
1.10000002
1.10000002
1.10000002
1.1
1.30000001
1.0
1.10000002
1.30000001
1.30000001
1.20000002
3.3
6.0999999
9.5
6.6000001
5.8
5.3
5.2
2.3
2.0
1.39999998
1.30000001
1.10000002
1.30000001
1.10000002
1.1
1.19999999
1.30000001
1.1
1.20000004
1.10000002
1.19999999
1.0
1.20000004
1.20000004
2.99999988
4.5
8.7000001
9.1999998
10.6000004
7.3525
2.6075
4.0925
6.2
4.8
1.59999997
1.30000001
1.30000001
1.0
1.59999997
1.10000002
1.10000002
1.00000003
1.30000001
1.00000003
1.5
1.20000004
1.19999999
1.5
3.10000001
4.0
7.9000001
6.6
11.1000004
12.2999997
2.97
10.0
5.0
2.09999998
1.10000002
1.0
0.800000019997
0.900000009999
1.1
0.800000019997
0.900000009999
1.00000003
1.10000002
0.700000019999
0.900000009999
0.700000019999
0.900000009999
1.0
1.0
0.900000009999
0.800000019997
1.0
0.80000001
0.700000019999
0.900000009999
0.80000001
0.80000001
1.00000003
0.700000019999
0.900000009999
0.90000003
0.800000019997
1.20000004
1.5
1.60000002
1.30000001
1.40000003
1.5
1.5
1.5
1.39999998
1.5
1.90000001
1.10000002
0.60000002
0.900000009999
0.700000019999
1.0
0.800000019997
0.60000002
0.90000003
1.40000003
1.5
1.40000003
1.40000003
1.5
1.39999998
1.40000003
1.59999997
0.60927837031
0.0185567006192
0.0185567006192
0.0185567006156
0.0185567006192
0.0185567006192
0.0185567006192
0.0185567006192
0.0185567006192
0.0185567006156
0.0185567006192
0.0185567006192
0.0185567006192
0.0185567006192
0.0185567006156
0.0185567006192
0.0185567006192
0.0185567006192
0.0185567006192
0.0185567006156
0.0185567006192
0.0185567006192
0.0185567006192
0.0185567006192
1.0225
1.0925
1.1975
1.2525
1.32
1.295
1.46
2.2025
2.8575
5.2575
6.0775
7.33
8.415
3.1875
3.44
4.2125
2.3725
1.3375
1.1475
1.055
1.06
1.085
1.0675
1.0225
0.70927834031
0.70927834031
1.30000001
1.5
1.30000001
1.40000003
1.80000001
1.60000002
1.40000003
0.80000001
0.800000019997
1.0
0.900000009999
0.700000019999
1.0
0.90000003
0.900000009999
0.800000019997
1.10000002
0.800000019997
1.1
1.39999998
1.30000001
1.5
1.39999998
1.30000001
1.30000001
1.79999999
1.30000001
1.39999998
1.69999999
1.60000002
1.80000001
1.19999999
0.800000019997
0.700000019999
1.00000003
0.60000002
1.1
0.80000001
0.800000019997
0.90000003
1.00000003
1.39999998
1.39999998
1.40000003
1.39999998
1.30000001
1.5
1.5
1.5
1.39999998
1.30000001
1.69999999
1.59999997
1.69999999
1.69999999
1.0
1.19999999
1.39999998
1.5
1.60000002
0.900000009999
1.00000003
1.30000001
1.69999999
1.39999998
1.39999998
1.39999998
1.5
1.30000001
1.40000003
1.20000004
1.5
1.5
1.30000001
1.5
1.60000002
1.39999998
1.69999999
1.59999997
1.39999998
1.5
1.19999999
0.900000009999
0.700000019999
0.800000019997
0.900000009999
1.00000003
1.5
1.60000002
1.20000004
1.60000002
1.20000004
1.60000002
1.39999998
1.40000003
1.5
1.30000001
1.40000003
1.30000001
1.5
1.69999999
1.39999998
1.80000001
1.30000001
1.59999997
1.0
0.800000019997
0.800000019997
0.900000009999
0.80000001
0.800000019997
0.80000001
1.5
1.40000003
1.5
1.30000001
1.5
1.39999998
1.39999998
1.20000004
1.59999997
1.30000001
1.30000001
1.60000002
1.60000002
1.59999997
1.59999997
1.5
1.30000001
1.20000002
0.800000019997
0.900000009999
0.900000009999
0.90000003
0.800000019997
1.40000003
1.30000001
1.5
1.40000003
1.30000001
1.5
1.39999998
1.40000003
1.5
1.39999998
1.30000001
1.40000003
1.40000003
1.60000002
1.79999996
1.5
1.19999999
1.69999999
1.39999998
1.5
1.00000003
0.900000009999
1.0
0.700000019999
1.19999999
1.60000002
1.30000001
1.30000001
1.5
1.39999998
1.20000004
1.60000002
1.30000001
1.5
1.30000001
1.40000003
1.30000001
1.80000001
1.5
1.69999999
1.30000001
1.5
1.30000001
1.40000003
0.900000009999
1.10000002
0.700000019999
1.10000002
1.39999998
1.59999997
1.30000001
1.39999998
1.39999998
1.39999998
1.5
0.80000001
1.5
1.39999998
1.39999998
1.30000001
1.60000002
1.80000001
1.69999999
1.60000002
0.70000002
1.0
1.40000003
1.40000003
1.39999998
1.00000003
1.0
0.70000002
1.1
0.80000001
1.5
1.5
1.30000001
1.59999997
1.40000003
1.39999998
1.40000003
1.30000001
1.69999999
1.30000001
1.39999998
1.60000002
1.60000002
1.80000001
0.90000003
0.80000002
0.90000001
0.80000002
1.10000002
0.80000002
0.90000003
0.80000002
1.0
0.90000001
1.10000002
1.20000004
1.80000001
1.20000004
1.39999998
1.20000004
1.69999999
1.20000004
1.39999998
1.40000003
1.5
1.60000002
1.39999998
1.60000002
1.39999998
1.40000003
0.70000002
0.90000003
0.70000002
0.90000003
0.80000002
1.19999999
1.39999998
1.69999999
1.39999998
1.20000004
1.5
1.39999998
1.5
1.39999998
1.39999998
1.40000003
1.5
1.30000001
1.40000003
1.69999999
1.60000002
1.5
1.5
1.5
0.90000001
0.80000002
1.10000002
1.5
1.39999998
1.20000002
0.70000002
0.90000001
1.60000002
1.30000001
1.39999998
1.40000003
1.59999997
1.10000002
1.39999998
1.39999998
1.30000001
1.5
1.30000001
1.60000002
2.1
4.4
7.9999998
6.2000001
9.4000001
6.7375
3.6425
4.565
7.2000001
2.10000002
1.30000001
1.30000001
1.10000002
1.19999999
1.10000002
1.10000002
1.10000002
1.30000001
1.20000004
1.10000002
1.69999999
1.80000001
1.59999997
1.89999998
4.6
4.6
8.0999999
9.3999996
10.2999997
11.0
3.505
3.9725
6.0999998
2.60000001
1.5
1.30000001
1.40000003
1.10000002
1.10000002
1.30000001
1.10000002
1.0
1.10000002
1.30000001
1.00000003
1.10000002
1.10000002
1.5
2.3
4.0999999
8.3999999
5.7
11.0
6.635
3.3575
12.1999998
5.1
2.4
1.10000002
1.10000002
1.30000001
1.10000002
1.10000002
1.0
1.10000002
1.30000001
1.0
1.00000003
1.10000002
1.00000003
1.20000004
1.20000004
1.90000001
4.3
9.0
8.9000001
10.8999996
9.6999998
2.9075
11.8000002
6.0
2.49999999
1.5
1.30000001
1.30000001
1.20000004
1.10000002
1.20000004
1.19999999
1.1
1.10000002
1.0
1.5
0.90000001
1.20000004
1.40000003
2.40000001
4.3
8.0
11.4000001
6.56
6.7075
2.7325
5.0575
6.6999998
1.39999998
1.19999999
1.19999999
1.0
1.00000003
1.1
1.20000004
0.80000002
1.90000001
2.10000002
1.0
1.0
1.10000002
1.1
1.0
1.20000004
1.10000002
1.10000002
1.0
0.90000001
1.10000002
0.90000001
1.10000002
0.90000001
1.20000002
0.90000001
1.0
1.00000003
1.00000003
1.5
1.39999998
1.79999996
1.5
1.5
1.79999996
1.5
1.59999997
1.69999999
1.60000002
1.90000001
1.69999999
0.80000002
0.90000001
1.00000003
1.0
0.90000001
1.10000002
1.00000003
0.90000001
1.59999997
1.69999999
1.5
1.69999999
1.5
1.69999999
1.5
1.19999999
1.60000002
1.5
1.69999999
1.5
1.60000002
1.99999998
2.9
4.6
9.0
9.3999996
11.9000001
7.04
4.125
5.215
5.2000001
2.09999999
1.39999998
1.19999999
1.0
1.59999997
1.0
1.19999999
1.10000002
1.20000004
1.00000003
1.40000003
1.20000004
1.0
1.10000002
2.1
2.7
4.5000001
8.3000002
7.7
10.0
12.0999999
3.7825
4.48
7.7999997
1.70000002
1.30000001
1.20000004
1.0
1.19999999
1.10000002
1.10000002
1.0
1.5
1.19999999
1.80000001
1.69999999
1.60000002
1.80000001
1.80000001
2.2
4.2
8.9000001
12.3000002
7.615
7.415
3.68
5.7325
6.3999999
2.20000002
1.69999999
1.10000002
1.10000002
1.10000002
1.19999999
1.10000002
1.10000002
1.10000002
0.90000001
1.30000001
1.10000002
1.10000002
1.10000002
1.69999999
1.89999998
4.3000001
8.5999999
9.0
10.1999998
11.4000001
3.3425
5.6675
6.7999997
1.70000002
1.20000004
1.40000003
1.10000002
1.0
1.40000003
1.0
1.20000004
1.20000004
1.19999999
1.0
1.60000002
1.80000001
1.60000002
2.1
2.9
3.5999999
7.4000001
7.9000001
11.5
12.0
3.0625
12.0999999
4.4
2.29999999
1.39999998
1.30000001
1.10000002
1.00000003
1.30000001
1.20000004
1.10000002
1.5
1.00000003
1.30000001
1.79999996
1.60000002
1.80000001
1.80000001
1.79999996
1.10000002
1.19999999
1.1
1.10000002
1.19999999
1.20000004
1.10000002
1.19999999
1.0
1.70000002
1.69999999
1.69999999
1.5
1.79999996
1.79999996
1.69999999
1.60000002
1.60000002
1.79999996
1.69999999
1.5
1.89999998
1.79999996
1.89999998
1.89999998
1.60000002
1.80000001
1.19999999
1.30000001
1.10000002
1.19999999
1.20000004
1.0
1.30000001
1.10000002
1.10000002
1.40000003
1.80000001
1.69999999
1.80000001
1.30000001
1.69999999
1.69999999
1.69999999
1.60000002
1.59999997
2.1
2.1
4.4
8.5999999
7.0
11.6999998
11.0
5.03
12.2999997
4.7
2.19999999
1.5
1.10000002
1.30000001
1.0
1.20000004
1.20000004
1.10000002
1.5
1.69999999
1.79999996
1.60000002
1.60000002
1.69999999
1.99999998
2.5
4.1
8.5999999
6.7000003
10.6999998
9.7875
3.9575
4.99
7.0000001
2.60000001
1.40000003
1.30000001
1.5
1.5
1.80000001
1.69999999
1.69999999
1.69999999
1.60000002
1.79999996
1.69999999
1.59999997
1.69999999
2.0
2.6
4.0999999
9.5999999
11.7999997
8.3675
8.445
4.0175
6.19
7.7
2.29999999
1.30000001
1.5
1.0
1.20000004
1.10000002
1.89999998
1.69999999
1.60000002
1.60000002
1.89999998
1.5
1.5
1.79999996
1.89999998
3.6
4.0999999
8.0
8.2999997
10.1999998
10.9000001
3.5725
6.15
5.5
2.89999998
1.5
1.10000002
1.10000002
1.40000003
1.69999999
1.60000002
2.00000001
1.19999999
1.5
1.80000001
1.59999997
1.60000002
1.69999999
2.2
1.89999998
4.6000001
8.1999998
7.6999998
11.5
7.51
3.075
12.0999999
4.0
1.5
1.20000004
1.20000004
0.90000001
1.10000002
0.80000002
1.1
1.0
1.29999999
1.5
1.69999999
1.5
1.5
1.69999999
1.69999999
1.60000002
1.90000001
1.59999997
1.5
1.10000002
0.90000001
1.1
1.0
1.00000003
0.90000001
1.10000002
1.1
0.80000002
1.39999998
1.5
1.60000002
1.5
1.5
1.40000003
1.60000002
1.69999999
1.5
1.5
1.69999999
1.69999999
1.79999996
1.5
1.59999997
1.59999997
1.59999997
0.80000002
1.0
1.10000002
0.90000001
1.20000002
1.89999998
1.39999998
1.60000002
1.5
1.80000001
1.39999998
1.69999999
1.59999997
1.39999998
1.69999999
1.30000001
1.79999996
1.59999997
2.1
4.2999999
7.3
6.8999999
11.4000001
11.7999997
5.3225
6.3675
4.5
1.89999999
1.39999998
1.10000002
1.19999999
1.10000002
1.10000002
1.19999999
1.19999999
1.30000001
1.19999999
1.89999998
1.69999999
1.69999999
1.69999999
1.80000001
2.3
4.1000001
8.1000002
8.4000001
8.6000004
11.6999998
3.6375
5.135
4.8999999
3.09999998
1.5
1.30000001
1.30000001
1.10000002
1.40000003
1.0
1.10000002
1.30000001
1.0
0.90000001
1.30000001
1.10000002
1.10000002
1.5
3.7
4.3
8.1000001
8.7000003
9.8000002
11.4000001
4.0175
6.4025
4.9
2.10000002
1.30000001
1.30000001
1.20000004
0.90000001
1.20000004
1.19999999
0.90000001
1.60000002
1.60000002
1.79999996
1.69999999
1.69999999
1.59999997
2.1
2.5
4.8999999
7.5999999
5.5999999
8.9000001
11.0999999
3.6775
6.3775
3.6
2.99999988
1.20000004
1.40000003
1.10000002
1.10000002
1.0
1.69999999
1.59999997
1.60000002
1.59999997
1.69999999
1.69999999
1.80000001
1.5
1.89999998
2.2
4.0
8.0
8.6999998
10.8000002
7.3875
3.0675
6.7975
5.7
2.89999991
1.20000004
1.20000004
1.0
1.1
1.0
1.10000002
0.90000001
1.5
1.60000002
1.39999998
1.80000001
1.5
1.69999999
1.5
1.99999998
1.69999999
1.60000002
1.69999999
1.5
1.0
1.10000002
0.80000002
1.10000002
1.10000002
1.00000003
0.90000001
1.19999999
1.59999997
1.5
1.59999997
1.60000002
1.80000001
1.60000002
1.39999998
1.69999999
1.5
1.59999997
1.40000003
2.2
1.60000002
1.59999997
1.60000002
1.69999999
1.0
1.10000002
0.90000001
1.1
1.00000003
1.10000002
1.30000001
1.69999999
1.5
1.5
1.60000002
1.5
1.5
1.59999997
1.40000003
1.59999997
1.5
1.59999997
1.5
2.6
3.3
7.9999998
11.2000003
9.09
8.11
5.8425
6.835
5.4
2.40000001
1.30000001
1.30000001
1.69999999
1.69999999
1.59999997
1.59999997
1.69999999
1.60000002
1.69999999
1.80000001
1.5
1.60000002
1.69999999
1.80000001
2.6
3.5
7.5999999
5.7
10.5
9.8000002
3.9875
5.5425
6.5999998
2.40000002
1.40000003
1.10000002
1.20000004
1.5
1.60000002
1.69999999
1.80000001
1.59999997
1.69999999
1.69999999
1.69999999
1.5
1.80000001
1.79999996
4.1
4.5999999
8.0999999
6.1999998
11.5999999
12.2000003
4.16
12.3000002
7.2
2.10000001
1.59999997
1.20000004
1.20000004
1.19999999
1.19999999
1.39999998
1.80000001
1.69999999
1.5
1.90000001
1.69999999
1.60000002
1.89999998
1.80000001
4.0
4.3999999
8.1000001
7.4000001
10.1999998
11.0999999
3.55
12.1999998
6.3999999
1.5
1.40000003
1.10000002
1.1
1.0
1.69999999
1.69999999
1.69999999
1.69999999
1.5
1.69999999
1.69999999
1.60000002
1.69999999
1.79999996
3.8
4.1
7.0
7.8
9.6000004
7.4825
3.1975
7.1775
4.2
1.7
1.19999999
1.00000003
1.0
1.0
1.20000004
1.5
1.39999998
1.5
1.39999998
1.5
1.69999999
1.5
1.5
1.60000002
2.0
1.60000002
1.79999996
1.39999998
1.80000001
1.60000002
1.60000002
1.5
1.39999998
0.90000001
1.10000002
1.30000001
1.60000002
1.39999998
1.69999999
1.39999998
1.79999996
1.60000002
1.39999998
1.30000001
1.59999997
1.59999997
1.39999998
1.79999996
1.69999999
1.80000001
1.69999999
1.5
1.5
1.1
1.0
0.80000002
1.19999999
1.00000003
1.0
1.20000004
0.90000001
1.39999998
1.60000002
1.5
1.39999998
1.69999999
1.5
1.40000003
1.59999997
1.59999997
1.5
1.79999996
3.4999999
3.2
7.2
7.5999999
11.1000004
11.5
12.0999999
10.6999998
5.7000001
3.00000001
1.30000001
1.30000001
1.20000004
1.0
1.30000001
1.10000002
1.10000002
1.69999999
1.80000001
1.60000002
1.5
1.89999998
1.39999998
1.99999998
3.8
3.9
7.8999999
7.1999998
10.8999996
12.0
4.04
11.7000003
4.5999999
1.39999998
1.5
1.30000001
1.10000002
1.10000002
1.19999999
1.69999999
1.69999999
1.69999999
1.60000002
1.80000001
1.5
1.69999999
1.60000002
1.99999998
4.1000001
4.4999999
8.0999999
7.4000001
8.565
8.9375
4.2425
6.71
4.8000001
1.89999999
1.20000004
1.40000003
1.00000003
1.10000002
1.10000002
1.0
1.5
1.79999996
1.60000002
1.60000002
1.69999999
1.69999999
1.60000002
2.2
3.6
4.1
7.8999999
7.2
10.0
10.3000002
3.515
12.2999997
6.5000001
2.89999991
1.40000003
1.19999999
1.10000002
1.20000004
1.10000002
1.10000002
1.5
1.29999999
1.60000002
1.69999999
1.69999999
1.5
1.59999997
1.79999996
3.6
3.8
7.8999999
9.0
8.05
7.0875
3.0
11.3000002
3.7
1.39999998
1.1
1.00000003
0.90000001
0.70000002
0.90000003
0.90000001
0.90000001
1.20000002
0.80000001
0.80000001
0.90000001
1.40000003
1.5
1.5
1.60000002
1.5
1.40000003
0.90000001
0.80000001
0.80000002
0.90000001
1.0
0.60000002
1.0
0.80000001
0.90000003
0.90000001
0.80000001
1.5
1.5
1.30000001
1.40000003
1.40000003
1.60000002
1.30000001
1.5
1.39999998
1.5
1.69999999
1.60000002
1.5
1.5
0.80000002
0.80000002
1.00000003
0.80000002
0.70000002
0.90000001
1.00000003
1.39999998
1.40000003
1.39999998
1.5
1.30000001
1.40000003
1.39999998
1.40000003
1.60000002
1.30000001
1.30000001
1.59999997
1.5
1.69999999
1.79999996
1.20000004
0.70000002
0.90000001
1.39999998
1.5
1.69999999
0.90000003
0.70000002
1.0
0.90000003
1.39999998
1.39999998
1.5
1.5
1.30000001
1.60000002
1.30000001
1.5
1.20000004
1.39999998
1.5
1.5
1.69999999
1.60000002
1.20000004
0.80000002
0.80000002
1.00000003
1.0
0.80000002
0.90000001
0.80000001
1.0
0.80000001
0.90000001
1.30000001
1.5
1.39999998
1.30000001
1.60000002
1.20000004
1.60000002
1.30000001
1.5
1.40000003
1.60000002
1.60000002
1.69999999
1.1
0.80000002
0.80000002
1.00000003
0.80000002
1.00000003
0.80000002
1.10000002
0.80000001
1.00000003
1.30000001
1.5
1.39999998
1.39999998
1.5
1.5
1.30000001
1.39999998
1.5
1.30000001
1.5
1.5
1.89999998
1.5
1.30000001
0.80000002
1.19999999
1.30000001
1.60000002
1.40000003
1.69999999
1.0
1.0
0.80000001
0.90000001
0.80000002
1.30000001
1.5
1.20000004
1.5
1.20000004
1.39999998
1.40000003
1.5
1.40000003
1.69999999
1.60000002
1.90000001
1.20000002
0.90000001
0.70000002
1.19999999
0.70000002
0.80000002
1.00000003
0.80000002
1.0
1.5
1.30000001
1.40000003
1.5
1.30000001
1.5
1.30000001
1.30000001
1.20000004
1.69999999
1.30000001
1.39999998
1.5
1.79999996
1.5
1.40000003
1.40000003
1.19999999
1.00000003
0.80000002
0.80000002
1.00000003
0.70000002
0.90000003
1.19999999
1.5
1.30000001
1.5
1.40000003
1.5
1.60000002
1.39999998
1.30000001
1.60000002
1.30000001
1.40000003
1.5
1.60000002
1.60000002
1.39999998
1.39999998
1.5
1.5
1.39999998
1.39999998
1.59999997
1.19999999
0.90000001
0.90000001
1.10000002
1.30000001
1.40000003
1.40000003
1.30000001
1.39999998
1.30000001
1.59999997
1.40000003
1.30000001
1.39999998
1.79999996
4.5
3.9
7.7
10.3000002
9.115
7.475
5.6325
6.925
5.1
2.59999999
1.19999999
1.10000002
1.0
1.39999998
1.59999997
1.5
1.69999999
1.40000003
1.60000002
1.5
1.69999999
1.60000002
1.30000001
1.99999998
1.89999998
4.1
6.3000002
8.0999999
10.0
11.0999999
3.86
5.89
6.7999997
2.59999999
1.5
1.5
1.10000002
1.20000004
1.19999999
1.10000002
1.10000002
1.19999999
1.39999998
1.0
1.20000004
1.59999997
1.69999999
1.89999998
2.2
3.8
7.3999999
6.2
10.8000002
11.8999996
3.9775
12.0
6.7999999
2.60000001
1.59999997
1.30000001
1.20000004
1.30000001
1.10000002
1.20000004
1.10000002
1.10000002
1.19999999
1.19999999
1.10000002
1.19999999
1.10000002
1.20000004
1.69999999
4.4
7.4999998
8.5000002
10.0999999
8.575
3.2475
5.89
5.7999999
3.0999999
1.20000004
1.39999998
1.19999999
1.10000002
1.19999999
1.10000002
1.19999999
1.20000004
1.0
1.20000004
1.10000002
1.20000004
1.5
1.80000001
2.2
4.4000001
6.3000002
7.3999998
10.6999998
7.2875
3.3175
6.4025
5.8999999
2.30000001
1.5
1.19999999
1.10000002
0.90000001
1.19999999
1.00000003
1.0
1.0
1.10000002
0.90000001
1.10000002
1.0
0.90000001
1.19999999
1.0
1.30000001
0.90000001
0.90000001
1.00000003
1.10000002
1.0
0.90000001
1.30000001
0.800000020001
1.10000002
1.20000004
1.10000002
0.90000001
1.10000002
0.80000001
1.00000003
0.514285714082
0.0285714281636
0.0285714281626
0.0285714281636
0.0285714281636
0.0285714281626
0.0285714281636
0.0285714281636
0.0285714281626
0.0285714281636
0.0285714281636
0.0285714281626
0.0285714281636
0.0285714281636
0.0285714281626
0.0285714281636
0.0285714281636
0.0285714281626
0.0285714281636
0.0285714281636
0.0285714281626
0.0285714281636
0.0285714281636
0.0285714281626
0.614285734082
0.914285694082
1.69999999
1.5
1.60000002
1.59999997
1.69999999
2.1
3.8
7.3
10.2000003
11.0
7.205
5.445
11.0999999
6.0999999
3.1
1.39999998
1.30000001
1.10000002
1.30000001
1.0
1.10000002
1.10000002
1.10000002
1.10000002
1.10000002
1.19999999
1.10000002
1.69999999
2.09999998
2.2
3.5
7.1000001
7.7999999
10.2999997
9.015
4.0675
6.1375
5.8999999
2.19999999
1.30000001
1.5
1.20000004
1.0
1.20000004
1.10000002
1.10000002
1.10000002
1.0
1.19999999
1.0
1.10000002
0.90000001
1.89999998
2.1
4.8
8.2999997
5.5
12.0999999
8.2
4.3625
11.6999998
5.9000001
3.2
1.39999998
1.40000003
1.40000003
1.10000002
1.30000001
1.30000001
1.10000002
1.10000002
1.39999998
1.0
1.20000004
1.19999999
1.20000004
1.00000003
1.90000001
3.9
7.6000001
6.6999998
10.1999998
11.0999999
3.29
5.8375
7.3000001
2.8
1.20000004
1.30000001
1.40000003
1.10000002
1.20000004
1.30000001
1.20000004
1.00000003
1.19999999
1.20000004
1.0
1.20000004
1.10000002
1.30000001
1.59999997
3.6
7.0
8.6000001
10.6000004
11.5
3.395
5.7675
7.7000002
3.2999999
1.39999998
1.20000004
1.0
1.19999999
1.0
1.19999999
0.90000001
0.90000001
1.1
1.10000002
1.00000003
1.0
1.10000002
1.10000002
1.10000002
1.30000001
1.00000003
1.0
1.0
1.20000004
1.0
1.19999999
1.00000003
1.30000001
1.0
1.10000002
1.20000004
1.0
1.00000003
1.1
1.20000004
1.20000002
1.10000002
1.20000004
1.0
1.00000003
1.1
1.00000003
1.10000002
1.30000001
0.90000001
1.10000002
0.90000001
1.00000003
1.10000002
0.90000001
1.1
1.00000003
1.10000002
1.10000002
0.90000001
1.10000002
0.800000020001
1.19999999
1.19999999
1.30000001
1.80000001
1.5
1.5
1.79999996
1.60000002
1.69999999
2.09999998
3.9
8.2999997
9.3999996
11.5
6.895
5.3175
6.9075
4.9
1.89999999
1.39999998
1.20000002
1.39999998
1.0
1.10000002
1.39999998
1.10000002
1.10000002
1.20000004
1.10000002
1.10000002
1.5
1.69999999
1.99999998
2.2
3.5
6.7
4.8999999
10.1999998
8.6725
4.1
11.6999998
5.3
3.2
1.59999997
1.20000004
1.20000004
1.30000001
1.20000004
1.19999999
1.30000001
1.10000002
1.30000001
1.20000004
1.10000002
1.19999999
1.10000002
1.39999998
1.39999998
4.7
7.4000001
10.3999996
11.5999999
8.0875
4.56
12.1999998
4.0
1.89999999
1.20000004
1.60000002
1.20000004
1.10000002
1.19999999
1.30000001
1.19999999
1.10000002
1.1
1.20000002
1.30000001
1.10000002
1.19999999
1.39999998
1.39999998
3.9000001
8.5
8.4000001
9.5
11.9000001
3.0975
5.705
4.4000001
1.90000001
1.30000001
1.40000003
1.0
1.20000004
1.19999999
1.30000001
1.10000002
1.00000003
1.00000003
1.30000001
1.10000002
1.20000004
1.10000002
1.30000001
1.5
3.7
11.0
12.1999998
12.2000003
7.7975
3.8
11.5
3.6
1.80000002
1.30000001
1.10000002
1.0
1.00000003
1.0
1.20000002
0.90000001
1.30000001
1.00000003
1.1
1.00000003
0.90000001
1.20000002
1.80000001
1.69999999
1.69999999
0.800000020001
1.10000002
0.90000001
1.00000003
0.90000001
0.90000001
1.00000003
1.00000003
1.0
1.60000002
1.39999998
1.5
1.59999997
1.5
1.5
1.5
1.60000002
1.60000002
1.5
1.60000002
1.60000002
1.79999996
1.69999999
1.69999999
1.80000001
1.5
1.60000002
1.30000001
1.00000003
1.00000003
0.90000001
1.0
1.10000002
1.60000002
1.5
1.60000002
1.60000002
1.5
1.5
1.69999999
1.5
1.60000002
1.40000003
1.60000002
1.5
1.69999999
2.19999998
3.3
7.2
6.0999999
12.0
7.055
5.4
11.9000001
4.0999999
2.30000001
1.30000001
1.20000004
1.00000003
1.30000001
0.90000001
1.20000004
1.30000001
1.5
1.69999999
1.5
1.79999996
1.60000002
1.69999999
1.79999996
2.3
4.3
7.4000001
6.3999999
8.4000001
12.3000002
4.1825
10.0
4.2
2.3
1.69999999
1.40000003
1.20000004
1.40000003
1.20000004
1.30000001
1.10000002
1.30000001
1.19999999
1.30000001
1.10000002
1.40000003
1.79999996
2.1
2.1
3.9000001
7.3999999
8.3999998
11.2999997
7.9
4.7825
6.71
3.7999999
2.49999998
1.40000003
1.60000002
1.10000002
1.30000001
1.10000002
1.10000002
1.10000002
1.20000004
1.10000002
1.30000001
1.20000004
1.0
1.20000004
1.20000004
1.69999999
5.4
9.6999998
8.9000001
9.0
11.4000001
3.29
5.73
4.7000001
2.5
1.60000002
1.30000001
1.20000004
1.40000003
1.10000002
1.00000003
1.39999998
1.0
1.30000001
1.10000002
1.40000003
1.10000002
1.19999999
1.19999999
1.59999997
4.3999999
7.7999997
8.2
10.7999997
10.5999999
3.8725
6.4925
4.6
2.9
1.5
1.19999999
1.10000002
1.10000002
1.10000002
1.10000002
1.00000003
1.00000003
1.39999998
0.90000001
1.00000003
1.10000002
0.90000001
1.10000002
1.30000001
1.30000001
0.90000001
1.1
1.20000004
1.0
1.10000002
1.20000004
1.1
1.10000002
1.10000002
1.30000001
1.0
1.00000003
1.0
1.10000002
1.0
1.19999999
1.10000002
1.19999999
0.90000001
1.00000003
1.00000003
1.20000004
1.20000004
1.20000004
1.0
1.00000003
1.10000002
1.10000002
1.0
0.90000001
1.20000004
0.90000001
1.10000002
1.20000004
0.90000001
0.90000001
1.19999999
1.60000002
1.60000002
1.30000001
1.80000001
1.5
1.60000002
1.69999999
1.39999998
2.0
1.89999998
4.0999999
8.3000002
6.5
11.7000003
6.8125
5.41
6.8175
4.7
2.30000001
1.40000003
1.30000001
1.19999999
1.30000001
1.10000002
1.10000002
1.10000002
1.1
1.0
1.30000001
1.0
1.69999999
1.69999999
1.89999998
2.2
3.3
6.5
6.3
9.6999998
11.6999998
4.5275
11.5
4.0999999
2.10000001
1.60000002
1.40000003
1.10000002
1.10000002
1.19999999
1.20000004
1.10000002
1.19999999
1.30000001
1.00000003
1.10000002
1.30000001
1.10000002
1.6
2.2
4.0999999
6.8999999
5.4000001
9.9000001
11.3000002
5.2175
6.64
4.7
2.40000001
1.59999997
1.30000001
1.30000001
1.19999999
1.19999999
1.20000004
1.19999999
1.10000002
1.30000001
1.0
1.20000004
1.10000002
1.20000004
1.19999999
1.69999999
3.9999999
7.5
8.5
9.9000001
11.6999998
2.9625
11.7999997
4.8999999
2.0
1.5
1.30000001
1.40000003
1.20000004
2.20000002
1.80000001
1.30000001
1.29999999
1.0
1.10000002
1.19999999
1.19999999
1.30000001
1.19999999
1.5
3.5
6.7000001
6.6000002
11.4000001
7.1775
4.04
10.5
3.2
1.59999997
1.10000002
0.90000001
0.80000001
0.90000001
0.80000001
0.700000020001
1.0
0.800000020001
0.80000001
0.800000020001
0.90000001
0.700000020001
0.90000001
0.90000001
1.10000002
0.800000020001
0.90000001
0.90000001
0.700000020001
0.800000020001
0.90000001
0.90000001
0.800000020001
0.90000001
0.90000001
0.800000020001
0.80000001
0.80000001
0.700000020001
0.90000001
0.800000020001
1.1
0.60000002
0.700000020001
0.700000020001
1.00000003
0.700000020001
1.00000003
0.800000020001
1.10000002
0.800000020001
0.60000002
0.90000001
0.700000020001
0.800000020001
0.90000003
0.80000001
0.700000020001
1.0
0.700000020001
0.80000001
0.800000020001
0.800000020001
1.39999998
0.69999999
1.39999998
1.1775
1.2025
1.2175
1.22
1.295
1.875
2.8775
5.28
6.125
7.9925
6.665
5.4425
6.5925
4.865
2.3925
1.375
1.1775
1.13
1.105
1.0625
1.0875
1.07
0.30000001
0.800000020001
1.19999999
1.39999998
1.5
1.5
1.39999998
1.59999997
1.69999999
1.39999998
1.30000001
0.700000020001
0.800000020001
0.90000001
0.700000020001
0.800000020001
0.700000020001
0.800000020001
0.800000020001
0.90000001
0.800000020001
0.800000020001
0.700000020001
1.00000003
1.30000001
1.5
1.40000003
1.39999998
1.30000001
1.5
1.40000003
1.40000003
1.60000002
1.5
1.1
0.90000001
0.800000020001
0.60000002
1.00000003
0.60000002
0.80000001
0.800000020001
0.90000003
0.80000001
0.800000020001
0.800000020001
1.20000004
1.40000003
1.30000001
1.30000001
1.5
1.30000001
1.30000001
1.5
1.39999998
1.5
1.60000002
1.60000002
1.19999999
0.80000001
0.90000001
0.700000020001
0.90000001
0.800000020001
0.700000020001
0.800000020001
0.800000020001
1.0
1.00000003
1.5
1.30000001
1.39999998
1.30000001
1.5
1.20000004
1.60000002
1.30000001
1.30000001
1.59999997
1.5
1.60000002
1.59999997
1.0
0.90000001
0.800000020001
0.800000020001
0.80000001
0.700000020001
0.800000020001
0.700000020001
1.1
0.800000020001
0.800000020001
1.00000003
0.700000020001
0.80000001
1.30000001
1.20000004
1.5
1.30000001
1.5
1.30000001
1.39999998
1.5
1.60000002
1.5
1.5
0.90000003
0.90000001
0.90000001
0.700000020001
0.800000020001
0.90000001
0.80000001
0.800000020001
0.90000001
0.80000001
0.700000020001
1.00000003
0.60000002
0.700000020001
0.800000020001
0.800000020001
0.700000020001
0.800000020001
0.800000020001
0.700000020001
1.00000003
1.30000001
1.69999999
1.30000001
1.30000001
0.800000020001
0.80000001
0.90000001
0.800000020001
0.700000020001
1.0
0.90000001
0.90000001
0.80000001
0.800000020001
0.700000020001
0.90000001
0.90000001
0.80000001
0.60000002
1.00000003
0.800000020001
0.80000001
0.80000001
0.80000001
1.10000002
1.00000003
0.700000020001
0.90000001
0.80000001
0.90000001
0.700000020001
1.0
0.700000020001
0.90000001
0.800000020001
1.00000003
0.800000020001
0.90000001
0.90000001
0.700000020001
0.90000001
0.90000001
0.700000020001
0.90000001
0.700000020001
1.0
0.700000020001
1.0
1.0
0.800000020001
1.0
0.60000002
0.90000001
0.90000003
0.80000001
0.800000020001
0.800000020001
0.90000001
1.00000003
0.800000020001
0.80000001
0.700000020001
0.90000001
0.800000020001
0.700000020001
0.700000020001
0.90000001
0.700000020001
0.800000020001
0.90000001
0.700000020001
0.90000003
1.0
0.90000001
0.800000020001
0.90000001
0.800000020001
0.90000001
0.800000020001
1.0
0.60000002
0.90000001
1.00000003
0.90000001
0.700000020001
1.0
0.800000020001
0.800000020001
1.00000003
0.800000020001
0.80000001
1.0
0.60000002
0.90000001
0.80000001
0.90000001
0.90000001
1.0
0.80000001
0.800000020001
0.700000020001
0.90000003
0.800000020001
1.0
0.80000001
0.90000001
0.90000001
1.00000003
0.800000020001
0.90000001
0.80000001
0.700000020001
0.90000001
0.90000001
0.800000020001
0.90000001
0.700000020001
0.90000001
0.800000020001
0.90000003
1.0
1.0
0.800000020001
1.0
0.60000002
0.90000001
0.90000001
0.800000020001
0.90000001
0.90000001
0.800000020001
1.00000003
0.80000001
0.80000001
0.800000020001
0.80000001
0.700000020001
0.700000020001
0.90000001
0.80000001
0.800000020001
0.700000020001
0.90000003
0.80000001
1.0
1.0
0.800000020001
0.800000020001
0.90000001
0.700000020001
0.800000020001
0.90000001
0.80000001
0.800000020001
0.90000003
0.90000001
0.800000020001
0.700000020001
0.90000001
0.800000020001
1.19999999
0.60000002
0.700000020001
0.80000001
0.800000020001
0.700000020001
0.800000020001
0.800000020001
1.10000002
0.90000001
0.90000001
0.80000001
0.800000020001
0.700000020001
0.80000001
0.800000020001
0.90000001
0.800000020001
0.90000001
1.00000003
0.700000020001
0.60000002
1.00000003
0.700000020001
1.00000003
0.700000020001
0.90000001
0.80000001
0.800000020001
1.0
0.700000020001
3.2
3.8
8.8000002
8.9000001
10.5
6.5625
10.6999998
8.9999998
4.2
1.89999998
1.20000004
1.30000001
1.10000002
1.10000002
1.00000003
1.10000002
1.0
1.10000002
1.10000002
1.0
1.00000003
1.1
0.90000001
1.0
1.69999999
4.1000001
7.3
6.0
10.2000003
11.5999999
5.2775
6.4175
4.7
2.2
1.5
1.19999999
1.19999999
1.20000004
1.10000002
1.30000001
1.0
1.19999999
1.10000002
1.30000001
0.90000001
1.10000002
1.00000003
1.10000002
2.30000001
3.3999999
8.8000002
9.0999999
11.5
11.7000003
11.5
10.8000002
4.0999999
2.5
1.40000003
1.39999998
1.19999999
1.10000002
1.19999999
1.0
1.00000003
1.10000002
1.10000002
1.19999999
1.00000003
0.90000001
1.10000002
1.30000001
1.39999998
3.7999999
7.4000001
6.2000001
10.2999997
12.3000002
3.0025
11.8000002
5.2000001
2.7
1.99999998
1.69999999
1.30000001
1.5
1.30000001
1.5
1.39999998
1.30000001
1.20000004
1.60000002
1.30000001
1.10000002
1.5
1.39999998
1.69999999
3.3
6.7
6.2
11.0999999
12.1999998
5.175
11.6999998
3.8
1.80000001
1.5
1.60000002
1.30000001
1.39999998
1.30000001
1.40000003
1.20000004
1.40000003
1.19999999
1.30000001
1.20000004
1.39999998
1.19999999
1.19999999
1.20000004
1.5
1.10000002
1.30000001
1.20000004
1.10000002
1.5
1.30000001
1.30000001
1.30000001
1.5
1.30000001
1.40000003
1.10000002
1.5
1.20000004
1.20000004
1.30000001
1.30000001
1.10000002
1.19999999
1.20000004
1.19999999
1.30000001
1.20000004
1.19999999
1.19999999
1.30000001
1.30000001
1.10000002
1.19999999
1.30000001
1.30000001
1.40000003
1.19999999
1.19999999
1.40000003
1.19999999
1.30000001
1.10000002
1.39999998
1.10000002
1.19999999
1.10000002
1.19999999
1.20000004
1.30000001
1.10000002
2.5
3.1
5.5
5.6000001
10.8999996
11.0
11.6999998
8.8000002
3.7
1.89999998
1.60000002
1.59999997
1.5
1.30000001
1.19999999
1.30000001
1.40000003
1.30000001
1.19999999
1.5
1.10000002
1.19999999
1.40000003
1.30000001
1.79999999
3.5
6.4000001
8.3000002
9.0
11.7000003
10.7000003
8.8999999
3.4999999
2.1
1.89999998
1.69999999
1.60000002
1.5
1.30000001
1.59999997
1.20000004
1.39999998
1.30000001
1.40000003
1.10000002
1.30000001
1.20000004
1.59999997
1.5
3.0
5.4000001
6.8999999
9.4000001
12.0
12.0
11.6999998
4.3
2.10000001
1.79999996
1.60000002
1.39999998
1.40000003
1.30000001
1.5
1.20000004
1.20000004
1.30000001
1.20000004
1.30000001
1.5
1.20000004
1.39999998
1.60000002
3.6
6.7
8.5
10.1999998
10.9000001
3.2875
6.205
3.6
2.3
1.60000002
1.80000001
1.39999998
1.40000003
1.30000001
1.5
1.5
1.19999999
1.40000003
1.30000001
1.30000001
1.40000003
1.19999999
1.5
1.69999999
3.3
6.8000002
7.2000003
7.0175
7.4625
11.8000002
8.7999999
3.6
1.60000002
1.20000004
1.30000001
1.10000002
1.10000002
1.10000002
1.10000002
1.10000002
1.30000001
1.0
1.1
1.10000002
1.10000002
1.10000002
1.10000002
1.30000001
1.20000004
1.10000002
1.00000003
1.10000002
1.10000002
1.0
1.30000001
1.1
1.10000002
1.30000001
1.19999999
1.10000002
1.10000002
1.20000004
0.90000001
1.10000002
1.30000001
1.00000003
1.0
1.10000002
1.20000004
1.0
1.10000002
1.40000003
1.10000002
1.0
1.19999999
1.0
1.10000002
1.10000002
1.10000002
1.10000002
1.0
1.30000001
1.20000004
1.20000002
0.90000001
1.19999999
1.0
1.10000002
1.19999999
1.0
1.0
1.20000004
0.800000020001
1.30000001
0.90000001
1.69999999
2.2
5.6
10.0
9.7000003
10.5
5.3975
10.5
3.5
1.59999997
1.5
1.60000002
1.40000003
1.20000004
1.10000002
1.19999999
1.19999999
1.20000004
1.20000004
1.30000001
1.30000001
1.10000002
1.19999999
1.99999998
2.3
2.9
6.8000002
5.5
9.9000001
11.8000002
6.1175
11.1999998
3.9999999
1.80000001
1.69999999
1.69999999
1.40000003
1.39999998
1.5
1.20000004
1.30000001
1.30000001
1.39999998
1.30000001
1.30000001
1.20000004
1.5
1.19999999
2.7
3.4
7.1999998
7.8000002
9.6999998
11.9000001
6.9975
7.4125
3.5
1.40000003
1.5
1.30000001
1.40000003
1.5
1.10000002
1.30000001
1.19999999
1.10000002
1.20000004
1.30000001
1.10000002
1.19999999
1.30000001
1.20000002
2.29999998
2.4
6.5
8.7000003
9.3999996
10.3000002
3.505
9.1999998
3.7
1.59999997
1.69999999
1.39999998
1.59999997
1.5
1.30000001
1.40000003
1.40000003
1.19999999
1.39999998
1.40000003
1.20000004
1.40000003
1.30000001
1.19999999
1.79999996
2.9
6.4000001
6.8
9.4000001
9.5
10.5999999
8.2999999
2.9
1.59999997
1.19999999
1.19999999
1.40000003
1.0
1.40000003
1.10000002
1.19999999
1.1
1.10000002
1.10000002
1.40000003
0.90000001
0.90000001
1.69999999
1.69999999
1.79999996
1.80000001
1.30000001
1.10000002
0.80000001
1.20000004
0.800000020001
1.19999999
1.10000002
1.0
1.1
1.10000002
1.0
1.0
0.90000001
1.1
1.10000002
1.30000001
1.59999997
1.69999999
1.5
1.80000001
1.5
1.99999998
1.80000001
1.69999999
1.20000004
1.0
0.90000001
1.1
1.10000002
1.0
1.20000004
1.0
1.10000002
1.10000002
0.800000020001
1.20000004
0.90000001
1.0
0.90000001
1.0
1.0
1.00000003
1.1
1.00000003
1.19999999
1.30000001
1.20000004
1.10000002
1.20000004
1.10000002
1.0
1.30000001
1.10000002
1.10000002
1.30000001
1.0
1.20000004
1.10000002
0.90000001
1.19999999
1.00000003
1.0
1.40000003
0.90000001
1.10000002
1.10000002
1.0
1.10000002
1.10000002
1.39999998
3.8
6.7000001
5.2999999
8.8000002
9.0999999
10.3000002
8.4000001
3.6999999
2.2
1.39999998
1.60000002
1.30000001
1.39999998
1.39999998
1.40000003
1.30000001
1.40000003
1.30000001
1.5
1.20000004
1.60000002
1.10000002
1.39999998
1.60000002
3.6
6.8999999
6.2999999
7.8000002
9.5999999
11.8000002
7.395
4.1000001
2.10000001
1.60000002
1.69999999
1.30000001
1.30000001
1.69999999
1.30000001
1.30000001
1.20000004
1.20000004
1.30000001
1.30000001
1.20000004
1.30000001
1.40000003
1.69999999
3.9
7.7000001
8.4000001
9.5
10.5
3.53
11.8000002
3.3
1.5
1.60000002
1.59999997
1.39999998
1.30000001
1.59999997
1.20000004
1.60000002
1.19999999
1.39999998
1.30000001
1.60000002
1.20000004
1.5
1.39999998
1.60000002
3.3
6.5999999
6.0
7.4375
7.9225
5.735
10.1999998
2.7
1.79999996
1.30000001
1.10000002
1.5
1.0
1.20000004
1.30000001
1.10000002
1.19999999
1.19999999
1.10000002
1.20000004
1.19999999
1.00000003
1.10000002
1.20000004
1.10000002
1.19999999
1.1
1.1
1.0
1.00000003
1.19999999
1.0
1.19999999
1.20000004
1.10000002
1.20000004
1.00000003
1.10000002
1.1
1.0
1.10000002
1.0
1.0
1.19999999
1.00000003
1.00000003
1.30000001
1.0
1.20000004
1.0
0.90000001
1.20000004
0.90000001
0.90000001
1.10000002
1.10000002
1.0
1.19999999
1.30000001
0.90000001
1.19999999
1.0
1.10000002
1.00000003
1.30000001
0.90000001
1.10000002
1.00000003
1.20000004
0.90000001
1.20000002
1.30000001
3.0
7.1000001
6.7999997
10.7999997
6.455
4.685
11.0
3.8
1.89999998
1.5
1.69999999
1.69999999
1.40000003
1.30000001
1.5
1.40000003
1.5
1.30000001
1.40000003
1.30000001
1.30000001
1.20000004
1.39999998
2.39999998
3.9
7.3000002
7.7000003
10.1000004
12.1999998
5.7275
7.02
4.1
1.90000001
1.89999998
1.69999999
1.90000001
1.39999998
1.40000003
1.5
1.30000001
1.39999998
1.60000002
1.20000004
1.5
1.20000004
1.5
1.60000002
2.09999999
3.9
6.8999999
6.0
9.9000001
11.7000003
6.3725
10.2999997
2.9
1.60000002
1.59999997
1.59999997
1.80000001
1.40000003
1.5
1.39999998
1.39999998
1.40000003
1.59999997
1.39999998
1.30000001
1.30000001
1.39999998
1.39999998
2.4
3.7
9.6999998
6.7225
7.765
9.0375
3.9225
6.73
4.9
1.60000002
1.80000001
1.80000001
1.5
1.60000002
1.69999999
1.40000003
1.60000002
1.40000003
1.69999999
1.40000003
1.59999997
1.30000001
1.69999999
1.59999997
2.29999998
2.30000001
6.8
4.9
9.8000002
10.6000002
5.3775
9.1999998
1.39999998
1.1
1.20000004
1.5
1.10000002
1.20000004
1.30000001
0.90000001
1.40000003
1.10000002
1.30000001
1.10000002
1.30000001
1.20000004
1.20000004
1.39999998
1.30000001
1.39999998
1.40000003
1.0
1.30000001
1.10000002
1.40000003
1.19999999
1.20000004
1.30000001
1.20000004
1.5
1.40000003
1.10000002
1.39999998
1.10000002
1.20000004
1.40000003
1.19999999
1.30000001
1.10000002
1.30000001
1.10000002
1.30000001
1.40000003
1.40000003
1.20000004
1.19999999
1.20000004
1.20000004
1.20000004
1.30000001
1.19999999
1.39999998
1.19999999
1.30000001
1.30000001
1.40000003
1.10000002
1.30000001
1.00000003
1.30000001
1.10000002
1.30000001
1.0
1.19999999
1.20000004
1.39999998
2.4
3.8
7.5999999
6.3
9.6999998
12.2999997
4.4
5.5075
3.2
1.90000001
1.30000001
1.90000001
1.30000001
1.59999997
1.5
1.20000004
1.5
1.10000002
1.5
1.40000003
1.5
1.5
1.40000003
1.5
1.5
3.7
6.2
4.9
9.7999997
11.5
5.3675
11.5
3.6
1.79999999
1.40000003
1.59999997
1.30000001
1.5
1.20000004
1.10000002
1.39999998
1.20000004
1.10000002
1.30000001
1.0
1.30000001
1.20000004
1.30000001
1.5
3.4999999
5.1999999
4.9
10.0999999
11.3000002
5.9025
8.7999999
3.8
1.5
1.5
1.5
1.39999998
1.30000001
1.30000001
1.30000001
1.30000001
1.20000004
1.39999998
1.30000001
1.20000004
1.19999999
1.40000003
1.30000001
1.69999999
3.0
6.0
8.8999996
8.9000001
11.0999999
3.7725
11.0999999
2.8
1.59999997
1.59999997
1.30000001
1.60000002
1.30000001
1.30000001
1.20000004
1.39999998
1.10000002
1.5
1.0
1.5
1.20000004
1.30000001
1.19999999
1.69999999
2.5
5.7999999
7.5
9.8999996
11.0999999
4.9425
11.9000001
2.8
1.10000002
1.19999999
0.90000001
1.00000003
0.90000001
1.0
0.90000001
0.90000001
0.800000020001
0.800000020001
1.00000003
0.80000001
1.0
0.700000020001
1.10000002
1.00000003
1.10000002
0.80000001
1.00000003
0.90000001
0.800000020001
0.90000001
1.00000003
0.90000001
0.90000001
0.90000001
1.1
0.800000020001
1.10000002
0.800000020001
0.90000001
0.90000001
0.90000001
0.90000001
0.800000020001
0.90000003
1.00000003
0.80000001
0.90000003
1.20000004
1.0
1.1
0.800000020001
0.800000020001
1.0
0.800000020001
1.0
0.800000020001
1.00000003
0.90000001
1.10000002
0.800000020001
0.90000001
0.90000001
0.800000020001
1.10000002
0.800000020001
0.800000020001
1.00000003
0.90000001
0.90000001
1.1
0.80000001
1.10000002
1.10000002
1.0
0.800000020001
1.10000002
0.90000001
0.90000001
0.90000001
1.0
1.00000003
1.0
0.800000020001
1.0
0.90000001
0.800000020001
1.1
0.700000020001
0.80000001
1.20000004
0.700000020001
0.90000001
1.0
0.800000020001
0.90000001
1.10000002
1.19999999
0.800000020001
0.90000001
1.10000002
0.90000001
0.800000020001
1.0
0.90000001
0.90000001
0.800000020001
1.1
0.90000001
0.90000001
1.10000002
0.90000001
0.90000001
0.700000020001
1.00000003
0.80000001
0.800000020001
0.800000020001
1.10000002
0.700000020001
1.20000004
1.20000004
0.800000020001
1.1
0.90000001
0.800000020001
1.00000003
1.00000003
0.90000001
0.90000001
1.10000002
0.90000001
1.1
0.800000020001
0.800000020001
0.90000001
0.90000001
0.800000020001
1.10000002
0.700000020001
0.800000020001
1.0
0.700000020001
0.90000001
1.30000001
1.0
1.0
1.00000003
0.90000001
1.0
1.0
0.800000020001
0.90000001
1.1
1.00000003
0.90000001
1.0
0.90000001
0.800000020001
1.10000002
0.800000020001
1.0
0.800000020001
1.00000003
0.90000001
0.90000001
0.90000001
0.90000001
1.0
1.10000002
0.90000001
1.0
0.90000001
1.0
0.800000020001
1.0
1.0
0.800000020001
0.90000003
1.1
0.800000020001
1.0
0.90000001
0.800000020001
0.90000001
1.00000003
0.80000001
1.0
0.700000020001
0.90000001
0.90000001
0.90000001
1.00000003
1.19999999
0.800000020001
1.00000003
1.00000003
0.700000020001
0.90000001
1.0
0.80000001
0.80000001
1.10000002
1.00000003
0.80000001
0.800000020001
1.10000002
0.800000020001
1.00000003
0.80000001
0.90000001
0.700000020001
1.1
0.700000020001
0.90000001
1.10000002
0.90000001
1.0
1.1
0.700000020001
1.0
1.00000003
0.700000020001
0.90000001
0.90000001
1.0
0.90000001
1.00000003
1.0
0.700000020001
0.90000001
0.90000001
0.90000001
0.90000001
0.90000001
0.800000020001
1.0
0.800000020001
0.90000001
0.90000003
1.10000002
1.30000001
2.4
1.79999996
2.3
3.4
4.2999999
3.5
1.0
1.00000003
1.00000003
1.0
0.800000020001
0.700000020001
1.10000002
0.80000001
0.800000020001
1.10000002
0.800000020001
0.700000020001
1.0
0.800000020001
0.800000020001
0.90000001
1.40000003
2.7
8.1000002
6.5
10.4000001
11.4000001
4.5525
11.2000003
2.9
1.30000001
1.19999999
1.39999998
1.0
1.10000002
1.10000002
1.10000002
1.10000002
1.10000002
1.10000002
1.20000004
1.10000002
1.00000003
1.10000002
1.30000001
2.20000001
4.0
8.5
8.1000002
9.5
11.6000004
4.97
10.9000001
3.8
1.30000001
1.30000001
1.10000002
1.39999998
1.10000002
1.0
1.0
1.19999999
1.19999999
1.0
1.10000002
1.10000002
1.0
1.19999999
1.0
2.19999998
2.4
4.8
3.5
8.8000002
12.0
4.1725
11.8000002
2.70000001
1.0
1.39999998
1.20000004
1.10000002
1.0
1.30000001
1.10000002
1.0
1.20000004
1.0
1.10000002
1.19999999
0.90000001
1.0
1.19999999
2.4
4.0999999
6.3000002
6.3999998
10.0
11.0999999
4.2625
11.1999998
2.8
1.80000001
1.20000004
1.5
1.30000001
1.5
1.10000002
1.40000003
1.0
1.20000004
1.20000004
1.20000004
1.10000002
1.30000001
0.90000001
1.30000001
1.30000001
1.40000003
1.0
1.30000001
1.00000003
1.19999999
1.39999998
1.10000002
1.10000002
1.30000001
1.10000002
1.39999998
1.30000001
1.20000004
1.19999999
1.19999999
1.10000002
0.5
1.0
1.0225
1.095
1.0825
1.085
1.135
1.195
1.18
1.125
1.0125
1.0175
1.015
0.9875
1.0325
1.005
1.0425
1.0975
1.17
1.1375
1.06
1.04
1.01
1.0225
1.015
1.01
1.0475
1.0675
1.0925
1.085
1.0875
1.5325
1.8375
3.57
4.4075
5.715
6.4275
3.995
5.25
3.2125
1.73
1.345
1.28
1.2125
1.1375
1.135
1.1175
1.14
1.105
1.1125
1.135
1.185
1.2
1.2
1.2525
1.675
2.6425
4.6375
5.3375
6.6175
7.975
4.2625
6.5425
4.0075
1.8075
1.37
1.3825
1.265
1.2125
1.195
1.1675
1.175
1.21
1.175
1.2125
1.1775
1.2125
1.2225
1.265
1.7525
3.08
5.255
5.5125
6.6225
7.735
4.625
6.5775
4.03
1.9925
1.515
1.4275
1.3675
1.275
1.235
1.215
1.21
1.2025
1.215
1.22
1.205
1.1925
1.2125
1.265
1.775
2.6225
4.5
5.4775
6.355
7.605
4.625
7.345
5.0125
2.5425
2.0075
2.015
1.82
1.6825
1.6075
1.485
1.375
1.2975
1.3025
1.2575
1.3075
1.2475
1.2425
1.28
1.785
2.1675
4.0475
5.0925
6.5675
7.7525
4.0625
6.08
3.47
1.66
1.3425
1.315
1.185
1.1175
1.0875
1.05
1.0325
1.045
1.02
1.0475
1.015
1.03
0.995
1.0925
1.1675
1.2175
1.095
1.0275
0.9975
0.9525
1.0
0.9975
0.9525
0.9625
1.0375
1.1275
1.06
1.03
1.0525
1.03
1.035
1.0025
1.005
1.0025
1.06
1.035
1.0425
1.095
1.17
1.2125
1.1675
1.045
1.0475
1.0525
1.05
1.0575
1.0225
1.0475
1.0825
1.1425
1.115
1.025
1.015
1.0275
1.045
0.69999999
1.005
1.19999999
1.10000002
1.20000004
1.10000002
1.20000004
1.69999999
3.7
6.1999998
5.1
10.0999999
10.7000003
3.88
11.0999999
2.4
1.60000002
1.60000002
1.69999999
1.5
1.30000001
1.5
1.40000003
1.40000003
1.5
1.20000004
1.19999999
1.59999997
1.39999998
1.39999998
1.20000004
2.20000001
3.6999999
6.1000001
6.0
9.9000001
11.4000001
4.0425
11.5
4.4
1.69999999
1.59999997
1.80000001
1.40000003
1.5
1.5
1.5
1.60000002
1.20000004
1.10000002
1.60000002
1.30000001
1.39999998
1.5
1.30000001
1.79999996
4.3
6.5999999
4.8000002
9.8000002
7.545
4.2325
11.5999999
4.1
3.4
2.00000001
1.5
1.39999998
1.5
1.30000001
1.59999997
1.5
1.39999998
1.30000001
1.40000003
1.30000001
1.40000003
1.30000001
1.5
2.0
4.1
5.9000001
10.2000003
8.5
11.1999998
4.705
11.6000004
3.5
1.69999999
1.60000002
1.89999998
1.60000002
1.30000001
1.39999998
1.5
1.5
1.30000001
1.30000001
1.30000001
1.39999998
1.39999998
1.30000001
1.5
2.30000001
2.5
4.6999998
10.3
8.9000001
11.8000002
3.77
9.7999997
2.7
1.59999997
1.40000003
1.5
1.30000001
1.20000004
1.1
1.20000004
1.39999998
1.20000004
1.0
1.30000001
0.90000003
1.19999999
1.30000001
1.20000004
1.40000003
1.20000004
1.30000001
1.10000002
1.10000002
1.10000002
1.30000001
1.30000001
1.00000003
1.30000001
1.20000004
1.5
1.0
1.20000004
1.10000002
1.1
1.19999999
1.20000004
1.0
1.10000002
1.1
1.20000004
1.20000004
1.19999999
1.20000004
1.30000001
1.19999999
1.1
1.30000001
1.0
1.10000002
1.5
1.0
1.19999999
1.30000001
1.30000001
1.30000001
1.30000001
1.0
1.10000002
1.10000002
0.69999999
1.0
1.0125
1.04
1.0725
1.05
1.07
1.575
2.0625
3.925
4.705
5.865
6.7325
3.705
5.25
3.33
1.77
1.3575
1.2975
1.225
1.17
1.16
1.1525
1.21
0.69999999
1.135
1.39999998
1.5
1.10000002
1.40000003
1.39999998
2.19999998
2.4
5.5
8.5
8.0
11.5999999
3.7925
10.9000001
2.7
1.59999997
1.80000001
1.79999996
1.69999999
1.59999997
1.40000003
1.30000001
1.5
1.80000001
1.30000001
1.39999998
1.30000001
1.59999997
1.30000001
1.39999998
2.49999998
4.0
7.0
9.6999998
8.3000002
10.8999996
3.9175
6.28
3.3
1.59999997
1.80000001
1.89999998
1.69999999
1.69999999
1.59999997
1.39999998
1.30000001
1.5
1.5
1.5
1.39999998
1.39999998
1.30000001
1.60000002
2.5
3.9999999
6.8
11.2999997
8.4000001
8.5999999
12.2000003
11.7000003
4.7999999
2.19999998
1.60000002
1.90000001
1.69999999
1.69999999
1.5
1.30000001
1.40000003
1.5
1.60000002
1.5
1.5
1.30000001
1.60000002
1.69999999
2.5
3.6999999
6.5
8.4999998
6.595
7.72
3.64
8.5
1.99999998
1.39999998
1.20000004
1.69999999
1.30000001
1.20000004
1.60000002
1.10000002
1.00000003
1.00000003
1.20000004
1.19999999
1.30000001
1.10000002
1.10000002
1.39999998
1.20000004
1.5
1.20000004
1.10000002
1.19999999
1.30000001
1.10000002
1.30000001
1.39999998
1.19999999
1.40000003
1.30000001
1.30000001
1.30000001
1.20000004
1.30000001
1.19999999
1.39999998
1.19999999
1.20000004
1.40000003
1.10000002
1.0
1.30000001
1.30000001
1.39999998
1.30000001
1.20000004
1.10000002
1.1
1.39999998
1.10000002
1.19999999
1.0
1.30000001
1.19999999
1.40000003
1.30000001
1.30000001
1.0
1.10000002
1.39999998
1.10000002
1.0
1.20000004
1.40000003
1.10000002
1.10000002
1.60000002
1.90000001
6.1000001
11.4000001
9.3000002
11.4000001
3.71
10.5
4.3
2.4
1.89999998
1.5
1.69999999
1.69999999
1.60000002
1.59999997
1.80000001
1.30000001
1.39999998
1.69999999
1.30000001
1.5
1.5
1.40000003
1.89999999
2.9
5.4
8.7000003
8.7999997
10.3999996
4.52
11.2999997
3.6999999
2.2
2.3
2.2
1.5
2.1
2.00000001
1.69999999
1.60000002
1.69999999
1.39999998
1.69999999
1.80000001
1.60000002
1.60000002
1.69999999
2.20000001
3.2
6.2
5.6925
6.945
8.0225
4.14
11.3000002
3.1
2.5
2.0
2.0
1.30000001
1.99999998
1.89999998
1.89999998
1.99999998
1.69999999
1.19999999
2.0
2.0
1.69999999
1.89999998
1.80000001
1.80000001
5.2999999
7.1
6.9000001
8.8000002
10.4000001
4.64
11.6999998
4.7
2.5
1.99999998
1.79999996
1.40000003
1.79999996
1.79999996
1.99999998
1.60000002
1.69999999
1.5
1.5
1.69999999
1.89999998
1.5
1.5
2.29999998
3.5
6.4000001
6.0
11.3000002
11.7999997
3.6725
10.1999998
4.1
1.79999996
1.39999998
1.69999999
1.30000001
1.40000003
1.39999998
1.5
1.39999998
1.39999998
1.30000001
1.19999999
1.39999998
1.39999998
1.39999998
1.5
1.5
1.40000003
1.39999998
1.39999998
1.60000002
1.30000001
1.39999998
1.19999999
1.40000003
1.5
1.60000002
1.5
1.5
1.20000004
1.39999998
1.60000002
1.39999998
1.20000004
1.20000004
1.19999999
1.5
1.20000004
1.39999998
1.39999998
1.39999998
1.30000001
1.5
1.39999998
1.30000001
1.40000003
1.40000003
1.10000002
1.40000003
1.5
1.5
1.60000002
1.59999997
1.00000003
1.60000002
1.39999998
1.30000001
1.30000001
1.59999997
1.10000002
1.20000004
1.5
1.20000004
1.20000004
2.8
2.6
5.0
6.9999998
9.5
11.8000002
3.325
4.84
3.7
1.90000001
1.69999999
1.69999999
1.5
1.40000003
1.5
1.30000001
1.69999999
1.30000001
1.39999998
1.5
1.40000003
1.30000001
1.59999997
1.69999999
2.6
3.1
5.7999999
6.5
9.0999999
11.7000003
3.2525
10.5
3.3
1.90000001
1.79999996
1.89999998
1.69999999
1.5
1.5
1.5
1.5
1.69999999
1.5
1.39999998
1.19999999
1.80000001
1.30000001
1.60000002
3.1
3.9
6.6999998
6.1000001
8.5999999
11.0999999
3.2525
11.0
3.2
2.1
1.5
1.79999996
1.69999999
1.5
1.40000003
1.60000002
1.40000003
1.80000001
1.5
1.59999997
1.39999998
1.39999998
1.30000001
1.80000001
2.5
2.8
5.5999999
5.8000001
8.5000002
11.3999998
4.1925
11.0999999
3.69999998
1.69999999
1.69999999
2.1
1.69999999
1.60000002
1.5
1.5
1.30000001
1.59999997
1.39999998
1.59999997
1.5
1.40000003
1.59999997
1.40000003
2.6
2.8
5.7
7.0000002
9.8000002
12.2999997
3.47
5.93
3.4
1.59999997
1.79999996
1.30000001
1.40000003
1.40000003
1.20000004
1.10000002
1.5
1.20000004
1.20000004
1.30000001
1.20000004
1.20000004
1.40000003
1.39999998
1.40000003
1.39999998
1.30000001
1.10000002
1.5
1.30000001
1.30000001
1.5
1.40000003
1.00000003
1.59999997
1.39999998
1.30000001
1.39999998
1.30000001
1.20000004
1.30000001
1.20000004
1.30000001
1.40000003
1.10000002
1.0
1.59999997
1.20000004
1.5
1.39999998
1.30000001
1.0
1.30000001
1.30000001
1.30000001
1.30000001
1.20000004
1.30000001
1.30000001
1.59999997
1.30000001
1.20000004
1.20000004
1.10000002
1.5
1.30000001
1.19999999
1.19999999
1.30000001
1.20000004
1.10000002
1.60000002
2.9
4.0
7.0
5.8999999
9.5
10.6999998
3.1025
10.2000003
4.5999999
2.5
1.80000001
1.79999996
1.59999997
1.5
1.5
1.39999998
1.79999999
1.5
1.59999997
1.30000001
1.5
1.79999996
1.19999999
1.60000002
2.6
3.9999999
7.5
9.4000001
9.8000002
12.0999999
3.1225
9.5999999
4.5
1.99999998
1.79999996
1.79999996
1.79999996
1.5
1.69999999
1.59999997
1.5
1.89999998
1.5
1.60000002
1.60000002
1.60000002
1.39999998
1.69999999
2.6
3.9999999
6.8
5.7999999
9.6000004
10.8000002
2.9
5.07
4.8000001
1.89999998
1.60000002
1.99999998
1.80000001
1.5
1.79999996
1.39999998
1.30000001
1.59999997
1.59999997
1.40000003
1.5
1.39999998
1.5
1.69999999
2.3
3.7
7.8999998
6.9000001
8.5999999
11.6000004
3.7225
5.8025
5.1999998
2.6
1.69999999
1.90000001
1.5
1.59999997
1.5
1.59999997
1.60000002
1.20000002
1.60000002
1.5
1.40000003
1.80000001
1.5
1.5
2.7
4.3000001
8.5999999
8.4000001
11.0
11.2000003
2.8
6.8000001
2.69999998
1.10000002
0.90000001
1.30000001
0.90000001
0.90000001
0.90000001
1.10000002
0.90000001
0.90000001
0.90000001
1.0
1.00000003
1.00000003
1.0
1.0
1.10000002
1.0
1.20000004
0.90000001
0.90000001
0.800000020001
1.10000002
0.90000001
0.90000001
1.10000002
1.0
1.00000003
0.90000001
1.19999999
0.800000020001
0.90000001
1.0
0.90000001
1.00000003
0.90000001
0.90000001
0.90000001
1.00000003
0.90000001
1.30000001
1.10000002
0.800000020001
0.90000001
1.10000002
0.90000001
1.0
1.00000003
0.800000020001
1.00000003
1.10000002
1.10000002
0.90000001
1.0
0.800000020001
1.20000004
0.90000001
1.19999999
0.90000001
0.90000001
1.10000002
0.800000020001
1.00000003
0.90000001
1.10000002
1.10000002
1.10000002
0.800000020001
0.800000020001
1.00000003
0.90000001
1.00000003
1.00000003
1.0
1.00000003
1.00000003
0.90000001
1.00000003
0.90000001
0.800000020001
0.90000001
0.800000020001
0.800000020001
0.800000020001
1.0
0.800000020001
1.00000003
1.00000003
1.10000002
1.00000003
1.1
1.00000003
0.800000020001
0.90000001
0.90000001
1.0
0.90000001
1.00000003
0.800000020001
1.10000002
0.90000001
0.90000001
1.10000002
0.800000020001
1.1
0.90000001
1.00000003
0.90000001
0.90000001
0.90000001
0.90000001
0.90000001
1.10000002
1.10000002
0.90000001
0.800000020001
0.90000001
1.1
0.90000001
1.0
0.90000001
1.0
1.10000002
1.0
1.10000002
0.800000020001
0.800000020001
1.1
0.800000020001
0.90000001
1.0
0.90000001
1.0
1.0
1.00000003
0.800000020001
1.19999999
1.10000002
0.90000001
0.90000001
0.80000001
0.800000020001
1.20000004
0.90000001
0.800000020001
1.0
1.0
1.0
0.90000001
0.90000001
0.800000020001
1.0
0.90000001
0.800000020001
0.90000001
0.800000020001
1.0
1.00000003
0.700000020001
0.90000001
1.19999999
1.0
1.00000003
1.0
0.800000020001
0.800000020001
1.00000003
0.90000001
1.0
0.800000020001
1.1
1.10000002
0.800000020001
0.800000020001
0.90000001
0.90000001
0.90000001
1.10000002
0.90000001
0.800000020001
0.800000020001
1.1
0.800000020001
0.90000001
1.10000002
1.10000002
0.90000001
0.800000020001
0.90000001
1.00000003
0.90000001
1.00000003
0.90000001
0.800000020001
0.90000001
1.20000004
0.800000020001
0.90000001
1.00000003
0.800000020001
0.90000001
0.800000020001
1.00000003
0.800000020001
0.90000001
1.0
0.90000001
1.0
1.0
1.0
1.10000002
0.800000020001
1.10000002
0.800000020001
0.90000001
1.0
0.90000001
0.700000020001
1.19999999
0.90000001
0.800000020001
0.90000001
0.800000020001
0.80000001
1.00000003
1.10000002
0.700000020001
0.90000001
1.00000003
0.90000001
0.90000001
0.90000001
1.20000004
1.10000002
0.700000020001
0.90000001
0.90000001
1.00000003
0.90000001
1.00000003
0.800000020001
1.0
0.800000020001
1.00000003
1.00000003
0.800000020001
0.90000001
0.90000001
0.800000020001
0.90000001
0.800000020001
0.700000020001
0.80000001
1.20000004
0.800000020001
0.800000020001
1.20000004
0.90000001
0.90000001
1.00000003
1.00000003
0.800000020001
0.90000003
0.90000001
1.0
0.800000020001
1.0
1.10000002
0.800000020001
0.80000001
1.00000003
0.800000020001
0.800000020001
1.0
0.90000001
0.800000020001
0.90000001
0.90000001
1.10000002
0.90000001
1.1
1.0
0.800000020001
0.90000001
1.0
0.800000020001
0.800000020001
1.00000003
0.90000001
0.90000001
0.90000001
1.1
0.90000001
1.0
0.80000001
0.700000020001
0.90000001
0.700000020001
0.80000001
1.00000003
0.60000002
1.19999999
0.800000020001
0.800000020001
1.0
1.10000002
0.90000001
0.90000001
0.90000001
0.90000001
1.0
1.00000003
0.700000020001
0.90000001
1.0
1.19999999
0.90000001
0.90000001
0.90000001
0.800000020001
0.90000001
1.0
0.90000001
0.80000001
0.90000003
1.00000003
0.800000020001
1.0
1.19999999
0.90000001
0.90000001
0.90000001
0.800000020001
1.00000003
0.800000020001
1.0
0.90000001
0.90000001
1.10000002
0.80000001
0.90000001
0.90000001
0.800000020001
1.00000003
1.0
0.90000001
0.90000001
0.90000001
1.00000003
0.90000001
0.90000001
0.90000001
1.10000002
1.19999999
0.90000001
0.90000001
0.90000001
0.90000001
1.0
1.0
0.700000020001
1.0
1.00000003
1.0
0.90000001
0.90000001
0.80000001
1.0
0.90000001
0.800000020001
1.0
0.800000020001
1.00000003
1.0
0.800000020001
0.90000001
1.19999999
1.10000002
0.80000001
1.0
0.800000020001
0.800000020001
1.00000003
0.90000001
0.90000001
0.90000001
1.19999999
0.90000001
1.10000002
0.800000020001
1.0
1.00000003
0.800000020001
0.90000001
0.90000001
0.800000020001
0.90000001
1.10000002
0.800000020001
0.800000020001
1.39999998
1.0
0.800000020001
1.00000003
0.90000001
0.90000001
1.1
1.00000003
0.800000020001
0.800000020001
0.90000001
1.20000002
1.00000003
0.800000020001
0.90000001
0.90000001
1.00000003
0.800000020001
1.0
0.90000001
0.800000020001
1.10000002
1.0
0.80000001
1.0
1.20000004
0.90000001
0.90000001
0.800000020001
0.90000001
0.90000001
1.0
0.90000001
1.0
0.800000020001
0.90000001
1.19999999
0.800000020001
0.90000001
1.0
1.00000003
0.90000001
0.90000001
0.90000001
0.90000001
1.0
0.90000001
0.90000001
1.10000002
1.0
1.00000003
0.90000001
0.800000020001
0.700000020001
1.00000003
1.1
0.700000020001
1.0
1.0
0.800000020001
1.1
0.90000001
0.700000020001
0.90000003
0.90000001
0.700000020001
1.00000003
0.700000020001
1.00000003
0.90000001
0.800000020001
1.1
1.10000002
1.00000003
1.0
0.90000001
0.800000020001
0.90000001
1.0
0.90000001
0.800000020001
0.90000001
1.0
1.19999999
0.800000020001
0.90000001
0.90000001
1.00000003
0.90000001
1.20000004
0.800000020001
0.800000020001
0.800000020001
1.0
0.90000001
0.90000001
1.19999999
0.800000020001
1.10000002
0.90000001
0.800000020001
0.90000001
0.800000020001
1.0
1.00000003
0.800000020001
1.00000003
1.0
1.10000002
1.00000003
0.90000001
0.800000020001
1.00000003
0.90000001
0.800000020001
1.0
0.800000020001
1.10000002
1.0
0.800000020001
1.10000002
1.10000002
0.800000020001
1.10000002
0.800000020001
0.800000020001
0.90000001
1.10000002
0.90000001
0.800000020001
1.0
1.00000003
0.90000001
0.90000001
1.20000004
0.800000020001
0.90000001
0.800000020001
0.90000001
1.00000003
0.90000001
0.90000001
0.90000001
0.90000001
1.10000002
1.19999999
0.700000020001
0.90000001
1.0
1.00000003
0.90000001
0.800000020001
0.90000001
1.00000003
1.0
1.0
1.0
0.90000001
1.0
1.00000003
0.90000001
0.800000020001
1.0
1.0
0.800000020001
1.0
1.0
0.90000001
1.20000004
1.10000002
0.90000001
1.0
0.800000020001
1.0
0.800000020001
0.90000001
1.0
0.90000001
1.20000004
0.90000001
0.90000001
1.0
0.800000020001
0.90000001
1.10000002
0.700000020001
0.90000001
1.00000003
0.90000001
0.800000020001
1.0
0.90000001
1.0
1.20000004
0.800000020001
0.90000001
0.90000001
0.90000001
1.10000002
0.90000001
0.800000020001
1.10000002
1.0
1.00000003
0.90000001
1.10000002
0.800000020001
1.10000002
1.0
1.10000002
0.800000020001
0.90000001
1.0
0.800000020001
0.90000001
1.0
1.0
1.19999999
0.80000001
0.90000001
1.00000003
0.800000020001
1.10000002
1.10000002
0.800000020001
0.90000001
1.20000002
1.0
0.90000001
1.0
0.90000001
0.90000001
0.800000020001
1.0
0.90000001
0.800000020001
0.90000001
1.00000003
0.800000020001
1.10000002
1.20000004
1.0
0.90000001
1.0
1.00000003
1.0
0.80000001
0.90000001
1.10000002
0.800000020001
0.90000001
1.1
0.800000020001
0.90000001
1.0
0.800000020001
0.90000001
0.700000020001
0.800000020001
1.0
1.00000003
0.800000020001
1.00000003
0.90000001
1.0
1.30000001
0.90000001
0.90000001
0.800000020001
1.10000002
0.90000001
0.800000020001
1.00000003
0.90000001
1.10000002
1.0
1.00000003
0.800000020001
0.80000001
1.10000002
0.90000001
1.0
0.800000020001
0.90000001
1.0
0.90000001
0.80000001
1.0
0.90000001
1.30000001
0.800000020001
0.90000001
0.90000001
1.0
0.90000001
1.0
0.90000001
0.90000001
0.90000001
1.1
1.0
0.90000001
0.90000001
0.90000001
0.90000001
0.700000020001
0.90000001
0.800000020001
1.0
0.800000020001
0.90000001
1.0
1.0
1.30000001
0.90000001
0.800000020001
0.90000001
1.00000003
1.0
0.90000001
0.90000001
0.700000020001
1.19999999
0.90000001
1.0
0.90000001
0.800000020001
1.19999999
0.90000001
0.700000020001
0.800000020001
1.00000003
0.800000020001
0.90000003
1.00000003
0.90000001
0.90000001
1.30000001
0.700000020001
0.90000001
0.800000020001
0.90000001
1.1
0.90000001
0.90000001
1.0
0.90000001
0.800000020001
1.1
0.90000001
0.80000001
1.00000003
0.90000001
1.00000003
1.0
0.90000001
0.80000001
0.90000001
0.90000001
0.800000020001
1.30000001
1.19999999
1.00000003
0.90000001
0.90000001
0.90000001
1.00000003
1.00000003
0.90000001
1.0
0.90000001
0.90000001
1.19999999
0.800000020001
0.800000020001
1.00000003
0.90000001
0.800000020001
0.90000001
0.90000001
0.90000001
1.0
0.90000001
1.0
1.0
1.0
1.20000004
0.90000001
0.90000001
1.00000003
0.800000020001
1.00000003
0.90000001
1.10000002
0.800000020001
1.19999999
1.00000003
0.800000020001
0.800000020001
1.00000003
0.90000001
1.0
0.700000020001
0.90000001
1.0
0.90000001
0.90000001
0.90000001
1.10000002
1.19999999
1.1
0.800000020001
0.800000020001
1.10000002
1.0
0.90000001
0.90000001
0.90000001
0.90000001
1.10000002
1.1
0.800000020001
0.90000001
0.80000001
1.0
0.90000001
0.80000001
0.800000020001
1.10000002
0.800000020001
0.800000020001
1.1
1.0
1.10000002
1.00000003
0.90000001
0.800000020001
0.90000001
1.10000002
0.90000001
0.90000001
0.800000020001
1.10000002
1.1
0.800000020001
0.90000001
0.800000020001
0.90000001
1.00000003
0.80000001
0.90000001
0.800000020001
1.10000002
0.90000001
0.700000020001
1.0
1.10000002
1.10000002
0.90000001
1.0
0.800000020001
0.90000001
1.10000002
0.800000020001
1.0
0.800000020001
1.00000003
1.20000004
0.800000020001
0.800000020001
1.1
0.800000020001
1.0
0.90000001
0.800000020001
0.800000020001
0.90000001
1.1
0.800000020001
0.90000001
1.0
1.10000002
0.90000001
0.80000001
0.90000001
0.800000020001
0.90000001
0.90000001
1.00000003
1.0
0.90000001
0.90000001
1.1
0.800000020001
0.80000001
1.00000003
0.90000001
0.90000001
0.90000001
0.90000003
0.800000020001
0.90000001
1.00000003
0.800000020001
1.10000002
1.10000002
0.800000020001
1.10000002
0.80000001
0.90000001
1.00000003
0.700000020001
1.1
0.90000001
0.90000001
1.00000003
1.0
1.00000003
0.800000020001
1.00000003
0.800000020001
0.80000001
0.90000001
1.00000003
0.800000020001
0.90000001
1.10000002
0.800000020001
1.10000002
1.20000004
0.700000020001
1.00000003
0.800000020001
0.90000001
0.800000020001
1.0
0.90000001
0.700000020001
1.0
1.0
1.00000003
1.0
0.700000020001
0.800000020001
1.10000002
0.800000020001
0.90000001
0.700000020001
0.80000001
1.0
0.90000001
0.90000001
0.90000001
1.30000001
0.90000001
0.700000020001
0.90000001
0.90000001
0.90000001
1.0
0.90000001
0.800000020001
1.1
0.90000001
1.0
0.800000020001
0.800000020001
1.1
0.800000020001
0.700000020001
1.00000003
0.800000020001
0.90000001
0.90000001
0.90000001
0.90000001
3.50000012
1.70000001
0.800000020001
1.10000002
0.800000020001
0.800000020001
1.00000003
0.90000001
1.0
0.90000001
1.1
0.800000020001
1.00000003
0.90000001
0.80000001
0.90000001
0.800000020001
0.90000001
1.10000002
0.700000020001
0.90000001
0.90000001
0.800000020001
1.0
1.10000002
0.90000001
1.00000003
1.00000003
0.800000020001
0.90000001
0.800000020001
1.0
1.0
0.800000020001
1.1
1.0
0.800000020001
1.10000002
0.90000001
0.800000020001
0.800000020001
1.10000002
0.800000020001
0.800000020001
0.800000020001
0.90000001
0.90000001
0.90000001
1.10000002
0.90000001
0.90000001
1.0
0.800000020001
0.90000001
0.800000020001
0.90000001
1.10000002
0.800000020001
1.00000003
1.00000003
0.800000020001
1.00000003
0.90000001
0.800000020001
0.90000001
0.800000020001
1.0
0.800000020001
0.90000001
0.90000001
1.1
0.90000001
1.00000003
0.90000001
1.0
0.800000020001
1.19999999
0.800000020001
0.800000020001
1.10000002
0.800000020001
0.90000001
1.0
1.00000003
0.90000001
0.90000001
0.90000001
1.00000003
0.80000001
0.800000020001
0.90000001
0.80000001
0.90000001
1.0
0.700000020001
1.00000003
1.10000002
1.10000002
1.0
0.800000020001
1.00000003
1.0
0.90000001
1.00000003
0.90000001
0.800000020001
1.1
0.90000001
0.90000001
0.90000001
0.80000001
1.0
0.80000001
0.90000001
0.800000020001
1.0
0.90000001
0.90000001
0.90000001
0.80000001
1.30000001
1.89999999
3.6
2.6
3.0
4.1
1.39999998
1.10000002
0.800000020001
1.19999999
0.90000001
1.1
1.00000003
0.90000001
1.1
1.0
0.800000020001
1.1
1.0
1.00000003
0.800000020001
1.0
0.800000020001
1.20000004
1.39999998
3.3
5.4000001
4.5
8.9000001
11.0999999
2.975
10.6999998
5.4
2.5
1.60000002
1.5
1.69999999
1.39999998
1.5
1.40000003
1.5
1.00000003
1.39999998
1.40000003
1.5
1.30000001
1.39999998
1.30000001
2.7
4.8
6.8
8.1000002
9.3000002
10.5
2.905
11.4000001
6.0000002
2.7
1.79999996
1.60000002
1.40000003
1.39999998
1.40000003
1.5
1.30000001
1.00000003
1.30000001
1.40000003
1.40000003
1.30000001
1.20000004
1.30000001
2.5
3.7
7.3
7.3999998
10.6999998
11.4000001
2.4575
4.195
2.6
1.40000003
1.10000002
1.30000001
1.0
0.800000020001
1.10000002
0.90000001
0.90000001
1.20000004
0.90000001
0.90000001
0.90000001
1.10000002
0.800000020001
1.0
1.20000004
1.10000002
0.90000001
1.00000003
0.90000001
1.00000003
1.00000003
0.90000001
1.00000003
0.800000020001
1.19999999
1.00000003
0.800000020001
1.0
1.00000003
0.90000001
0.90000001
1.00000003
0.800000020001
1.0
1.0
0.90000001
0.90000001
1.10000002
1.0
1.10000002
0.90000001
0.90000001
1.0
0.800000020001
1.19999999
0.90000001
0.800000020001
1.00000003
1.0
0.90000001
1.10000002
0.90000001
0.90000001
0.90000001
1.0
0.90000003
0.90000001
0.90000001
0.90000001
0.90000001
1.0
0.90000001
2.3
3.6
6.7000001
6.0999999
8.5999999
10.5999999
12.3000002
11.0999999
3.4
1.5
1.5
1.30000001
1.10000002
1.10000002
1.10000002
1.20000004
1.30000001
1.19999999
1.19999999
1.10000002
1.10000002
1.20000004
1.10000002
1.19999999
2.4
3.7999999
6.0
6.0
9.5999999
10.9000001
4.535
10.8000002
4.8
1.39999998
1.40000003
1.30000001
1.20000004
1.0
1.5
1.00000003
1.10000002
1.10000002
1.10000002
1.10000002
1.30000001
1.00000003
1.19999999
1.10000002
2.5
3.8
8.6999998
8.1000002
9.6000004
12.0999999
2.82
11.0
5.4999998
2.8
1.39999998
1.20000004
1.20000004
1.30000001
1.20000004
1.0
1.40000003
1.19999999
1.19999999
1.19999999
1.0
0.800000020001
1.5
1.10000002
2.29999998
3.8
7.4000001
11.5
11.7000003
6.3975
2.5475
5.8375
6.8000002
2.09999999
1.39999998
1.40000003
1.60000002
1.30000001
1.30000001
1.20000004
1.30000001
1.00000003
1.19999999
1.30000001
1.10000002
1.10000002
1.39999998
1.10000002
2.60000001
4.5
8.0000002
7.6999998
10.0999999
9.9000001
2.4675
10.5
2.5
1.0
1.00000003
1.20000004
0.90000001
1.10000002
1.10000002
1.00000003
0.90000001
1.00000003
0.90000001
1.0
1.10000002
1.00000003
0.90000001
1.00000003
1.00000003
1.19999999
0.90000001
1.0
0.90000001
1.0
1.00000003
1.00000003
1.00000003
1.0
1.0
1.30000001
1.0
0.800000020001
1.00000003
0.90000001
1.20000004
0.800000020001
0.90000001
1.00000003
0.90000001
0.90000001
1.10000002
0.90000001
1.20000004
1.40000003
0.90000001
0.90000001
1.10000002
0.90000001
1.00000003
1.00000003
1.0
0.800000020001
1.0
1.29999999
0.90000001
0.90000001
1.0
0.700000020001
1.10000002
1.19999999
0.80000001
1.0
1.10000002
1.0
1.0
0.90000001
2.8
2.7
7.2000001
6.2999997
10.5999999
11.8999996
4.78
11.7000003
3.9
1.60000002
1.69999999
1.69999999
1.10000002
1.5
1.60000002
1.30000001
1.40000003
1.40000003
1.30000001
1.40000003
1.5
1.39999998
1.30000001
1.60000002
2.99999999
3.3
7.8000002
7.2999999
9.4000001
7.3725
4.65
10.6000004
3.5
1.99999998
1.80000001
1.60000002
1.5
1.40000003
1.69999999
1.30000001
1.40000003
1.5
1.39999998
1.39999998
1.5
1.30000001
1.5
1.39999998
2.9
3.7
6.8999999
6.5
9.5999999
12.3000002
3.055
11.5999999
6.0000002
1.79999996
1.80000001
1.69999999
1.39999998
1.30000001
1.79999996
1.60000002
1.39999998
1.5
1.5
1.30000001
1.39999998
1.39999998
1.39999998
1.60000002
3.0
3.6999999
7.6000002
8.0
8.8
10.0
2.8175
12.3000002
5.5
2.0
2.1
2.0
1.69999999
1.39999998
1.69999999
1.59999997
1.79999996
1.30000001
1.5
1.30000001
1.69999999
1.69999999
1.60000002
1.60000002
3.2
2.7
6.7999999
4.8999999
9.7000003
11.3000002
2.65
10.9000001
2.30000002
1.10000002
1.30000001
1.19999999
1.0
0.90000001
1.10000002
0.800000020001
1.10000002
0.800000020001
0.800000020001
1.20000004
1.00000003
0.90000001
1.0
1.19999999
1.10000002
1.00000003
0.90000001
0.90000001
1.0
1.00000003
0.90000001
1.0
0.90000001
1.10000002
1.0
1.0
1.00000003
1.10000002
0.800000020001
1.1
0.90000001
0.90000001
1.10000002
0.90000001
0.800000020001
1.10000002
1.0
1.00000003
1.0
1.10000002
1.10000002
1.0
0.800000020001
1.0
0.80000001
0.90000001
1.00000003
1.0
0.90000001
1.30000001
0.800000020001
0.90000001
1.00000003
1.0
0.90000001
1.00000003
0.800000020001
1.00000003
0.90000001
1.00000003
1.0
0.90000001
2.9
3.0
7.8
7.3000002
8.9000001
11.0999999
4.8075
10.8000002
3.4
1.69999999
1.30000001
1.5
1.10000002
1.10000002
1.10000002
1.30000001
1.0
1.40000003
1.0
1.20000004
1.1
1.20000004
1.30000001
1.20000004
2.9
3.2
8.1000001
6.9999998
9.4000001
11.2000001
5.29
11.9000001
2.89999998
1.60000002
2.1
1.69999999
1.69999999
1.5
1.60000002
1.30000001
1.5
1.5
1.60000002
1.20000004
1.30000001
1.30000001
1.30000001
1.69999999
3.3
3.5
7.7000003
5.5
8.1000002
10.6999998
3.14
11.8000002
4.1
2.1
1.69999999
1.5
1.80000001
1.20000004
1.5
1.30000001
1.20000004
1.30000001
1.5
1.59999997
1.39999998
1.5
1.5
1.5
4.2000001
4.7999999
7.8
8.3000002
9.0999999
10.1000004
3.205
11.0999999
4.9
2.3
1.79999996
1.69999999
1.60000002
1.69999999
1.39999998
1.40000003
1.39999998
1.1
1.5
1.60000002
1.39999998
1.39999998
1.5
1.60000002
2.7
3.4
7.2
5.5
9.2999997
11.8000002
2.7025
11.8000002
3.10000001
1.20000004
1.0
1.10000002
1.0
1.00000003
0.90000001
1.1
0.90000001
0.90000001
1.19999999
0.90000001
0.90000001
0.800000020001
1.00000003
1.0
1.19999999
1.19999999
0.800000020001
1.00000003
1.0
0.90000001
1.1
0.90000001
1.0
0.90000001
1.0
1.30000001
0.800000020001
0.800000020001
1.10000002
0.800000020001
1.0
1.0
0.800000020001
0.90000001
1.10000002
0.90000001
0.90000001
0.90000001
1.20000004
1.10000002
0.90000001
0.90000001
1.10000002
0.90000001
1.0
0.90000001
0.90000001
1.1
1.10000002
0.80000001
1.10000002
0.90000001
1.10000002
0.90000001
0.90000001
1.29999999
1.0
0.90000001
1.0
0.800000020001
1.00000003
1.10000002
1.30000001
3.7000001
7.0
6.7
9.5
12.1999998
4.73
10.8000002
3.0
1.60000002
1.69999999
1.69999999
1.20000004
1.39999998
1.5
1.20000004
1.69999999
1.30000001
1.19999999
1.69999999
1.40000003
1.10000002
1.40000003
1.39999998
2.80000001
3.1
7.2
7.7999997
9.0
10.9000001
11.9000001
7.2125
4.1999999
1.79999996
1.69999999
1.69999999
1.59999997
1.39999998
1.39999998
1.60000002
1.39999998
1.39999998
1.30000001
1.40000003
1.39999998
1.30000001
1.30000001
1.5
2.69999998
3.3
7.6999998
8.0
8.7000003
11.1000004
3.0975
11.1999998
3.2
1.89999999
1.59999997
1.69999999
1.40000003
1.5
1.39999998
1.30000001
1.30000001
1.20000004
1.39999998
1.30000001
1.40000003
1.10000002
1.30000001
1.5
2.39999998
3.5
7.1000001
6.0999999
8.8999999
9.6999998
3.1075
12.0999999
3.9
1.89999999
1.59999997
1.10000002
1.10000002
1.20000004
1.19999999
1.0
1.20000004
1.0
1.19999999
1.00000003
1.10000002
1.10000002
1.10000002
1.30000001
2.00000001
2.5
5.9000001
6.2
9.8000002
7.65
2.64
9.6000004
3.5
1.30000001
1.19999999
1.0
1.19999999
1.0
0.90000001
0.90000001
1.00000003
0.90000001
1.00000003
0.90000001
1.10000002
0.90000001
1.0
1.0
1.0
1.20000004
1.10000002
0.90000001
0.800000020001
1.00000003
1.00000003
0.800000020001
1.20000004
0.800000020001
1.19999999
1.10000002
0.800000020001
0.90000001
0.90000001
1.00000003
1.00000003
0.800000020001
1.20000004
0.90000001
0.800000020001
1.10000002
0.800000020001
1.10000002
1.10000002
1.0
0.90000001
1.10000002
0.90000001
0.90000001
0.800000020001
1.10000002
0.90000001
0.90000001
1.0
1.10000002
0.800000020001
0.90000001
0.90000001
1.00000003
1.1
1.00000003
0.800000020001
1.30000001
0.800000020001
0.90000001
0.800000020001
1.0
1.5
2.9
8.1999998
7.8999999
9.0999999
11.0999999
4.5625
11.6000004
2.5
1.80000001
1.39999998
1.59999997
1.39999998
1.30000001
1.30000001
1.30000001
1.30000001
1.30000001
1.40000003
1.39999998
1.10000002
1.30000001
1.40000003
1.39999998
2.39999998
3.6
9.9000001
8.1000002
9.1999998
10.1999998
5.2425
10.2000003
3.3
1.30000001
1.30000001
1.40000003
1.10000002
1.30000001
1.20000004
1.10000002
1.39999998
1.10000002
1.10000002
1.5
1.0
1.00000003
1.20000004
1.20000004
2.49999998
3.4
7.7000001
5.9000001
10.0
11.3000002
3.3125
11.3000002
3.1
1.10000002
1.60000002
1.30000001
1.10000002
1.19999999
1.30000001
0.800000020001
1.20000004
1.0
1.19999999
1.10000002
1.10000002
0.90000001
1.30000001
1.10000002
2.2
3.6
7.7000003
6.3999998
9.5
10.4000001
3.0125
7.1725
4.8
1.60000002
1.30000001
1.19999999
1.10000002
1.39999998
1.0
1.1
1.10000002
0.900000009999
1.19999999
1.10000002
1.0
1.00000003
1.19999999
1.19999999
2.29999998
3.4
7.1999998
6.0999999
10.1000004
10.0
2.5225
11.5999999
3.0999999
1.10000002
1.10000002
1.0
1.10000002
0.900000009999
0.900000009999
1.00000003
1.00000003
0.90000003
0.900000009999
0.900000009999
0.700000019999
1.20000004
0.800000019997
0.800000019997
1.10000002
1.10000002
0.900000009999
0.900000009999
0.700000019999
1.0
0.700000019999
1.0
0.800000019997
0.800000019997
1.0
1.10000002
0.900000009999
0.900000009999
0.800000019997
0.900000009999
0.800000019997
0.800000019997
0.60000002
1.00000003
0.80000001
0.800000019997
0.900000009999
1.00000003
1.0
1.00000003
0.900000009999
1.10000002
0.700000019999
0.900000009999
0.80000001
0.800000019997
1.0
0.900000009999
0.900000009999
0.700000019999
1.10000002
0.700000019999
0.800000019997
0.900000009999
0.800000019997
0.90000003
1.00000003
0.800000019997
0.900000009999
0.80000001
0.800000019997
1.0
1.40000003
5.0
7.5
6.9000001
9.0
10.0999999
4.4525
8.5999999
2.7
1.59999997
1.69999999
1.5
1.20000004
1.39999998
1.30000001
1.10000002
1.60000002
1.19999999
1.39999998
1.30000001
1.10000002
1.1
1.30000001
1.30000001
2.80000001
3.3999999
6.8
6.7
9.2999997
10.7999997
5.3975
11.3000002
3.8
1.89999998
1.80000001
1.5
1.39999998
1.59999997
1.20000004
1.30000001
1.39999998
1.30000001
1.30000001
1.5
1.10000002
1.10000002
1.5
1.30000001
2.69999998
3.2
6.7999999
6.5
10.5
10.6999998
3.3575
6.835
3.9
1.69999999
1.80000001
1.5
1.39999998
1.20000004
1.39999998
1.20000004
1.30000001
1.39999998
1.5
1.10000002
1.40000003
1.0
1.5
1.19999999
2.70000001
3.5
8.0
7.9000001
9.5999999
10.3999996
3.24
12.0999999
4.3999999
2.20000001
1.59999997
1.5
1.40000003
1.10000002
1.5
1.10000002
1.39999998
1.00000003
1.39999998
1.30000001
1.40000003
1.10000002
1.19999999
1.5
2.9
3.0
7.4
9.5999999
7.3875
6.98
2.3425
10.8000002
3.8999999
1.1
1.0
1.00000003
0.900000009999
0.900000009999
0.800000019997
0.80000001
1.0
0.700000019999
0.900000009999
0.700000019999
1.0
0.700000019999
0.800000019997
1.00000003
1.0
1.10000002
0.90000003
0.700000019999
1.10000002
0.80000001
0.800000019997
0.900000009999
1.0
0.800000019997
0.900000009999
0.90000003
1.00000003
0.700000019999
0.80000001
0.900000009999
0.800000019997
0.900000009999
0.90000003
0.60000002
1.19999999
0.700000019999
0.700000019999
1.10000002
0.900000009999
1.1
0.800000019997
0.800000019997
0.800000019997
0.900000009999
0.700000019999
1.0
0.60000002
1.1
0.800000019997
0.80000001
1.00000003
0.700000019999
0.800000019997
1.0
0.700000019999
1.1
0.900000009999
0.80000001
0.900000009999
0.700000019999
1.00000003
0.800000019997
1.30000001
2.5
9.0999999
8.0000002
9.4000001
11.9000001
4.275
10.8000002
3.6
1.79999996
1.30000001
1.5
1.10000002
1.39999998
1.30000001
1.30000001
1.10000002
1.10000002
1.39999998
1.10000002
1.10000002
1.30000001
1.20000002
1.30000001
2.5
3.1
6.7000001
6.7
10.3000002
11.7000003
4.8725
7.3375
6.1
2.6
1.39999998
1.59999997
1.40000003
1.30000001
1.20000004
1.5
1.10000002
1.40000003
1.30000001
1.30000001
1.10000002
1.40000003
1.20000004
1.20000004
2.6
3.5
7.9999998
5.2999999
9.5
8.8
3.11
10.9000001
4.2999999
1.99999998
1.60000002
1.39999998
1.30000001
1.30000001
1.30000001
1.20000004
1.5
1.0
1.40000003
1.20000004
1.30000001
1.30000001
1.20000004
1.10000002
2.9
3.3
7.7999997
8.2999997
9.6999998
9.5999999
3.0875
11.5
4.2000001
1.80000001
1.59999997
1.20000004
1.40000003
1.40000003
1.30000001
1.20000004
1.30000001
1.00000003
1.39999998
1.0
1.39999998
1.30000001
1.20000004
1.30000001
2.4
2.6
8.0999999
8.8000002
7.12
6.5875
2.195
11.4000001
3.1
1.0
0.800000019997
1.00000003
0.900000009999
0.700000019999
1.0
0.800000019997
0.80000001
1.10000002
0.700000019999
0.700000019999
0.900000009999
0.90000003
0.800000019997
0.900000009999
1.1
1.10000002
0.700000019999
0.900000009999
0.900000009999
0.700000019999
0.900000009999
0.800000019997
0.80000001
0.900000009999
0.800000019997
0.80000001
0.90000003
0.80000001
0.700000019999
0.800000019997
0.900000009999
0.90000003
1.5
1.5
1.69999999
1.20000004
1.5
1.39999998
1.69999999
1.5
0.80000001
0.700000019999
1.00000003
0.700000019999
0.700000019999
0.900000009999
0.800000019997
0.80000001
0.900000009999
0.800000019997
0.900000009999
0.80000001
0.700000019999
0.800000019997
0.90000003
0.80000001
0.90000003
1.40000003
1.5
1.40000003
1.30000001
1.5
1.5
1.69999999
0.700000019999
0.800000019997
1.00000003
0.800000019997
0.700000019999
0.800000019997
0.900000009999
0.80000001
0.900000009999
0.900000009999
0.900000009999
0.60000002
1.0
0.60000002
0.800000019997
0.90000003
0.900000009999
0.800000019997
0.90000003
0.800000019997
1.40000003
1.60000002
1.69999999
1.20000002
0.900000009999
0.700000019999
0.900000009999
0.700000019999
0.80000001
0.700000019999
0.900000009999
0.80000001
0.800000019997
0.900000009999
0.90000003
0.60000002
0.90000003
0.700000019999
0.90000003
0.800000019997
1.0
1.5
1.40000003
1.5
1.30000001
1.40000003
1.59999997
1.60000002
0.700000019999
0.80000001
0.80000001
0.700000019999
1.00000003
0.60000002
0.800000019997
1.00000003
0.900000009999
0.900000009999
0.700000019999
1.00000003
0.800000019997
0.700000019999
0.80000001
0.90000003
0.90000003
0.80000001
0.800000019997
0.80000001
0.900000009999
0.800000019997
0.900000009999
6.0000001
8.2000003
4.10000001
0.80000001
0.900000009999
0.900000009999
0.80000001
0.800000019997
0.800000019997
0.700000019999
1.0
0.800000019997
0.900000009999
0.80000001
0.800000019997
0.60000002
1.30000001
0.90000003
1.5
1.39999998
1.5
1.40000003
1.5
1.5
1.40000003
1.00000003
0.900000009999
0.60000002
0.900000009999
0.800000019997
0.900000009999
0.700000019999
0.900000009999
0.700000019999
1.00000003
0.90000003
0.800000019997
0.800000019997
0.900000009999
0.60000002
0.900000009999
0.800000019997
0.900000009999
0.700000019999
0.90000003
0.700000019999
0.800000019997
0.900000009999
1.0
0.900000009999
0.900000009999
0.900000009999
0.800000019997
0.700000019999
1.0
0.700000019999
0.900000009999
0.800000019997
0.90000003
0.80000001
0.80000001
0.80000001
0.80000001
0.900000009999
0.700000019999
0.700000019999
1.00000003
0.80000001
0.700000019999
0.800000019997
0.700000019999
1.1
0.900000009999
1.10000002
0.700000019999
0.800000019997
0.900000009999
0.800000019997
0.900000009999
0.800000019997
0.800000019997
0.700000019999
0.90000003
1.0
0.60000002
0.900000009999
0.800000019997
0.700000019999
0.900000009999
0.800000019997
0.900000009999
0.80000001
0.900000009999
0.700000019999
0.900000009999
1.10000002
1.10000002
2.8
6.7000001
5.5
8.3000002
8.08
4.275
5.48
4.5999999
1.59999997
1.30000001
1.19999999
0.900000009999
1.19999999
0.900000009999
1.00000003
1.10000002
1.20000004
0.900000009999
1.00000003
0.900000009999
1.00000003
1.10000002
1.10000002
2.20000001
3.1
8.6999998
7.3999999
9.4000001
9.4875
4.67
11.4000001
4.8999999
1.5
1.20000004
1.10000002
1.0
1.10000002
0.800000019997
1.10000002
0.900000009999
1.10000002
1.0
1.0
1.0
1.1
0.900000009999
1.19999999
2.5
3.0
7.3
8.5
9.5999999
11.1999998
3.06
11.1000004
4.1
1.30000001
1.19999999
1.20000004
1.10000002
0.900000009999
1.1
1.00000003
1.10000002
0.900000009999
1.1
1.10000002
0.900000009999
1.10000002
1.1
1.10000002
3.1
3.1
8.1999998
8.0999999
9.6000004
10.4000001
3.0375
11.4000001
4.6
1.40000003
1.20000004
1.20000004
0.900000009999
1.30000001
0.900000009999
1.10000002
1.0
0.503448275864
0.00689655172391
0.00689655172391
0.00689655172391
0.00689655172391
0.00689655172391
0.00689655172391
0.00689655172391
0.00689655172391
0.00689655172755
0.00689655172391
0.00689655172391
0.00689655172391
0.00689655172391
0.00689655172391
0.00689655172391
0.00689655172391
0.00689655172391
0.00689655172391
0.00689655172391
0.00689655172391
0.00689655172391
0.00689655172391
0.00689655172391
0.935
0.9175
0.89
0.8975
0.9225
0.8925
0.9475
1.045
1.04
0.865
0.8775
0.84
0.88
0.9225
0.9
0.8975
0.9525
1.015
1.0375
0.95
0.92
0.92
0.9275
1.005
1.0
1.0875
1.1125
1.0425
1.095
1.135
1.2375
1.2475
1.1875
0.9225
0.8925
0.9025
0.9075
0.9175
0.9275
0.8475
0.8875
0.9325
0.9625
0.91
0.9275
0.9775
1.065
1.0825
0.60344829586
0.903448255864
1.5
1.59999997
1.59999997
1.79999996
1.60000002
1.79999996
1.5
2.3
5.1999998
4.9000001
5.9000001
4.2
2.7
1.59999997
1.10000002
1.39999998
1.19999999
1.10000002
1.30000001
1.10000002
1.0
1.20000004
1.30000001
1.0
1.40000003
1.10000002
1.20000004
1.30000001
1.20000004
1.5
3.5
7.1
7.4000001
9.2999997
11.8000002
4.1925
11.8000002
5.3000001
1.70000002
1.69999999
1.40000003
1.30000001
1.30000001
1.10000002
1.30000001
1.40000003
1.20000004
1.10000002
1.39999998
1.10000002
1.20000004
1.20000004
1.69999999
3.1
3.4
7.5999999
9.5
10.0999999
11.1999998
3.1125
9.6999998
4.2999999
1.19999999
1.5
1.40000003
1.40000003
1.10000002
1.30000001
1.10000002
1.39999998
1.30000001
1.20000004
1.19999999
1.39999998
1.0
1.19999999
1.30000001
3.2
3.8
6.7999999
6.0999998
9.5
11.5999999
3.0275
12.0999999
4.4000001
1.80000002
1.40000003
1.30000001
1.40000003
1.30000001
1.20000004
1.30000001
1.19999999
1.60000002
1.20000004
1.1
1.19999999
1.20000004
2.0
1.79999996
3.5
2.8
6.2999999
6.9999998
9.7000003
10.9000001
2.1675
7.11
5.4000001
2.2
1.30000001
1.39999998
1.20000004
1.0
1.19999999
1.30000001
0.900000009999
1.59999997
1.79999996
1.69999999
1.59999997
1.90000001
1.69999999
1.89999998
1.79999996
1.5
0.900000009999
1.39999998
0.900000009999
1.40000003
1.10000002
1.19999999
1.00000003
1.30000001
1.10000002
1.40000003
1.10000002
1.40000003
1.0
1.10000002
1.30000001
1.10000002
1.19999999
1.19999999
1.0
1.5
1.69999999
2.0
1.60000002
1.60000002
1.0
1.10000002
1.20000004
1.30000001
1.20000004
1.30000001
1.0
1.30000001
1.19999999
1.30000001
1.0
1.39999998
1.10000002
1.20000004
1.19999999
1.30000001
1.20000004
1.10000002
1.10000002
1.40000003
1.19999999
2.09999998
2.7
3.2
8.6999998
9.1999998
9.9000001
11.5999999
4.5
5.215
5.2999999
2.6
1.39999998
1.30000001
1.10000002
1.40000003
1.10000002
1.10000002
1.30000001
1.19999999
1.0
1.40000003
1.0
1.10000002
1.30000001
1.30000001
1.5
3.7999999
7.7999999
8.2999999
11.2999997
8.5775
4.17
12.0999999
4.1
2.6
1.39999998
1.19999999
1.39999998
1.40000003
1.20000004
1.19999999
1.40000003
1.19999999
1.20000004
1.5
1.10000002
1.1
1.19999999
1.40000003
1.69999999
4.2
8.2000001
6.1000001
9.7999997
9.3275
3.2725
6.6675
4.4999999
1.89999999
1.60000002
1.5
1.39999998
1.5
1.30000001
1.20000004
1.40000003
1.20000004
1.20000004
1.30000001
1.40000003
1.1
1.40000003
1.30000001
1.60000002
4.1999998
8.3999996
9.5
9.5999999
12.2999997
3.655
7.385
5.7000001
2.8
1.5
1.39999998
1.20000004
1.30000001
1.40000003
1.20000004
1.30000001
1.20000004
1.30000001
1.39999998
1.20000004
1.10000002
1.39999998
1.40000003
1.59999997
3.5
8.5
8.0
11.2000003
6.7775
2.235
11.4000001
3.1
1.79999999
1.19999999
1.10000002
0.900000009999
1.19999999
1.0
1.00000003
0.900000009999
1.39999998
0.700000019999
1.10000002
1.0
1.0
1.0
1.0
1.10000002
1.19999999
1.0
1.20000004
0.800000019997
1.10000002
1.19999999
1.00000003
0.800000019997
1.19999999
1.0
1.0
0.90000003
0.900000009999
1.10000002
1.00000003
1.69999999
1.39999998
1.69999999
1.60000002
1.5
1.60000002
1.69999999
1.5
1.89999998
1.40000003
1.1
1.0
0.900000009999
1.0
1.00000003
1.10000002
0.900000009999
0.900000009999
1.10000002
1.10000002
1.10000002
1.20000002
1.60000002
1.60000002
1.59999997
1.40000003
1.69999999
1.39999998
1.59999997
1.5
1.80000001
1.59999997
2.0
3.2
5.5999999
6.1999998
10.3999996
10.5
4.71
5.3
7.4999998
2.60000001
1.80000001
1.10000002
1.10000002
1.19999999
1.20000004
1.20000004
1.19999999
1.00000003
1.30000001
1.10000002
1.30000001
1.69999999
2.0
2.0
3.9
4.2
7.7999999
8.9000001
11.1999998
10.4325
4.825
12.0999999
4.7000001
1.59999997
1.60000002
1.19999999
1.30000001
1.10000002
1.39999998
1.20000004
1.19999999
1.10000002
1.39999998
1.00000003
1.10000002
1.30000001
1.20000004
1.30000001
3.3
4.6999998
8.3999998
7.0000002
10.5999999
11.8000002
3.7125
6.8
4.2999999
1.79999999
1.39999998
1.40000003
1.30000001
1.30000001
1.10000002
1.19999999
1.30000001
1.39999998
1.0
1.30000001
1.20000004
1.20000004
1.20000004
1.30000001
3.1
4.9999999
9.1999998
7.0
6.0999999
9.815
3.53
7.3575
5.2
2.7
1.40000003
1.30000001
1.39999998
1.20000004
1.10000002
1.30000001
1.39999998
1.0
1.10000002
1.30000001
1.10000002
1.40000003
1.30000001
1.30000001
3.1
3.4
8.0999999
9.6000001
7.7675
6.7025
2.1975
11.9000001
6.3000001
3.0999999
1.40000003
1.10000002
1.19999999
1.0
0.800000019997
1.10000002
1.00000003
1.29999999
1.0
1.00000003
0.80000001
1.10000002
1.0
1.00000003
1.19999999
1.10000002
1.00000003
0.800000019997
1.00000003
1.00000003
0.900000009999
0.900000009999
1.0
1.30000001
1.79999996
1.60000002
1.59999997
1.5
1.5
1.60000002
1.39999998
1.69999999
1.39999998
1.59999997
1.5
1.60000002
1.59999997
1.79999996
1.69999999
1.89999998
0.900000009999
0.900000009999
1.00000003
1.0
1.0
0.900000009999
0.800000019997
1.0
1.00000003
0.900000009999
1.10000002
1.5
1.5
1.69999999
1.39999998
1.30000001
1.5
1.60000002
1.39999998
1.60000002
1.60000002
1.79999996
2.09999998
4.2
7.9000001
7.4000001
10.6999998
8.585
4.605
5.1725
8.3999999
2.59999998
1.59999997
1.30000001
1.20000004
1.39999998
1.20000004
1.10000002
1.40000003
