29.4
29.2
29.3
28.8
29.3
29.1
54.500002
72.200001
82.099998
143.699996
187.5
204.8
209.6
199.7
188.0
177.599998
158.599999
134.900002
109.200001
98.200001
88.0
71.099998
35.400001
29.6
30.7
30.5
28.9
29.1
29.0
28.9
48.199999
70.700001
90.799999
149.099998
191.099998
197.099998
190.599998
186.099999
176.800004
172.200005
147.5
132.200005
108.200001
90.200001
63.499998
52.199999
36.299999
31.5
31.899999
31.8
31.3
31.3
33.999999
36.399999
55.1
75.200001
95.100003
163.099998
204.5
204.6
197.600002
183.399994
175.5
175.800003
145.600006
130.5
112.099998
98.699996
74.599998
60.400002
38.9
32.799999
31.300001
33.599998
32.8
32.600001
32.5
32.299999
51.600001
73.799999
88.0
150.599999
197.299997
206.8
210.8
198.600002
192.800003
180.900002
152.800003
121.299999
102.100003
88.600003
64.099998
58.5
34.6
30.4
31.399999
30.5
30.5
29.8
29.9
29.3
49.599998
73.100003
93.600003
158.199996
193.900003
204.6
199.799998
197.499997
183.600006
178.299995
142.500004
122.300004
104.900002
95.5
73.5
60.100001
42.0
32.5
32.7
33.8
35.299999
39.5
39.800001
40.600001
39.9
40.899999
41.300001
52.799999
53.0
53.100001
44.700001
34.3
28.3
29.2
29.1
30.1
32.2
32.6
33.0
33.1
33.1
32.699999
33.000001
34.800001
33.5
33.200001
33.199999
32.5
32.8
32.799999
31.4
27.9
27.3
27.3
25.9
26.7
26.6
26.6
27.3
27.4
29.7
30.2
30.6
30.6
31.0
30.5
34.300001
32.000001
31.7
31.6
32.1
38.0
68.699999
80.200001
98.900002
164.699996
195.900002
154.3
204.0
192.400002
190.900001
180.0
140.700005
122.200001
103.5
91.899997
75.699996
62.399999
38.6
37.8
34.7
38.9
38.199999
38.100001
37.9
38.2
69.100001
80.5
94.599998
154.300003
188.999998
142.4575
141.0925
210.9
194.899994
187.699996
152.799995
117.599998
92.299999
83.600003
60.799999
39.5
32.4
30.8
31.2
31.6
32.099999
30.3
32.4
33.199999
65.0
77.400002
94.100003
158.200005
214.3
147.0925
136.0975
204.600002
185.099998
173.900001
152.600006
126.199996
100.399997
93.100003
70.300004
63.700001
38.199999
32.400002
34.4
34.700001
34.299999
34.299999
34.1
33.9
66.299999
79.099998
99.100003
161.200005
206.400003
209.7
149.47
211.400002
186.800003
190.100006
151.099999
118.800004
97.200001
90.600003
70.799999
55.1
36.7
33.399999
38.699999
33.099998
34.199999
34.700001
35.399999
34.899999
63.199999
74.799999
91.299999
160.5
194.499997
206.0
196.900002
195.399998
185.099998
188.199997
147.5
116.200001
102.400002
96.799999
82.400002
67.0
48.4
44.100001
45.399999
45.300001
46.1
45.100001
45.599998
45.2
45.600001
48.0
48.2
58.5
59.8
62.9
60.0
41.199999
31.4
32.000001
32.5
34.699999
39.2
45.0
45.300001
45.300001
44.9
45.099998
40.799999
46.1
44.600001
44.600001
44.299999
43.300001
38.300001
37.4
37.0
35.0
34.0
33.799999
33.9
34.0
33.399999
33.800001
34.800001
35.4
36.300001
37.299999
37.099998
37.0
37.600001
37.4
37.0
38.1
37.400002
37.200001
39.4
44.600001
62.399997
80.299999
96.799999
158.5
191.600006
209.5
211.1
202.900003
195.699996
179.099999
144.399994
120.900002
103.400002
96.700001
73.399997
58.700001
34.2
33.800001
32.799999
37.100001
37.100001
36.399999
38.5
39.100001
56.1
72.900002
86.0
152.5
193.900002
211.7
206.5
190.5
178.099999
179.800004
156.5
133.300004
117.0
95.599998
64.200001
42.100001
33.4
29.5
29.3
30.0
30.1
29.7
28.9
31.0
47.1
68.900002
86.5
148.099999
206.200003
203.0
198.800002
185.599999
175.400001
163.800004
152.299995
131.199997
109.700001
95.299999
66.5
57.9
34.9
29.7
30.0
30.1
30.6
29.3
30.6
29.4
45.200001
70.0
84.900002
159.199996
196.899997
199.100002
202.200002
203.799997
192.200005
187.099998
161.699997
126.400002
104.700001
91.799999
58.6
53.4
35.2
30.8
30.1
31.2
30.4
30.4
29.6
29.6
47.399999
70.599998
80.799999
145.099999
166.199997
175.300004
163.0
157.5
113.0
96.899997
68.200001
38.699999
32.100001
34.0
35.299999
33.1
31.7
30.7
30.5
30.6
30.4
30.6
31.0
30.6
30.4
30.9
30.1
27.5
27.4
27.2
27.3
26.5
27.1
27.0
27.1
27.9
29.6
30.4
30.5
30.7
30.6
30.4
29.9
30.5
30.6
29.7
30.2
30.3
29.9
30.1
30.0
27.9
27.5
27.0
26.8
27.0
31.7
31.3
31.3
31.7
33.300001
35.0
34.5
34.5
34.700001
29.5
29.6
29.3
29.5
29.3
29.5
30.4
33.2
33.6
36.199999
43.5
53.2
41.3
36.799999
30.0
30.4
26.9
26.2
27.5
28.5
29.6
29.5
29.7
30.0
29.4
14.9979591836
0.595918367384
0.595918367268
0.595918367384
0.595918367384
0.595918367268
0.595918367384
0.595918367384
0.595918367268
0.595918367384
0.595918367384
0.595918367268
0.595918367384
0.595918367384
0.595918367268
0.595918367384
0.595918367384
0.595918367268
0.595918367384
0.595918367384
0.595918367268
0.595918367384
0.595918367384
0.595918367268
14.9979591836
14.4979591836
29.3
29.2
28.8
28.5
32.2
32.6999990001
32.8000009999
30.8
30.6
29.5
29.0
28.7000000001
29.1000000001
25.8
26.1
27.0
28.9
29.7
29.5
29.8
30.7
29.3
33.6
29.2999999999
30.0
29.2
30.5
34.1999990001
33.799999
34.8
34.5999980001
36.200001
35.8
33.6999990001
30.6
29.2
30.2
25.9
25.8
27.3
28.6
30.2
32.1
37.200001
36.7
36.6
34.600001
36.600001
37.1
36.799999
37.1
37.1
37.9000019999
38.9
38.100001
36.1
35.200001
35.3000009999
34.799999
35.1
35.399999
35.0
32.4
29.1
29.9
30.6000000001
30.8
30.3
30.8999999999
31.5
34.7
31.0
30.4
33.5
37.1
36.899999
37.0
37.200001
36.700001
34.299999
33.799999
33.299999
30.1
26.7
26.6
27.2
28.5
36.1
37.1999990001
38.299999
38.4
38.4000019999
38.5
38.0
38.6999990001
37.3000009999
37.6999990001
37.399999
37.1
37.600001
37.700001
37.5
37.3
34.5
34.399999
34.299999
33.100001
34.0
34.2
34.5999980001
34.299999
36.5
37.5
39.1999990001
39.9
40.6999990001
40.0
38.600001
38.5999980001
38.8
37.899999
36.9
38.399999
39.3
39.100001
39.8000009999
39.4000019999
37.6
37.600001
36.399999
35.799999
33.899999
34.8000009999
32.6999990001
34.8000009999
35.8000009999
37.6
38.3000009999
39.200001
38.6999990001
39.0
39.3
38.1999990001
38.600001
38.600001
38.6999990001
38.299999
39.3
40.7
40.5
40.0
37.9000019999
36.5999980001
36.600001
35.1999990001
35.1999990001
33.3
27.0
27.6
29.1
34.500001
41.200001
50.1999990001
40.600001
38.9
38.5
34.7999999999
38.100001
38.3000009999
38.600001
39.4
40.200001
40.1
40.1
40.1
37.799999
36.5
36.0
35.8000009999
34.2
31.700001
28.3
28.4
29.2000000001
30.6
31.5
31.9
31.9
31.9
31.2
15.8
31.3
31.3
31.1
31.800001
33.399999
34.8
35.0
34.2
34.5
34.699999
35.100001
33.700001
35.199999
32.7
30.7
27.7
29.0
30.2
30.4
31.1
30.0
31.5
29.6
34.4
31.1
30.6
31.2
29.9
31.1
35.5
35.5
35.0
36.700001
37.1
36.699999
35.299999
34.0
34.800001
29.9
27.1
26.8
29.7
30.9
31.0
35.0
37.5
37.1
30.9
36.0
36.8
37.0
37.0
37.200001
34.099999
31.4
31.0
33.500001
36.4
33.0
31.3
22.3
20.0000002
20.9000002
22.3
22.1
23.6
24.1
24.1
24.4
24.2
24.1
23.8
24.6
26.4
31.8
32.1
32.100001
31.6
32.0
31.7
29.3
28.4
28.6
28.2
27.6
27.8
28.2
28.2
28.8
30.2
31.1
31.1
30.6
28.8
24.1
23.9
23.9
24.0
24.4
28.2
33.799999
61.199998
75.099998
100.899997
132.600002
125.400002
124.0
122.0
109.900002
110.299999
105.599998
87.0
95.299999
80.5
69.600003
59.999998
48.099998
25.6
23.9
29.4
23.5
23.9
24.4
24.3
28.5
62.699998
74.5
96.200001
164.400002
206.400003
211.7
208.6
195.099999
183.0
172.099998
145.699997
126.299999
114.699996
97.5
66.399997
46.199999
34.7
35.5
34.2
36.099998
35.0
28.2
27.7
27.4
63.0
79.199996
97.200001
166.700005
206.299997
135.5175
124.9825
142.8325
201.000003
189.700005
153.599998
135.099999
118.799999
103.299999
77.299999
67.100003
39.6
32.699999
30.1
31.6
32.100001
32.0
32.7
32.599998
61.599998
79.0
98.900002
167.699996
211.9
133.625
200.099997
186.5
176.300003
169.600006
149.300003
123.900002
105.100003
96.299999
69.900002
56.600001
33.4
26.9
28.0
26.9
26.7
27.5
26.8
27.3
56.100001
68.899997
92.5
160.699996
200.399998
201.8
208.700002
199.400002
196.0
191.400001
150.400001
124.199996
109.899997
94.200001
61.699999
50.2
34.800001
29.7
31.799999
29.8
29.3
30.2
30.2
30.4
30.9
31.6
32.599998
42.299999
43.100001
47.900002
50.0
37.099998
30.0
30.3
29.8
30.6
32.199999
33.600001
33.800001
33.5
33.700001
32.8
33.0
33.1
33.9
33.4
33.9
33.600001
32.699999
33.299999
33.300001
30.2
29.6
29.3
28.9
28.9
29.1
30.5
30.0
30.8
31.8
33.200001
33.600001
33.100001
33.0
33.200001
30.6
32.9
33.4
32.299999
35.300001
39.6
58.299999
73.5
92.5
160.399994
202.899997
212.9
122.4975
213.4
196.599997
185.799995
158.299995
129.200005
111.400002
97.700001
74.0
61.799999
35.6
31.300001
33.3
32.699999
30.1
30.4
32.600001
31.400001
53.399997
75.599998
86.900002
158.299995
189.200005
212.8
211.8
207.199997
193.400002
182.900002
154.300003
132.500004
115.799999
101.600003
70.300004
49.4
40.099998
34.800001
33.299999
37.300001
37.100001
36.699999
35.799999
36.100001
55.8
72.400002
91.700001
158.599999
197.499998
212.9
137.18
210.600002
205.4
198.2
164.199997
138.5
106.700001
100.0
69.799999
64.0
36.0
30.0
30.9
30.5
30.9
30.6
30.9
29.8
48.600001
71.200001
98.400002
163.400001
208.8
149.26
147.9075
208.099997
196.9
187.399994
158.800003
140.199997
115.400002
99.200001
72.399997
63.799999
41.300001
35.600001
33.499999
29.4
30.6
32.6
31.1
37.1
56.400002
75.400002
94.700001
162.900002
191.800003
207.1
204.400002
209.999997
201.0
194.100002
145.799995
120.799999
107.5
95.5
67.599998
55.5
39.300001
34.899999
33.000001
39.300001
37.400002
37.9
37.6
38.100001
39.199999
37.6
37.400002
46.799999
50.100001
54.599998
51.699999
35.3
25.4
25.5
25.7
26.2
27.7
28.6
28.9
29.2
28.9
28.5
32.100001
28.6
28.3
28.2
28.5
28.2
32.9
34.300001
34.199999
31.6
31.2
30.7
29.2
28.7
24.7
24.8
25.1
25.5
29.6
35.200001
35.5
35.5
35.699999
34.699999
36.7
35.8
35.899999
35.9
41.299999
40.900002
71.100003
81.099998
100.399997
167.700005
207.2
212.0
211.2
199.8
187.300004
187.199996
163.300004
131.199997
124.700001
109.900002
90.0
78.299999
45.1
38.599998
33.899999
36.9
37.5
36.0
33.799999
35.899999
69.899997
79.5
95.799999
159.100006
188.400003
169.865
173.83
207.6
204.9
193.7
159.0
134.500004
112.599998
96.099998
67.799999
56.200001
35.0
29.8
30.8
30.5
30.3
29.9
30.0
29.8
63.100001
79.900002
99.400002
166.5
210.1
157.2575
154.03
207.000003
196.700005
195.0
153.800003
124.700001
112.599998
102.200001
75.400002
67.599998
38.099998
32.0
34.2
31.8
32.399999
32.1
31.5
31.900001
63.400002
82.099998
100.900002
166.900001
207.9
166.75
163.68
211.8
199.899998
188.900001
155.300003
125.500004
110.200001
106.100003
79.0
70.600003
44.5
37.1
32.799999
37.0
36.899999
38.5
39.899999
40.1
69.100003
80.799999
102.200001
169.900001
205.6
170.3
167.8875
206.200003
196.0
180.300004
141.800004
119.299999
104.200001
92.400002
64.500002
49.600001
34.6
29.5
31.200001
29.7
29.2
30.2
30.2
29.6
29.9
30.4
36.200001
47.100001
48.200001
48.800001
44.4
31.3
21.8
22.4
22.2
23.2
25.0
26.3
26.6
26.8
26.3
30.399999
30.2
33.200001
33.400002
32.399999
33.0
32.399999
32.199999
32.599998
32.599998
27.8
22.6
22.7
22.7
22.5
22.4
22.8
23.0
23.3
24.7
26.0
26.0
26.6
26.7
25.6
26.7
26.3
26.4
25.8
30.2
35.1
56.5
73.0
92.299999
154.0
196.3
135.9225
209.800003
200.499997
186.599998
180.900001
139.400001
127.399997
109.599998
102.0
78.700001
64.400002
34.200001
27.8
28.8
28.0
27.7
27.7
27.6
27.5
50.3
73.0
109.100003
172.300004
153.545
151.4175
212.6
199.399997
192.5
183.0
154.100006
132.500004
109.799999
96.100003
64.799999
56.299999
32.8
28.3
36.9
28.7
28.1
28.8
28.1
28.2
44.400002
68.799999
95.5
163.700005
202.1
151.55
153.3375
203.800002
188.300003
189.399994
157.200005
134.900002
116.200001
104.400002
86.099998
80.0
51.299999
45.300001
43.600001
45.0
44.3
44.799999
44.699999
44.299999
62.199999
80.700001
103.799999
163.700005
208.5
169.57
165.0075
213.0
201.1
193.199997
159.0
137.0
118.600003
103.700001
76.399997
63.900002
46.9
42.4
40.5
42.3
42.0
41.8
41.0
42.6
62.5
81.200001
102.100003
168.199997
200.499998
203.499998
208.1
202.100003
185.900001
174.0
134.900002
102.900002
99.299999
92.200001
63.600001
55.0
41.399999
37.900002
38.099998
38.2
37.799999
37.699999
38.100001
37.799999
38.700001
39.100001
40.5
52.199999
52.6
50.100001
46.799999
35.1
30.2
30.0
30.1
30.2
30.4
32.800001
34.199999
38.6
39.200001
38.400002
40.699999
36.9
38.600001
38.5
38.5
38.4
38.699999
38.200001
37.900002
34.899999
40.5
40.6
39.5
39.9
36.199999
28.9
28.6
29.2
31.5
39.5
39.5
40.0
41.5
41.699999
40.7
44.899999
42.6
42.6
42.399999
40.899999
72.700001
87.700001
110.700001
169.300003
167.535
153.8475
146.6475
160.8825
201.4
195.900002
163.300003
133.099998
120.0
108.900002
88.099998
77.399997
45.0
38.600001
38.199999
37.699999
38.699999
38.299999
40.1
41.300001
71.799999
87.900002
109.800004
172.700005
203.599997
207.9
170.6075
175.335
190.200005
176.599998
145.700005
119.700001
116.299999
105.400002
74.5
66.199996
44.799999
37.9
36.7
38.3
38.1
38.199999
38.0
38.199999
67.899997
83.200001
106.800004
168.0
176.0175
154.615
213.4
205.3
195.099998
184.699997
152.300003
120.700001
108.099998
97.900002
69.200001
67.5
41.9
35.1
33.300001
36.899999
36.799999
36.300001
35.6
35.599998
56.000002
77.0
94.299999
167.199996
173.17
166.23
158.9925
171.8425
204.200002
189.899994
150.200005
114.399997
106.400002
92.299999
66.099998
50.6
33.700001
30.1
30.4
35.8
36.5
37.0
36.200001
37.5
65.4
78.399997
97.099998
164.900001
203.0
205.5
210.6
197.299998
192.200005
174.0
137.0
101.900002
97.100003
87.400002
66.200001
54.1
36.4
31.0
29.1
30.5
29.8
30.1
28.1
28.4
27.0
29.3
29.1
38.400002
44.5
47.800001
50.899999
49.600001
49.400002
38.4
37.0
35.100001
36.300001
29.8
28.4
28.7
28.6
28.0
33.899999
36.899999
34.099998
34.600001
36.100001
38.0
37.399999
37.800001
37.200001
34.5
34.300001
33.200001
29.5
21.7
23.7
23.8
23.3
24.9
25.8
28.2
28.5
28.8
29.1
28.8
38.4
35.600001
35.399999
38.4
40.100001
40.0
56.0
74.900002
95.600003
170.099998
210.2
138.355
130.475
208.7
183.099999
167.299995
135.100003
123.700001
112.899997
107.299999
89.600003
83.299999
53.7
40.700001
37.2
43.600001
40.200001
39.700001
39.900002
40.799999
70.899997
87.299999
102.200001
168.300004
212.0
168.95
171.24
211.5
200.400003
195.399994
155.800003
130.0
120.600003
104.700001
72.200001
68.0
43.4
31.7
33.499999
31.6
31.700001
31.6
32.4
32.6
64.5
86.299999
100.299999
174.299995
167.5375
150.125
160.435
214.4
200.099997
188.400001
161.299995
140.900002
123.299999
105.299999
80.100003
77.700001
47.5
35.100001
31.8
35.1
36.0
35.5
36.699999
37.5
54.100001
77.700001
95.200001
171.099999
206.0
210.0
157.91
209.400003
178.800003
174.599999
144.800004
121.0
115.899997
110.0
80.0
72.400002
42.399999
29.8
29.0
29.8
29.1
29.0
28.3
29.1
58.299999
75.0
90.0
136.400002
153.199997
144.5
142.700005
139.900002
126.899997
110.299999
85.5
72.700001
70.299999
53.300001
42.800001
40.4
30.1
28.1
28.7
28.4
27.9
28.7
28.1
28.7
29.0
29.6
28.8
33.699999
42.699999
44.7
42.899999
32.5
24.5
25.2
25.4
25.2
26.8
28.3
28.6
28.7
28.7
29.1
28.1
29.1
28.7
29.0
28.7
28.8
28.6
28.9
28.1
26.3
26.0
25.8
25.4
26.0
24.5
25.3
25.8
26.8
27.7
28.9
28.9
28.9
28.6
29.0
28.1
29.1
28.1
28.4
28.7
29.8
30.7
30.9
39.900002
58.899999
68.400002
64.400002
60.300001
60.699999
52.0
47.399999
43.899999
35.700001
26.5
29.6
29.6
29.7
29.9
27.6
26.4
27.8
28.8
33.200001
33.4
33.0
33.400002
34.599998
48.699999
63.499998
64.9
57.0
57.600001
55.899999
50.1
54.6
46.2
34.8
24.7
26.7
26.5
26.2
26.3
25.6
24.7
25.9
25.6
25.4
25.2
25.7
24.9
25.6
28.5
52.600001
50.899999
49.4
51.399999
61.5
55.699999
52.699999
50.100001
40.8
25.4
23.5
23.6
23.9
23.7
23.3
23.1
23.2
23.3
23.3
23.2
23.0
23.0
23.6
25.8
56.8
65.299999
69.199996
69.299999
59.0
48.600001
47.1
40.700001
27.0
21.7
24.4
33.399999
26.3
23.6
23.2
26.3
22.7
23.2
22.9
22.7
22.6
23.4
29.7
31.1
48.600001
51.6
47.799999
47.899999
36.5
34.6
30.4
26.1
25.7
21.6
23.0
23.4
23.7
23.0
24.2
29.0
29.8
29.9
29.9
29.9
29.6
29.8
30.2
29.9
38.299999
41.099998
41.399999
34.399999
20.8999996
17.2999992
18.1999998
18.4000006
19.1000004
20.1000004
22.7
24.5
30.0
29.2
28.8
26.1
28.9
31.1
32.0
31.5
31.0
31.7
33.0
31.6
30.4
28.6
27.2
28.7
35.9
32.3
31.7
21.5
21.5
22.7
23.4
23.7
23.8
24.2
23.9
27.3
23.9
23.6
25.0
35.0
35.100001
58.800001
73.0
91.299999
182.300003
146.295
129.5525
118.2125
139.3075
139.61
205.6
165.800004
142.200005
118.5
106.200001
85.099998
71.5
37.799999
32.2
29.3
32.3
31.8
31.4
36.5
41.0
65.0
82.5
99.299999
171.600006
196.199997
152.7375
156.28
159.8575
202.0
186.800004
158.400002
132.400002
112.0
95.299999
60.1
54.5
32.2
27.6
28.6
27.6
27.3
27.0
27.3
29.3
62.4
76.700001
93.899997
171.699997
207.6
133.9875
214.2
201.399997
179.0
175.800004
157.0
138.799995
108.200001
96.700001
71.799999
65.599998
36.5
30.2
29.1
30.3
29.9
30.0
29.8
30.6
61.099998
73.399997
96.199996
167.400001
149.99
156.9725
151.3075
212.8
196.399994
181.599998
135.900002
114.799999
97.800004
88.799999
62.199998
58.600001
33.499999
28.6
30.7
34.699999
34.3
34.1
35.6
36.7
66.100003
75.299999
96.799999
155.400001
190.100006
195.5
195.200003
196.199997
186.5
182.5
138.099999
116.799999
103.0
89.099998
59.600003
53.300001
40.2
31.9
29.4
31.8
31.2
31.1
30.6
30.8
31.5
32.300001
30.0
40.300001
42.0
45.5
42.6
37.1
23.8
23.9
25.6
25.9
26.5
27.8
28.1
28.6
28.5
27.7
28.1
28.0
29.4
28.1
27.9
27.3
27.2
27.6
26.3
24.9
30.3
31.8
32.399999
31.699999
23.4
24.7
25.0
24.8
25.5
26.7
28.5
28.7
28.0
27.6
14.3346938776
0.669387755101
0.669387755101
0.669387755101
0.669387755101
0.669387755101
0.669387755101
0.669387755115
0.669387755101
0.669387755101
0.669387755101
0.669387755101
0.669387755101
0.669387755101
0.669387755101
0.669387755101
0.669387755101
0.669387755101
0.669387755101
0.669387755115
0.669387755101
0.669387755101
0.669387755101
0.669387755101
17.4346938776
15.9346938776
31.3
30.0
32.7
34.799999
64.900002
77.900002
91.0
154.400001
209.0
158.7775
205.800002
204.999997
189.199996
181.599999
151.200005
142.300003
123.100003
106.599998
76.900002
66.899997
39.200001
34.4
30.9
34.399999
34.200001
34.100001
33.8
35.800001
69.400002
81.699996
108.5
166.099999
197.399998
143.8175
214.0
207.199997
186.400002
177.699997
145.599998
120.199996
115.5
103.400002
71.299999
61.699999
33.900001
28.2
29.8
29.7
34.599998
34.899999
34.5
34.4
63.200001
80.5
102.299999
162.0
203.999997
212.3
213.9
203.9
193.599999
187.599999
157.5
128.599998
108.199996
94.199996
68.399997
55.800001
38.299999
31.7
33.200001
31.7
31.6
31.0
30.8
30.9
61.000002
75.799999
96.5
160.900001
185.5
207.0
195.599999
180.800003
169.100006
158.600006
126.599999
98.299999
97.799999
89.700001
66.200001
60.5
40.200001
36.299999
33.1
32.8
32.700001
32.600001
32.599998
32.1
32.9
33.599998
30.7
45.400002
47.9
47.800001
44.100001
37.4
25.9
26.4
27.6
27.9
29.8
31.3
32.399999
33.799999
32.5
33.0
31.7
34.0
32.799999
32.399999
32.700001
32.700001
32.5
33.0
32.199999
31.4
31.2
31.2
31.1
29.7
27.8
25.4
25.6
26.7
27.0
29.4
30.4
30.2
30.5
29.8
29.6
30.5
30.6
30.3
31.7
36.700001
63.5
82.799999
97.200001
168.299995
213.8
118.91
102.29
212.8
201.499998
188.199997
165.0
128.100002
105.099998
101.399997
80.600003
67.799999
35.5
28.1
31.599999
29.3
28.7
28.6
29.3
29.6
63.699998
75.0
92.0
152.799995
188.399998
196.000003
196.399997
198.099998
184.5
173.099999
146.699997
118.799999
97.900002
92.299999
63.200001
59.6
37.5
34.099998
32.699999
34.2
33.5
33.1
33.199999
33.0
62.800001
79.400002
96.299999
157.300003
207.6
144.2625
149.9
153.8825
200.800002
191.099998
163.199997
134.100002
109.099998
96.5
69.200001
67.799999
37.600001
30.2
30.3
30.7
28.1
27.2
28.5
28.2
56.299999
69.0
97.0
152.299995
190.399994
191.400002
198.0
193.800002
191.400002
185.199997
154.800003
124.100002
108.699996
96.800004
67.100003
54.7
34.4
29.6
28.5
29.7
29.6
30.2
30.1
29.9
52.600003
74.0
96.400002
161.300004
212.1
210.9
168.27
211.7
195.800002
185.300003
142.900001
111.599998
96.5
88.799999
61.5
48.5
32.4
27.3
27.2
28.4
26.8
26.6
26.8
27.0
27.7
28.2
25.7
34.0
46.4
45.399999
43.4
33.900001
23.8
25.1
25.4
24.9
25.1
26.2
26.3
27.0
27.6
26.8
27.4
28.9
27.6
26.9
27.2
26.6
26.8
26.8
24.9
23.7
24.5
24.1
24.5
23.4
24.1
23.8
23.8
23.7
24.1
26.5
26.8
26.8
27.5
26.3
29.4
26.8
26.3
26.8
31.7
38.899999
68.4
79.099998
103.700001
179.199997
213.8
135.2375
115.14
133.7
138.17
196.699998
151.300003
121.5
110.299999
104.0
79.200001
68.200001
38.1
32.399999
31.900001
32.0
31.3
31.0
31.0
32.199999
66.5
75.199996
88.400002
155.5
196.599998
198.199997
199.399998
183.599998
170.200005
165.0
147.599998
113.300004
94.299999
92.600003
61.500002
57.900002
37.8
31.6
32.5
30.8
30.4
30.6
30.0
35.7
57.399999
76.5
95.399997
160.099998
202.4
207.3
202.200002
196.200002
181.300003
171.899994
141.0
118.0
107.600003
97.599998
72.099998
67.599998
39.899999
34.2
33.1
35.100001
34.2
33.300001
33.899999
34.399999
62.299999
75.400002
91.0
146.0
179.900001
194.400002
190.599998
185.599999
178.700005
172.600006
132.300003
106.299999
101.899997
99.900002
70.199999
60.9
37.400002
31.6
29.0
31.800001
31.5
32.000001
31.5
31.4
55.0
75.599998
93.800004
136.699996
165.099998
183.799995
191.0
182.199997
168.800003
155.199996
120.600002
94.899997
85.599998
74.300004
54.9
43.899999
30.200001
26.8
26.8
27.2
26.7
26.3
27.9
27.2
27.7
26.9
25.3
39.0
40.0
41.699999
39.200001
28.1
23.0
22.6
23.8
24.3
24.7
24.5
26.2
27.5
28.1
27.4
28.1
28.3
27.6
27.2
27.3
27.0
26.5
26.1
24.7
24.2
23.8
23.5
23.0
22.6
22.0
21.7
22.4
23.5
23.7
24.8
26.1
27.4
27.9
27.4
28.1
28.1
27.4
27.3
29.0
36.1
67.199999
73.700001
89.800004
161.599998
196.400003
207.2
116.0
209.700003
203.7
188.900002
146.599999
116.5
93.600003
93.299999
85.600003
55.0
35.5
28.6
30.5
29.4
29.6
29.0
28.7
30.1
66.500002
78.5
93.0
155.900001
184.300003
201.2
210.9
201.600002
188.900001
182.400001
151.900001
116.700001
99.600003
93.100003
72.799999
63.300001
41.300001
33.4
30.0
32.5
31.7
31.3
35.2
37.200001
66.5
76.0
93.5
145.699997
194.499998
206.6
201.4
186.300003
177.599998
175.5
143.400001
120.699997
100.5
90.700001
69.799999
67.200001
41.099998
29.9
30.2
29.9
29.4
29.1
29.2
29.6
59.600001
69.700001
92.099998
149.099998
190.400002
196.799995
194.4
187.5
183.5
175.099998
143.900001
117.400002
108.199996
95.300004
71.299999
66.099998
39.7
29.6
29.2
30.0
30.1
30.1
29.8
29.6
49.700001
67.800004
85.599998
137.799999
181.899994
190.599998
189.699996
170.0
172.699997
166.900001
122.0
102.099998
96.5
72.299999
53.6
50.299999
36.1
27.7
26.2
28.3
27.3
27.9
27.8
27.9
28.1
26.7
25.2
34.899999
35.399999
39.199999
37.8
34.200001
28.7
27.9
28.3
28.1
28.1
33.8
30.6
32.1
31.3
27.8
25.2
25.6
25.1
24.9
24.6
25.2
24.0
22.9
22.6
23.0
23.1
23.3
22.7
21.8
20.9
21.4
21.3
22.5
23.3
24.0
24.5
25.4
25.0
27.3
24.8
26.2
27.9
28.1
28.8
29.4
31.900001
57.699999
65.0
65.299999
68.700001
64.599998
58.300001
48.5
42.4
36.0
25.2
25.2
28.0
28.9
29.4
28.3
27.5
28.1
27.9
28.1
27.2
26.9
29.7
30.4
35.4
63.499998
69.799999
75.0
71.700001
58.900002
54.5
50.400002
44.400002
38.200001
27.8
27.1
27.9
30.1
30.1
27.7
27.7
28.1
28.0
27.2
27.8
29.9
30.6
31.4
36.300001
53.300001
64.699999
68.199996
65.200001
61.5
57.5
55.700001
45.9
36.5
28.1
28.5
29.1
30.0
29.7
28.5
28.5
28.6
28.0
28.3
30.5
30.6
31.0
31.0
41.399999
66.300002
61.0
63.0
60.100001
53.200001
51.199999
51.299999
47.199999
42.700001
26.1
26.0
26.9
26.9
27.6
27.9
27.8
27.9
28.4
28.2
30.2
30.2
30.0
30.0
29.1
30.4
30.8
30.7
30.2
30.4
30.2
29.0
25.7
24.4
24.9
25.2
25.6
27.8
28.0
27.6
28.3
27.6
27.3
27.7
27.4
27.3
27.4
27.4
26.6
24.7
24.3
24.2
23.0
24.6
24.0
22.7
22.7
24.0
23.9
23.9
24.6
26.0
27.0
27.3
26.9
27.4
27.2
27.2
27.1
27.1
27.3
27.2
26.3
24.3
23.9
24.0
21.8
21.7
22.8
22.8
22.7
23.4
23.7
23.8
24.0
25.7
26.7
27.5
27.2
27.3
27.2
28.2
29.6
30.8
30.9
30.8
28.8
30.8
31.0
31.5
29.4
27.9
27.9
27.8
23.6
22.3
23.5
24.1
24.6
26.1
26.6
26.9
27.3
27.2
26.9
27.9
30.5
30.3
29.9
29.8
31.399999
43.9
54.399999
55.400002
49.099998
46.5
40.400002
38.600001
37.6
33.9
24.8
25.9
27.3
26.8
27.2
27.0
27.2
27.9
27.1
27.8
30.2
29.5
29.8
29.7
33.299999
44.800001
52.1
50.299999
51.799999
47.699999
46.5
43.700001
34.599999
28.6
24.9
24.2
24.8
25.8
27.2
27.3
27.3
26.6
27.1
27.3
29.6
30.0
29.8
29.9
33.000001
42.0
46.399999
48.800001
47.800001
44.699999
44.5
40.9
29.0
26.4
24.2
24.2
24.4
25.3
26.1
26.3
26.5
25.8
26.2
26.1
26.6
28.9
29.1
28.7
31.1
43.0
49.8
48.5
48.0
45.599998
40.700001
38.5
31.9
28.3
23.6
24.0
24.2
25.4
25.8
25.1
25.3
25.7
25.1
24.9
25.2
25.0
25.5
26.0
24.3
37.200001
36.299999
38.399999
36.299999
23.7
18.9000006
18.3999996
19.9999996
20.6
21.8
22.4
22.9
24.4
25.3
25.5
25.8
25.8
25.9
25.8
25.5
25.5
25.7
25.7
23.7
22.8
22.1
21.5
19.9999998
21.3
21.8
20.8
20.6
22.3
23.3
23.4
23.9
25.5
26.5
26.1
25.7
29.099999
25.7
25.4
28.0
28.6
55.899999
63.399997
82.399997
144.0
190.600006
193.699996
188.600006
180.099998
169.799995
161.199997
141.099999
115.599998
96.5
73.799999
48.6
40.199999
34.799999
31.7
31.8
32.7
32.100001
32.000001
32.000001
32.099999
62.899999
71.299999
84.5
148.200005
190.300004
189.099999
185.799995
173.199996
171.700005
153.199997
127.799999
104.199996
78.5
66.899997
46.399999
40.100001
34.299999
31.1
31.9
32.0
31.6
31.4
31.6
31.799999
59.2
69.300004
82.100003
141.599999
179.900002
194.799995
194.800003
181.0
166.0
156.800004
131.100003
105.5
77.400002
71.400002
49.0
41.900002
35.100001
32.4
32.0
34.1
31.7
31.5
31.0
31.5
59.599998
69.200001
83.200001
124.5
171.900002
182.0
188.700002
175.599998
173.0
165.200005
133.900001
105.699996
81.5
71.700001
49.300001
42.699999
39.300001
35.6
35.600001
34.099998
35.4
35.300001
36.100001
35.799999
63.000002
70.899997
85.799999
132.199997
169.200005
181.099999
181.0
173.400001
163.5
150.300003
119.900002
94.900002
79.600003
64.700001
41.0
38.199999
34.100001
31.3
32.9
32.000001
31.1
31.1
31.2
32.5
32.899999
31.800001
30.9
40.699999
43.900002
49.5
49.200001
34.3
26.5
26.6
27.3
28.3
29.3
30.4
30.6
32.199999
33.699999
32.800001
31.8
31.500001
33.199999
33.700001
32.100001
32.4
32.5
32.1
29.9
30.3
29.8
28.0
26.3
25.7
25.2
26.1
27.0
28.2
28.1
27.5
27.6
29.4
31.4
30.8
30.8
32.200001
31.5
31.3
30.7
31.5
52.700001
64.499998
77.299999
135.700001
162.300003
178.799995
178.299995
178.5
163.099999
155.5
129.499996
102.0
89.299999
73.099998
54.7
46.099998
36.5
31.4
31.6
33.0
32.900002
32.6
31.6
31.5
52.6
69.100003
84.0
132.200001
163.299995
172.799995
179.800004
177.200005
175.900001
163.100006
131.300004
105.0
86.100003
70.400002
44.600001
41.600001
36.3
32.1
32.300001
32.199999
33.3
33.6
32.599998
32.8
51.0
66.600003
87.400002
133.400002
173.199997
180.699997
188.800003
174.799995
158.300004
154.0
128.700001
107.300004
91.199996
72.799999
51.399999
45.399999
36.5
31.800001
31.7
32.9
31.4
31.3
31.2
31.2
48.6
62.799999
79.699996
142.099998
184.699996
193.799995
188.099998
184.099998
166.400001
169.0
133.0
93.299999
82.299999
74.0
57.199999
40.399999
39.600001
34.0
34.0
32.699999
34.299999
35.0
32.799999
33.5
60.900002
68.0
82.899997
138.599999
177.699997
196.5
200.500003
190.5
185.900002
172.699997
138.499996
102.700001
83.799999
57.700001
39.699999
37.0
36.100001
31.4
31.4
31.1
30.6
30.8
31.9
31.1
31.3
30.2
31.399999
41.399999
46.1
54.5
50.0
36.8
25.0
24.5
25.3
26.1
26.7
27.0
27.7
28.3
29.3
30.0
30.4
30.6
31.1
31.3
31.1
30.8
30.6
29.8
28.6
28.0
26.7
26.7
26.9
25.1
25.0
24.4
25.0
26.0
25.8
26.7
27.6
29.0
30.4
30.1
30.5
32.800001
31.0
30.1
31.4
31.2
61.6
71.599998
88.899997
141.799995
187.399994
201.899997
199.999998
192.200002
181.699996
174.400001
138.300004
96.099998
68.899997
62.299999
55.5
48.200001
36.5
31.7
32.8
33.899999
31.5
31.9
32.200001
32.800001
62.099998
75.399997
93.300004
141.500004
177.899994
198.800003
189.400001
185.099998
173.5
166.299995
133.099999
103.0
82.400002
66.799999
43.100001
40.399999
36.1
34.400002
34.200001
17.4109280139
0.0218560277426
0.0218560277717
0.0218560277426
0.0218560277717
0.0218560277426
0.0218560277426
0.0218560277717
0.0218560277426
0.0218560277426
0.0218560277717
0.0218560277426
0.0218560277717
0.0218560277426
0.0218560277426
0.0218560277717
0.0218560277426
0.0218560277426
0.0218560277717
0.0218560277426
0.0218560277717
0.0218560277426
0.0218560277426
0.0218560277717
29.8425
30.0425
29.71
30.0875
29.925
36.435
47.895
62.89
89.12
120.2475
138.9875
141.4225
136.35
135.525
133.6625
117.1725
94.48
76.85
66.52
56.35
45.315
39.815
33.3375
30.5575
29.8225
29.905
29.74
29.99
30.175
37.55
47.8825
64.085
91.68
121.36
139.535
144.9875
138.625
132.2275
126.19
110.005
88.735
70.4825
59.1475
47.7825
39.305
35.4325
30.475
28.78
27.835
27.4975
27.675
27.74
28.7075
29.4275
29.6875
30.075
33.73
38.345
41.9125
41.3025
36.0
29.215
25.8625
24.765
24.5275
24.39
24.725
25.4725
25.83
27.1325
27.43
26.715
26.1075
26.28
25.5625
24.9525
24.8325
24.6725
24.5225
23.4025
22.8375
22.56
22.235
21.94
21.42
21.045
20.4825
20.4175
22.5125
23.29
23.14
23.4025
23.5025
24.1
23.8725
24.135
24.9375
24.185
24.16
24.74
25.5075
35.505
46.7125
56.425
80.68
112.2875
130.3575
126.84
116.6325
116.765
114.8625
105.91
86.6575
69.46
56.8775
51.8725
45.005
37.64
29.7725
26.6825
26.915
26.4425
26.2275
25.5475
25.305
34.465
47.57
58.99
90.7575
125.0575
140.0175
139.555
136.55
131.9125
124.48
111.775
91.645
73.7975
60.5925
51.1025
42.6275
37.2275
31.0075
28.2425
27.5
26.8375
26.7575
26.4
26.375
33.565
44.62
56.8175
80.2975
116.7525
133.3825
132.4725
126.4775
122.6925
119.7
107.5475
90.655
76.015
63.6275
51.64
42.5725
37.3775
30.3575
27.185
28.0125
28.2025
27.875
27.91
27.8825
35.1875
46.42
57.15
80.4425
112.75
129.155
131.95
125.46
125.065
122.69
108.68
87.195
69.6825
62.6675
53.0375
42.985
37.8
32.0325
29.475
29.1375
29.295
29.7475
28.8975
28.36
36.5625
46.3475
58.9725
84.5775
114.0875
132.1925
136.85
129.74
124.7075
119.5025
104.1825
79.3775
64.97
56.125
44.445
35.9475
32.65
28.6375
27.08
26.2225
26.2875
26.8025
26.925
26.8825
26.5325
26.24
26.03
30.0
34.5125
38.015
37.33
31.4225
24.82
21.66
21.47
21.88
22.865
23.745
25.305
26.84
28.1375
28.4125
27.71
26.7525
27.095
27.1475
26.4775
25.97
25.945
25.2125
24.285
23.8425
22.915
22.9
21.79
21.0075
20.6475
20.4425
20.7375
21.6075
21.8675
22.215
22.27
22.52
22.94
23.2825
23.5175
23.915
22.875
22.49
22.115
22.5075
32.3325
43.2975
53.3425
72.7875
104.4125
123.435
122.8325
114.5275
112.9375
109.7675
99.39
80.14
63.9875
54.1225
49.7125
43.4425
35.7975
28.475
25.8475
26.0575
26.2275
26.2225
26.1825
26.17
36.355
49.4025
64.2
88.94
119.15
132.0075
133.3575
131.5
126.78
120.615
106.6375
87.045
70.49
58.2075
49.065
41.68
37.115
31.95
30.36
29.775
28.8425
28.7025
28.575
29.48
37.21
47.3
62.6425
85.9975
116.345
131.4125
126.18
119.9375
115.7675
112.06
98.7375
79.285
63.215
51.355
44.7725
38.2325
33.585
28.33
26.285
28.0825
27.64
26.9925
27.02
26.895
34.37
45.0925
59.11
89.0
121.5375
137.5125
142.035
138.2625
137.0925
135.81
118.385
95.9375
81.3775
64.635
50.915
41.345
36.7175
32.24
30.1125
29.555
29.89
30.1125
30.065
29.5825
37.485
47.175
60.5575
85.45
112.995
130.5225
132.62
121.2775
116.9175
112.47
96.2875
74.8075
62.615
54.3225
43.2475
35.85
32.6125
28.6975
26.54
24.9375
24.52
25.1725
25.36
25.905
25.6775
25.3675
25.9325
29.7775
34.2
36.62
35.33
30.115
23.935
21.3025
21.1275
22.045
22.7575
24.2875
25.6125
26.6275
28.1225
28.57
28.1675
27.865
28.0575
27.9975
27.665
27.5925
27.2925
27.325
25.8475
24.2225
23.3025
23.0075
23.2475
22.6725
22.33
22.1025
22.22
22.7675
23.5075
24.1725
24.2475
24.6625
25.2
25.3825
25.325
26.5525
25.3425
24.815
24.7975
25.195
35.32
45.5275
55.665
84.2075
117.4725
132.82
136.505
126.6275
118.93
117.8475
106.26
88.3125
72.89
63.3475
52.225
44.005
36.5875
29.7325
27.4875
28.2875
28.035
28.4175
28.8725
29.26
38.84
50.685
67.77
95.2475
126.71
138.2625
138.695
134.8475
129.975
129.53
111.2875
95.9025
74.8075
62.7475
48.97
40.1825
36.52
32.45
31.065
30.575
30.32
30.3925
29.905
29.715
37.96
47.94
66.1075
89.0075
114.3975
128.7075
131.04
121.8
115.5775
111.9325
99.3025
80.6425
64.975
55.1725
46.26
39.4875
34.7725
29.32
27.1625
27.9575
28.1125
28.0425
28.4675
28.3625
35.72
45.94
54.235
79.09
107.395
121.045
122.3625
117.1075
115.52
114.5125
100.2125
80.0275
64.59
56.625
46.0725
37.6075
34.2075
30.14
28.3525
27.9325
27.3725
27.0
26.825
26.1
34.3375
44.1725
49.645
76.295
105.9725
120.55
121.815
116.7725
114.8625
110.915
94.055
72.585
60.605
52.0675
41.085
34.5375
31.81
28.3675
27.1425
14.1109280139
13.0109280139
26.3
26.2
26.1
25.2
24.5
27.8
36.099998
37.5
39.399999
33.5
26.4
20.9
19.8999996
22.7
22.6
22.3
22.6
23.2
23.3
24.8
25.5
26.5
26.7
26.6
26.8
26.4
26.3
25.5
24.7
24.2
23.7
23.5
25.0
24.6
24.2
24.2
23.9
22.3
20.7
21.2
22.1
22.7
23.1
24.3
25.0
26.2
26.2
26.3
26.6
26.2
26.4
33.600001
31.9
29.8
30.2
31.7
33.3
32.7
27.6
30.2
33.599998
23.8
23.0
22.8
23.2
23.3
23.5
25.5
25.0
26.3
26.0
26.5
26.1
26.3
25.6
34.9
35.3
45.1
68.5
77.100003
77.099998
70.200001
61.700001
53.200001
43.5
38.3
32.8
21.6
23.2
23.4
23.3
24.5
24.4
24.8
26.2
24.9
25.2
25.0
25.2
27.5
27.9
40.6
57.599998
62.6
55.300001
57.199999
51.1
45.5
46.4
42.100001
33.499999
24.7
23.9
24.5
25.1
26.7
26.9
27.1
26.9
27.0
26.5
27.8
26.8
25.7
26.3
38.0
54.900002
61.699999
58.9
57.699999
53.5
46.5
42.4
36.699999
29.800001
23.4
24.4
25.0
24.6
25.8
25.6
25.9
25.9
25.9
25.8
25.7
25.5
25.6
24.9
34.800001
58.9
56.800001
50.400002
48.799999
40.5
37.5
35.899999
31.4
26.3
22.1
22.7
23.1
24.4
26.7
25.2
26.1
25.1
25.6
25.4
25.4
26.1
24.8
24.2
23.4
32.700001
35.5
37.200001
28.3
21.1999996
17.6999998
17.8999996
18.3000002
19.6999998
20.5
22.1
23.2
23.2
24.5
24.3
24.9
25.0
24.7
24.8
24.6
24.5
24.3
23.5
22.9
22.2
22.6
21.4
20.3999996
20.4000002
18.8000002
20.1999996
20.0
19.9999998
21.1
21.4
22.3
22.2
22.7
23.6
24.0
25.7
24.1
24.1
24.0
23.9
40.699999
52.099998
65.299999
106.299999
148.800004
164.800003
168.099999
156.900001
149.200005
152.0
137.299999
103.700001
85.399997
67.099998
51.1
43.4
31.2
26.7
27.2
27.1
26.9
27.2
27.2
28.5
45.199999
57.400002
74.899999
126.700001
170.0
172.300003
188.299995
179.700005
170.699996
154.300003
128.899997
94.299999
74.900002
62.200001
40.6
32.199999
28.6
26.0
26.1
26.1
26.5
26.5
25.9
26.0
42.399999
55.6
65.899997
103.200001
148.599998
170.699997
169.0
155.800003
152.599999
145.900001
112.5
83.700001
69.599998
56.5
42.0
35.5
29.0
25.6
26.1
27.8
26.1
25.8
26.2
26.2
40.0
55.300001
62.199998
86.5
97.299999
105.099998
116.200001
107.799999
124.5
130.100006
99.400002
71.100003
61.3
51.899999
35.5
32.3
30.0
28.2
29.4
27.6
28.8
28.6
28.4
28.1
43.8
56.4
68.1
114.400002
146.400001
149.5
153.5
143.699996
142.900002
138.199996
100.299999
73.400002
63.099998
49.4
31.800001
26.5
26.4
25.4
26.4
26.5
26.2
25.8
25.7
25.7
24.4
24.2
26.1
27.7
34.200001
34.799999
36.599998
29.7
19.6000004
19.0
19.1999998
20.3000002
22.8
30.500001
38.700001
39.299999
39.899999
41.699999
31.699999
25.2
25.5
25.2
25.0
25.1
23.6
23.7
23.0
22.5
21.8
21.7
19.3999996
19.0999994
19.0999994
19.1999998
19.1999998
19.1999998
20.6
20.7
22.2
22.2
23.3
24.3
24.6
25.5
24.7
25.2
25.0
25.4
47.5
59.1
74.199998
109.599998
136.099998
150.599999
149.599998
140.200005
129.699996
124.100003
108.5
90.299999
70.799999
62.099998
51.399999
38.600001
27.9
25.8
25.4
26.8
25.3
25.7
25.4
26.0
47.5
58.6
72.700001
106.700001
148.300003
154.900001
156.399994
146.800003
140.199996
139.099999
117.0
86.5
74.200001
58.6
39.700001
35.099998
28.9
26.5
27.6
28.0
28.0
27.7
27.7
27.2
50.699999
61.6
73.0
117.399998
165.100006
170.800003
170.099998
158.0
144.200005
135.700005
113.599998
92.299999
74.0
59.5
41.300001
36.399999
29.3
26.8
28.0
27.4
28.0
27.6
28.8
28.5
53.399999
61.799999
71.700001
117.5
151.700005
158.300003
161.199997
147.799995
139.800003
137.600006
120.599998
99.5
74.299999
58.999998
39.900002
31.2
27.9
25.2
26.0
24.6
26.3
25.8
26.2
26.6
48.899999
59.799999
64.200001
108.5
151.700005
168.0
158.099999
152.900001
154.900002
152.700005
112.400002
81.0
63.900002
55.3
32.5
28.5
28.0
23.4
24.3
23.9
23.9
23.8
23.7
23.7
22.7
22.7
22.8
31.700001
37.5
41.3
38.1
30.499999
21.2
20.5
20.5
20.6
20.8
20.5
21.0
21.2
22.7
22.9
23.6
23.6
24.0
23.7
23.7
23.5
22.3
21.6
21.4
20.6
19.9000002
19.6999998
18.5
17.5
18.0
18.8000002
18.8000002
20.0
20.0
20.2
20.2
20.5
22.0
22.7
23.1
24.0
23.6
23.7
23.4
23.4
39.0
51.200001
56.799999
114.200001
140.899994
149.300003
150.5
136.599998
132.0
125.599998
107.5
75.299999
58.0
50.5
44.400002
37.599998
27.3
23.9
25.0
26.8
24.5
24.5
24.4
24.3
40.5
55.4
64.5
109.0
144.099998
152.800003
157.200005
155.200005
146.700005
142.900002
122.299999
95.400002
72.400002
58.0
38.800001
34.600001
30.7
27.4
28.3
27.9
28.3
28.2
28.2
28.1
43.400002
55.6
66.600003
119.900002
157.200005
174.300004
172.800003
157.700005
152.0
151.599999
127.0
96.5
83.0
65.099998
42.4
37.399999
32.9
28.1
26.8
27.3
26.5
26.7
26.8
26.9
42.2
54.700001
59.300001
97.599998
139.400002
147.599999
148.699997
138.400001
134.700005
140.200005
105.200001
76.599998
63.700001
52.099998
33.899999
29.4
27.4
27.3
27.3
28.3
27.4
27.3
27.5
27.2
42.1
53.299999
60.799999
103.800004
144.0
142.100006
150.400002
137.800004
139.699997
144.200005
110.200001
83.700001
63.799999
55.700001
35.900002
30.5
29.6
28.3
28.9
28.8
28.5
28.8
28.7
28.4
27.5
27.0
29.3
32.5
35.600001
42.7
42.700001
34.400001
24.7
24.8
23.9
24.6
25.4
26.0
26.3
26.6
27.8
28.3
28.7
28.1
28.5
28.6
28.4
28.5
27.7
27.5
27.0
26.8
25.7
25.3
24.8
24.5
24.2
24.2
23.5
23.6
23.0
23.5
23.6
24.4
25.5
26.5
26.6
28.5
26.4
26.5
26.9
27.1
50.200001
59.699999
66.799999
112.599998
155.900002
171.099999
164.199997
150.300003
147.200005
134.900001
108.899997
81.5
70.900002
68.5
51.300001
43.799999
33.299999
29.4
29.4
30.0
29.9
30.0
29.8
29.9
55.5
61.899999
68.5
105.0
133.5
150.599999
148.300003
141.5
137.0
135.900001
106.799999
82.299999
66.399997
61.400002
45.299999
42.599998
36.899999
29.6
29.6
29.5
29.4
29.1
29.0
29.2
52.7
63.100003
75.599998
108.299999
151.5
157.400001
155.5
145.400002
131.0
123.700001
107.700001
84.299999
70.399997
62.300002
43.8
38.599998
31.5
28.3
28.8
28.7
29.4
28.8
28.7
28.9
55.1
62.100001
67.899997
105.400002
144.5
152.5
151.200005
146.900001
137.700005
138.900001
112.900002
85.099998
70.200001
59.299999
39.200001
31.2
30.2
27.4
28.4
27.3
28.3
27.8
27.8
28.3
52.300001
60.0
67.500002
116.099999
161.400001
169.0
165.5
160.0
152.400002
134.5
104.200001
87.300004
75.199996
61.799999
48.100001
42.800001
34.099999
29.1
27.5
25.7
25.6
25.6
25.6
25.2
24.6
23.9
24.9
37.700001
37.5
36.199999
32.1
25.8
18.8999996
19.7999996
19.9999996
20.7
21.7
22.0
22.5
23.0
24.1
24.3
25.2
25.8
25.7
25.2
25.1
25.1
24.0
23.7
23.2
23.6
23.0
22.8
22.4
22.2
21.9
20.8
18.8999996
20.3000002
21.5
21.7
22.4
22.8
23.9
24.5
25.1
28.0
25.9
25.8
25.5
25.3
43.299999
50.8
56.300001
104.5
150.599998
161.0
165.300003
154.100006
146.200005
136.299995
106.200001
86.0
68.199999
58.300001
48.0
44.400002
31.7
29.5
29.9
30.2
29.5
29.5
29.3
29.0
43.1
55.599998
56.300001
92.300004
129.0
140.800003
141.5
128.499996
131.199996
119.900002
94.599998
70.299999
60.1
57.099998
37.699999
33.5
29.9
28.1
29.0
27.8
29.1
29.0
29.1
28.6
42.699999
56.400002
59.700001
113.100002
156.0
168.099999
163.800003
153.0
159.799995
162.800003
120.200005
84.5
70.400002
63.299999
41.099998
34.899999
29.6
26.6
26.9
28.6
27.0
26.4
26.6
26.2
42.2
53.799999
61.899999
108.399997
149.799995
158.099998
168.5
162.700005
173.699997
177.399994
141.5
99.600003
78.5
60.299999
40.699999
33.700001
30.1
28.3
29.0
30.0
29.0
28.7
29.4
28.8
43.5
58.1
60.899999
95.0
124.799999
145.099998
155.199997
138.5
138.599998
137.200005
110.600003
84.5
68.0
55.100001
38.200001
33.3
30.6
29.7
30.5
28.9
29.9
28.8
28.6
28.7
28.1
27.6
27.6
32.799999
38.299999
38.700001
35.0
26.4
20.8
21.2
21.3
22.1
23.2
24.0
24.8
24.5
25.8
26.3
26.5
25.5
26.7
26.7
26.7
26.7
25.5
25.1
24.7
24.5
23.7
23.8
26.9
28.4
25.4
29.2
30.9
32.699999
33.8
32.400002
29.2
22.1
22.8
23.4
23.8
24.5
24.1
24.2
24.1
24.5
49.399999
56.700001
61.6
103.599998
130.799999
159.299995
160.900001
148.699997
137.699997
139.400002
115.799999
90.599998
74.599998
64.799999
49.4
40.300001
28.6
24.3
24.4
26.2
24.6
24.8
24.4
25.1
50.2
57.199999
65.799999
102.700001
141.900002
151.900002
163.400001
150.099998
140.5
143.199996
114.299999
83.100003
72.0
67.300002
49.799999
35.299999
30.0
26.0
26.7
27.8
27.1
26.9
26.9
26.7
49.0
59.299999
64.700001
101.700001
158.199997
170.099998
162.300004
151.400002
148.5
151.800003
121.5
89.400002
74.600003
69.0
49.700001
43.2
31.200001
26.9
27.0
28.3
27.7
27.4
27.3
27.1
52.699999
60.900002
65.0
98.899997
140.300003
148.599999
152.900001
140.300004
131.600006
136.299995
126.099998
106.900002
91.200001
71.799999
40.0
34.1
29.9
27.6
27.9
34.600001
28.6
28.8
28.0
28.1
52.1
60.899999
63.4
101.399997
127.0
144.400001
141.299995
134.5
132.699996
132.700001
114.700001
92.5
82.0
70.9
49.599998
42.899999
41.9
38.2
39.0
33.1
39.3
38.9
39.0
38.400002
37.199999
37.0
40.800001
51.1
49.4
47.4
36.1
23.6
20.6
21.5
20.7
20.9
22.1
22.1
22.8
23.3
23.9
24.9
24.7
26.1
25.7
25.4
25.1
25.2
24.8
24.0
23.9
23.3
22.8
22.2
22.0
21.8
21.7
22.3
25.5
27.2
27.5
27.4
24.9
23.0
24.6
24.7
25.1
25.4
25.7
25.7
25.3
25.2
40.600001
54.800001
60.099998
109.600003
144.099999
156.5
167.0
158.199996
143.900001
151.900001
127.499996
108.299999
95.5
61.700001
34.600001
27.8
27.1
23.4
24.1
26.1
24.2
24.0
23.7
23.4
41.1
54.1
64.099998
102.299999
152.5
164.799995
166.799995
158.0
146.800003
146.699997
122.099998
96.600003
86.200001
67.200001
41.100001
34.600001
31.3
27.8
28.3
28.1
28.5
28.3
28.0
27.8
42.300001
55.0
59.399999
100.5
140.400002
159.099999
159.400001
145.700005
141.199997
138.0
111.700001
85.200001
69.400002
55.0
36.6
31.6
28.7
25.1
25.4
26.3
25.6
25.6
25.6
25.5
42.600001
54.5
58.0
95.099998
139.400002
133.899994
137.200005
136.799995
136.100006
129.099998
112.399997
89.899997
64.299999
53.9
31.700001
27.8
27.2
25.7
25.8
28.0
26.4
25.9
25.8
25.4
41.799999
53.899999
56.299999
95.400002
128.299999
140.5
125.0
109.5
78.200001
58.599998
48.200001
47.900002
33.4
30.2
28.7
29.2
29.9
28.8
28.1
28.8
28.5
28.5
28.6
28.6
27.6
27.0
26.2
25.9
25.9
25.7
24.4
24.3
23.8
23.7
23.8
24.3
24.7
26.0
25.7
25.7
26.8
27.2
27.9
29.0
28.5
28.4
28.5
28.2
28.5
27.9
27.4
27.1
26.5
26.1
24.5
22.4
22.3
22.5
25.5
27.9
29.2
30.3
27.5
25.8
27.0
27.6
27.8
29.0
29.7
29.6
29.6
29.3
29.2
31.7
50.200001
68.799999
73.5
82.899997
79.700001
67.600003
61.799999
54.8
52.099998
46.200001
37.0
30.399999
27.2
26.7
29.0
28.8
29.1
30.0
29.6
29.4
29.4
29.0
28.9
30.4
45.5
67.199999
74.100003
69.200001
68.0
59.200001
56.200001
56.6
57.6
50.800001
44.300001
34.399999
28.4
28.5
29.9
29.3
29.5
30.6
29.6
29.6
28.5
28.2
28.3
27.7
46.0
71.299999
80.100003
77.0
75.300004
68.100003
60.699999
58.5
57.7
54.700001
42.399999
33.3
31.3
31.2
32.299999
31.5
30.8
29.9
31.5
31.4
31.5
31.4
30.8
32.1
42.799999
60.0
68.600003
68.100003
69.0
62.100001
56.1
52.599998
48.0
39.0
33.900002
29.7
27.0
27.3
27.8
27.4
27.9
27.5
27.7
27.9
27.6
27.3
28.2
30.0
47.0
59.200001
64.0
64.500002
65.499998
58.800001
59.900002
59.5
54.200001
45.9
37.5
29.0
26.8
27.3
27.8
26.5
26.9
27.1
27.9
27.6
27.9
27.6
27.3
27.0
26.1
25.7
25.2
24.8
21.7
19.7
20.3
19.9000004
20.4
20.5
21.6
22.6
23.4
23.7
26.1
26.4
26.7
28.4
27.5
27.5
27.4
27.3
27.0
26.7
25.5
25.1
25.6
24.2
24.4
24.0
24.4
24.0
25.9
27.6
29.2
30.0
26.9
25.8
27.2
27.4
27.5
27.9
27.9
27.9
26.3
26.0
26.0
25.9
42.300001
52.800001
60.800001
56.799999
56.700001
58.100001
58.299999
58.5
50.6
44.899999
39.099998
28.3
26.7
26.9
28.1
27.7
26.4
27.2
27.1
26.3
26.3
26.5
26.4
26.6
43.5
53.300001
58.800001
56.199999
56.9
55.5
56.1
56.0
53.300001
48.200001
34.900002
29.0
25.7
25.6
26.5
26.5
27.1
24.5
26.8
27.0
27.3
27.5
27.6
28.7
45.799999
54.200001
55.6
55.799999
58.5
53.900002
52.900002
52.599998
42.400002
35.900002
27.3
23.1
21.4
20.1
21.1
20.8
21.5
21.5
21.7
21.4
21.6
22.3
21.2
21.7
39.100001
47.6
49.5
46.900002
50.799999
45.5
43.799999
42.799999
38.800001
36.900002
25.8
21.3999998
19.3000002
19.1999998
20.6
20.6
21.0
21.5
20.8
21.2
21.0
21.3
20.4
22.7
37.0
41.100001
45.5
44.6
43.6
41.5
40.7
39.100001
35.799999
31.099999
23.4
20.7999998
19.5
19.9000002
21.0
21.1
21.8
21.6
21.7
21.6
21.6
21.4
21.2
20.1
19.3000002
18.9000006
18.3000002
17.6000004
18.0999994
17.1999998
17.6999998
17.8999996
16.8000002
16.8000002
18.1999998
18.3000002
19.0
19.0999994
20.7
20.9
21.2
21.7
21.4
21.3
21.4
21.1
21.1
20.0
19.3999996
18.9000006
18.0
18.3000002
17.3000002
16.4000006
17.0
16.5000005
19.6000004
22.6
23.3
23.7
20.6000004
19.3000002
20.7
21.0
21.3
21.4
21.7
21.5
21.4
21.3
21.1
20.8
24.0
31.9
32.5
34.899999
35.300001
35.0
33.5
33.0
32.800001
31.8
27.3
20.9999996
19.1000004
19.6000004
20.9
20.4
20.7
20.8
20.8
20.7
20.7
20.6
20.6
19.8999996
24.2
38.5
39.899999
38.300001
37.9
36.800001
36.700001
37.5
36.799999
36.9
27.3
21.9999998
19.6999998
20.1999996
21.0
19.8999996
20.1
20.8
20.3
20.3
20.4
20.2
19.6999998
19.0
28.2
38.699999
42.3
39.2
39.200001
38.600001
38.8
40.0
39.1
38.900002
29.1
21.9000002
21.0
19.6999998
21.0
20.5
20.9
21.1
20.8
20.7
20.7
20.8
20.5
19.6999998
35.9
43.0
43.700001
40.800001
36.200001
35.0
33.8
34.099998
33.099998
32.3
26.1
22.1
20.6
20.8
22.1
21.2
21.5
21.3
22.2
21.8
21.9
22.0
21.5
20.7
28.3
35.1
34.799999
32.1
31.3
31.0
31.5
29.8
29.1
30.1
25.4
20.5999996
19.1000004
19.6999998
21.1
20.5
20.8
20.7
20.7
20.7
20.6
20.9
20.6999996
19.0
18.1999998
18.3000002
18.0
17.6999998
15.6999998
14.5999999
13.8000002
14.3000002
14.7999997
15.4000001
16.0999999
17.6000004
18.0999994
18.6999998
20.5
19.9999996
20.2
20.6
20.8
20.4
20.6
20.0999996
20.1999996
18.5
18.0
18.0
17.6000004
17.3000002
17.3999996
17.0
16.6999998
16.7999992
20.3999996
21.9
22.8
23.1
19.9000004
19.4999996
20.0999996
19.8999996
20.3
21.4
20.6
20.3
20.5
20.5
20.4
19.2999992
28.0
44.099998
45.899999
44.100001
44.299999
38.699999
36.699999
37.100001
34.3
34.700001
32.4
23.0
19.8000002
20.3
21.8
21.6
21.6
21.8
22.2
22.0
21.9
21.7
21.8
21.3
29.8
44.400002
45.600001
42.7
43.199999
39.5
38.5
37.799999
38.399999
37.0
29.0
21.3999998
19.1000004
19.8999996
21.3
20.9
21.2
21.7
21.4
21.1
21.0
21.0
21.0
20.2
28.799999
43.399999
43.299999
46.899999
44.799999
42.1
41.800001
42.100001
39.0
34.699999
29.6
22.5999996
20.4
20.4
21.5
21.0
21.3
21.8
22.7
21.3
21.4
21.7
22.3
22.1
30.4
51.7
56.5
53.5
51.799999
51.400002
48.3
47.0
43.1
37.800001
31.1
22.9999998
20.0
21.3
21.8
20.8
21.0
21.6
21.2
21.0
21.0
20.8
20.8
20.8
35.5
48.200001
46.299999
49.899999
49.699999
47.7
48.799999
45.699999
45.6
42.799999
31.5
22.3
20.1999996
20.9
21.9
21.3
21.7
22.1
22.2
22.2
22.0
21.8
21.9
20.3
19.6999998
19.7999998
20.9
20.0000002
21.0
19.5
19.1
19.6000004
19.1000004
18.2999992
18.0
19.1000004
19.3000002
20.3
21.4
21.3
21.3
21.9
21.9
21.8
21.6
21.4
21.3
20.2999996
19.2000008
18.8999996
18.2000008
17.8999996
17.3999996
17.0999994
16.6000004
17.1000004
20.7
22.9
23.1
23.7
20.5999996
19.7000004
21.3
20.9
21.1
21.9
21.5
21.9
21.8
21.5
21.5
20.8
24.7
40.0
40.599998
41.599998
39.5
36.5
37.800001
36.699999
35.9
30.4
26.1
22.1
20.8
21.7
22.3
21.2
21.5
21.6
21.9
21.9
21.6
21.7
22.0
21.1
25.1
38.699999
44.599998
45.0
41.9
38.5
33.800001
33.5
30.5
29.5
24.9
21.3999998
19.3999996
20.4
21.4
20.8
20.9
21.5
21.4
21.1
21.0
20.9
20.8
20.4
36.1
49.300001
53.2
48.699999
47.2
45.200001
50.200001
48.6
43.9
43.399999
34.699999
24.2
21.2
22.2
22.3
21.2
21.4
22.1
21.3
21.8
21.6
21.7
21.5
23.4
38.199999
51.0
58.6
62.700001
70.099998
63.700001
57.4
54.0
51.899999
49.4
35.8
23.9
21.2
22.3
22.8
22.3
22.1
21.6
22.2
22.1
22.2
21.9
21.7
22.7
35.399999
45.699999
47.0
46.7
46.100001
42.200001
39.700001
37.4
36.800001
36.100001
26.0
20.3999998
19.5999994
20.3
20.3
20.0
20.0
20.7
20.1
20.2
20.3
20.2
20.2
19.6000004
20.2999996
23.5
25.5
25.1
25.4
23.2
22.8
23.8
23.3
20.0999996
17.8999996
18.0
18.0999994
19.3999996
20.2
19.6999998
20.1000002
21.6
20.6
20.6
20.4
20.4
20.4
20.8
18.7999992
19.3000002
21.6
22.6
23.4
24.4
24.4
23.9
25.7
23.6
23.5
24.1
21.4999998
21.0
21.6
21.2
21.7
22.5
22.0
22.1
22.1
21.9
21.8
26.6
36.199999
44.099998
54.0
57.2
60.9
51.6
47.699999
45.899999
46.699999
47.400002
39.0
25.3
21.2
22.4
22.7
21.5
21.5
21.8
22.8
22.0
21.7
22.0
21.9
22.8
38.199999
52.399999
57.700001
53.0
52.700001
45.700001
45.5
44.9
41.299999
41.0
38.199999
23.0999996
20.2
21.6
22.2
20.9
21.5
22.3
21.8
21.9
22.1
21.7
22.1
22.9
39.800001
51.699999
54.2
54.700001
54.6
46.399999
43.9
43.0
42.100001
41.9
38.0
24.8
21.4
22.6
23.2
22.5
22.5
21.9
22.8
22.7
22.9
22.8
23.0
23.7
37.8
46.5
45.899999
45.3
45.3
43.6
44.5
43.1
42.799999
40.899999
34.200001
25.2
22.9
24.0
22.9
19.9999996
20.4
21.4
20.8
20.8
21.0
20.7
20.8
22.5
36.800001
48.100001
51.799999
53.9
46.899999
46.699999
46.5
46.5
43.100001
34.800001
25.5
22.1
20.6
21.9
22.1
21.4
21.8
21.9
21.9
21.9
21.9
21.9
22.1
22.1
24.5
23.6
22.5
21.8
20.3
16.5999994
16.0
16.4000006
17.2999992
17.6999998
18.5
18.1999998
19.1999998
20.6
21.4
21.0
21.0
21.8
21.6
21.4
21.7
21.1
21.4
21.1
19.4000006
19.0
18.8999996
18.5
18.2000008
18.5
17.6000004
17.4000006
21.9
23.8
23.6
23.9
21.2000004
21.0
21.7
20.8
21.1
21.5
21.5
21.6
21.9
21.7
21.7
22.5
23.5
29.0
32.1
34.5
35.300001
33.100001
29.2
25.2
23.6
23.9
23.8
21.0000004
19.9000002
21.2
21.6
21.2
21.5
25.0
22.2
21.8
22.1
22.5
51.399999
53.5
80.0
93.600003
93.0
92.299999
96.299999
89.400002
84.600003
98.0
92.900002
79.299999
63.699998
45.899999
30.2
28.3
23.9
22.3
27.7
25.2
27.3
27.0
26.9
27.8
49.799999
57.599998
73.5
93.700001
98.099998
100.5
103.300004
97.0
102.200001
104.399997
92.299999
83.299999
73.599998
55.199999
35.299999
30.8
24.1
22.1
22.4
22.6
22.8
22.4
22.3
23.9
46.4
55.399999
71.299999
111.799999
137.100006
139.900001
148.700005
141.299995
135.299995
132.5
117.100003
94.200001
75.799999
54.699998
31.3
29.1
25.0
22.2
22.6
23.3
23.0
22.7
22.8
23.1
45.2
53.700001
72.4
122.800004
155.699997
160.5
164.899994
151.5
146.199997
141.099999
118.5
90.599998
74.200001
57.100001
38.4
30.6
27.1
23.5
22.8
23.5
23.7
23.5
23.1
23.3
23.4
23.2
21.5
33.5
32.9
35.299999
33.9
27.4
19.9999996
20.4
18.5
19.3000002
19.6000004
20.6
20.7
22.9
22.9
22.8
22.9
23.6
23.4
23.5
23.2
23.4
23.4
23.1
21.5
21.0
20.3
20.3
17.6999998
16.8999996
16.5999994
17.2000008
21.1999996
23.8
25.0
25.8
22.8
23.0
23.2
22.7
22.6
24.4
23.6
23.6
23.5
23.6
39.399999
51.899999
68.800002
129.600003
150.300004
166.799995
166.900002
154.199997
143.400001
147.599998
125.400001
88.799999
75.900002
62.600001
45.900002
32.599999
28.7
24.9
25.0
26.5
26.0
25.7
25.3
25.0
41.0
51.9
68.999998
116.099998
146.799995
162.800004
169.199997
161.5
157.400002
147.900002
119.300004
92.0
76.299999
64.299999
40.200001
37.600001
30.299999
26.9
26.4
25.4
25.9
26.5
26.0
26.1
42.3
53.0
70.000002
120.299999
156.599998
158.200005
160.799995
150.700005
144.300004
143.799995
116.099999
88.100003
75.899997
58.800001
38.799999
34.899999
28.999999
23.7
23.6
25.3
24.7
24.8
24.1
24.0
40.9
53.1
68.900002
116.200001
153.899994
162.199997
165.200005
152.399994
151.400002
148.199996
127.199996
98.0
80.0
60.799999
40.399999
34.299999
29.399999
25.4
24.4
24.8
25.5
25.6
25.4
25.2
40.5
53.200001
72.5
117.400002
149.099999
166.400001
163.400001
146.599998
145.099998
142.599999
121.5
89.599998
75.400002
55.099998
34.3
29.5
26.8
23.5
23.3
24.0
23.9
24.1
24.6
23.8
24.1
24.7
23.1
33.4
33.899999
34.5
31.4
24.6999998
19.5
19.0
18.9000006
19.3000002
20.5
21.3
22.0
23.6
23.8
23.3
23.4
24.4
24.0
23.9
24.2
23.7
23.5
23.8
22.8
21.3
21.2
20.9
21.0
19.8000002
18.1000004
21.0
23.8
26.5
26.6
26.7
24.6
23.5
23.7
23.5
23.6
25.0
25.5
25.3
24.8
24.7
49.600001
59.5
81.400002
135.0
167.699997
184.800003
182.700005
175.699997
158.599998
151.700005
129.300004
102.0
79.5
68.199998
48.1
35.700001
29.4
24.9
24.3
25.1
25.3
25.0
25.0
25.0
49.699999
64.499998
81.5
131.5
165.599998
171.900001
169.799995
165.5
155.099999
151.5
119.0
97.100003
79.600003
62.600003
41.600001
34.6
28.4
24.6
24.4
26.2
25.3
25.6
25.2
25.1
48.200001
61.299999
76.299999
121.5
158.0
174.5
177.199996
159.400002
155.099998
146.099998
122.0
101.399997
86.5
67.999998
48.400002
40.600001
31.299999
25.8
25.5
25.8
26.5
26.3
26.1
26.5
50.3
59.700001
74.200001
123.900001
160.900001
170.5
174.0
160.0
153.699996
148.099998
130.599999
101.599998
81.5
62.299999
45.400002
34.600001
29.1
24.3
24.5
25.8
24.9
24.9
24.7
25.1
47.399999
58.6
74.0
136.099998
161.800003
170.800003
171.5
162.700005
165.400001
164.0
129.5
94.799999
81.200001
64.500002
41.299999
35.4
30.7
25.5
26.1
26.2
26.8
26.5
26.2
25.9
27.0
26.9
24.7
36.0
37.799999
37.6
33.5
26.3
21.3
20.0999996
21.0
21.6
22.4
23.1
23.6
25.4
25.3
24.9
25.1
26.0
26.5
25.7
25.7
25.6
25.5
25.7
23.9
23.1
23.1
21.9
21.7
21.8
21.7
21.8
25.7
27.4
28.0
27.9
26.1
24.8
25.4
24.8
24.9
26.3
25.9
25.8
25.6
25.6
46.9
60.6
77.0
138.199996
177.200005
188.099999
186.5
171.900001
159.299995
148.300003
127.599999
101.199996
77.900002
63.600001
52.6
45.400002
31.599999
25.7
25.0
25.5
26.0
26.0
26.1
26.3
48.699999
61.899999
79.0
131.799999
157.199997
167.0
166.900002
160.800003
156.400002
155.400001
133.299995
99.699996
83.400002
65.800001
40.9
40.200001
29.800001
25.0
24.4
23.8
24.7
24.8
24.6
24.9
53.399999
65.699996
82.200001
133.0
170.099999
177.300003
179.699997
170.200005
167.800004
164.300003
128.799999
101.300004
77.299999
59.0
39.299999
37.300001
28.0
23.2
23.6
25.0
23.9
23.3
23.5
23.5
45.4
58.699999
75.599998
127.099999
157.099999
172.799995
177.099999
164.0
155.299995
155.5
131.799999
99.899997
83.799999
63.5
38.9
33.5
30.199999
26.0
25.3
26.1
26.0
26.2
26.1
25.6
47.599998
59.799999
81.5
132.400001
162.599998
166.399994
175.400002
158.099998
146.5
142.200005
123.799999
92.599998
74.799999
54.200001
35.1
32.6
30.1
25.1
24.9
25.9
25.3
25.6
24.9
25.1
25.6
26.5
27.7
45.799999
47.399999
38.800001
32.199999
24.6
19.0
20.3
21.0
21.2
22.4
22.5
23.8
24.0
23.8
24.3
23.5
25.4
25.0
25.4
25.3
25.0
25.5
25.1
23.4
23.1
22.6
22.6
19.7999998
20.3
19.6000004
19.8999996
23.6
26.4
26.6
26.9
24.9
23.5
24.1
24.4
25.4
24.8
25.2
25.2
25.2
25.5
51.6
63.600003
81.900002
132.799999
161.400001
173.199997
177.0
169.699996
157.200005
150.099998
123.099998
99.099998
87.700001
75.200001
64.0
47.300001
30.600001
24.8
24.9
25.5
25.7
25.5
25.5
26.1
53.5
59.799999
82.0
141.099998
173.400001
174.599999
170.700005
166.400002
170.599998
165.900001
132.099999
104.400002
86.899997
67.499998
46.0
43.299999
31.9
26.0
25.2
26.2
27.0
26.5
27.6
28.1
55.0
70.900002
83.5
137.5
165.0
176.0
176.5
164.900002
153.099998
149.0
122.099998
96.599998
79.399997
62.000002
39.699999
36.0
30.1
25.0
25.0
25.4
26.3
26.1
26.1
27.2
56.399997
72.200001
84.599998
138.900002
161.799995
172.400001
172.0
167.599998
163.0
155.900002
117.5
93.700001
78.0
76.799999
51.100001
41.1
28.6
24.2
23.7
32.399999
25.1
24.8
24.5
25.3
52.4
70.599998
87.5
138.099999
171.899994
173.599999
176.199996
160.0
165.400002
157.900002
133.700005
108.800004
91.5
72.499998
51.099998
46.6
44.0
39.6
39.100001
32.699999
40.599998
40.799999
40.8
40.9
41.299999
41.9
39.799999
49.9
48.9
49.200001
31.7
24.2
20.2
19.4000006
19.5
20.4
21.1
21.7
23.3
23.9
24.2
24.1
23.7
25.6
24.5
24.4
24.5
24.3
23.9
24.4
23.5
22.0
21.5
21.2
19.4000006
19.4000006
19.8999996
24.7
25.6
25.3
25.6
21.1
22.6
24.0
25.0
24.8
25.7
25.3
26.0
24.8
24.5
30.399999
61.799999
74.099998
84.5
141.299995
172.0
180.0
186.099998
171.900001
162.0
158.700005
136.599998
103.800004
86.0
85.0
76.900002
49.099998
31.4
25.3
24.9
24.9
25.7
24.9
25.5
25.9
53.299999
70.700001
85.700001
150.100006
182.0
186.599999
182.599998
171.199997
164.099999
161.099999
137.900001
112.299999
98.899997
92.0
83.5
66.700001
31.2
24.4
24.0
24.7
25.0
25.0
25.1
25.7
50.5
68.499998
93.5
142.300003
175.599998
178.099998
180.400002
168.299995
153.700005
153.300003
123.999996
102.700001
77.400002
74.900002
53.700001
37.399999
29.0
24.6
24.3
25.2
25.0
24.7
24.9
24.6
48.8
70.400002
87.899997
144.0
179.299995
181.5
176.5
179.699997
171.700005
159.699997
129.800003
103.299999
79.799999
69.299999
54.199999
35.600001
28.5
24.4
24.6
26.1
25.1
25.2
24.8
24.6
55.599998
71.099998
92.799999
145.199996
165.200005
173.900001
172.100006
160.099998
155.300003
149.299995
126.300004
91.0
75.700001
60.399999
39.5
33.800001
30.4
25.1
25.1
25.8
26.3
26.1
26.0
25.9
26.4
27.3
27.1
35.600001
36.400002
36.100001
35.100001
28.0
22.3
22.1
22.8
24.1
23.3
23.9
25.7
25.6
25.6
24.8
25.2
24.9
24.9
25.6
25.5
25.2
25.7
25.8
25.2
23.4
23.6
23.7
22.2
21.3
21.5
26.3
26.9
26.7
27.4
23.9
24.8
25.0
25.9
24.9
25.6
28.5
25.8
25.8
25.8
34.299999
61.199999
77.699996
91.5
143.0
173.700005
187.199997
194.699997
181.399994
178.900001
174.900002
140.0
105.299999
77.300004
77.5
69.100003
47.200001
35.4
30.3
28.6
28.3
30.2
30.5
29.8
30.0
56.599998
68.100003
91.399997
147.0
169.899994
178.800004
180.5
165.599999
162.099999
160.600006
135.199997
113.0
84.799999
73.900002
59.4
52.9
34.6
27.2
27.1
32.299999
29.1
29.0
28.0
28.2
53.3
64.799999
86.5
139.199996
165.300004
176.699997
177.199996
167.0
161.300003
160.900002
130.399998
100.0
81.0
78.600003
59.399997
46.700001
37.399999
33.5
33.799999
33.900001
36.399999
37.300001
36.2
33.399999
57.400002
68.0
91.599998
140.599998
165.599999
172.800003
172.199996
165.100006
161.300003
158.700005
123.100003
98.299999
78.700001
73.600003
61.399999
51.0
37.7
32.000001
29.4
27.3
31.0
29.8
32.8
33.399999
54.6
66.299999
92.700001
148.199997
175.0
182.0
182.099998
163.799995
159.599999
160.0
126.699997
93.299999
75.099998
67.899999
41.0
32.2
29.2
25.8
25.3
25.0
25.0
24.9
24.1
24.5
24.9
26.3
24.5
34.399999
37.5
39.199999
35.5
29.1
22.0
21.8
21.7
21.5
21.1
22.3
23.6
23.7
24.6
24.1
23.7
24.2
23.5
24.1
24.1
25.4
23.9
24.5
23.6
22.2
21.1
21.4
21.1
21.3
20.4999996
24.7
24.9
25.6
26.1
22.5
23.5
23.8
23.5
23.1
23.1
28.4
23.7
24.0
23.6
23.3
45.299999
65.799999
85.200001
147.700005
178.900002
180.700005
185.400001
174.900002
160.099998
148.099998
120.0
95.0
83.399997
80.299999
68.100003
62.099998
40.300001
32.700001
31.3
35.1
31.6
31.3
31.7
32.599998
50.899999
61.3
83.799999
132.800004
160.0
170.800004
167.300003
158.200005
156.299995
146.300003
117.100003
91.099998
68.799999
74.5
66.800004
64.699998
44.6
37.400002
37.600001
40.0
38.200001
36.2
35.699999
35.8
56.6
65.0
87.699996
151.0
172.599999
176.100006
180.300003
172.300004
159.900001
154.199997
119.0
93.599998
79.599998
76.900002
59.600001
47.4
40.4
38.5
40.5
39.899999
40.300001
36.3
35.799999
35.699999
50.5
60.5
84.099998
136.599999
170.599998
173.700005
171.0
164.900001
157.099999
150.0
134.099998
120.900002
113.799999
110.200001
69.599998
54.600001
44.1
39.9
39.7
32.2
39.4
38.5
39.199999
36.0
47.5
58.5
84.5
130.900001
155.300003
164.5
170.300003
153.699997
149.099998
144.5
109.800004
86.300004
75.900002
65.900002
46.5
33.2
30.000001
25.8
26.3
27.1
26.1
27.2
27.1
26.4
26.8
27.2
27.2
34.8
38.0
42.3
38.899999
29.1
24.1
23.0
22.9
23.7
24.3
25.8
26.4
26.7
26.5
26.4
26.6
26.7
27.3
27.3
27.3
27.4
27.0
27.3
27.1
26.6
24.8
24.2
23.7
20.9
21.0
21.0
22.5
26.6
27.0
27.3
29.0
25.9
25.9
26.5
26.6
26.5
27.3
26.5
26.7
26.7
26.6
26.5
34.299999
38.0
45.9
54.699999
58.1
61.399997
63.299999
56.799999
52.0
49.899999
45.799999
39.6
31.6
30.3
29.5
29.5
30.1
27.8
25.8
28.3
29.3
29.1
28.3
28.3
32.5
43.899999
64.300002
78.5
77.700001
76.599998
75.400002
75.100003
71.0
61.900002
54.5
47.099998
28.0
25.7
25.8
25.5
25.6
23.5
23.7
24.5
24.0
24.0
23.9
23.3
25.9
29.3
36.1
45.300001
47.5
43.1
41.600001
41.900002
41.699999
41.1
41.6
38.399999
26.9
24.4
24.4
24.6
24.9
23.3
24.7
23.8
24.3
24.0
23.4
23.7
25.3
28.0
45.300001
63.9
65.099998
52.699999
49.300001
44.900002
41.100001
39.599998
40.899999
39.6
27.6
25.5
25.4
26.0
25.7
25.2
24.3
25.5
25.8
25.6
25.7
25.7
25.2
27.1
39.0
42.899999
42.5
42.9
40.200001
39.599998
39.0
39.100001
38.600001
33.399999
25.9
25.5
25.4
25.1
25.0
23.9
23.9
24.7
24.6
24.5
24.7
24.4
24.4
24.2
22.5
26.1
25.9
25.6
24.6
20.6
20.7
20.6
21.1
21.8
23.5
23.3
24.0
24.1
24.3
24.2
24.0
24.6
24.2
24.6
24.1
24.4
24.3
24.5
22.1
21.8
21.2
23.5
20.3999996
20.9
22.7
26.5
26.0
26.5
28.7
24.0
23.8
23.9
24.0
23.7
34.000001
24.2
24.7
24.1
23.7
24.8
45.200001
61.200001
82.0
127.700005
155.699996
161.399994
164.099998
155.5
149.599999
143.699996
115.0
99.099998
82.700001
77.800004
68.800004
62.4
47.8
44.0
43.0
44.199999
39.6
38.299999
37.2
36.700001
54.099998
62.599998
76.700001
119.900001
149.799995
158.900001
162.700005
157.900002
154.700005
147.099998
117.599998
97.100003
79.799999
81.599998
69.5
65.800004
46.9
44.0
40.399999
41.899999
40.6
38.600001
36.8
36.6
45.0
60.399999
77.0
120.0
151.0
156.5
167.5
150.400002
140.300003
140.799995
116.5
100.900002
83.099998
72.399997
61.800001
58.800001
43.4
39.700001
37.0
37.699999
36.600001
35.299999
34.100001
34.5
41.9
53.100001
78.399997
120.600002
149.5
150.599999
150.599998
141.399994
146.0
144.800004
116.899997
100.799999
82.299999
78.0
62.100001
54.800001
43.7
36.0
17.5875862069
0.175172413816
0.175172413758
0.175172413816
0.175172413758
0.175172413816
0.175172413816
0.175172413758
0.175172413816
0.175172413816
0.175172413758
0.175172413816
0.175172413758
0.175172413816
0.175172413816
0.175172413758
0.175172413816
0.175172413758
0.175172413816
0.175172413816
0.175172413758
0.175172413816
0.175172413816
0.175172413758
22.685
23.855
24.2475
23.0
21.9125
21.1225
21.665
21.865
23.995
27.6575
28.94
27.525
25.04
21.635
20.99
21.9275
22.8025
23.5325
23.5825
23.2775
23.2575
24.18
23.8875
24.125
24.7425
24.945
25.185
24.93
24.775
24.8575
24.065
23.6325
22.8075
21.89
21.5725
20.835
20.3075
19.835
19.395
22.38
24.0025
24.2225
25.1225
22.5775
21.8925
23.285
24.5975
25.595
13.3875862069
12.2875862069
24.8
24.4
24.3
24.8
46.599998
63.299999
78.899997
120.699997
148.599998
156.300004
163.699997
152.800003
142.599998
139.799995
119.5
104.800004
84.0
82.600003
71.099998
61.0
43.600001
29.9
25.5
27.8
27.9
27.5
28.3
30.5
51.2
56.299999
75.800004
118.200005
148.799995
156.599998
153.0
142.299995
141.0
134.099998
120.599998
96.799999
75.0
78.799999
65.000002
59.600001
40.5
24.7
24.6
25.0
25.1
24.5
24.8
25.2
44.200001
63.699998
71.0
109.0
140.600006
141.5
145.099998
139.399994
137.5
131.199997
108.299999
94.399997
77.0
70.700001
50.799999
44.899999
29.499999
24.8
25.6
25.7
25.5
25.3
25.1
25.5
44.100001
58.4
76.700001
109.299999
134.5
150.100006
149.700005
149.699997
142.900002
143.200005
115.400002
104.400002
85.300004
83.5
64.799999
56.5
41.599998
27.8
26.2
28.1
27.9
27.6
27.3
27.9
53.799999
65.399997
76.799999
114.799999
146.700005
156.099998
156.099998
149.400001
147.700005
138.900001
108.600003
86.700001
79.900002
74.599998
61.2
53.0
39.799999
25.3
24.9
25.7
25.6
25.7
25.4
25.2
25.7
26.1
25.7
30.7
34.1
34.200001
30.6
32.700001
34.699999
37.100001
35.100001
35.399999
32.2
29.0
24.4
24.8
24.6
23.6
24.3
24.7
25.4
24.9
25.1
25.1
24.5
24.7
24.1
22.7
22.7
24.1
24.6
23.2
23.7
28.1
28.5
30.1
31.6
24.3
24.1
24.4
24.5
23.9
23.9
24.7
24.9
26.7
27.7
28.9
49.800001
57.5
74.100003
118.500004
148.600006
153.399994
149.600006
140.599998
137.099998
130.899998
114.600003
95.0
77.100003
70.700001
59.399999
50.800001
30.5
24.4
24.9
25.0
24.3
24.6
24.5
25.6
44.399999
54.0
77.0
124.700001
151.900001
158.199996
154.0
151.900002
147.399994
149.5
118.200001
102.399997
82.200001
75.299999
59.299999
54.5
32.699999
25.7
25.5
25.7
25.4
26.0
25.3
26.0
43.700001
58.399999
74.200001
110.099998
145.199997
153.599999
159.299995
155.5
142.800003
135.099998
108.900002
99.200001
89.200001
77.5
57.5
49.9
31.0
25.8
25.6
26.7
26.2
26.4
25.9
26.0
41.5
58.5
74.599998
116.599998
146.300003
152.5
162.800004
159.200005
154.699997
143.599999
111.200001
96.099998
80.900002
68.799999
51.4
45.5
30.199999
25.7
25.4
26.0
26.0
25.7
26.6
28.6
42.8
57.199999
73.700001
112.5
145.5
151.899994
156.099999
145.100006
133.199996
133.5
107.799999
91.100003
74.799999
68.699999
45.699999
32.099999
29.6
25.3
27.8
30.699999
33.0
33.1
33.1
32.799999
33.399999
33.699999
34.200001
38.100001
37.5
32.3
30.1
25.0
21.6
21.9
21.8
23.2
24.1
23.9
30.0
31.0
31.5
31.0
30.3
31.0
31.8
31.6
31.8
31.2
31.500001
31.9
31.2
29.1
29.2
24.1
22.4
23.1
22.4
28.5
28.1
29.8
31.1
23.5
23.9
24.4
24.5
27.3
28.8
30.7
32.700001
34.099998
34.5
35.399999
53.299999
60.199999
74.899997
125.199996
154.199997
169.0
162.0
156.599998
148.099999
149.599999
111.599998
99.299999
79.299999
74.299999
65.699999
54.800001
32.3
26.8
26.2
27.3
27.8
28.9
29.2
34.899999
52.799999
62.199999
81.5
133.799999
148.800003
153.400002
152.200005
151.600006
141.400002
147.400002
112.0
85.5
72.5
75.900002
63.000002
55.899999
32.099999
25.7
25.1
26.3
26.1
25.9
27.3
31.999999
52.1
62.099998
81.299999
136.099999
150.599998
157.799995
161.199997
149.800003
138.5
137.099998
117.5
107.5
106.0
92.5
80.0
72.399997
30.9
24.6
25.2
25.5
25.6
26.1
25.1
25.7
49.0
67.700001
79.099998
121.099998
151.0
162.0
159.299995
153.099999
147.300003
150.599998
116.0
108.700001
100.5
96.700001
92.400002
55.700001
31.2
25.6
24.8
26.2
26.8
26.9
26.0
26.4
45.9
60.100001
78.700001
111.700001
141.699996
146.800004
147.099999
141.599998
132.199996
130.5
103.400002
86.799999
74.5
63.300001
39.600001
31.6
28.2
24.3
23.6
24.9
24.8
24.8
24.8
24.1
31.899999
32.899999
32.4
41.600001
31.1
32.4
31.900001
26.9
21.7
21.6
22.0
22.7
23.4
23.5
23.7
23.8
23.9
23.6
23.4
23.7
24.1
24.4
23.6
25.2
24.0
23.6
23.6
21.8
22.8
24.6
29.3
29.8
29.4
34.899999
34.100001
31.8
28.9
24.2
24.0
24.3
24.5
25.4
25.1
24.5
25.7
27.3
29.8
34.800001
49.899999
66.700001
72.0
119.5
156.900002
160.600006
156.399994
151.900002
144.699997
136.400001
118.299999
102.799999
78.5
74.399997
66.100003
54.699999
31.9
26.7
