3.89999999999
3.39999999999
3.3
3.5
3.5
3.60000000001
5.8
22.1
23.8
34.399999
23.4925
24.3125
23.5525
35.5
33.2
29.8
27.8
23.0
17.4000001
6.2000001
5.0
4.19999980001
4.39999999999
4.19999980001
4.09999990001
4.2999999
4.19999980001
4.09999990001
4.2999999
4.19999980001
5.0
21.0000002
23.0
29.5
27.0
33.299999
32.5
31.1
29.1
25.5
23.8
23.7
15.9000001
5.3
4.2
3.89999999999
4.0
3.89999999999
3.8
4.0
4.0
3.89999999999
4.09999990001
4.09999990001
7.3000002
22.5000004
23.8
34.1
25.4025
25.405
31.8
30.4
29.2
27.0
26.8
22.3
15.3999996
6.2000001
4.2
3.5
3.60000000001
3.60000000001
4.10000000001
3.60000000001
3.60000000001
3.39999999999
3.59999999999
3.79999999999
6.7000001
21.1
23.4
27.7
26.4325
26.33
24.1025
31.1
31.0
29.6
30.3
24.6
15.1999998
6.39999990001
5.2
4.5
4.39999999999
4.5
4.39999990001
4.60000000001
4.5
4.39999999999
4.60000000001
4.7000001
8.0
22.2000004
21.8999996
31.000001
34.6
36.0
33.6
29.0
28.3
29.5
27.2
26.5
16.2000001
6.0
4.2999999
4.19999980001
4.19999980001
4.19999980001
4.39999990001
4.19999980001
4.19999980001
4.09999990001
4.2999999
4.2999999
4.2999999
4.19999980001
4.39999999999
5.39999999999
10.1999998
9.59999990001
6.5
6.19999980001
4.90000009999
4.60000000001
4.7000001
4.80000019999
4.90000009999
4.90000009999
4.7000001
4.60000000001
4.60000000001
4.60000000001
4.2
4.60000000001
4.60000000001
4.60000009999
4.80000019999
4.90000009999
4.80000019999
4.80000019999
4.80000019999
4.7000001
4.5
3.9999999
3.79999999999
3.89999999999
3.79999999999
3.89999999999
4.0
4.09999990001
4.19999980001
4.09999990001
3.9999999
3.89999999999
3.89999999999
3.89999999999
4.2
3.89999999999
3.89999999999
4.80000009999
6.3
4.59999990001
8.5
23.7
21.8999998
31.6
36.2
34.800001
30.3
28.7
26.8
24.3
25.1
23.5
16.9000001
8.2000001
6.7000001
4.2999999
4.39999999999
4.39999999999
4.2
4.39999999999
4.2999999
4.2999999
4.19999980001
6.10000009999
9.2000001
22.5999998
23.4
30.899999
36.599998
25.7725
33.299999
35.800001
24.4225
31.7
30.999999
26.1
18.2
12.1999998
10.6999998
3.89999999999
4.09999990001
3.89999999999
3.7
4.0
4.0
3.89999999999
3.89999999999
3.79999999999
6.60000009999
20.5999998
22.3000002
27.700001
35.600001
34.100001
29.999999
26.9
25.4
29.0
27.0
21.6
16.4000006
11.1999998
8.09999989999
9.30000019999
7.89999990001
3.60000000001
3.8
3.60000000001
3.5
3.60000000001
3.7
3.79999999999
6.2000001
20.9999998
23.1
27.9
36.0
34.0
22.655
32.3
30.2
30.4
29.7
20.5
14.1999998
13.0999999
9.0
4.0
4.0
3.89999999999
3.7
4.0
4.0
3.89999999999
4.0
3.89999999999
5.8
19.7000004
21.6999996
27.6
23.7125
31.5
32.499999
28.0
27.0
23.5
24.5
20.7
12.5000005
4.60000000001
4.10000009999
3.20000000001
3.3
3.3
3.20000000001
3.3
3.3
3.20000000001
3.40000000001
3.5
3.5
3.5
3.39999999999
5.39999990001
9.39999959999
8.3000002
5.7
5.7
3.59999999999
3.3
3.20000000001
3.39999999999
3.60000000001
3.39999999999
3.39999999999
3.20000000001
3.20000000001
3.20000000001
3.3
3.20000000001
3.90000000001
5.59999990001
3.40000000001
3.5
3.39999999999
3.5
3.39999999999
3.3
3.20000000001
3.20000000001
3.20000000001
3.40000000001
3.9999999
3.3
3.20000000001
3.40000000001
3.5
3.39999999999
3.3
3.20000000001
3.20000000001
3.3
3.40000000001
3.20000000001
3.20000000001
3.20000000001
3.3
6.2000001
7.59999989999
23.3
21.9999996
25.2999998
34.5
33.799999
34.1
29.3
29.6
27.9
25.5
21.4
15.1999998
5.2
4.2000001
3.7
3.60000000001
3.60000000001
3.79999999999
3.60000000001
3.60000000001
3.60000000001
3.7
4.89999999999
8.09999989999
22.6
21.9
23.4999998
36.0
36.100001
31.300001
28.8
28.8
32.0
26.6
21.8
16.0999999
5.40000009999
3.9999999
3.79999999999
3.7
3.79999999999
3.60000000001
3.79999999999
3.79999999999
3.79999999999
3.89999999999
4.0
6.2000002
21.1999996
21.7999996
26.700001
33.9
32.300001
28.3
29.1
29.2
29.2
27.0
22.6
14.5
5.69999980001
4.5
3.7
3.7
3.7
3.89999999999
3.79999999999
3.60000000001
3.60000000001
3.8
3.89999999999
4.80000009999
19.5000002
21.5000002
25.5000002
32.8
29.4
28.7
33.5
29.6
27.5
25.1
22.9
14.4000001
5.19999980001
4.7999999
3.89999999999
3.89999999999
3.79999999999
3.29999999999
3.89999999999
3.89999999999
3.89999999999
3.89999999999
4.09999990001
4.90000009999
21.1
23.5
26.4
30.7
27.4
29.6
24.6
24.6
22.2
19.6000004
8.2999997
5.0
4.59999999999
3.0
2.79999999999
2.79999999999
2.79999999999
2.79999999999
2.89999999999
2.79999999999
2.79999999999
2.89999999999
3.0
3.59999990001
10.3
15.3000002
12.6000004
12.3000002
3.9999999
2.79999999999
2.7
2.89999999999
2.7
2.79999999999
3.0
3.10000000001
2.89999999999
2.89999999999
2.79999999999
2.79999999999
2.7
2.79999999999
2.79999999999
2.7
2.7
2.8
3.0
3.39999999999
9.40000010001
14.9000006
12.0
9.40000009999
3.09999999999
2.79999999999
3.3
3.60000000001
3.7
3.2
3.0
3.0
3.10000000001
2.89999999999
2.79999999999
2.79999999999
2.79999999999
1.41546391752
0.0309278350469
0.0309278350614
0.0309278350469
0.0309278350469
0.0309278350614
0.0309278350469
0.0309278350469
0.0309278350614
0.0309278350469
0.0309278350469
0.0309278350614
0.0309278350469
0.0309278350469
0.0309278350469
0.0309278350614
0.0309278350469
0.0309278350469
0.0309278350614
0.0309278350469
0.0309278350469
0.0309278350614
0.0309278350469
0.0309278350469
3.445
3.405
3.24
3.48
3.525
3.9975
5.7275
13.3675
16.3175
21.0475
22.44
21.7775
24.75
25.435
23.15
23.195
22.0475
19.075
14.43
7.7825
5.1875
4.05
3.5125
3.4225
1.71546391751
1.51546391753
3.10000000001
3.20000000001
3.2
3.3
3.39999999999
3.3
3.3
3.20000000001
3.3
3.3
3.3
3.3
3.3
3.20000000001
3.39999999999
3.5
3.60000000001
3.60000000001
3.5
3.39999999999
3.3
3.3
3.5
3.39999999999
3.3
3.39999999999
3.5
3.60000000001
3.60000000001
3.60000000001
4.5
5.60000000001
3.3
3.3
3.20000000001
3.39999999999
3.39999999999
3.3
3.39999999999
3.5
3.60000000001
3.60000000001
4.0
5.60000009999
3.39999999999
3.39999999999
3.39999999999
5.59999990001
3.59999999999
3.3
3.5
4.89999990001
4.60000009999
3.60000000001
3.7
3.3
5.10000000001
4.10000000001
3.3
3.3
3.20000000001
3.3
4.5
4.89999999999
3.60000000001
3.60000000001
3.40000000001
3.3
3.39999999999
3.3
3.3
3.39999999999
5.5
4.10000009999
3.5
3.60000000001
3.60000000001
6.2000001
3.7
3.40000000001
3.39999999999
3.3
3.20000000001
3.20000000001
3.20000000001
3.20000000001
4.19999990001
5.5
3.5
3.5
3.5
5.7
3.3
3.20000000001
3.7
3.90000000001
5.2
3.20000000001
3.5
4.89999999999
4.5
3.60000000001
3.60000000001
5.89999990001
3.3
3.20000000001
3.20000000001
3.3
3.20000000001
3.3
3.8
5.5
3.5
3.60000000001
5.60000009999
3.60000000001
3.20000000001
5.2999999
3.60000000001
3.20000000001
5.7000001
3.39999999999
4.10000009999
5.2
3.5
5.69999980001
7.9999998
3.69999990001
3.3
3.3
3.3
3.20000000001
3.20000000001
5.8
3.3
3.39999999999
5.2
4.2000001
3.3
4.8
4.10000000001
3.3
6.2
3.69999990001
3.20000000001
5.5
3.8
3.39999999999
5.80000019999
3.7
3.39999999999
5.09999999999
4.0000001
3.3
3.3
3.20000000001
3.20000000001
3.20000000001
3.20000000001
6.0
3.7
3.39999999999
4.10000009999
4.9999999
3.3
3.3
4.19999990001
3.3
3.20000000001
5.59999990001
3.7
6.5
3.59999999999
6.0
3.60000000001
3.39999999999
3.3
3.20000000001
3.3
3.20000000001
3.3
3.20000000001
3.20000000001
5.40000009999
4.3
3.39999999999
3.40000000001
3.20000000001
3.39999999999
3.20000000001
1.6
3.2
3.2
3.2
3.4
3.5
3.5
3.5
3.4
3.2
3.2
3.2
3.2
3.2
3.2
3.2
3.3
3.6
3.4
3.4
3.2
3.3
3.3
3.2
3.2
3.4
3.2
3.2
3.4
3.5
3.5
3.4
3.6
3.3
3.2
3.2
4.3
8.1999998
8.0
7.9000001
5.9000001
3.5
3.5
3.5
3.4
3.2
3.3
3.3
3.3
3.3
3.2
3.3
3.6
6.2
3.5
3.6
3.4
3.3
3.2
3.3
6.0
3.2
3.2
3.2
3.2
3.4
3.5
3.6
5.6999998
3.5
3.2
3.3
3.3
3.2
6.0
3.3
3.5
3.5
3.9
5.5
3.6
3.4
3.2
3.2
4.6000001
4.3
3.3
3.2
3.3
3.4
4.2999999
5.3
3.4
3.3
3.3
3.3
3.4
3.2
3.2
5.5
3.7
5.1000001
8.5
18.4
17.1000004
28.5
20.8825
34.6
36.100001
31.5
31.0
31.5
28.0
23.9
13.6999998
5.8999999
4.1
3.6
3.6
3.5
3.7
3.6
3.6
3.6
3.7
3.8
6.7
21.8000002
21.5999998
33.699999
23.055
22.2625
36.199999
35.299999
30.6
31.9
28.4
22.2
14.6999998
5.3
3.9
3.8
3.8
3.8
3.8
3.9
3.8
3.8
3.9
4.0
7.0
23.3000002
22.1000004
30.700001
20.9525
22.945
23.79
35.6
32.799999
31.500001
28.2
24.4
16.5999998
5.2999999
4.4
3.7
3.7
3.7
3.8999999
3.8
3.6
3.6
3.7
3.8
5.3000001
20.3
22.8
35.100001
23.86
36.600001
34.399999
29.0
25.9
24.6
22.6
21.8
13.9000001
5.5
4.7999999
4.0999999
4.0999999
4.0
3.8
4.1999998
3.9
4.0999999
4.0999999
4.1999998
5.2999999
20.9000004
22.3
33.7
21.2525
35.0
34.199999
31.1
29.1
29.6
25.8
21.5999996
11.3000002
4.8000002
3.9999999
3.6
3.6
3.6
3.6
3.5
3.6
3.5
3.7
3.8
3.7
3.8
3.8
5.6
10.0
9.1999998
6.9000001
6.5999999
3.8
3.8
3.7
4.0999999
4.0
4.0999999
3.9
3.7
3.8
3.7
3.7
3.7
3.6
3.8
3.8
4.0
4.0
3.9
3.9
3.8
3.5
3.4
3.5
3.6
3.6
3.8
3.7999999
3.7
3.8
3.7
3.6
3.6
3.6
3.5
3.7
3.4
3.4
3.4
3.6
4.3000001
7.5999999
23.7
22.8
30.799999
20.4975
22.69
23.0725
22.755
32.0
31.6
30.7
23.8
15.3000002
8.1000002
8.5
7.3
4.0
3.9
3.6
4.0
3.8
3.9
3.8
3.8
4.7
18.1
20.4
27.1
24.4775
23.63
36.200001
35.100001
30.7
30.7
28.0
24.1
16.1999998
5.0
4.0
3.4
3.4
3.4
3.6
3.4
3.4
3.3
3.4
3.6
7.6999998
21.2
20.8
31.599999
23.8475
34.5
33.200001
33.100001
33.300001
35.600001
27.3
24.3
15.6999998
8.3000002
10.5
9.5
3.9
3.8
4.4
3.8
3.8
3.6
3.9
3.9
6.0999998
19.0999998
21.4
30.3
36.5
36.5
35.700001
25.835
34.7
31.4
27.5
25.1
17.9
6.7999999
5.7000001
5.0
4.8000002
4.9000001
4.4000001
4.9000001
4.8000002
4.9000001
4.9000001
5.1999998
9.0
21.5
20.8999998
25.2
34.700001
33.1
32.400002
29.7
29.8
29.8
21.8
20.3
13.3999996
5.3
4.0999999
4.0
4.0
4.0
4.0
4.0
4.0
3.9
4.1999998
4.1999998
4.1999998
4.1999998
4.1999998
7.0999999
11.5
9.6999998
7.9000001
7.5
4.6999998
4.0
4.0
4.0999999
4.4
4.1999998
4.0999999
3.9
4.0
4.0
3.8
4.0
6.3
4.5
4.0999999
4.1999998
4.2999999
6.5
4.3999999
3.9999999
3.8
4.0999999
3.9
3.9
3.8
3.8
4.0999999
4.0999999
4.2999999
4.5
6.8999999
4.0
4.0
3.9
3.7
6.3000002
4.0
3.8
4.6
8.4000001
9.3000002
21.2
21.1
32.1
26.2375
35.400002
34.899999
32.8
27.9
29.1
26.7
24.8
18.6
6.1
4.3
3.8
3.7
3.6
3.8
3.6
3.7
3.6
4.5
7.0
9.0
20.4
21.8
32.4
25.595
25.155
29.1725
30.15
28.0275
27.12
32.7
27.0
19.0999998
9.8999996
7.8000002
4.3
4.0
4.0
3.8
3.9999999
3.9
3.9
3.8
5.2
7.4000001
19.7999998
19.5999996
33.8
25.615
27.5175
35.0
34.200001
28.7
30.5
26.0
23.8
17.9999998
5.9
4.4000001
3.6
3.6
3.5
3.6
3.6
3.6
3.5
3.7
4.8000001
7.9000001
19.6999996
21.1
33.899999
28.255
28.93
28.9075
36.300001
36.099998
32.7
28.4
25.5
17.9999999
5.3000001
4.3
3.5
3.4
3.4
3.3
3.4
3.4
3.4
3.6
6.4000001
8.4999998
20.1999998
18.7000004
22.1999996
33.799999
31.1
27.5
27.5
24.2
23.8
22.5
24.5
14.5999999
4.5999999
3.9
3.3
3.3
3.3
3.3
3.2
3.3
3.2
3.4
3.4
3.5
3.3
3.6
5.7999999
9.8000002
8.0
5.0
4.6000001
3.2
3.2
3.4
3.4
3.6
3.4
3.3
3.2
3.2
3.2
3.2
3.2
3.2
3.3
3.3
4.0
6.0
3.5
3.4
3.3
3.1
3.2
3.3
3.2
3.3
3.2
3.2
3.4
3.6
3.6
3.4
3.3
3.3
3.2
3.4
3.2
3.2
3.2
3.3
6.3
7.3
21.3
20.6
27.3
33.699999
32.7
32.3
32.4
29.6
27.0
24.2
19.9
16.7999997
6.1000001
4.4000001
3.6
3.6
3.5
3.7
3.6
3.5
3.5
3.6
3.8
6.7000001
19.8
20.7
31.699999
23.8025
22.7475
32.100001
35.4
30.7
30.999999
28.0
22.0
15.6000004
6.1
4.7
4.0
4.0
4.0
4.1999998
4.0999999
4.0
4.0
4.0999999
4.1999998
6.4000001
21.6
23.3
30.3
24.11
36.600001
33.9
32.400001
28.7
31.5
25.7
21.5
16.8999996
6.6
5.0999999
4.0999999
4.0999999
4.0
4.0
4.0
4.0999999
4.0
4.0
4.3
7.5
21.5000004
21.0000002
30.2
34.200001
29.2575
35.0
30.2
32.400001
32.6
29.8
22.9
14.1999998
5.4
4.8
3.9
4.0
3.9
4.0999999
3.8
4.0
3.9
4.0999999
5.3999999
8.2
24.6
22.3000002
29.500001
34.900002
32.3
30.4
29.2
28.5
24.7
22.5
19.5000002
10.3
4.8999999
4.2999999
4.1999998
4.0999999
4.1999998
3.9999999
4.1999998
4.0999999
4.0999999
4.2
4.2999999
4.2999999
4.4
4.2999999
6.5000002
10.0
9.5
10.2999997
9.5
4.9000001
4.9000001
4.9000001
5.1999998
5.1999998
4.1999998
4.0999999
3.9
4.0
3.8
3.9
4.7
6.2
4.0999999
3.9999999
4.0999999
5.7999999
5.0
4.1999998
3.9
3.9
3.8
3.8
3.9
3.8
3.8
3.9
5.4000001
5.8000002
4.0999999
3.9
5.8000002
4.3000001
3.9
5.1000001
4.7
3.8
5.3000001
6.2000001
8.3000002
9.5
23.4
23.1
31.499999
28.505
29.775
33.6
33.6
29.5
28.5
23.7
18.6999998
11.9000001
3.8999999
3.5
3.4
3.4
3.4
4.0
3.5
3.4
3.5
4.4
7.1000001
9.0
23.6999996
22.9
31.2
27.0275
26.4625
33.6
30.0
28.4
25.8
24.4
21.7
15.3999996
6.1999998
5.1000001
4.4
4.5
4.5
4.0
4.4
4.6
4.5
5.2000001
8.0
10.0
23.4
24.3
30.7
31.199999
29.8
29.3
27.6
26.1
25.0
24.9
21.4
17.9000006
5.4000001
4.3999999
3.5
3.5
3.6
3.9
3.6
3.4
3.4
3.6
6.6000001
7.9000001
21.6999998
21.8
26.6
36.5
28.5025
28.315
26.56
32.199999
29.1
25.9
24.5
14.4999995
5.7999999
5.3
4.5
4.4
4.4
3.7999999
4.4
4.1999998
4.2999999
4.7999999
7.9000001
9.0999999
22.4
21.9999998
24.5
34.4
30.9
27.8
23.2
20.0999998
19.7
17.5
16.8000002
10.4000001
4.1
3.6
3.4
3.3
3.4
3.2
3.4
3.2
3.2
3.4
3.4
3.5
4.9
4.8
5.5999999
10.5
9.2999997
11.1999998
10.2000003
3.7999999
3.3
3.2
3.6
3.6
3.6
3.3
3.3
3.2
3.2
4.5000001
4.9
3.2
3.2
5.4000001
4.2
3.5
4.5
4.9999999
3.4
3.2
3.2
3.2
3.3
3.3
3.2
3.2
3.6
3.6
3.6
3.3
3.3
3.6
6.2000001
3.5
3.2
3.2
5.7000001
3.5
7.8999999
8.6999998
22.6
21.3999996
25.2
31.9
30.2
27.5
25.9
22.1
21.4
18.9999996
15.4000001
14.5999999
6.5
5.7999999
3.6
3.7
3.6
4.0
3.7
3.6
3.6
3.8999999
6.6
8.1000002
21.7000004
21.0000002
31.2
27.125
27.1925
29.285
29.3175
32.6
31.1
24.4
18.0999994
13.9000001
7.5999999
5.8
5.2
4.9000001
4.7000001
3.8
4.2999999
4.1999998
4.1999998
4.3999999
5.7999999
8.4000001
22.1
18.0
27.9
27.1325
29.12
29.6625
35.0
33.700001
31.3
26.0
21.0
13.8999996
7.4000001
8.6999998
7.5
3.4
3.3
3.6
3.3
3.2
3.2
3.6
3.5
6.6000001
19.8000004
19.2000002
26.0
34.9
33.700001
33.400002
28.1
26.1
26.9
19.7000002
16.6999998
12.0
6.0
4.7
3.8
3.8
3.9
3.9999999
3.8
3.8
3.8
3.9999999
4.0
6.7
22.5000004
21.6999998
26.999999
35.0
36.599998
24.19
31.4
25.8
28.0
26.1
22.6
20.5000004
11.8000004
5.0
4.2999999
4.1999998
4.2
4.0
4.2999999
4.1999998
4.0999999
4.2999999
4.4
4.5
4.5
4.2999999
4.2999999
4.0
4.0999999
4.1999998
4.1999998
4.0999999
4.0999999
4.0999999
4.5
4.4
4.4
4.2999999
4.0999999
4.0999999
4.0999999
4.1999998
4.0999999
4.0999999
4.1999998
4.2
4.4
4.2999999
4.3999999
4.2999999
4.2
4.1999998
4.0
4.0999999
4.0999999
4.1999998
4.0999999
4.1999998
4.4
4.2999999
4.4
4.0999999
4.0999999
4.6999998
6.5999999
4.5
4.0999999
4.0
4.0999999
4.2
6.6
8.3000002
9.2999997
9.3000002
10.7999997
10.8000002
11.7999997
12.2000003
12.6999998
10.8999996
9.9000001
9.0
6.5
6.6
5.2999999
5.0
5.0
4.9000001
5.0
4.3
4.9000001
4.9000001
7.0999999
5.7
5.1999998
5.0999999
6.2
6.0
5.2999999
7.5
8.7999997
9.3000002
8.3999996
8.4000001
12.0999999
8.9000001
5.2999999
5.7999999
4.5
3.8
3.6
3.7
3.6
3.5
3.8
3.6
3.7
3.9
3.9
4.0
6.6
4.1999998
5.5
13.5
16.4000001
15.7000003
15.9000001
16.7000008
16.9000006
12.5
6.5999999
5.2
4.1000001
3.9999999
3.7
3.2
3.2
3.4
3.2
3.2
3.1
3.2
3.2
3.2
3.4
3.5
4.3
6.2999999
5.8000002
6.2000001
6.0
5.5
5.4
5.7000001
6.7000001
6.5999999
3.9999999
3.8
6.8999999
3.7
3.5
3.4
3.6
3.5
3.6
4.7999999
4.6
3.3
3.6
3.7
5.8
8.1999998
7.5
7.6
7.0999999
6.0999999
6.0
6.2
6.3
4.8
4.5999999
4.0999999
6.0999999
3.6999999
3.3
3.2
3.6999999
5.2
3.3
3.2
3.3
5.8000002
3.5
3.6
3.5
3.3
3.3
3.3
3.3
3.3
3.2
3.3
3.2
3.4
6.0
3.8
3.6
3.3
6.0
3.4
3.2
5.3999999
3.7
3.2
5.6
3.5
3.4
5.7000001
3.6
3.3
3.3
4.6
4.9
3.2
3.2
3.4
3.3
3.5
3.4
3.6
3.5
4.0000001
4.9999999
3.2
3.2
3.2
3.3
5.9000001
6.7
7.8999998
20.7999996
19.9000002
31.5
34.299999
36.3
28.4975
35.3
31.3
27.4
24.4
25.0
15.1999998
4.7
4.3
3.7
3.5
3.4
3.6
3.4
3.3
3.4
3.2
5.1
8.4000001
21.6
21.0999998
25.9999996
34.300001
34.5
30.8
32.8
28.6
29.2
25.7
22.6
13.3999996
5.6000001
4.9
4.0999999
3.9999999
4.0
3.7
3.8
3.9
3.8
3.8
4.0
8.1999998
22.0999996
22.1
32.1
35.400002
34.799999
33.899999
31.199999
27.7
29.8
23.8
18.2000008
14.1999998
6.5999999
4.7999999
4.0
3.8
3.6
3.7
3.7
3.7
3.6
3.5
3.7
5.0
20.4
21.3999998
28.6
35.199999
36.300001
33.6
31.4
27.2
25.9
23.2
18.7000004
14.9000001
8.4000001
7.9000001
7.2
4.0999999
3.8
3.7
3.8
3.7
3.7
3.7
3.6
7.5
21.4999998
20.0999998
24.6
28.7
28.3
26.6
25.6
20.7000002
24.0
21.2
17.5999994
10.2000003
5.2
4.4999999
3.9
3.8
3.6
3.5
3.6
3.6
3.6
3.6
3.5
3.6
3.7
3.9
5.9
9.7000003
8.3000002
6.6
6.3999999
3.7
3.4
3.6
3.6
3.9
3.9
3.9
3.8
3.6
3.6
1.83469387755
0.0693877551021
0.0693877551021
0.0693877551021
0.0693877551021
0.0693877551021
0.0693877551021
0.0693877551021
0.0693877551021
0.0693877551021
0.0693877551021
0.0693877551021
0.0693877551021
0.0693877551021
0.0693877551021
0.0693877551021
0.0693877551021
0.0693877551021
0.0693877551021
0.0693877551021
0.0693877551021
0.0693877551021
0.0693877551021
0.0693877551021
1.73469387755
1.83469387755
3.4
3.5
3.5
4.7999999
8.7000001
22.7
20.3999998
27.2
31.4
34.800001
31.0
33.1
26.7
26.6
20.7000002
17.1999998
11.5999999
4.6
4.6
3.6
3.4
3.5
3.7
3.3
3.4
3.2
3.3
3.6
7.7000001
20.6
18.3000001
26.4
35.399999
34.300001
31.7
29.2
25.4
25.5
24.1
21.6000004
11.0
5.0
4.5999999
4.1999998
3.9999999
4.0
4.3
4.0
3.9
4.0
3.8
4.6
8.0
21.6999998
21.0999996
31.7
32.600001
29.3
29.3
32.0
25.3
24.8
20.0000002
18.6999998
12.5
6.5
4.9000001
4.7000001
4.6000001
4.5
4.2999999
4.4
4.5
4.2999999
4.5
4.7999999
8.9999998
21.9
22.3
24.1
34.899999
30.8
31.0
28.3
26.7
26.3
21.8000002
17.8000002
12.5
5.7000001
5.2000001
4.5
4.5
4.1999998
5.5999999
4.4
4.2999999
4.0
4.4
4.0999999
6.5999999
21.1999998
22.6
25.9
29.4
29.5
25.7
21.1
22.1
21.8
20.4
14.1999998
7.5
7.8999999
9.7999997
8.5999999
5.7
5.6000001
5.1
4.7999999
4.4
4.1999998
4.2999999
4.5
4.1999998
4.2999999
4.2999999
6.4000001
9.2999997
8.5
6.3
6.0999999
3.7
3.7
3.6
3.6
3.8
3.9
3.9
3.8
3.8
3.6
3.6
3.7
3.6
3.6
3.6
3.5
3.6
3.9
3.7
3.6
3.6
3.6
3.9999999
4.6
4.2
3.5
3.6
3.7
3.7
3.8
3.9
3.7
3.7
3.5
3.5
3.4
3.6
3.5
3.5
4.1000001
8.4000001
22.5
19.3
27.1999986
33.699999
35.300001
24.3475
35.099998
32.099999
31.899999
28.4
20.6000004
13.7999997
7.1000002
6.0
4.2
3.8
3.8
3.7
3.6
3.7
3.5
3.6
3.7
6.6999998
20.9999998
18.9999999
23.8000002
30.100001
28.6
27.9
23.7
21.0
23.1
20.9000002
18.7999998
11.5
6.6000001
4.8000002
4.0
3.9
3.8
4.1
3.8
3.8
3.6
3.7
3.7
6.3
21.1000002
17.0999999
26.1
31.3
34.899999
34.600001
33.9
35.099998
35.299999
28.9
21.8
13.9999995
9.5
8.8999999
7.6
5.0
4.4
4.2999999
4.4
4.3999999
4.4
4.4
4.4
5.1999998
21.5000004
18.6
21.6999998
29.4
28.9
29.6
26.7
25.5
27.7
25.3
20.4999996
12.9000001
10.0
10.7000003
7.4000001
4.6000001
4.4
4.7999999
4.4
4.4
4.1999998
4.2999999
4.2999999
5.0
21.5000004
20.0999996
25.3
35.5
32.900002
34.699999
35.800001
33.800001
31.9
23.9
16.8999996
11.6000004
7.4999998
6.3000002
5.7
5.4
5.3999999
5.5
5.0999999
5.3999999
5.2999999
5.3999999
5.3
5.3999999
5.6000001
5.3999999
8.0000002
11.9000001
10.9000001
8.8000002
8.5999999
5.7000001
5.1999998
5.4
5.1999998
5.7000001
5.6
5.6
5.8000002
5.3999999
5.3999999
5.3999999
5.5
5.2999999
5.2999999
5.4
5.1999998
7.8000002
8.5999999
8.1999998
8.2999997
8.0
8.2999997
8.0
5.3999999
5.5
5.2999999
5.2999999
5.3999999
5.4
5.6000001
5.5
5.6000001
5.5
5.4
5.2000001
5.2999999
5.5
5.2
5.2999999
7.5
10.4000001
24.0
21.6999996
29.599999
35.400002
29.0025
26.575
26.9325
33.200001
32.699999
24.8
19.4000006
14.5
6.4000001
5.4000001
5.0999999
4.9000001
4.7000001
4.5999999
4.6
4.6000001
4.7000001
4.6
5.5
7.2
21.3999996
19.7000004
30.100001
33.5
29.4
29.2
25.1
21.3
20.9
19.6999998
14.8000002
9.1999998
7.2000001
6.0
4.7000001
4.2999999
4.2999999
4.2
4.4
4.1999998
4.1999998
4.1999998
4.8999999
8.2000001
21.8
17.1999998
25.7
29.2
29.5
26.0
24.0
21.9
25.1
21.2000004
15.4000006
10.5999999
5.3
5.1
4.2999999
4.2
4.0999999
4.0999999
4.0
4.0
4.0
4.0
4.0
6.6999998
19.5
17.7
22.1999996
24.4
27.0
28.1
23.7
20.9
21.4
19.4000004
15.1999998
9.2
5.5
5.0
4.4
4.2
4.2
3.9999999
4.1999998
4.0
4.0999999
4.0999999
3.9999999
6.6000002
20.3000004
17.2999999
22.3000004
29.7
27.9
25.4
21.0
18.1000004
16.8000002
17.1000004
13.1999998
7.0
5.0999999
4.5
3.9
3.7
3.5
3.7999999
3.6
3.4
3.7
3.4
3.5
3.7
3.8
3.6
5.5
8.1999998
7.4000001
6.0
5.9000001
3.9
4.0
4.0
4.0999999
4.2
4.2999999
4.3999999
4.4
4.0999999
3.9
3.7
4.0
4.0
3.9999999
3.9
3.9
4.2
4.1999998
3.9
3.9999999
3.8
4.7
5.0
3.9
3.5
3.6
3.5
3.5
3.6
3.9
3.7
3.8
3.7
3.4
3.5
3.5
3.4
3.4
3.4
4.1000001
7.8
21.2
16.5999999
25.4
33.6
31.0
29.8
28.2
24.9
25.6
23.2
23.3
20.9
19.5999996
11.5999999
4.0999999
3.8
3.7
3.8
3.9
3.8
3.7
3.8
3.7
6.3999999
20.9
15.1999998
20.3999999
29.0
27.5
27.6
25.0
23.3
25.7
23.6
20.3999996
16.5
10.4000001
5.7999999
4.0999999
3.8
3.7
3.9
3.8
3.6
3.7
3.6
3.6
6.7999999
21.0
14.7000003
23.5000002
29.0
28.3
27.6
27.0
23.4
24.0
20.8000002
19.3999996
12.0
8.5000002
5.0
4.0999999
3.9
3.8
4.6
4.0
3.9
3.8
3.8
3.8
5.8
20.4999998
18.2999998
24.3
31.1
30.3
31.6
27.0
23.9
24.9
20.0999996
15.4000001
10.0999999
7.1999998
6.9000001
5.6
5.5
5.1999998
4.6999998
5.2999999
5.1999998
5.4
5.1999998
5.0999999
7.4000001
19.9000002
16.5000005
23.7
28.3
26.4
23.7
22.6
19.8999996
16.8000002
14.7000003
8.4999998
7.3999999
5.7999999
5.1
4.1999998
3.9999999
4.0
3.7
4.0
4.0
4.0999999
4.0
4.0
4.3999999
10.3000002
15.0
12.4000001
10.9000001
3.6
3.5
3.5
3.6
3.5
3.4
3.4
3.6
3.8
3.6
3.7
3.5
3.4
3.4
1.7
3.3
3.4
3.5
3.9
11.6000002
15.0
13.6999998
12.5999999
4.2
3.4
3.4
3.4
3.5
3.4
3.4
3.3
3.6
3.9
3.7
3.8
3.5
1.7
3.5
3.495
3.6175
3.7175
4.19
5.5625
12.9675
14.715
19.665
23.405
24.3275
23.3375
23.6475
22.805
22.48
20.2625
16.2875
11.5575
7.3175
5.3575
4.14
3.6825
3.6
1.7
3.9
3.9
3.7
3.8
3.8
4.4999999
11.2999997
12.9000001
8.8999996
7.2
6.1000001
6.5
5.5999999
5.3999999
5.7999999
5.7999999
4.8
5.5
4.3
3.5
3.7
3.5
3.4
3.3
3.3
3.4
3.4
3.3
3.3
3.2
3.5
4.0
5.7000001
6.7
5.0999999
5.4000001
7.1
5.3
4.2
4.8000002
4.7999999
5.0999999
3.6
3.7
3.6
3.7
3.6
3.4
3.4
3.3
3.4
3.4
3.5
3.4
3.6
3.7
4.4
6.4
5.1
5.3999999
4.8
4.8
5.5
5.3999999
5.2999999
5.0
3.7
3.5
3.6
3.6
3.3
3.5
3.3
3.2
3.3
3.2
3.3
3.4
3.5
3.6
3.6
3.6
3.4
3.4
3.2
3.2
3.4
3.3
3.2
3.3
3.5
3.6
3.7
3.5
3.3
3.2
3.3
3.3
3.3
3.2
3.3
3.4
3.3
3.5
3.6
3.3
3.3
3.3
3.2
3.2
3.3
3.3
3.3
3.3
3.4
3.5
3.7
3.5
3.4
3.3
3.2
3.3
3.3
3.2
3.2
3.3
3.3
3.4
3.5
3.2
3.2
3.2
3.3
3.2
3.3
3.4
3.3
3.3
3.6
3.6
3.5
3.7
3.3
3.3
3.3
3.2
3.2
3.3
3.2
3.3
3.4
3.4
3.4
3.3
3.2
3.2
3.2
3.4
3.3
3.2
3.2
3.4
3.6
3.7
3.6
3.7
3.5
3.3
3.4
3.3
3.2
3.4
3.3
3.2
3.4
3.7
5.6
6.2000001
5.5
5.7999999
5.0999999
4.3
3.9
4.0
4.0
5.3
4.3000001
3.6
3.6
3.6
3.5
3.3
3.3
3.3
3.3
3.3
3.2
3.2
3.4
3.5
4.0
4.7999999
4.7
5.7000001
4.5
5.2999999
4.5
4.8
5.3
5.1999998
3.5
3.6
3.7
3.6
3.3
3.2
3.3
3.2
3.2
3.3
3.2
3.2
3.4
3.4
4.5
5.6000001
4.2999999
4.2999999
5.2999999
5.1000001
5.2999999
4.6
5.1000001
4.5
3.5
3.5
3.6
3.7
3.4
3.1
3.3
3.2
3.3
3.3
3.2
3.2
3.2
3.3
4.3
4.8000001
3.5
3.5
4.5
5.1
4.4
4.1999998
4.2000001
4.5
3.5
3.4
3.4
3.5
3.3
3.0
3.2
3.0
3.1
3.0
3.1
3.0
3.2
3.3
3.2
3.0
3.0
3.1
3.1
3.0
3.0
3.1
3.2
3.1
3.4
3.3
3.4
3.3
3.3
3.0
3.0
3.1
3.0
3.0
3.1
3.0
3.2
3.2
3.2
2.9
3.1
3.0
3.0
3.0
3.0
3.0
3.0
3.2
3.2
3.3
3.2
3.5
3.1
3.5
3.0
3.0
3.0
3.0
3.0
3.0
3.4
6.5999998
16.6999998
18.8000002
17.6999998
18.6000004
17.2999997
15.9000001
15.2000003
12.3000002
6.8000002
5.3000002
4.0
4.0
4.0
4.0999999
3.7
3.7
3.9
3.6
3.6
3.7
3.7
4.0
14.4000006
17.0
28.6
32.100001
33.0
30.2
24.8
22.5
22.3
18.1999998
15.5
8.5999999
5.1999998
4.8999999
4.0
3.9
3.9
4.2
3.7
3.6
3.6
3.6
3.7
4.3999999
17.6000004
15.6999998
27.8
30.4
28.0
25.2
24.6
20.1000004
20.0999998
18.3000002
15.6000004
9.1999998
6.2
8.4000001
8.5999999
4.9000001
4.6000001
4.2
4.7000001
4.6
4.5
4.5
4.5
5.0
18.8999998
19.0000004
26.1
27.4
26.2
25.8
21.6
19.0999994
20.3
17.3999998
13.4000001
7.4000001
4.7999999
4.6999998
4.0
3.9
3.8
3.6
3.7
3.7
3.7
3.6
3.6
4.2000001
17.3000002
13.8999996
20.9000002
26.3
27.5
26.7
22.8
21.0
23.1
18.4999998
13.0999999
6.6000001
5.4000001
4.5
3.7
3.7
3.7
3.4
3.6
3.5
3.4
3.4
3.4
3.5
3.5
3.4
3.7
4.3999999
4.2999999
4.2999999
4.0999999
4.0999999
3.5
3.4
3.6
3.6
3.7
3.7
3.8
3.8
3.6
3.4
3.4
3.4
3.4
3.5
3.3
3.4
3.6
3.5
3.5
3.5
3.3
3.5
3.3
3.4
3.4
3.5
3.4
3.6
3.5
3.7
3.8
3.8
3.5
4.0
3.4
3.5
3.4
3.4
3.2
4.2999999
14.5
14.3999996
23.0
23.3
23.5
21.9
20.5
17.5
19.3000002
15.8000002
12.1999998
6.9
4.2999999
5.0
4.9000001
4.6999998
5.1000001
3.9999999
4.4
4.2999999
4.1999998
4.1999998
4.1999998
4.5999999
11.6000004
14.0999999
24.0
28.2
25.5
25.4
22.7
18.0
18.0
15.8000002
15.6999998
10.0
5.6000001
4.4000001
3.7
3.8
4.0
3.9999999
3.8
3.6
3.5
3.7
3.7
4.6
11.2000003
11.1000004
24.4
23.2
23.6
21.5
20.5999996
17.6999998
16.5999999
16.3999996
13.3999996
7.3999998
5.2
4.9
4.0999999
4.1999998
4.4
4.5
4.1999998
4.0999999
4.0
4.0999999
4.0
4.7
11.1000004
11.3000002
28.0
29.6
28.6
27.7
22.4
19.4999998
19.6
17.8000002
16.3000002
9.1999998
5.7999999
5.7
4.9000001
4.8000002
5.0999999
4.0000001
5.0
4.8000002
4.9000001
4.8000002
4.8000002
5.9000001
13.0
13.7000003
21.3
31.600001
30.5
30.2
25.2
21.8
23.0
22.5
14.5999999
7.0
4.3999999
4.0
3.5
3.4
3.6
3.4
3.4
3.3
3.2
3.4
3.3
3.2
3.5
3.4
4.5
7.6
8.7999997
8.4000001
6.5
4.2
3.4
3.4
3.3
3.4
3.3
3.3
3.2
3.3
3.5
3.2
3.3
3.3
3.3
3.3
3.3
3.3
3.5
3.4
3.2
3.3
3.3
3.2
3.3
3.4
3.3
3.2
3.5
3.4
3.3
3.3
3.3
3.3
3.5
3.6
3.3
3.3
3.3
3.2
3.3
4.0000001
14.9000001
14.7000003
25.9000002
27.5
28.0
28.6
26.4
22.4
21.1000002
17.8000002
16.3999996
10.2000003
6.3
5.1000001
3.9
3.9
4.0999999
4.2
3.9
3.8
3.8
3.9
3.7
4.6
12.8000002
13.0
25.0
26.6
26.0
27.5
26.5
22.2
22.1
18.8000002
15.9000001
8.2999997
4.7
4.4
4.6
4.4
4.5
4.3999999
4.6000001
4.2999999
4.1999998
4.2999999
4.1999998
5.1000001
16.0
17.6999998
31.4
30.2
31.2
29.9
26.5
23.9
22.9
20.0999996
16.5999999
10.0
7.3000002
5.9
6.8
5.0
4.6
3.9999999
4.8000002
4.6
4.5
4.4
4.6000001
5.0
14.4999995
15.1999998
22.9
27.7
26.3
26.4
22.4
21.6
24.5
21.0
17.0
7.3999998
5.5
5.0
4.0
4.0999999
4.2999999
3.8
3.9
4.0
3.9
3.9
4.0
4.4999999
13.5999994
14.8000002
24.4
29.5
27.0
26.3
22.5
22.4
23.5
19.1999998
13.5999999
6.5
4.4
4.1
3.6
3.6
3.8
3.4
3.6
3.4
3.4
3.6
3.6
3.6
3.5
3.6
4.1000001
6.9000001
6.9000001
7.0
6.6000001
4.0999999
3.5
3.4
3.5
3.6
3.5
3.5
3.4
3.4
3.6
3.4
3.5
3.4
3.5
3.4
3.5
3.4
3.6
3.5
3.4
3.4
3.4
3.4
3.4
3.5
3.5
3.4
3.6
3.5
3.5
3.4
3.4
3.4
3.7
3.5
3.5
3.4
3.4
3.4
3.5
3.4
6.0
7.9000001
7.7000001
6.7999999
6.1999998
6.1999998
6.2999999
6.1999998
6.8000002
5.1999998
3.6
3.5
4.1999998
3.6
3.5
3.4
3.7
3.9
3.4
3.5
3.5
3.5
3.6
4.1000001
13.5999999
17.7999997
27.4
31.9
32.2
29.8
29.0
27.5
24.4
22.9
17.0
10.3999996
5.3999999
4.8999999
4.1999998
4.1999998
4.4
3.8999999
4.2999999
4.1999998
4.1999998
4.1999998
4.2
4.7
13.0
13.0999999
22.8999998
31.600001
31.200001
29.3
29.3
25.8
24.5
19.8000004
12.6999998
9.7000003
6.3999999
4.5
3.7
3.7
3.9
3.9
3.8
3.8
3.8
3.6
3.6
4.2000001
10.5
14.1999998
21.6999999
26.7
26.9
24.4
20.0999998
18.2999992
17.5999994
19.1000002
14.5999999
8.7999997
7.1999998
6.5
6.0999999
6.0
4.5
4.0999999
4.0999999
4.0999999
4.0
4.0999999
4.0
4.7
13.2999997
15.1999998
25.6
29.1
28.6
26.9
24.3
24.7
23.0
19.4
14.8000002
8.0000002
5.2000001
5.0
4.2999999
4.6
4.5
4.1999998
4.2999999
4.0
4.0999999
4.1999998
4.0999999
4.1999998
4.0999999
4.1999998
4.5
6.3
6.9000001
7.0999999
7.0
4.2999999
4.0999999
4.1999998
4.4
4.1999998
4.1999998
4.2999999
4.1999998
4.1999998
4.4
4.1999998
4.1999998
4.0999999
4.1999998
4.0999999
4.0999999
4.2999999
4.1999998
4.1999998
4.1999998
4.1999998
4.0999999
4.1999998
4.2999999
4.0999999
4.1999998
4.2999999
4.1999998
4.2999999
4.1999998
4.1999998
4.2999999
4.1999998
4.2999999
4.5
4.1999998
4.0999999
4.1999998
4.0999999
4.0999999
4.7999999
13.4000001
17.1000004
29.1
32.6
31.8
29.8
27.4
22.5
20.5999996
19.1999998
16.3999996
10.5999999
7.5
5.2000001
4.9000001
4.8000002
5.0999999
4.8000002
4.7000001
4.6000001
4.7000001
4.6
4.5
5.0
13.1999998
14.8000002
23.6
25.7
26.3
25.5
25.2
24.4
22.6
18.5999994
15.0
10.4000001
6.7000001
5.1
4.5
4.6
4.6
4.4
4.6
4.5
4.6
4.5
4.2999999
4.9
10.3999996
14.2000003
23.7
23.9
24.7
26.1
25.4
21.7
21.8
19.1000004
15.5
9.8999996
5.8999999
5.0999999
5.7000001
4.7
4.5
3.9
4.5
4.4
4.2999999
4.7000001
4.6
5.5
13.9000001
15.5999999
27.1
32.3
35.0
34.700001
34.700001
34.299999
35.799999
28.4
22.0
14.1000004
5.3
3.6
3.39999999999
3.3
3.5
3.39999999999
3.39999999999
3.3
3.39999999999
3.3
3.39999999999
3.8
8.7000003
13.0
20.0999996
27.5
30.0
29.7
24.3
24.3
22.6
18.6000004
13.2999997
8.40000009999
4.3999999
3.8
3.2
3.3
3.3
3.2
3.2
3.3
3.2
3.2
3.2
3.2
3.39999999999
3.2
3.60000000001
4.2
3.9
4.1999998
4.0
3.39999999999
3.2
3.39999999999
3.3
3.39999999999
3.3
3.39999999999
3.2
3.39999999999
3.39999999999
3.3
3.2
3.2
3.3
3.2
3.2
3.2
3.39999999999
3.2
3.3
3.2
3.3
3.2
3.3
3.3
3.2
3.3
3.3
3.39999999999
3.3
3.3
3.3
3.3
3.5
3.4
3.3
3.2
3.3
3.2
3.3
3.9
13.0999999
17.0
27.4
33.4
33.800001
30.1
28.7
26.4
24.4
18.8999998
14.2999997
11.0
5.7
5.0
4.10000000001
3.60000000001
3.9
4.20000010001
3.60000000001
3.60000000001
3.60000000001
3.5
3.60000000001
3.8
10.0
13.7000003
22.3999996
28.4
25.9
31.2
27.5
25.8
26.9
20.9
14.7000003
11.0
6.9000001
5.3
4.8000002
4.9000001
5.0
4.4000001
4.9000001
4.8000002
4.8000002
4.8000002
4.9000001
5.4000001
11.2999997
14.4000001
22.6999998
30.5
30.7
29.2
25.6
22.7
25.1
19.6000002
13.6999998
9.2000003
6.8000002
4.8999999
4.1999998
3.9999999
4.1999998
4.0
4.0
3.8
4.0
3.9
4.0
4.4000001
9.10000039999
12.9000001
23.5
27.4
25.0
25.6
22.4
18.7000002
18.3000002
15.9000001
12.5999999
9.8000002
6.10000000001
4.2
4.0
4.0
4.0
3.5
4.0
3.9
3.9
3.9
3.9
4.4
13.0999999
14.5999999
24.5
28.2
26.5
25.6
21.9
17.5999994
18.8000002
14.9999995
12.1999998
6.7
4.8000002
3.6999999
3.2
3.2
3.39999999999
3.0
3.1
3.2
3.2
3.2
3.1
3.1
3.1
3.1
3.1
3.0
3.1
3.1
3.1
3.1
3.2
3.1
3.2
3.2
3.2
3.2
3.2
3.1
3.39999999999
3.0
3.1
3.1
3.0
3.0
3.0
3.0
3.1
3.0
3.0
3.0
3.0
3.2
3.0
3.2
3.0
3.1
3.0
3.2
3.2
3.2
3.1
3.0
3.3
3.0
3.1
3.1
3.0
3.0
3.0
2.9
3.1
3.0
3.0
3.0
3.0
3.0
3.1
3.0
3.1
3.0
3.1
3.2
3.1
3.0
3.0
3.0
3.3
3.1
3.0
3.1
3.0
3.0
3.0
3.1
3.1
3.3
3.8
3.9999999
5.10000000001
5.39999999999
4.79999989999
4.2
3.39999999999
3.39999999999
4.0
4.20000010001
3.6999999
3.3
3.3
3.2
3.3
3.1
3.2
3.2
3.1
3.1
3.1
3.2
3.2
3.2
3.39999999999
4.5
4.0999999
3.8999999
3.2
3.3
3.5
4.0
4.29999989999
5.0
3.6999999
3.2
3.2
3.1
3.3
3.2
3.2
3.1
3.1
3.1
3.1
3.2
3.1
3.2
4.3000001
5.2
3.7
4.0
4.79999989999
3.8
3.60000000001
4.0999999
4.29999989999
4.5
3.2
3.2
3.1
3.1
3.4
3.1
3.0
3.0
3.1
3.1
3.1
3.2
3.1
3.1
3.8999999
5.1999998
5.60000000001
5.0
5.2
5.3
5.2
5.0999999
5.0
4.5
3.3
3.1
3.2
3.1
3.2
3.1
3.1
3.1
3.0
3.0
3.1
3.2
3.0
3.1
3.2
3.1
3.1
3.1
3.1
3.1
3.2
3.1
3.2
3.1
3.1
3.1
3.0
3.0
3.3
3.1
3.0
3.0
3.1
3.1
3.1
3.0
3.2
3.0
3.2
3.0
3.4
4.1999998
4.6999998
5.7
4.79999989999
5.10000000001
4.3
3.2
3.2
3.2
3.1
3.2
3.3
3.1
3.1
3.1
3.1
3.1
3.1
3.1
3.0
3.9
12.6999998
17.5
14.8000002
9.7999997
12.0999999
11.3000002
9.2999997
7.8
5.3
5.5999999
3.9
3.39999999999
3.1
3.2
3.5
3.6
3.3
3.2
3.2
3.2
3.2
3.7
12.1999998
14.3000002
28.8
32.199999
30.2
29.5
28.7
24.0
23.5
19.4
14.9000001
9.2000003
4.4999999
4.20000010001
3.60000000001
3.60000000001
3.9
4.0
3.7
3.7
3.60000000001
3.60000000001
3.5
4.0
8.0
11.0
21.7000002
26.1
27.5
27.6
22.0
19.3999996
19.3999996
17.3000002
12.9000001
8.1999998
5.6000001
4.89999999999
4.1999998
4.1999998
4.5
4.1999998
4.3999999
4.29999989999
4.1999998
4.1999998
4.1999998
4.4000001
9.7999997
11.5999999
16.6000004
20.4999998
21.6999996
21.7
21.5
18.6999998
17.0999994
17.0
15.3000002
10.5
5.10000000001
4.5
4.39999999999
4.1999998
4.39999999999
3.79999989999
4.1999998
4.0999999
4.0999999
4.0
4.0999999
4.29999989999
9.0
8.6000001
17.5
25.3
24.5
21.3
18.8999998
16.8999996
17.6999998
14.9000001
11.5
7.0999999
4.5999999
3.8999999
3.60000000001
3.39999999999
3.60000000001
3.39999999999
3.5
3.39999999999
3.39999999999
3.3
3.39999999999
3.3
3.39999999999
3.39999999999
3.7
5.8
5.8000002
5.70000010001
5.60000000001
3.5
3.3
3.5
3.5
3.60000000001
3.39999999999
3.39999999999
3.3
3.39999999999
3.60000000001
1.6
3.39999999999
3.5075
3.5575
3.57
3.585
3.605
3.7075
3.62
3.5575
3.46
3.295
3.3325
3.39
3.5425
3.515
3.535
3.49
3.365
3.285
3.195
3.1475
3.155
3.34
3.1975
3.25
3.3875
3.4275
3.475
3.5575
3.9325
7.3725
7.745
12.5325
17.12
17.3175
16.625
15.9175
14.62
13.2975
11.2025
8.8025
7.87
5.4575
4.21
3.6525
3.445
3.615
3.5675
3.515
3.54
3.625
3.6725
3.7475
4.145
10.12
12.3925
17.195
21.475
20.775
20.5025
19.6225
17.65
16.4625
14.6675
11.6575
8.9625
5.9175
4.5325
3.89
3.77
3.9
3.8425
3.8925
3.9275
3.9675
3.995
3.9925
4.425
10.5025
13.14
18.6625
22.11
21.7175
21.025
19.2875
16.905
15.75
13.9725
10.995
8.665
5.955
4.6425
4.1725
3.795
3.7825
3.72
3.765
3.7075
3.6725
3.67
3.7225
4.1375
8.2075
9.7525
13.4675
16.225
16.3275
15.5525
14.935
14.05
13.7175
12.4225
10.26
9.02
6.2275
4.7925
4.1875
3.7575
3.5925
3.315
3.365
3.3725
3.3525
3.3725
3.425
3.8375
6.025
7.2725
11.4125
17.1325
18.2325
17.09
15.475
13.715
12.745
11.22
10.4175
7.1125
4.5275
3.6675
3.3325
3.23
3.31
3.2575
3.2075
3.17
3.1525
3.1425
3.155
3.1975
3.3675
3.5025
3.7325
4.5275
4.8225
4.8175
4.54
4.0225
3.6475
3.57
3.525
3.45
3.385
3.5125
3.4025
3.3725
3.5
3.225
3.285
3.415
3.365
3.34
3.355
3.375
3.5375
3.545
3.5375
3.45
3.27
3.2725
3.305
3.4975
3.4925
3.5375
3.56
3.4625
3.3775
3.2775
3.22
3.1725
3.2575
1.9
3.03
3.2
3.2
3.3
3.2
3.5
9.89999960001
8.3000002
19.3999999
21.9
21.7
21.7
19.4000002
15.8999996
16.5999999
14.1999998
11.2999997
8.8999998
4.8999999
5.3000002
4.2
3.60000000001
3.9
3.5
3.7
3.8
3.7
3.60000000001
3.7
3.7
7.59999990001
9.4000001
16.5
19.5999994
19.8999996
18.4000006
18.0
16.0999999
15.1999998
14.9000001
11.9000001
8.70000010001
4.5
4.0
3.60000000001
3.5
3.7
3.7
3.60000000001
3.5
3.39999999999
3.5
3.3
3.8
10.3000002
9.8000002
21.6000004
28.5
28.3
25.9
26.8
23.2
21.5
19.3999996
13.4000001
8.7000003
4.7
4.3999999
3.9
3.9
4.0999999
3.9999999
4.0999999
3.9
3.7
3.7
3.8
4.2
8.89999960001
8.5999999
19.6999998
20.2999996
19.8999996
19.3999996
17.1999998
15.8000002
15.4000001
12.6999998
9.5
6.60000000001
4.79999989999
4.5999999
4.0
4.0
4.0999999
3.7
3.9
3.9
3.8
3.9
3.8
3.9
10.1000004
8.5
12.6999998
22.8
21.9
21.5
18.5999996
15.8000002
15.9000001
14.5
11.0
6.2
4.20000010001
4.20000010001
3.60000000001
3.60000000001
3.7
4.70000010001
3.60000000001
3.39999999999
3.5
3.5
3.39999999999
3.5
3.60000000001
3.39999999999
3.60000000001
4.2
4.3999999
4.29999989999
4.5
3.39999999999
3.39999999999
3.39999999999
3.39999999999
3.60000000001
3.7
6.8999999
4.8000002
5.60000000001
6.0
4.39999999999
5.39999999999
5.2
4.0999999
4.2
4.0999999
4.1999998
4.0
4.0999999
4.0999999
3.6
3.2
3.3
3.39999999999
3.3
3.3
3.3
3.39999999999
3.39999999999
3.39999999999
3.39999999999
3.39999999999
3.39999999999
3.5
1.7
3.2
3.17
3.185
3.1975
3.2675
3.695
7.5875
9.425
14.9075
18.3275
18.865
17.465
16.2875
14.46
13.3
11.7325
9.795
8.1825
5.3875
4.1225
3.64
3.5525
3.7175
2.5999999
3.64
3.9
4.0
3.9
4.0
4.3000001
8.0
7.70000010001
17.8999998
20.1999998
21.2
21.4
17.9000006
16.6999998
17.1000004
13.6999998
8.59999990001
7.10000000001
5.79999989999
5.89999999999
5.1999998
5.1999998
5.39999999999
4.3999999
5.29999989999
5.0999999
5.1999998
5.1999998
5.1999998
5.3999999
8.40000009999
8.3
14.5999994
19.6999998
22.8
21.4
20.4999996
17.1999998
16.4000001
13.8000002
11.4000001
7.8000002
5.8000002
4.5
3.8
3.60000000001
3.9
3.8999999
3.60000000001
3.60000000001
3.39999999999
3.60000000001
3.5
3.7
7.1000001
8.8000002
16.7000008
21.6
22.6
22.1
19.7999996
16.7000003
15.4000001
12.5999999
10.5
8.0
5.3
4.1999998
4.1999998
4.0
4.1999998
3.7
4.0999999
4.0
4.0
4.0
4.0
4.4000001
14.0999994
15.6999998
15.3000002
30.5
27.0
23.6
19.4000002
20.9
19.5
19.5
12.7999997
5.8999999
4.0
4.0
3.39999999999
3.3
3.5
3.5
3.39999999999
3.39999999999
3.3
3.39999999999
3.3
3.39999999999
3.2
3.39999999999
3.6
4.0
4.79999989999
6.1999998
5.3999999
5.8
6.20000010001
6.3
4.79999989999
3.60000000001
3.7
3.60000000001
3.7
3.7
3.9
3.5
3.60000000001
3.60000000001
3.5
3.60000000001
3.60000000001
3.60000000001
3.60000000001
3.60000000001
3.60000000001
3.60000000001
3.39999999999
3.3
3.39999999999
3.39999999999
3.5
3.39999999999
3.60000000001
3.39999999999
3.60000000001
3.39999999999
3.5
3.39999999999
3.7
3.7
3.39999999999
3.39999999999
3.39999999999
3.39999999999
3.3
3.6
8.4000001
9.4000001
16.2000002
22.4
23.3
21.0
20.1
16.6000004
15.5000005
14.2000003
11.8000002
9.0999999
5.2
4.5999999
4.0999999
4.0
4.0999999
3.9999999
3.9999999
3.8
3.9
3.60000000001
3.8
3.9999999
8.5
9.5
15.2000003
21.1
18.6000004
17.8000002
18.0
14.9000001
15.0999999
13.5999999
11.2999997
9.7999997
6.3000002
4.89999999999
4.1999998
4.29999989999
4.39999999999
3.8
4.29999989999
4.0999999
4.0999999
4.0999999
4.0999999
4.3
8.9000001
9.5
16.9000002
24.3
23.0
24.0
21.5
18.6999998
17.8999996
15.0
12.3000002
9.6999998
5.2
5.0
3.9999999
3.7
3.9
3.7
3.60000000001
3.60000000001
3.60000000001
3.5
3.7
3.60000000001
3.7
3.60000000001
4.70000010001
4.60000000001
6.20000010001
5.6000001
4.70000010001
4.70000010001
4.7
4.79999989999
4.39999999999
5.1000001
3.89999999999
3.60000000001
3.7
3.60000000001
3.8
4.1
3.60000000001
3.60000000001
3.60000000001
3.5
3.60000000001
3.8999999
7.8000002
7.5
14.1999998
21.4
22.7
20.7
18.0
15.6999998
15.7000003
15.0
12.0999999
7.1999998
5.0
4.39999999999
4.39999999999
4.39999999999
4.5
4.0
4.29999989999
4.29999989999
4.29999989999
4.2
4.39999999999
4.1999998
4.29999989999
4.39999999999
4.5
6.5
8.8999998
8.5
7.1000001
7.6000002
4.2
3.7
3.8
3.8
3.7
3.8
3.7
3.7
4.0
3.60000000001
3.7
3.60000000001
3.7
3.60000000001
3.7
3.7
3.7
3.7
3.7
3.60000000001
3.7
3.7
3.60000000001
3.7
3.60000000001
3.7
3.8
3.7
3.7
3.7
3.8
3.7
4.0
3.60000000001
3.7
3.7
3.7
3.60000000001
3.60000000001
4.0
9.0999999
9.2000003
13.8000002
19.8999996
23.0
21.7
19.2999998
16.9000006
19.7
16.2999997
12.0999999
9.90000009999
5.0
4.10000000001
3.5
3.39999999999
3.7
3.8999999
3.60000000001
3.5
3.5
3.39999999999
3.5
4.0
10.3999996
8.50000019999
11.9000001
18.8000002
18.3000002
15.1999998
15.9999995
18.1
18.0
16.1000004
13.6999998
8.7
8.00000019999
8.1000002
4.8999999
4.1999998
4.29999989999
4.1999998
4.1999998
4.1999998
4.0999999
4.1999998
3.8
4.5999999
13.1000004
10.1000004
17.3000002
26.3
26.1
25.5
24.5
22.0
20.9999998
16.8999996
11.9000001
8.0999999
5.9000001
4.89999999999
4.29999989999
4.1999998
4.1999998
4.0999999
4.1999998
4.0
4.0
4.0
4.0999999
4.5999999
8.59999990001
8.5999999
11.7999997
17.0
17.8999996
15.1999998
15.0999999
14.8000002
14.0999999
12.0
9.8000002
7.7
6.9000001
5.89999999999
4.2
3.8
4.0999999
3.7
4.0
3.8
3.8
3.8
3.8
4.1
8.5
7.7000003
12.0999999
21.0999998
20.5999996
17.8000002
17.2000008
14.9000001
13.3000002
11.5
8.90000009999
5.8000002
4.60000000001
3.8
3.8
3.60000000001
3.9
3.60000000001
3.7
3.60000000001
3.60000000001
3.60000000001
3.60000000001
3.60000000001
3.60000000001
3.7
3.7
4.1999998
4.0
4.5
5.0
6.7999997
5.8999999
6.3
5.5
4.7
3.60000000001
3.60000000001
3.60000000001
3.60000000001
3.7
3.60000000001
3.5
3.7
3.60000000001
3.5
3.60000000001
3.60000000001
3.60000000001
3.60000000001
3.8
3.5
3.60000000001
3.5
3.60000000001
3.60000000001
3.60000000001
3.6
3.60000000001
3.60000000001
3.5
3.60000000001
3.60000000001
3.5
3.7
3.60000000001
3.5
3.5
3.5
3.60000000001
3.5
4.3
12.6999998
11.4000001
17.3000002
26.3
27.2
25.0
25.4
22.5
18.1999998
18.0
15.0
11.1000004
4.3
3.5
3.39999999999
3.39999999999
3.60000000001
3.5
3.60000000001
3.5
3.39999999999
3.39999999999
3.39999999999
3.79999989999
11.1999998
12.3000002
21.6
26.5
26.8
27.4
25.4
20.3999998
18.1999998
16.6999998
13.8000002
9.9000001
6.29999989999
5.0999999
3.5
3.60000000001
3.7
3.6
3.60000000001
3.5
3.39999999999
3.5
3.39999999999
4.39999999999
15.2999997
17.0999999
18.8
20.6000002
20.2
18.5
16.1999998
13.2000003
11.2999997
13.3000002
12.5
8.2
4.4
4.39999999999
4.1999998
4.0999999
3.8
4.10000000001
3.7
3.60000000001
3.7
3.7
3.5
4.1000001
10.3999996
9.3
15.7999997
20.2000002
22.4
22.0
20.6999996
20.0999998
16.0999999
13.7999997
10.6999998
7.8000002
5.3
4.60000000001
4.60000000001
4.60000000001
4.8000002
3.7
4.60000000001
4.5
4.5
4.5
4.60000000001
4.79999989999
13.5999999
14.3000002
18.0
21.1
23.0
23.2
19.5
15.6000004
15.3000002
12.7000003
4.8999999
3.7
3.89999999999
3.6999999
3.3
3.2
3.39999999999
3.3
3.1
3.1
3.0
3.1
3.0
3.5
5.0
5.3999999
5.5
4.7
3.39999999999
3.39999999999
3.39999999999
3.39999999999
3.39999999999
3.39999999999
3.39999999999
3.5
3.39999999999
3.5
3.39999999999
3.39999999999
3.60000000001
3.39999999999
3.39999999999
3.39999999999
3.39999999999
3.39999999999
3.39999999999
3.6
5.39999999999
5.5
6.0
5.8
3.39999999999
3.39999999999
3.6
6.9000001
7.1999998
9.0
8.2000003
8.0
6.0999999
3.39999999999
3.39999999999
3.39999999999
3.60000000001
3.2
3.5
3.39999999999
3.39999999999
3.39999999999
3.39999999999
3.6
7.3
7.8
9.1999998
9.4000001
9.0999999
8.00000019999
8.5999999
8.4000001
6.70000010001
4.70000010001
3.9999999
3.9999999
3.6999999
3.6999999
3.0
3.1
3.2
3.0
3.0
3.0
3.0
3.0
3.0
3.5
7.00000019999
8.6999998
9.0
9.1999998
9.0
6.6000001
6.2
6.0999999
4.70000010001
4.8999999
4.0999999
4.10000000001
3.6999999
3.1
3.0
3.0
3.3
3.1
3.0
3.0
3.0
3.1
3.0
3.6999999
7.5999999
9.8000002
9.7000003
9.1999998
8.4000001
4.4000001
4.60000000001
4.1
3.39999999999
3.60000000001
4.0
4.5
3.7
3.3
3.4
3.5999999
3.3
3.1
3.1
3.1
3.0
3.0
2.9
3.5999999
5.2
6.20000010001
6.0
6.70000010001
7.2999997
4.7
3.8
3.6
3.9999999
3.5
3.89999999999
4.3999999
3.0
3.0
3.0
3.0
3.2
2.9
3.0
2.8
2.9
2.9
2.9
3.2
8.20000010001
11.2999997
8.8000002
8.3000002
6.8999999
4.60000000001
4.3
3.9
4.0999999
3.9999999
3.8
4.3
3.5
3.0
2.9
2.8
3.1
2.8
2.9
2.9
2.8
2.8
2.8
2.9
2.8
2.9
2.9
2.9
3.2
3.7
3.1
2.8
2.7
2.8
2.8
2.8
2.8
2.8
2.8
2.8
3.0
2.8
2.7
2.8
2.8
2.7
2.8
2.8
2.9
2.8
2.8
2.8
2.7
2.7
2.7
2.8
2.7
2.9
2.8
2.8
2.8
2.8
2.7
2.7
2.9
2.7
2.8
2.7
2.8
2.7
2.7
3.3
6.89999999999
7.70000010001
7.39999999999
8.70000010001
8.5
6.60000000001
4.1999998
4.0
3.8
3.7
3.8
4.4999999
3.3
2.7
2.8
2.7
3.0
2.7
2.8
2.7
2.7
2.8
2.7
2.7
2.9
3.0
4.29999989999
4.5
3.8
4.20000010001
4.4000001
4.0999999
3.8
3.6
4.2
4.1000001
2.8
2.7
2.8
2.7
3.0
2.8
2.8
2.7
2.7
2.7
2.60000000001
2.7
2.9
2.8
3.3
3.6
3.8
3.6
3.0
3.1
2.8
3.2
3.3
3.89999999999
3.39999999999
2.8
2.8
2.8
2.9
2.7
2.8
2.7
2.7
2.7
2.60000000001
2.7
2.8
3.1
3.4
4.2
3.8
4.8999999
4.39999999999
3.60000000001
3.9
4.2
4.0
4.2
2.8
2.7
2.8
2.7
3.0
2.8
2.7
2.7
2.7
2.7
2.60000000001
2.7
2.9
2.8
3.7
3.79999989999
3.89999999999
3.6999999
3.4
3.3
3.3
3.1
3.3
3.3
3.7
3.0
2.7
2.8
2.9
2.7
2.8
2.7
2.8
2.7
2.7
2.60000000001
2.8
2.8
2.8
2.7
2.7
2.8
2.7
2.7
2.8
2.60000000001
2.7
2.8
2.8
2.7
2.7
2.7
3.0
2.7
2.7
2.7
2.60000000001
2.7
2.7
2.7
2.8
2.7
2.8
2.8
2.7
2.7
2.7
2.8
2.7
2.7
2.8
2.8
2.8
2.8
2.7
2.8
3.0
2.8
2.7
2.7
2.8
2.8
2.7
2.8
3.0
2.9
3.60000000001
4.2
4.29999989999
4.7
4.1999998
4.0999999
4.0
3.9999999
3.9
4.0
3.1
3.2
2.8
2.8
3.0
2.8
2.8
2.8
2.8
2.8
2.8
2.8
3.1
3.0
3.9
3.7
4.5999999
4.2
4.5
3.8
3.7
4.8
3.60000000001
4.8
3.8999999
2.8
2.8
2.7
3.0
2.8
2.7
2.8
2.60000000001
2.8
2.8
2.8
2.9
3.0
3.8
3.7
2.9
3.0
3.0
3.5
3.2
3.1
3.6
3.9
4.1
4.0999999
3.39999999999
3.1
3.0
2.8
2.8
2.8
2.8
2.8
2.9
2.8
3.0
3.0
3.2
3.79999989999
3.1
3.6
3.7
3.0
3.0
3.2
2.9
3.0
3.3
3.2
2.9
2.8
3.1
2.8
2.8
2.8
2.8
2.8
2.9
2.8
2.9
2.9
3.7
3.6
3.7
3.7
3.7
3.2
3.1
3.1
3.5
3.4
3.2
2.8
2.8
2.8
3.0
2.8
2.8
2.8
2.8
2.8
2.60000000001
2.8
2.8
2.8
2.8
2.7
2.7
2.7
2.8
2.9
3.0
2.8
2.8
2.8
2.8
2.7
2.8
2.8
3.0
2.8
2.7
2.7
2.8
2.7
2.7
2.7
2.7
2.8
2.8
2.7
2.8
2.7
2.8
2.7
2.8
2.8
2.8
2.8
2.8
2.8
2.8
2.8
3.0
2.8
2.7
2.8
2.7
2.8
2.7
2.8
3.0
2.9
3.60000000001
4.0999999
3.7
3.9
3.8
3.8
3.60000000001
3.8
3.9
4.29999989999
3.4
2.8
2.8
2.8
3.0
2.7
2.8
2.8
2.8
2.7
2.8
2.7
3.0
3.0
3.7
3.8
4.5
4.2
4.5
4.5
3.8
3.9
4.0
3.8999999
3.0
2.9
2.9
2.8
3.1
2.9
2.8
2.9
2.8
2.9
2.8
2.8
3.0
3.2
3.5
3.60000000001
3.1
3.4
3.0
3.0
2.9
2.9
2.9
3.0
3.0
3.2
3.3
2.9
3.1
2.9
2.9
2.9
2.8
2.9
2.9
2.8
3.0
3.2
3.3
3.3
3.2
3.5
3.39999999999
3.39999999999
3.7
3.6
3.2
3.5
3.3
2.9
2.9
2.8
3.1
2.9
2.8
2.9
2.8
2.9
2.8
2.8
3.0
3.0
3.8
4.3000001
4.2
4.3999999
4.2
3.8
3.60000000001
3.60000000001
4.2
3.8
3.2
2.9
2.8
2.8
3.0
2.8
2.8
2.8
2.8
2.8
2.7
2.8
2.8
2.8
2.9
2.8
2.8
2.8
2.8
2.8
2.8
2.8
2.8
2.8
2.9
2.8
2.8
2.8
3.0
2.8
2.8
2.8
2.8
2.8
2.8
2.8
2.9
2.8
2.9
2.8
2.8
2.8
2.8
2.8
2.8
2.8
2.8
2.9
2.8
2.8
2.8
2.8
3.1
3.0
2.8
2.7
2.8
2.7
2.8
2.8
3.2
2.9
3.7
4.10000000001
4.1
3.7
3.8999999
3.60000000001
3.8
3.9
4.3000001
3.9999999
3.3
3.1
3.0
3.1
3.2
2.9
3.1
3.0
3.0
3.1
3.0
3.0
3.1
3.1
3.5
4.29999989999
4.5
3.8
3.1
3.39999999999
3.2
3.2
4.29999989999
3.1
3.0
2.8
2.8
2.7
3.0
2.8
2.8
2.8
2.7
2.8
2.7
2.7
2.8
2.7
3.5
4.3000001
4.3999999
3.9
4.9000001
3.8
3.8
3.60000000001
4.6000001
4.3999999
3.39999999999
2.8
2.8
2.8
2.9
2.8
2.7
2.7
2.8
2.8
2.8
2.8
2.60000000001
2.8
3.5
4.6000001
4.5
3.39999999999
3.39999999999
3.7
4.0999999
4.0
4.4000001
4.0
2.9
2.8
2.9
2.8
3.1
2.8
2.9
2.8
2.9
2.9
2.8
2.8
2.7
2.8
3.7
4.29999989999
4.5999999
4.0999999
4.2
3.6
3.9
3.7
4.3
3.3
2.8
2.9
2.8
2.7
3.0
2.8
2.8
2.7
2.8
2.8
2.8
2.7
2.9
2.8
2.8
2.7
2.7
2.9
2.8
2.8
2.8
2.8
2.8
2.9
2.8
2.9
2.8
2.8
3.0
2.8
2.8
2.8
2.9
2.9
2.7
2.8
3.1
2.8
2.9
2.8
2.8
2.8
2.8
2.8
2.8
2.8
2.8
2.8
2.9
2.8
2.8
2.8
3.0
2.8
2.8
2.8
2.8
2.8
2.8
2.7
2.9
2.9
3.7
4.4000001
4.0
4.29999989999
4.39999999999
4.1999998
3.9
3.79999989999
5.6000001
4.7
3.0
2.8
2.8
2.8
3.0
2.8
2.8
2.8
2.8
2.8
2.7
2.7
2.8
2.9
4.1
5.9000001
7.29999989999
7.0999999
5.5
4.70000010001
4.29999989999
4.1999998
4.0999999
5.4000001
3.2
3.0
2.8
2.8
3.2
2.8
2.9
2.8
2.9
3.0
2.8
2.8
3.2
3.1
4.70000010001
5.3000002
5.4000001
5.8
4.8999999
4.0999999
3.8
4.60000000001
4.2
3.9
3.39999999999
3.1
2.9
2.9
3.2
2.8
3.0
2.9
2.9
3.0
3.0
2.8
2.9
2.9
4.0999999
4.79999989999
5.5
4.8999999
5.0
4.70000010001
4.5
4.1
4.89999999999
4.70000010001
2.9
2.8
2.9
2.8
3.1
2.9
2.8
2.9
2.8
2.9
2.8
2.9
5.6000001
6.0
4.4000001
5.1999998
4.10000000001
4.20000010001
4.7
4.79999989999
4.0999999
4.6000001
5.1000001
4.6999998
3.6
3.1
3.1
3.1
3.3
3.0
3.1
3.1
3.1
3.2
3.1
3.1
3.3
3.2
3.0
3.4
3.3
3.2
3.3
3.2
3.2
3.1
3.2
3.1
3.1
3.2
3.1
3.1
3.39999999999
3.0
3.1
3.1
3.1
3.2
3.1
3.1
3.3
3.2
3.2
3.1
3.2
3.1
3.1
3.1
3.1
3.2
3.2
3.1
3.2
3.2
3.2
3.2
3.3
3.1
3.1
3.1
3.2
3.1
3.1
3.2
3.2
3.2
3.2
3.4
4.29999989999
5.0
3.1
3.1
3.1
3.0
3.2
3.1
3.2
3.1
3.1
3.1
3.3
3.5
3.2
3.1
3.0
3.1
3.1
3.1
3.1
5.3999999
9.8000002
9.39999960001
9.8000002
9.40000009999
11.0
11.3000002
13.7000003
12.0
6.70000010001
4.89999999999
4.60000000001
4.0
3.9
3.8
4.0999999
4.0
3.9
3.8
3.8
4.0
3.8
3.8
4.0999999
6.7999997
10.8000002
10.3999996
11.2999997
14.2000003
14.8000002
12.7000003
12.5999999
12.0
8.1000001
6.1000001
5.8999999
4.8000002
4.0
4.0999999
4.29999989999
3.9999999
4.0999999
4.0
3.9
4.0
4.0
4.5
13.8000002
14.0
20.0999998
23.9
24.8
23.9
20.0999996
18.6000004
19.2999992
18.5
13.8000002
9.8000002
4.8000001
3.7
3.7
3.8
3.9
3.5
3.8
3.8
3.7
3.7
3.60000000001
4.3000001
16.5999999
15.0999994
22.6000004
28.2
28.1
25.7
21.9
21.1
22.2
19.2000004
11.7999997
6.39999999999
3.6
3.3
3.2
3.2
3.39999999999
3.3
3.2
3.3
3.2
3.2
3.2
3.2
3.39999999999
3.2
3.3
4.39999999999
3.60000000001
4.29999989999
4.8000002
3.9999999
3.7
3.7
3.7
3.7
3.8
3.60000000001
3.7
3.60000000001
3.9
3.3
3.2
3.3
3.3
3.3
3.2
3.2
3.5
3.2
3.3
3.2
3.3
3.3
3.39999999999
3.2
3.39999999999
3.39999999999
3.39999999999
3.39999999999
3.39999999999
3.3
3.3
3.3
3.60000000001
3.4
3.3
3.3
3.39999999999
3.2
3.3
3.9
16.5000005
11.0
25.0
28.1
26.7
23.3
23.4
20.6
19.5
17.8999996
13.3000002
7.2
5.0
3.7
3.7
3.60000000001
3.9
3.60000000001
3.7
3.60000000001
3.7
3.60000000001
3.5
4.70000010001
15.1999998
11.1000001
19.0999999
26.5
27.2
29.3
27.3
24.7
25.7
20.6999996
14.7000003
7.0
4.70000010001
3.7
3.60000000001
3.60000000001
3.8
3.7
3.7
3.5
3.60000000001
3.7
3.60000000001
4.5
15.6999998
15.2000003
26.0
26.9
24.1
25.6
23.1
21.6
22.0
18.6999998
12.4000001
9.3000002
6.0
4.60000000001
6.3999999
3.8
3.9
3.8999999
3.8
3.7
3.8
3.8999999
3.60000000001
4.9
16.0999999
15.0
24.5
28.8
25.2
24.5
22.3
20.0999998
19.1000004
18.5
14.4000001
10.2000003
6.70000010001
4.0
4.0999999
4.0
4.29999989999
3.6
4.1999998
4.0999999
4.0
4.0
3.9
5.0999999
16.6999998
16.0999994
21.8
24.3
22.6
22.0
19.6
17.3000002
17.1000004
18.6999998
16.4000001
7.5
4.8999999
3.9
3.39999999999
3.3
3.5
3.3
3.3
3.3
3.3
3.39999999999
3.39999999999
3.39999999999
3.39999999999
3.39999999999
3.39999999999
4.4000001
5.1999998
4.7
3.3
3.39999999999
3.2
3.3
3.39999999999
3.39999999999
3.39999999999
3.39999999999
3.3
3.3
3.39999999999
3.2
3.2
3.3
3.2
3.2
3.2
3.2
3.39999999999
3.39999999999
3.4
3.2
3.2
3.3
3.3
3.3
3.39999999999
3.3
3.3
3.2
3.39999999999
3.3
3.3
3.3
3.39999999999
3.4
3.2
3.2
3.2
3.3
3.2
3.2
3.60000000001
7.8999998
17.2999997
22.8
26.8
24.5
21.7
20.4
19.4000002
17.0999999
8.40000009999
5.39999999999
4.5
5.29999989999
4.89999999999
4.2
4.5
3.8999999
3.60000000001
3.8
3.7
3.7
3.5
4.60000000001
15.8000002
16.4999995
20.9000002
31.600001
30.8
28.2
26.8
22.4
20.8000002
19.2000008
18.4000002
10.7000003
6.5999999
4.39999999999
4.5
4.5
4.1999998
3.9999999
4.29999989999
4.1999998
4.1999998
4.0
4.1999998
5.0999999
15.5
13.8000002
19.2999996
29.0
28.9
31.299999
28.7
24.1
23.8
21.3
15.0
9.5
5.7
3.9
4.0999999
3.9999999
3.9
3.6
3.9
4.0
3.8
3.9
3.8
4.6
16.0
15.5999999
22.2
26.0
28.4
29.0
25.2
22.6
20.7
18.8999996
15.5999999
13.8999996
5.8
3.9999999
3.5
3.4
3.3
3.2
3.39999999999
3.2
3.39999999999
3.3
3.3
4.1999999
15.1000004
16.0999994
18.4000002
22.8
28.1
25.0
25.1
22.7
21.9
19.3999996
15.8999996
8.0
3.8
3.2
3.3
3.3
3.2
3.1
3.2
3.2
3.2
3.1
3.2
3.1
3.5
3.39999999999
3.2
3.9
5.3
4.3
3.3
3.1
3.2
3.2
3.3
3.2
3.2
3.2
3.3
3.4
3.2
3.2
3.2
3.2
3.0
3.2
3.1
3.3
3.7
3.60000000001
3.3
3.1
3.5
3.8
3.2
3.2
3.2
3.2
3.39999999999
3.3
3.2
3.3
3.3
3.4
3.2
3.3
3.2
3.2
3.0
3.3
3.2
4.3
16.0
15.2000003
22.2000002
32.4
31.7
34.700001
28.4
27.0
24.7
22.0
17.4000006
10.5999999
5.10000000001
3.5
3.60000000001
3.6
3.5
3.79999989999
3.5
3.39999999999
3.39999999999
3.39999999999
3.39999999999
4.29999989999
15.3999996
15.2000003
19.7000004
27.1
26.9
27.8
25.6
25.7
23.0
19.8000002
16.3000002
9.1999998
6.79999989999
5.0999999
4.5
4.5
4.29999989999
5.0
4.1999998
4.1999998
4.0999999
4.0999999
4.0
5.0999999
15.3000002
18.4000006
25.9
31.5
27.4
25.8
25.0
24.2
23.5
22.5
18.5
13.3000002
7.20000010001
6.0999999
6.1999998
6.1999998
6.0
4.70000010001
6.0
5.9000001
6.0
5.9000001
5.9000001
6.9000001
17.6999998
15.0
19.6000004
22.2
25.6
26.8
24.1
22.2
22.3
18.7
15.1999998
9.40000009999
4.70000010001
3.9
3.9
3.9
3.7
3.3
3.7
3.7
3.60000000001
3.60000000001
3.5
4.39999999999
15.4000001
13.0999999
18.0
22.2
22.8
22.6
22.7
20.7
19.4000002
16.0
10.0
5.20000010001
3.9
3.3
3.39999999999
3.3
3.0
3.0
3.1
3.0
3.0
3.0
3.0
3.0
3.3
3.3
3.0
3.5
3.9
3.9
3.1
3.0
3.0
3.1
3.2
3.2
3.1
3.3
3.39999999999
3.39999999999
3.0
3.0
3.1
3.0
3.0
3.0
3.0
3.1
3.39999999999
3.39999999999
3.0
3.0
3.0
3.1
3.0
3.0
3.3
3.5
3.2
3.2
3.1
3.39999999999
3.3
3.39999999999
3.0
3.0
3.0
3.0
3.0
3.0
3.0
4.1999999
14.7000003
16.6000004
25.2
27.8
28.9
29.5
23.3
19.7000004
19.2000008
16.9000006
13.8000002
8.39999960001
4.5
3.60000000001
3.7
3.60000000001
3.5
3.5
3.3
3.39999999999
3.3
3.2
3.3
4.39999999999
15.0
16.5000005
25.9
21.9
27.0
25.1
22.8
19.6000004
18.8999996
18.1000004
18.0
10.0
3.7
3.8
3.8
3.7
3.5
3.5
3.39999999999
3.39999999999
3.39999999999
3.3
3.39999999999
4.5
14.4000001
15.8000002
25.7
27.0
26.4
27.3
24.3
20.5
19.8000002
18.8000002
17.0
11.6000004
6.10000000001
4.1
4.0
3.8
3.7
3.8
3.7
3.5
3.60000000001
3.5
3.60000000001
4.60000000001
14.9000001
15.3000002
22.7
25.0
24.9
24.1
21.6
18.5
18.1999998
15.6999998
13.0999999
7.3999998
4.89999999999
4.0999999
4.1999998
4.1999998
3.9
3.6
4.0
3.9
3.8
3.8
3.9
4.9999999
15.4000001
17.0000005
21.1
24.7
24.9
25.5
22.8
18.7999992
19.5
18.5
13.0999999
7.0
3.9999999
3.60000000001
3.7
3.7
3.5
3.39999999999
3.39999999999
3.39999999999
3.3
3.39999999999
3.39999999999
3.3
3.9
3.8
3.6
7.3000002
7.0
6.0999999
4.29999989999
4.2
3.3
3.39999999999
3.60000000001
3.39999999999
4.29999989999
3.60000000001
3.60000000001
3.7
3.39999999999
3.3
3.39999999999
3.39999999999
3.39999999999
3.39999999999
3.3
3.39999999999
3.8
3.8
3.3
3.39999999999
3.3
3.3
3.39999999999
3.39999999999
3.5
3.60000000001
3.60000000001
3.3
3.39999999999
3.7
3.60000000001
3.60000000001
3.39999999999
3.6999999
3.39999999999
3.3
3.3
3.3
3.2
4.39999999999
15.5999999
17.3000002
27.6
30.2
30.4
31.4
31.2
25.6
24.7
23.5
19.0999996
12.1000004
5.70000010001
6.7
4.7
4.39999999999
4.0999999
3.9999999
4.1999998
4.0999999
4.0999999
4.1999998
4.0999999
5.0999999
16.1999998
19.0
31.0
34.800001
33.8
32.400002
28.2
25.7
27.0
24.7
20.6000002
10.6999998
5.2
4.0999999
4.0
4.0999999
3.8
3.5
3.8
3.8
3.60000000001
3.8
3.7
5.10000000001
16.5999999
18.3999996
29.8
34.2
29.3
30.2
28.5
25.6
24.0
22.2
19.8000004
12.1000004
6.0
5.5
3.9
3.7
3.39999999999
3.6
3.5
3.39999999999
3.39999999999
3.39999999999
3.39999999999
4.6999999
15.8999996
16.8000002
27.7
31.2
31.700001
32.700001
27.7
24.0
23.9
20.3000004
17.5999994
10.5
4.6999998
4.39999999999
4.29999989999
4.29999989999
4.0999999
3.8
4.29999989999
4.0
4.0
4.0
3.9
5.2
15.1999998
16.8000002
29.0
30.8
27.9
31.3
29.2
22.6
22.3
19.7999998
15.4999995
8.5999999
4.60000000001
4.3
3.9
3.9
3.8
3.60000000001
3.8
3.5
3.5
3.5
3.60000000001
3.7
4.0999999
4.0
4.0
7.8999998
8.5999999
7.29999989999
3.7
3.7
3.60000000001
3.8
3.7
3.8
3.8
4.0
4.0
4.0
3.7
3.7
3.7
3.60000000001
3.7
3.7
3.7
3.7
4.0999999
4.0
3.7
3.60000000001
3.60000000001
3.8
3.60000000001
3.7
6.79999989999
4.4
5.39999999999
5.1999998
5.29999989999
4.7
3.9
3.9
3.39999999999
3.8
3.60000000001
3.60000000001
3.60000000001
3.60000000001
3.5
4.8
16.5999999
18.1000004
30.799999
35.899999
33.700001
30.3
28.5
24.2
22.6
23.8
20.6
11.1999998
6.1999998
4.6000001
4.29999989999
4.29999989999
4.0999999
3.7
4.0999999
4.0
4.0
4.1999998
4.0999999
5.4000001
18.8
21.2000002
29.400001
31.6
30.3
27.0
25.5
23.3
25.8
23.0
19.1999998
10.9000001
4.1
3.9
3.8
3.8
3.5
3.60000000001
3.5
3.60000000001
3.39999999999
3.5
3.39999999999
4.4
18.0000002
20.5000002
24.9
29.2
28.8
27.2
25.4
22.0
22.5
20.6999998
17.6000004
12.1999998
12.0999999
10.3000002
9.70000010001
4.0999999
3.7
3.5
3.60000000001
3.60000000001
3.60000000001
3.8
3.5
5.20000010001
17.7000001
20.2000002
27.5
30.7
23.9
25.6
22.6
20.7
23.4
20.7000002
16.5
9.4000001
4.5
3.7
3.8
3.7
3.5
3.3
3.5
3.39999999999
3.39999999999
3.39999999999
3.39999999999
4.6000001
16.3000002
18.3999998
28.1
31.5
31.2
29.4
27.1
25.4
23.9
21.9
16.0
8.6000001
4.20000010001
4.3999999
3.8
3.60000000001
3.39999999999
3.2
3.39999999999
3.2
3.3
3.2
3.3
3.3
3.7
3.60000000001
3.39999999999
6.3999999
7.7
6.8
3.1
3.1
3.1
3.0
3.2
3.2
3.3
3.3
3.5
3.39999999999
3.2
3.1
3.0
3.0
3.1
3.0
3.0
3.2
3.60000000001
3.5
3.0
3.0
3.0
3.1
3.1
3.0
3.1
3.2
3.1
3.1
3.3
3.39999999999
3.39999999999
3.39999999999
3.0
3.6
3.1
3.0
3.0
3.0
3.0
4.2
16.5
19.6
30.499999
35.299999
32.800001
32.0
29.2
27.4
23.8
19.1000004
18.0
19.5999996
19.0
7.8
4.1999998
4.29999989999
3.9999999
3.7
3.8
3.7
3.8
3.7
3.60000000001
5.2
17.6000004
17.6000004
29.0
30.0
26.9
24.8
24.2
25.3
25.8
22.5
20.0000002
17.1000004
14.8000002
6.2999997
4.0
3.9
3.8
3.7
3.8
3.8
3.7
3.7
3.60000000001
5.7
18.4000006
18.8999996
33.200001
36.300001
33.800001
34.7
35.1
29.6
30.3
25.7
20.4999998
17.0
12.0
5.3
4.60000000001
3.7
3.60000000001
3.5
3.60000000001
3.60000000001
3.60000000001
3.5
3.5
5.2
15.3000002
17.7999992
30.800001
33.4
32.200001
32.8
28.9
28.5
25.8
22.8
14.7999997
10.4000001
6.3999999
5.29999989999
4.4000001
3.7
3.39999999999
3.3
3.60000000001
3.5
3.60000000001
3.5
3.5
5.2
16.6999998
20.2999998
28.2
33.800001
31.1
33.700001
28.9
25.9
24.9
22.6
14.6999998
5.0999999
3.8
3.39999999999
3.39999999999
3.2
3.0
3.1
3.2
3.0
3.0
3.1
3.1
3.3
3.39999999999
3.3
3.1
3.0
3.0
3.0
3.1
3.0
3.0
3.0
3.3
3.1
3.3
3.3
3.3
3.1
3.0
3.0
3.0
3.0
3.0
3.0
3.0
3.3
3.5
3.3
3.0
3.1
3.3
3.3
2.9
2.9
3.1
3.0
3.2
3.0
3.39999999999
3.5
3.2
3.1
3.0
3.0
3.0
2.9
3.0
3.1
3.0
3.3
3.39999999999
3.3
3.2
3.9
4.9
4.5
5.1000001
6.0999999
6.0
6.0
6.3
6.20000010001
4.8000002
4.0999999
3.3
3.1
3.0
3.0
3.0
3.0
3.0
3.0
3.0
3.2
3.5
3.39999999999
3.2
4.0
4.9000001
4.6000001
4.3999999
4.0
4.1
4.0999999
7.20000010001
8.39999960001
5.1000001
3.3
3.3
3.1
3.0
3.0
3.1
3.0
3.0
2.9
2.8
3.3
3.3
3.3
3.9000001
10.0
10.0
9.0999999
7.0
5.6000001
3.8
3.1
3.1
4.89999999999
4.4000001
3.8
3.3
3.1
3.0
3.0
3.0
2.9
3.0
3.0
3.0
3.2
3.2
3.2
3.5
9.0999999
9.90000009999
10.5
10.1999998
8.3000002
5.29999989999
4.1
4.3
3.8
5.1999998
3.6999999
3.2
3.1
3.0
2.9
3.0
3.0
3.0
2.9
3.0
3.2
3.3
3.2
3.0
8.0999999
11.5999999
9.8000002
9.59999990001
9.1999998
8.3999999
6.79999989999
6.3
6.39999999999
5.1000001
3.7
3.3
3.2
3.0
3.1
3.0
3.0
3.0
3.0
3.1
3.3
3.2
3.2
3.0
3.2
3.0
3.1
3.1
3.1
3.2
3.1
3.2
3.0
3.1
3.39999999999
3.39999999999
3.1
3.0
3.1
3.0
3.0
3.0
3.0
3.2
3.3
3.2
3.2
3.0
3.0
3.0
3.0
3.1
3.1
3.1
3.0
3.1
3.1
3.1
3.39999999999
3.39999999999
3.2
3.2
3.0
3.2
3.1
3.0
3.0
3.0
3.3
4.2
15.3000002
20.4999998
28.9
35.299999
34.8
34.0
30.6
27.2
26.6
23.6
22.8
15.0999999
4.6999998
3.8
3.5
3.39999999999
3.5
3.6
3.39999999999
3.39999999999
3.39999999999
3.3
3.5
4.39999999999
18.1000001
21.1
31.4
35.5
34.8
32.4
34.599998
31.4
29.5
28.8
27.2
20.7000002
4.79999989999
4.1999998
4.0999999
3.8
3.8
3.8
3.8
3.8
3.60000000001
3.7
3.9
5.3
16.5999994
17.4000006
30.099999
33.4
35.4
35.399999
36.5
33.1
32.5
28.2
22.3
13.9000001
4.70000010001
4.0
3.9
3.60000000001
3.60000000001
3.5
3.60000000001
3.60000000001
3.60000000001
3.39999999999
3.8
5.4
16.0000005
19.6000002
29.9
34.0
32.700001
32.3
32.0
29.8
31.5
28.9
26.2
15.7000002
4.4000001
3.9
3.7
3.60000000001
3.60000000001
1.81103448276
0.022068965518
0.022068965518
0.022068965518
0.022068965518
0.0220689655107
0.022068965518
0.022068965518
0.022068965518
0.022068965518
0.022068965518
0.022068965518
0.022068965518
0.022068965518
0.022068965518
0.0220689655107
0.022068965518
0.022068965518
0.022068965518
0.022068965518
0.022068965518
0.022068965518
0.022068965518
0.022068965518
2.795
2.89
2.83
2.66
2.5725
2.53
2.5725
2.71
2.5925
2.69
4.435
5.1125
4.595
3.5325
3.66
3.545
3.295
3.2625
3.2475
3.255
3.2375
3.275
3.1625
3.15
3.22
3.1425
3.14
3.0675
3.0775
3.135
3.1125
3.2575
3.2125
3.06
3.0275
2.955
2.9
2.8825
2.7675
2.895
2.9275
2.92
3.0625
3.0725
3.09
3.1375
3.27
3.325
1.81103448277
1.61103448275
3.1
3.1
3.2
3.3
4.7
17.4000006
19.1000004
28.4
33.100001
31.4
33.800001
33.399999
31.0
29.8
29.9
27.4
11.4000001
4.8999999
5.70000010001
4.89999999999
4.0
3.60000000001
3.60000000001
3.60000000001
3.5
3.60000000001
3.5
3.8
5.0
15.0999999
18.6999998
29.9
35.200001
33.699999
35.099998
32.1
31.0
28.7
25.4
23.7
14.8999996
4.3
3.9999999
3.8
3.60000000001
3.60000000001
3.60000000001
3.7
3.60000000001
3.60000000001
3.60000000001
3.8
5.1
16.1000004
18.8999998
30.199999
32.0
32.199999
29.1
26.7
27.1
26.8
26.1
23.2
16.2999997
8.4000001
5.9000001
6.20000010001
3.9999999
3.8
3.7
3.8
3.8
3.7
3.9999999
3.7
5.3
16.4000001
19.5
24.0
35.0
35.099998
34.599998
32.199999
29.5
27.8
25.4
26.5
16.7999998
4.60000000001
3.9999999
3.9
3.7
3.60000000001
3.4
3.60000000001
3.60000000001
3.5
3.60000000001
3.5
5.4
13.8000002
17.5999994
29.699999
33.200001
28.3
29.9
33.200001
31.1
31.0
25.6
20.8999998
10.8000002
4.0999999
3.7
3.39999999999
3.3
3.1
3.1
3.2
3.0
3.1
3.1
3.0
3.3
3.3
3.2
3.4
5.5
3.0
3.0
3.1
3.0
3.0
3.1
3.2
3.39999999999
3.2
3.39999999999
3.3
3.2
3.0
3.1
3.0
3.1
3.0
3.1
3.0
3.1
3.3
3.2
3.0
3.0
3.1
3.0
3.4
3.4
3.0
3.1
3.1
3.2
3.2
3.3
3.2
3.3
3.0
3.3
3.0
3.1
3.0
3.0
3.0
4.6999999
18.2000001
20.1000002
31.0
35.9
35.200001
33.0
31.4
28.0
28.1
27.7
24.5
12.4000001
5.0
4.0
4.0999999
3.9
3.8
3.8
3.8
3.60000000001
3.8
3.60000000001
3.7
4.8999999
17.3999996
21.1
31.200001
28.145
36.1
25.3
22.8625
32.2
29.2
28.2
24.4
16.8
6.0
5.0999999
4.0999999
4.0999999
3.8
3.8
3.9
3.8
3.8
3.9
3.8
5.3
16.3000002
18.9000004
22.8
32.7
29.5
32.2
35.5
31.4
30.7
27.0
24.7
13.3000002
5.3
4.2
4.0
3.8
3.60000000001
3.6
3.60000000001
3.7
3.60000000001
3.60000000001
3.60000000001
4.70000010001
16.4000001
19.7000004
31.299999
33.600001
35.200001
34.5
33.6
31.0
29.7
27.2
24.7
15.1000004
4.80000009999
3.7
3.79999999999
3.59999999999
3.39999999999
3.59999999999
3.5
3.39999999999
3.5
3.39999999999
3.5
5.0
14.3999996
16.7999997
28.8
27.6525
32.499999
31.1
28.5
25.5
25.8
25.2
22.4
12.1000004
4.7
4.09999990001
4.2999999
3.89999999999
3.89999999999
3.89999999999
4.0
3.79999999999
3.79999999999
3.89999999999
3.79999999999
4.0
4.0
3.89999999999
4.2
9.40000009999
10.1999998
6.8
5.5
10.2999997
7.3
4.09999999999
3.89999999999
4.19999980001
4.09999990001
4.0
4.0
4.0
3.89999999999
4.89999999999
3.79999999999
3.79999999999
3.7
3.79999999999
3.79999999999
4.0
4.09999990001
3.89999999999
3.7
3.79999999999
3.2
3.0
3.0
3.10000000001
3.10000000001
3.0
3.2
3.39999999999
3.20000000001
3.3
3.39999999999
3.2
3.90000009999
3.7
3.0
3.10000000001
3.0
5.0
3.20000000001
9.5
20.5
19.5
25.7000004
33.200001
34.799999
31.799999
31.000001
26.3
27.4
26.9
25.7
16.3999996
5.89999990001
4.2999999
4.09999990001
3.9999999
3.7
3.59999999999
3.79999999999
3.7
3.7
3.7
3.79999999999
7.2999997
16.2000003
17.5
29.100001
30.825
33.199999
33.5
36.199999
35.5
35.700001
28.4
22.6
15.6999999
4.80000009999
3.60000000001
3.60000000001
3.5
3.39999999999
3.5
3.3
3.3
3.3
3.3
3.3
5.39999999999
18.5
19.5999998
29.4
30.5825
31.195
32.0725
34.800001
31.5
27.0
25.1
22.0
15.4999995
9.4999998
6.2999999
4.2
3.7
3.7
3.5
3.7
3.60000000001
3.5
3.5
3.60000000001
4.2000001
17.3999996
19.3000004
26.9
35.700001
31.599999
30.8
30.7
27.9
26.8
26.8
24.7
15.1999998
5.8
3.79999999999
3.60000000001
3.5
3.39999999999
3.39999999999
3.5
3.39999999999
3.39999999999
3.3
3.39999999999
4.60000009999
16.3999996
18.0999994
25.8999994
33.700001
33.6
32.000001
30.0
26.0
26.7
27.1
22.9
12.4000001
3.60000000001
3.5
3.60000000001
3.3
3.10000000001
3.10000000001
3.20000000001
3.3
3.10000000001
3.10000000001
3.20000000001
3.39999999999
3.3
3.40000000001
4.3
10.2000003
11.2000003
7.40000010001
3.3
3.20000000001
3.20000000001
3.3
3.3
3.39999999999
3.39999999999
3.5
3.5
3.3
3.10000000001
3.0
3.20000000001
3.20000000001
3.10000000001
3.0
3.20000000001
3.3
3.39999999999
3.3
3.20000000001
3.20000000001
3.20000000001
3.10000000001
3.10000000001
3.0
3.10000000001
3.20000000001
3.20000000001
3.39999999999
3.3
3.39999999999
3.39999999999
3.3
3.0
3.20000000001
3.10000000001
3.0
3.0
3.0
3.0
5.90000020001
19.1000004
19.9000004
31.6
28.895
36.5
36.100001
35.100001
33.1
31.6
29.3
22.9
14.2000003
4.40000009999
3.60000000001
3.7
3.60000000001
3.3
