97.5
96.7000010001
96.899997
96.799999
97.0999980001
114.799999
119.599998
159.0
225.6
241.6
276.2
293.30001
282.5
267.7
261.20002
251.50001
213.8
203.9
180.900001
131.299995
109.599998
108.5
104.599998
100.900002
100.700001
98.400002
97.900002
98.100003
98.700001
99.2999989999
99.5
146.099998
209.2
247.30001
276.80001
283.8
280.09999
266.5
259.2
252.79999
218.7
200.899997
183.0
137.199996
122.200001
122.599998
122.0
105.599998
102.299999
104.0
104.200001
104.0
104.899997
121.700001
124.199996
172.900002
225.0
262.1
277.90001
280.70002
275.30001
259.2
253.5
248.7
217.2
208.8
178.700005
134.299999
115.200001
114.100003
111.599998
105.200001
100.900002
102.099998
104.700001
103.799999
103.5
103.900002
103.900002
142.300003
217.5
262.6
296.89999
295.5
294.5
271.79998
264.69999
252.79999
224.9
205.299998
179.300003
139.400001
123.400002
114.5
108.5
105.0
97.700001
101.400002
100.299999
100.199996
100.900002
119.600003
119.800004
151.600002
219.3
245.9
264.79998
266.79998
276.90001
262.5
256.8
252.9
204.700003
183.200005
169.300003
120.5
105.799999
106.0
99.7999989999
96.2000010001
93.099998
93.099998
92.7999989999
92.2999989999
92.900002
94.1999959999
94.899997
94.0
94.600003
96.299999
114.0
117.600003
117.200001
116.5
111.899997
108.599998
100.0
100.200001
100.100003
99.700001
97.299999
97.0
96.200001
95.0
93.100003
91.599998
93.0
93.5
93.5999980001
94.5
93.299999
94.399997
94.200001
100.5
105.900002
106.0
108.0
109.299999
107.099998
107.700001
109.400002
113.600003
104.200001
96.899997
98.799999
96.900002
97.100003
96.5999980001
102.799999
93.899997
93.4000019999
93.599998
96.0
115.299999
117.200001
146.100002
222.7
256.99999
295.30001
246.825
242.545
285.0
272.60001
264.6
240.4
230.4
201.600003
152.599998
134.100006
124.699996
118.100003
113.599998
109.700001
108.200001
108.0
111.5
111.700001
112.400002
113.200001
158.0
231.7
273.80001
206.735
198.6975
207.2025
294.40001
273.3
253.79999
234.3
220.5
192.899998
139.600003
122.599998
119.200001
114.599998
112.900002
106.299999
108.5
109.0
108.0
108.200001
123.5
130.199997
175.100002
226.5
267.2
278.2
276.5
275.70002
264.9
252.1
247.9
219.0
210.4
183.800003
133.800003
118.199996
117.099998
115.0
109.299999
105.5
105.100003
106.799999
107.100003
107.299999
107.899997
108.700001
157.099998
224.4
266.3
276.90001
283.9
230.2775
280.10001
270.7
272.40001
232.3
213.3
185.200005
149.600006
140.0
120.5
112.900002
110.799999
101.800004
109.099998
109.0
110.799999
111.0
127.100003
134.400002
185.500002
233.6
262.9
279.10001
290.80001
286.60001
264.0
254.69999
245.6
197.3
192.199997
155.700005
115.300004
103.700001
101.5
100.599998
99.200001
97.899997
97.1999959999
97.099998
97.2999989999
99.7999989999
98.5
98.8000040001
99.5
100.700001
99.1999959999
103.200001
103.399997
110.600003
113.100003
110.0
104.799999
103.0
104.799999
106.299999
103.200001
103.0
99.399997
99.2999989999
98.7999989999
96.900002
96.8000040001
97.2000010001
97.5
98.2000010001
98.5
97.299999
97.6999959999
97.0
99.400002
107.700001
107.200001
107.5
107.199996
108.099998
107.700001
107.800004
112.400002
104.299999
99.099998
99.5
99.3000040001
99.8000040001
98.0
98.5
95.2999989999
95.0999980001
93.7000010001
94.5
106.200001
117.200001
159.599999
229.0
256.70001
284.30001
298.4
292.2
274.39999
264.19999
248.2
223.8
208.8
180.900001
134.5
119.399997
114.200001
108.600003
102.299999
101.300004
100.700001
101.400002
101.900002
103.5
100.899997
102.0
141.300004
211.2
260.39999
285.3
205.5225
298.69999
270.19999
264.29998
253.5
227.7
214.5
176.400002
133.600003
119.100003
116.600003
111.299999
106.5
101.099998
104.899997
105.199996
106.5
105.200001
107.200001
117.700001
173.500002
225.5
258.6
279.69999
278.5
274.89999
260.2
265.39999
247.4
226.1
211.6
182.400001
144.599998
131.5
122.600003
112.299999
103.900002
95.8000040001
98.099998
97.5999980001
97.7999989999
98.900002
98.6999959999
98.4000019999
150.399997
213.0
258.30001
285.39999
293.19999
284.10001
265.0
265.59999
257.19999
221.7
204.399998
171.100006
124.900001
111.0
104.200001
98.5
97.7000010001
94.200001
94.6999959999
94.799999
95.400002
95.400002
95.200001
110.0
175.400001
224.5
237.9
266.9
257.3
239.8
197.700003
167.299995
151.5
138.400001
107.200001
106.200001
107.299999
100.899997
99.700001
99.4000019999
98.099998
95.7000010001
94.899997
94.5
95.7000010001
95.200001
95.3000040001
95.400002
95.7999989999
95.5
96.399997
108.600003
112.900002
115.299999
115.099998
110.700001
102.0
103.599998
103.299999
105.099998
100.0
100.200001
100.299999
99.5
99.0
96.100003
97.900002
96.099998
97.100003
96.2000010001
95.4000019999
95.599998
96.799999
96.5
98.0
100.700001
101.599998
101.799999
102.799999
102.0
102.599998
103.400002
105.0
99.7000010001
99.6999959999
100.0
100.799999
100.200001
98.599998
91.4000019999
96.200001
95.4000019999
95.900002
95.9000019999
96.399997
99.299999
120.300004
154.699997
167.299995
167.299995
174.5
156.900002
121.100003
113.5
93.399997
87.1999959999
90.2999989999
89.899997
93.7000010001
92.900002
91.600003
91.1999959999
90.0
44.5122429184
1.8244898367
1.82448983681
1.8244898367
1.8244898367
1.82448983681
1.8244898367
1.8244898367
1.8244898367
1.82448983681
1.8244898367
1.8244898367
1.82448983681
1.8244898367
1.8244898367
1.82448983681
1.8244898367
1.8244898367
1.82448983681
1.8244898367
1.8244898367
1.8244898367
1.82448983681
1.8244898367
46.0122429183
45.3122469184
91.599998
90.5
89.600003
88.5
89.0
91.900002
127.800003
133.599998
128.200001
123.200001
105.300004
88.299999
87.599998
88.3000040001
88.5
91.399997
92.799999
94.9000019999
92.4000019999
92.7000010001
92.400002
91.6999959999
89.400002
89.6999959999
90.0
90.0
89.700001
89.900002
90.2999989999
90.0
90.099998
88.7999989999
88.200001
88.6999959999
88.6999959999
88.7000010001
88.5
88.899997
88.5999980001
89.799999
91.9000019999
92.599998
91.900002
91.5999980001
91.7000010001
91.400002
90.2999989999
90.0
89.399997
89.600003
90.099998
89.5
90.7999989999
90.900002
91.5
89.299999
87.6999959999
87.6999959999
94.3000040001
97.0999980001
96.600003
98.5
98.5
100.900002
101.100003
102.200001
96.8000040001
95.599998
95.299999
94.200001
91.1999959999
91.100003
89.799999
92.2999989999
91.1999959999
91.599998
91.899997
91.399997
91.799999
89.7999989999
89.0
88.5
88.5
89.0
88.5
90.2000010001
89.600003
92.5999980001
92.200001
92.299999
92.600003
93.5
93.399997
92.7999989999
96.7000010001
90.5
90.299999
91.5
91.0
90.7999989999
90.5999980001
90.0
92.2000010001
90.299999
88.899997
88.0
87.799999
96.399997
96.0
95.900002
97.2000010001
98.7000010001
101.200001
101.900002
102.799999
102.700001
102.900002
103.400002
102.0
102.599998
101.900002
101.099998
101.400002
101.200001
101.5
101.200001
101.900002
104.900002
105.200001
103.5
101.799999
99.700001
97.600003
98.200001
97.399997
100.699996
102.0
102.5
104.399997
103.399997
103.0
103.5
100.399997
101.200001
101.100003
100.700001
100.900002
102.099998
101.100003
100.899997
101.099998
100.200001
98.100003
98.900002
98.7999989999
100.899997
98.200001
98.0
100.900002
103.899997
104.5
105.299999
101.0
101.099998
101.800004
101.299999
99.5
100.0
99.599998
100.199996
100.600003
99.400002
99.2000010001
99.2000010001
99.2999989999
98.3000040001
97.2999989999
98.0
97.600003
96.0
95.9000019999
96.400002
97.099998
98.900002
100.799999
102.200001
103.900002
103.599998
102.300004
102.0
48.599998
97.100003
96.100003
97.599998
95.899997
96.700001
98.5
96.900002
97.0
96.299999
96.399997
94.699996
94.799999
94.399997
94.199996
95.099998
96.199996
98.299999
98.700001
99.5
98.599998
101.299999
100.5
98.0
92.599998
96.700001
96.700001
96.399997
95.5
94.700001
98.300004
112.099998
145.800003
153.699997
152.400001
136.799995
121.900002
114.0
108.300004
100.5
84.900002
85.799999
89.900002
88.899997
87.700001
88.600003
88.799999
87.5
90.399997
86.299999
85.199996
86.199996
85.899997
86.099998
86.5
86.699996
87.299999
86.400002
85.399997
92.200001
91.900002
95.700001
92.5
92.5
97.200001
98.300004
99.200001
96.600003
95.299999
96.300004
96.5
95.699996
93.399997
93.700001
93.5
93.900002
94.399997
95.100003
95.299999
94.5
94.900002
93.399997
91.599998
91.5
91.400002
91.299999
92.0
92.0
91.900002
94.799999
96.0
95.099998
95.900002
96.299999
96.600003
95.200001
85.200001
92.200001
92.099998
92.899997
92.099998
104.700001
110.200001
146.099999
223.4
263.99999
289.8
217.3375
285.89999
271.1
264.20002
248.3
218.4
200.100002
162.0
112.200001
98.5
94.299999
87.700001
80.699996
78.5
78.299999
77.099998
77.600003
78.600003
117.299999
127.100003
166.199997
227.5
256.2
284.3
290.80001
280.29998
256.6
246.5
235.6
188.100006
189.0
161.800004
111.899997
101.5
99.799999
96.900002
84.299999
75.699996
78.599998
78.0
79.5
79.599998
85.399997
97.200001
138.799999
199.7
253.1
276.80001
291.30001
272.2
254.4
260.0
252.1
211.8
188.5
163.599998
108.700001
89.700001
87.100003
86.299999
80.300004
73.0
74.199996
75.100003
75.400002
74.299999
73.599998
94.100003
137.099999
188.700005
254.50001
276.20002
262.6
268.19999
250.20001
226.8
226.0
202.999998
179.900002
152.900002
110.400002
92.600003
85.599998
79.600003
75.0
73.100003
70.299999
72.0
73.5
73.099998
82.599998
115.799999
158.5
203.3
244.8
263.5
278.80001
287.7
257.29999
253.1
252.7
206.1
171.900001
153.099998
102.699996
96.5
94.400002
87.299999
78.700001
74.600003
75.799999
75.799999
77.600003
77.899997
77.799999
77.599998
77.300004
78.299999
82.0
115.299999
113.199996
119.900002
106.600003
95.900002
86.5
81.099998
82.5
82.0
78.099998
77.799999
75.900002
77.399997
75.299999
73.299999
70.900002
73.900002
73.5
74.0
74.199996
74.0
78.699996
91.299999
93.799999
98.900002
100.799999
102.5
102.200001
92.0
97.700001
100.0
98.5
89.199996
78.099998
78.100003
79.0
79.299999
77.0
77.0
76.399997
75.0
77.600003
77.399997
108.700001
126.900001
166.299995
229.6
259.00001
273.59999
281.10001
287.0
275.7
256.99999
250.50001
208.8
186.100006
160.400002
113.5
100.5
94.200001
90.700001
84.100003
78.799999
80.699996
80.099998
80.5
79.599998
93.700001
106.799999
167.5
220.1
254.30001
270.80001
283.90001
289.1
269.6
234.2
228.3
188.600006
181.199997
168.599998
112.900002
102.700001
101.400002
93.799999
84.600003
80.400002
79.299999
80.299999
80.700001
80.200001
94.700001
111.0
174.400002
225.7
276.9
281.20002
267.0
265.8
246.1
243.1
230.0
197.899994
192.099998
162.699997
108.299999
93.700001
92.799999
89.399997
82.5
80.399997
87.700001
85.700001
77.400002
77.599998
75.5
79.299999
146.599999
217.8
262.5
271.79998
290.69999
280.79998
260.9
250.5
241.4
204.2
183.699997
160.400001
113.299999
94.100003
90.0
86.399997
80.900002
78.799999
79.399997
80.399997
78.799999
78.100003
89.900002
106.799999
166.400001
217.6
261.4
279.40001
278.5
273.5
254.3
232.6
225.0
177.0
168.300003
142.399998
94.600003
83.200001
90.700001
77.200001
79.799999
75.700001
82.900002
83.200001
82.700001
82.0
73.199996
71.800004
71.199996
82.199996
91.700001
110.599998
118.5
128.700001
118.100003
102.900002
87.900002
79.799999
77.0
75.5
72.599998
70.099998
71.299999
71.0
70.700001
72.099998
67.600003
68.300004
69.099998
68.799999
68.700001
69.799999
72.200001
87.5
88.0
94.900002
95.0
99.299999
95.600003
85.5
83.200001
92.400002
90.5
85.399997
76.0
77.0
77.200001
77.100003
77.799999
81.700001
77.400002
76.599998
76.699996
79.399997
119.0
128.799999
169.5
229.7
272.70002
248.2925
247.72
290.0
276.39999
253.89999
240.7
222.5
197.400002
178.099999
117.900002
102.700001
99.400002
93.900002
88.299999
81.399997
86.400002
86.5
86.0
86.799999
100.299999
131.0
176.899998
229.6
277.5
236.9875
292.80001
290.10001
290.7
265.59999
252.00001
212.2
190.300003
157.0
109.900002
101.600003
98.5
95.299999
82.0
80.0
76.200001
77.799999
78.0
78.299999
92.900002
125.999996
165.699997
220.6
261.89999
286.40001
286.70002
273.4
252.7
260.8
230.5
215.1
185.799995
157.200005
115.800004
100.599998
99.099998
95.400002
87.5
81.400002
83.600003
84.400002
84.399997
85.5
86.100003
91.799999
139.400002
214.5
254.80001
291.20002
256.905
255.43
281.5
266.3
249.59999
206.3
188.800004
168.699996
130.799999
102.800004
89.5
85.0
80.899997
75.600003
80.5
81.799999
90.5
90.599998
92.900002
105.799999
142.700001
207.199997
275.30001
292.4
248.7
294.2
270.8
242.4
233.3
190.800002
170.5
144.900001
99.200001
88.599998
87.700001
79.299999
76.5
71.600003
69.299999
73.100003
71.799999
71.700001
72.200001
74.400002
81.700001
93.200001
92.0
112.200001
114.900002
120.100003
102.699996
97.5
87.400002
79.399997
76.299999
78.599998
75.5
75.799999
74.5
73.799999
73.700001
71.0
75.0
71.400002
72.0
71.5
71.299999
71.0
71.0
72.400002
82.700001
99.0
99.799999
101.700001
101.199996
99.799999
101.0
105.0
95.300004
83.5
75.299999
74.5
75.100003
74.700001
75.400002
76.300004
71.5
71.5
72.0
71.900002
86.800004
119.600003
166.700005
233.2
257.4
270.19999
280.19999
276.0
255.7
238.1
234.1
202.7
180.899994
164.0
121.099998
102.399997
99.099998
91.700001
83.700001
81.299999
81.0
80.899997
82.200001
82.699996
93.899997
111.700001
164.5
226.3
254.4
274.89999
278.60001
268.1
249.6
233.6
225.7
188.299995
183.300003
168.900002
114.400002
104.599998
105.599998
97.599998
85.299999
79.299999
79.699996
80.699996
80.800004
81.800004
95.0
107.599998
171.699996
224.0
252.3
269.29998
269.5
272.09999
261.29999
246.5
228.6
203.100002
177.0
152.600006
114.700001
95.200001
92.700001
90.700001
82.300004
80.5
81.799999
77.5
78.200001
78.0
78.799999
93.5
148.000004
214.6
257.3
272.69999
282.0
268.69999
250.8
251.90001
242.1
212.8
191.199997
159.599998
112.600003
98.599998
88.5
84.099998
84.599998
75.799999
82.299999
80.0
82.100003
80.600003
81.700001
98.5
143.399997
204.800003
248.99999
275.20002
278.80001
267.69999
245.9
239.4
232.7
190.499998
175.099998
155.5
101.799999
86.400002
83.5
75.299999
74.800004
71.299999
70.200001
70.600003
70.599998
70.299999
70.700001
82.599998
89.400002
89.200001
97.100003
107.0
101.200001
114.400002
103.0
95.900002
86.400002
80.0
79.899997
78.899997
74.299999
75.600003
74.899997
74.099998
75.099998
77.399997
71.099998
71.099998
71.400002
70.700001
70.700001
71.799999
71.699996
73.099998
96.299999
98.800004
105.200001
105.599998
106.600003
105.700001
106.5
106.5
91.0
81.800004
75.0
74.300004
74.599998
73.599998
83.0
88.400002
86.200001
82.299999
82.799999
87.299999
108.0
122.900001
159.900001
221.0
255.9
290.80001
246.81
291.60001
273.7
272.6
245.9
210.4
192.599999
156.400002
116.799999
106.599998
99.099998
92.299999
91.0
87.599998
95.400002
94.400002
95.700001
95.200001
117.299999
142.900001
185.799998
225.2
260.79999
290.80001
286.7
280.90001
258.69999
256.3
242.8
198.500003
188.299995
168.100006
115.800004
104.299999
101.100003
96.5
89.100003
79.599998
79.599998
89.099998
90.200001
88.200001
98.5
128.099998
169.900001
227.5
262.90001
271.89999
277.69999
266.80001
250.2
242.5
225.0
198.4
188.700005
168.800003
107.799999
92.599998
88.600003
85.600003
80.0
77.5
82.5
76.799999
75.799999
75.700001
77.400002
95.0
140.899997
200.999997
245.6
270.10001
279.69999
286.60001
262.80001
254.9
236.3
206.800002
184.400002
157.599999
106.299999
93.799999
83.700001
80.700001
77.099998
74.5
75.799999
75.099998
75.599998
79.200001
86.700001
98.200001
146.100003
203.800003
257.00001
291.0
294.2
283.5
265.39999
248.1
238.8
196.7
163.0
130.0
97.700001
84.299999
81.799999
77.900002
75.600003
72.700001
71.899997
73.100003
72.0
71.799999
74.700001
83.0
89.700001
90.199996
93.400002
111.799999
117.299999
116.900002
113.199996
101.5
86.299999
77.400002
77.400002
77.5
73.599998
77.699996
75.899997
73.5
74.0
72.0
73.099998
82.700001
82.099998
82.199996
82.299999
83.599998
83.5
84.399997
97.299999
104.799999
102.0
99.900002
102.0
102.5
101.399997
101.599998
89.799999
82.799999
75.200001
74.599998
75.399997
75.0
74.700001
75.799999
72.099998
72.400002
72.899997
74.300004
105.900002
128.5
159.800004
218.8
246.9
281.0
280.3
272.90001
257.8
242.0
227.9
194.100006
178.399994
159.400001
116.799999
101.799999
94.5
89.899997
81.599998
78.299999
79.900002
80.0
80.300004
80.399997
98.0
124.099998
168.900002
222.2
249.0
279.5
285.80001
281.89999
258.8
243.4
227.7
206.499997
184.5
157.299995
115.099998
96.199996
92.700001
86.5
80.0
76.300004
75.0
76.399997
75.200001
76.600003
89.399997
115.600003
161.299995
212.5
242.4
266.90001
270.19999
270.89999
255.2
247.1
229.9
199.7
179.0
164.900002
113.599998
94.199996
90.599998
87.100003
79.0
76.799999
76.299999
76.199996
76.099998
77.0
89.099998
106.200001
164.599999
210.2
240.4
261.29998
276.2
276.70002
252.0
227.1
206.5
185.499997
165.199997
148.0
114.899997
100.0
87.899997
82.900002
78.5
72.400002
74.900002
75.200001
74.700001
76.400002
95.200001
117.600003
156.299995
212.9
251.9
269.7
262.59999
280.7
255.50001
230.7
224.9
172.800003
152.099998
134.800004
90.100003
83.899997
82.799999
76.099998
72.399997
66.700001
69.200001
69.099998
70.200001
66.5
66.900002
68.100003
69.099998
84.700001
88.099998
112.0
115.700001
109.700001
105.200001
92.799999
82.100003
71.400002
70.399997
71.700001
69.100003
68.900002
69.0
68.900002
67.5
65.700001
64.600003
65.200001
64.900002
64.799999
65.799999
65.200001
65.199996
64.799999
67.599998
92.899997
94.700001
94.700001
95.199996
94.200001
99.0
99.700001
86.799999
79.0
69.299999
69.200001
69.100003
69.0
70.699996
63.5
65.299999
65.399997
65.400002
64.900002
68.800004
85.400002
89.100003
87.700001
90.0
97.799999
98.400002
100.799999
100.5
100.400002
97.899997
79.900002
76.5
72.0
69.899997
70.599998
70.5
64.799999
64.400002
60.5
63.1
62.1
59.0
61.700001
61.1
74.900002
83.400002
83.299999
88.0
90.199996
94.5
95.600003
95.399997
87.200001
89.799999
80.599998
78.400002
73.0
66.100003
65.299999
63.599998
61.199999
60.399999
59.4
58.400002
58.899999
59.300001
58.699999
58.799999
72.0
79.5
80.5
89.0
92.299999
97.599998
98.200001
95.400002
80.299999
91.700001
81.900002
74.599998
78.200001
70.5
69.5
69.0
66.200001
63.300001
61.399999
60.5
60.0
60.5
60.4
60.300001
61.300001
73.899997
84.100003
93.0
97.700001
108.300004
114.399997
116.199996
118.299999
116.299999
102.200001
83.300004
73.900002
77.400002
75.700001
65.800002
63.0
62.5
64.799999
61.099998
61.599998
60.1
60.300001
61.199999
71.600003
80.799999
83.799999
98.200001
106.5
110.0
112.399997
110.0
107.199996
104.900002
101.099998
90.400002
68.799999
70.0
70.0
70.100003
69.099998
68.299999
61.899997
66.0
66.800004
66.700001
66.5
67.200001
74.099998
85.300004
81.5
81.599998
91.800004
91.399997
89.399997
75.399997
69.600003
66.700001
61.899999
64.0
61.4
62.5
62.700001
63.300001
63.399999
62.4
59.599998
59.200001
58.199999
58.799999
68.900002
69.0
70.0
69.900002
68.299999
80.0
82.299999
85.599998
86.0
86.799999
86.799999
91.199996
93.700001
79.799999
70.900002
65.100003
67.799999
68.0
66.0
65.199996
70.400002
62.700001
62.300001
62.599998
63.299999
92.5
100.799999
145.599999
210.9
235.9
266.29998
271.0
280.5
263.5
250.2
230.0
205.9
182.900001
152.400002
107.200001
95.0
92.299999
83.799999
82.799999
77.900002
79.900002
80.0
80.0
79.399997
79.0
96.0
147.900002
207.6
237.5
252.9
261.90001
255.5
241.9
221.5
214.9
182.799995
172.200005
138.099998
108.299999
90.900002
87.900002
83.299999
76.200001
73.0
74.599998
74.099998
73.100003
72.699996
72.600003
73.700001
135.200001
217.6
251.9
250.3
257.6
250.7
226.3
229.5
213.0
188.799995
171.5
145.399994
103.400002
84.200001
79.299999
76.5
73.700001
72.200001
71.200001
71.299999
70.599998
71.799999
70.599998
82.0
139.200005
206.1
246.1
268.5
277.8
263.3
230.7
219.0
201.9
190.300003
172.800003
144.400001
110.300004
89.300004
79.0
77.599998
75.099998
68.5
73.700001
73.0
73.0
74.0
73.700001
94.700001
148.0
202.199998
229.2
245.5
252.9
252.2
227.3
223.9
212.6
184.900002
162.800003
126.399997
88.299999
80.299999
74.700001
70.200001
67.599998
64.299999
64.799999
64.799999
64.400002
64.299999
65.799999
65.799999
67.0
82.799999
83.900002
97.800004
101.900002
100.600003
85.099998
77.099998
68.699996
64.899997
62.600001
64.600003
66.099998
66.399997
67.5
68.200001
67.600003
63.299999
65.400002
64.799999
64.900002
63.799999
63.6
63.100001
64.0
62.5
64.700001
80.799999
85.299999
88.799999
90.600003
87.300004
89.700001
92.300004
79.099998
72.0
66.799999
65.700001
66.0
65.700001
65.799999
32.036733653
1.47346930613
1.4734693061
1.47346930613
1.47346930613
1.4734693061
1.47346930613
1.4734693061
1.47346930613
1.47346930613
1.4734693061
1.47346930613
1.47346930613
1.4734693061
1.47346930613
1.4734693061
1.47346930613
1.47346930613
1.4734693061
1.47346930613
1.47346930613
1.4734693061
1.47346930613
1.47346930613
34.0367336531
37.1367366531
72.800004
73.0
73.0
73.099998
88.299999
141.0
184.0
232.0
253.5
255.5
258.0
226.7
228.5
209.4
170.200005
150.200005
131.400002
100.099998
88.799999
86.599998
79.400002
68.799999
68.299999
64.899997
64.900002
64.199996
64.199999
64.699996
84.399997
133.699996
176.099998
227.6
258.09999
261.69999
240.4
223.7
209.099997
206.7
183.200005
160.099998
133.599999
94.799999
83.899997
79.600003
77.399997
73.599998
68.200001
71.399997
73.599998
72.200001
71.0
70.5
88.299999
126.700001
180.699996
227.0
249.3
251.1
250.6
225.7
234.6
218.4
188.900002
176.199997
152.299995
107.799999
90.199996
82.0
74.600003
67.900002
67.100003
65.5
65.099998
66.100003
65.0
65.600003
67.200001
112.400002
174.099999
211.8
244.6
247.1
242.5
218.4
203.2
189.599999
160.899994
161.299995
126.900002
100.899997
88.5
83.199996
77.599998
74.100003
69.299999
69.900002
69.399997
69.799999
70.5
70.799999
69.699996
71.600003
87.0
91.399997
102.5
96.0
92.0
93.099998
86.299999
76.399997
72.900002
70.5
70.5
72.099998
74.599998
73.300004
73.900002
72.399997
68.899997
68.100003
67.899997
68.200001
68.100003
67.899997
68.700001
68.299999
70.200001
69.099998
73.899997
75.299999
97.400002
99.599998
99.299999
99.599998
98.399997
88.299999
84.5
75.299999
74.299999
73.600003
73.200001
72.400002
71.900002
69.200001
69.900002
70.200001
69.400002
69.5
96.700001
137.300003
185.699996
226.5
274.9
277.89999
260.89999
243.0
235.8
217.6
196.2
179.799995
148.800003
110.799999
99.100003
90.100003
84.399997
78.200001
74.599998
75.800004
74.700001
75.800004
77.5
77.600003
94.399997
139.600003
194.399994
217.9
251.5
247.7
237.2
213.1
203.9
207.1
181.700005
165.199996
146.5
118.300004
113.899997
101.700001
94.5
82.299999
74.099998
73.5
73.299999
74.0
73.700001
75.700001
76.200001
142.700001
214.6
243.0
245.9
262.9
251.2
230.7
227.1
212.2
189.200005
184.199996
147.400002
113.300004
92.5
90.200001
89.5
79.5
74.0
38.0
75.5
75.599998
75.299999
76.100003
76.100003
140.100003
207.2
229.4
235.9
243.2
248.3
233.9
215.9
214.4
190.200005
189.099999
161.0
120.700001
98.799999
87.699996
79.699996
78.200001
74.0
73.199996
73.599998
73.900002
74.399997
75.600003
97.300004
140.700005
196.799998
244.0
275.80001
278.1
276.89999
244.8
242.4
216.7
187.099998
168.5
146.099998
107.899997
95.700001
89.399997
79.600003
75.200001
72.900002
68.700001
68.599998
68.600003
68.5
69.0
70.899997
70.400002
86.0
88.799999
114.5
111.100003
108.099998
93.600003
90.399997
79.600003
74.299999
73.700001
71.700001
70.0
75.700001
76.0
76.799999
75.400002
66.0
66.299999
67.200001
66.100003
67.0
66.200001
66.300004
66.399997
65.599998
72.699996
94.300004
93.799999
95.5
91.400002
90.5
89.800004
89.099998
79.699996
72.600003
73.5
70.599998
69.599998
69.899997
69.900002
72.799999
66.099998
66.0
66.5
66.099998
73.299999
100.200001
138.799999
196.9
236.4
277.5
283.5
272.5
256.20001
241.9
219.3
207.599998
180.599999
157.5
113.599998
100.799999
92.5
88.700001
83.899997
76.0
78.5
76.900002
77.5
77.899997
77.599998
94.899997
133.600002
195.199997
242.1
258.59999
251.4
242.7
234.3
226.0
207.7
185.0
166.0
143.099998
101.299999
91.399997
83.599998
78.200001
75.299999
72.200001
67.599998
68.5
67.700001
68.5
68.299999
88.600003
130.500004
187.099998
228.1
256.49999
258.70002
252.5
221.5
225.8
206.7
186.200005
173.400001
145.700005
100.300004
85.400002
85.099998
84.699996
76.599998
71.099998
72.700001
72.400002
72.299999
71.799999
72.800004
75.299999
119.399997
183.099998
226.1
252.7
250.6
241.9
231.1
208.1
208.6
182.599998
169.199997
137.800004
105.0
90.799999
81.399997
78.5
73.200001
68.099998
69.899997
70.0
70.299999
70.899997
70.5
85.5
129.500004
181.599998
219.8
245.1
256.09999
245.1
219.0
208.1
205.6
155.599998
141.0
113.799999
87.599998
81.099998
78.5
72.099998
68.899997
65.700001
64.700001
64.4
64.400002
65.200001
65.400002
66.699996
66.599998
83.199996
96.0
105.900002
94.199996
96.0
96.400002
86.399997
75.399997
74.399997
74.599998
69.700001
70.699996
71.699996
70.5
71.400002
69.299999
65.400002
66.900002
67.0
65.399997
66.700001
66.599998
66.100003
65.599998
64.5
69.700001
87.799999
100.299999
98.0
98.299999
96.5
96.599998
98.200001
82.900002
75.099998
69.5
71.599998
70.699996
70.700001
70.0
69.799999
66.600003
66.200001
65.700001
66.200001
67.399997
99.5
137.799995
180.599999
231.8
273.5
271.79998
264.6
242.9
228.7
208.0
188.899994
177.300003
146.299995
110.0
91.299999
88.099998
81.5
76.799999
73.0
73.299999
72.700001
73.0
74.099998
73.199996
92.5
137.800003
179.800003
230.3
262.3
266.10001
251.8
232.9
228.9
210.7
187.599998
177.099999
138.099999
105.599998
100.199996
93.5
88.199996
82.0
71.799999
72.299999
72.5
72.299999
72.900002
73.200001
82.899997
139.199997
189.699997
221.8
237.2
254.29999
246.5
223.5
223.1
200.300002
178.200005
165.5
140.499996
101.100003
88.200001
85.399997
85.799999
77.399997
72.899997
73.600003
73.900002
73.300004
74.299999
74.799999
76.099998
143.300004
201.299998
224.7
230.9
237.2
242.4
211.6
212.8
205.9
180.099998
166.599998
139.599998
100.899997
96.399997
86.600003
78.799999
75.300004
68.700001
70.400002
69.800004
70.900002
72.599998
71.900002
72.700001
134.299999
189.400001
220.7
244.9
255.4
230.7
210.4
213.4
205.7
160.199997
143.0
119.199996
87.5
82.0
80.599998
75.0
70.0
66.700001
66.400002
65.700001
64.5
64.799999
65.899997
66.299999
66.100003
82.899997
81.300004
73.799999
81.400002
76.599998
77.599998
77.599998
76.299999
74.799999
72.600003
73.099998
69.799999
70.399997
70.599998
69.5
69.5
64.399997
65.600003
66.0
65.599998
63.999998
64.5
65.900002
71.400002
86.700001
99.200001
102.0
101.599998
101.900002
103.0
103.200001
84.699996
73.5
66.399997
67.200001
68.299999
69.5
67.700001
67.599998
66.200001
63.2
63.199999
62.699999
62.800001
64.9
84.0
102.600003
124.0
138.0
146.199997
153.099999
123.200001
105.799999
110.599998
98.200001
97.0
84.100003
84.700001
84.600003
82.799999
78.100003
72.799999
72.199996
68.799999
68.299999
69.299999
68.5
69.400002
68.800004
81.599998
110.600003
136.599999
147.600006
154.599999
141.599999
118.799999
109.5
94.800004
98.5
82.5
80.799999
83.100003
82.0
79.0
77.5
75.400002
72.100003
67.299999
69.099998
70.0
70.200001
69.099998
70.0
88.5
95.299999
128.000004
143.0
152.099999
142.0
121.799999
113.800004
98.700001
87.399997
78.299999
81.600003
76.200001
78.200001
77.900002
78.200001
71.799999
70.099998
63.799999
66.600003
66.600003
66.800004
67.399997
67.399997
80.299999
96.100003
121.099998
144.0
148.800003
143.099998
116.900002
103.799999
92.299999
88.799999
78.5
80.5
82.700001
81.0
73.299999
70.200001
65.200001
63.900002
61.3
61.1
61.199999
61.2
61.4
61.899999
73.399997
79.299999
76.600003
76.0
78.0
73.399997
63.299999
74.0
65.799999
68.999998
69.100003
64.100001
63.100001
64.599998
66.600003
66.900002
66.900002
65.200001
61.699999
61.0
61.6
61.799999
62.100001
62.399999
62.300001
79.0
77.700001
77.700001
79.799999
81.399997
67.099998
64.899997
64.599998
63.100001
63.699998
63.0
62.9
64.099998
66.100003
66.400002
67.0
65.400002
62.7
61.699999
61.8
61.300001
62.0
61.800001
61.699999
60.600001
61.3
67.5
79.0
78.599998
78.600003
78.799999
79.0
73.200001
64.0
65.5
64.5
63.999998
66.700001
66.899997
66.700001
65.200001
61.799999
61.9
61.399999
61.299999
62.1
62.9
78.099998
78.0
76.700001
77.0
78.900002
68.799999
67.5
73.900002
66.400002
66.0
64.100001
65.599998
64.900002
64.899997
67.299999
66.700001
67.200001
66.0
61.0
62.0
61.899999
62.600001
61.799999
62.4
70.599998
80.099998
84.700001
87.300004
89.200001
98.5
88.900002
80.0
77.900002
72.0
69.700001
69.799999
71.200001
69.099998
69.5
68.0
66.400002
63.2
60.799999
59.400002
59.7
59.0
59.300001
59.5
59.9
60.6
69.200001
80.0
85.0
83.900002
81.699996
79.900002
82.199996
79.200001
70.0
69.0
72.299999
72.400002
75.5
75.299999
66.200001
65.5
61.600001
61.300001
61.699999
61.200001
61.799999
61.199999
62.399999
61.700001
65.5
78.5
81.0
83.5
80.599998
75.600003
74.700001
69.800004
70.200001
70.400002
71.900002
71.799999
71.400002
69.799999
66.599998
64.5
60.5
60.2
60.5
60.200001
61.1
60.600001
60.600001
63.200001
70.400002
80.400002
83.399997
89.799999
87.400002
74.100003
70.299999
66.399997
64.900002
64.0
64.700001
64.200001
66.0
66.299999
65.900002
64.600001
60.2
61.9
61.6
61.5
61.299999
61.5
61.700001
60.300001
61.5
61.6
64.199996
63.799999
62.300001
64.200001
67.699996
67.099998
68.299999
66.199996
62.199999
62.5
64.099998
63.799999
64.400002
62.600001
59.299999
59.300001
59.1
59.0
59.199999
58.9
59.100001
58.400002
65.599998
69.5
72.200001
72.799999
72.899997
71.900002
68.099998
68.900002
67.299999
65.5
62.5
62.699999
64.299999
64.700001
64.900002
62.9
69.0
59.4
59.1
59.800001
59.5
68.299999
128.799999
181.400001
220.5
251.2
249.8
240.8
230.9
206.0
209.7
187.700005
165.799995
137.300004
104.899997
90.799999
91.200001
88.0
82.599998
81.0
76.699996
78.0
78.400002
77.700001
78.699996
89.700001
131.999996
176.5
202.299998
223.3
231.0
230.6
224.4
212.8
201.700002
170.200005
152.199997
141.0
114.599998
104.700001
103.700001
98.700001
85.900002
80.599998
74.400002
75.299999
75.299999
78.100003
74.599998
90.599998
130.0
174.5
192.0
225.0
229.2
222.4
215.1
215.5
209.1
184.099999
157.399994
131.400002
101.800004
88.100003
87.0
90.0
79.200001
76.900002
74.5
73.0
73.200001
73.100003
73.399997
73.899997
109.299999
168.199997
194.299995
224.0
237.9
242.8
228.6
216.0
211.6
181.0
155.400002
136.300003
109.0
91.399997
84.599998
82.299999
83.799999
80.599998
71.699996
74.599998
73.700001
73.0
73.799999
73.5
121.599998
176.599999
194.5
219.3
225.4
241.3
225.1
213.7
203.9
169.599999
146.799995
117.700001
94.100003
82.899997
80.900002
74.200001
73.0
70.799999
67.100003
67.599998
68.600003
67.5
67.600003
69.0
68.5
85.0
79.600003
82.299999
86.400002
92.599998
85.599998
82.399997
78.799999
77.400002
78.800004
75.400002
69.199996
70.5
71.0
72.199996
72.0
70.599998
67.700001
67.100003
66.700001
66.700001
67.400002
67.800004
66.299999
65.700001
72.799999
79.5
82.5
99.299999
98.700001
97.599998
95.799999
86.5
78.299999
71.100003
70.899997
70.200001
71.099998
72.600003
71.799999
69.599998
70.299999
67.0
67.0
67.399997
67.599998
81.299999
125.300003
169.400001
193.900002
236.5
227.2
229.0
213.4
207.099997
192.900001
170.5
149.5
132.800003
99.799999
88.0
87.0
82.899997
77.299999
74.200001
74.799999
72.5
72.299999
71.599998
72.700001
89.099998
121.100002
169.299995
186.799995
216.8
225.3
228.1
210.699998
203.7
199.399998
186.699996
164.5
140.800003
109.0
105.099998
107.200001
96.0
86.599998
78.700001
75.700001
76.299999
76.5
75.599998
75.799999
75.599998
119.099999
179.699996
191.5
225.4
226.4
226.3
217.5
213.9
201.999997
176.199997
156.700005
132.100002
100.599998
88.300004
87.5
90.399997
81.399997
76.300004
75.299999
74.100003
73.0
73.699996
73.599998
73.600003
116.799999
181.199996
193.599998
224.0
238.2
238.2
231.0
214.8
211.4
187.799995
157.699997
134.699996
105.400002
91.899997
85.299999
82.5
83.299999
78.400002
72.0
73.900002
74.599998
74.600003
74.899997
87.700001
123.200001
180.699997
204.6
237.3
240.3
241.5
219.5
205.8
201.800003
168.099998
150.299995
120.900001
91.900002
83.400002
81.699996
76.5
73.899997
71.599998
73.099998
69.300004
69.5
69.200001
68.899997
68.799999
69.799999
84.199996
75.5
89.699996
94.200001
95.599998
95.899997
92.5
83.800004
77.299999
79.200001
75.700001
73.5
71.799999
74.0
74.600003
74.900002
73.299999
70.399997
70.299999
70.100003
70.599998
70.5
70.400002
68.299999
68.400002
72.399997
79.799999
83.299999
100.200001
97.099998
87.5
93.100003
93.799999
86.099998
80.299999
71.100003
69.700001
71.099998
73.099998
73.700001
70.900002
71.800004
68.399997
68.5
69.200001
68.299999
87.299999
126.900002
172.400001
204.1
242.2
241.5
225.9
223.7
206.1
203.1
179.100006
161.0
138.400001
101.5
88.899997
86.299999
82.600003
77.5
75.0
74.0
72.5
72.200001
72.400002
72.699996
89.299999
133.399997
178.600006
209.6
242.8
250.6
262.40001
238.2
230.1
209.7
179.299995
167.099998
145.5
108.0
104.0
97.300004
91.5
81.0
75.200001
37.5329575021
0.0659150043502
0.0659150043502
0.065915004292
0.0659150043502
0.0659150043502
0.0659150043502
0.065915004292
0.0659150043502
0.0659150043502
0.0659150043502
0.065915004292
0.0659150043502
0.0659150043502
0.0659150043502
0.065915004292
0.0659150043502
0.0659150043502
0.0659150043502
0.0659150043502
0.065915004292
0.0659150043502
0.0659150043502
0.0659150043502
72.36
72.2075
72.635
72.595
72.37
72.08
85.425
124.19
159.5975
182.515
197.3525
199.9125
192.1925
182.3125
175.6275
159.22
141.155
128.52
114.105
98.175
88.085
81.4025
77.5775
74.63
70.93
70.195
69.8375
69.93
70.055
72.5225
87.5975
127.18
162.4
185.06
197.265
201.595
192.8025
179.28
171.1325
154.51
136.8075
118.405
100.0225
84.9625
78.1825
75.2825
72.8575
70.705
67.8125
66.1575
67.295
67.7025
68.0475
68.305
68.8075
72.725
77.475
83.2975
89.5825
91.9625
91.165
87.7875
83.6
78.1975
75.685
73.26
70.935
69.7525
70.0725
70.8275
71.2375
69.93
67.925
66.8325
66.25
65.8725
66.1575
65.9125
65.5425
65.205
68.4725
74.855
80.99
86.77
87.13
85.9525
84.645
83.7525
83.54
78.6625
72.735
69.89
69.51
70.095
70.0175
69.0
68.9
65.625
64.645
64.8025
64.8175
70.645
93.305
118.915
145.7
168.93
181.2525
180.03
173.5275
165.165
159.4825
147.28
132.17
116.5175
104.455
90.545
83.5175
80.425
77.255
74.0725
72.0675
71.2325
71.2925
70.7375
70.5975
74.7825
93.975
123.88
160.67
184.9475
193.125
192.975
186.86
177.0625
166.315
153.2075
137.44
124.3775
112.225
98.925
93.095
88.3825
81.365
75.155
71.2
67.9825
67.535
67.38
67.08
68.645
84.385
115.82
143.2175
172.745
181.48
184.095
175.5975
167.2825
161.2875
148.4175
136.2525
124.83
106.08
88.9475
81.2575
79.575
76.01
72.3575
71.9325
71.9275
72.21
71.855
71.655
71.445
85.3225
116.9925
146.76
171.83
184.6375
187.9175
178.285
169.77
162.22
149.825
134.1375
120.8975
110.685
97.2825
88.0
81.165
77.245
74.1275
70.865
70.1675
70.09
69.5925
69.2975
72.16
87.245
120.6
150.4075
173.1125
186.41
189.64
180.4925
170.48
163.6725
148.685
126.52
113.6175
98.1325
83.6475
76.725
73.965
72.0675
69.8925
66.8975
65.2725
67.055
67.7625
67.56
67.115
67.2
70.3375
75.1625
81.59
87.945
90.45
89.75
86.3875
81.7875
76.7575
74.655
72.82
70.8075
69.9875
70.765
71.5775
72.0875
70.79
68.9175
68.0075
67.77
67.3125
67.3725
67.125
66.435
66.2325
69.695
75.7325
81.4475
86.1625
85.7725
84.61
83.685
83.375
82.63
77.395
71.77
69.0475
69.1575
69.8825
70.36
69.2225
69.0575
65.8625
64.7325
64.15
63.945
69.115
91.6375
107.9
131.9875
158.405
172.2
174.3925
169.75
161.8475
155.49
142.4175
127.295
112.2775
102.04
89.365
83.0025
79.95
77.15
74.065
72.0925
71.6175
71.7025
71.4325
71.3825
75.675
95.31
131.8825
157.8
176.4375
182.73
184.7275
181.1025
172.7275
164.06
149.095
135.1425
123.0325
110.695
98.345
93.32
88.95
81.8375
75.9575
72.58
69.385
68.8425
68.745
68.9425
70.17
86.045
124.09
149.6525
169.67
177.51
173.5575
166.35
159.0075
152.17
138.635
124.345
110.4675
98.83
85.4225
79.025
78.2525
75.49
72.315
72.305
72.2125
72.1975
71.7125
71.4125
70.89
85.37
121.285
158.375
184.0075
197.8975
203.5425
197.51
188.9925
182.715
165.9875
149.5775
139.72
114.3275
96.7675
88.1025
81.2975
77.545
74.345
71.14
70.5225
70.28
70.1875
69.8975
72.5225
88.025
123.31
149.995
170.225
183.86
183.8
169.5725
161.9125
156.3225
140.615
123.73
112.3375
96.75
83.535
77.14
74.0475
72.1625
69.62
66.045
64.0175
66.39
67.3975
67.4675
66.9775
66.93
70.1275
74.705
81.6325
87.39
89.5175
89.6275
86.66
82.3225
76.9175
75.0925
72.995
71.23
70.2375
70.63
71.595
72.3
71.1525
69.82
68.935
68.605
68.2675
68.5
68.0625
67.6925
67.285
70.35
76.405
81.37
87.1575
87.0625
86.2325
85.5925
85.1325
83.9
79.11
73.4175
70.8175
70.6
71.3275
71.7825
70.3675
70.7025
67.6425
66.5
66.4075
66.365
71.13
93.225
126.5725
152.27
176.1
184.5775
190.9675
183.56
170.18
167.3275
153.42
140.05
125.5125
104.62
89.215
83.3675
80.6175
78.1075
75.0725
73.34
72.7225
72.9125
72.8
72.91
76.5925
96.2425
137.13
165.6225
186.0125
191.59
191.885
186.27
178.93
178.13
157.605
150.11
131.4125
111.245
97.9025
93.2025
89.135
81.95
75.9275
72.9175
70.11
69.6075
69.2925
69.0175
69.9975
86.465
128.905
152.06
165.14
173.13
178.385
168.245
159.465
152.76
140.7825
128.44
114.805
100.6675
87.3375
80.9125
79.575
76.2475
72.9125
72.4075
72.775
72.915
72.51
72.1825
71.2875
86.3325
115.8825
144.9925
165.2325
177.3675
178.665
170.5075
162.0875
155.94
144.0025
131.1975
119.49
106.7575
94.9125
87.0575
80.605
76.7075
73.4425
70.3975
69.42
68.905
68.745
68.3425
71.03
87.045
110.595
137.125
160.2225
170.805
169.8875
164.3375
160.455
155.585
139.385
123.0175
111.125
95.215
82.77
76.73
73.6525
71.9725
69.8
41.0329575022
37.4329595022
75.899997
76.400002
76.0
73.5
71.399997
72.800004
74.5
90.800004
88.900002
95.200001
93.799999
87.299999
89.200001
74.900002
74.0
73.699996
72.600003
70.900002
71.900002
73.400002
76.700001
76.0
76.900002
76.700001
75.900002
75.599998
75.299999
74.699996
73.5
74.599998
76.799999
78.099998
77.400002
79.799999
81.700001
85.299999
85.099998
86.5
86.399997
81.599998
73.599998
73.900002
73.700001
75.799999
77.100003
75.299999
75.199996
74.700001
75.5
75.5
76.400002
74.5
82.400002
80.899997
76.599998
76.5
73.700001
74.700001
74.900002
75.100003
73.700001
74.100003
73.600003
74.700001
75.400002
75.299999
73.699996
75.799999
79.199996
75.599998
70.200001
76.0
75.0
75.299999
75.199996
73.799999
74.200001
92.099998
87.400002
91.100003
94.099998
99.5
98.0
91.5
88.299999
77.799999
76.899997
77.5
77.200001
77.200001
74.0
83.700001
67.699996
63.899997
62.799999
62.799999
63.5
63.0
62.699999
61.5
62.5
64.300002
65.899999
78.799999
85.100003
82.400002
80.200001
71.299999
70.0
70.0
70.700001
74.200001
73.099998
72.200001
71.900002
73.599998
67.099998
64.0
64.399997
62.100001
62.3
61.599998
61.299999
59.699999
60.5
63.200001
73.5
81.0
89.0
90.799999
86.0
88.5
85.899997
81.599998
79.5
79.099998
76.700001
75.900002
74.600003
72.399997
68.700001
66.599998
67.0
64.5
64.0
64.5
64.200001
64.099998
63.9
67.800004
75.799999
83.900002
85.799999
84.899997
78.799999
77.399997
78.700001
82.5
95.599998
83.600003
77.700001
72.599998
70.200001
71.600003
72.200001
69.100003
68.100003
66.800004
66.799999
67.300004
67.0
66.099998
67.200001
84.200001
76.399997
77.199996
86.5
82.800004
83.800004
81.400002
78.400002
70.799999
70.900002
71.5
71.399997
70.399997
70.899997
72.299999
72.399997
70.099998
67.599998
68.200001
68.299999
67.599998
68.200001
67.900002
66.200001
66.600003
69.5
77.799999
77.700001
96.400002
81.800004
82.600003
80.800004
78.599998
77.800004
74.5
69.099998
69.600003
68.399997
69.799999
70.699996
68.599998
68.799999
66.399997
65.799999
66.300004
65.799999
66.700001
126.400001
169.900001
186.699996
216.2
220.4
221.5
211.0
202.3
201.8
181.400001
159.800003
131.899998
96.799999
83.5
78.399997
78.299999
76.5
72.400002
71.799999
70.5
71.200001
70.599998
71.900002
78.100003
134.299999
184.800004
211.6
235.7
237.1
237.2
225.3
214.1
210.5
182.900001
167.199996
145.899994
115.200001
97.799999
100.600003
92.700001
82.5
73.599998
71.599998
72.400002
72.799999
71.799999
72.0
71.0
121.200001
168.400001
183.099998
209.8
218.8
221.7
209.300003
198.899998
188.5
172.5
157.700005
130.700001
100.200001
89.299999
78.200001
80.200001
75.0
73.799999
71.600003
73.400002
71.599998
72.099998
71.5
69.299999
111.500004
176.600006
199.9
205.0
219.9
222.2
201.699998
197.599998
193.100006
176.0
155.199997
132.799999
102.799999
92.399997
86.099998
78.799999
77.400002
72.0
67.700001
68.600003
67.799999
67.700001
67.599998
76.400002
112.899997
164.799995
187.099998
209.2
207.1
205.3
196.499998
194.7
195.399994
167.599999
145.699997
116.800004
90.099998
80.5
78.099998
71.799999
71.100003
68.899997
66.5
66.600003
66.200001
66.800004
66.300004
65.400002
65.900002
66.700001
76.799999
88.100003
92.599998
95.200001
98.299999
93.100003
82.5
77.299999
77.799999
73.299999
69.600003
69.599998
68.799999
70.300004
71.400002
69.099998
67.0
67.100003
66.700001
66.0
66.899997
64.299999
64.700001
64.700001
72.799999
84.899997
89.5
104.599998
92.700001
90.200001
89.399997
86.299999
81.600003
75.700001
69.900002
69.099998
68.799999
71.199996
72.299999
68.800004
69.600003
67.0
67.299999
66.400002
66.599998
77.599998
116.300004
170.599999
181.599998
200.600003
202.0
209.0
200.099997
199.300003
200.700002
171.399994
150.100006
128.5
98.200001
82.300004
81.100003
77.599998
78.400002
73.700001
70.600003
71.0
70.700001
70.200001
70.300004
80.100003
109.100003
153.0
193.199998
205.6
210.2
210.7
203.1
195.099999
183.300003
153.900001
150.099998
126.099998
104.799999
94.300004
92.899997
85.300004
78.399997
72.900002
72.399997
67.099998
67.0
66.700001
67.799999
65.900002
101.699996
167.0
190.400001
206.9
210.8
213.5
207.2
206.4
193.400002
164.300003
151.599999
135.800004
102.0
89.900002
86.0
85.100003
82.5
79.400002
72.800004
76.799999
77.299999
76.900002
76.5
76.200001
112.5
155.700005
184.299995
199.3
209.9
213.3
207.7
198.200003
190.600006
165.299995
152.0
129.5
100.0
92.200001
87.200001
77.400002
75.599998
70.799999
66.4
69.299999
69.0
68.099998
68.399997
78.899997
105.200001
152.0
173.0
204.800002
205.8
208.8
193.4
196.0
188.800003
159.0
145.400001
124.299999
100.5
84.399997
69.299999
68.200001
68.299999
65.5
63.600001
63.599998
63.199999
64.099998
63.5
62.1
62.100001
62.200001
71.0
79.400002
85.400002
85.700001
87.799999
81.599998
73.599998
69.599998
68.900002
66.099998
64.399997
64.700001
65.0
66.0
66.799999
64.200001
62.5
62.600001
61.899999
61.399999
62.5
60.699999
61.299999
61.199999
68.199996
73.599998
78.799999
78.0
78.200001
76.200001
74.799999
76.599998
78.799999
70.900002
64.799999
64.0
63.600001
65.700001
67.299999
64.400002
69.899997
62.5
62.399999
62.099998
62.0
72.399997
100.0
157.400002
177.400001
203.000003
216.6
222.9
213.4
203.6
195.400003
167.199997
155.699997
132.199996
95.599998
89.0
86.799999
83.5
80.900002
79.600003
73.200001
77.300004
76.299999
75.199996
75.799999
84.599998
117.0
167.399994
196.100006
213.7
219.8
219.1
208.199998
199.5
193.0
170.700005
153.200005
133.299999
105.099998
97.900002
96.300004
86.700001
77.899997
70.700001
73.799999
69.5
69.799999
69.200001
69.200001
80.5
107.699996
164.300003
187.5
214.0
234.5
228.8
214.0
212.5
195.2
171.200005
158.900001
136.400002
97.600003
84.799999
85.799999
84.400002
81.799999
79.900002
75.699996
81.899997
77.799999
71.700001
71.799999
71.0
102.199996
147.5
174.0
193.099999
196.099999
193.5
167.099998
146.400002
134.799995
143.400002
140.200005
121.399997
97.100003
90.100003
81.899997
77.599998
75.100003
72.200001
68.800004
70.899997
70.900002
69.700001
70.0
68.5
102.299999
145.599999
168.599999
186.199997
196.400001
198.5
188.899994
199.100003
188.0
148.699996
134.900002
112.799999
88.599998
85.799999
79.599998
71.599998
70.099998
67.600003
70.200001
65.799999
66.099998
66.200001
65.900002
64.5
64.300002
64.400002
79.5
90.0
89.599998
91.599998
91.900002
87.299999
81.299999
77.799999
75.5
70.900002
70.5
70.100003
70.200001
70.900002
70.699996
68.899997
67.800004
67.200001
67.299999
66.900002
66.399997
65.299999
65.0
65.100003
72.200001
79.0
80.700001
82.799999
82.400002
82.300004
81.099998
81.0
82.5
74.800004
68.200001
68.699996
68.299999
69.5
70.599998
67.699996
69.799999
65.599998
65.900002
65.700001
65.700001
77.700001
111.600002
167.399994
184.5
212.8
218.3
216.8
203.7
204.7
194.200005
171.0
142.099999
118.700001
98.299999
83.599998
80.899997
78.0
75.900002
73.5
72.299999
71.899997
73.200001
71.299999
71.200001
70.300004
105.099998
149.699997
170.699996
198.799995
198.499998
207.2
192.599998
201.7
180.5
153.800003
143.5
122.199996
105.600003
98.600003
98.900002
89.400002
78.799999
73.700001
78.5
72.0
71.399997
71.5
70.5
69.599998
102.399997
147.900001
167.5
201.200003
201.099998
195.5
189.199997
191.199996
180.799995
161.799995
141.400001
121.5
102.599998
91.0
89.5
90.299999
89.0
85.5
78.399997
84.400002
84.299999
84.5
84.0
82.400002
108.799999
151.299995
170.299995
213.8
216.4
207.5
202.399998
202.4
196.499998
178.299995
159.200005
144.799995
128.200001
117.299999
108.400002
86.299999
77.700001
74.400002
68.700001
72.099998
71.699996
72.5
72.200001
71.399997
102.799999
152.300003
185.800003
207.9
211.1
207.9
203.5
203.2
194.6
153.099999
141.5
109.899997
84.300004
78.599998
74.800004
68.699996
69.400002
66.400002
63.9
65.200001
63.899997
64.699996
64.599998
63.2
63.0
63.300001
70.5
83.0
89.0
89.700001
90.900002
84.399997
78.399997
70.700001
71.200001
66.399997
65.599998
65.200001
64.799999
67.599998
68.599998
66.199996
63.600001
63.599998
63.4
64.5
63.999998
63.299999
61.900002
62.599998
71.599998
75.399997
77.600003
77.099998
76.700001
79.600003
83.0
81.700001
82.399997
74.299999
66.700001
65.299999
63.9
65.299999
66.799999
65.200001
66.0
63.100001
62.900002
62.6
63.0
65.999998
100.0
137.599998
160.900002
191.0
200.700003
203.9
191.200005
200.800003
187.799995
156.599998
142.400002
123.500004
94.600003
78.200001
76.699996
73.899997
73.900002
71.400002
73.800004
68.399997
69.0
68.200001
68.099998
76.700001
103.5
145.700005
167.5
194.100006
206.0
204.1
197.6
194.700005
191.899994
168.400002
159.399994
130.100003
114.600003
120.799999
114.899997
94.400002
84.299999
80.200001
76.700001
77.599998
76.799999
76.100003
75.900002
74.200001
104.0
148.299995
183.0
195.400002
204.1
199.100006
195.0
200.500002
211.9
178.200005
160.100006
132.100003
101.0
84.200001
82.199996
84.0
81.100003
78.300004
74.200001
76.0
76.400002
76.299999
75.900002
75.0
106.5
155.699997
178.799995
196.0
205.9
218.6
193.3
199.0
194.299995
168.299995
147.0
125.899998
107.099998
94.200001
85.299999
77.100003
75.300004
72.5
69.900002
70.899997
70.5
71.0
69.800004
78.099998
105.799999
149.5
166.400002
195.999997
211.7
196.099999
179.400001
189.0
177.699997
146.899994
135.800003
107.600003
87.699996
77.5
77.100003
75.300004
72.5
71.399997
66.700001
68.0
67.900002
68.0
67.5
66.200001
66.099998
66.199996
80.700001
90.200001
94.200001
93.799999
93.200001
87.5
79.799999
77.700001
74.0
69.199996
67.400002
65.300004
65.299999
67.400002
69.699996
67.299999
67.899997
64.899997
65.399997
65.600003
65.799999
63.1
63.099998
63.8
67.300002
75.899997
78.5
78.900002
78.700001
84.799999
82.199996
83.599998
84.700001
81.399997
69.100003
68.600003
67.699996
68.200001
71.400002
69.300004
70.099998
66.799999
66.0
65.600003
65.700001
68.700001
82.099998
94.700001
124.800004
134.099998
133.899994
135.400002
127.399998
122.5
121.599998
114.100003
104.199996
99.199996
90.5
79.0
80.599998
76.899997
74.299999
71.5
73.700001
70.599998
69.699996
69.399997
69.900002
73.900002
106.299999
148.400001
171.0
206.100003
218.4
209.5
207.6
215.5
196.4
176.800003
159.599999
131.0
110.5
87.899997
86.699996
82.0
80.900002
78.099998
76.099998
75.200001
76.100003
74.0
74.600003
73.599998
103.900002
145.699997
183.400002
205.5
207.000003
213.5
195.499998
194.400002
188.0
156.699997
148.099999
125.699997
104.5
82.400002
79.700001
81.800004
80.0
77.800004
74.399997
75.400002
75.700001
76.0
75.200001
75.0
94.799999
128.000004
151.0
185.400001
196.200005
200.099998
178.300003
187.800004
181.699997
148.599999
132.5
111.800004
98.099998
98.600003
89.899997
85.099998
78.400002
75.599998
71.399997
74.100003
74.400002
73.900002
74.899997
81.0
104.699996
134.0
167.599999
203.4
210.4
204.9
196.299998
205.8
189.300003
151.400001
117.799999
109.299999
84.5
73.599998
70.799999
71.399997
71.5
71.0
67.5
66.400002
66.200001
66.399997
66.600003
65.599998
65.799999
65.200001
80.200001
86.099998
93.900002
100.400002
102.5
93.899997
78.700001
77.399997
78.200001
72.799999
70.399997
70.399997
70.199996
71.0
71.299999
69.5
66.599998
66.799999
67.100003
66.099998
67.100003
66.100003
65.5
66.0
72.399997
80.299999
82.5
82.699996
82.099998
78.299999
79.900002
88.400002
88.899997
86.299999
76.299999
67.400002
70.0
69.700001
70.0
67.299999
69.399997
64.700001
65.699996
65.600003
65.400002
74.899997
99.899997
147.0
171.699997
180.099999
181.599998
177.099999
165.900001
160.200005
152.099999
141.899994
132.400002
117.0
90.5
80.899997
81.299999
80.200001
77.299999
73.600003
73.099998
71.799999
72.5
72.300004
71.400002
80.0
104.699996
130.800004
156.900002
188.700005
187.5
171.199997
164.099998
166.599998
166.200005
150.900002
144.0
128.600003
102.600003
92.200001
91.600003
80.799999
77.599998
74.599998
75.700001
72.900002
73.5
73.299999
74.099998
72.5
94.800004
136.0
157.0
177.299995
182.600006
170.300003
167.599999
168.699996
162.5
144.199996
139.800003
124.0
92.0
82.899997
82.700001
82.700001
80.400002
79.399997
72.699996
74.799999
76.799999
78.799999
78.5
75.900002
100.0
132.200005
144.199997
157.800004
157.900002
155.899994
151.699997
152.099998
146.699997
134.0
134.599998
123.599999
95.099998
85.800004
80.600003
77.0
73.700001
72.100003
67.200001
67.799999
67.599998
69.700001
67.700001
75.200001
99.599998
136.300004
159.299995
174.200005
155.099998
131.299995
126.099998
114.100003
117.0
92.700001
76.799999
75.600003
75.600003
75.100003
71.799999
70.0
70.899997
69.5
68.0
66.200001
65.400002
67.899997
65.5
64.199999
63.400002
64.0
66.200001
75.0
75.899997
77.699996
78.200001
79.200001
79.799999
78.700001
78.200001
75.100003
71.199996
72.099998
73.5
74.700001
75.699996
73.299999
72.199996
70.400002
71.900002
70.400002
70.700001
70.300004
69.599998
70.0
73.899997
79.5
84.0
87.299999
87.900002
86.0
85.299999
84.5
81.0
76.100003
76.099998
74.200001
74.5
77.5
78.199996
75.900002
75.299999
74.400002
74.600003
76.399997
75.200001
73.799999
73.0
75.799999
86.5
89.100003
93.899997
95.599998
92.299999
90.699996
90.0
86.700001
86.700001
87.099998
85.5
84.5
80.400002
80.600003
79.099998
76.5
73.700001
74.299999
76.100003
75.0
73.700001
72.5
72.399997
72.700001
93.299999
102.200001
102.299999
113.299999
103.400002
93.099998
89.600003
83.299999
80.5
80.200001
84.900002
83.100003
79.900002
76.300004
69.5
65.0
67.5
65.5
63.600001
63.400002
62.399999
62.199999
63.6
69.0
95.200001
115.5
116.699996
110.899997
106.399997
88.900002
86.0
77.200001
73.400002
70.400002
72.800004
71.0
67.0
67.600003
64.300002
62.199999
63.299999
61.5
61.399999
59.699999
59.899999
58.5
62.400002
67.099998
96.400002
108.200001
110.099998
123.299999
105.0
84.100003
83.600003
77.700001
74.799999
77.0
76.300004
75.399997
71.0
65.099998
63.5
60.299999
62.300002
58.9
58.199999
58.899999
58.800001
57.200001
62.2
66.200001
93.0
106.400002
107.299999
106.799999
101.5
80.599998
73.400002
70.0
70.799999
68.400002
67.900002
67.699996
62.299999
63.799999
63.2
61.699999
63.399997
60.400002
59.299999
59.4
58.899999
59.2
57.9
58.4
60.4
62.9
66.0
66.800004
66.900002
66.600003
71.5
72.099998
72.799999
65.900002
61.1
61.0
61.700001
63.200001
65.199996
63.299999
64.499998
61.2
60.3
61.4
60.100001
60.200001
59.5
58.200001
64.399999
69.700001
71.5
70.799999
71.799999
72.299999
71.699996
72.300004
73.200001
61.100001
60.1
60.899999
61.200001
65.799999
65.700001
63.600001
63.0
61.599998
60.600001
60.299999
58.8
59.399999
61.2
69.0
91.200001
107.199996
106.099998
110.200001
93.5
80.400002
79.0
75.5
73.599998
69.5
71.100003
75.099998
67.700001
64.300001
61.299999
61.0
62.499998
58.0
56.800001
56.599998
56.4
55.7
57.0
62.4
81.5
97.300004
102.799999
103.699996
89.699996
78.300004
74.700001
75.700001
72.699996
72.400002
74.0
72.900002
72.599998
66.0
62.300001
58.700001
63.599998
57.900002
58.200001
57.9
58.5
57.5
58.100001
64.399997
89.200001
101.5
103.299999
101.5
92.299999
79.799999
78.200001
77.700001
72.700001
73.399997
71.099998
72.900002
68.099998
66.700001
62.900002
61.9
65.499998
60.200001
59.800001
58.1
58.4
58.599998
58.700001
66.200001
82.699996
96.199996
97.400002
95.699996
87.299999
78.5
80.0
77.599998
78.5
79.300004
78.899997
76.200001
69.900002
65.5
66.0
63.4
67.299999
62.0
62.1
61.0
61.5
60.799999
60.600001
65.299999
80.599998
93.0
93.0
91.0
75.700001
73.799999
73.099998
73.099998
70.399997
71.5
70.400002
68.700001
64.0
65.0
65.5
63.799999
67.299999
62.7
62.599998
61.5
62.4
61.299999
60.5
60.600001
64.200001
70.299999
72.400002
71.200001
72.800004
73.0
74.200001
76.600003
77.0
64.300002
63.9
63.799999
63.800001
66.200001
66.299999
64.599998
67.800004
62.699999
62.400002
62.200001
62.1
61.699999
60.399999
60.5
64.000002
71.900002
74.200001
74.100003
74.599998
74.200001
74.800004
75.199996
74.299999
64.799999
64.5
64.300002
66.5
67.5
68.199996
65.5
67.5
64.299999
63.600001
63.799999
63.5
63.200001
62.5
62.5
68.400002
76.200001
80.900002
78.899997
75.099998
74.0
74.0
76.100003
77.5
75.799999
75.900002
74.200001
70.099998
67.899997
67.5
64.299999
69.400002
63.699999
62.9
62.5
62.300001
62.5
61.599998
62.300001
68.400002
75.599998
80.200001
83.100003
79.5
76.599998
76.599998
80.900002
81.5
81.5
85.200001
80.299999
80.5
72.299999
68.400002
67.200001
68.399997
66.5
65.899997
65.599998
65.099998
64.399997
64.299999
64.299999
71.200001
81.200001
85.5
89.200001
85.400002
78.600003
77.5
76.599998
73.799999
72.200001
74.699996
74.600003
71.199996
70.0
65.0
63.0
66.799999
62.0
61.5
60.800001
60.2
60.599998
59.900002
60.300001
68.400002
74.700001
76.799999
79.099998
77.900002
72.700001
72.0
72.100003
75.699996
75.899997
73.700001
70.599998
64.600001
65.299999
64.5
63.200001
67.399997
62.0
60.700001
60.700001
60.0
59.899999
58.9
61.100001
64.299999
73.700001
78.299999
78.399997
75.0
71.0
70.200001
68.899997
67.299999
67.099998
65.899997
65.200001
65.100003
67.100003
67.299999
64.200001
68.399997
64.300002
63.399999
62.6
62.5
62.0
60.899999
60.399999
63.100001
63.800002
66.299999
65.700001
65.5
68.399997
69.5
68.599998
67.299999
63.799999
63.699998
63.699998
65.5
67.199996
67.700001
65.199996
69.200001
63.4
63.4
63.100001
63.399999
62.799999
61.800001
62.799999
73.899997
76.5
77.300004
77.399997
80.900002
76.900002
76.200001
72.0
69.5
65.199996
65.700001
66.300004
67.0
67.900002
67.799999
65.900002
68.800004
64.599998
63.700001
63.2
63.1
63.5
62.300001
62.6
65.0
67.799999
70.600003
73.600003
77.200001
76.299999
75.799999
75.100003
72.599998
72.700001
70.5
70.0
70.299999
68.800004
67.200001
64.700001
69.700001
64.100003
63.300001
63.1
62.0
62.400002
61.900002
62.099998
64.599998
66.0
75.099998
78.399997
79.799999
77.5
76.599998
77.699996
75.700001
74.299999
75.200001
75.100003
73.0
68.700001
68.799999
66.699996
71.700001
66.599998
64.699996
64.900002
63.699999
64.200001
63.1
68.400002
72.400002
74.700001
74.299999
73.700001
73.399997
76.0
80.700001
74.0
67.799999
67.099998
69.899997
69.299999
70.0
71.299999
68.100003
66.400002
70.100003
65.399997
65.099998
64.800004
62.8
63.0
62.899999
66.900002
75.600003
76.700001
80.700001
78.299999
78.099998
79.0
78.700001
77.800004
73.700001
72.299999
73.600003
72.099998
70.800004
66.700001
66.5
65.099998
72.099998
62.9
62.199999
62.200001
61.9
62.1
61.599998
64.0
66.699996
73.399997
72.599998
75.299999
78.099998
78.700001
78.800004
80.400002
72.200001
70.700001
68.800004
67.899997
67.599998
69.0
68.899997
67.099998
72.200001
66.0
65.699996
64.5
64.700001
64.700001
63.699998
63.299999
64.199998
64.800004
67.099998
68.600003
67.0
67.899997
66.400002
66.599998
67.599998
66.900002
66.099998
66.700001
66.700001
68.400002
68.400002
66.400002
71.299999
64.799999
64.700001
64.5
64.1999990001
64.399997
62.899999
63.600001
67.3000009999
77.099998
78.399997
79.700001
78.900002
74.599998
70.0
67.2999989999
67.100003
66.700001
66.700001
66.400002
67.2999989999
69.7999989999
68.600003
67.9000019999
72.700001
65.9000019999
65.0
64.700001
64.700001
64.900002
63.799999
66.399997
69.900002
78.5
81.7999989999
82.900002
79.600003
76.7000010001
77.600003
76.899997
76.6999959999
76.2000010001
74.899997
74.9000019999
73.900002
75.0
71.400002
69.599998
74.399997
67.899997
67.7999989999
66.200001
66.399997
66.599998
65.5
68.299999
74.8000040001
79.3000040001
83.399997
81.4000019999
81.2999989999
76.2000010001
78.9000019999
73.700001
71.2000010001
71.600003
74.0
73.899997
75.4000019999
73.0
71.200001
69.899997
73.8000040001
68.400002
67.5
68.299999
67.0
69.2000010001
65.0999980001
70.3000040001
78.5
87.2999989999
92.099998
91.7999989999
84.599998
80.7000010001
83.899997
78.600003
71.7000010001
70.5
76.7999989999
81.099998
82.600003
78.5
72.5
69.7999989999
74.799999
68.0999980001
68.200001
67.599998
67.200001
67.400002
66.5
73.5
80.4000019999
86.900002
92.0
92.2000010001
86.7000010001
82.400002
83.3000040001
75.799999
72.099998
72.5
77.200001
75.299999
73.7999989999
72.0
71.7000010001
72.400002
74.0
68.299999
70.099998
68.5
67.7000010001
67.6999959999
67.0
72.599998
72.3000040001
78.7000010001
82.1999959999
82.8000040001
80.400002
76.0
75.7000010001
73.700001
69.0999980001
68.0
67.5
67.899997
69.100003
69.900002
70.400002
67.900002
73.299999
66.400002
66.299999
65.5999980001
65.5
66.299999
64.7999989999
64.0
64.5
65.099998
66.7999989999
66.5
67.400002
66.8000040001
67.299999
67.0
67.299999
67.100003
67.5
68.2999989999
70.0
70.4000019999
70.0
69.099998
74.2000010001
66.5
66.100003
66.399997
68.099998
65.7000010001
65.5999980001
65.099998
67.6999959999
72.299999
74.900002
79.5
75.099998
67.5
67.7000010001
66.900002
67.2999989999
67.600003
67.0
67.400002
69.5
71.400002
69.799999
67.700001
70.400002
66.799999
65.5
65.5
66.099998
65.5999980001
65.5
67.599998
73.7000010001
82.600003
85.7000010001
87.200001
84.5
76.2000010001
73.9000019999
65.700001
61.799999
61.299999
60.799999
60.600001
62.5
63.0
63.3000009999
61.4
72.2999989999
60.6
59.0999980001
59.0
58.7
58.8000009999
59.7
61.3000009999
75.7999989999
88.599998
95.599998
96.0999980001
94.0
83.099998
79.9000019999
76.299999
71.400002
71.200001
70.4000019999
70.5
71.2999989999
71.7999989999
71.0
69.2000010001
78.6999959999
68.200001
68.5
69.2999989999
67.0
67.200001
67.200001
76.299999
96.7000010001
113.5
113.099998
119.099998
113.399997
104.299999
89.899997
79.5
77.100003
73.0
73.600003
73.099998
75.4000019999
76.100003
75.600003
74.299999
79.799999
73.0
72.4000019999
71.299999
71.2999989999
71.599998
72.0999980001
82.099998
109.0
119.399997
117.299999
119.700001
119.5
101.900002
91.0
78.399997
71.2000010001
71.600003
71.6999959999
70.899997
73.799999
74.399997
73.399997
71.799999
78.600003
70.3000040001
70.200001
68.7000010001
69.2999989999
69.0
68.400002
72.900002
99.5
109.399997
107.600003
108.400002
96.9000019999
86.2000010001
80.3000040001
73.5
70.400002
68.5
69.700001
71.0
72.599998
73.100003
72.700001
70.600003
76.700001
69.5
68.6999959999
68.6999959999
67.900002
68.399997
67.3000040001
66.7999989999
67.200001
67.0
68.7000010001
69.5
69.2999989999
69.5
69.5999980001
68.5
68.700001
68.8000040001
69.5
70.2000010001
72.100003
72.700001
72.4000019999
71.0999980001
76.2000010001
68.799999
68.400002
68.400002
67.900002
68.0
67.4000019999
66.5
66.5
67.600003
68.600003
69.0
68.8000040001
70.399997
72.0
69.599998
69.0
68.700001
69.4000019999
69.600003
72.400002
72.1999959999
71.299999
69.399997
75.099998
67.5
67.700001
67.299999
67.0
66.2999989999
66.7999989999
65.0
65.5
65.900002
67.900002
69.0
68.600003
68.399997
68.1999959999
68.7999989999
68.400002
67.5999980001
68.0
68.5
70.2000010001
70.799999
70.8000040001
68.100003
81.799999
67.200001
66.700001
66.5
65.399997
66.400002
86.0
100.400002
126.700001
123.200001
138.700005
142.5
143.199996
143.0
142.0
133.0
125.900002
106.400002
96.0999980001
93.099998
95.600003
94.0999980001
82.1999959999
82.100003
88.899997
80.5
79.0
78.2000010001
78.7000010001
81.100003
96.5
110.099998
132.5
137.300003
144.5
147.700005
151.0
147.800003
143.400001
143.400001
128.899997
116.800004
102.299999
93.0
95.900002
88.599998
82.6999959999
80.200001
85.7999989999
81.4000019999
77.599998
77.600003
77.5
77.400002
83.900002
115.100003
142.699997
136.299995
145.700005
150.800004
152.099998
145.900001
168.199997
153.299995
134.0
120.5
107.599998
96.0
95.7999989999
84.900002
80.5
77.5
82.100003
75.600003
74.799999
73.8000040001
75.200001
75.1999959999
115.300003
168.199997
199.699997
209.5
216.7
205.6
204.4
195.699996
184.199997
159.899994
143.300003
116.5
85.399997
78.5
78.0999980001
77.200001
77.2999989999
74.7000010001
79.7999989999
73.099998
72.5
72.299999
72.599998
74.2999989999
71.7999989999
71.2000010001
73.4000019999
77.100003
80.7999989999
81.7999989999
86.100003
85.400002
84.5
83.5
82.200001
77.100003
75.5
75.0
77.2999989999
76.200001
76.7000010001
75.0
80.099998
72.900002
72.0
71.299999
74.0
72.0
71.5
70.599998
79.2000010001
85.799999
91.799999
88.599998
89.5
82.599998
83.7000010001
81.7999989999
79.200001
73.0
74.5
74.799999
78.0
77.5
78.0
75.400002
81.5999980001
73.1999959999
72.5
72.0
72.399997
76.899997
118.900002
173.400002
201.000002
222.6
228.5
231.1
228.1
212.4
226.6
194.499998
167.0
141.699997
104.299999
91.5
90.0
85.399997
80.7000010001
76.799999
84.7999989999
76.900002
76.299999
73.0
72.5
76.700001
112.400001
159.300003
202.200002
221.6
234.1
233.7
223.1
206.7
205.7
181.0
167.300003
140.099999
108.599998
99.5
102.600003
91.600003
81.5
80.0
83.100003
79.299999
78.3000040001
79.7000010001
77.700001
77.7000010001
114.900002
168.0
205.499998
218.7
223.2
226.9
218.2
212.1
212.6
181.299995
162.900002
134.699996
105.599998
96.799999
92.5999980001
84.5
79.099998
77.2000010001
82.2000010001
76.5
74.0
73.7999989999
74.900002
74.3000040001
106.200001
165.200005
202.099998
221.6
219.2
219.1
213.1
209.9
202.999998
181.5
160.800003
138.0
110.200001
94.4000019999
90.599998
81.600003
80.700001
78.0
83.0
75.900002
75.0
74.0
74.400002
79.7999989999
110.399997
161.400002
192.699997
208.7
214.9
219.6
210.7
207.5
205.6
177.0
152.300003
123.899998
98.5
85.0
82.5
80.200001
77.799999
76.700001
81.7000010001
74.299999
74.6999959999
73.600003
74.200001
73.5999980001
73.599998
72.5
82.7000010001
98.099998
101.5
101.5
102.0
94.900002
88.8000040001
83.100003
82.899997
75.5
74.5
75.5
76.5
76.200001
77.3000040001
74.2000010001
80.4000019999
72.7999989999
72.2999989999
71.600003
72.0
71.5999980001
72.2999989999
70.9000019999
76.299999
90.099998
94.5
94.600003
96.899997
90.1999959999
85.7999989999
88.399997
89.399997
82.0
77.5
77.2000010001
80.5
76.900002
77.799999
75.7999989999
83.5
73.5999980001
73.299999
72.4000019999
72.0
77.0
116.5
172.399994
211.1
234.1
243.2
246.9
235.0
220.8
217.1
195.200005
175.299995
146.200005
109.5
94.899997
94.6999959999
87.799999
83.2000010001
80.899997
89.0
79.600003
78.5
76.7999989999
76.7999989999
84.700001
116.199996
171.899994
241.1
242.6
251.79999
259.19999
254.30001
238.9
207.100003
190.700005
174.900002
148.099999
116.199996
105.900002
104.700001
94.0
86.0999980001
84.9000019999
89.5
84.2999989999
81.5
81.5999980001
81.4000019999
81.0
114.099998
166.199997
211.9
224.3
231.2
249.3
234.8
220.0
209.0
188.199997
172.5
149.099999
118.5
101.900002
94.5
88.099998
80.700001
79.0
84.5999980001
78.4000019999
75.700001
75.7000010001
76.399997
76.200001
111.899998
163.0
205.899997
228.9
237.5
238.5
230.0
216.5
212.8
196.299997
174.099998
156.599999
115.200001
105.699996
101.899997
86.299999
81.4000019999
80.7999989999
81.100003
77.6999959999
76.5
77.0
78.099998
81.100003
120.5
169.799995
200.799997
221.6
231.4
231.9
227.0
222.1
217.2
184.300004
160.5
131.600003
98.399997
86.100003
80.7000010001
77.099998
75.100003
73.599998
79.2000010001
72.799999
73.0999980001
71.400002
70.600003
71.5
71.2000010001
69.0
76.5999980001
98.0999980001
96.600003
97.9000019999
96.799999
91.100003
83.799999
83.3000040001
80.299999
74.7999989999
72.799999
73.1999959999
74.400002
74.299999
74.399997
72.799999
79.2000010001
72.7000010001
71.299999
70.2999989999
71.0
71.5
70.799999
69.0
76.4000019999
83.900002
86.400002
86.2000010001
84.600003
85.0999980001
83.599998
84.2000010001
88.0
79.5
73.600003
74.900002
75.2000010001
75.599998
75.700001
75.0999980001
82.6999959999
72.8000040001
71.0
71.0
74.799999
80.5999980001
115.300003
169.799995
209.6
228.4
243.4
244.9
229.5
204.6
211.7
185.699997
165.0
137.400001
104.600003
91.799999
91.600003
84.1999959999
78.900002
78.099998
85.900002
76.4000019999
75.099998
77.1999959999
76.9000019999
79.200001
122.900001
174.699997
218.1
234.0
242.3
237.0
225.9
223.6
214.1
168.400001
164.800004
137.199996
109.5
100.900002
99.400002
95.899997
84.100003
80.700001
86.2999989999
81.400002
78.9000019999
78.799999
78.9000019999
79.899997
114.999996
171.400001
206.900002
227.4
230.4
237.3
228.6
214.9
212.3
182.5
168.800003
145.599998
109.799999
95.700001
94.5
85.299999
80.5
79.100003
83.2000010001
78.3000040001
77.5
75.799999
76.700001
75.900002
110.200001
167.200005
211.7
225.1
217.0
217.0
213.2
199.699997
201.399997
172.700005
156.199997
137.700005
104.100003
95.0
90.7000010001
82.600003
76.700001
74.5999980001
80.5
74.100003
73.0
72.4000019999
72.0
78.0
115.299995
169.0
207.799998
228.1
222.4
223.3
215.3
207.100003
202.500003
170.900002
149.700005
122.799999
100.299999
92.900002
88.0999980001
81.2000010001
74.5
73.5
79.0
73.200001
71.399997
72.7999989999
71.600003
70.8000040001
71.5
71.0
84.400002
100.899997
106.099998
100.0
100.800004
90.400002
86.0
80.799999
80.899997
73.400002
74.0
75.0
74.9000019999
76.200001
74.899997
73.900002
78.400002
73.2999989999
71.299999
71.600003
71.0
70.2999989999
70.399997
69.899997
78.399997
88.7000010001
90.299999
91.099998
89.8000040001
86.5
86.0
87.700001
85.600003
78.100003
73.299999
75.399997
75.2000010001
75.7999989999
75.6999959999
73.600003
80.899997
72.5
70.6999959999
70.7000010001
70.5
76.400002
111.899997
165.599999
205.899998
222.5
231.7
231.3
214.6
208.3
195.799998
176.0
160.400001
139.599998
106.099998
94.099998
95.0999980001
85.2999989999
82.100003
78.400002
85.799999
77.6999959999
75.599998
75.200001
74.099998
79.399997
112.900002
164.600006
220.9
237.4
236.7
235.4
227.7
215.1
209.1
179.799995
165.0
140.5
111.5
103.299999
98.0
95.2000010001
82.7999989999
79.600003
85.9000019999
81.1999959999
79.600003
80.0
79.599998
79.8000040001
116.700001
168.300003
213.7
227.4
226.4
225.9
221.2
202.9
206.4
190.0
165.900002
142.0
113.900002
95.400002
92.200001
86.9000019999
81.0
78.299999
82.600003
77.9000019999
76.4000019999
77.7999989999
76.599998
76.899997
117.5
174.299995
213.5
236.4
231.9
227.3
222.0
210.0
202.499997
169.599999
157.0
134.0
101.799999
92.599998
90.100003
82.100003
78.7999989999
75.2000010001
80.299999
74.599998
71.5
71.099998
71.200001
76.5
115.599998
165.299995
208.699997
225.6
231.0
229.5
223.3
217.7
212.3
175.5
156.900001
126.700001
96.5999980001
92.600003
86.0999980001
83.899997
77.5999980001
75.2999989999
79.399997
74.0
73.599998
76.2000010001
74.9000019999
74.7999989999
71.900002
70.9000019999
77.5
101.100003
102.0
104.0
101.400002
94.700001
84.700001
83.100003
81.700001
78.8000040001
73.899997
77.0
77.1999959999
77.700001
76.700001
74.099998
79.7999989999
71.900002
71.5999980001
70.799999
71.5
69.700001
71.5
69.799999
76.7000010001
82.799999
85.600003
87.0
89.399997
83.200001
89.900002
89.2000010001
88.2000010001
82.6999959999
76.099998
78.6999959999
78.3000040001
81.200001
80.799999
77.6999959999
85.1999959999
76.899997
74.899997
76.100003
76.7999989999
79.5999980001
121.700001
178.799995
218.5
240.1
243.6
243.5
236.0
221.9
217.8
198.499998
174.199997
144.5
113.200001
97.0
95.5
86.899997
84.099998
81.200001
86.5
80.400002
79.0
78.700001
77.5999980001
82.5999980001
119.200001
178.400001
226.5
251.50001
258.0
254.4
240.1
230.4
223.7
190.799995
172.800003
146.199997
117.0
109.0
112.0
97.5
85.399997
79.700001
87.599998
80.400002
78.6999959999
79.3000040001
79.799999
79.2999989999
120.799999
181.599999
216.6
241.9
243.1
242.9
233.8
224.8
215.0
191.100006
173.0
139.200005
113.700001
105.299999
101.200001
90.400002
84.3000040001
81.399997
89.099998
82.200001
79.099998
79.599998
79.799999
80.200001
118.099998
174.300004
220.6
246.9
240.9
240.4
232.0
228.5
221.3
212.1
202.1
189.099998
170.699997
107.099998
95.5
87.2999989999
86.600003
84.700001
85.0
82.0
79.700001
79.900002
79.900002
87.5
119.400001
176.799995
216.6
239.4
241.8
236.7
226.9
213.2
204.9
176.5
154.600006
123.399997
100.799999
95.099998
88.200001
80.6999959999
80.200001
76.799999
80.7999989999
76.399997
74.100003
75.299999
74.5
74.600003
74.099998
74.5
84.2000010001
103.700001
105.200001
108.299999
102.799999
97.2000010001
89.0999980001
83.8000040001
81.100003
75.4000019999
77.099998
77.5
77.8000040001
77.600003
77.799999
74.9000019999
79.400002
74.2000010001
72.400002
72.5
73.2000010001
73.2000010001
72.9000019999
74.0
79.0
85.299999
87.7000010001
87.3000040001
92.299999
90.100003
93.799999
92.7999989999
88.7999989999
81.700001
76.5
77.799999
76.700001
77.5
76.5999980001
74.7000010001
82.7999989999
72.7999989999
72.5
72.5
74.200001
79.0
129.0
191.799997
211.1
224.8
238.6
238.6
226.6
209.2
213.5
195.0
176.099998
155.400001
114.199996
103.0
97.5
89.9000019999
84.899997
82.8000040001
88.0
80.700001
79.200001
79.099998
78.900002
85.399997
114.099999
171.5
223.2
247.0
243.3
237.7
247.3
215.4
214.0
189.300003
160.299995
132.899998
96.5
89.5
86.7000010001
85.0
84.899997
84.7999989999
84.7000010001
82.400002
80.299999
80.9000019999
80.4000019999
81.2000010001
111.599998
175.600006
214.3
235.2
237.2
242.3
235.7
212.6
211.0
190.5
164.299995
142.400001
109.799999
95.7999989999
92.599998
85.5
79.799999
77.0
83.1999959999
76.700001
74.900002
74.899997
75.400002
74.599998
109.100003
174.100006
227.7
242.7
238.1
246.9
232.7
213.9
210.7
185.400002
162.800003
144.599998
118.0
98.299999
94.599998
86.599998
81.599998
79.600003
85.5
78.0
76.5999980001
79.7999989999
77.2000010001
84.5
117.999996
167.099998
216.6
246.1
242.4
237.4
235.6
216.8
208.7
180.699997
155.700005
130.0
102.099998
93.7999989999
90.0
86.600003
85.600003
84.899997
81.5
83.599998
82.599998
82.7999989999
83.0
82.600003
82.700001
81.1999959999
85.7000010001
108.0
106.700001
105.900002
99.400002
89.799999
83.400002
78.2999989999
75.899997
71.200001
73.099998
73.600003
74.099998
73.5
74.0
71.5
76.2999989999
70.600003
69.700001
70.1999959999
69.399997
70.7999989999
70.6999959999
70.900002
76.5
82.0
84.3000040001
89.799999
89.0
87.799999
87.600003
86.200001
86.200001
80.5
76.600003
76.200001
76.299999
78.2000010001
77.7000010001
74.0
81.5999980001
72.899997
73.200001
73.599998
73.7999989999
78.0
119.899998
175.099998
244.80001
260.0
246.3
253.4
233.0
224.2
217.3
190.5
166.599999
148.400001
113.399997
97.799999
95.100003
88.5
82.900002
80.900002
85.7000010001
79.200001
79.3000040001
78.5999980001
79.399997
86.799999
121.100003
188.099999
212.9
235.6
240.5
237.4
222.9
212.8
213.0
189.099998
164.900002
149.5
113.299999
100.5
96.0
90.5
84.399997
81.700001
86.700001
81.600003
79.799999
79.7999989999
79.100003
80.100003
117.299999
170.5
223.4
249.2
248.8
270.60001
251.2
229.9
218.9
197.400003
175.799995
156.900002
117.099998
99.200001
99.700001
86.899997
81.899997
80.0
84.400002
80.2999989999
79.400002
78.9000019999
79.5
80.5
113.899998
174.299995
227.3
237.4
241.1
242.6
235.2
210.7
207.3
184.0
158.800004
133.0
102.900002
93.600003
88.400002
79.7999989999
77.400002
75.900002
84.0
76.5
76.0
76.0
75.100003
81.099998
102.100003
151.800003
192.800004
196.400002
190.600006
187.0
185.0
165.800003
172.600006
140.800004
112.0
93.600003
93.5
89.299999
85.0
83.600003
82.599998
80.7000010001
82.700001
80.7000010001
80.200001
80.099998
80.3000040001
79.899997
81.0999980001
80.399997
86.399997
98.0
97.2000010001
98.599998
100.600003
98.299999
89.799999
86.0
82.299999
75.400002
75.4000019999
76.0
75.899997
75.3000040001
75.900002
72.6999959999
75.5
72.0999980001
72.0999980001
71.7999989999
71.7999989999
73.7000010001
73.299999
71.5999980001
70.700001
71.0
79.2000010001
87.100003
88.399997
87.900002
87.9000019999
87.099998
91.5
89.799999
89.0
86.399997
78.200001
79.0999980001
79.0
78.0
76.2999989999
76.100003
78.4000019999
74.5
74.400002
74.0
75.400002
75.1999959999
83.1999959999
86.7999989999
94.100003
97.200001
102.899997
104.099998
102.0
100.900002
97.0
93.5
83.400002
83.5
81.7000010001
88.299999
84.600003
82.299999
78.5
80.700001
83.5
81.0
78.599998
78.599998
78.5
80.099998
91.600003
93.700001
100.399997
117.600003
121.299999
111.200001
103.0
99.900002
96.0
97.3000040001
110.099998
105.0
101.799999
104.200001
95.900002
94.299999
85.599998
83.400002
88.100003
84.5
85.099998
82.7000010001
82.900002
83.200001
95.5
98.299999
92.099998
94.7000010001
94.599998
89.799999
88.5
86.2000010001
87.4000019999
99.5999980001
96.200001
98.599998
99.799999
97.400002
96.3000040001
92.100003
81.7999989999
83.2999989999
87.0
82.9000019999
81.400002
81.900002
82.100003
81.399997
82.600003
83.600003
107.300004
97.7999989999
103.700001
103.900002
102.099998
107.599998
106.800004
100.900002
99.9000019999
108.399997
99.5
98.0
90.899997
88.1999959999
85.700001
82.600003
92.100003
87.400002
85.7999989999
85.899997
85.5
86.7000010001
95.2999989999
96.100003
90.399997
95.900002
88.700001
87.7999989999
92.200001
92.2000010001
89.0
88.600003
91.399997
90.400002
89.7999989999
83.799999
83.0
83.5
81.2000010001
76.899997
84.099998
79.400002
78.399997
77.7999989999
79.100003
78.599998
79.400002
91.099998
88.2999989999
101.299999
97.799999
98.0
94.5
92.799999
88.200001
84.4000019999
84.7999989999
82.2999989999
78.7999989999
78.900002
78.8000040001
79.600003
76.599998
75.0
79.3000040001
75.5
74.700001
74.299999
74.6999959999
74.200001
74.7000010001
73.2000010001
80.5
89.0
91.100003
104.799999
91.900002
92.0
96.7000010001
95.700001
95.400002
87.100003
80.799999
81.0
81.899997
80.399997
79.5
85.900002
81.900002
77.5
77.5
76.2000010001
77.0
77.4000019999
130.500004
200.5
218.0
234.5
244.6
246.8
245.4
223.2
242.5
219.9
199.700003
176.599998
129.700005
117.0
113.0
106.200001
99.5
89.599998
102.5
98.1999959999
98.5999980001
97.9000019999
97.5
105.299999
137.800004
206.499997
258.29999
279.79998
276.70002
285.69999
280.30001
246.5
239.8
199.599997
185.799995
164.399994
124.399997
111.400002
104.599998
98.099998
87.0
83.100003
91.0
87.5
84.100003
83.399997
82.6999959999
93.5
123.900002
190.6
232.4
254.99999
259.3
271.60001
260.3
242.1
238.6
214.4
204.5
178.099999
125.599998
107.5
103.700001
92.7999989999
84.0
81.400002
89.0
83.299999
84.100003
83.2999989999
82.399997
82.5999980001
119.600003
176.700005
224.4
246.7
252.8
253.1
251.10001
235.6
231.8
208.499998
189.399994
172.900001
114.699996
98.6999959999
95.5
88.1999959999
81.2000010001
40.0131044621
0.626206924091
0.626206924208
0.626206924091
0.626206924208
0.626206924091
0.626206924091
0.626206924208
0.626206924091
0.626206924208
0.626206924091
0.626206924091
0.626206924208
0.626206924091
0.626206924208
0.626206924091
0.626206924208
0.626206924091
0.626206924091
0.626206924208
0.626206924091
0.626206924208
0.626206924091
0.626206924091
74.925
77.2275
75.41
71.8975
69.4325
67.7175
67.31
67.7
70.8225
80.2125
90.1125
93.4925
97.5575
96.49
93.5525
90.43
88.58
85.935
82.41
80.575
79.625
80.04
79.77
78.635
78.655
79.0325
77.7925
76.225
75.9175
76.1275
75.1175
74.79
76.66
81.6
88.125
92.0625
93.4475
89.8125
85.1325
87.1725
88.9575
85.2775
82.2
77.29
77.1925
79.8525
81.3175
80.45
44.9131014619
45.7131054621
88.200001
87.0
86.200001
86.5999980001
94.2999989999
140.699996
197.800002
231.1
243.2
260.09999
263.4
250.3
246.1
235.0
209.1
191.0
168.300004
125.300004
111.299999
110.400002
98.200001
93.5
88.0
95.5
90.299999
89.0
88.7000010001
88.5
99.100003
146.5
196.900002
234.8
256.2
263.09999
266.7
248.90001
236.0
237.3
210.4
196.0
181.0
130.900002
119.599998
112.100003
105.900002
91.3000040001
86.9000019999
96.5
90.9000019999
90.399997
90.2000010001
89.600003
90.099998
127.700001
190.5
222.6
246.0
244.9
249.6
246.5
236.5
227.6
212.8
195.200002
170.5
115.100003
105.0
103.199996
97.5
86.599998
87.0
90.0
85.3000040001
84.599998
83.799999
83.600003
84.599998
117.300004
192.5
220.6
241.3
244.8
246.9
243.1
230.3
228.4
204.599998
190.100006
163.900002
130.999996
116.700001
109.599998
99.5
91.9000019999
89.100003
96.200001
92.200001
91.4000019999
88.599998
87.0
96.899997
139.5
197.399998
243.70001
269.4
265.80001
265.0
252.2
236.3
236.3
195.299997
173.900001
157.099999
119.700001
105.0
105.599998
93.099998
89.7000010001
90.200001
91.5
88.2000010001
86.799999
86.4000019999
86.2000010001
87.399997
89.799999
89.0
110.700001
128.599998
122.799999
123.699996
123.799999
119.599998
117.5
110.799999
105.0
97.100003
95.9000019999
97.8000040001
97.899997
98.299999
96.099998
87.3000040001
97.0
93.899997
92.099998
91.599998
91.399997
91.900002
93.100003
92.400002
94.399997
98.399997
107.099998
118.800004
109.0
107.799999
105.899997
103.899997
101.300004
93.6999959999
86.9000019999
86.400002
87.1999959999
85.700001
83.6999959999
84.7999989999
88.5
83.0999980001
83.399997
82.200001
82.5
91.399997
136.599999
190.100003
219.5
241.50001
251.0
251.9
239.1
231.4
223.6
208.1
186.5
163.300004
116.200001
105.400002
102.700001
95.299999
88.9000019999
90.299999
94.400002
90.2999989999
89.700001
89.7000010001
87.5999980001
97.5
133.100002
190.099998
224.9
249.3
249.7
257.0
256.20001
248.5
234.2
206.2
204.8
183.800003
131.700005
123.400002
114.600003
108.5
97.799999
90.5
97.6999959999
91.599998
91.6999959999
90.599998
91.400002
90.5
131.500004
198.399997
237.2
252.90001
265.19999
274.40001
261.8
256.2
242.9
218.5
197.100003
172.900002
124.699997
102.800004
101.700001
97.2000010001
90.0
88.100003
91.900002
88.0
86.200001
86.0
85.2000010001
86.100003
117.600003
189.900003
231.4
264.89999
261.3
262.80001
253.2
233.8
235.6
207.199998
193.599998
170.399994
135.200001
116.5
103.200001
93.4000019999
90.7999989999
86.299999
94.700001
89.600003
90.200001
89.299999
90.2999989999
101.799999
134.800003
207.000002
229.1
253.8
253.3
257.7
251.5
236.1
229.3
196.299998
185.299995
160.5
116.099998
105.200001
101.200001
99.2999989999
86.3000040001
83.5999980001
89.599998
84.0
84.200001
84.5
84.099998
85.799999
87.5
100.300004
99.400002
122.0
126.400002
134.700005
127.299999
119.800004
111.599998
109.099998
105.599998
96.2000010001
95.200001
90.399997
86.599998
87.100003
85.5
83.600003
87.9000019999
85.900002
83.0
82.700001
82.700001
84.0999980001
82.799999
83.100003
88.900002
112.700001
120.099998
114.799999
111.799999
105.5
116.100003
126.500004
118.900002
108.700001
94.5
94.5
92.599998
90.9000019999
87.0
86.5
88.100003
85.700001
85.0999980001
85.2999989999
88.2999989999
112.900002
164.599999
219.5
261.30001
281.5
287.39999
290.90001
274.59999
241.5
244.8
217.6
204.499998
175.100006
127.599999
115.100003
108.699996
98.299999
92.400002
90.299999
95.2000010001
90.099998
89.400002
89.7000010001
89.5
108.900002
148.700001
209.299997
254.49999
272.10001
278.0
268.19999
260.39999
245.6
243.4
195.799997
194.400002
181.699997
134.699996
122.0
109.299999
99.5
96.0
90.4000019999
97.100003
92.5999980001
92.100003
92.2000010001
91.5
92.7000010001
134.700001
196.200002
240.5
258.80001
253.3
254.1
250.8
237.4
235.9
219.3
191.899994
181.699996
133.900002
122.300004
119.599998
103.899997
91.2000010001
87.5
92.799999
88.599998
88.7999989999
87.700001
87.5
88.100003
127.799999
188.400002
234.6
267.0
266.20002
255.9
245.8
232.9
230.0
212.0
192.099999
171.200005
131.400002
123.299999
116.899997
99.7999989999
90.0
84.6999959999
91.700001
86.599998
86.7000010001
86.099998
85.899997
97.599998
127.5
191.300003
226.0
251.6
252.5
255.0
241.5
229.1
235.8
205.9
180.700005
153.300003
113.0
101.799999
98.0
92.8000040001
86.7999989999
85.2000010001
89.5
84.799999
84.399997
83.899997
84.600003
86.2000010001
86.5
96.2000010001
100.599998
114.700001
118.900002
121.900002
121.699996
112.5
98.8000040001
93.7000010001
95.900002
96.400002
94.700001
92.5
92.0999980001
91.599998
89.299999
84.0
93.7999989999
87.299999
86.899997
86.099998
87.899997
87.7000010001
86.7999989999
88.600003
94.7999989999
107.200001
116.799999
103.5
103.5
103.099998
108.900002
104.700001
102.400002
99.600003
88.8000040001
89.900002
86.900002
87.5
86.099998
86.0
87.399997
83.2999989999
82.599998
83.0
85.5
117.0
140.700005
207.2
235.3
259.5
272.3
271.90001
253.5
247.6
247.1
217.9
202.700002
174.099998
129.100003
109.200001
106.900002
100.399997
94.0
