2.50000001
1.69999999
1.60000002
1.60000002
1.79999996
1.69999999
1.60000002
3.5999999
6.5
9.5
8.7000003
11.9000001
8.285
8.3325
10.2000003
10.4000001
11.0
10.3000002
7.6999998
4.4
3.6999999
3.2
3.4
3.3
3.4
3.4
3.4
3.4
3.5
3.2
3.2
5.5
6.7
11.6999998
10.1999998
11.0999999
11.9000001
11.0
7.4999998
7.8999999
10.2999997
9.5999999
8.2
5.2000001
3.5
3.4
3.6
3.6
5.0
3.6
3.6
3.7
3.8
3.6
3.5
5.6000001
7.6999998
8.3025
10.6000004
11.2999997
8.375
12.1999998
10.9000001
11.5999999
11.5999999
10.5
9.0
7.1999998
8.8000002
7.5999999
6.5
6.4
6.1000001
6.4
6.4
6.5
6.2999999
6.2999999
6.4
7.9000001
9.9000001
8.1275
12.8000002
9.03
10.13
10.3725
12.7000003
12.8000002
9.7825
11.4000001
8.7999997
7.0
6.2999999
5.9000001
5.8000002
5.7000001
4.0000001
5.9000001
5.8000002
6.0999999
6.0
6.0
6.0999999
7.7999999
10.0
8.06
8.055
10.8000002
10.0999999
8.7000003
7.0
7.6999998
8.5
6.6000001
5.2000001
3.8
2.5
2.2
2.1
2.2
2.2
2.2
2.2
2.2
2.3
2.2
2.2
2.2
2.2
2.1
2.0
2.1
2.0
2.0
2.2
2.2
2.0
2.1
2.1
2.1
2.1
2.0
2.1
2.2
2.2
2.0
2.2
2.2
2.1
2.3
2.0
2.2
2.2
2.0
2.1
2.2
2.1
2.0
2.1
2.2
2.1
2.0
2.0
2.1
2.2
2.1
2.1
2.0
4.1999999
2.2
2.0
2.2
2.1
2.2
2.2
4.1
6.3
10.4000001
9.4000001
10.5
8.8575
8.91
11.8000002
12.2999997
12.7999997
10.5
8.7999997
6.9000001
6.0999999
6.0999999
6.1999998
6.0999999
6.0
6.0999999
6.1999998
6.1999998
6.1999998
6.1999998
6.1999998
7.7999999
8.6999998
7.37
11.9000001
12.0999999
8.695
8.39
10.3000002
9.5999999
12.1000004
9.5
9.5
7.7999999
6.1000001
5.8000002
5.7000001
5.6
4.0
6.0
6.0
6.1999998
6.2999999
6.2999999
6.4
8.2
9.5999999
12.4000001
7.1000001
7.3999999
8.8000002
7.8999998
5.8
5.3999999
7.9000001
5.6999998
4.2999999
2.7
2.6
2.4
2.0
2.1
1.89999998
2.0
2.2
2.0
2.1
2.0
2.0
3.4
5.2999999
8.6000001
6.6999998
6.3000002
10.5999999
8.6000001
7.1000001
7.8999999
9.6000004
7.6000002
5.5
3.2
1.90000001
1.79999996
1.79999996
1.79999996
1.79999996
1.79999996
1.79999996
1.79999996
1.80000001
1.89999998
1.69999999
3.4
5.3
7.8000002
5.8999999
6.7
6.8
7.0999999
5.8999999
5.2
7.7999997
5.7000001
4.1
2.09999998
1.69999999
1.69999999
1.79999996
1.60000002
1.69999999
1.79999996
1.79999996
1.69999999
1.79999996
1.79999996
1.69999999
1.79999996
1.79999996
1.60000002
1.60000002
1.69999999
1.60000002
1.60000002
1.79999996
1.60000002
1.69999999
1.69999999
1.69999999
1.60000002
1.69999999
1.79999996
1.69999999
1.69999999
1.60000002
1.79999996
1.69999999
1.79999996
1.69999999
1.79999996
1.79999996
1.69999999
1.60000002
1.69999999
1.60000002
1.69999999
1.60000002
1.60000002
1.60000002
1.60000002
1.69999999
1.60000002
1.60000002
1.69999999
1.69999999
1.60000002
1.60000002
1.69999999
4.00000001
1.69999999
1.69999999
1.60000002
1.79999996
1.60000002
1.79999996
3.8
6.2000001
9.7000003
9.4000001
7.7775
7.9975
8.2425
8.0925
7.9675
12.7999997
8.5
10.8000002
7.2
6.4
6.4
6.2999999
6.4
4.3
6.4
6.4
6.5
6.60000000001
6.60000000001
6.39999999999
7.7999997
9.1999998
8.1675
8.5225
8.6575
11.4000001
10.1999998
9.9000001
10.8999996
11.2000003
7.99999980001
5.6000001
2.7
2.3
2.2
2.2
2.1
2.1
2.1
2.2
2.2
2.2
2.2
2.1
3.4
3.8
9.0999999
7.1000001
8.3000002
8.5
6.4000001
7.5
7.29999989999
8.5
6.79999989999
5.2
2.8
2.1
2.0
2.0
1.89999998
2.7
2.0
2.0
2.0
1.89999998
2.0
2.0
3.6999999
5.2
9.0999999
8.8000002
9.5
11.6999998
12.4000001
10.0
10.0999999
10.6999998
8.6000002
7.0999999
4.7
3.39999999999
3.39999999999
3.4
3.3
3.5
3.3
3.3
3.3
3.39999999999
3.39999999999
3.1
4.89999999999
6.29999989999
10.4000001
10.3000002
10.5
11.5999999
10.1999998
8.0999999
8.5999999
9.3000002
6.8
5.0
3.8
3.60000000001
3.5
3.3
3.5
2.50000001
3.7
3.5
3.39999999999
3.5
3.6
3.39999999999
3.6
3.3
3.39999999999
2.20000001
1.69999999
1.69999999
1.60000002
1.60000002
1.69999999
1.60000002
1.69999999
1.69999999
1.60000002
1.60000002
1.60000002
1.69999999
1.60000002
1.60000002
1.60000002
1.79999996
1.79999996
1.60000002
1.69999999
1.60000002
1.60000002
1.69999999
1.60000002
1.60000002
1.69999999
1.60000002
1.60000002
1.69999999
1.60000002
1.60000002
1.69999999
1.60000002
1.60000002
1.69999999
1.60000002
1.60000002
1.69999999
0.809278360306
0.0185567006192
0.0185567006192
0.0185567006192
0.0185567006192
0.0185567006192
0.018556700612
0.0185567006192
0.0185567006192
0.0185567006192
0.0185567006192
0.0185567006192
0.0185567006192
0.0185567006192
0.0185567006192
0.0185567006192
0.0185567006192
0.018556700612
0.0185567006192
0.0185567006192
0.0185567006192
0.0185567006192
0.0185567006192
0.0185567006192
2.53
2.6875
2.72
2.8
2.92
2.815
2.665
3.2825
4.61
5.925
6.54
6.9925
7.5825
7.41
6.505
6.18
6.7225
6.0625
5.2025
3.615
2.7675
2.5725
2.3775
2.32
0.909278330313
0.909278330306
1.60000002
1.69999999
1.79999996
1.60000002
1.69999999
1.79999996
1.60000002
1.60000002
1.69999999
1.60000002
1.60000002
1.60000002
1.60000002
1.60000002
1.60000002
1.60000002
1.60000002
1.60000002
1.60000002
1.60000002
1.60000002
1.60000002
3.5925
3.7275
3.8175
3.755
3.8275
3.845
3.885
5.265
6.05
7.795
8.01
7.9375
8.8425
9.095
8.36
8.495
8.92
8.2925
6.55
4.8425
3.915
3.6575
3.5475
3.475
1.69999999
1.60000002
1.60000002
1.69999999
1.60000002
1.60000002
1.60000002
1.79999996
1.60000002
1.60000002
1.60000002
1.69999999
1.60000002
1.60000002
1.60000002
1.79999996
1.60000002
1.69999999
1.60000002
1.69999999
1.60000002
1.60000002
1.60000002
1.60000002
2.9625
3.0575
2.985
2.89
2.8775
2.9175
2.93
3.0275
3.0975
3.02
2.96
2.8525
2.7075
2.955
3.0725
2.9225
2.6825
2.5525
2.4925
2.39
2.39
2.4675
2.5875
2.635
2.565
2.525
2.4825
2.4625
2.5275
2.52
2.4575
2.53
2.5075
2.6175
2.75
2.8475
2.8925
2.9075
2.91
2.8275
2.7025
2.58
2.5125
2.5375
2.5125
2.3875
2.3725
2.4325
2.75
2.34
2.2525
2.295
2.3225
2.3375
2.4
3.68
4.6925
7.4025
8.3525
8.885
9.14
8.99
8.8175
9.0275
9.4175
8.6275
6.74
4.7625
4.025
3.6775
3.5525
3.39
1.60000002
1.79999996
1.60000002
1.60000002
1.60000002
1.79999996
1.60000002
1.60000002
1.79999996
1.60000002
1.60000002
1.60000002
1.69999999
1.60000002
1.60000002
1.69999999
1.69999999
1.60000002
1.60000002
1.60000002
1.69999999
1.60000002
1.60000002
1.69999999
1.60000002
1.60000002
1.60000002
1.69999999
1.60000002
1.60000002
1.69999999
1.79999996
1.60000002
1.60000002
1.69999999
1.60000002
1.60000002
1.60000002
1.69999999
1.60000002
1.60000002
1.69999999
1.79999996
1.60000002
1.60000002
1.69999999
1.79999996
1.60000002
0.89999998
1.69999999
1.69999999
1.60000002
1.79999996
1.79999996
1.79999996
1.79999996
1.79999996
1.89999998
1.79999996
1.69999999
1.69999999
1.80000001
1.69999999
1.69999999
1.79999996
1.69999999
1.69999999
1.69999999
1.60000002
1.89999998
1.69999999
1.69999999
1.69999999
1.79999996
1.89999998
1.79999996
1.69999999
1.79999996
1.89999998
1.69999999
1.79999996
1.69999999
1.69999999
1.79999996
1.60000002
1.60000002
1.69999999
1.60000002
1.60000002
1.69999999
1.69999999
1.60000002
1.69999999
1.60000002
1.79999996
1.60000002
1.60000002
1.60000002
1.69999999
1.69999999
1.60000002
1.69999999
1.69999999
1.60000002
2.10000001
2.5
1.60000002
1.60000002
1.60000002
1.69999999
1.69999999
1.60000002
1.60000002
1.69999999
1.60000002
1.69999999
1.69999999
1.79999996
1.69999999
1.60000002
1.79999996
1.79999996
1.60000002
1.60000002
1.79999996
1.69999999
1.60000002
1.69999999
1.69999999
1.69999999
1.60000002
1.60000002
1.69999999
1.60000002
1.60000002
1.60000002
1.69999999
1.69999999
1.60000002
1.69999999
1.69999999
1.60000002
1.69999999
1.79999996
1.80000001
1.69999999
1.69999999
1.69999999
1.69999999
1.79999996
1.79999996
4.4
5.0
11.5999999
12.7999997
7.5825
7.86
8.0175
11.5
11.4000001
12.0
8.3999999
5.6000001
3.1
2.5
1.89999998
2.0
1.79999996
1.79999996
2.0
1.89999998
2.0
1.79999996
1.89999998
1.89999998
4.0000001
6.0
11.9000001
11.0999999
11.4000001
11.3000002
8.6999998
6.8999999
6.9
8.2999997
7.2000001
5.5
2.09999998
1.69999999
1.79999996
1.79999996
1.69999999
3.30000008
1.69999999
1.69999999
1.79999996
1.79999996
1.79999996
1.69999999
3.6
4.5
10.8000002
9.4000001
7.6225
7.8575
7.5675
12.6000004
12.5
7.4775
9.9000001
8.3000002
5.5999999
5.0
5.0999999
4.9000001
4.8000002
3.4000001
4.7000001
4.9000001
4.9000001
5.0
5.0
5.0999999
6.8999999
7.2000001
7.1275
7.6025
7.54
12.7999997
8.8825
11.5
10.9000001
9.5999999
7.5
5.0999999
2.3
1.89999998
1.79999996
1.79999996
1.60000002
1.80000001
1.79999996
1.79999996
1.79999996
1.79999996
1.79999996
1.79999996
3.7999999
5.8
9.6999998
10.0999999
11.0999999
11.0999999
11.1999998
10.5999999
10.5
10.6999998
8.5999999
5.4000001
2.5
2.0
2.2
2.0
2.0
2.0
2.1
2.0
2.1
2.1
2.0
2.1
2.0
2.1
2.0
2.0
2.3
2.2
2.2
1.89999998
2.0
1.89999998
2.0
2.0
1.89999998
2.0
2.0
2.1
2.0
2.0
2.0
2.0
2.1
2.0
2.0
2.0
1.89999998
2.0
2.0
1.89999998
2.0
1.89999998
1.89999998
1.89999998
1.79999996
2.0
1.89999998
1.89999998
2.0
2.1
2.0
2.0
2.1
3.5999999
2.0
2.0
2.0
2.0
2.0
2.2
4.7
6.6000001
11.5
9.7000003
10.5999999
7.6525
7.8325
12.0999999
12.1999998
8.19
12.0999999
8.8000002
6.2999999
6.1999998
5.3
4.8000002
4.9000001
5.7
5.1999998
5.1999998
5.0999999
5.5
5.2999999
5.5
7.4000001
9.2000003
8.05
12.8000002
9.49
10.005
9.745
11.7000003
8.4875
12.8000002
11.5
9.0
6.5
5.9000001
6.0
5.8000002
6.0999999
5.5
6.0
6.0999999
6.1999998
6.0
6.0999999
6.0
6.1999998
6.1999998
8.8999999
11.5
8.3000002
8.0000002
7.6000001
7.6999998
7.0
8.4999998
8.1000001
6.0
5.4
5.8999999
5.3999999
5.0999999
4.9000001
5.2000001
5.0
5.0
5.1999998
5.4
5.5
5.4
7.2000001
9.1000004
12.7000003
12.7999997
8.645
9.6625
10.29
12.2000003
11.0
11.6999998
12.5
10.0
7.1000001
6.0
6.0999999
5.7000001
5.6
5.6
5.7000001
5.6
5.8
5.8000002
5.8000002
5.8000002
7.2000001
8.7000001
12.3000002
12.0
12.7000003
9.315
9.0525
8.335
11.1999998
11.5
10.9000001
9.1999998
6.1000001
5.6
5.6
5.7000001
5.7000001
5.7000001
5.7000001
5.7000001
5.8000002
5.7000001
5.7000001
5.8000002
5.6
5.7000001
5.6
5.6
5.5
5.6
5.5
5.5
5.5
5.6
5.6
5.5
5.5
5.4
5.6
5.7000001
5.7000001
5.8000002
5.8000002
5.8000002
5.8000002
5.6
5.8000002
5.8000002
5.7000001
5.6
5.6
5.6
5.5
5.4
5.2999999
5.1999998
5.0999999
5.1999998
5.5
5.5
5.7000001
5.6
5.6
5.6
5.8000002
5.7000001
5.7000001
5.8000002
5.7000001
5.7000001
5.8000002
5.8000002
8.5
8.4000001
8.66
9.4625
9.6325
9.8825
10.075
10.6999998
11.5999999
9.9175
10.1999998
9.5
7.0999999
6.0999999
5.6
5.7000001
5.6
5.7000001
5.8000002
5.7000001
5.9000001
5.8000002
5.7000001
5.8000002
8.4000001
9.0
8.6475
12.6999998
12.7000003
10.64
10.5325
11.5
11.7999997
8.905
8.3
10.5
6.8000002
6.8000002
6.3000002
5.7000001
5.6
6.0
5.8000002
5.8000002
5.8000002
5.7000001
5.6
5.7000001
8.4000001
9.0
8.4375
9.2375
9.3325
9.71
9.44
12.4000001
12.5999999
12.5
9.2000003
8.6999998
6.7
6.0999999
6.0999999
6.0999999
6.1999998
4.8999999
6.1999998
6.1999998
6.3999999
6.4
6.4
6.5
8.4000001
9.5999999
8.3575
9.3225
9.8275
10.74
12.7000003
11.0999999
12.5999999
11.6999998
9.7999997
6.3999999
3.9
3.4
3.6
3.6
3.5
2.60000001
3.5
3.6
3.6
3.7
3.7
3.7
6.0
7.0999999
11.5
9.9000001
12.3000002
12.0
10.2999997
8.5
8.3000002
9.3000002
7.3000002
3.5
1.89999998
1.69999999
1.60000002
1.79999996
1.79999996
1.69999999
1.79999996
1.69999999
1.60000002
1.79999996
1.69999999
1.69999999
1.69999999
1.69999999
1.60000002
1.69999999
1.69999999
1.60000002
1.69999999
1.60000002
1.69999999
1.60000002
1.69999999
1.69999999
1.60000002
1.79999996
1.60000002
1.69999999
1.60000002
1.80000001
1.69999999
1.60000002
1.69999999
1.79999996
1.69999999
1.60000002
1.69999999
1.69999999
1.69999999
1.60000002
1.60000002
1.60000002
1.79999996
1.60000002
1.60000002
1.60000002
1.69999999
1.60000002
1.60000002
1.60000002
1.79999996
1.79999996
1.60000002
1.69999999
1.69999999
1.79999996
1.69999999
1.60000002
1.79999996
1.89999998
3.7
4.6000001
11.0
8.3999996
8.6999998
9.6999998
9.0999999
7.0999999
8.8000002
9.3000002
7.3
5.5
2.4
2.19999998
1.79999996
1.89999998
1.79999996
3.2
1.89999998
1.79999996
1.89999998
1.79999996
1.79999996
2.0
4.5
3.9
12.2999997
11.6000004
11.8000002
12.6999998
12.2000003
9.9000001
9.2000003
10.5
8.8000002
7.0
4.3
4.0999999
4.0999999
4.0999999
4.0999999
4.2999999
4.0999999
4.1999998
4.1999998
4.2999999
4.1999998
4.4
6.5999999
8.0999999
6.845
12.4000001
9.1575
12.5999999
10.8000002
8.6999998
10.5
10.9000001
8.6000002
7.1
4.7
4.4
4.4
4.5
4.4
4.7000001
4.3999999
4.4
4.4
4.5
4.5
4.8
6.7999999
7.1000001
8.26
12.5999999
9.85
10.705
12.3000002
11.8000002
11.0999999
10.8000002
9.8000002
7.3000002
5.5
4.8
4.9000001
4.8000002
4.9000001
4.8
4.9000001
4.9000001
4.8000002
4.9000001
4.9000001
4.8000002
6.5999999
7.7000003
11.5
9.4000001
9.7000003
10.4000001
10.5
8.8999999
7.8
9.1000004
8.0
6.5999999
5.0
4.0999999
4.4
4.4
4.5
4.4
4.4
4.6000001
4.5
4.6000001
4.5
4.5
4.6
4.4
4.2999999
4.2999999
4.1999998
4.0
4.0999999
4.0
4.0
4.1999998
4.1999998
4.1999998
4.2
4.2999999
4.5
4.2999999
4.5
4.4
4.6000001
4.5
4.5
4.5
4.5
4.5
4.4
4.4
4.4
4.2999999
4.2999999
4.0999999
4.2999999
4.0
4.0999999
4.0999999
4.1999998
4.1999998
4.1999998
4.1999998
4.5
4.5
4.5
4.6000001
4.7000001
4.8000002
4.7000001
4.7000001
4.8000002
5.0
6.8999999
8.5
8.8175
11.7000003
9.8925
10.0875
12.6999998
10.1999998
10.0
10.4000001
10.1000004
7.0
4.7000001
4.5
4.2999999
4.4
4.4
4.6
4.6
4.4
4.6000001
4.7000001
4.7000001
4.5
6.3999999
6.7
12.5999999
10.2999997
10.9000001
11.3000002
11.6999998
9.3000002
9.3000002
9.7999997
9.5
8.0999999
5.7
5.0999999
5.0
4.5
4.5
3.3
4.4
4.7000001
4.6
4.6
4.5
4.5
6.6
7.8
11.8999996
11.2999997
12.5999999
12.6999998
12.0
10.2999997
11.4000001
10.6999998
9.0
5.2000001
2.09999998
1.79999996
1.79999996
1.69999999
1.79999996
1.69999999
1.69999999
1.69999999
1.69999999
1.79999996
1.79999996
1.79999996
4.1
4.3
9.9000001
8.8000002
10.6000004
12.6000004
10.2000003
8.2999997
9.1000004
9.0999999
7.0
5.7
2.49999998
1.60000002
1.69999999
1.69999999
1.79999996
1.69999999
1.60000002
1.69999999
1.69999999
1.79999996
1.69999999
1.60000002
3.6
3.6
8.0999999
7.0
7.0
7.6
8.7999997
10.3000002
8.5
7.3999999
5.5
4.8
2.3
1.79999996
1.79999996
1.79999996
1.79999996
1.89999998
1.79999996
1.79999996
1.79999996
1.79999996
1.79999996
1.89999998
1.79999996
1.79999996
1.99999998
2.1
3.4
3.6
3.6
3.5
3.5
2.7
1.69999999
1.69999999
1.79999996
1.79999996
1.79999996
1.79999996
1.69999999
1.79999996
1.89999998
1.79999996
1.69999999
1.79999996
1.89999998
1.79999996
1.60000002
1.69999999
2.8
3.7
3.3
3.2
3.4
3.7
3.5
2.9
1.80000001
1.69999999
1.79999996
1.60000002
1.60000002
1.79999996
1.79999996
1.79999996
1.69999999
1.79999996
1.79999996
1.60000002
1.79999996
1.80000001
4.5
4.6000001
9.5999999
8.6999998
9.0
9.0999999
10.9000001
8.3999996
8.2999997
7.8000002
6.7999999
5.2
2.4
2.2
1.79999996
1.79999996
1.79999996
1.89999998
1.79999996
1.79999996
1.79999996
1.79999996
1.79999996
1.89999998
3.7
4.5
9.0999999
8.3
9.1000004
10.1000004
9.1000004
7.5
7.7000001
7.6999998
7.3
5.2999999
2.5
1.79999996
1.89999998
1.79999996
1.69999999
1.99999998
1.79999996
1.79999996
1.79999996
1.79999996
1.79999996
1.89999998
3.6
4.7999999
9.7000003
9.1999998
10.2999997
11.6999998
11.1999998
9.5
9.9000001
10.0999999
8.3999999
5.7
3.7
4.2
3.5
2.2
2.2
2.1
2.2
2.3
2.2
2.2
2.2
2.3
4.7999999
6.4
9.8999996
9.8000002
10.5
9.5999999
11.0999999
7.5999999
7.6000002
7.2000001
6.5999999
6.2
4.5999999
2.2
2.2
2.1
2.1
2.0
2.1
2.0
2.1
2.1
2.0
2.1
4.3
5.5
9.4000001
8.3000002
9.5
9.3999996
9.5999999
8.0999999
8.2999997
9.4000001
7.5999999
5.2
2.6
2.3
2.2
2.0
2.1
2.0
2.1
2.0
2.0
2.2
2.0
2.0
2.0
2.1
2.0
2.0
1.89999998
2.0
2.1
2.0
2.0
2.0
2.0
2.0
2.0
2.0
2.0
2.0
2.1
2.0
2.0
2.0
2.1
2.0
2.0
2.0
2.0
2.0
2.0
2.0
1.89999998
1.79999996
2.0
2.0
2.0
1.89999998
2.1
2.0
1.89999998
1.89999998
2.0
2.1
2.0
2.0
2.0
2.0
2.1
2.0
2.0
2.0
2.9
2.2
2.3
2.4
2.7
3.2
2.8
2.0
2.0
2.1
2.0
2.1
2.0
2.1
2.0
2.0
2.0
2.1
2.1
2.0
2.0
2.1
2.1
2.0
2.0
2.0
2.1
2.0
2.3
2.3
2.0
2.0
2.0
2.0
2.0
2.0
2.0
1.89999998
2.0
2.0
2.0
2.0
2.1
2.0
2.0
2.0
2.1
2.0
2.0
2.0
2.0
2.0
2.2
2.2
2.2
2.0
2.1
2.1
2.3
2.3
2.2
2.0
1.89999998
1.89999998
2.0
2.0
2.0
2.0
2.1
2.0
2.0
2.0
2.1
2.1
2.1
2.0
2.4
2.4
2.4
2.3
2.4
2.3
2.4
2.9
3.1
2.8
2.0
2.0
2.0
2.0
2.0
2.0
2.0
2.0
2.1
2.0
2.1
2.1
2.1
2.0
2.6
3.0
2.2
2.1
2.0
2.1
2.0
2.0
2.0
1.89999998
2.0
2.1
2.0
2.0
2.0
2.0
2.0
2.0
2.0
2.0
2.1
1.89999998
1.79999996
1.89999998
2.0
1.89999998
1.89999998
1.89999998
2.0
2.0
2.0
1.79999996
2.0
1.89999998
2.0
2.1
2.0
2.0
2.0
2.1
2.0
2.0
2.0
2.0
2.0
1.89999998
2.0
1.99999998
1.79999996
1.89999998
1.79999996
2.0
2.0
1.89999998
2.0
2.0
1.89999998
2.0
2.0
2.1
2.0
3.0
2.0
2.1
2.1
2.0
2.0
2.2
4.5999999
4.6000001
11.0999999
11.4000001
9.5675
10.055
12.7999997
12.2000003
9.2775
9.215
9.5
6.6000001
4.2
3.9
4.0
3.9
4.0
3.7
3.8
3.9
4.0
4.0
3.9
4.0
6.0
7.5000002
10.0
8.5
8.9000001
11.0
10.0
7.3
8.3000002
8.9000001
8.7000003
6.5
3.9999999
3.8
3.4
3.6
3.5
3.6
3.7
3.4
3.6
3.6
3.5
3.7
5.6999998
7.2
10.5999999
10.4000001
9.7999997
11.2999997
10.0999999
9.5
8.5999999
9.0999999
7.2000001
5.2000001
3.6
3.3
3.4
3.4
3.4
3.5
3.4
3.5
3.5
3.5
3.4
3.4
6.1999998
7.5
11.3000002
10.6999998
10.7999997
12.1999998
10.7999997
9.8000002
11.0999999
9.0999999
8.6000001
6.8
4.7999999
3.9
3.7
3.7
3.8
4.4999999
3.6
3.8
3.8
3.7
4.0
3.8
5.3999999
7.7000003
10.1999998
11.8999996
8.015
8.505
12.5
10.8999996
10.3999996
9.8000002
8.1000001
7.0
5.6000001
5.0999999
5.0999999
5.1999998
5.4
5.2999999
5.4
5.2999999
5.1999998
5.2999999
5.2999999
5.2999999
5.0999999
5.0
5.0999999
4.9000001
5.0
4.8000002
4.7000001
4.7000001
4.6
4.8000002
4.7000001
4.6
4.9000001
5.0
4.7000001
4.8000002
4.9000001
2.65918357551
0.11836735102
0.11836735102
0.11836735102
0.11836735102
0.11836735102
0.11836735102
0.11836735102
0.11836735102
0.11836735102
0.11836735102
0.11836735102
0.11836735102
0.11836735102
0.11836735102
0.11836735102
0.11836735102
0.11836735102
0.11836735102
0.11836735102
0.11836735102
0.11836735102
0.11836735102
0.11836735102
2.95918377551
2.95918377551
5.8000002
5.9000001
5.9000001
6.0
5.9000001
8.4000001
8.2999999
12.3999996
11.5
9.2375
9.475
9.7375
11.1999998
8.9000001
9.2999997
9.5999999
8.0000002
6.0
5.6
5.6
5.7000001
5.7000001
5.0
5.8000002
5.8000002
5.9000001
6.0
5.9000001
6.0
8.7000001
9.3000002
12.5999999
10.5
10.4000001
9.4
11.9000001
9.7999997
8.5999999
9.5
10.2999997
8.9000001
8.3
5.0
4.5
4.0999999
4.0
4.0999999
4.2999999
4.0
4.2999999
4.4
4.1999998
4.3999999
6.2
7.8000002
10.5
9.6999998
11.3000002
11.4000001
10.5
8.5
7.8
8.2999997
9.1999998
9.4000001
8.5
5.8999999
3.9
3.9
4.0
3.9
3.8
4.0
4.0999999
3.9
4.1999998
4.0
7.0
7.9000001
9.7000003
9.3999996
11.4000001
11.1000004
10.3999996
9.5
9.2000003
10.4000001
7.4000001
8.0
8.3000002
7.2999999
5.3999999
3.8
3.6
3.6
3.7
3.7
3.8
3.8
3.8
4.0999999
6.0
7.3
9.0
8.4000001
8.6000004
10.2999997
9.7999997
7.0999999
6.0
6.3999999
5.4
4.8999999
3.7
3.5
3.5
3.7
3.6
3.6
3.7
3.7
3.7
3.7
3.6
3.7
3.7
3.6
3.6
3.6
3.3
3.3
3.3
3.0
3.0
2.9
3.1
3.2
3.3
3.5
3.4
3.6
3.7
3.6
3.7
3.8
3.7
3.6
3.8
3.6
3.5
3.5
3.7
3.5
3.5
3.6
3.4
3.6
3.3
3.4
3.3
3.3
3.7
3.4
3.6
3.7
3.8
3.9
3.9
3.9999999
3.9
4.0
3.8
4.2
5.8000002
5.3999999
10.5
11.0
11.5
12.4000001
12.2999997
9.6000004
10.9000001
10.9000001
9.5
7.0
4.4000001
3.7
3.8
3.8
3.8
3.8
4.0
3.8
4.0
4.0
4.0999999
4.0999999
6.5
7.0
9.9000001
8.5999999
9.4000001
9.6999998
10.4000001
8.5
8.2000003
8.8000002
7.8000002
7.1999998
5.6
4.9000001
3.7
3.7
3.9
3.6
4.0
4.0
3.9
3.9
3.9
4.0999999
7.2000001
7.3999999
10.2000003
9.9000001
11.4000001
9.0025
12.1999998
11.6999998
11.8000002
11.0
9.5999999
7.3
4.3999999
3.5
3.6
3.6
3.6
3.4
3.4
3.7
3.5
3.7
3.6
3.7
7.0
6.8
10.7000003
9.1999998
9.5999999
11.1000004
11.5999999
11.1999998
10.5999999
10.0
9.2999997
6.2000001
4.2
3.7
3.8
3.7
3.7
3.9
3.7
3.7
3.8
3.8
3.9
4.0
6.8999999
7.2
10.2999997
10.5999999
10.2000003
9.485
9.31
10.2999997
10.3000002
10.1000004
8.5
6.5
3.9999999
3.8
3.7
3.6
3.8
4.0
3.9
3.9
3.8
4.0
3.9
4.0999999
4.0
4.0
3.9
3.9
3.9
3.8
3.6
3.7
3.6
3.8
3.8
3.7
3.7
3.8
3.9
3.8
3.9999999
3.8
4.0999999
4.0
3.9
3.9
4.0
4.0
4.0
3.9
3.8
3.8
3.7
3.6
3.6
3.6
3.6
3.8
3.6
3.6
3.6
3.7
3.8
3.9
3.8
3.8
3.8
3.9
3.8
3.9
4.0
4.1
6.7000001
6.5999999
11.0999999
10.0999999
9.29
9.54
10.9000001
10.2999997
9.5
9.8999996
7.9999998
6.0
3.9999999
3.8
3.9
3.9
3.8
2.79999998
4.0
4.0
3.9
4.0
4.0
3.9999999
6.6
7.2000001
9.7999997
9.5999999
10.1000004
11.1000004
9.9000001
8.9000001
8.5999999
7.2999999
5.6999998
3.8
2.2
2.2
1.89999998
1.79999996
1.89999998
1.89999998
1.89999998
1.89999998
1.79999996
1.79999996
1.79999996
1.99999998
4.3999999
3.7
8.8000002
7.1999998
8.1999998
9.8000002
8.0999999
7.1999998
9.5
8.0999999
6.2000001
4.2
2.7
3.3
2.8
2.0
2.0
2.7
2.0
2.0
2.0
2.1
2.1
2.0
4.4
5.6000001
8.5000002
8.4000001
9.0999999
9.9000001
9.9000001
9.2000003
8.7999997
7.8
7.0
5.0
3.6
3.2
3.2
3.3
3.6
3.4
3.4
3.4
3.4
3.6
3.5
3.5
5.9000001
5.9000001
9.8999996
7.3
9.9000001
9.7999997
8.6999998
8.1000002
6.7000001
7.8
6.6000001
4.3000001
3.4
3.3
3.2
3.2
3.3
3.3
3.4
3.4
3.5
3.5
3.3
3.6
3.3
3.6
3.3
3.2
3.2
3.1
3.2
3.1
3.0
3.1
3.1
3.2
3.1
3.3
3.5
3.4
3.6
3.5
3.5
3.6
3.5
3.6
3.6
3.6
3.5
3.4
3.5
3.4
3.3
3.3
3.4
3.2
3.1
3.1
3.1
3.2
3.2
3.3
3.3
3.3
3.5
3.6
3.5
3.6
3.7
3.7
3.5
3.7
6.0999999
5.9000001
10.5
9.8000002
10.2999997
11.7000003
11.0
10.5
9.4000001
11.0999999
9.1999998
7.0999999
4.9000001
4.6
4.1
3.6
3.9
3.7
3.8
3.8
3.9
4.0999999
3.8
3.8
6.1999998
5.6999998
10.2000003
8.8000002
9.0999999
10.2000003
10.3000002
8.7000001
7.8
8.6999998
6.3000002
6.0
3.7
3.3
3.4
3.7
3.6
3.7
3.6
3.6
3.7
3.8
3.6
3.8
6.1000001
5.7
10.0
9.0999999
9.1000004
10.4000001
9.0999999
8.2000001
8.4000001
7.8999999
7.0
5.6000001
4.1
3.9
3.9
3.7
3.5
3.4
3.6
3.6
3.6
3.7
3.5
3.7999999
6.0999999
6.1000001
8.9000001
9.0
8.6999998
9.6999998
10.0
8.3000002
9.7999997
8.0
6.5
5.8
7.2000001
7.4
4.7999999
3.4
3.5
3.4
3.6
3.4
3.5
3.6
3.7
3.6
3.5
3.4
3.4
3.5
3.3
3.2
3.2
3.1
3.2
3.2
3.1
3.1
3.1
3.3
3.3
3.2
3.4
3.4
3.4
3.3
3.3
3.3
3.4
3.5
3.2
3.3
3.4
3.4
3.3
3.2
3.3
3.3
3.3
3.3
3.4
3.3
3.3
3.3
3.5
3.4
3.4
3.3
1.8
3.4
3.6
3.5
3.4
3.4
3.6
3.4
3.5
3.5
3.5
3.6
3.3
3.3
3.3
3.5
3.3
3.3
3.4
3.4
3.4
3.6
1.7
3.5
3.48
3.59
3.6475
3.5775
3.685
4.8475
5.28
7.5275
7.8425
8.075
8.6725
9.0025
8.25
7.9425
8.065
7.09
5.49
4.0275
3.5225
3.4325
3.3975
3.42
1.8
3.4
3.6
3.4
3.6
3.5
3.6
5.3999999
6.5999999
6.0
5.3000002
4.9000001
5.5
4.5999999
3.6
3.4
3.5
3.4
3.4
3.4
3.3
3.5
3.6
3.7
3.7
3.6
3.7
3.6
3.7
3.6
3.7
5.3
6.2999999
5.9000001
5.8
6.2
6.2
4.6999998
4.3999999
3.5
3.5
3.7
3.6
3.6
3.3
3.5
3.5
3.5
3.4
3.4
3.5
3.5
3.5
3.5
3.4
5.2
6.1000001
5.5
4.9000001
3.7999999
3.5
3.3
3.3
3.3
3.4
3.3
3.3
3.2
3.4
3.4
3.3
3.5
3.4
3.3
3.5
3.3
3.5
3.5
3.3
3.5
3.6
3.3
3.3
3.2
3.3
3.3
3.0
3.1
3.2
3.1
3.2
3.1
3.2
3.2
3.4
3.5
3.4
3.5
3.3
3.6
3.4
3.5
3.5
3.4
3.5
3.3
3.2
3.2
3.2
3.3
3.1
3.0
3.0
3.0
3.2
3.0
3.2
3.1
3.2
3.4
3.2
3.3
3.4
3.5
3.4
3.4
3.5
3.3
3.6
3.4
3.2
3.1
3.0
3.1
2.9
2.9
2.8
2.8
3.1
2.8
3.0
3.1
3.0
3.3
3.3
3.2
3.2
3.3
3.5
3.6
3.4
3.5
3.6
3.6
3.2
3.3
3.1
2.9
2.9
2.8
2.6
2.6
2.6
2.7
2.6
2.8
2.9
3.0
3.1
3.2
3.0
3.3
3.3
3.3
3.4
3.3
3.4
3.4
3.3
4.2
4.5
3.8999999
3.2
3.2
3.1
3.1
2.9
2.9
3.0
2.7
2.9
2.8
3.1
3.1
3.2
3.3
3.3
3.3
3.3
3.3
3.3
3.3
3.1
3.4
3.0
3.0
3.0
2.9
2.8
2.8
2.8
2.8
2.8
2.9
2.9
2.9
3.0
3.3
3.0
3.1
3.2
3.4
3.3
3.4
3.4
3.3
3.3
3.0
3.2
2.9
2.8
2.7
2.5
2.5
2.6
2.6
2.5
2.6
2.9
2.9
3.2
3.1
3.1
3.3
3.2
3.3
3.3
3.4
3.4
3.3
3.2
3.3
3.4
3.3
3.0
2.7
2.7
2.6
2.5
2.7
2.9
3.0
3.1
3.1
3.1
3.2
3.1
3.1
3.4
3.4
3.5
3.4
3.4
3.4
3.4
3.3
3.3
3.2
3.3
3.2
3.0
3.1
3.1
3.1
3.4
3.3
3.3
3.5
3.3
3.4
3.4
3.6
3.4
3.5
3.4
3.6
3.6
3.3
3.4
3.2
3.2
3.1
3.1
3.0
3.1
3.0
3.1
3.2
3.1
3.3
3.3
3.2
3.3
3.3
3.3
3.3
3.4
3.4
3.6
5.4000001
5.5
10.9000001
10.5999999
10.0999999
10.4000001
12.5
7.5
8.4000001
9.5
5.8999999
4.0
2.9
3.1
2.9
3.2
3.2
3.2
3.3
3.4
3.5
3.5
3.5
3.5
5.3000002
4.7000001
11.0999999
8.4000001
10.0
10.9000001
9.0999999
7.8000002
6.7000001
6.3
4.7000001
3.9999999
2.6
2.7
3.0
3.2
3.3
3.4
3.5
3.4
3.5
3.4
3.6
3.5
5.2000001
5.6
10.0
8.1999998
9.5
11.0
8.7
7.4
7.2999999
6.1000001
4.7000001
3.7
3.0
3.7
3.5
3.2
3.2
3.1
3.6
3.5
3.5
3.7
3.7
3.6
5.5
6.1000001
9.9000001
8.4999998
9.5
9.6999998
9.5
7.5999999
8.0
7.7999999
6.1999998
3.8
2.6
2.6
2.8
2.9
2.8
3.3
2.9
3.1
3.1
3.3
3.2
3.3
5.0
5.1000001
8.9000001
9.4000001
10.8000002
10.8999996
8.5999999
7.1000001
5.5999999
5.9000001
5.4000001
4.0999999
3.4
3.3
3.1
3.1
3.2
3.3
3.4
3.4
3.5
3.6
3.5
3.6
3.7
3.3
3.5
3.5
3.3
3.1
3.0
3.0
2.8
2.9
2.8
2.7
2.9
3.0
3.1
3.2
3.2
3.4
3.6
3.5
3.5
3.5
3.8
3.6
3.5
3.4
3.6
3.7
3.3
3.2
3.2
3.2
3.1
3.0
3.1
3.1
3.1
3.2
3.3
3.2
3.4
3.9
3.3
3.3
3.4
3.6
3.4
3.6
5.2999999
5.3999999
9.8000002
8.5
11.0999999
12.0
10.6000004
7.9000001
7.0
7.0
6.5
4.5
3.4
3.5
3.9999999
4.0999999
4.4
3.2999999
4.5
4.7000001
4.9000001
5.0
5.0999999
5.0999999
7.1000001
7.0
9.9000001
8.1999998
6.5
8.5999999
8.6999998
6.5
5.4000001
5.3000002
5.1000001
3.4999999
2.4
2.3
2.2
2.2
2.2
2.3
2.4
2.4
2.3
2.2
2.2
2.4
4.8
4.1
8.3000002
7.0
6.5
9.0
7.8000002
6.2999999
6.3999999
5.8
4.5
3.5999999
2.2
2.2
2.2
2.3
2.3
3.3
2.3
2.4
2.2
2.2
2.4
2.3
4.0
3.9
8.2999999
6.9000001
10.0
10.4000001
9.0999999
7.7
7.5
6.6
6.2999999
5.3999999
4.5999999
4.2
4.7999999
5.1999998
5.2000001
4.7000001
4.7000001
5.0999999
5.0
5.2999999
5.2999999
5.7
7.9000001
7.5999999
10.5999999
9.5999999
9.8999996
11.0999999
9.8999996
9.1999998
7.5
8.1999998
7.7999999
6.8
4.5
4.5
4.6
4.6
4.9000001
4.9000001
4.8000002
4.8000002
4.9000001
4.8000002
4.9000001
4.8000002
5.0
5.0
4.9000001
4.6
4.4
4.4
4.0999999
3.9999999
3.7
3.6
3.8
3.9
4.2999999
4.4
4.5
4.7000001
4.7000001
5.2
5.4
5.1999998
5.2999999
5.4
5.5
5.5
5.5
5.6
5.6
5.4
5.0999999
5.0999999
4.5
4.0999999
3.6
3.6
3.6
3.7
4.1999998
4.2999999
4.6000001
5.0
5.1999998
3.9
5.4
5.6
5.8000002
5.8000002
5.9000001
6.0999999
7.5999999
7.6000001
10.6000004
7.1000001
7.7000001
10.0
10.5999999
8.1999998
7.0999999
6.6000001
5.4000001
3.9000001
2.3
2.3
2.2
2.4
2.4
3.9
2.4
2.4
2.4
2.4
2.3
2.4
4.5
4.1
6.5
5.3999999
6.8000002
7.7999997
10.5
9.0
9.4000001
8.3000002
7.2
5.6
4.9000001
5.0
5.2999999
5.4
5.5
5.4
5.5
5.5
5.6
5.5
5.6
5.6000001
7.8000002
8.0
12.1999998
10.4000001
10.0999999
12.3000002
11.7000003
8.9000001
9.4000001
8.6000001
7.7000001
5.5
4.6
4.8000002
5.0
5.0999999
5.2999999
5.1000001
5.4
5.2999999
5.5
5.4
5.4
5.2999999
7.3
7.3000002
10.5
10.0
11.3999996
11.4000001
10.3000002
9.0999999
9.7000003
7.6999998
6.8
5.4
4.0999999
4.0999999
4.0999999
4.2999999
4.7000001
4.6000001
4.8000002
5.0999999
4.9000001
5.0999999
5.1999998
5.4
7.4
7.0
9.8000002
10.0999999
9.5999999
10.4000001
10.1999998
8.8999996
7.3999999
8.5999999
7.0
5.6
4.4
4.4
4.4
4.5
4.6
4.7000001
4.7000001
4.9000001
4.8000002
5.0
4.9000001
5.1999998
5.1999998
5.1999998
5.2999999
5.2
5.0999999
5.0
4.8000002
4.8000002
4.8000002
4.8000002
4.6
4.5
4.4
4.6
4.6
4.8000002
4.7000001
4.7000001
4.6
4.7000001
4.8000002
4.8000002
4.8000002
4.6
4.5
4.4
4.4
4.5
4.4
4.2999999
4.1999998
4.0999999
3.7
3.6
3.9
4.2999999
4.1999998
4.4
4.4
4.3999999
4.5
4.5
4.6
4.8000002
5.0
5.0999999
4.8000002
5.0
5.0
5.0
4.8000002
4.5
4.2999999
4.1999998
3.7
3.7
3.9
3.9
4.0
3.9
3.9
4.0
4.2
4.4
4.4
4.6000001
4.4
4.5
4.5
4.4
4.4
4.5
6.2000001
7.5999999
7.505
9.9000001
10.6999998
11.7999997
10.7000003
10.0
8.4000001
9.9000001
9.2999997
7.2
4.7000001
4.7000001
4.8000002
5.0
5.0
3.6
5.1999998
5.0
5.2999999
5.1999998
5.2999999
5.1999998
7.4000001
6.5
11.5
9.2000003
8.7999997
10.0
9.5
7.6999998
7.4
6.7999997
5.1000001
4.5999999
2.5
2.6
2.4
2.2
2.3
2.3
2.3
2.3
2.3
2.3
2.2
2.3
4.2
3.9
7.3999998
8.1999998
12.5999999
12.0999999
10.0999999
8.5000002
6.5
5.5999999
4.4
4.2
2.4
2.1
2.2
2.0
2.2
2.2
2.2
2.1
2.2
2.1
2.1
2.1
4.4
4.5
7.1
8.6999998
9.3000002
10.5999999
8.1999998
7.0
5.7000001
7.0999999
6.5999999
3.3
2.3
2.2
2.3
2.3
2.2
2.2
2.2
2.2
2.2
2.2
2.2
2.1
2.2
2.2
2.2
2.0
2.2
2.0
2.1
2.0
2.2
2.0
2.1
2.0
2.2
2.0
2.1
2.1
2.2
2.2
2.1
2.2
2.1
2.2
2.1
2.1
2.1
2.0
2.1
2.0
2.1
2.1
2.2
2.0
2.1
2.0
2.0
2.1
2.0
2.0
2.0
2.1
2.0
3.5000001
2.0
2.0
2.2
2.1
2.1
2.1
4.0
4.5
8.0000002
7.5999999
8.2000003
9.9000001
9.2999997
8.2000003
8.0999999
7.5
7.2
5.3000002
3.8
4.0999999
4.3999999
4.5
4.8000002
5.0
4.8000002
4.9000001
5.0
5.0999999
5.1999998
5.0999999
7.2999999
7.6000002
11.0999999
9.1999998
9.2000003
11.5999999
10.6000004
10.0
8.4000001
8.4000001
7.0
6.2999999
4.7
4.5
4.6
4.9000001
5.0999999
3.7999999
5.0999999
5.5
5.5
5.5
5.7000001
5.7000001
7.2999999
7.3000002
9.4000001
6.2999999
7.1000001
8.9000001
7.4000001
6.5
6.5
6.2
4.9000001
3.7
2.6
2.3
2.2
2.2
2.2
3.6
2.2
2.3
2.3
2.2
2.3
2.2
4.1
4.6
10.4000001
12.0999999
11.9000001
9.675
9.495
8.7675
12.1999998
11.5999999
9.8000002
7.5999999
5.3999999
5.0
5.0999999
5.0999999
5.1999998
5.0
5.1999998
5.2999999
5.2999999
5.2999999
5.2999999
5.1999998
7.2999999
7.5
9.0
7.7000001
8.7000003
10.5
9.4000001
8.3
7.6999998
7.7999999
7.0
5.8
4.6
4.4
4.6
4.7000001
4.7000001
4.8000002
4.8000002
4.7000001
4.6
4.7000001
4.6
4.8000002
4.7000001
4.7000001
4.4
4.8999999
6.5999999
6.8999999
6.3
5.8
6.4000001
5.6000001
6.3
4.8
4.0
4.0999999
4.4
4.7000001
4.8000002
4.9000001
4.9000001
5.0
5.0
5.2999999
5.1999998
5.2999999
5.2999999
5.0
4.9000001
4.5
4.2999999
4.2999999
4.0999999
4.0
3.9
3.8
3.9
4.1999998
4.2999999
4.2999999
4.6
4.7000001
4.8000002
4.9000001
4.8000002
4.9000001
4.8000002
5.0
4.8000002
5.0
7.5
7.8999999
10.8000002
12.0
11.4000001
11.1999998
10.5
10.0
9.5999999
8.5
7.8999999
6.5
4.8000002
4.7000001
5.0
5.0
5.2999999
5.0999999
5.1999998
5.4
5.4
5.4
5.6
5.5
7.5
7.3999999
10.3000002
6.1999998
7.0
8.3999996
10.2999997
9.4000001
10.5
10.0999999
9.5
7.5
5.5
5.6
5.3
4.9000001
5.2999999
3.7
5.4
5.6
5.5
5.8000002
5.8000002
5.9000001
8.0
8.0
9.4000001
6.2999999
6.7999999
8.1000001
8.6000004
7.0999999
7.7999999
6.5
4.7
4.0
2.4
2.5
2.4
2.2
2.1
3.4000001
2.0
2.2
2.1
2.0
2.2
2.0
4.1999998
4.2999999
6.3
5.0
6.1000001
10.1999998
7.8999998
7.5
7.5
7.2999999
6.1
5.2
3.9999999
4.2999999
4.4
4.7000001
4.8000002
4.6000001
4.8000002
5.0
4.8000002
4.8000002
4.7000001
4.7000001
6.7000001
6.0
9.5999999
9.1000004
10.0
10.5999999
9.1999998
7.9000001
6.2999999
7.2000001
6.5999999
5.0999999
4.2999999
4.2999999
4.6
4.3999999
4.2999999
4.2999999
4.4
4.5
4.6
4.4
4.4
4.5
4.4
4.2
4.0999999
3.8
3.5
3.2
3.2
3.0
2.6
2.7
3.2
2.9
3.1
3.2
3.7
3.9999999
4.4
4.2999999
4.6
4.8000002
4.7000001
4.8000002
5.0
4.7000001
4.6
4.5
4.2999999
4.2999999
4.1999998
4.0999999
3.9999999
3.9
3.8999999
3.6
3.5
3.0
2.9
2.9
3.5
3.8
4.0999999
4.2999999
4.4
4.6
4.6
4.6
4.7000001
4.8000002
4.7000001
4.6
4.2999999
4.1999998
3.9
3.8
3.6
3.7
3.7
3.8
4.0
3.9999999
3.8
3.8
3.8
3.9
4.0999999
4.2
4.6
4.6
4.9000001
4.6
4.8000002
4.7000001
4.5
4.4
4.5
3.9999999
4.2
4.0999999
3.8
3.1
2.9
2.5
2.3
2.3
2.3
2.9
3.2
3.6
3.9
2.89999991
4.1999998
4.2999999
4.5
4.8000002
4.8000002
4.8000002
4.7000001
4.5
4.2999999
4.1999998
3.9
3.8
2.2
1.89999998
1.79999996
1.89999998
1.69999999
1.79999996
1.60000002
1.69999999
1.60000002
1.79999996
1.69999999
1.79999996
1.79999996
1.79999996
1.60000002
1.79999996
1.69999999
1.60000002
1.69999999
1.79999996
1.69999999
1.79999996
1.99999998
2.4
2.2
2.1
2.2
1.89999998
1.69999999
1.69999999
1.79999996
1.79999996
1.60000002
1.79999996
1.69999999
1.79999996
1.69999999
1.89999998
1.69999999
1.79999996
1.79999996
1.69999999
1.69999999
1.79999996
1.69999999
2.00000001
2.6
3.0
3.3
2.7
2.5
2.2
1.89999998
1.69999999
1.79999996
1.79999996
1.79999996
1.60000002
1.69999999
1.69999999
1.69999999
1.79999996
1.79999996
1.79999996
1.79999996
1.79999996
1.69999999
1.60000002
1.79999996
1.99999998
2.3
1.89999998
2.6
2.2
2.6
2.9
2.6
2.5
2.2
1.79999996
1.79999996
1.79999996
1.89999998
1.69999999
1.79999996
1.79999996
1.79999996
1.79999996
1.79999996
1.79999996
1.79999996
1.79999996
1.79999996
1.69999999
2.09999998
1.99999998
2.3
2.4
2.50000001
1.69999999
1.69999999
1.60000002
1.60000002
1.79999996
1.60000002
1.69999999
1.69999999
1.79999996
1.69999999
1.69999999
1.69999999
1.69999999
1.79999996
1.80000001
4.0
5.1000001
6.3
6.0
6.5
7.8
7.3
6.0999999
7.4
6.7
7.4
4.9000001
2.2
1.79999996
1.79999996
1.79999996
1.79999996
1.79999996
1.79999996
1.79999996
1.89999998
1.79999996
1.79999996
1.69999999
4.3999999
3.8
8.9000001
7.1999998
7.9000001
10.0
8.4999998
6.0999999
5.3000002
5.5
5.0999999
4.0
2.2
2.1
2.1
2.2
2.1
1.99999998
1.79999996
1.79999996
1.69999999
1.79999996
1.79999996
1.69999999
3.5
3.4
6.6999998
6.2
7.1000001
8.4000001
8.4000001
6.7000001
6.3
6.2
4.7000001
4.0999999
2.3
2.3
2.6
2.6
2.2
2.1
2.1
2.2
2.2
2.2
2.2
2.1
4.0
3.5
6.9
5.2000001
6.4
6.9
6.8999999
5.1999998
5.3
4.5
3.9
3.6999999
2.3
2.2
2.1
1.79999996
2.0
2.1
2.0
1.89999998
2.0
2.0
1.89999998
2.0
3.8
3.9
6.5
6.7000001
7.5
7.8
7.5
7.0999999
7.4000001
5.5999999
4.8
3.5
2.4
2.5
2.4
2.4
2.4
2.3
2.4
2.4
2.4
2.3
2.3
2.3
2.4
2.4
2.3
2.2
2.3
2.3
2.2
2.4
2.3
2.3
2.2
2.2
2.2
2.3
2.2
2.3
2.4
1.2
2.4
3.035
3.255
3.3425
3.3725
3.305
3.0475
2.7225
2.5725
2.5575
2.575
2.535
2.55
2.5225
2.495
2.34
2.23
2.1425
2.1275
2.13
2.1975
2.3325
2.5575
2.665
2.755
3.08
3.1875
3.2725
3.2325
3.135
3.8075
4.0175
5.1125
5.285
5.19
5.9075
6.0675
5.4475
5.145
4.9
4.4475
3.9225
2.965
2.645
2.6225
2.6425
2.815
2.825
2.8175
3.015
3.26
3.41
3.4625
3.4175
4.8025
4.88
6.475
6.5025
6.185
7.04
7.115
6.0275
5.4275
5.3025
4.7275
4.0825
3.135
2.78
2.7275
2.8775
2.99
2.935
3.1725
3.38
3.5475
3.5975
3.6075
3.5125
4.4925
5.2725
7.1525
6.6725
6.1925
6.78
6.4425
5.4725
5.165
4.9775
4.245
3.57
2.625
2.3375
2.225
2.1675
2.2425
2.435
2.4375
2.4125
2.44
2.42
2.455
2.47
3.6025
3.8975
5.1825
5.005
5.2425
5.885
5.9
5.385
5.3125
5.0025
4.29
3.5425
2.6625
2.295
2.115
1.995
1.9925
2.0075
2.0325
2.1075
2.1075
2.175
2.245
2.32
3.36
3.6775
4.6675
4.8275
5.1375
5.7775
5.6575
4.9075
4.255
4.1025
3.5375
3.14
2.53
2.2975
2.34
2.3525
2.3725
2.335
2.3425
2.3425
2.3925
2.38
2.355
2.395
2.44
2.4575
2.5425
2.5925
2.795
2.86
2.92
2.88
2.905
2.8225
2.7525
2.605
2.455
2.3675
2.335
2.3525
2.39
2.3625
2.47
2.6525
2.6925
2.705
2.725
2.655
2.5325
2.395
2.3525
2.3875
2.415
2.3525
2.33
2.39
2.3725
2.2625
2.305
2.27
2.25
2.28
2.32
2.2925
2.235
1.0
2.155
2.0
2.0
2.0
2.1
2.1
4.0999999
3.8999999
7.3999999
5.7000001
5.5
6.8
6.8999999
5.1999998
4.6000001
5.6
4.6000001
3.6
2.4
2.4
2.5
2.1
2.1
2.0
2.1
2.1
2.0
2.0
2.0
2.0
4.0
3.9000001
7.1000001
5.5
6.3999999
7.3999999
6.9
5.2000001
5.2000001
5.2999999
3.8999999
3.2
2.6
2.1
2.1
2.1
2.1
2.2
2.2
2.0
2.1
2.2
2.1
2.0
4.2
3.7
8.6999998
7.3
8.3
8.2000003
8.4999998
6.6000001
7.6999998
7.0
5.8
4.1000001
2.6
2.6
2.5
2.2
2.3
2.3
2.2
2.2
2.3
2.4
2.2
2.3
4.1999998
4.0000001
6.7
5.4000001
6.3999999
7.3999999
7.0
5.6000001
6.6000001
5.0
3.9
3.3
2.2
2.3
2.4
2.3
2.2
2.2
2.2
2.2
2.3
2.2
2.2
2.2
3.9
3.5999999
5.7
4.9000001
5.4
6.8999999
6.1000001
5.2
5.2
5.0999999
4.3
3.0
2.3
2.4
2.2
2.2
2.3
2.2
2.3
2.4
2.2
2.3
2.2
2.3
2.3
2.2
2.4
2.5
2.9
3.6
4.7000001
4.0999999
4.3000001
2.8
2.3
2.2
2.2
2.2
2.2
2.2
2.3
2.2
2.2
2.2
2.3
2.2
2.3
2.3
2.2
2.2
2.2
2.2
2.2
2.2
2.2
2.2
2.2
2.1
2.2
2.2
2.1
2.3
2.2
2.2
2.2
1.1
2.2
2.3825
2.4175
2.4275
2.4225
2.48
3.46
3.945
5.74
5.5175
5.4975
5.9775
6.08
5.275
5.055
4.9275
4.5125
3.7975
2.8725
2.5325
2.575
2.7875
2.94
1.1
2.9425
2.2
2.3
2.2
2.2
2.3
4.4000001
4.2
6.7000001
6.1000001
6.2000001
8.0999999
7.4000001
5.2999999
5.1999998
5.6000001
4.7999999
4.3999999
2.5
2.3
2.2
2.1
2.2
2.2
2.2
2.2
2.2
2.2
2.2
2.2
4.0999999
4.4999999
6.7
6.2
6.0
7.0
6.8999999
5.4000001
4.8999999
5.7999999
4.9
3.3
2.6
2.4
2.2
2.1
2.1
2.3
2.2
2.2
2.2
2.2
2.1
2.2
4.2
4.5
6.5
5.5
6.5
8.0
6.8999999
6.3
6.5
6.3000002
5.7999999
3.6
2.5
2.4
2.2
2.2
2.4
2.3
2.4
2.2
2.4
2.4
2.4
2.2
4.6
4.7
7.4000001
6.5999999
7.0
8.2999997
7.6000002
5.8
5.8
5.9000001
4.7000001
3.3
2.9
3.0
3.0
2.6
2.1
2.2
2.2
2.2
2.2
2.1
2.2
2.2
2.0
2.2
2.1
2.0
2.2
2.0
2.1
2.2
2.1
2.2
2.2
2.2
2.1
2.2
2.1
2.2
2.2
2.1
2.3
2.2
2.2
2.2
2.1
2.1
2.1
2.1
2.1
2.2
2.0
2.1
2.1
2.2
2.1
2.2
2.1
2.0
2.1
2.0
2.2
2.0
2.1
2.2
2.2
2.1
2.2
2.1
2.1
2.1
4.0
4.4
6.9000001
4.9000001
5.8999999
7.2000001
6.5999999
5.3000002
5.8
5.3999999
4.3999999
3.5
2.4
2.2
2.2
2.0
2.3
1.99999998
2.2
2.2
2.2
2.2
2.2
2.1
4.2999999
4.8
6.4000001
4.7000001
5.4
7.0
7.0
5.0
5.7
4.8999999
3.7
3.0
2.2
2.2
1.79999996
1.79999996
1.79999996
1.99999998
1.89999998
1.79999996
1.79999996
1.79999996
1.79999996
1.79999996
3.4
3.7
6.8
6.5
8.0
9.0
8.0
6.7000001
7.0
6.2
4.7
3.8
2.7
2.4
2.2
2.4
2.3
2.4
2.4
2.2
2.2
2.3
2.2
2.2
4.2999999
4.3
6.9000001
6.9000001
7.8
10.0999999
9.0999999
8.2
8.4000001
6.7
4.7
4.2
2.6
2.5
2.5
2.2
2.2
2.2
2.2
2.2
2.2
2.2
2.2
2.3
3.9999999
3.1
6.0
5.0999999
5.3999999
7.0
6.5
5.7000001
5.2999999
5.0999999
3.9999999
3.7
2.5
2.0
2.2
2.0
2.2
2.2
2.2
2.1
2.2
2.1
2.2
2.2
2.1
2.1
2.2
2.0
2.2
2.0
2.2
2.1
2.1
2.1
2.1
2.1
2.1
2.2
2.1
2.0
2.1
2.0
2.1
2.2
2.1
2.2
2.2
2.1
2.0
2.2
2.0
2.1
2.0
2.1
2.0
2.0
2.0
2.0
2.1
2.0
2.0
2.0
2.0
2.1
2.1
2.1
2.1
2.1
2.0
2.2
2.0
2.2
4.3999999
3.9
7.5
6.1000001
7.6
9.1000004
10.1000004
7.2
8.1000002
6.6000001
5.6
4.2
2.8
2.5
2.2
2.2
2.3
2.2
2.2
2.3
2.3
2.2
2.4
2.2
4.1
3.8
7.3
6.1000001
6.7999999
8.0999999
7.5999999
6.2000001
6.4000001
6.0
5.1000001
4.2
2.9
2.8
2.8
2.7
2.2
2.3
2.2
2.3
2.3
2.2
2.2
2.2
4.1999998
4.0
7.1000001
4.5
4.5
5.7000001
5.5
5.2999999
5.1999998
5.2
5.0999999
4.0
2.6
3.3
2.9
2.3
2.4
2.3
2.4
2.4
2.4
2.4
2.4
2.2
4.1999998
3.6
6.2000001
4.8
6.0
6.8
6.2
4.9
4.5
6.0
3.9999999
3.3
2.2
2.1
2.1
2.2
2.2
2.4
2.2
2.2
2.2
2.1
2.2
2.2
3.9
4.0
6.6000001
5.2999999
6.5
7.4000001
7.0999999
5.7999999
5.7000001
5.6000001
4.6
3.5
2.4
2.4
2.5
2.4
2.2
2.1
2.2
2.2
2.2
2.2
2.2
2.2
2.1
2.2
2.2
2.2
3.4
3.6
3.2
3.4
3.4
4.1999998
3.5
3.1
2.1
2.2
2.1
2.2
2.2
2.2
2.2
2.2
2.2
2.2
2.2
2.2
2.2
2.1
2.1
2.2
2.2
2.1
2.4
2.4
2.7
2.5
2.1
2.1
2.1
2.0
2.2
2.1
2.1
2.3
2.1
2.2
2.2
2.2
2.1
2.2
4.3000001
5.0
8.2999997
7.2999999
8.0000002
9.5999999
10.5999999
8.8000002
9.3000002
8.6999998
6.7999999
4.7999999
2.7
2.4
2.4
2.5
2.4
2.4
2.4
2.4
2.4
2.4
2.5
2.4
4.4000001
4.5999999
7.8000002
7.5
8.0999999
8.9000001
9.2999997
7.5999999
7.0999999
5.5
5.0999999
3.8999999
2.8
2.6
2.4
2.5
2.5
2.3
2.4
2.5
2.4
2.4
2.5
2.4
4.3999999
4.0999999
7.1
5.8000002
6.4000001
8.1000001
6.9000001
5.7000001
6.5999999
6.6999998
5.3999999
4.3000001
2.6
2.4
2.3
2.2
2.3
2.4
2.3
2.4
2.2
2.4
2.4
2.2
4.2999999
4.3999999
7.3000002
6.3999999
7.2999999
8.6999998
8.0000002
7.8999999
7.9000001
7.3999999
6.2000001
4.7999999
4.7999999
4.8
3.4999999
2.6
2.6
2.4
2.6
2.6
2.6
2.6
2.6
2.7
4.8
4.2999999
6.6999998
6.3
6.7000001
7.8000002
7.1000001
6.3999999
6.0999999
5.2999999
4.5
3.6
2.2
2.2
2.2
2.1
2.1
2.2
2.2
2.2
2.3
2.2
2.1
2.2
2.1
2.1
2.2
2.2
2.0
2.2
2.0
2.0
2.1
2.1
2.0
2.2
2.0
2.0
2.1
2.1
2.2
2.2
2.2
2.2
2.2
2.1
2.2
2.1
2.0
2.0
2.2
2.0
2.0
2.1
2.0
2.0
2.1
2.0
2.1
2.1
2.0
2.0
2.0
2.0
2.0
2.1
2.0
2.1
2.2
2.0
2.0
2.2
2.1
2.2
3.1
3.9
5.8000002
5.7999999
6.0
4.9
5.7
5.3999999
3.1
2.1
2.0
2.1
2.0
2.1
2.1
2.0
2.1
2.1
2.0
2.1
2.1
2.0
2.0
2.1
2.0
2.0
2.3
2.7
2.9
2.5
2.2
2.0
2.1
2.0
2.0
2.1
2.1
2.0
2.0
2.0
2.0
2.0
2.0
2.0
2.1
2.0
2.0
2.0
2.0
2.0
2.5
3.4
3.6
3.2
2.3
2.2
2.3
2.3
2.3
2.0
2.0
2.0
2.1
2.1
2.0
2.0
2.0
2.0
2.0
2.0
2.0
2.0
2.0
2.0
2.5
3.1
2.4
2.4
2.5
2.7
2.8
2.2
2.2
2.1
2.0
2.2
2.1
2.1
2.2
2.2
2.2
2.2
2.2
2.0
2.2
2.2
2.1
2.2
3.2
3.7
3.2
3.1
2.3
2.0
2.0
2.0
2.1
2.0
2.0
2.0
2.0
1.0
2.0
2.5225
2.535
2.54
2.5625
2.585
2.38
2.2875
2.2875
2.26
2.3475
2.38
2.3875
2.375
2.3775
2.365
2.3
2.265
2.1775
2.1875
2.2
2.2
2.215
1.0
2.1375
2.0
2.0
2.0
2.0
2.1
2.0
2.0
2.0
2.0
2.0
2.0
2.0
2.0
1.89999998
2.0
2.0
2.0
2.0
2.0
1.89999998
2.0
2.0
2.1
2.0
2.1
2.0
2.0
2.0
2.0
2.0
2.1
2.0
2.0
2.3
2.6
2.5
2.3
2.2
2.2
2.2
2.2
2.1
2.0
2.3
2.0
2.1
2.1
2.0
2.1
2.2
2.0
2.2
2.0
2.0
2.2
2.1
2.0
2.9
3.3
2.4
2.2
2.1
2.1
2.2
2.0
2.0
2.1
2.0
2.1
2.2
2.1
2.2
2.0
2.1
2.2
2.0
2.1
2.0
2.1
2.0
2.1
2.2
2.2
2.2
2.1
2.1
2.2
2.2
2.3
2.2
2.2
2.2
2.0
2.1
2.0
2.0
2.3
2.0
2.1
2.2
2.0
2.0
2.2
2.1
2.1
2.2
2.2
2.0
2.2
2.2
2.1
2.2
2.0
2.1
2.1
2.0
2.2
2.0
2.2
2.1
2.0
2.2
2.1
2.1
2.0
2.1
2.2
2.1
2.0
2.4
2.7
2.6
2.3
2.3
2.2
2.2
2.2
2.2
2.2
2.2
2.2
2.2
2.2
2.2
2.2
2.2
2.3
2.2
2.2
2.2
2.2
2.2
2.2
2.3
2.2
2.2
2.2
2.2
2.2
2.2
2.2
2.1
2.2
2.2
2.2
2.2
2.2
2.2
2.2
2.2
2.2
2.2
2.2
2.1
2.2
2.2
2.1
2.2
2.1
2.2
2.1
2.2
2.2
2.1
2.1
2.2
2.2
2.1
2.2
2.2
2.3
2.2
2.2
2.2
2.2
2.2
2.2
2.3
2.2
2.2
2.2
2.2
2.2
2.2
2.2
2.2
2.2
2.2
2.1
2.2
2.1
2.1
2.2
2.2
2.1
2.2
2.2
2.2
2.2
2.2
2.2
2.3
1.90000001
2.0
2.1
2.2
2.2
2.2
2.2
2.2
2.2
2.0
2.0
2.1
2.0
2.0
2.0
2.1
2.0
2.1
2.0
2.0
2.0
2.0
2.0
2.0
2.0
2.1
2.0
2.0
2.0
2.1
2.0
2.1
2.1
2.0
2.0
2.0
2.0
2.0
2.0
2.1
2.0
2.0
2.0
2.1
2.0
2.2
2.1
2.0
2.2
2.0
2.1
2.1
2.0
2.2
2.0
2.0
2.1
2.1
2.0
2.0
2.0
2.0
2.1
2.0
2.1
2.1
2.0
2.2
2.0
2.1
2.1
2.0
2.2
2.0
2.0
2.0
2.1
2.0
2.0
2.0
2.0
2.0
2.0
2.1
2.0
2.0
2.1
2.0
2.0
2.1
2.0
2.1
2.1
2.0
2.1
2.0
2.0
2.0
2.0
2.1
2.0
2.0
2.0
2.0
2.0
2.0
2.0
2.2
2.0
2.0
2.0
2.0
2.0
2.0
2.0
2.0
2.1
2.0
2.1
2.0
2.0
2.1
2.0
2.2
2.0
2.0
2.0
2.0
2.0
2.0
2.0
2.1
2.0
2.0
2.0
2.0
2.0
2.2
2.0
2.1
2.1
2.0
2.1
2.0
2.0
2.1
2.1
2.0
2.1
2.1
2.1
2.1
2.0
2.1
2.1
2.0
2.1
2.0
2.1
2.0
2.0
2.0
2.0
2.1
2.0
2.0
2.0
2.1
2.0
2.1
2.1
2.0
2.1
2.0
2.0
2.1
2.0
2.1
2.0
2.0
2.0
2.0
2.0
2.0
2.0
2.1
2.0
2.0
2.1
2.0
2.0
2.1
2.1
2.1
2.1
2.0
2.0
2.0
2.0
2.1
2.0
2.0
2.0
2.0
2.0
2.0
2.0
2.1
2.2
2.0
2.1
2.0
2.0
2.0
2.0
2.1
2.0
2.1
2.0
2.0
2.0
2.0
2.0
2.1
2.2
2.0
2.5
2.6
2.4
2.1
2.0
2.1
2.0
2.1
2.2
2.0
2.1
2.2
2.1
2.2
2.6
2.6
2.2
2.1
2.0
2.1
2.1
2.1
2.2
2.0
2.8
3.1
3.2
2.9
2.0
2.0
2.0
2.0
2.0
2.0
2.1
2.0
2.0
2.0
2.0
2.0
1.89999998
2.1
1.89999998
1.89999998
2.0
1.89999998
2.0
2.0
1.89999998
2.0
1.89999998
2.0
2.0
2.0
2.0
2.1
2.0
2.0
2.0
2.0
2.0
2.0
2.0
2.0
1.89999998
2.0
2.0
1.89999998
2.0
2.0
1.89999998
2.0
2.0
2.0
2.0
2.0
2.0
2.0
2.0
2.0
2.0
2.0
2.0
2.0
2.0
2.3
3.0
3.2
3.2
2.9
2.9
2.4
2.0
2.1
2.1
2.3
2.2
2.0
2.0
2.0
2.0
2.0
2.0
2.1
2.0
2.0
2.0
2.0
2.0
2.1
3.4
3.7
3.9999999
3.7999999
3.4
2.8
2.1
2.0
2.0
2.0
2.0
2.0
2.0
2.0
2.0
2.1
2.0
2.0
2.0
2.0
2.0
2.1
2.1
2.1
3.2
4.5
4.4
4.2999999
3.8999999
3.0
2.0
2.0
2.0
2.0
2.0
2.2
2.1
2.0
2.0
2.0
2.0
2.1
2.0
2.1
2.0
2.0
2.0
2.0
2.3
2.4
2.5
2.5
2.3
2.4
2.4
2.3
2.1
2.1
2.0
2.0
2.1
2.1
2.0
2.1
2.1
2.1
2.0
2.0
2.2
2.0
2.1
2.1
2.0
2.1
2.1
2.2
2.1
2.1
2.1
2.1
2.1
2.0
2.2
2.1
2.1
2.1
2.1
2.2
2.1
2.0
2.2
2.0
2.2
2.2
2.1
2.0
2.0
2.2
2.0
2.1
2.0
2.1
2.2
2.1
2.2
2.1
2.2
2.1
2.0
2.2
2.2
2.2
2.2
2.2
2.2
2.2
2.2
2.1
2.2
2.1
2.1
2.1
2.0
2.1
2.0
2.0
2.1
2.1
2.1
2.0
2.0
2.0
2.0
2.0
2.1
2.0
2.0
2.0
2.0
2.0
2.0
2.0
2.0
2.2
3.6
3.6
3.7
3.3
3.4
2.7
2.1
2.2
2.2
2.1
2.1
2.0
2.1
2.0
2.0
2.1
2.1
2.0
2.0
2.0
2.0
2.0
2.0
2.2
4.5
4.2999999
4.7
4.8000002
4.8000002
3.8
3.0
3.1
3.4
3.3
2.1
2.3
2.0
2.1
2.1
2.1
2.1
2.2
2.2
2.2
2.2
2.2
2.2
2.1
4.0
4.1
4.9000001
4.6
3.3
3.0
3.1
3.0
2.6
2.4
2.2
2.0
2.2
2.2
2.1
2.2
2.0
2.0
2.1
2.0
2.1
2.1
2.0
2.1
2.0
2.0
2.2
2.7
2.8
2.6
2.3
2.2
2.2
2.2
2.1
2.1
2.1
2.1
2.0
2.0
2.1
2.1
2.1
2.1
2.1
2.0
2.0
2.1
2.0
2.0
2.0
2.0
2.0
2.0
2.1
2.1
2.0
2.1
2.0
2.1
2.2
2.0
2.0
2.1
2.0
2.0
2.0
2.0
2.0
2.1
2.0
2.0
2.0
2.0
2.0
2.0
2.0
2.0
2.0
2.0
2.0
2.0
2.0
2.0
2.0
2.0
2.0
2.1
2.0
2.0
2.2
2.0
2.0
2.0
2.0
2.0
2.0
2.1
2.0
2.0
2.0
2.0
2.0
2.0
2.1
2.0
2.0
2.0
2.0
2.1
2.1
2.1
2.1
2.0
2.0
2.1
2.0
2.1
2.1
2.0
2.2
2.0
2.1
2.2
2.1
2.2
2.1
2.1
2.1
2.1
2.0
2.1
2.0
2.0
2.1
2.0
1.80000001
2.1
2.2
2.0
2.2
2.0
2.0
2.2
2.0
3.5999999
6.3999999
5.6000001
6.0
4.4
4.7000001
4.9000001
4.8
4.0999999
1.79999996
1.79999996
1.79999996
1.89999998
1.60000002
1.79999996
1.69999999
1.69999999
1.89999998
1.60000002
1.69999999
1.69999999
1.60000002
1.69999999
1.79999996
3.3
4.0999999
3.5
3.6
4.7999999
4.5
3.7999999
5.4000001
4.5999999
3.3
2.4
2.2
1.89999998
1.89999998
1.79999996
1.69999999
1.79999996
1.79999996
1.89999998
1.79999996
1.79999996
1.89999998
5.6
5.1
9.2000003
6.5
7.4000001
7.5
7.4000001
7.0
6.3999999
7.0
6.2999999
3.6999999
2.0
1.69999999
1.69999999
1.69999999
1.69999999
1.79999996
1.69999999
1.69999999
1.60000002
1.69999999
1.69999999
1.60000002
3.9999999
3.7
8.3
7.4
7.0
7.3999999
7.0
6.5
5.2
5.2000001
4.4000001
2.9
2.0
1.79999996
1.69999999
1.69999999
1.69999999
1.69999999
1.79999996
1.69999999
1.79999996
1.79999996
1.79999996
1.79999996
1.79999996
1.79999996
1.60000002
1.79999996
1.60000002
1.69999999
1.79999996
1.60000002
1.89999998
1.69999999
1.69999999
1.79999996
1.60000002
1.79999996
1.69999999
1.79999996
1.69999999
1.69999999
1.79999996
1.60000002
1.79999996
1.79999996
1.69999999
1.79999996
1.69999999
1.60000002
1.69999999
1.60000002
1.69999999
1.69999999
1.60000002
1.79999996
1.60000002
1.60000002
1.69999999
1.60000002
1.69999999
1.60000002
1.60000002
1.69999999
1.69999999
2.29999998
1.69999999
1.69999999
1.69999999
1.69999999
1.79999996
1.69999999
4.0999999
4.3000001
8.4999998
6.0
6.2
8.4999998
8.3000002
7.6999998
6.2
6.0
4.9000001
3.4
2.4
2.4
2.4
2.6
2.6
2.8
2.9
2.8
3.0
2.8
3.1
2.9
5.4
5.2000001
8.5
7.1
7.4000001
10.1999998
9.5
7.7
7.0
6.3
7.5
4.5
3.5
2.7
2.9
2.8
3.0
2.9
3.0
3.1
3.0
3.2
3.1
3.2
5.2999999
5.3000002
9.5
8.0999999
7.6000001
10.0
7.8000002
6.7999999
7.5999999
6.4000001
5.7999999
3.9
2.9
2.6
2.6
2.8
2.8
2.8
2.9
2.9
2.9
3.1
3.0
3.1
5.5999999
5.3999999
8.8
8.7999997
7.8999999
9.0
9.4000001
7.2999999
6.3
6.3
5.6000001
4.0
2.5
2.4
2.6
2.6
2.6
2.7
2.9
2.8
2.9
2.9
3.0
3.0
5.4000001
4.7
8.1000001
6.7000001
7.0
8.4000001
6.6999998
6.8
6.4000001
7.8999999
7.0
4.5
2.8
2.6
2.6
2.6
2.6
2.8
2.7
2.7
2.8
2.8
2.8
2.8
2.7
2.7
3.0
2.8
2.7
2.8
2.8
2.6
2.7
2.5
2.5
2.6
2.5
2.6
2.7
2.6
2.8
2.8
2.8
2.9
2.9
2.9
2.8
2.9
2.9
2.8
2.8
2.8
2.7
2.6
2.5
2.5
2.5
2.4
2.5
2.4
2.5
2.6
2.7
2.9
2.7
3.1
2.8
2.9
2.8
3.2
2.9
3.0
5.6999998
4.4000001
9.7999997
8.5999999
9.6999998
10.5
10.0999999
9.6000004
9.1999998
8.8000002
7.7
5.9000001
3.5
3.2
3.1
3.3
3.3
3.7999999
3.3
3.1
3.2
3.2
3.1
3.1
5.5999999
4.4000001
8.3999998
7.1
8.0999999
11.0
10.0
8.4000001
8.0999999
8.1999998
8.5999999
5.4000001
4.5
4.0
3.9999999
4.0999999
4.0999999
2.80000001
4.2
4.4
4.2999999
4.4
4.5
4.6
7.0
6.5
8.6000004
6.9000001
6.7999999
8.6000004
7.9000001
5.6000001
6.2999999
5.7999999
4.3999999
3.8
2.2
3.1
2.9
1.69999999
1.69999999
2.20000001
1.79999996
1.69999999
1.79999996
1.69999999
1.69999999
1.69999999
4.0
3.2
7.0
6.7
7.2
9.0
9.7999997
7.7999999
6.7000001
8.2
7.5000002
5.9000001
3.2
2.8
2.7
2.8
2.8
3.0
3.1
3.0
3.0
3.0
3.1
3.0
5.5
4.5
8.2999997
7.0
7.9999998
9.0
8.1000001
7.3999999
6.5
6.7000001
6.0
4.5
2.9
2.7
2.9
2.8
2.9
2.9
2.9
3.1
3.1
3.1
3.1
3.1
3.1
3.2
2.8
3.0
2.8
2.6
2.6
2.6
2.4
2.3
2.3
2.3
2.4
2.5
2.7
2.8
2.6
2.8
3.0
2.8
3.1
2.9
3.1
2.8
3.1
2.9
3.0
2.8
2.8
2.8
2.6
2.6
2.7
2.6
2.6
2.6
2.6
2.7
2.9
2.8
2.7
2.9
2.8
2.9
3.0
2.9
3.0
2.9
5.0999999
5.0
9.6999998
8.5999999
9.0999999
9.7000003
9.5
7.1999998
7.6000001
7.6
6.5999999
4.8999999
3.3
2.9
2.8
3.0
2.9
3.1
3.2
3.0
3.1
3.2
3.2
3.5
5.8
4.7000001
8.2999999
7.2000001
7.3999999
8.2000001
8.8000002
7.6000001
7.4
7.3000002
6.5999999
4.8
3.6
3.3
3.5
3.0
3.1
3.2
3.2
3.3
3.4
3.3
3.3
3.3
6.1000001
5.2999999
8.9000001
8.2000003
8.8000002
9.9000001
9.2000003
8.9000001
8.5999999
8.5999999
7.1999998
5.8000002
3.5
3.3
3.1
3.1
3.1
3.2
3.2
3.2
3.2
3.4
3.3
3.4
5.7000001
4.5
8.5999999
8.5999999
8.8999996
10.0999999
10.7000003
7.8000002
6.4
7.0
8.2000003
5.5
4.8999999
4.6000001
3.8999999
3.3
3.2
3.2
3.2
3.5
3.3
3.4
3.5
3.4
6.0
5.2999999
9.3000002
8.3000002
9.4000001
9.7999997
9.0
8.6999998
7.8000002
7.0999999
5.7000001
4.6
2.9
2.8
2.8
3.0
3.1
3.2
3.1
3.3
3.4
3.3
3.4
3.4
3.4
3.3
3.2
3.7
3.3
3.2
2.9
2.8
2.6
2.6
2.6
2.6
2.8
2.8
3.0
3.1
2.9
3.0
3.1
3.1
3.3
3.2
3.3
3.2
3.3
3.3
3.4
3.1
3.1
2.9
2.9
2.8
2.6
2.6
2.7
2.6
2.7
2.8
2.9
3.0
3.1
3.1
3.1
3.4
3.1
3.1
3.3
3.5
6.3000002
5.0
8.7999997
7.7999997
7.7000001
8.7000003
8.5
7.7999999
7.6
6.1999998
7.2000001
4.2000001
3.0
2.8
3.0
3.1
3.1
3.3
3.1
3.3
3.3
3.3
3.4
3.4
5.8
5.7000001
8.4999998
7.2
7.4000001
9.1999998
8.0
6.8
6.6999998
6.2999999
6.3999999
5.4000001
5.0999999
5.6000001
3.4
3.0
3.1
3.2
3.2
3.2
3.4
3.2
3.3
3.5
6.0999999
5.7999999
9.7999997
9.2000003
9.3000002
9.3000002
8.8000002
8.4000001
7.0
7.0999999
8.5999999
5.4000001
4.2
4.0
2.9
3.0
2.9
3.3
3.0
3.2
3.2
3.3
3.1
3.2
6.3
6.0
8.1999998
8.0999999
8.5
8.7999997
9.8000002
8.0999999
7.9999998
7.0
7.5
4.7
3.2
2.8
2.9
3.0
3.1
3.1
3.2
3.1
3.3
3.3
3.3
3.6999999
5.3999999
5.9
8.5
7.5
8.3999996
8.6999998
8.4000001
7.2999999
5.6
6.4000001
5.9
4.5
3.2
2.9
2.9
3.0
3.1
3.1
3.4
3.2
3.2
3.3
3.4
3.4
3.5
3.2
3.2
3.3
3.1
3.0
2.9
2.9
2.9
2.8
2.8
2.9
2.8
3.1
3.0
3.1
3.0
3.2
3.3
3.2
3.3
3.4
3.4
3.3
3.4
3.1
3.0
3.1
3.1
3.0
3.0
2.7
2.7
2.8
2.8
2.8
2.8
2.9
2.9
3.1
3.0
2.9
3.0
2.9
3.2
3.1
3.1
3.2
5.5999999
6.2
8.7
7.2999999
7.8999999
8.6999998
9.7999997
9.2000003
9.2000003
8.8999996
8.2
6.0
3.7
2.9
2.9
2.8
2.8
3.0
3.0
2.8
2.9
3.0
3.0
2.9
5.5999999
5.5
10.4000001
9.0
8.5
8.2000001
8.4000001
6.7
6.2999999
7.0
6.4
5.2
3.3
2.9
3.1
3.0
3.0
3.2
3.1
3.3
3.3
3.3
3.3
3.3
5.8
5.5
10.4000001
10.5
8.7999997
9.1999998
8.9000001
7.9999998
7.0
7.0999999
6.5999999
4.5
3.2
3.0
3.2
3.3
3.2
4.0000001
3.5
3.5
3.4
3.5
3.5
3.5
5.9
6.6000001
10.2000003
8.4000001
9.0
9.7999997
10.0
10.6000004
9.4000001
9.8000002
8.5999999
6.8999999
4.5
4.0999999
4.2999999
4.5
4.8000002
4.6000001
4.9000001
4.8000002
4.8000002
4.9000001
4.8000002
4.8000002
4.8000002
4.8000002
4.7000001
4.6
4.1999998
3.9999999
3.8
4.2999999
4.2999999
5.3000002
3.4
3.6
3.9999999
4.1
4.0
4.4
4.2999999
4.5
4.6
4.6
4.8000002
4.8000002
4.8000002
4.9000001
4.8000002
4.8000002
4.9000001
4.8000002
4.6
4.2999999
4.1999998
4.0999999
4.0999999
4.0999999
4.0999999
3.9999999
4.2999999
4.2999999
4.4
4.3999999
4.2999999
4.6
4.4
4.4
4.5
4.7000001
4.6
4.6
4.6
4.6
4.4
4.6
4.4
4.2999999
4.0
4.0999999
3.9
3.9
3.8
4.0999999
4.0999999
4.2999999
4.1999998
4.4
4.5
3.4
4.6
4.8000002
4.9000001
5.0
5.0
5.2999999
7.6000001
7.3
11.4000001
10.2000003
10.6999998
9.3000002
10.0
7.7000001
6.5
6.5999999
8.2999999
5.0999999
2.6
2.6
2.5
2.2
2.2
3.4
2.1
2.2
2.3
2.2
2.1
2.2
5.0
3.9999999
8.1000001
7.8000002
7.2000001
10.5
10.1999998
9.0
8.9000001
9.8000002
9.9000001
8.0
5.4000001
4.8
4.5
4.6
4.6
3.19999998
4.7000001
4.8000002
5.0
5.0
5.1999998
5.4
8.0000002
8.0000002
11.0
7.1999998
7.5
8.3999999
8.0
7.3
7.1
5.8000002
6.9
4.8999999
2.19999998
2.4
1.90000001
1.69999999
1.79999996
1.69999999
1.69999999
1.69999999
1.60000002
1.60000002
1.69999999
1.69999999
4.5
4.4000001
7.6000002
6.4
6.7999999
8.0
9.2000003
9.2999997
7.1
7.4
6.7999999
4.9000001
3.1
2.8
2.4
1.79999996
1.79999996
1.79999996
1.69999999
1.69999999
1.79999996
1.69999999
1.79999996
1.79999996
4.3000001
3.6999999
8.2
6.0
7.8000002
7.8
8.0999999
6.6
5.8999999
7.3999999
6.3999999
4.1
1.90000001
1.69999999
1.69999999
1.79999996
1.69999999
1.79999996
1.69999999
1.69999999
1.69999999
1.69999999
1.60000002
1.60000002
1.69999999
1.69999999
1.60000002
1.69999999
1.69999999
1.60000002
1.79999996
1.69999999
1.60000002
1.69999999
1.60000002
1.60000002
1.69999999
1.60000002
1.60000002
1.60000002
1.60000002
1.60000002
1.69999999
1.69999999
1.69999999
1.79999996
1.80000001
1.60000002
1.60000002
1.79999996
1.60000002
1.60000002
1.60000002
1.60000002
1.69999999
1.60000002
1.69999999
1.60000002
1.60000002
1.60000002
1.69999999
1.60000002
1.69999999
1.69999999
1.60000002
1.79999996
1.69999999
1.60000002
1.79999996
1.79999996
1.69999999
1.79999996
4.0
3.5
9.0999999
6.8000002
6.7999999
6.7
7.5999999
6.1999998
5.7
5.7999999
6.2999999
4.2000001
2.2
1.99999998
1.69999999
1.79999996
1.79999996
1.69999999
1.69999999
1.79999996
1.69999999
1.60000002
1.79999996
1.89999998
4.6
3.7999999
7.1999998
5.8
6.8999999
7.5000002
8.6999998
7.4
6.7000001
6.5999999
6.8999999
4.2
2.3
1.99999998
1.69999999
1.69999999
1.79999996
1.89999998
1.60000002
1.69999999
1.69999999
1.79999996
1.79999996
1.89999998
4.9
4.5
8.7999997
8.0999999
8.5
9.9000001
9.3000002
8.2000003
8.1000002
8.0
7.0999999
4.7
2.4
1.79999996
1.89999998
2.0
2.0
2.1
2.1
2.0
1.89999998
1.89999998
1.89999998
2.3
5.1
5.7000001
8.5999999
7.0999999
7.5
8.4000001
8.5
7.9000001
8.5
7.9000001
7.1000001
4.2
2.7
2.3
2.3
2.2
2.2
2.2
2.3
2.2
2.3
2.3
2.2
2.4
5.5
4.6000001
8.0
9.4000001
10.9000001
11.8000002
10.2999997
6.8
6.1
6.6
6.0
4.0
2.7
2.3
2.3
2.2
2.2
2.3775
2.4375
2.4325
2.4275
2.4975
2.4975
2.445
2.505
2.56
2.6075
2.62
2.7625
2.96
3.0625
3.08
3.0725
2.9875
2.81
2.7825
2.745
2.7
2.6975
2.73
2.7775
2.7675
2.7675
2.7975
2.795
2.79
2.8275
2.8325
2.815
2.765
2.675
2.53
2.4525
2.455
2.475
2.525
2.5625
2.6075
2.59
2.5725
2.5775
2.5125
2.5125
2.5125
2.5325
2.5025
2.4
2.2
2.2
2.2
2.2
2.3
2.2
2.2
2.9
3.5
3.7
4.5
5.2
4.5
3.3
2.4
2.5
2.4
2.4
2.4
2.4
2.4
2.4
2.4
2.4
2.4
2.4
2.4
2.4
2.5
2.4
2.4
3.1
3.0
3.2
4.0
4.5
4.0
3.4
3.2
2.5
2.5
2.5
2.4
2.4
2.5
2.4
2.4
2.3
2.5
2.5
2.4
2.4
2.4
2.4
2.5
2.6
2.6
2.5
3.1
3.4
2.9
2.4
2.4
2.5
2.4
2.4
2.4
2.3
2.3
2.3
2.2
2.3
2.2
2.2
2.3
2.2
2.3
2.2
2.3
2.9
2.9
2.9
2.4
2.4
2.5
2.4
2.4
2.4
2.4
2.4
2.4
2.4
2.2
2.2
2.3
2.3
2.3
2.3
2.3
2.3
2.3
2.4
2.3
2.6
2.4
2.5
2.9
3.4
3.1
3.9000001
3.1
3.8
2.7
2.4
2.5
2.4
2.4
2.5
2.4
2.4
2.4
2.5
2.4
2.4
2.5
2.4
2.4
2.5
2.4
2.4
2.4
2.4
2.4
2.4
2.4
2.4
2.4
2.4
2.4
2.4
2.4
2.4
2.4
2.4
2.5
2.4
2.4
2.4
2.4
2.4
2.4
2.4
2.3
2.4
2.4
2.3
2.3
2.4
2.2
2.3
2.4
2.3
2.4
2.4
2.4
2.4
2.4
2.4
2.4
2.4
2.7
2.6
2.6
2.6
5.7
4.7999999
9.9000001
8.2000001
8.5999999
8.8000002
9.8999996
10.2000003
9.5
9.1999998
8.5
7.1999998
3.4
2.7
2.4
2.4
2.4
2.3
2.5
2.4
2.5
2.4
2.4
2.5
4.3999999
4.0999999
9.0999999
7.3
8.0999999
9.2999997
9.7999997
7.2999999
9.0
9.5999999
9.8999996
6.6999998
3.0
2.2
2.2
2.2
2.2
2.4
2.4
2.3
2.2
2.4
2.2
2.3
5.3000002
5.0
9.0999999
9.6999998
10.0
11.8000002
10.0
7.9000001
8.7000003
8.8999996
10.0
7.0999999
3.9999999
3.6
3.5
2.9
2.7
2.5
2.6
2.6
2.6
2.6
2.5
2.8
5.4000001
4.5999999
9.4000001
9.5999999
10.0
9.9000001
11.0999999
9.5999999
9.6000004
10.1999998
9.2000003
7.6000001
2.9
2.4
2.4
2.5
2.4
1.20620689642
0.0124137928287
0.0124137928251
0.0124137928287
0.0124137928287
0.0124137928251
0.0124137928287
0.0124137928287
0.0124137928251
0.0124137928287
0.0124137928287
0.0124137928287
0.0124137928251
0.0124137928287
0.0124137928287
0.0124137928251
0.0124137928287
0.0124137928287
0.0124137928251
0.0124137928287
0.0124137928287
0.0124137928251
0.0124137928287
0.0124137928287
2.1725
2.31
2.36
2.1875
2.0625
1.98
1.8925
1.9
1.7225
1.69
1.775
2.0475
2.5125
2.595
2.6925
2.82
2.82
2.57
2.325
2.15
2.0125
2.025
2.0025
2.02
2.0675
2.095
2.1225
2.115
2.1025
2.13
2.02
1.995
2.0
1.9625
1.9875
2.0225
2.045
2.035
1.865
1.84
1.8575
1.815
1.9125
1.845
1.825
1.98
2.135
2.1925
1.10620689641
0.906206876414
1.60000002
1.60000002
1.69999999
1.79999996
1.79999996
4.6
3.7
8.5999999
6.6000001
7.1
7.4999998
8.4000001
9.3000002
8.9000001
9.9000001
10.0999999
7.9000001
4.7999999
3.8
2.7
2.3
2.3
3.3
2.4
2.3
2.3
2.2
2.4
2.2
5.1
4.7999999
10.1999998
9.9000001
10.7999997
11.9000001
12.0
10.5
10.8999996
12.1000004
12.0
11.3000002
10.0
7.0
5.6
4.4
4.6
3.09999998
4.6
4.6
4.5
4.6
4.5
5.0
9.5
8.5
8.5
8.4000001
9.6999998
10.9000001
9.5999999
8.5999999
7.9000001
9.9000001
10.5
8.8000002
7.3999999
4.7999999
2.3
1.69999999
1.60000002
1.80000001
1.79999996
1.69999999
1.60000002
1.79999996
1.79999996
2.20000001
5.2999999
5.2000001
7.9000001
7.1000001
8.1999998
9.4000001
8.9000001
8.3999998
8.6000004
9.9000001
10.4000001
7.5
9.0
8.0999999
4.0000001
2.2
2.2
3.8
2.2
2.2
2.2
2.2
2.2
2.7
5.6000001
5.5
10.2999997
11.8000002
12.4000001
11.9000001
12.7000003
10.4000001
10.0999999
11.7999997
10.5999999
9.2999997
6.3999999
5.5
5.6
5.6
5.5
3.59999998
5.5
5.5
5.5
5.4
5.3999999
5.1999998
5.4
5.1999998
5.4
5.3999999
5.2000001
3.1
3.3
3.2
3.3
1.99999998
1.79999996
1.79999996
1.79999996
1.89999998
1.89999998
1.89999998
1.79999996
1.79999996
1.89999998
1.89999998
1.79999996
1.79999996
2.0
1.79999996
1.89999998
1.79999996
1.79999996
2.1
2.1
2.0
2.4
2.6
2.4
1.69999999
1.69999999
1.79999996
1.69999999
1.60000002
1.60000002
1.79999996
1.69999999
1.69999999
1.69999999
1.79999996
1.79999996
1.69999999
1.79999996
1.80000001
4.9
4.6000001
11.3000002
8.5
8.0
7.5999999
8.9000001
7.3999999
8.6999998
9.1000004
11.0999999
8.0
6.3999999
5.4
3.09999998
1.89999998
1.79999996
1.99999998
1.89999998
1.79999996
1.79999996
1.79999996
1.89999998
1.79999996
4.3999999
6.0
10.0
7.7
8.5
9.8999996
11.3999996
9.9000001
9.6999998
10.0
10.7999997
9.2999997
5.7999999
4.6000001
2.9
2.2
2.2
2.2
2.2
2.3
2.2
2.1
2.1
2.3
4.9000001
5.8
8.8000002
7.8000002
8.6000004
10.5
10.6999998
9.6999998
9.0999999
9.2000003
9.2000003
8.5
5.5
4.5
2.4
2.2
2.2
2.3
2.2
2.2
2.2
2.2
2.1
2.2
5.3000002
5.1
9.6000002
9.0
10.3000002
11.0
10.5999999
8.9000001
9.4000001
11.0
11.3999996
9.1999998
6.1
4.8999999
3.3999999
2.2
2.3
1.99999998
2.2
2.3
2.2
2.2
2.3
2.4
5.2999999
4.7999999
8.8000002
8.5999999
9.0999999
10.0
7.7999997
6.7999999
6.0999999
8.6000001
9.2000003
7.8999998
5.4000001
3.7
2.5
1.79999996
1.79999996
1.79999996
1.79999996
1.69999999
1.60000002
1.69999999
1.89999998
1.69999999
1.79999996
1.69999999
1.60000002
1.79999996
2.8
2.9
3.1
3.0
3.0
3.2
2.20000001
1.69999999
1.79999996
1.79999996
1.69999999
1.60000002
1.69999999
1.69999999
1.69999999
1.79999996
1.79999996
1.79999996
1.69999999
1.79999996
1.60000002
1.60000002
1.79999996
1.89999998
2.7
2.8
2.4
2.3
2.3
2.6
2.2
2.00000001
1.60000002
1.60000002
1.69999999
1.60000002
1.60000002
1.69999999
1.60000002
1.79999996
1.60000002
1.60000002
1.80000001
2.3
5.7999999
8.3000002
8.5999999
7.0999999
9.0
12.2000003
11.6999998
10.8000002
11.3000002
11.5999999
10.0
8.5
5.7
4.8000002
2.20000001
1.69999999
1.69999999
1.69999999
1.69999999
1.69999999
1.60000002
1.60000002
1.79999996
2.00000001
4.9000001
4.9000001
7.8000002
7.7999999
7.6000001
9.6999998
9.1999998
8.1000002
8.7000003
9.0999999
9.2000003
9.0
6.0
4.7000001
2.79999998
1.69999999
1.79999996
1.89999998
1.60000002
1.60000002
1.69999999
1.79999996
1.80000001
2.10000001
5.6000001
4.8999999
9.8000002
8.9000001
8.0999999
9.5
9.4000001
7.4000001
8.2000003
8.5
8.5000002
9.6999998
6.1000001
5.2
3.2
2.0
2.0
2.2
2.0
2.0
2.0
2.0
1.89999998
2.1
5.0999999
5.4000001
8.8999998
8.0999999
8.5999999
9.3999996
9.0999999
8.2999997
10.8000002
10.5
11.0999999
10.0
9.7000003
8.5999999
6.7999999
3.5
2.2
2.3
2.4
2.3
2.2
2.3
2.2
2.7
5.9
5.8
9.1000002
8.8000002
9.2000003
9.3999996
8.5999999
8.0
7.5
10.4000001
10.8000002
10.5999999
7.0
6.1000001
4.7
2.7
2.4
2.09999998
2.5
2.4
2.4
2.4
2.4
2.4
2.4
2.2
2.2
2.2
4.8
11.1000004
9.2999997
9.5999999
9.8000002
9.7000003
6.8
5.5999999
3.7
2.09999998
1.79999996
1.89999998
1.79999996
1.89999998
1.69999999
1.79999996
1.89999998
1.79999996
1.79999996
1.60000002
1.69999999
1.89999998
1.79999996
2.4
2.8
4.0999999
4.7000001
4.8
4.6000001
4.5
4.9000001
4.3
3.3
2.2
2.2
2.0
2.1
2.2
2.0
2.2
2.2
2.1
2.0
3.4
5.8
6.1000001
7.515
7.6000001
7.8
8.9999998
10.4000001
9.0999999
8.7999997
8.9000001
10.2999997
10.2999997
6.7000001
5.2999999
2.9
2.4
2.4
