4.89999999
5.99999975998
5.69999996001
5.79999996
6.09999996
5.69999999
11.7999998
23.9000001
27.9999995
38.2000002
42.8000002
45.8000001
24.2575
14.0325
45.2999991
41.6000004
30.3000001
25.1999998
14.4000001
9.30000007999
6.59999978001
6.49999987999
6.19999988
5.79999997999
5.99999986
4.09999998
3.89999995999
3.99999996001
4.29999997999
3.99999996
9.8
19.2000003
28.3999996
39.1999994
40.0000004
39.8000002
40.8000003
43.2999997
38.6000001
34.2
32.3
26.1000001
15.6000004
10.5999998
10.3999998
10.69999968
9.79999970002
8.49999987999
7.30000000002
7.70000017999
7.80000008001
7.89999985999
7.49999998001
7.50000006001
14.6000001
23.9000006
27.6000004
37.2000009
38.3999996
41.4999998
43.5
41.2999998
39.7000005
36.0
31.9
30.5000003
20.6000004
14.3000002
10.8000002
10.6
9.60000009999
8.3000001
6.99999998001
6.29999979999
6.0
6.39999999999
6.09999990001
6.09999999999
10.7000002
24.2999997
31.8999995
44.5000004
33.6775
43.2000002
43.0999994
44.2
36.9999999
33.4000004
30.1999998
24.1000002
15.3999999
10.6999999
8.40000005999
11.29999958
10.00000018
9.79999976001
6.19999997999
7.89999986
8.09999978
7.99999996
7.99999996
7.70000006001
12.2000002
23.4000001
26.7000003
40.6000002
42.3999995
42.2999994
44.2999998
41.1999996
32.3000002
27.4000001
25.8000002
21.0
12.3999999
6.3000001
5.2
4.79999999999
4.70000000001
4.59999999998
3.89999998
3.99999998001
4.29999999999
4.79999997999
5.5
5.09999998
5.19999995999
5.19999998
5.39999997999
4.99999996
5.39999999999
4.29999997999
3.89999998
3.79999996
3.89999998
4.09999998001
3.69999999
3.99999997999
4.09999999999
3.99999998001
4.19999997999
3.89999996001
3.99999998001
4.09999997998
3.99999997999
3.89999998
4.10000000001
4.09999998
3.89999995999
3.89999998
4.19999998
3.99999997999
3.79999996
4.10000000001
3.89999998
4.10000000001
3.89999998
3.79999996
4.19999997999
8.0
5.9999999
4.20000000001
4.39999999999
4.19999999998
4.39999999999
4.3
6.09999999999
5.2999999
5.0
4.10000000001
3.99999997999
3.89999998
3.79999996
5.8
12.2999998
20.2000003
24.4000001
42.9999996
46.7000002
30.755
24.965
15.18
39.9999998
37.3
36.7000002
30.6
18.6000001
12.9999998
9.10000009999
8.19999998
9.60000010001
6.5
5.10000000001
5.3
5.59999999999
5.39999999999
5.40000000001
6.69999999998
13.4
21.0000003
24.1999998
36.2999992
40.9000004
44.3
30.1325
30.5425
30.605
42.0999998
33.7
30.6000002
18.6999995
10.9999999
9.00000007999
4.5
7.29999988001
4.7
4.39999997999
3.99999998001
3.79999996
3.99999998001
4.19999997999
3.79999996
9.7000001
19.6999998
26.5999999
40.6999992
43.8
43.5000001
46.7999994
42.9999996
34.5999998
30.4000001
25.4999997
23.0999997
15.7999999
12.30000008
7.20000018002
5.69999997999
6.50000008001
5.99999998001
5.30000000002
4.5
4.39999995999
4.19999995999
4.29999996
4.49999996
10.3000001
21.2000003
27.7000003
42.2999998
40.2999998
41.2000001
30.695
43.6000004
36.6000001
33.1000001
27.1999998
25.9000001
19.3999996
13.2999999
9.1999999
7.29999979999
6.60000000001
6.70000010001
5.7
6.0
6.19999999998
6.09999990001
6.2
6.2
12.0000002
22.1000001
28.0000005
36.0999994
40.0000004
43.0000004
43.3000006
40.4000001
25.9000006
22.7000003
23.5999999
17.1000002
7.0000001
4.59999999001
4.79999996
4.89999995999
4.99999999
4.89999995999
6.0
6.19999999998
6.10000000001
6.10000000001
6.39999999999
6.10000000001
6.19999999998
6.10000000001
6.39999999999
6.20000000001
6.2
6.2
5.39999998
4.89999999
4.90000002
4.99999996
4.50000002001
4.60000002
5.49999997999
5.90000000001
5.89999999999
6.10000000001
6.10000000001
6.0
5.70000000999
6.20000000001
5.89999999999
5.79999999999
5.10000002
4.99999996001
4.99999998999
5.19999995999
4.89999999001
4.80000001998
4.99999996001
4.89999998998
4.70000002001
5.10000002
4.90000001999
4.60000002
4.89999999001
4.89999998998
4.80000002001
4.69999999
4.99999998999
7.89999992
9.19999986001
8.79999996
4.69999999001
4.89999998998
5.00000002001
5.39999999
5.19999999
6.89999978
14.3999998
22.7000001
28.4999995
43.0999999
46.4
45.1
46.7000006
13.7925
46.5000002
37.0000001
31.2999999
23.4000003
19.0000002
12.6000001
7.60000015999
6.79999998001
4.69999996001
4.59999995999
5.89999995999
4.59999995999
5.19999998
5.90000000001
5.89999999999
6.4999999
13.3
21.7000002
27.7999992
41.6000004
41.4
39.9999996
29.7725
30.3975
36.4999999
32.2000002
31.0
24.5000003
16.2999997
10.80000008
9.69999986001
9.79999988999
8.09999986
7.79999996
6.29999997999
6.69999999
6.89999986
6.99999999
6.79999996
6.69999999
12.2
21.9999995
29.9999995
36.1000004
33.3000002
34.600001
38.0999998
39.9
29.5
24.5
25.9000001
22.6999998
16.5
8.89999989999
6.80000000002
5.69999999998
5.60000000001
6.0
4.89999998001
5.59999999999
5.8
5.69999999998
5.60000000001
5.5
12.3000001
19.9000006
28.1000004
36.8000002
37.5
39.2999997
41.5999996
42.1999997
31.9999997
28.1999993
26.4000006
23.1999995
13.1999998
6.80000007999
4.29999996
4.09999995999
4.29999996
4.09999996
3.79999999001
4.29999996
4.19999997999
4.09999995999
4.29999996
4.19999996001
9.6999999
16.2000001
24.1999998
30.6999998
28.6999998
32.7999998
36.5999999
36.0000003
29.0999999
23.2999997
21.3999999
16.0999998
10.1999997
8.50000012
6.70000006001
5.49999999
3.60000000001
3.30000001
3.30000001
3.40000003
3.20000004
3.30000001
3.30000001
3.60000002998
3.39999998
3.30000001
3.39999998
3.30000001
3.40000003
3.30000001
3.40000003
3.20000004
3.20000004
3.5
3.20000004
3.30000001
3.40000003
3.30000001
3.5
3.40000003
3.20000004
3.20000004
3.50000003001
3.30000001
3.40000003
3.30000001
3.40000003
3.20000004
3.20000004
3.5
3.40000003
3.20000004
3.5
3.30000001
3.30000001
3.30000001
3.40000003
3.20000004
3.40000003
3.30000001
6.60000008999
4.20000002001
3.30000001
3.20000004
3.79999994001
3.20000004
1.61958764897
0.0391752579308
0.0391752579308
0.0391752579453
0.0391752579453
0.0391752579308
0.0391752579308
0.0391752579453
0.0391752579453
0.0391752579308
0.0391752579308
0.0391752579599
0.0391752579308
0.0391752579308
0.0391752579308
0.0391752579453
0.0391752579453
0.0391752579308
0.0391752579308
0.0391752579453
0.0391752579453
0.0391752579308
0.0391752579308
0.0391752579453
4.4625
4.2
4.085
4.215
4.4475
4.7275
8.7075
13.76
20.2
28.515
31.475
30.95
26.025
27.095
28.8925
28.18
25.7925
21.45
13.8775
9.51
7.455
6.735
6.505
5.9725
1.91958763899
1.81958763897
3.90000002
4.10000002
4.00000001999
3.70000002001
3.90000001999
6.7999999
7.50000020002
6.79999999999
5.8
5.7
4.49999998001
3.90000002
3.90000002
3.80000001998
3.80000002001
3.70000001999
3.80000002
3.80000002
3.70000001999
3.60000000001
3.90000001999
3.70000002001
4.20000001001
3.90000002
3.70000001999
3.60000002
3.90000002
3.7
3.80000002
3.80000002
3.59999999999
3.80000002001
3.90000001999
3.70000002001
3.90000001999
3.80000002
3.80000002
3.70000002001
3.69999999998
3.60000000001
3.70000002001
3.90000001999
3.70000002001
3.70000002001
4.70000000999
5.39999999999
4.20000000999
4.90000000002
4.60000000001
5.0
4.8
5.40000000001
5.0
4.7
4.90000000001
4.89999999999
4.70000000001
4.30000001
3.70000001999
3.70000001999
4.10000002
3.60000000001
3.7
3.80000002
3.80000002
3.90000002
3.70000001999
3.70000001999
3.90000002
3.80000002
4.49999997999
4.2
3.70000002001
3.80000001998
5.10000000001
4.7
3.80000002
4.70000002001
3.69999999998
3.70000000001
3.79999999999
3.49999998001
3.5
3.69999997999
3.39999998
3.60000000001
3.79999999999
4.5
4.10000002
3.80000002
4.7
4.8
4.7
4.0
4.70000001001
4.00000001999
5.10000000001
4.50000001
4.00000002001
3.79999999999
4.69999997001
5.10000000001
4.89999999999
5.10000000001
4.7
4.40000000001
3.89999999999
3.59999999999
3.69999998
3.49999997999
3.7
4.59999998
6.00000000001
4.7
5.0
5.0
5.5
6.0
5.0
5.20000000001
5.0
5.89999999999
5.90000000001
5.7
6.0
6.20000000001
6.39999999999
5.89999999999
5.90000000001
6.7
6.0
5.40000000001
4.3
4.09999998
3.89999999999
3.79999998999
5.3
5.60000000001
4.90000000001
5.10000000001
4.89999999999
6.10000000001
5.5
5.10000000001
4.69999999998
5.30000000002
6.2
5.7
5.89999999999
5.70000000001
6.10000000001
6.39999999999
5.79999999999
5.90000000001
4.90000000001
4.60000000999
3.90000000001
3.8
4.10000002
3.59999997998
4.60000001002
5.29999999999
5.60000000001
5.50000000001
5.2
5.10000000001
4.90000000999
6.0
4.90000000001
5.10000000001
5.3
5.39999999999
6.00000000001
6.09999999999
6.20000000001
6.5
5.5
5.2
4.60000001
4.09999999999
3.90000002
3.90000001999
3.79999997999
3.8
4.10000000001
4.00000002001
3.80000001998
4.10000002
4.10000002
3.8
2.00000001
4.10000002
4.10000002
3.89999998
4.00000002
4.10000002
3.8
4.0
4.00000002
3.9
3.90000002
4.00000002
4.10000002
4.00000002
4.20000002
3.59999998
3.7
4.20000002
3.80000002
4.0
4.00000002
3.99999999
4.20000002
4.0
4.10000002
4.10000002
4.20000002
3.7
4.10000002
3.90000002
4.10000002
3.7
4.10000002
4.30000002
4.80000002
4.00000002
4.20000002
3.80000002
4.20000002
4.10000002
3.7
3.7
4.10000002
4.00000002
3.90000002
4.00000002
4.70000002
4.20000002
3.90000002
3.9
3.9
4.00000002
4.80000001
5.0
4.00000002
4.10000002
3.7
4.00000002
4.1
3.59999998
3.7
3.9
3.9
4.00000002
4.0
3.7
4.90000002
4.0
3.90000002
4.00000002
4.10000002
3.9
3.9
3.9
4.1
5.7
5.6
5.0
4.8
4.0
3.90000002
3.90000002
4.2
3.8
3.79999998
4.3
4.2
3.8
4.1
3.7
3.80000002
3.9
4.00000002
4.00000002
5.00000001
5.0
5.10000002
3.9
3.9
4.10000002
4.30000002
5.49999998
9.4999999
16.2999997
36.7
38.8
39.6000001
23.5175
18.8925
14.595
42.7999998
40.6999998
33.4000003
28.4000005
20.4000006
14.09999971
7.99999989
7.39999999
5.99999992
5.89999992
6.29999981
6.10000002
6.20000002
5.79999982
5.6999998
5.99999992
11.7999998
21.7999997
30.1999998
38.8000002
43.9999992
33.715
29.2025
30.2475
39.6
35.7999999
31.0999997
26.8000003
15.4000001
8.8999999
7.2
8.6
9.9999999
9.5
5.0
5.1
5.3
5.2
5.1
5.1
12.4
21.4000004
29.3000002
39.0000004
45.6999999
46.6000002
46.5000002
28.335
41.8000002
33.7
28.7000008
25.4000006
14.8999999
10.5999999
7.0
5.7
5.9
5.8
4.49999998
4.39999998
4.6
4.69999996
4.5
4.19999996
11.1000002
19.0999997
28.6000009
40.8999998
39.6000004
44.4000006
41.9000002
42.9999994
34.0999996
30.3000007
26.3000002
22.8000005
13.0000002
7.59999998
5.99999976
5.99999976
5.79999989
4.99999996
4.39999996
4.29999999
4.30000002
4.19999999
4.09999999
4.20000002
10.4999999
20.0000005
26.8999996
34.6999998
41.2000004
44.0000002
25.255
46.3000002
40.2999998
36.2
30.4999999
25.4999997
14.1
9.50000019
7.00000006
5.09999996
4.89999996
4.60000002
4.19999996
4.39999996
4.09999999
4.49999999
4.29999999
4.39999999
4.29999996
4.19999996
4.59999999
4.29999999
3.90000002
4.00000002
4.20000002
4.19999996
4.10000002
4.09999999
3.90000002
3.90000002
4.19999999
4.39999996
3.80000002
4.19999996
4.10000002
3.89999999
4.69999999
4.29999999
4.00000002
4.00000002
4.10000002
4.19999999
4.00000002
4.19999999
3.99999999
4.10000002
4.29999999
3.90000002
3.90000002
4.10000002
4.19999999
3.99999999
4.30000002
4.00000002
3.90000002
4.10000002
4.09999996
3.90000002
4.29999996
4.20000002
4.59999996
4.20000002
4.10000002
4.19999999
4.50000002
4.10000002
15.2000002
25.5000005
29.4000006
40.8999996
46.2
22.6525
18.27
15.2425
40.2000002
32.2999996
28.1999998
22.0999997
11.8000002
6.69999999
4.70000002
4.79999999
4.89999999
4.70000002
4.60000002
4.39999999
4.30000002
4.20000002
4.00000002
4.10000002
9.6999999
18.1999996
25.8999998
40.5000004
41.7000003
43.9999994
32.505
45.2999992
35.1999999
32.5999997
29.6999993
24.500001
14.2000001
8.40000001
5.69999999
5.50000002
5.59999999
5.50000002
4.89999996
5.20000002
4.90000002
4.89999999
5.00000002
5.60000012
12.8
21.0
27.8999996
42.8
33.5875
32.47
33.215
31.7475
42.6000003
35.0999998
29.8000001
22.1000004
13.7999999
8.60000008
7.60000009
7.39999996
7.6
6.29999996
5.90000002
4.79999996
4.49999996
4.49999996
4.69999999
4.39999996
11.0999999
19.5999999
24.2
45.4000006
45.2
46.7999996
31.71
33.4375
39.8999997
37.2999999
33.0999999
24.9000001
11.9999998
8.99999978
8.30000009
9.50000019
9.40000002
8.40000009
5.50000001
5.69999992
5.69999999
5.80000002
5.90000002
5.79999989
13.2999997
22.0000003
28.3000007
41.7000002
42.1000003
44.0
44.0999999
43.7999998
37.6000001
31.8
27.6999998
23.0000004
11.29999968
7.09999988
8.5999999
7.7
6.4999999
6.0
4.70000001
5.6
5.3
5.3
5.4
5.2
5.4
5.5
5.2
5.3
5.3
5.1
4.6
4.30000002
4.00000002
4.19999999
4.29999999
4.10000002
4.09999999
4.39999996
4.09999996
4.19999999
4.29999999
4.49999996
5.20000012
4.49999999
4.00000002
4.10000002
4.29999996
4.10000002
5.19999999
5.5
5.5
5.4
5.3
5.3
4.59999998
4.30000002
4.30000002
6.49999999
5.79999999
3.90000002
4.19999999
6.80000002
9.39999992
8.10000009
7.79999999
7.60000009
4.80000001
4.59999996
5.19999989
5.5
6.1
7.2999999
13.7000002
23.0
36.1000006
45.5000004
44.6000002
29.9
25.6925
23.86
40.6000005
36.8999998
36.6000002
31.1000002
21.8999999
17.9000001
13.3999997
5.8
5.4
5.5
4.59999998
5.3
5.0
5.2
4.9
6.5
12.7999999
20.1999998
31.7999997
42.6
46.7000002
37.5925
35.54
36.7925
42.3
37.2000002
35.1999999
25.2000003
13.8999999
10.19999998
4.89999996
4.69999996
4.9
4.79999996
4.29999998
4.49999996
4.39999996
4.19999996
4.29999996
4.39999999
12.5999998
21.0
29.4000001
40.1000002
35.635
35.6375
36.705
34.875
41.8999999
35.2999999
33.4
23.3999996
12.5000002
10.1000002
8.2999999
6.9
5.2
4.9
5.09999998
4.29999998
4.3
4.5
4.4
4.09999996
12.2
20.4999997
24.2000003
40.6000003
43.8000003
37.415
35.435
36.3175
44.3
40.0000002
36.2999999
30.2000003
19.1999997
12.2999996
6.2
6.5
6.3
6.3
5.29999998
5.8
6.0
6.0
6.0
6.8
13.6
20.8
27.5
40.3000001
34.705
34.6675
32.4325
44.8
42.4000002
37.8
31.7
27.6000004
13.8000001
5.29999986
4.89999996
4.59999996
4.69999996
4.69999996
3.99999999
3.99999999
4.09999996
4.59999999
3.99999999
3.99999999
4.09999999
4.19999996
4.10000002
5.0
5.5
4.30000002
4.79999999
4.30000002
4.60000002
4.99999999
5.40000002
5.10000002
5.10000002
5.09999999
4.09999999
4.09999996
4.09999999
4.19999999
4.10000001
5.6
5.1
5.2
5.5
5.1
5.1
4.50000001
4.29999996
3.80000002
4.00000002
3.80000002
3.80000002
4.10000002
3.90000002
3.90000002
4.09999999
3.99999999
4.00000002
4.19999996
3.89999999
4.19999996
4.20000002
4.19999996
5.39999998
4.20000002
4.09999999
3.89999999
4.29999999
3.99999999
12.4999998
21.4000003
30.2000003
42.3000005
33.7675
26.5675
22.7525
21.9675
43.1000001
36.2000001
31.3000002
29.5
18.6999998
12.8
7.8000001
7.2
6.9
7.0
7.40000011
6.3
6.3
6.3
6.2
6.4
13.6000001
23.0
28.6999998
41.1000002
46.8000002
45.3000002
46.2000006
33.2225
38.1
34.5
33.8
30.7
18.1000004
12.39999978
12.59999959
12.39999972
12.39999972
10.79999989
6.70000011
8.20000012
8.30000012
8.39999996
8.20000002
8.00000002
15.4000001
24.5
31.1000004
36.9000002
40.9999996
44.7000008
44.1999994
41.9999998
36.0999996
31.3000007
28.5999999
24.9000001
15.2000001
8.9
8.09999986
6.59999986
5.19999996
5.3
4.49999999
4.89999996
4.59999996
4.49999999
4.79999996
4.99999996
13.5000002
21.6000001
28.7999997
40.4000002
39.6000001
41.8000002
36.3775
37.5475
46.7999989
42.0999999
33.6999996
26.7000006
19.0000003
15.8999999
5.59999992
4.59999996
4.79999999
4.40000002
4.09999999
4.00000002
4.39999999
4.00000002
3.90000002
5.00000002
13.0999999
21.3000004
27.0000005
39.2
44.2
46.5999994
31.9275
34.2575
39.6999999
33.5000001
30.5999999
24.8999998
15.70000008
12.39999979
6.69999986
9.40000006
9.49999999
7.30000009
4.00000002
4.10000002
4.29999999
4.19999999
4.19999996
4.20000002
4.39999996
4.80000001
5.6
6.2
8.2
9.0
10.7000001
11.1000001
10.3999999
8.5
8.8
7.59999998
5.19999989
4.29999999
4.00000002
4.30000002
4.29999999
5.10000002
4.70000001
4.29999999
4.30000002
4.09999999
4.40000002
4.10000002
4.79999996
4.70000002
4.00000002
4.00000002
4.40000002
4.00000002
4.00000002
4.20000002
4.10000002
4.10000002
4.30000002
4.09999999
4.20000002
4.40000002
5.9
5.2
5.1
5.1
5.2
6.3
5.3
5.6
6.3
7.0
13.7999998
21.3
28.3999996
43.0000002
38.6725
32.595
29.0375
29.1775
44.5999989
40.4999997
33.3000002
31.6000002
20.4000001
12.3999999
6.60000009
5.9
6.0
6.0
5.7
5.6
5.5
5.5
6.2
7.0
13.8
21.4000001
31.0999999
44.3000006
37.86
37.625
36.6175
45.8999996
41.5000003
38.4
34.2000002
26.6000004
15.8000002
12.0999997
6.4999998
7.8
7.7
6.8
5.6
6.0
6.1
5.9
6.2
7.1999999
13.6999999
22.3999996
33.3000002
43.5999998
45.9999988
36.99
38.1675
36.13
39.8000002
39.0000004
34.3999999
25.6000004
16.3999996
8.99999981
6.80000002
5.29999998
5.8
5.6
4.89999998
5.1
5.2
5.0
5.0
5.5
13.9000001
21.6999998
26.5
40.1000004
37.085
37.0825
35.5125
36.31
42.6999997
36.3999996
32.4000001
23.6999998
14.7000001
8.1999999
5.59999998
5.69999998
5.8
5.19999998
4.69999996
5.8
5.5
5.6
6.0
7.1
13.4999999
21.6999997
30.9000001
43.1000002
46.2999998
36.2425
35.7125
38.0525
43.0000003
35.1999998
25.6999993
19.9000001
12.4999999
6.49999999
4.70000002
4.5
4.60000002
4.60000002
4.60000001
4.10000002
4.20000002
4.30000002
4.00000002
3.9
4.20000002
4.10000002
4.70000001
5.1
7.2999999
9.2
9.0999999
9.7000002
9.1
7.2999999
6.1
4.80000001
4.29999999
4.10000002
4.20000002
4.00000002
3.9
4.69999998
5.10000001
5.8
5.1
4.9
5.0
5.1
5.9
5.3
5.0
5.0
4.7
5.1
4.5
3.89999998
3.79999998
3.8
3.89999998
4.20000002
4.00000002
4.1
3.9
4.10000002
3.9
5.0
6.39999999
4.29999999
5.1
5.5
6.5
6.8
13.0999998
20.8
35.1000004
45.0000004
45.0999997
32.0
28.5725
30.7525
41.3
36.3000003
33.5
33.4999997
27.6999998
21.2000001
14.70000042
11.9
12.3999999
11.2
6.69999998
8.9
8.6999999
8.8
8.6999999
9.5
15.2999998
23.5000005
37.0000002
46.2999998
37.235
37.395
37.5175
46.1
42.5000004
43.3
39.0999996
27.4999996
18.0999999
13.6999999
7.19999978
5.09999996
4.99999996
4.99999996
8.59999998
4.39999996
4.49999996
4.59999996
4.59999996
4.39999996
11.8999998
21.3000001
28.8000002
39.7999996
36.1525
37.0025
38.5425
37.8875
44.3000003
40.5000001
39.5999997
36.4000004
25.5
17.7999997
12.7999999
12.7999997
12.7000002
12.6999997
8.89999998
12.2000002
12.5
12.2000002
12.5
12.5999998
19.7000003
28.1999998
33.7999997
44.7999994
37.1425
37.7125
35.6775
36.83
38.5999999
35.3999999
32.4000002
26.0000001
20.0
14.1999999
8.20000018
7.79999996
5.19999996
5.19999996
4.59999996
4.69999996
4.89999996
4.89999999
4.89999996
4.69999996
11.7
21.5000001
33.0999999
28.0875
31.5575
32.0175
30.7025
32.46
42.2000001
39.7999999
34.8000002
30.6
20.1999998
11.29999988
8.50000006
5.79999996
4.99999996
4.99999996
4.19999999
4.7
4.29999996
4.29999999
4.59999996
4.29999996
4.19999999
4.19999996
5.49999998
6.2
7.1999999
7.7999999
8.1000001
8.4000001
8.0
7.6
7.4
6.6
5.7
4.00000002
4.10000002
4.30000002
4.09999999
4.20000002
4.00000002
4.30000002
4.20000002
4.19999999
4.20000002
4.19999996
4.29999999
4.40000002
4.50000001
5.5
5.09999998
5.29999998
5.19999998
5.3
5.2
4.89999998
5.0
5.09999998
4.49999998
4.00000002
4.30000002
4.00000002
4.19999999
4.20000002
4.10000002
4.09999999
4.40000002
3.90000002
4.20000002
5.40000001
6.8
8.8999999
10.2000001
8.1999999
17.4000004
25.9000001
25.0999999
24.1999998
25.2000003
23.0
20.0999999
16.3000002
13.2000003
7.99999998
7.69999999
6.69999992
7.10000002
5.89999999
4.09999999
4.29999999
4.30000002
4.30000001
5.3
5.2
5.6
5.7
9.4
10.3
10.4999999
11.9999998
16.0
16.6999998
20.0
18.3999998
17.9999997
16.5999999
10.0000003
6.0
4.99999996
5.09999996
4.59999996
4.39999996
6.49999996
4.19999996
4.09999996
3.99999996
3.99999996
4.09999996
3.99999996
3.99999996
7.0
7.2
10.4
14.4
14.8999998
14.8
13.3
13.4999998
13.0000001
9.9000001
8.0000001
6.5
6.0
7.49999998
8.19999996
8.79999996
5.60000009
4.69999996
4.49999996
4.49999996
4.59999996
4.49999996
4.49999999
4.79999998
10.9000001
11.6
15.3000002
18.6000004
19.8000002
22.1999998
24.5999999
20.5
16.4000001
16.8999998
11.1999998
5.59999998
5.39999996
5.19999996
5.69999986
5.29999996
4.69999999
4.79999999
4.99999996
4.89999999
4.89999999
4.79999996
4.99999998
6.59999998
10.7999999
13.7
13.8
15.5999999
16.2
20.0999999
18.0000002
16.1999998
16.2
15.0999996
11.8
7.89999999
8.20000002
7.69999986
5.49999999
5.29999999
5.30000001
4.90000002
4.60000002
4.70000002
4.99999999
4.79999999
5.4
6.0
6.2
5.10000001
4.90000002
4.70000002
4.60000002
4.70000002
4.60000002
4.60000002
4.80000002
4.50000002
4.89999999
4.99999996
4.79999999
5.9
6.4999999
6.2
5.20000001
6.3
5.9
6.0
7.0
5.9
5.9
5.9
6.4
6.1
6.2999999
4.60000002
4.7
6.30000002
10.60000002
7.60000002
4.99999999
4.10000002
4.40000002
4.20000002
4.30000002
4.49999999
4.30000002
4.40000002
4.90000002
4.70000002
4.80000002
4.50000002
4.59999998
6.7
14.3000002
23.5999999
35.4000002
35.265
37.525
34.4
31.7325
33.7375
42.0000005
40.7000004
29.5
26.2999997
20.7000003
12.0999998
5.89999986
6.20000006
8.59999996
6.90000022
6.09999998
5.89999979
5.69999999
5.89999986
5.69999999
6.29999989
14.8
23.6999995
34.2000006
32.19
32.43
32.23
33.52
34.225
39.5
36.8999998
35.1000001
25.3000002
19.0
14.4999997
6.7
6.3999999
6.8
6.8000002
6.49999998
5.0
4.6
4.6
4.7
4.8
12.0999998
21.0000003
33.6999994
45.1999998
45.0000005
44.1
42.9000002
41.7000001
33.3000001
31.5
28.3000002
25.1000004
20.4999997
13.9000001
10.50000008
10.40000036
8.69999988
8.39999998
6.2
4.69999996
4.59999999
4.69999996
4.79999996
4.69999996
12.0000001
19.2000003
27.5999994
44.6999994
44.6000002
44.5999994
32.665
44.7999998
35.8000003
31.9000005
25.9000004
20.5000002
11.7000001
8.3000002
8.9000001
7.09999978
7.2999999
5.3
4.89999998
4.7
5.7
5.7
5.6
6.0
14.0999998
21.1000003
30.1000004
40.9000004
42.6000003
30.71
45.3999999
44.4999997
35.8000002
30.4000001
29.0999998
22.8000002
12.5999998
10.4
9.2999999
8.9
9.3
6.7
5.7
5.7
5.6
5.7
5.8
5.7
5.6
5.7
6.20000010001
5.49999998
5.5
5.9
5.5
5.4
5.5
5.7
5.3
5.5
5.4
5.6
5.5
5.7
5.5
5.5
2.75714285715
0.114285714288
0.114285714284
0.114285714284
0.114285714288
0.114285714288
0.114285714284
0.114285714284
0.114285714284
0.114285714288
0.114285714288
0.114285714284
0.114285714284
0.114285714288
0.114285714288
0.114285714284
0.114285714284
0.114285714284
0.114285714291
0.114285714284
0.114285714284
0.114285714284
0.114285714288
0.114285714284
2.95714283714
2.85714285714
5.7
6.0999999
5.6
7.4999999
15.0999999
22.8000002
34.5999994
41.4999994
41.5
33.3625
29.36
46.6000002
32.4
29.9000001
27.0000005
23.5999994
11.0000001
6.69999998
6.29999996
7.69999986
5.79999989
5.99999996
5.39999986
4.29999996
4.19999996
4.39999996
4.39999999
4.59999996
12.4999998
20.9000003
33.0999995
45.4000002
41.7999998
44.0999999
44.4
45.0999997
37.0999999
32.9000001
27.9000001
21.7000001
12.5000002
8.4999998
7.5
7.9000001
6.39999998
6.29999998
4.60000001
4.49999998
4.69999998
4.6
4.6
5.0
11.6999999
21.3000002
32.9999996
42.8
40.7
43.2
44.0999999
43.7000002
31.2000005
27.9999995
24.2000003
22.1000002
12.6000002
8.09999978
8.09999996
7.89999998
5.70000009
4.89999999
4.79999999
5.6
5.5
5.7
5.6
6.0
14.0000001
21.3000003
34.4000001
44.6999992
43.8
42.2
45.7999996
46.4000001
40.2999999
34.7000003
29.4999998
28.4000001
19.6
15.09999988
10.29999989
5.59999989
5.49999996
5.40000002
5.89999995999
4.59999999
4.19999999
4.19999999
4.20000002
4.19999996
11.0000002
20.2000001
28.7000003
38.1
37.1
37.4999999
37.6
39.4000004
27.3999999
21.2
23.0
17.0000002
12.2999998
10.89999998
7.30000008
6.89999998
7.09999998
6.89999986
6.60000016
6.50000006
6.40000006
6.49999996
6.40000006
6.49999998
6.29999996
6.59999986
6.79999996
6.29999996
6.19999999
6.29999996
6.19999986
6.29999996
6.19999996
6.39999996
6.50000006
6.19999996
6.29999996
6.19999988
6.39999996
6.50000008
6.29999996
6.59999996
6.40000006
6.39999998
6.49999996
6.40000006
6.29999996
6.50000006
6.40000006
6.09999999
6.79999996
6.40000006
6.09999999
6.39999996
6.39999996
6.19999999
6.29999996
6.70000006
6.29999996
6.19999996
6.19999986
6.30000009
6.29999996
6.39999996
6.50000006
6.40000006
5.80000008
6.29999996
6.29999996
6.40000006
6.40000006
7.00000008
16.0999999
23.1999993
35.8
43.7000002
45.5999995
29.7
26.68
27.5225
40.2
36.7
32.0
25.0999999
17.9000001
10.2999999
11.6
12.8
11.5999999
13.7000001
5.59999998
4.3
4.2
4.3
4.39999998
4.2
12.5999998
20.1999998
32.1999996
41.3
38.3999998
41.2000004
41.7999998
37.6000002
27.1999998
25.5999999
23.5
23.1999998
17.1000004
13.5999999
13.7
13.3
7.6999999
7.2999998
5.80000001
6.8999998
6.8999998
6.5999998
6.7999998
6.8999999
13.0999999
20.9000002
30.2999992
39.3999999
37.7999998
40.0000002
43.8999999
43.6
38.0
33.3999998
28.9000006
20.2000005
9.3
4.59999996
4.79999996
4.99999999
4.79999996
4.99999996
4.69999998
4.09999996
3.80000002
4.19999996
4.09999996
3.79999999
9.3
16.9999997
28.3999996
39.2999992
34.4000001
40.2000002
42.9999998
43.4
35.1000003
31.4000002
24.6999998
14.8999999
6.6999999
5.2
6.2
6.7
6.4
4.89999998
4.39999998
4.49999998
4.19999996
4.19999999
4.19999996
4.39999996
11.4
19.0000002
27.0
37.7000002
40.7000001
44.4000004
46.5000002
44.3999998
38.5000002
31.5
27.8000004
17.6999996
13.6999997
10.4000003
5.1
5.0
4.9
5.0
5.0
4.5
4.6
4.4
4.6
4.4
4.6
4.5
4.8
4.4
4.6
4.5
4.4
4.3
5.1
4.8
5.0
5.2
5.1
4.9
5.1
5.1
5.3
5.6
4.7
5.0
4.5
4.3
4.4
4.5
4.6
4.4
4.8
4.2
4.5
4.6
5.0
4.9
4.4
4.4
4.6
4.2
4.4
4.6
5.6
5.6
5.6
5.2
4.6
4.7
4.4
4.8
4.4
5.2
13.4999998
27.0000005
34.6999998
46.3
46.8000005
34.815
30.8225
31.9275
40.4000003
33.2000003
24.1999998
18.5999999
11.3999999
8.8
8.5
6.59999990001
5.1
5.1
4.8
4.9
4.5
4.2
4.4
4.5
12.0999999
21.3
30.9000006
43.5
42.8000002
43.2000004
45.3
40.5999998
29.5999994
27.4000001
23.4000001
19.1999998
9.0
5.9
4.89999996
4.9
5.2
4.9
5.5
4.6
4.19999998
4.29999998
4.49999998001
4.39999998
12.6999999
21.7000003
32.499999
38.8000003
38.3999997
40.0
39.9000004
38.7999998
31.8
29.9999995
25.0000005
20.5000003
13.0999998
7.5
7.6
7.6
6.8000002
7.0
5.19999988
6.4999999
6.3999999
6.1999998
6.3999999
6.3999999
13.5000002
24.0999999
28.6000004
38.6
36.5999997
34.7999998
39.7000001
37.3000002
28.8999996
26.0000005
22.2000003
18.5000002
9.1
5.8
5.6
5.29999998
5.59999998
5.4
4.49999998
4.7
3.99999996
4.6
4.29999997999
3.99999996
10.7999998
22.5
28.2999997
36.8000004
40.5000003
38.2000003
39.9999999
37.2999998
28.8000002
25.5
23.9000001
18.6000001
12.9999999
10.5999997
10.2999999
5.7
6.3999999
5.2
4.6
4.7
4.4
4.6
4.6
4.5
4.8
4.6
4.6
4.6
4.3
4.2
4.7
4.4
4.4
4.3
4.60000000001
4.3
4.5
4.3
4.8
4.6
4.4
4.4
4.8
4.3
4.6
4.7
4.5
4.4
4.6
4.6
5.0
4.5
4.4
4.6
4.2
4.5
4.2
4.4
4.2
4.6
4.3
4.5
4.6
4.2
4.6
4.4
4.60000000001
4.5
4.6
4.8
5.3
5.7
13.8000002
20.6999998
28.9000001
43.9
33.36
46.0999992
29.125
30.7925
44.3000002
36.4999998
31.2999996
26.4000002
13.2000001
8.1
6.2
5.3
5.0
5.0
5.39999998
4.7
4.6
3.5
4.7
4.6
12.0999997
20.8000002
29.5
41.8
38.7000001
39.1
44.1000002
43.2999996
34.5000001
28.2000003
25.5
21.0999996
13.3999998
7.89999998
7.69999999
7.90000006
7.09999996
6.99999996
6.89999986
6.19999996
6.50000006
6.40000006
6.40000009
6.39999996
14.7000001
23.0999999
26.2999997
40.1
32.7000002
35.0999994
37.7999995
37.5999996
31.4000006
30.3999991
23.6000002
20.9000001
11.5999998
8.49999996
7.59999996
7.79999996
7.60000016
7.29999996
5.99999996
6.50000006
6.60000009
6.39999996
6.29999996
6.59999996
11.7999999
20.2999997
28.5999994
36.4999999
35.3
34.0999996
35.1999999
32.8000002
29.6
27.8000007
24.0000003
21.7000001
11.7
6.29999988
5.3
5.5
5.6
5.2
4.19999999
4.49999998
4.7
4.39999998
4.39999998
4.29999998
12.3999998
20.9999995
21.6999999
24.7999997
24.0999999
23.7999997
27.9000001
29.3000002
20.6000004
17.4000001
17.3000002
10.4000001
6.6
4.99999998
4.79999996
4.49999996
4.59999996
4.39999999
3.99999996
3.89999996
4.09999996
3.99999996
3.99999996
4.19999996
3.99999996
3.89999996
4.19999999
3.99999996
3.89999999
3.89999999
3.89999999
3.99999996
3.80000002
4.09999999
3.99999996
3.89999999
3.89999999
3.99999996
3.79999996
4.19999996
3.89999999
3.79999996
4.19999996
1.99999998
4.09999998999
4.19999996
3.69999999
3.89999996
4.19999996
3.90000002
4.29999999
3.89999999
4.09999999
4.19999995999
3.89999999
4.29999999001
4.09999996
3.70000002
3.89999999
3.70000002
3.79999999
3.79999999
3.89999999
3.99999996
3.89999996
2.19999998
3.70000002
4.36
4.5325
4.63
4.86
9.0925
16.615
23.385
30.615
30.31
29.04
27.6525
28.36
29.7725
28.3875
25.5525
20.795
12.26
8.345
6.8125
6.2675
5.7575
5.475
2.50000001
4.39999996
3.99999999
3.99999996
3.60000002
4.29999996
3.99999999
12.6
14.0999998
14.0999999
11.8000001
8.6000001
6.6
4.7
5.9
8.10000008
6.09999998999
4.29999999001
3.99999999
4.29999999001
4.29999999
4.59999996
4.49999996
4.49999996
4.39999999
3.79999999
3.79999999
3.69999999
3.90000002
3.89999996
3.79999999
11.1000001
12.0999996
9.8000001
9.4
9.4
7.6
6.6
10.79999978
12.10000002
9.70000019
3.60000002
4.20000002
4.29999999001
4.20000002
4.49999999
4.59999998999
4.49999999
4.69999996
4.20000002
3.90000002
3.79999999
3.90000002
4.20000002
4.09999998
8.1999999
7.1000001
5.4
4.7
6.09999998
6.8
5.99999990001
5.49999989
4.49999999
3.80000002
4.10000002
3.89999999
4.40000002
4.30000002
4.39999996
4.39999999
4.39999996
4.30000002
3.99999999
3.89999999
4.10000002
3.89999999
3.89999999
3.90000002
4.09999996
3.70000002
5.29999999
3.89999999
4.00000002
3.90000002
3.79999997
5.00000001999
5.50000002
5.30000002
5.20000002
5.30000002
4.60000002
4.20000002001
4.49999999
4.59999996
4.59999999
4.29999999
4.29999996
3.80000002
3.90000002
3.99999999
3.90000002
4.09999999
3.80000002
3.90000002
4.20000002
3.70000002
3.80000002
3.90000002
4.00000001999
3.70000002
4.09999999
3.80000002
3.80000002
3.99999999
3.89999999
3.80000002
4.09999996
3.79999999
3.79999999
3.90000002
3.90000002
3.99999999
3.89999999
3.99999999
4.09999998999
3.89999996
3.90000002
3.80000002
4.20000002
3.90000002
3.80000002
3.99999996
3.90000002
3.60000002
3.99999999
4.10000002
3.89999999
3.70000002
3.70000002
4.09999996
3.70000002
3.99999996
4.09999996
3.79999999
3.79999996
3.90000002
3.79999999
3.79999999
3.89999999
3.89999999
3.99999999
3.70000002
5.29999999001
4.00000001
3.79999999
3.70000002
3.89999999
4.20000002
3.89999999
3.70000002
3.90000002
3.89999999
4.19999999
4.39999999
4.09999999
4.09999996
3.89999996
4.09999996
3.70000002
4.19999995999
3.79999999
3.99999999
3.70000002
3.89999999
3.79999996
3.80000002
4.70000002
3.79999999
4.09999999
3.99999999
3.99999999
4.40000002
4.39999999
4.59999996
4.10000002
4.29999999
4.00000002
4.49999996
4.39999996
4.29999996
4.49999996
4.59999998
4.39999996
4.29999996
4.49999999
4.29999996
4.29999999
4.49999996
4.19999996
4.29999999001
4.70000002
6.1
5.9
6.3
6.5
7.7
7.0
7.1
6.2
4.8
4.9
4.9
4.9
4.9
4.9
4.8
4.9
4.8
4.8
4.9
5.0
4.8
5.2
5.0
6.5
6.3
6.8
6.8
7.1999999
7.1
7.2
7.4999999
6.2
4.4
5.5
7.3
8.3
6.60000000001
4.8
5.1
4.3
4.0
4.09999999999
4.2
4.0
4.40000000001
4.0
4.2
6.59999999999
5.7
6.0
5.7
5.89999999999
6.6999999
7.4
5.6
4.6
4.60000000001
4.9
5.1
5.3
5.10000000001
5.10000000001
4.89999999999
4.5
4.6
4.60000000001
4.7
4.4
4.7
4.7
4.3
4.89999999999
4.4
4.6
4.7
4.4
4.6
4.4
4.60000000001
4.7
4.39999999999
4.50000000001
4.5
4.8
4.60000000001
4.5
4.89999999999
4.3
4.7
4.7
4.39999999999
4.6
4.5
4.6
4.5
4.8
4.7
4.4
4.3
4.5
4.5
4.5
4.5
4.6
4.5
4.3
4.6
4.5
4.6
4.5
4.9
4.7
4.3
4.6
4.5
4.4
11.6999999
17.1999996
27.3000002
40.8999994
31.5
29.9000006
34.3000002
35.0999999
27.1999998
22.8000002
23.1999998
19.1000001
12.7
8.20000018
6.70000018
7.29999996
6.19999986
5.29999998
4.89999998
4.59999998
4.49999996
4.99999998001
4.39999996
6.59999986
13.8999996
20.5000005
25.8000002
33.6000004
32.7000008
34.2999998
35.8999998
34.0999997
26.0999999
25.5
23.9000001
23.5999999
13.7999997
8.1999999
6.7999999
6.6999999
5.5
5.3
5.1
4.8
4.9
5.0
4.9
4.9
10.6999999
19.6
25.4000001
32.9000001
28.2999997
28.1000004
30.8999999
33.4999995
24.7999997
23.0
21.9999995
17.3000003
11.6000001
6.2999999
6.2
6.2
5.59999990001
5.0
5.0
4.6
4.60000000001
4.4
4.6
4.29999998
10.5000001
16.8999999
25.3000002
30.7999997
27.9000001
32.8000002
33.3000002
34.3999998
26.1000004
23.8999996
21.5000005
18.0
11.2999997
6.59999990001
6.4999999
6.5
4.90000000001
5.09999999999
4.99999998
4.60000000001
4.5
4.5
4.39999999999
4.5
9.8000002
16.9000004
22.5
29.8000002
23.5
27.0000005
30.9000002
32.2000002
23.7999997
22.5999999
22.7000003
16.2999997
9.5999999
6.39999998
5.79999996
5.89999998
4.9
4.79999998
4.79999997999
4.39999998
4.19999998
4.39999998
4.39999996001
4.4
4.29999998
4.39999998
4.19999995999
4.49999996
3.99999996
4.29999996
4.19999996
4.09999996
4.29999996
4.29999998
4.19999995999
4.19999996
4.19999998
4.19999996
4.19999996
4.39999998
4.29999997999
4.29999998001
4.19999998
4.19999998
4.19999996
4.39999996
4.19999996
4.29999996
4.09999996
4.5
4.19999995999
4.29999996
4.29999996
3.99999996
4.19999996
4.09999996
4.49999996
3.99999996
4.09999996
4.39999996001
4.09999996
4.39999998
4.29999996
4.19999998
4.19999996
4.29999997999
4.49999998
4.39999996
4.09999996
4.19999998
4.59999998
4.19999996
10.1999999
18.9000001
26.6999998
36.9999997
30.4000001
31.5999999
29.8000007
27.1000004
22.5000005
21.4000001
22.0999999
18.5000003
12.1
7.2
6.3999999
7.0
5.39999999999
5.0
4.79999996
4.6
4.49999998
4.39999998
4.29999998
4.29999998
10.8000002
17.5000003
23.5999999
28.7999997
23.9000006
25.6999998
29.1000004
29.0000005
23.0999999
22.4999995
20.4000006
17.0999999
12.7
7.90000009999
6.6000001
5.5
4.9
5.10000000001
4.99999998
4.9
4.09999996
4.19999996
4.29999996
4.39999998
9.4999998
16.8999999
22.0999994
28.9000001
23.3000002
24.6999998
27.8000007
30.2999997
25.4000006
23.0
20.8999996
19.4000001
13.6000002
7.49999998
6.60000008
5.29999998
5.4
5.29999996
5.19999996
4.39999996
4.19999996
4.29999998
4.29999996
4.49999996
14.9
21.0
21.9000001
30.0999999
29.1000004
33.5000002
34.7999998
34.2
26.7000008
24.4000001
23.4999995
18.5
12.9000002
7.3000002
6.8999999
6.0
4.79999998
4.99999998
5.49999998001
4.19999996
4.39999996
4.39999998
4.49999996
4.39999996
10.1
17.5000002
21.0999999
26.5999999
26.8999996
30.7000008
33.5000001
32.8999999
26.8000002
23.8000002
23.4000001
18.8
13.2000005
7.09999990001
6.29999996
5.59999998
5.9
6.0
5.29999998
5.09999996
4.49999998
4.29999998
4.29999998
4.49999998
4.9
4.29999998
4.39999998
4.39999996
4.19999996
4.19999996
4.39999996
4.39999996
4.49999996
4.39999998
4.39999996
4.19999996
4.19999996
4.49999998
4.89999996
5.19999998
5.09999996
5.09999998
5.09999998
4.49999996
4.4
4.60000000001
4.49999998
4.49999998
4.29999998
4.29999998
4.49999998001
4.29999996
4.19999996
4.39999996
4.19999996
4.29999996
4.49999996
4.39999996
4.19999996
4.39999998
4.49999998001
4.19999996
4.39999996
5.39999998
5.29999997999
5.2
4.89999998
4.29999998
4.49999996
4.19999996
4.49999998001
4.29999996
10.1
20.2
28.2000003
35.000001
33.1999999
33.8000002
35.8
32.3000003
25.4000001
24.4000001
24.5
20.8000002
11.5000001
6.59999988
5.5
6.5
5.0
5.2
5.1
4.8
4.49999998001
4.29999998
4.39999998
4.7
10.7000001
20.8000002
26.5
33.0999999
30.0000005
28.3999996
30.3000002
30.5999995
26.0
23.6000002
22.2000002
19.8999999
13.6999997
7.3999999
6.9000001
6.90000009999
5.60000000001
5.0
5.4
4.7
4.4
4.4
4.6
4.4
10.7999999
20.2000001
27.1999998
34.1999998
30.0
28.5000005
32.0999994
32.0
25.0999999
22.8999996
21.5
17.1999998
12.7
7.3
6.8
7.20000010001
5.7
5.3
4.99999998
5.00000000001
4.7
5.0
4.60000000001
4.8
10.6999999
19.9000001
25.7000003
31.1999998
30.8999996
33.3999998
34.3000002
33.8000001
26.8999996
24.4999995
23.0999999
22.1000004
13.2999999
7.0
5.79999996
6.39999998
4.99999996
4.79999998
4.69999996
4.39999996
4.49999996
4.29999997999
4.29999998
4.09999996
10.2
18.9999998
23.9000001
29.7999997
30.9000006
32.5999999
37.2000003
34.1999999
25.3999996
21.7000003
19.4000001
15.5
11.5000001
5.69999998
5.49999998
5.9
4.8
4.8
4.39999999999
4.49999998001
4.29999997999
3.99999998001
4.09999998
4.6
4.3
4.2
4.09999998
4.29999998
4.19999998
4.09999998
4.39999998
3.89999996
4.09999998
3.99999996
4.09999996
3.89999998
4.19999996
3.99999998
3.99999996
4.4
4.3
4.2
4.29999997999
4.29999998
4.19999998
4.09999998
4.19999996
4.3
4.19999998
4.09999996
4.2
4.3
4.29999997999
4.19999996
3.99999998
3.89999996
4.19999996
3.99999998
4.09999996
4.29999998
4.09999998
3.89999996
4.09999998
4.29999998
4.1
3.99999996
4.39999996001
4.09999998
4.09999996
4.29999998
4.2
4.09999998
3.99999996
4.29999998
4.19999995999
4.79999996
4.19999998
4.09999996
4.19999998
4.39999999999
4.09999998
4.29999998
4.09999996
4.09999996
4.19999995999
5.2
5.39999998
4.49999996
4.8
4.89999996001
4.69999998
4.19999998
3.99999996
4.19999996
3.89999996
6.19999986
14.1999998
23.1999998
26.7999997
32.5
32.4000001
34.8000002
35.2999996
36.5000005
30.5999999
26.8000002
24.4000006
22.2999997
14.5999999
7.50000007999
6.59999996
6.40000006
5.59999996
4.99999998001
4.99999998001
4.29999996
4.49999996
4.19999996
4.19999996
4.49999996
10.1999999
18.6999998
24.2999997
31.5999999
33.9999999
32.9999996
38.6
38.3000001
29.7000003
26.0
21.4999997
20.3999998
12.0
8.1
6.6
5.89999998
6.0
5.1
4.99999998
4.9
4.39999999999
4.5
4.5
4.60000000001
10.2000002
19.3
25.3000002
33.2999992
31.3000007
35.1000004
37.0999996
36.9000003
28.6000004
25.3999996
22.5
20.1000002
13.9000002
8.6000001
8.0
8.3000001
6.2
5.2
4.89999996001
4.59999996
4.39999996
4.19999996
4.39999996
4.49999998
10.5
19.5000003
23.3000002
31.0
27.2999997
15.8857139838
20.5857142838
23.0857142838
17.3857144838
16.3857139838
13.5857142838
12.2857145838
7.88571418382
4.18571418381
4.78571428381
5.74285712191
4.79999996
4.89999995999
4.69999996
4.49999996
4.39999996
4.49999998
4.69999998
4.19999996001
4.19999995999
2.78571428382
2.58571428381
2.58571428381
2.78571428381
2.58571428381
2.58571428381
2.4857142838
2.88571428381
2.48571428382
2.68571428381
3.3428571219
4.49999996
4.19999996
4.39999996001
4.29999997999
4.49999996
4.39999998
4.39999996001
4.49999998
4.39999996001
4.49999996
4.19999996001
4.49999996
4.49999998001
4.19999995999
4.19999996001
4.49999996
4.19999996
4.29999996
4.29999996
4.39999996
4.19999996
4.29999998
4.49999996
4.29999996
4.39999996001
4.29999996
4.49999998001
4.39999995999
4.5
4.29999996
4.89999999999
4.39999996001
4.59999998
4.39999996001
4.39999995999
4.39999996001
9.9000002
18.5999999
25.7000003
31.1999998
28.9999995
31.4999995
34.2999998
33.3000003
28.2999997
25.9000001
27.2999997
23.6000004
12.7
7.7000001
7.4999999
6.59999989999
5.3
5.49999999999
5.4
4.9
4.7
4.8
4.7
4.7
10.3000001
19.0000003
23.6000004
29.4000001
27.4000001
29.1999998
31.5999994
32.0000002
26.8999996
24.8000002
22.4000001
18.0
10.8999999
7.0999999
6.6999998
5.8
5.2
5.5
5.3
4.9
4.9
5.1
4.8
4.9
9.7000002
18.1
22.7999997
29.6000004
23.3000002
25.2000003
30.4000001
31.6999995
25.4000001
24.5
22.8999996
20.6000002
14.3999999
7.7
6.3
5.9
6.1
5.4
5.3
5.1
4.9
5.1
5.1
4.9
10.8
22.0999999
22.9000001
32.0999994
30.0999999
31.8000002
36.4
41.2000002
32.8999998
28.7000003
25.1000004
20.1999998
14.4999998
7.4
6.7
6.3
5.7
5.8
5.1
4.8
4.9
4.8
4.7
4.8
10.3000001
17.5999999
22.2999997
27.1000004
26.4000001
28.0000005
32.1999999
30.6000007
22.0
20.6999999
18.5
16.4000001
9.8
6.69999986
6.5
4.8
4.89999998
5.3
4.69999999999
4.39999998
4.39999998
4.49999996
4.5
4.39999998
4.6
4.39999998
4.19999998
4.29999996
4.29999998
4.29999996
4.49999998
4.4
4.29999998
4.49999998001
4.5
4.29999997999
4.4
4.19999996
4.60000000001
4.39999999999
4.40000000001
4.5
4.29999998001
4.49999998
4.29999998
4.29999998
4.49999998
4.29999998001
4.5
4.39999998
4.49999997999
5.10000000001
6.0
6.09999999999
6.00000000001
4.5
4.4
4.6
4.3
4.29999998001
5.4999999
4.39999996
4.29999998
4.29999998
4.4
4.7
4.59999998
4.6
4.29999998
4.49999998
4.39999998
4.29999998
9.6999999
17.8000001
23.3999996
31.6999998
27.6000004
31.9000006
34.4999994
34.4999996
26.8000002
26.0999999
23.4000001
18.7000001
11.6999997
7.59999999999
5.90000000001
5.29999997999
5.89999988001
5.29999998
4.89999997999
4.49999998001
4.59999998
4.39999998
4.59999996
4.29999996
8.90000009999
16.3000001
21.5
29.6000004
28.5000005
28.4000006
29.9000001
28.4000002
24.6000004
24.9000006
22.0999999
18.8000002
12.6000001
6.5
4.89999996
5.69999998
4.89999998
4.60000000001
4.59999999999
4.7
4.59999996
4.49999998
4.49999998
4.69999998
10.8999998
17.6999999
24.0999999
27.7999997
28.5999994
31.1999993
32.8
33.2999996
26.9999995
25.1999998
23.5
17.8999999
12.2
6.39999999999
4.9
4.7
4.9
5.5
4.8
4.8
4.60000000001
4.8
4.6
4.6
11.1000001
17.8000002
20.6000004
27.6000004
22.5
24.6999998
28.9000001
30.5000001
26.0999999
24.4000001
22.7000003
20.5000002
12.0999999
6.59999990001
6.4999999
5.6
5.5
5.3
4.69999998
5.09999999999
4.90000000001
5.2
5.09999999999
5.0
10.8
18.0999997
20.4999998
27.5
24.0
24.4000001
26.6000004
27.1999998
20.9999998
19.3
20.8999998
17.2999996
10.0
6.60000008
6.29999998001
5.19999998
5.09999998
5.09999998
4.49999996
4.39999996001
4.29999998
4.39999998
4.29999996
4.19999998
4.09999996
4.29999998
4.29999996
4.19999996
4.29999996
4.49999997999
5.49999986
5.99999988
4.79999996
4.49999998001
4.39999995999
4.59999998
4.49999998
4.69999998
4.8
4.7
4.6
4.8
4.49999997999
4.69999998
4.59999998
4.49999996
4.69999998
4.59999998
4.59999998
4.49999996
4.69999998
4.59999998
4.39999996
4.39999996
4.49999996
4.69999996001
4.59999998
4.39999996
4.59999996
4.49999998001
4.39999995999
4.59999998
4.69999996
4.7
4.7
4.59999998
4.59999998
4.79999998001
4.39999995999
4.39999996001
4.49999996
4.89999998
4.49999996
4.7
4.59999996
5.29999986001
4.59999996
4.49999996
4.39999996
4.89999996
4.59999996
4.59999996
4.49999996
4.59999996
4.49999996
4.39999996
4.49999996
4.79999998001
4.49999996
4.49999998
4.29999996001
4.79999997999
4.49999996
4.59999996
4.49999996
4.89999998
4.59999998
4.49999996
5.10000000001
5.89999999999
5.3
5.2
5.5
5.40000000001
5.7
5.7
5.19999995999
4.29999996
4.09999996
4.19999998
4.19999995999
4.59999998
4.19999996
4.19999996
4.09999998999
4.29999996
4.19999996
4.19999996
4.09999996
4.49999996
4.19999998
4.99999999999
5.8
5.6
5.3
5.3
4.60000000001
4.60000000001
5.09999999999
4.89999996001
4.29999999
4.00000002
4.19999999
3.80000002
3.90000002
3.99999999
4.29999999
4.09999996
4.00000002001
3.99999999
4.09999999
4.19999999
4.09999999
4.19999999
4.19999996
4.19999999
3.90000002
4.30000002
4.10000002
4.19999999
4.00000002
4.29999999001
4.10000002
4.99999996
4.20000002001
4.00000001999
4.00000002001
4.29999999
4.19999999
4.19999999
4.00000002
4.19999995999
4.09999999
4.09999998999
4.00000002001
4.29999999
4.09999999
4.29999999001
4.00000001999
4.29999996
4.00000002001
4.69999995999
4.00000002
4.40000002
4.40000002
4.40000002
4.89999999
5.10000002
5.10000002
5.00000002001
4.20000001999
4.09999999001
4.19999999
4.09999998999
4.19999999
4.09999999001
4.19999999
4.09999999001
4.29999999
4.20000002
4.09999996
4.20000002001
4.09999998999
3.90000002
4.09999999
4.10000002
4.09999999
4.10000002
4.00000002
4.30000002
3.90000002
4.09999999
4.10000002
4.09999999
4.10000002
4.00000002
4.20000002001
4.09999998999
4.00000002
4.09999996
4.00000001999
4.29999999001
4.20000002001
4.00000001999
4.19999999
4.19999999
4.09999999001
4.19999995999
4.00000002001
4.29999996
4.20000001999
4.09999999001
4.10000002
4.00000001999
4.10000002
3.99999999
3.90000002
4.40000002
3.90000002
3.90000002
4.00000002
4.19999999
4.09999999
4.19999999
4.29999999
4.10000002
4.00000002
4.00000002
4.39999996001
4.10000002
10.9000002
17.9999998
21.7999997
26.2000003
24.0999999
28.5
31.3999997
33.9999997
27.0999999
25.8000002
24.8999996
21.5999994
13.0000002
6.69999998
4.59999996
5.29999996
5.19999996
4.49999996
4.59999998
4.59999998
4.49999996
4.39999995999
4.39999996001
4.69999998
10.7999998
18.9999998
25.4000001
33.0000005
31.9000001
31.9000001
36.6999993
35.5000001
28.5
27.2000003
23.7000003
22.2000003
13.4999997
7.7000001
4.9
4.89999999999
5.60000000001
4.89999999999
4.50000000001
4.5
4.8
4.5
4.5
4.5
10.6000001
17.0999999
22.2000003
29.1999998
25.5
26.8000002
32.8000007
33.7000003
26.3000002
24.0
23.2000003
18.2000001
10.8999999
6.8
5.3
5.39999999999
4.5
4.7
5.1
4.6
4.7
4.6
4.7
4.7
10.7999999
18.1999998
21.1000004
24.7999997
24.0
26.2999997
30.3000002
29.4000006
25.2000003
23.2000003
21.9000001
18.0
10.7000002
7.50000009999
5.4
5.1
5.2
5.1
4.89999999999
5.2
5.2
5.0
4.9
5.3
10.2999999
17.1000002
22.1999998
26.9000001
24.9000001
28.0
31.2000003
31.3999998
26.2000003
24.5
21.1000001
16.2000001
10.0000002
7.7
5.2
5.2
4.8
4.6
4.60000000001
4.8
4.7
4.5
4.5
4.5
4.60000000001
4.39999999999
4.5
4.40000000001
4.8
4.5
4.5
4.4
4.7
4.5
4.40000000001
4.59999999999
4.60000000001
4.5
4.5
4.5
4.89999999999
4.5
2.3
4.5
4.3575
4.4675
4.5175
4.505
4.485
4.36
4.2
4.265
4.2925
4.2675
4.2975
4.2725
4.275
4.265
4.2525
4.265
4.2925
4.225
4.26
4.295
4.2625
4.2875
4.1275
4.2725
4.385
4.4525
4.515
4.56
7.3525
12.0375
15.39
20.065
20.625
20.985
22.6375
23.2625
20.505
18.67
17.1325
14.56
9.7375
7.155
5.625
5.2275
5.01
4.85
4.535
4.455
4.4375
4.46
4.545
4.7275
8.005
15.4025
20.015
24.0975
24.595
23.7625
25.5375
25.795
22.2925
20.045
18.29
15.5275
10.425
7.4725
5.68
5.19
5.065
4.8725
4.7525
4.6475
4.65
4.705
4.6975
4.735
7.855
15.3325
20.8025
25.36
24.515
23.3025
25.46
26.0825
22.6475
20.1775
18.215
15.205
11.295
7.465
6.065
5.6175
5.115
4.8525
4.75
4.625
4.5525
4.555
4.5375
4.575
8.01
13.875
17.3325
21.005
20.82
21.9125
24.15
25.255
22.58
20.4
18.6325
15.795
11.5275
7.745
5.8425
5.35
5.0825
4.89
4.61
4.515
4.4425
4.4275
4.3325
4.36
7.5225
10.79
14.1775
18.7875
19.19
19.9
22.1725
23.105
20.0275
17.4625
15.5875
12.4
9.45
6.8725
5.4
4.8725
4.685
4.6125
4.405
4.295
4.205
4.15
4.14
4.125
4.135
4.0575
4.1275
4.2725
4.4375
4.435
4.6
4.66
4.63
4.425
4.255
4.235
4.2175
4.18
4.2075
4.2425
4.28
4.245
4.08
4.2025
4.245
4.2925
4.295
4.2825
4.2575
4.1975
4.1875
4.295
4.3075
4.27
4.3125
4.3225
4.29
4.28
4.265
4.2225
4.225
4.1775
4.1975
4.255
4.2775
4.265
2.2
4.085
4.39999999999
4.8
4.4
4.4
8.4999998
20.0999999
24.5999994
28.8000002
25.3999996
26.0
29.7000003
31.9999996
21.9000001
23.7000003
21.1000002
17.9000001
12.0999997
7.8
4.9
5.6
5.0
4.7
4.39999999999
4.7
4.5
4.3
4.6
4.6
10.3000002
19.3000007
22.5
26.8999996
24.6000004
26.2000003
31.7000003
30.2000008
24.4000001
19.6000002
19.7999998
17.6000001
12.6999998
8.9999999
5.0
5.09999999999
5.10000000001
4.59999999999
4.59999999999
4.5
4.39999999999
4.7
4.5
4.5
9.1
19.7000003
24.0
26.0999999
26.4000001
28.6999998
32.9
35.1
29.5999994
28.5
24.3999996
21.2999997
12.8999999
7.8
7.3
7.49999990001
6.09999999999
4.40000000001
4.9
4.7
4.7
4.59999999999
4.60000000001
4.7
10.5000001
20.1000006
21.4000001
26.5
23.4000001
25.9000001
29.1000004
29.2000008
23.5
21.9000001
21.1000002
18.1999998
11.7999998
8.2
5.8
5.39999999999
5.3
4.8
4.5
4.8
4.7
4.5
4.60000000001
4.8
10.4000002
19.5
22.0999999
26.2999997
22.7000003
25.0999999
28.3999996
29.3000002
24.2999997
23.0
20.1999998
16.0999999
10.2999999
6.2999999
4.8
4.5
4.8
4.5
4.5
4.8
4.5
4.6
4.40000000001
4.7
4.39999999999
4.7
4.40000000001
4.5
4.5
4.39999999999
4.60000000001
4.39999999999
4.60000000001
4.4
4.5
4.8
4.5
4.40000000001
4.5
4.59999999999
4.60000000001
4.6
4.40000000001
4.7
4.4
4.6
4.6
4.60000000001
4.5
4.59999999999
4.40000000001
4.8
4.4
4.3
4.3
4.7
4.5
4.39999999999
4.5
4.60000000001
4.5
4.5
4.5
4.59999999999
4.7
4.5
2.2
4.6
4.185
4.2375
4.2525
4.3025
6.885
12.1125
16.7725
22.055
21.54
21.7025
22.915
23.2
20.19
18.4325
17.0025
14.585
9.71
7.08
5.4625
5.0
4.965
4.8775
2.5
4.5625
4.79999998
4.49999998001
4.7
4.6
10.0999999
18.7
21.8000002
27.6999998
24.2999997
26.2000003
31.0999999
30.9000006
23.5999999
22.5999999
22.2999997
17.2999997
12.4999999
9.5
5.2999999
4.8
4.4
4.4
4.5
4.40000000001
4.39999999999
4.5
4.5
4.7
8.99999990001
17.5999999
21.0999999
26.5
24.2999997
25.6999998
30.3999996
30.6999998
24.9000001
22.6999998
21.2999997
17.6000004
12.0999999
7.2
7.8999999
6.1
4.9
4.5
4.89999999999
4.60000000001
4.7
4.60000000001
4.59999999999
4.8
9.90000000001
18.5999999
22.0999999
26.6999998
25.3000007
28.2000003
31.5
31.9999993
24.5
23.0999999
21.4999995
16.5999997
11.9999998
7.60000009999
4.9
4.6
4.8
4.8
4.50000000001
4.7
4.7
4.89999999999
4.5
4.6
10.1000002
19.8000002
22.3000007
27.3000002
25.7999997
29.3000007
32.7000002
33.1000002
27.1000004
23.9999995
20.6000004
13.0
9.6999998
7.7000001
4.5
4.4
4.4
4.6
4.3
4.5
4.39999999999
4.4
4.6
4.40000000001
4.5
4.19999998
4.49999998
4.29999998
4.19999996
4.29999997999
4.60000000001
4.29999998
4.19999998
4.3
4.29999998
4.6
4.29999998
4.4
4.29999997999
4.40000000001
4.7
4.4
4.29999997999
4.40000000001
4.5
4.7
4.09999996
4.3
4.19999998
4.59999998
4.4
4.19999995999
4.40000000001
4.39999998
4.59999998
4.19999998
4.09999996
4.39999998
4.49999998
4.29999998
4.3
4.29999998001
4.6
4.5
4.3
4.40000000001
4.39999998
4.5
4.19999995999
4.40000000001
4.29999997999
4.59999998
7.8000001
13.4000001
17.2000001
22.2
21.5
21.5000002
23.4999995
23.7000003
17.2999997
17.2999999
16.0999999
12.6000002
7.59999990001
7.6000001
5.3999999
4.6
4.7
4.7
4.60000000001
4.7
4.5
4.40000000001
4.7
4.5
8.5
16.9999998
22.5999999
24.8999996
23.3999996
25.4000001
29.0
28.8999996
20.5
19.5999999
18.1000001
15.4999997
9.89999999999
6.2
4.7
4.6
4.60000000001
4.49999997999
4.7
4.7
4.89999999999
4.7
4.6
4.7
10.2999998
17.5999997
21.6999998
24.8000002
25.3000002
24.0
29.3000002
30.9999995
23.8000002
22.0
20.5999999
17.0999999
9.59999990001
6.8
7.9999999
6.6
4.8
5.0
4.8
4.59999999999
4.8
4.7
4.6
4.8
10.6
18.5
21.6999998
26.6999998
25.8999996
28.0
37.7000002
34.3
30.6000009
28.3999996
24.8000002
21.0999999
14.2
10.0
5.7999999
4.9
4.7
5.1
4.7
4.79999999999
4.9
4.8
4.8
4.79999999999
10.3
18.1999998
20.6999993
25.2999997
22.8999996
24.3000002
27.5999994
28.0000005
23.6999998
21.7000003
17.8000002
17.4000003
10.6000001
7.1
4.6
4.89999999999
4.60000000001
5.0
4.9
4.7
4.6
4.7
4.8
4.8
4.8
4.6
4.7
4.8
4.9
5.1
5.3
5.2
5.49999999999
5.2
5.3
5.39999999999
5.1
5.0
4.99999999999
5.0
5.2
5.0
4.9
5.09999999999
5.0
5.2
5.0
5.0
5.1
4.9
5.0
4.89999999999
5.1
4.99999999999
4.8
5.2
5.0
4.99999999999
4.9
4.89999999999
4.9
5.1
5.1
4.9
5.1
4.99999999999
5.0
5.1
4.9
5.09999999999
5.0
5.1
9.5999998
19.0
22.5999999
26.1999998
23.8999996
26.5999999
31.8999997
34.1000001
26.9000001
25.4999995
22.8000002
19.3000002
13.5999999
8.9
5.6
5.09999999999
5.0
4.8
4.89999999999
4.7
4.8
4.8
4.59999999999
4.7
9.7999999
18.9000001
22.9999995
28.4000001
26.2999997
25.7999997
32.7000003
29.5999999
24.5999999
23.0
22.8999996
18.6999998
12.2999997
8.7999998
6.0
5.0
4.9
5.0
4.8
5.0
5.1
4.7
4.9
5.0
9.8
19.3000002
23.2000003
25.7999997
26.2000003
28.7000003
33.2999992
32.0999999
26.4000001
23.2999997
20.6999993
17.7000003
11.1000002
6.49999990001
7.59999999999
5.89999990001
4.8
4.5
5.0
4.60000000001
4.89999999999
4.5
4.7
4.5
9.9000001
18.0
23.7000003
26.1999998
22.4000001
28.2999997
32.6999999
30.5999994
26.1000004
24.0999999
23.2
18.7999999
12.2999998
6.8000002
5.2
5.2
5.1
4.8
4.8
4.9
5.0
5.0
4.8
4.8
10.5000001
19.1000002
22.2999997
26.0
21.9000001
25.5999999
28.4000001
28.6999998
24.1000004
21.8000002
19.5999996
18.8999999
8.9
6.6
4.8
5.39999999999
5.8
5.7
4.89999999999
4.8
4.7
4.39999999999
4.7
4.6
4.6
4.5
6.2
9.30000019999
11.8
10.4999999
11.3000001
11.7999998
11.5000001
8.1000001
5.4
4.9
5.0
4.9
5.0
4.8
5.0
4.8
5.0
4.9
4.89999999999
4.7
4.9
5.1
5.00000000001
5.00000000001
4.7
4.7
4.8
4.8
4.7
4.8
4.8
4.8
4.9
4.6
4.7
4.89999999999
4.8
4.8
4.7
5.0
4.59999998
4.7
4.8
4.6
5.0
4.8
7.5
18.8000002
22.0999999
29.5999999
27.3999996
32.6000004
31.7000003
30.0
27.9000006
27.1000009
24.6000004
20.8000002
13.0000003
7.59999990001
4.59999998
4.5
4.40000000001
4.7
4.60000000001
4.4
4.4
4.49999998001
4.5
4.39999999999
9.49999990001
20.0
23.0
28.4000006
25.7000003
30.8000002
30.0
29.5
28.0999999
26.9000001
24.0000005
20.2999997
12.8999999
8.1999999
5.0
4.7
5.0
4.8
4.49999999999
4.8
4.8
5.1
4.9
4.7
9.99999990001
17.9000006
22.0999999
26.5999999
24.2999997
25.5999999
27.7999997
25.0999999
22.4000006
23.9000001
22.4000006
18.4000001
12.1000001
8.2
5.8
5.4
4.8
4.8
4.8
4.8
4.8
5.2
4.89999999999
4.90000000001
9.4999998
17.6999998
22.2000003
27.3000002
27.3000002
28.4000001
27.2000003
25.0999999
23.4000001
22.4999995
21.5999999
18.7999998
12.2000001
9.8999999
5.09999999999
4.59999999999
4.7
4.5
4.5
4.89999999999
4.7
4.90000000001
4.49999999999
4.59999999999
9.7999998
17.7000003
19.6999998
27.0
25.0999999
27.3999996
26.8000002
21.2999997
21.8000002
20.5000005
17.0000002
11.4000001
7.9
7.39999989999
6.40000000001
4.39999999999
4.5
4.49999997999
4.49999997999
4.60000000001
4.39999998
4.29999997999
4.39999998
4.59999998
4.60000000001
4.39999999999
4.39999998
4.29999997999
4.39999998
4.19999995999
4.59999998
4.39999998
4.59999998
4.39999998
4.29999997999
4.39999998
4.29999997999
4.49999997999
4.29999997999
4.60000000001
4.39999999999
4.59999998001
4.39999999999
4.59999998
4.29999997999
4.39999999999
4.49999998001
4.39999998
4.5
4.29999997999
4.39999999999
4.69999998
4.60000000001
4.29999996
4.29999997999
4.39999998
4.29999996
4.29999997999
4.39999999999
4.29999997999
4.8
4.5
4.29999997999
4.5
4.59999999999
4.39999998
4.29999998001
4.39999998
4.5
4.89999999999
4.39999999999
4.5
5.9
12.4999999
13.6000003
14.4000001
18.9999997
20.3999999
21.1999998
17.1000001
13.7
12.2999997
11.7999999
7.60000000001
5.0
3.89999999
4.19999999
4.29999996
4.19999995999
3.99999998999
4.29999995999
4.20000002001
3.89999999
4.09999998999
4.00000001999
4.09999996
5.59999998
8.59999990001
9.89999989999
12.4000001
16.3
16.5
15.0000003
12.0999999
11.7999998
10.8
9.8000001
6.4999999
3.79999996
3.99999997999
4.29999997999
4.09999998
4.5
4.09999998
3.69999999
4.39999999999
3.99999996
3.99999996
4.19999998
4.09999998
5.1
11.1999999
15.0000005
17.2999999
18.5999999
19.9999997
16.3
13.9
11.3999999
10.20000018
8.80000002
6.69999999
3.59999997
3.60000002
3.59999992
3.79999999001
3.79999997
3.79999996
3.80000001
3.79999998999
3.89999999
3.39999998
3.59999997
3.59999997
5.10000001
9.90000010001
13.0
16.4999998
16.3999998
15.2
13.7000001
12.6000001
10.4000002
9.3000001
9.7
5.9
4.4
3.69999999
3.89999998
3.89999996
3.90000001
3.80000001
3.69999999
3.79999996
3.79999996
3.99999998
3.89999998
3.79999996
4.40000001
8.5
10.8
13.6000004
12.6000001
14.3999999
13.3999999
12.5
11.2000001
9.8999999
8.69999999
5.59999998999
3.20000004
3.39999998
3.5
3.39999998
3.49999995
3.5
3.30000001
3.39999998
3.40000003
3.79999997
3.30000001
3.39999998
3.49999995
3.60000002
3.30000001
3.30000001
3.70000002
3.49999995
3.30000001
3.20000004
3.69999999
3.39999998
3.39999998
3.20000004
3.5
3.59999997
3.39999998
3.39999998
3.39999998
3.79999999
3.30000001
3.39999998
3.5
3.69999994
3.60000002
3.30000001
3.5
3.39999998
3.39999998
3.39999998
3.6
3.30000001
3.20000004
3.70000002
3.30000001
3.40000003
3.30000001
3.49999995
3.40000003
3.30000001
3.49999995
3.5
3.5
3.49999995
3.20000004
3.5
3.50000003
3.30000001
3.39999998
3.39999998
5.00000001
7.5
10.1
10.2
14.6000001
14.5
14.8000002
13.4000001
10.2000001
9.59999998
8.89999991999
6.10000002
3.5
3.30000001
3.30000001
3.59999997
3.39999998
3.89999996001
3.39999998
3.5
3.5
3.39999998
3.5
3.5
4.99999996
8.8000001
10.3
12.9
12.7999999
11.1999997
11.8999999
12.5999998
11.5
11.99999998
10.29999989
6.19999992001
3.90000001999
3.69999997001
3.59999999999
3.49999995
3.49999995
3.59999997
3.5
3.60000000001
3.39999998
3.5
3.59999999999
3.39999998
4.69999999001
6.8999999
7.2000002
8.7000001
11.1
10.7999999
10.0
9.0000002
10.9000003
10.9000002
9.09999978999
3.80000003001
3.39999998
3.5
3.50000002999
3.39999998
3.49999995
3.5
3.59999997
3.49999995
3.30000001
3.50000003001
3.59999997
3.5
4.2
4.59999999
4.49999999
5.3
8.6999999
9.09999989999
9.3000001
9.09999990001
9.29999999999
9.1999998
9.1
7.79999989999
3.59999992
3.39999998
3.69999994
3.89999996
3.49999995
3.49999995
3.59999992
3.79999996
3.59999992
3.59999992
3.49999995
3.79999996
3.59999992
3.39999998
3.59999992
4.39999996
8.19999986
8.19999995999
8.09999998999
8.60000016
9.49999996
8.50000006
8.29999996
4.89999997
3.59999997
3.5
3.59999997
3.59999997
3.39999998
3.59999997
3.69999997
3.49999995
3.49999995
3.59999992
3.79999996
3.39999998
3.49999995
3.39999998
3.69999994
3.59999997
3.49999995
3.39999998
3.59999992
3.59999992
3.39999998
3.49999995
3.49999995
3.79999994
3.39999998
3.49999995
3.59999997
3.49999995
3.59999997
3.39999998
3.39999998
3.59999997
3.59999997
3.59999997
3.49999995
3.59999997
3.39999998
3.59999997
3.39999998
3.89999997
3.39999998
3.59999997
3.59999997
3.49999995
3.59999992
3.39999998
3.59999997
3.49999995
3.39999998
3.59999992
3.49999995
3.59999997
3.59999997
3.49999995
3.39999998
3.59999992
3.49999995
3.59999997
3.69999994
3.5
3.80000001
3.49999995
3.79999994
3.59999992
3.39999998
3.69999994
3.59999992
3.79999996
3.59999997
3.49999995
3.39999998
3.49999995
3.59999997
3.49999995
3.39999998
3.39999998
3.89999998
3.79999996
3.49999995
3.49999995
3.49999995
3.69999994
3.59999992
3.39999998
3.5
3.69999994
3.49999995
3.59999997
3.49999995
3.49999995
3.59999997
3.49999995
3.59999997
3.79999994
3.39999998
3.39999998
3.59999997
3.39999993
3.39999998
3.49999995
3.59999992
3.59999992
3.49999995
3.39999998
3.39999998
3.79999996
3.39999998
3.39999998
3.39999998
3.79999996
3.49999995
3.49999995
3.49999995
3.49999995
3.39999998
3.39999998
3.69999994
3.59999997
3.39999998
3.39999998
3.59999992
3.39999998
3.59999997
3.39999998
3.49999995
3.39999998
3.5
3.79999996
3.59999997
3.39999998
3.39999998
3.39999998
3.69999994
3.39999998
3.5
4.09999998999
4.79999998001
4.59999998999
4.60000002
4.69999999
4.89999998
4.69999999
4.80000002
4.2
3.59999997
3.89999998
3.60000002
3.80000001
3.69999999
3.89999998
3.60000002
3.60000002
3.60000002
3.69999994
3.80000001
3.59999997
3.60000002
3.59999997
3.89999996
3.39999998
3.60000002
3.60000002
3.99999998
3.5
3.69999999
3.5
3.69999999
3.80000001
3.5
3.60000002
3.69999999
3.60000002
3.89999998
3.60000002
3.80000001
3.80000001
3.60000002
3.80000001
3.5
3.69999999
3.69999999
3.79999996
3.5
3.39999998
3.69999999
3.60000002
3.80000001
3.69999999
3.59999997
3.60000002
3.69999999
3.59999997
3.59999997
3.60000002
3.60000002
3.89999998
3.89999998
3.89999998
3.69999999
3.60000002
3.69999994
3.90000001
3.60000002
3.60000002
3.60000002
3.60000002
3.69999999
3.60000002
3.59999997
3.5
3.59999997
3.69999999
3.5
3.59999997
3.69999999
3.5
3.69999999
3.59999997
3.60000002
3.69999999
3.80000001
3.60000002
3.80000001
3.80000001
3.59999997
3.80000001
3.69999999
3.5
3.80000001
3.59999997
3.60000002
3.5
3.79999996
3.60000002
3.80000001
3.89999998
3.5
3.59999997
3.60000002
3.5
3.5
4.0
3.60000002
3.69999999
3.60000002
3.80000001
3.5
3.5
3.60000002
3.5
3.89999998
3.69999999
3.80000001
3.59999997
3.99999998
3.5
3.5
3.5
3.69999999
3.79999997
3.79999999
3.39999998
3.39999998
3.59999997
3.69999994
3.39999998
3.5
3.49999995
3.59999997
3.79999996
3.59999997
3.39999998
3.5
3.49999995
3.69999999
3.39999998
3.39999998
3.79999999
3.59999997
3.39999998
3.49999995
3.69999994
3.39999998
3.49999995
3.39999998
3.49999995
3.69999994
3.39999998
3.59999992
3.39999998
3.5
3.49999995
3.59999997
3.69999999
3.39999998
3.49999995
3.59999997
3.69999994
3.59999992
3.60000002
3.39999998
3.59999997
3.39999998
3.69999994
3.49999995
3.59999992
3.39999998
3.39999998
3.69999994
3.49999995
3.49999995
3.29999996
3.59999997
3.49999995
3.59999997
3.5
3.49999995
3.49999995
3.39999998
3.49999995
3.5
3.5
3.59999997
3.79999996
3.60000002
3.59999992
3.59999997
3.49999995
3.59999997
3.39999998
3.49999995
3.59999997
3.69999994
3.59999992
3.39999998
3.59999997
3.39999998
3.49999995
3.39999998
3.5
3.69999994
3.69999994
3.79999994
3.39999998
3.69999999
3.59999997
3.49999995
3.39999998
3.69999994
3.59999997
3.49999995
3.39999998
3.59999992
3.49999995
3.49999995
3.39999998
3.5
3.59999997
3.59999997
3.49999995
3.39999998
3.6
3.39999998
3.39999998
3.39999998
3.59999997
3.59999997
3.39999998
3.39999998
3.69999994
3.59999997
3.39999998
3.59999992
3.49999995
3.69999999
3.59999997
3.39999998
3.39999998
3.79999994
3.49999995
3.49999995
3.39999998
3.49999995
3.59999997
3.49999995
3.59999997
3.39999998
3.59999997
3.5
3.59999997
3.5
3.59999997
3.59999992
3.69999994
3.39999998
3.69999994
3.69999999
3.59999992
3.39999998
3.39999998
3.59999997
3.69999997
3.39999998
3.49999995
3.39999998
3.79999996
3.39999998
3.49999995
3.59999997
3.59999997
3.59999997
3.39999998
3.5
3.5
3.89999996
3.59999992
3.39999998
3.59999997
3.39999998
3.89999996
3.39999998
3.39999998
3.39999998
3.79999994
3.39999998
3.59999992
3.59999997
3.69999994
3.69999997
3.39999998
3.39999998
3.5
3.79999996
3.39999998
3.5
3.39999998
3.69999999
3.69999994
3.59999992
3.39999998
3.49999995
3.49999995
3.79999996
3.39999998
3.69999994
3.69999994
3.39999998
4.09999996
3.59999992
3.49999995
3.69999994
3.49999995
3.59999997
3.30000001
3.79999996
3.39999998
3.59999997
3.49999995
3.59999997
3.59999997
3.69999999
3.39999998
3.99999996
3.49999995
3.59999997
3.49999995
3.39999998
3.59999997
3.89999996
3.39999998
3.39999998
3.39999998
3.89999996
3.49999995
3.59999992
3.69999997
4.09999998
3.49999995
3.39999998
3.49999995
3.79999994
3.49999995
3.49999995
3.39999998
3.60000002
3.79999999
3.59999992
3.39999998
3.49999995
3.79999996
3.59999992
3.69999997
3.60000002
3.49999995
3.39999998
3.89999994
3.49999995
3.59999997
3.59999992
3.69999997
3.59999992
3.39999998
3.39999998
3.49999995
3.79999996
3.39999998
3.79999996
3.69999994
3.69999994
3.79999996
3.5
3.5
3.69999994
3.79999994
3.79999996
3.59999992
3.59999997
3.59999997
3.69999994
3.49999995
3.39999998
3.59999992
3.79999994
3.49999995
3.39999998
3.49999995
3.69999994
3.79999999
3.39999998
3.39999998
3.49999995
3.49999995
4.09999996
3.5
3.59999997
3.59999992
3.69999994
3.59999997
3.69999997
3.59999992
3.69999994
3.69999994
3.39999998
3.39999998
3.39999998
3.39999998
3.69999997
3.59999997
3.49999995
3.59999997
3.39999998
3.69999997
3.30000001
3.39999998
3.69999997
3.89999999
3.49999995
3.49999995
3.39999998
3.69999994
3.59999997
3.49999995
3.49999995
3.39999998
3.89999994
3.39999998
3.69999994
3.49999995
3.99999999
5.09999996
5.89999986
5.89999979
5.99999992
5.69999999
5.29999996
5.39999999
5.59999989
3.89999999
3.79999999
3.69999994
3.59999992
3.99999996
3.59999992
3.99999999
3.99999996
3.49999995
3.79999999
3.79999996
3.69999997
3.69999994
3.79999999
3.80000002
10.59999982
13.60000009
13.70000006
12.80000039
11.10000009
10.69999999
10.69999999
9.49999988999
5.00000007
3.49999995
3.79999999
3.69999994
3.79999994
3.69999994
3.99999996
3.69999997
3.69999999
3.89999996
3.59999997
3.79999997
3.69999994
3.89999996
3.69999994
7.39999992
8.19999999
8.00000001999
8.50000019
9.19999999
9.10000002
9.19999999
7.29999989
5.29999989
4.49999996
3.89999999
3.89999996
4.49999999
4.59999996
3.99999999
3.89999996
4.29999996
4.29999996
4.19999999
4.19999995999
3.89999999
5.19999998
7.2
9.0000002
13.0999998
12.7999998
15.0
13.6999999
13.5000001
14.0
11.5
10.6000001
8.9
3.99999996
3.69999994
3.59999997
4.09999996
3.69999994
3.79999996
3.79999999
3.79999996
3.89999996
3.69999994
3.69999999
3.89999999
3.79999996
4.7
5.39999999999
6.7999999
10.5
10.5999999
13.2
15.6999998
14.6
11.9999998
10.8
8.7000001
7.50000006001
3.69999994
3.69999996999
3.69999994
3.59999992
3.89999996001
3.59999992
3.79999993999
3.69999999
3.79999996
3.79999994001
3.89999995999
3.79999996
3.49999995
3.49999995
3.69999997001
3.49999995
3.39999998
3.59999992
3.79999997
3.49999995
3.59999992
3.69999994
3.59999992
3.69999996999
3.49999995
3.39999998
3.59999992
3.69999994
3.69999997001
3.89999994
3.49999995
3.79999997
3.69999994
3.59999992
3.69999994
3.59999992
3.69999994
3.59999992
3.69999994
3.59999997
3.69999994
3.39999998
3.5
3.69999996999
4.59999999001
4.59999996
4.99999996
4.09999996
3.59999997
3.69999994
4.39999995999
4.79999996
4.09999999001
3.69999996999
3.89999999
4.09999996
4.29999998999
3.99999996
3.99999996
4.09999996
4.19999995999
4.09999996
4.19999995999
4.00000001999
3.99999998999
4.39999999
4.89999999
5.29999996
5.39999996001
5.09999999001
5.09999995999
4.49999999
4.19999999
4.99999996
5.59999986
3.99999994
3.39999998
3.99999999
3.5
3.49999995
3.39999998
3.59999992
3.59999997
3.39999998
7.00000009999
10.9000001
18.0000002
18.7000001
24.6999998
22.8999996
21.8000002
20.9000001
19.3000002
17.4999998
14.3999998
9.0
5.0
5.2
6.39999979999
6.59999999999
5.0
4.8
4.2
4.39999999999
4.2
4.5
4.2
7.6
15.0999999
19.4999995
24.9000001
24.1000004
26.0
29.5
28.6000004
23.9000001
23.3000002
22.5
18.7000003
10.0999999
5.0
4.8
5.39999999999
6.2999999
6.29999999999
4.8
4.10000000001
4.09999999999
4.10000000001
4.09999999999
4.0
9.2999998
16.8000001
21.2000003
24.8999996
24.8000002
26.6999998
33.9999995
30.8999996
27.5
24.9000001
23.1000004
19.5000005
11.4999998
7.7000001
4.8
4.90000000001
5.2
4.89999999999
4.59999999999
4.5
4.5
4.39999999999
4.29999999999
4.2
8.90000000001
18.4000003
24.1999998
27.5
25.1999998
28.0
29.8000007
29.8000002
26.4000001
25.3000002
23.4000001
16.3999998
9.4999999
5.4999999
4.49999999999
5.10000000001
4.59999999999
4.7
4.70000000001
4.39999999999
4.29999999999
4.2
4.10000000001
4.29999999999
4.2
4.10000000001
4.09999999999
4.3
3.89999998
4.09999998
4.09999999999
4.2
3.99999998001
4.09999999999
3.89999998
3.99999998001
4.39999999999
4.0
4.2
4.3
4.29999999999
4.2
4.2
4.09999999999
4.3
4.09999999999
4.10000000001
4.29999999999
4.5
4.10000000001
4.09999999999
4.10000000001
3.89999998
3.99999997999
3.89999998
4.70000000001
5.5
4.89999999999
4.7
4.40000000001
4.09999999999
4.10000000001
4.29999999999
4.39999999999
4.3
4.39999999999
4.59999999999
4.3
4.39999999999
4.2
4.29999999999
4.60000000001
8.59999999999
18.9000001
22.1999998
28.0
26.5
31.7000003
34.2999999
33.8999992
27.1999998
23.8000002
23.0999999
20.0999999
11.1
7.90000010001
5.2
6.09999999999
6.89999999999
5.60000000001
5.39999999999
4.7
5.0
4.60000000001
4.59999999999
4.8
9.8
19.1000002
21.3000002
26.8000002
25.9000006
29.1999998
36.8
34.3999999
29.2999998
25.3000002
24.5
19.7000001
11.4
7.40000009999
5.8
6.49999989998
6.59999999999
6.4999999
6.2
4.9
4.49999999999
4.3
4.8
4.49999999999
9.8999998
17.8999999
22.2000003
29.5999999
28.1999998
29.5
34.5999998
32.8000002
27.4000006
26.5999999
24.5
18.8000002
11.2999999
8.10000000001
5.39999999999
5.6
6.20000010001
7.4999999
6.0000001
5.6999999
5.0
5.0
4.8
5.1
10.4999998
19.3
22.5999994
28.7000003
26.5
27.4000006
32.5
32.1000004
27.4000001
23.0000005
22.8999996
18.1000004
11.8999998
7.59999990001
7.89999989999
8.0000001
7.40000010001
5.6999999
5.1
4.7
4.70000000001
4.7
4.60000000001
4.59999999999
7.90000000001
12.9999999
17.9999997
22.9000001
22.5999999
21.9000001
27.9000006
23.9999995
22.9000002
20.5000001
17.8999997
11.1999999
7.8
5.9
4.3
4.3
4.7
4.6
4.19999998
3.99999998
3.89999996
3.89999996
4.09999998
3.79999996
4.2
3.89999998
3.89999998
3.79999996
3.89999998
3.69999999
4.00000000001
4.00000000001
3.89999995999
3.69999999
4.09999998
3.69999999
3.69999999
4.0
3.89999998
3.89999996001
3.99999997999
3.79999996
4.29999999999
3.89999996001
4.09999999999
4.2
3.99999998001
3.89999995999
3.99999997999
3.79999996
3.99999998001
3.99999998001
3.69999999
3.69999999
4.10000000999
3.79999996
3.89999998
4.10000000001
3.99999998001
3.89999998
3.79999996
3.89999998
4.09999999999
3.89999995999
4.09999998001
3.89999998
4.49999998001
4.0
3.89999998
3.99999997999
4.09999998001
4.09999997998
8.49999976001
17.0999998
21.1000004
29.3000007
26.1000004
31.4000001
37.6999999
36.7999997
29.3999996
28.6999998
26.1999998
22.2999997
13.8000001
7.20000000001
4.60000000001
5.39999999999
5.3
4.89999999999
5.2
4.59999999999
4.5
4.5
4.3
4.39999999999
9.0999998
17.1999996
22.4000001
28.5
25.9000001
30.4999995
32.1000001
34.2000003
27.7000003
26.1999998
22.4999997
21.0
13.8999998
7.89999989999
5.8
7.1999999
7.09999999999
6.60000000001
5.2
5.3
5.2
4.8
4.89999999999
4.70000000001
9.6999999
18.9000001
21.0
28.0
26.4000006
27.0
35.8
34.3999997
28.8999996
27.4000001
23.9000006
20.7000003
13.4000003
8.10000000001
5.7
5.50000000001
5.2
4.89999999999
5.20000000001
4.8
4.39999999999
4.49999999999
4.7
4.5
8.3
16.8999998
21.1000004
26.3999996
26.5999999
27.8000007
31.4000006
36.1999996
29.2000003
26.0
24.7000003
20.8000002
14.5
7.5
7.09999989999
6.2999999
5.29999999999
5.60000000001
5.09999999999
5.0
5.2
4.8
4.70000000001
4.89999999999
8.99999980001
17.8000002
21.3999996
26.6999998
24.3000007
22.5
28.3000002
27.5000005
22.1000004
19.8999998
23.0999999
15.0
8.79999979999
6.3000001
5.8
5.60000000001
5.0
4.70000000001
4.59999999999
4.2
4.2
4.09999999999
4.2
4.3
4.0
4.0
4.3
4.2
4.0
4.29999999999
4.5
4.40000000001
4.39999999999
4.5
4.09999999999
4.10000000001
4.0
4.3
4.09999999999
4.2
4.10000000001
4.2
4.2
4.10000000001
4.3
4.0
4.3
4.09999999999
4.10000000001
4.2
4.09999999999
4.2
3.89999998
4.2
4.0
4.3
4.10000000001
4.09999999999
4.2
4.10000000001
4.0
4.0
4.19999997999
4.3
4.09999999999
4.3
4.59999999999
4.0
4.2
4.3
4.0
4.2
7.0
17.6999998
24.2000003
28.9999995
27.5000005
33.5000005
37.5000002
37.4
28.5999999
26.3999996
24.0999999
19.0
12.5999999
8.2
4.8
6.2999999
6.5
6.2
4.80000000002
4.5
4.39999999999
4.3
4.29999999999
4.39999999999
9.39999979999
20.9000001
23.5
29.8000007
27.0999999
29.8000002
36.0000006
38.1000004
30.5999999
28.4000001
24.7999997
19.0999997
11.0
6.4999999
5.59999999999
6.39999989999
6.39999989999
5.7
5.2
4.40000000001
4.2
4.5
4.0
4.2
8.29999999999
21.5
21.3000002
33.3000002
32.9000005
32.8000002
39.0999996
36.1999998
27.5999999
23.8999996
22.9000001
19.9000002
13.1000004
8.7000001
5.39999999999
5.7
5.39999999999
5.2
5.89999999999
5.0
4.8
4.7
4.90000000001
4.7
8.30000009999
18.0999999
21.7999997
28.0999999
28.5999994
31.9999995
38.0000003
37.5999998
26.3000007
23.5999999
21.6999998
16.2
9.8
8.39999979999
7.90000010001
6.0
6.7
6.90000000001
5.70000000001
5.0
4.8
4.59999999998
5.0
4.80000000002
8.99999989998
17.9999997
21.3000002
28.5000005
28.4999995
31.6999998
35.3
34.6999997
26.4000006
23.9999995
22.1999996
14.9999998
9.8000001
7.7000001
4.90000000001
5.5
6.29999999999
6.10000000001
4.7
4.39999999999
4.39999999999
4.59999999999
4.3
4.5
4.39999999999
4.49999999999
4.60000000001
4.20000000001
4.19999997999
4.29999999999
4.5
4.29999998001
4.2
4.39999998
4.29999999999
4.3
4.5
4.2
4.2
4.40000000001
4.5
4.39999999999
4.7
4.39999999999
4.40000000001
4.2
4.5
4.39999999999
4.39999999999
4.3
4.5
4.39999999999
4.3
4.39999999999
4.2
4.19999998
4.39999999999
4.5
4.29999999999
4.5
4.20000000001
4.39999999999
4.29999999999
5.89999999999
4.89999999999
5.10000000001
5.49999988
4.39999999999
4.29999999999
4.39999999999
4.70000000001
4.39999999999
8.60000009999
19.2000003
25.7000003
30.0000005
26.5
28.4000001
31.1999998
35.2999997
25.7999997
23.8000002
22.9000001
20.3000002
13.1
9.09999989999
6.39999990001
7.29999999999
7.2999998
6.40000009999
5.79999999999
5.60000000001
5.39999999999
5.5
5.59999999999
5.40000000001
9.9999999
19.5999999
23.5999999
32.0999999
28.2999997
30.0000005
34.5999993
35.6
26.5000005
25.3999996
24.5
22.4000001
13.1
10.5999999
7.2000001
7.2
6.0
5.8
6.2000001
5.29999999999
5.0
5.3
5.09999999999
5.2
11.5999999
19.2000003
25.2999997
30.1000004
27.1999998
28.8000002
32.2999997
32.0000005
26.2000003
24.5
22.9000001
20.5999997
13.4000003
7.7
5.89999989999
5.8
5.60000000001
6.8000001
6.7
5.2
5.2
5.2
5.2
5.10000000001
9.9000002
17.2000001
23.1000004
30.2999997
28.0999999
28.7999997
33.0
33.5999999
28.3000002
25.1000004
23.3000002
19.5000002
13.1000004
7.40000009999
5.39999999999
7.0000001
7.2
7.2999998
6.19999999998
6.5
5.5
5.5
5.49999999999
5.5
10.2000002
19.9000001
24.0000005
31.3000002
25.7999997
26.6000004
30.2000003
32.8999998
28.7000003
26.0999999
22.7
18.0999999
11.4999999
7.2
5.0
5.2
5.29999999999
5.3
4.90000000001
4.59999999999
4.7
4.7
4.7
4.5
4.89999999999
4.60000000001
4.7
4.5
4.59999999999
4.60000000001
4.5
4.7
4.5
4.5
4.39999999999
4.89999999999
4.39999999999
4.60000000001
4.5
4.7
4.39999999999
4.59999999999
4.8
4.49999999999
4.8
4.5
4.79999999999
4.5
4.60000000001
4.8
4.39999999999
4.39999999999
4.5
4.8
4.5
4.39999999999
5.0
5.5
4.89999999999
4.70000000001
4.8
4.5
4.5
4.89999999999
4.60000000001
4.7
5.39999999999
4.7
4.5
4.70000000001
4.8
4.39999999999
9.60000009999
18.7
26.5
30.1999998
25.5
28.2000003
32.4000005
34.5999997
28.2999997
29.6000004
26.6999998
20.6000001
13.6999997
8.3
6.8000002
7.2999999
7.10000009999
6.90000020001
6.30000010002
5.39999999999
5.0
4.89999999999
5.10000000001
4.89999999999
9.39999980001
17.2
24.5
33.5
33.1000004
31.4000001
33.8
34.9000003
25.6000004
25.8000002
25.8000002
23.7000003
15.0
7.09999989999
5.39999999999
6.7000001
6.80000000002
6.7000001
5.89999999998
4.90000000001
4.8
5.0
4.89999999999
5.10000000001
9.7000001
18.8999998
24.9000001
32.0000005
30.1999998
30.0999999
37.0000004
37.3
32.6000004
31.4000006
25.7999997
21.5999999
10.4999999
8.5
9.09999990001
7.89999989999
6.60000010001
6.7
6.0
5.09999999999
4.79999998001
5.09999999999
5.0
5.0
9.89999989999
19.2000003
25.7999997
31.5999999
29.3000002
33.4000006
39.3
38.3000002
32.0999999
30.7999997
28.0999994
23.1000002
14.8000001
9.79999978001
7.19999987999
6.89999998
7.1999999
5.89999990001
5.29999999999
5.09999999999
5.09999998
5.3
4.79999996
5.2
9.30000007999
18.8000004
24.9000001
31.9000006
36.1000002
36.9
41.0000003
36.9000001
33.5999997
32.1000004
26.5999999
20.0999999
12.5999999
8.7
5.29999999999
5.5
5.5
5.59999999999
5.20000000001
5.2
4.8
5.09999999999
4.90000000001
4.90000000001
4.79999999999
5.10000000001
4.89999999999
4.70000000001
4.70000000001
4.60000000001
4.79999999999
4.80000000002
4.89999999999
4.89999999999
4.90000000001
4.7
4.70000000001
4.89999999999
4.90000000001
4.7
4.90000000001
4.7
4.89999999999
5.0
4.70000000001
4.8
4.90000000001
4.7
5.09999999999
4.90000000001
4.90000000001
4.79999999999
4.70000000001
4.70000000001
4.89999999999
4.8
4.90000000001
4.7
5.2
4.60000000001
4.8
4.90000000001
4.79999999999
4.80000000002
4.89999999999
5.0
5.5
5.09999999999
4.60000000001
4.70000000001
5.10000000001
4.7
9.2000001
22.0
26.9000001
34.4000002
29.4000001
31.2000003
34.5000001
32.8999999
27.4999995
27.2000003
25.6999998
23.9000006
13.6000002
8.09999998
5.5
5.5
5.5
5.89999999999
6.89999999999
5.2
5.10000000001
5.09999999999
5.10000000001
5.09999999999
9.69999990001
20.2000005
25.5999999
34.7999997
34.5000002
34.1
39.8999999
40.3
32.3
32.1999998
30.3999996
26.5999999
18.8999999
10.7999998
7.80000009999
7.8000001
7.8000001
7.90000020001
7.09999989999
7.8000001
7.39999989999
7.2999998
7.1999998
7.7000001
12.3999998
22.9000003
27.5
33.8999996
35.1999999
34.5000001
38.0999998
34.2000003
31.6000004
28.5999999
23.6999998
21.1000001
13.2999998
7.79999979999
8.59999990001
7.30000009999
5.70000000001
5.8
6.39999989999
5.3
5.09999999999
5.3
5.2
5.2
10.7000001
20.4999998
26.0999999
30.2999992
35.9999996
41.4999998
44.9000002
33.9000001
31.6999996
28.5
23.0
20.6000002
15.2999997
8.40000009999
6.7999999
7.29999989999
7.1999998
7.5
7.2
5.40000000001
5.39999999999
5.2
5.5
5.39999999999
10.4000001
20.0999997
25.0999999
34.3000002
33.4999995
38.4000003
39.1999997
35.9
28.1999998
25.0
24.4000001
20.8000004
14.4999997
8.59999999999
6.89999999999
7.39999999999
7.39999999999
7.7000001
5.79999989999
5.5
5.3
5.49999999999
5.10000000001
5.7
5.49999999999
5.2
5.3
5.29999999999
5.0
5.5
5.29999999999
5.2
5.2
5.10000000001
5.5
5.29999999999
5.10000000001
5.2
5.2
5.2
5.5
5.39999999999
6.39999999999
5.29999999999
5.3
5.29999999999
5.59999999999
5.60000000001
5.39999999999
5.29999999999
5.40000000001
5.29999999999
5.2
5.3
5.2
5.09999999999
5.2
5.2
5.2
4.90000000001
5.2
5.29999999999
5.2
7.89999989999
8.2
7.4999999
6.29999999999
5.5
5.29999999999
5.59999999999
5.3
5.29999999999
9.7999999
20.0999999
27.3000002
36.1999998
34.499999
37.1000004
37.4000003
36.6000001
29.1999998
27.7999997
24.7999997
21.1000001
14.1999998
8.7
6.7999999
7.49999989998
7.7999999
6.5
6.5
5.49999999999
5.59999999999
5.39999999999
5.39999999999
5.5
9.90000000001
19.2999999
27.3999996
34.8999996
32.4999995
33.1000002
41.7999998
39.4999999
33.2999998
32.9000002
30.2000003
24.1000004
16.0999997
9.2
7.8000001
7.90000009999
8.2
7.8000001
6.3
5.8
5.8
5.7
5.8
5.59999999999
10.6999998
20.5999999
24.5999999
33.6000004
31.8000007
32.0000005
38.3000002
42.6999995
31.5000004
27.1000004
26.0
24.7000003
14.8000001
10.9999999
10.2999999
8.7000001
7.4999999
6.1999999
6.09999999999
5.49999999999
5.5
5.60000000001
5.59999999998
5.3
10.8000002
19.4000001
24.2999997
32.6000004
34.1999993
36.1999999
43.0000004
39.5999997
34.8999999
32.7000001
30.2999999
25.0999994
16.5999997
9.50000020002
5.99999999999
6.10000000001
5.79999999999
5.90000000001
6.70000000001
5.69999999998
5.39999999999
5.70000000001
5.49999999999
5.49999999999
12.3000001
19.1999998
24.5
33.7000003
31.1000004
35.6000001
41.3000002
42.8000004
33.7000002
30.0999994
29.6999999
22.8
14.6999998
9.39999999999
7.19999990001
6.90000009999
7.39999999999
7.0
6.70000000001
6.80000020002
6.5
6.60000009999
6.5
6.5
6.7
6.70000010001
6.60000010001
6.39999999999
6.39999989999
6.70000010001
6.39999999999
6.29999989999
6.5
6.39999989999
6.29999997999
6.29999997999
6.60000010001
6.39999998
6.5
6.60000010001
6.39999999999
6.80000009999
6.7000001
6.5
6.5
6.7
6.79999988001
6.5
6.5
6.7000001
6.7000001
6.60000000001
6.29999997999
6.50000006001
6.7
6.19999995999
6.29999997999
6.60000008
6.39999998
6.29999997999
6.5
6.39999990001
6.7
6.60000000001
6.29999997999
6.70000010001
6.7000001
5.49999998001
6.29999997999
6.60000008
6.69999988
6.49999998001
6.39999998
6.60000008
8.49999988
8.69999989998
10.6000002
11.5999999
11.6000001
11.5999999
10.8000001
9.6999999
9.6999999
9.90000010001
6.19999997999
4.99999998001
5.10000000001
4.89999998
4.89999998
5.09999999999
5.19999998
4.50000000001
4.49999998001
4.29999996
4.39999998
4.5
4.39999995999
4.7
4.99999998001
7.29999999999
10.9999999
13.7000001
13.6
13.9000001
13.2999999
13.2
13.5999997
11.9999998
6.20000000001
4.79999999999
4.90000000001
5.0
4.90000000001
4.79999999999
5.0
4.39999999998
4.3
4.3
4.39999999999
4.39999998
4.69999999998
4.20000000001
5.0
5.09999999999
7.59999989999
10.6999999
9.89999989999
9.5
9.90000000001
9.59999999999
9.39999990001
8.40000020001
7.7000001
5.10000000001
4.7
4.79999998001
5.2
4.8
5.0
4.50000000001
4.2
4.39999999999
4.5
4.39999999999
4.5
4.39999999999
4.70000000001
4.69999999998
7.4999999
8.90000010001
9.0000001
8.39999990001
8.69999999998
8.39999999999
8.90000020001
8.2999999
7.70000009998
4.70000000001
4.70000000001
4.7
5.09999999999
4.70000000001
4.79999999999
4.19999999998
4.2
4.2
4.5
4.3
4.19999999998
4.40000000001
4.59999999999
4.10000000001
7.20000010001
9.09999999999
8.7000001
8.90000000001
8.90000010001
9.19999999998
9.59999990001
8.40000009999
6.80000000002
4.60000000001
4.7
4.7
4.90000000001
4.7
4.80000000002
4.19999999998
4.40000000001
4.40000000001
4.09999999999
4.3
4.59999999999
4.5
4.40000000001
4.29999999999
4.39999999999
3.99999998001
4.10000000001
4.19999997999
4.39999999999
4.10000000001
4.29999999999
4.10000000001
4.39999999999
4.2
4.3
4.29999999999
4.5
4.29999999999
4.60000000001
4.49999999999
4.5
4.20000000001
4.19999999998
4.3
4.39999999999
4.40000000001
4.39999999999
4.60000000001
4.29999997999
4.19999999998
4.29999998001
4.3
4.19999997999
4.2
4.09999999999
4.39999999999
4.20000000001
4.19999999998
4.20000000001
5.2
5.60000000001
5.7
4.70000000001
5.39999999999
4.39999999999
4.39999999999
4.60000000001
4.39999999999
4.39999999999
9.20000019998
20.3000001
28.6999998
35.3999996
35.6999999
37.1999999
45.0999996
43.9999992
33.8000002
33.1999993
27.9000006
27.5999999
16.5000001
10.5000002
8.89999979999
7.30000009999
7.79999999999
6.80000000002
5.50000000001
5.09999999999
5.2
5.0
5.2
5.2
10.1
20.8999996
25.9000001
36.1999998
37.1999997
34.7000003
38.0999998
38.3000003
31.8999999
32.7000001
30.0999994
27.0999994
21.1000001
12.6000001
9.5000001
8.09999999999
6.39999989999
6.39999989999
5.8
6.19999989998
5.90000000001
5.90000000001
5.79999999999
6.19999990001
10.7000001
21.2999997
27.3000007
34.7999992
34.6999998
38.9000002
40.6000006
41.8000004
32.9000001
33.1999998
25.9000001
25.2000003
15.2999997
8.8
7.39999999999
7.20000019998
6.3
6.0
5.69999999998
5.59999999998
5.79999999999
5.5
5.69999999998
5.7
10.5
20.3
24.2999997
32.2000008
32.0999999
34.6999988
40.8999998
41.3999996
35.2000004
36.8999998
29.2000008
26.5000005
16.3999999
7.89999979999
5.90000000001
5.59999999999
5.59999999999
5.90000000001
2.61793103449
0.0358620689658
0.0358620689658
0.0358620689658
0.0358620689512
0.0358620689804
0.0358620689658
0.0358620689658
0.0358620689658
0.0358620689512
0.0358620689804
0.0358620689658
0.0358620689512
0.0358620689804
0.0358620689512
0.0358620689658
0.0358620689658
0.0358620689658
0.0358620689804
0.0358620689512
0.0358620689658
0.0358620689658
0.0358620689658
0.0358620689658
4.6525
4.6375
4.53
4.2825
4.1425
4.0
4.05
4.0875
3.835
3.765
3.8075
3.9325
4.24
4.435
4.59
4.72
4.81
4.845
4.7225
4.59
4.5225
4.6375
4.5975
4.69
4.91
4.79
4.715
4.665
4.755
4.7825
4.72
4.73
4.755
4.6475
4.5575
4.4575
4.4
4.315
4.14
4.2025
4.3
4.185
4.29
4.3475
4.485
4.9425
5.2525
5.3175
2.61793103447
2.41793103449
4.89999999999
5.10000000001
4.89999999999
4.89999999999
9.4999999
22.0999999
26.8000002
33.7000003
34.4000001
33.9000001
35.5999996
40.0999998
32.3999996
34.4000003
30.7999997
27.8000002
18.0
9.80000009999
6.90000010001
7.5
7.1999998
6.20000000001
5.5
5.2
5.09999999999
5.30000000002
5.5
5.09999999999
10.4999998
20.4000001
25.1000004
32.8000002
35.6
35.8000008
40.5999998
40.1000004
33.8
32.1999999
29.0
26.4000001
15.8999996
9.10000010001
7.3
6.5
6.1999998
6.0
6.0
5.60000000001
5.5
5.5
5.5
5.5
10.9999998
20.7000001
25.8000002
32.0999994
30.4000006
31.3999991
37.2999995
39.5000002
32.3999996
31.8999996
28.6000004
26.3000002
19.0999999
12.5999996
9.2
7.39999979999
6.90000010001
7.10000009999
5.90000000001
5.19999999998
5.3
5.39999999999
5.3
5.39999999999
10.2
20.8000002
27.2000003
32.5
36.9000002
39.7000004
43.3999998
41.3999998
33.7000005
30.5000005
26.5
25.1
14.1000001
7.5
5.8
5.7
5.80000000002
5.69999999998
5.3
5.20000000001
5.29999999999
5.29999999999
5.20000000001
5.19999999998
9.60000000001
20.3
25.8000002
38.3999996
34.6999993
34.5000003
37.6000002
38.4999997
28.5999996
27.9999999
27.8999996
22.0000002
14.2000002
7.89999990001
7.9999999
5.59999999999
5.7
5.5
5.09999999998
5.2
4.90000000001
4.79999999999
5.30000000002
4.89999999999
5.10000000001
5.09999999999
4.8
5.0
5.10000000001
4.79999999999
4.69999998002
5.0
5.2
4.90000000001
4.89999999999
4.89999998
5.0
4.89999999999
5.0
5.10000000001
5.0
5.10000000001
5.10000000001
5.2
4.89999999999
5.10000000001
4.89999999999
4.80000000002
5.0
5.29999999999
5.0
5.0
5.0
4.69999998002
4.89999998
4.89999999999
4.8
5.0
4.8
4.79999997999
4.90000000001
4.60000000001
5.0
4.8
4.89999999999
4.90000000001
5.3
4.80000000002
5.0
5.0
4.79999999999
4.80000000002
9.9000002
20.5999999
27.0
34.4999995
32.9999995
33.6000004
34.7000006
36.3000001
30.5
29.4000006
29.5999994
25.3
13.8999998
8.30000000002
7.49999999999
7.1999999
6.5
5.8
5.20000000001
5.19999999998
5.40000000001
5.3
5.29999999999
5.2
10.2999999
19.4000001
24.0999999
35.5999992
35.2000004
35.2999999
40.1000006
41.8000001
32.1999994
30.9000006
29.0999999
27.2
15.0999995
7.59999999999
5.89999999999
5.70000000001
5.59999999999
5.49999999999
5.90000009999
5.0
5.09999999999
5.0
4.90000000001
5.19999999998
9.70000020001
19.7999997
25.2999997
34.6000005
31.8000002
33.1
42.0
40.3
34.7999999
30.4999995
26.6000004
25.0
18.0999999
10.8999998
9.90000000001
7.69999990001
7.1999999
6.8
6.39999990002
5.2
5.3
4.89999999999
5.10000000001
5.0
10.2999999
20.3999998
26.4000001
34.6999998
34.3999996
39.3000008
42.2675
44.8999998
36.6000001
30.2000003
29.2000003
25.8000004
15.4000003
9.0
7.0000002
7.2999999
7.0000001
7.10000009999
5.79999999999
6.60000000001
6.60000000001
6.5
6.5
6.59999999999
11.1999998
22.5000005
27.0999999
34.6999993
35.5
38.5
42.1999998
38.3000004
33.9000002
32.1999998
26.4999995
19.3
11.4999999
7.3
5.59999998001
5.29999999999
5.60000000001
5.59999999999
5.0
5.2
5.0
4.99999998001
5.29999999999
4.99999998001
4.99999997999
5.2
4.79999997999
5.09999998001
4.89999995999
4.79999998001
4.99999997999
5.19999998
4.89999998
4.99999997999
4.99999997999
4.79999996
4.99999998001
4.99999998001
5.0
5.19999997999
5.2
4.99999997999
5.69999999998
5.0
5.29999997999
4.89999998
5.90000000001
6.2
6.0
6.0
6.2
5.8
5.5
4.89999996001
5.0
4.89999995999
4.99999997999
4.79999996
4.89999998
4.89999996001
4.69999995999
5.30000000002
4.79999997999
4.99999998001
5.0
5.89999999999
6.40000008
6.5
6.3
6.29999999999
6.5
7.89999999999
12.5
22.5999999
27.8000002
41.6
43.1000002
43.2000004
44.9000001
42.3000002
33.8999997
31.0999999
26.9999995
28.7000003
19.9
11.19999988
5.59999995999
5.19999995999
5.59999998001
5.19999995999
5.80000008001
4.79999996
4.99999995998
4.69999996001
4.59999996
4.89999996001
10.69999988
22.5
39.5999999
45.4999992
41.3999994
42.3999994
41.3375
42.4525
39.8000002
35.1999998
30.0000001
25.3000002
18.7000001
10.1000001
7.10000019999
8.60000000001
7.30000009999
7.20000010001
5.19999999998
5.5
5.60000000001
5.49999999999
5.49999999999
5.5
9.40000009999
20.7999999
35.5999999
31.82
45.5000008
44.1999998
40.13
40.43
40.7000003
38.1999997
35.0999999
30.1999999
18.8999998
8.7999999
9.2000001
9.59999978001
7.59999978
5.39999999999
5.0
4.39999996001
4.79999997999
4.60000000001
4.8
4.79999998001
9.60000019999
19.8999999
35.6000004
46.6000008
41.3000004
42.5999996
46.6
45.1000003
39.6999996
35.1000002
30.1000001
24.8999996
15.1
8.2999999
6.29999999999
6.5
6.89999989999
6.10000000001
5.39999999999
5.0
5.09999999999
5.0
5.0
4.90000000001
9.8000002
19.5
31.1999998
44.1
41.3
42.4999999
45.3999996
41.7000003
34.1000002
31.8000004
28.2999997
24.8000005
14.0999999
8.5
6.79999989999
6.39999999999
6.2999999
6.39999990001
5.2
5.69999998002
5.79999997999
5.79999997999
5.69999998002
5.49999996
6.50000000001
6.79999989999
6.50000000001
5.49999998001
5.59999996
5.59999998001
5.49999996
5.59999996
5.39999996001
5.69999998
5.59999998
5.59999996002
4.89999998
4.49999997999
4.59999998
4.09999996
4.39999999999
4.29999996
4.39999999999
4.29999997999
4.09999996
4.39999998
4.49999996
4.29999997999
4.39999998
4.29999997999
4.49999998001
4.19999995999
4.39999995999
4.29999996
4.60000000001
4.29999996
4.19999995999
4.39999998
4.39999999001
4.29999997999
4.19999995999
4.39999998
4.39999998
4.29999996
4.39999999999
4.49999997999
4.89999999999
4.29999996
4.29999996
4.29999996
4.19999995999
4.19999996001
9.0000001
23.5
37.9999999
42.2999999
38.1000001
39.7999999
45.2999998
35.975
36.9000002
31.2999998
29.7
26.4000001
16.5000003
8.2999999
6.7
6.6999999
6.59999989999
5.2
