106.5
101.5
101.75
88.75
90.75
88.75
92.5
116.25
119.75
120.75
128.5
129.5
150.75
167.0
146.0
155.25
127.25
145.25
132.0
135.0
138.75
138.25
136.0
126.25
135.0
114.75
90.5
89.5
89.5
88.25
90.5
90.0
101.5
130.0
110.0
129.0
143.25
154.25
150.25
136.0
152.5
144.0
137.25
122.25
134.75
118.5
128.25
114.25
100.25
94.5
91.0
86.0
91.0
88.0
86.75
85.75
92.5
98.25
130.0
120.0
124.25
148.25
123.5
125.0
132.0
131.5
127.0
130.75
129.0
120.0
129.75
120.75
100.0
97.0
110.75
98.25
91.5
89.25
88.0
86.0
93.5
111.75
144.25
138.5
153.75
132.25
136.0
122.75
128.25
153.0
147.5
138.5
159.5
142.75
128.5
119.0
109.25
93.25
92.5
87.75
89.0
90.5
103.0
100.75
101.75
110.75
139.75
158.25
156.75
158.25
124.25
168.5
164.75
128.75
137.0
148.75
134.25
132.25
148.75
137.25
117.0
102.75
95.5
97.0
90.5
89.25
94.75
101.25
120.5
126.75
131.0
124.75
132.5
150.5
144.0
147.75
142.0
132.5
135.5
159.75
146.25
131.5
141.5
128.25
123.0
102.25
95.75
91.25
91.75
94.25
97.75
107.25
115.75
110.0
114.25
129.25
135.25
127.5
130.5
130.0
137.75
145.0
145.75
132.25
137.75
143.25
148.0
146.0
111.5
98.25
102.0
100.5
89.75
87.75
100.25
104.5
111.75
125.5
160.0
136.25
159.5
150.0
143.75
145.5
165.75
159.75
139.25
171.0
150.0
117.0
131.25
132.75
104.25
112.25
87.0
96.0
86.75
89.75
101.5
89.0
104.75
133.75
127.5
137.75
153.25
137.25
132.0
128.5
154.75
167.25
123.25
124.25
124.25
145.75
121.5
123.75
111.75
110.0
93.5
89.0
88.5
85.25
92.25
88.5
96.0
109.25
115.75
139.25
138.25
121.75
118.25
128.0
132.0
139.75
126.5
110.0
116.25
138.0
117.25
118.0
105.75
94.5
90.5
90.0
92.75
90.0
88.75
89.5
90.0
103.0
132.0
133.75
134.0
146.25
131.5
125.75
144.75
124.5
120.0
138.5
126.25
110.25
133.0
130.0
122.75
96.5
93.75
92.25
88.5
91.0
95.75
104.25
112.75
104.75
125.5
134.5
126.0
148.0
144.25
126.25
120.5
134.0
128.5
124.5
135.75
120.5
126.5
122.75
116.5
102.0
91.25
89.5
98.25
98.0
100.0
98.25
107.75
113.5
117.5
134.0
145.0
152.0
160.5
160.75
152.75
148.0
141.0
134.25
149.5
124.25
111.0
107.75
96.75
88.75
89.25
85.25
85.75
85.0
96.0
102.75
101.75
119.75
149.25
173.5
143.25
136.25
151.25
158.75
148.75
152.25
154.0
123.0
130.25
142.25
119.25
122.5
128.25
104.5
94.75
88.0
84.25
84.0
98.75
102.25
108.75
112.25
154.5
163.75
156.75
144.25
142.75
142.0
142.5
130.5
144.75
141.25
119.75
102.0
103.5
113.25
107.5
97.5
93.25
86.25
101.75
88.25
97.25
100.75
101.25
139.0
145.75
135.25
123.5
135.5
153.5
136.25
136.0
136.5
132.5
129.5
124.5
108.5
94.75
103.0
115.75
98.25
96.0
83.0
81.5
83.5
95.0
96.75
103.25
107.5
124.5
123.75
110.25
131.25
104.75
87.5
88.5
101.25
87.5
125.25
91.5
84.75
83.75
83.5
84.0
93.0
78.0
76.75
76.5
77.5
79.75
79.25
76.0
78.0
96.0
96.5
98.25
80.75
94.0
94.0
99.75
98.0
103.25
87.75
97.75
88.5
108.75
92.5
89.0
80.5
76.5
73.75
76.0
75.75
79.5
83.0
84.25
96.25
89.75
86.25
101.25
103.75
82.5
88.25
78.0
81.75
84.5
82.75
84.0
79.25
98.75
81.75
85.5
78.75
75.5
73.25
73.75
73.25
72.25
77.75
88.0
79.0
79.5
77.5
86.0
95.0
87.5
91.75
88.25
83.0
75.25
77.5
80.0
75.5
80.0
77.25
85.25
76.0
74.75
72.75
72.0
73.0
74.5
77.5
55.75
70.5
71.25
73.5
66.75
67.0
81.25
69.25
63.75
72.75
66.0
78.0
66.75
78.0
72.75
63.75
66.0
60.25
60.5
59.75
59.0
58.75
61.25
65.75
68.75
65.0
64.25
66.25
66.5
65.25
69.0
64.75
66.5
69.75
62.75
62.0
64.0
67.25
71.0
63.0
63.75
59.25
60.5
58.75
58.5
59.0
61.25
64.25
66.25
71.0
69.75
69.75
72.0
71.75
66.75
68.0
68.25
70.75
75.0
75.25
85.0
73.75
70.75
74.5
69.75
63.0
62.0
60.75
62.25
61.75
62.5
61.0
64.75
63.75
66.0
70.0
78.0
67.75
65.0
73.5
72.25
70.5
75.0
72.5
70.0
72.75
92.75
81.0
72.75
66.0
64.0
63.5
63.0
62.5
64.0
62.75
65.25
68.75
68.0
70.5
80.0
81.75
81.25
65.25
68.75
76.5
90.0
86.25
77.0
86.75
81.75
81.0
77.75
67.75
67.5
64.5
66.0
64.25
66.25
85.5
73.0
70.5
70.25
72.0
77.5
72.25
71.5
75.5
72.5
74.75
74.5
72.75
80.75
84.5
74.75
81.25
72.0
70.75
67.25
65.0
64.25
57.5
70.25
73.0
79.75
68.25
75.0
79.5
76.25
73.75
71.25
88.25
91.25
88.5
89.5
89.0
90.75
103.0
101.75
99.0
82.0
79.25
76.0
75.75
77.5
79.75
81.75
77.75
81.0
98.5
104.0
104.5
101.25
88.75
84.0
80.5
89.5
91.5
89.75
94.0
93.0
83.5
86.5
90.5
80.75
78.5
77.75
77.75
80.25
80.5
85.0
84.0
85.25
90.0
88.75
93.75
91.0
102.25
96.25
95.25
90.25
84.5
97.25
92.0
111.25
101.0
95.25
86.5
80.5
79.75
77.5
79.0
81.0
91.5
84.25
87.5
88.25
84.0
91.75
95.25
102.25
99.25
107.25
101.25
88.75
97.5
93.25
89.5
83.0
82.0
94.25
81.25
79.5
79.5
84.5
77.75
78.25
77.0
84.0
81.0
100.75
84.0
99.5
103.0
97.5
98.25
101.25
117.0
94.75
102.75
96.25
84.75
84.75
87.75
89.25
86.75
82.25
80.75
84.5
77.75
79.75
79.75
79.25
79.0
78.0
96.5
83.5
82.0
98.75
81.75
91.0
100.25
107.25
104.5
109.75
114.25
113.0
122.75
107.0
91.0
81.5
78.25
76.75
73.75
77.0
77.5
80.0
82.0
79.75
89.25
84.25
91.5
89.0
87.75
96.5
98.5
89.75
87.25
96.5
105.0
100.0
108.0
92.0
90.75
84.25
81.0
81.75
80.75
82.5
82.5
91.25
94.0
101.0
90.5
88.5
95.25
102.25
94.25
91.25
93.25
100.5
97.25
97.5
90.25
114.75
98.0
93.5
88.5
83.5
83.0
83.0
82.0
84.25
88.25
87.5
92.0
95.0
99.75
99.0
90.0
95.0
84.25
95.0
86.5
83.75
89.25
86.75
85.75
90.0
90.75
93.5
99.5
81.75
86.75
80.25
78.25
78.0
77.75
84.25
92.5
87.75
87.25
94.0
101.5
90.0
96.0
91.75
95.75
88.75
101.25
97.25
95.25
92.75
99.75
108.25
113.5
87.5
81.25
82.0
80.5
82.5
82.25
87.0
84.25
80.5
92.0
98.75
97.25
105.5
96.5
91.0
93.75
93.5
97.25
88.75
88.75
93.75
90.75
92.5
106.5
95.75
84.0
83.0
80.0
79.75
80.0
78.75
78.25
84.25
94.5
89.0
103.25
124.25
111.75
107.75
108.5
108.5
98.75
102.5
93.25
114.5
98.5
98.25
109.0
93.25
97.75
93.0
80.75
84.0
79.25
86.5
85.75
90.0
103.0
87.0
88.5
104.5
96.5
101.25
125.75
97.5
105.25
103.0
90.5
91.75
95.0
88.5
96.0
81.5
81.25
79.0
77.75
76.75
78.75
85.75
94.25
101.25
103.25
86.0
90.0
104.5
98.0
98.75
82.75
96.75
89.75
99.75
96.0
87.5
93.25
96.5
99.5
85.75
79.75
79.25
79.5
78.0
78.75
81.75
85.5
88.25
96.25
105.5
92.25
99.0
95.5
94.5
92.75
93.0
97.0
89.0
100.5
103.25
93.75
93.75
98.0
85.5
79.0
79.25
78.25
82.0
80.25
81.25
90.25
88.5
85.5
91.0
104.75
101.25
100.5
108.5
105.25
110.5
124.75
112.5
103.5
102.0
101.75
90.5
96.5
80.75
79.75
79.75
77.25
76.0
75.75
82.5
85.5
93.0
100.25
100.25
94.75
108.0
103.5
102.5
86.5
93.0
87.25
89.75
92.25
97.5
99.5
98.0
92.75
92.75
77.5
78.75
76.5
76.75
78.0
86.5
86.25
95.0
94.25
102.75
96.0
106.0
109.25
98.25
113.25
107.5
91.5
103.5
103.25
85.75
96.5
93.75
98.75
88.0
96.0
84.25
81.0
82.25
84.0
80.5
78.25
85.0
83.5
93.5
123.75
107.0
108.5
94.75
91.0
101.0
93.25
88.25
87.0
106.25
110.25
95.0
97.0
98.5
87.0
79.0
83.75
77.5
79.25
82.5
85.25
85.25
87.25
94.0
103.75
87.25
98.5
95.0
102.0
123.5
130.5
125.5
103.75
97.0
109.0
122.0
109.25
95.0
81.75
85.5
83.25
82.5
81.25
86.75
89.25
101.75
103.0
102.25
100.75
104.25
96.75
90.0
96.0
104.75
114.0
99.0
104.75
120.5
104.25
99.25
101.75
89.75
82.5
80.25
79.0
81.5
82.5
84.75
82.5
104.0
87.75
95.25
111.75
98.5
99.75
92.25
107.25
101.25
101.0
102.75
123.0
112.5
113.0
119.0
109.25
94.75
83.0
80.25
78.25
81.5
79.5
82.0
86.25
89.5
93.25
95.75
94.25
102.25
99.0
100.25
95.0
106.0
124.75
134.25
98.5
120.0
117.0
125.5
95.25
98.0
84.75
82.75
77.75
81.25
82.25
85.75
86.0
98.0
91.75
92.75
91.75
99.5
95.75
97.0
98.75
92.75
105.75
108.0
93.25
112.25
104.75
106.0
116.5
97.5
89.0
80.25
81.5
79.25
79.75
83.25
87.0
105.0
86.75
116.75
123.75
117.0
106.0
105.0
104.5
114.5
124.25
125.75
105.25
126.5
116.5
100.0
101.25
87.75
88.0
83.0
86.25
80.5
81.0
82.75
90.25
89.75
103.0
120.25
116.5
105.0
101.25
101.25
104.0
109.5
107.75
106.25
106.25
116.5
112.75
101.75
84.75
95.25
100.0
95.25
84.25
82.0
84.25
83.5
84.0
88.75
93.75
125.75
109.0
107.75
109.25
140.25
116.0
127.75
113.25
103.75
113.75
132.25
115.25
122.0
116.5
107.5
85.25
79.25
78.25
78.5
80.5
88.5
90.0
100.0
104.75
95.5
103.0
100.25
103.75
110.75
110.75
104.25
102.75
109.25
133.0
106.0
107.75
122.5
108.0
89.75
79.25
78.0
77.5
79.5
80.25
83.0
89.0
92.75
97.5
97.25
100.25
123.0
108.0
100.5
102.0
114.75
103.0
109.25
102.75
109.5
110.5
120.5
105.5
86.0
82.75
78.75
78.25
76.25
77.25
81.5
93.0
103.75
105.5
99.0
97.25
116.5
125.25
108.0
101.75
122.25
118.75
141.25
110.25
119.5
136.75
120.25
120.5
91.25
95.75
82.0
79.75
80.5
89.75
101.25
107.5
105.25
104.0
108.75
107.0
111.0
104.75
98.75
91.25
106.75
110.0
104.0
108.75
119.75
129.0
118.5
98.25
87.25
81.5
78.25
78.0
79.0
79.75
84.5
90.25
111.0
96.25
90.25
93.75
103.75
102.25
95.0
98.25
116.0
122.5
112.5
126.75
102.25
126.75
106.75
98.0
93.75
81.0
79.25
80.25
81.75
79.75
81.5
76.0
94.75
99.25
105.75
102.25
114.25
101.0
119.5
123.75
112.0
117.0
122.75
109.5
109.75
121.25
115.5
104.5
82.0
83.75
81.0
79.5
81.5
80.25
78.25
82.75
80.5
92.25
114.75
119.0
120.0
145.25
136.5
112.5
113.5
111.0
117.0
122.75
106.25
118.75
119.0
122.75
101.75
91.5
75.75
78.25
79.5
82.5
87.0
88.5
92.75
89.5
97.5
98.0
99.5
104.75
93.0
98.75
95.75
114.5
108.5
108.5
127.5
122.25
120.25
118.0
94.25
83.25
80.25
79.5
84.5
84.0
99.25
97.25
98.0
108.25
103.0
105.0
108.0
108.5
114.5
104.75
119.75
102.0
108.75
102.5
111.5
104.0
115.5
117.75
96.5
86.25
82.75
82.0
82.25
85.5
99.5
91.75
92.0
94.5
102.5
100.25
93.0
101.5
110.5
111.5
103.0
114.75
130.75
111.75
103.0
104.0
127.25
118.25
97.0
92.5
86.5
77.0
77.25
78.5
84.75
80.0
96.25
92.25
91.25
97.0
99.5
106.5
95.0
112.5
103.75
122.0
123.75
120.75
115.5
113.75
134.75
110.5
90.25
89.75
84.0
81.0
80.75
85.25
82.75
85.5
86.75
85.75
90.25
108.5
112.0
119.5
120.5
105.5
102.0
101.75
94.5
93.5
96.0
84.5
84.25
92.5
92.5
80.75
82.25
81.0
84.75
84.0
83.5
83.25
85.25
95.75
102.5
100.75
120.25
116.0
102.75
97.25
117.0
137.25
110.75
115.5
102.75
115.75
104.25
107.75
98.75
86.75
83.5
78.5
80.25
78.5
78.75
78.5
79.25
82.75
90.75
123.75
107.0
130.5
118.75
130.25
136.75
130.5
117.5
112.75
113.0
124.75
125.5
113.75
95.25
91.75
79.75
77.5
84.75
81.75
81.75
86.0
90.25
89.75
89.5
96.5
102.25
107.0
93.0
101.25
111.0
111.25
128.5
130.75
146.75
114.25
112.75
121.75
93.75
83.5
78.75
79.25
85.5
81.5
85.25
85.0
103.0
91.75
98.0
100.5
97.0
93.0
114.75
95.25
105.75
109.25
123.5
116.5
122.0
103.25
96.5
93.25
86.5
89.5
78.75
78.0
78.75
84.0
85.75
85.75
86.75
90.0
88.75
97.25
95.0
129.25
111.75
110.25
90.25
93.75
108.0
119.0
103.25
104.5
114.0
105.0
110.0
90.75
86.5
85.0
82.0
84.0
84.5
93.75
107.5
108.25
91.5
90.5
99.0
96.75
91.25
92.75
108.25
130.75
108.75
123.25
107.75
108.25
107.5
96.75
89.25
86.0
79.5
79.0
80.5
83.0
87.25
89.25
92.25
91.25
90.0
107.75
114.25
103.0
97.25
104.75
101.0
111.5
102.25
102.75
99.75
99.5
103.25
102.0
102.25
90.25
82.0
80.5
79.75
79.25
79.5
77.0
89.25
88.0
118.75
98.0
118.5
130.0
135.5
134.75
120.5
111.25
97.25
108.0
108.0
89.75
102.5
89.25
95.25
87.5
84.75
82.75
80.5
82.5
81.5
80.75
86.25
99.0
128.25
103.0
95.75
103.25
106.5
114.0
95.5
103.0
141.0
116.25
112.0
109.25
96.75
115.5
96.5
83.5
79.5
77.0
80.5
81.75
86.5
88.75
86.5
98.5
112.25
96.75
110.5
90.25
91.25
93.75
102.75
101.25
102.0
104.0
113.0
118.5
105.0
107.75
100.25
94.25
83.0
80.0
82.25
84.0
87.0
84.25
97.0
93.5
102.0
113.25
108.25
96.5
98.75
122.25
116.0
103.25
129.25
124.75
102.5
93.0
95.25
94.75
89.25
88.0
85.75
79.75
87.75
81.0
83.75
84.0
107.5
92.5
92.5
95.25
94.5
100.25
99.5
97.75
113.0
111.25
123.75
106.75
107.75
124.5
110.25
122.75
114.25
92.75
85.75
80.75
81.75
84.5
88.75
89.25
103.25
94.25
101.0
110.5
119.0
107.5
107.5
104.25
110.0
120.0
131.75
96.0
108.5
126.0
107.0
100.75
93.25
92.5
85.5
82.25
82.5
83.25
87.0
85.75
97.75
85.75
92.25
109.75
119.5
117.25
108.5
100.0
97.75
101.5
119.75
105.5
91.75
102.75
102.0
105.5
107.0
85.25
85.5
83.5
88.75
83.75
85.5
91.5
84.0
91.25
98.5
97.0
114.25
121.5
136.75
117.25
118.5
100.0
99.0
113.75
118.75
110.5
102.0
102.75
108.0
89.5
84.75
86.0
83.0
86.0
84.25
84.0
88.5
85.75
95.75
108.25
109.0
109.0
127.5
120.0
119.25
119.75
125.25
135.0
110.75
136.75
108.0
114.0
103.5
91.5
84.25
83.25
84.75
87.25
86.0
88.25
88.25
101.25
104.75
101.5
118.25
100.75
99.0
123.25
120.25
113.5
123.75
121.0
120.0
122.75
126.0
107.25
92.5
94.0
89.25
87.75
89.25
87.5
95.5
98.5
99.25
101.0
101.25
101.25
111.0
130.0
112.25
110.25
105.0
112.75
122.0
120.5
129.0
110.75
120.25
104.75
92.0
104.0
89.5
84.75
84.0
83.25
98.75
97.5
110.25
98.75
103.5
97.25
108.0
115.25
113.5
112.25
101.25
101.25
113.5
121.5
98.75
95.75
89.5
94.0
94.25
85.75
83.75
80.0
80.5
83.25
84.0
87.25
94.25
96.5
96.0
97.25
115.25
113.5
108.75
121.25
116.25
116.75
113.5
139.25
114.25
125.75
104.0
104.5
93.5
95.0
94.25
89.25
83.5
85.75
91.0
88.75
105.0
100.0
98.25
112.0
111.5
111.5
112.0
101.75
121.0
115.75
101.5
111.25
123.75
116.5
115.5
105.0
96.75
88.75
90.0
81.0
83.25
84.75
83.5
89.0
88.0
92.25
92.75
109.5
138.0
136.25
120.0
117.25
111.25
107.0
111.0
112.75
131.25
107.75
95.5
97.75
104.0
96.0
89.0
85.75
86.25
86.5
84.25
83.25
93.5
110.25
101.25
124.75
101.0
93.5
97.5
131.25
121.75
118.0
115.25
99.5
105.0
124.25
130.5
119.25
109.0
89.25
82.25
80.0
85.0
83.25
89.0
85.25
99.0
96.0
95.5
98.5
115.25
110.25
102.0
104.5
107.0
113.5
110.25
109.25
111.75
109.5
98.75
103.5
97.0
89.75
85.5
82.25
83.25
83.5
104.25
102.25
102.5
93.75
97.25
104.5
132.25
108.5
104.25
101.5
100.75
93.0
105.75
102.5
91.75
110.75
103.5
99.0
101.0
87.0
84.0
87.0
80.25
78.75
95.0
93.75
92.25
94.75
105.75
112.75
111.5
111.5
108.0
107.25
93.5
103.0
111.5
107.0
122.75
98.0
110.0
116.75
104.0
88.0
80.25
81.0
81.75
81.75
87.25
87.25
91.0
98.75
94.5
108.0
100.75
103.5
98.0
96.25
96.75
107.5
120.5
101.75
106.0
117.75
120.75
100.0
98.75
85.25
86.25
82.75
84.25
86.5
88.75
87.0
94.75
91.75
94.25
114.0
113.75
103.25
109.0
99.0
102.75
107.25
122.0
104.5
107.75
93.0
112.0
112.5
98.5
96.75
82.5
82.25
85.25
82.0
87.0
89.0
80.75
94.75
92.25
108.75
124.75
101.75
115.5
120.0
133.25
123.25
105.75
95.0
108.75
111.75
108.5
95.0
91.5
100.75
85.25
81.5
77.75
79.0
78.5
87.0
93.25
102.0
96.5
104.25
109.5
103.75
97.75
106.0
113.0
133.0
110.5
115.0
116.5
117.0
95.0
104.25
96.0
88.0
76.0
83.75
76.0
75.5
85.5
85.5
93.25
89.25
89.5
92.25
100.5
107.25
91.75
90.5
89.75
151.0
114.25
105.0
92.5
104.0
110.0
97.0
87.75
86.25
88.5
79.75
78.75
76.25
83.0
85.75
95.0
94.5
96.75
115.75
110.25
97.5
95.5
107.25
95.5
112.25
115.25
99.75
97.0
98.75
102.0
97.0
99.25
82.0
81.25
77.75
78.5
82.25
82.75
85.5
90.75
88.25
94.25
93.75
98.0
103.5
114.0
95.75
103.75
99.0
114.5
92.75
93.5
103.75
113.75
134.5
97.5
86.25
79.5
80.0
79.25
80.75
85.0
86.25
91.75
87.5
96.5
105.0
121.5
109.0
125.5
109.25
95.5
112.25
97.25
117.5
117.0
106.0
101.25
98.0
102.0
85.5
86.75
80.0
78.25
79.25
91.25
85.75
96.75
113.0
110.25
108.75
116.75
103.25
130.75
126.75
129.25
114.5
98.75
99.75
100.5
91.75
114.75
116.0
107.25
91.5
87.5
85.75
92.25
88.5
88.0
88.0
90.25
95.5
96.75
88.75
103.0
105.25
103.0
89.0
92.75
101.25
114.25
95.25
87.0
91.75
95.75
104.0
85.25
84.25
89.75
78.5
77.0
79.0
82.5
91.5
92.5
86.75
95.5
126.25
110.5
96.75
87.5
106.5
98.75
94.25
90.25
99.5
102.5
98.5
88.75
87.0
88.0
82.75
76.0
75.5
78.0
81.25
81.25
87.25
89.0
93.5
89.75
98.25
101.5
94.75
104.0
95.75
93.75
95.5
108.5
113.0
111.5
113.0
104.75
93.0
82.75
80.5
77.5
77.75
79.25
81.0
85.25
86.0
93.0
93.0
96.0
112.25
106.5
98.5
93.5
102.5
109.5
104.25
104.5
110.5
100.75
104.5
115.5
100.25
89.25
82.75
82.75
82.5
83.75
83.25
86.25
89.5
100.25
90.5
88.5
98.25
100.5
99.5
94.5
91.75
87.0
90.5
97.25
97.75
101.25
116.75
101.75
88.75
92.75
84.0
81.25
78.5
79.75
82.5
85.25
92.0
89.0
89.75
89.5
101.5
98.0
100.0
96.0
84.75
89.5
94.75
97.75
89.75
82.75
94.0
105.25
112.0
107.5
93.0
85.5
80.0
80.5
81.75
89.25
91.0
99.0
94.5
105.75
122.75
110.0
97.0
106.5
92.75
120.25
100.0
94.25
100.25
85.5
90.5
87.0
98.5
83.25
84.25
80.0
82.0
89.0
81.25
82.25
84.75
87.0
83.75
96.25
98.0
99.75
98.5
92.25
87.0
91.0
93.25
98.5
94.5
95.5
91.25
82.5
81.5
80.25
82.0
81.5
79.75
80.0
79.25
77.5
78.75
87.0
90.75
97.75
104.0
90.0
89.75
87.25
98.25
105.0
96.0
101.0
89.75
83.75
87.5
91.5
92.0
78.25
85.75
80.0
77.75
81.75
80.75
83.5
89.0
91.5
87.75
90.25
94.0
87.75
92.0
95.0
89.5
106.0
94.5
101.75
89.5
85.5
90.5
100.25
82.75
80.75
78.0
76.5
76.0
77.5
78.25
81.25
105.0
93.5
88.5
91.5
102.75
98.75
90.5
95.75
86.75
93.0
92.0
92.25
91.0
91.25
88.75
89.75
87.25
78.0
77.0
74.5
76.25
77.25
80.25
80.25
75.75
80.25
70.0
74.5
83.0
85.75
77.0
75.25
76.5
80.5
82.5
75.0
86.25
87.75
76.5
67.5
66.25
73.0
65.0
63.5
62.25
63.25
64.25
71.5
69.75
72.0
82.5
77.5
77.5
85.75
71.5
86.5
86.5
81.5
80.5
82.75
81.25
75.5
77.75
71.0
70.5
70.5
62.25
63.25
61.5
64.25
69.75
70.5
69.25
75.25
75.75
79.75
80.75
78.25
86.5
82.5
98.75
103.25
107.0
86.5
89.0
103.5
113.0
89.75
88.5
82.25
80.25
78.0
76.75
79.75
83.0
80.75
80.0
93.0
98.0
94.0
102.75
96.25
103.0
101.25
95.25
95.0
100.0
96.75
96.25
97.75
98.0
101.75
95.0
93.75
89.75
87.5
87.5
91.25
90.25
93.0
96.0
96.75
98.5
99.5
100.0
109.25
105.25
100.25
97.75
109.75
100.25
110.25
111.5
102.5
105.0
103.25
98.0
91.0
91.0
88.75
87.75
88.0
90.5
90.25
89.5
94.75
97.5
101.0
98.75
96.25
105.25
110.0
110.25
102.25
109.75
107.25
106.5
107.75
117.5
108.75
103.5
95.5
97.5
85.75
86.75
86.25
89.25
96.5
93.25
98.75
110.5
106.25
117.25
108.0
106.0
113.0
106.75
102.25
107.5
110.25
111.75
113.75
114.5
104.0
99.25
103.5
107.0
94.75
92.0
90.5
94.25
97.75
92.5
95.0
103.75
118.25
120.75
118.75
123.25
112.25
116.5
121.5
134.75
136.25
109.25
108.25
114.75
107.0
120.75
102.5
99.0
94.0
93.75
91.25
92.0
100.75
109.75
114.5
105.25
102.5
106.0
103.25
105.75
111.5
104.0
112.0
105.0
107.5
104.0
108.5
100.25
102.75
114.0
107.0
99.5
90.75
89.75
90.25
93.75
96.0
96.0
102.0
99.75
98.25
103.25
118.0
132.75
137.0
135.5
144.5
142.25
147.5
136.5
120.25
98.25
124.75
103.25
98.25
108.25
104.75
90.25
87.0
89.25
87.5
88.0
120.5
120.0
134.0
149.75
158.5
161.5
172.25
155.75
157.0
148.5
143.25
130.75
149.75
131.5
112.0
106.5
107.0
93.75
94.5
89.25
89.5
87.5
97.0
108.75
105.0
118.75
133.5
151.0
166.0
141.25
164.5
140.5
156.25
164.5
172.25
139.5
152.5
132.5
137.25
112.0
103.25
91.5
90.75
88.0
82.5
85.5
93.5
106.5
105.25
120.0
154.25
167.75
153.0
176.5
138.75
123.25
131.0
149.5
160.0
171.25
131.25
155.75
179.25
123.0
112.0
99.75
92.0
87.75
90.5
91.25
95.75
105.75
107.5
113.25
120.0
120.75
143.25
142.5
125.25
131.5
138.5
146.5
143.0
150.75
160.5
171.25
127.25
108.5
102.75
96.5
95.25
93.75
96.5
96.0
100.0
108.5
123.0
113.25
120.0
134.0
133.0
130.75
128.25
142.75
155.5
141.75
147.0
158.25
171.25
147.75
129.25
107.0
112.25
93.75
86.25
85.25
87.0
88.75
95.75
103.0
112.75
122.0
146.5
152.0
158.5
135.75
145.5
141.25
163.25
163.5
155.75
140.0
173.75
155.5
131.5
127.25
103.5
99.5
91.0
92.5
87.75
89.0
99.5
99.25
111.5
118.75
128.25
160.75
161.0
162.0
149.5
127.0
156.25
151.0
144.5
141.75
127.5
123.25
125.0
108.25
114.5
119.5
100.25
101.75
97.5
97.5
97.25
101.25
119.25
139.5
176.0
168.75
148.5
151.0
135.25
148.75
136.75
144.0
152.5
127.25
141.5
138.0
116.25
114.0
109.0
104.75
94.25
94.5
93.5
94.5
94.0
98.0
113.25
130.25
150.75
152.75
157.25
156.25
157.75
162.0
155.5
157.25
174.0
175.25
152.0
169.25
155.75
133.5
105.5
101.0
95.5
95.25
95.5
91.25
97.75
112.25
131.75
128.25
148.0
137.5
139.25
162.25
155.25
150.5
153.0
153.25
156.0
145.75
160.5
153.5
130.25
134.0
110.0
102.75
96.75
94.25
93.25
93.25
103.5
101.25
124.5
142.0
142.0
138.5
132.75
139.25
146.0
144.25
152.5
155.5
165.75
163.5
165.75
137.75
145.25
108.5
110.5
93.25
91.0
87.75
94.25
97.75
87.0
93.75
105.5
118.0
123.5
111.0
114.75
137.5
134.75
134.75
131.75
150.25
143.25
137.75
144.25
129.25
126.75
118.25
96.0
86.25
81.25
79.75
82.75
85.0
92.0
94.75
100.5
122.75
118.25
142.75
146.0
138.5
125.75
128.75
158.0
151.75
128.75
127.75
166.25
164.0
117.25
135.0
93.75
85.0
85.25
83.75
84.75
84.5
89.5
88.25
104.25
123.5
140.25
145.0
148.75
161.25
138.75
137.5
155.75
159.25
138.25
122.0
118.5
106.5
122.5
102.25
93.75
88.75
84.75
85.0
84.0
83.5
86.75
90.0
102.75
105.25
120.25
136.25
173.0
140.5
149.5
138.25
139.25
137.5
123.0
112.75
108.0
110.0
104.25
98.25
98.5
104.0
86.25
83.0
85.0
85.5
84.5
83.5
96.25
95.75
142.0
165.25
168.75
167.0
165.5
146.5
144.0
148.25
132.75
130.75
160.5
152.25
122.75
112.75
92.5
84.25
81.25
79.5
81.75
85.0
94.25
93.5
108.75
132.25
128.25
145.25
157.5
152.0
128.25
145.25
141.25
120.75
141.0
142.5
182.25
147.25
131.75
116.75
94.5
87.5
76.5
80.25
82.75
83.75
86.25
101.75
107.5
130.25
125.5
137.5
144.25
134.5
128.5
159.25
143.75
128.25
124.75
156.75
155.75
147.0
131.0
109.25
93.25
96.0
83.25
83.0
87.25
89.0
84.0
98.5
105.75
118.5
114.0
122.75
133.75
134.0
123.75
128.25
158.5
151.0
132.75
144.25
144.75
154.25
144.25
116.0
96.0
91.25
82.0
81.25
82.75
87.5
94.75
90.0
113.0
134.0
124.75
124.75
155.75
127.5
117.25
123.0
135.0
148.5
148.75
150.5
174.75
146.0
142.25
111.25
104.25
94.75
83.25
89.5
82.25
84.75
89.25
96.75
120.5
128.5
128.25
143.0
155.0
170.0
129.75
138.25
160.75
178.75
152.25
134.0
129.5
119.5
120.0
108.0
92.0
99.25
89.5
94.5
86.75
84.75
86.5
92.75
116.0
132.0
150.5
119.25
128.25
116.25
128.5
135.5
124.75
158.25
136.0
130.25
133.0
113.0
124.5
101.0
123.75
97.0
87.75
86.5
88.25
87.5
86.75
87.0
105.5
131.25
178.0
153.0
133.25
156.75
157.25
149.5
148.0
146.0
152.0
128.25
149.25
153.75
153.75
124.25
103.5
86.75
88.5
81.25
83.25
82.5
85.25
92.0
103.25
112.5
137.0
150.25
142.5
133.0
160.75
135.25
145.0
131.0
153.75
124.75
136.75
129.75
147.75
140.0
111.75
97.0
86.0
80.5
80.0
84.25
88.0
102.0
102.0
132.25
122.25
106.5
130.5
130.5
137.5
145.0
152.75
150.5
136.0
152.75
160.75
150.5
150.0
134.5
97.5
92.25
85.25
85.75
85.0
85.75
88.75
92.5
126.75
115.0
118.5
117.0
130.25
130.75
134.75
109.0
128.5
127.75
142.5
143.5
151.0
162.0
128.75
107.0
100.0
91.0
87.0
82.0
84.25
85.25
89.5
92.0
113.25
133.5
150.75
146.0
171.5
172.25
147.75
145.75
154.25
147.25
155.5
133.75
155.5
155.75
120.25
111.75
99.75
99.5
84.5
84.75
86.25
92.75
95.75
104.0
116.0
115.5
138.25
156.75
156.5
156.25
156.75
163.0
163.5
155.0
112.75
137.0
148.5
128.0
111.5
115.25
104.0
98.75
87.5
84.0
85.5
86.25
87.75
88.75
116.5
137.25
119.0
133.25
136.75
132.25
114.75
113.0
146.25
141.0
139.25
128.0
121.0
113.75
129.75
119.5
103.25
87.0
87.75
85.0
85.5
85.25
86.0
85.25
101.5
135.0
145.5
163.25
162.0
180.75
157.0
159.0
147.25
163.0
163.0
152.25
151.5
142.0
143.75
127.25
128.5
106.75
92.0
87.25
87.25
89.0
91.25
95.25
117.25
139.0
130.0
132.0
131.5
153.0
154.75
131.75
139.5
127.75
128.75
140.25
154.5
143.0
142.25
131.25
107.0
88.0
82.75
82.5
81.0
83.25
90.5
106.75
105.75
129.0
138.25
118.75
119.75
129.75
129.75
120.75
137.25
154.0
135.5
125.5
120.0
138.5
120.25
115.75
96.0
94.5
86.75
82.0
83.25
84.25
88.5
99.25
118.75
108.5
119.0
119.75
139.25
138.5
116.0
135.75
126.75
135.25
128.25
123.5
123.0
119.0
120.75
134.75
96.5
88.0
87.75
80.0
87.0
93.75
91.75
91.0
113.75
127.75
130.25
122.0
133.5
140.5
138.25
142.75
133.0
130.5
165.0
150.75
148.5
157.5
130.5
136.0
126.0
91.0
86.5
83.75
83.0
85.0
93.75
95.0
108.5
121.5
153.0
154.0
151.25
165.75
141.25
157.25
158.0
139.5
144.25
137.0
125.75
111.25
109.5
117.75
117.25
92.0
89.75
85.25
86.5
86.0
87.5
90.25
115.5
113.0
121.75
141.75
155.0
135.0
124.25
127.0
125.5
126.25
103.5
112.0
101.25
111.25
117.5
98.0
109.25
104.0
89.25
88.0
89.25
89.0
87.25
89.75
108.75
125.75
137.5
147.5
149.25
149.75
148.75
151.5
125.75
133.0
149.5
151.25
164.75
165.5
152.5
125.75
111.0
99.25
96.25
86.25
85.0
86.0
89.25
111.25
116.25
118.0
145.5
133.5
140.0
132.5
126.25
135.0
130.75
135.5
141.25
133.75
158.25
148.75
134.0
123.75
104.75
90.25
84.75
87.5
85.25
85.75
89.25
97.0
112.25
138.75
122.5
167.5
129.5
142.5
137.25
140.5
141.25
162.75
152.5
153.5
161.0
133.5
137.5
119.5
103.0
93.0
84.75
82.0
82.75
86.5
94.75
115.0
108.5
115.0
114.5
121.5
122.75
152.0
131.0
136.0
140.5
128.5
140.0
148.25
141.5
138.5
126.5
136.25
119.0
92.25
85.25
84.75
84.0
79.25
93.0
95.25
115.0
136.0
126.0
134.25
153.5
155.0
141.25
134.25
162.25
158.75
155.0
147.5
120.0
146.5
138.0
123.0
101.0
99.5
85.25
89.25
85.0
96.5
89.75
92.75
106.75
136.25
129.25
144.5
168.75
158.5
131.5
154.5
122.5
166.5
136.25
132.75
135.75
102.75
113.5
98.5
98.0
90.25
86.5
82.75
84.0
84.75
86.0
94.75
106.5
111.25
117.5
109.25
124.0
129.0
124.0
130.75
137.25
109.25
119.0
112.5
115.0
124.25
101.25
113.0
92.75
87.75
84.5
89.5
87.0
85.25
102.0
89.75
104.0
134.5
137.25
154.75
161.25
152.25
163.25
134.25
139.25
136.0
129.5
114.5
132.25
146.5
143.75
137.0
117.75
94.75
86.0
81.75
81.5
84.25
89.5
96.75
109.0
131.0
128.0
144.75
150.5
154.75
138.5
139.0
158.5
149.75
137.75
138.5
150.0
128.0
138.75
117.0
100.25
91.5
87.75
83.25
86.25
85.25
90.75
91.0
102.5
110.5
124.0
157.0
140.75
132.75
130.25
117.75
144.75
154.75
141.0
146.5
140.75
141.5
149.75
132.75
113.5
99.0
86.0
83.75
82.25
83.75
88.25
108.5
113.75
112.5
123.5
119.5
122.25
117.25
129.0
147.0
154.0
153.25
125.75
140.0
161.75
156.5
135.25
119.5
98.0
91.75
86.0
82.75
82.25
85.0
88.75
96.0
99.5
147.0
131.25
141.5
145.25
132.0
132.0
139.75
124.0
151.0
142.75
148.75
155.5
148.0
125.75
105.75
114.25
104.0
90.0
86.0
85.75
83.25
87.75
92.25
92.25
110.25
131.0
143.5
155.75
161.75
141.5
138.0
146.0
138.5
124.25
126.75
102.75
110.25
114.5
95.75
94.25
92.0
87.75
82.25
84.5
84.25
83.0
85.75
118.25
129.5
118.25
119.75
123.75
115.25
122.25
112.5
125.0
135.0
133.25
118.25
121.0
127.0
127.25
99.25
101.5
94.0
85.5
82.5
90.25
82.75
84.0
82.0
108.25
120.5
121.0
137.25
160.25
151.75
147.25
157.75
158.0
148.0
149.75
169.0
158.5
137.25
137.5
134.0
112.25
88.75
86.5
84.25
82.5
87.5
88.5
97.25
113.5
127.75
132.0
129.25
154.75
163.0
150.5
144.5
140.25
151.75
139.75
136.5
124.75
161.5
135.0
111.5
104.0
107.5
94.5
83.5
83.75
83.25
88.25
103.5
100.0
109.25
110.5
121.75
156.75
147.0
146.5
141.5
142.5
142.75
137.0
133.25
132.25
143.5
121.5
105.0
107.75
97.0
85.25
82.0
83.75
86.75
88.75
98.0
104.25
101.25
132.5
131.0
136.5
128.75
142.75
141.5
120.5
137.0
126.5
150.75
145.0
125.5
142.0
129.25
110.5
103.0
92.25
83.0
84.5
85.5
95.0
92.0
115.0
125.0
126.5
133.75
144.5
160.75
149.5
136.25
151.5
141.75
135.0
139.25
128.0
138.25
136.0
122.25
119.75
95.0
86.5
88.0
86.25
84.25
89.75
92.25
95.0
125.75
127.0
150.75
148.5
138.0
162.75
139.5
131.75
125.25
136.0
129.75
124.25
122.5
103.0
105.5
101.25
103.5
104.25
92.75
94.5
92.75
85.5
83.75
110.75
107.25
125.75
139.0
140.5
138.5
139.25
146.75
132.5
132.5
128.0
105.75
103.0
100.0
101.0
104.75
114.75
103.5
85.75
82.5
83.0
81.5
82.5
81.75
98.75
120.75
136.25
150.25
140.0
142.0
143.25
137.0
126.5
124.25
132.5
142.25
166.75
145.5
137.5
123.25
105.25
110.5
91.5
85.75
85.25
85.75
100.5
91.0
102.0
118.333333333
117.25
150.5
155.5
146.5
146.5
158.5
142.75
140.75
130.5
130.0
127.75
145.25
133.25
123.75
106.75
95.5
85.0
83.0
82.5
84.5
94.0
108.5
114.0
115.2725
122.91
157.333333333
138.75
128.25
141.75
145.5
135.75
152.75
152.0
146.5
138.0
144.75
126.0
123.0
108.5
94.5
83.5
81.75
82.75
85.5
91.0
90.0
99.75
121.25
128.0
130.5
149.0
126.0
128.5
162.5
134.75
149.0
134.0
147.75
133.25
132.75
144.5
133.75
112.5
90.5
85.5
83.5
85.75
85.0
89.25
90.5
100.25
146.5
110.0
127.5
143.5
156.0
124.75
139.25
137.75
131.25
139.75
154.25
161.0
150.5
122.75
109.75
113.5
91.0
88.0
85.0
86.25
87.5
86.25
94.0
98.5
107.0
117.0
156.75
159.5
154.75
150.0
159.0
142.25
136.5
119.5
119.75
108.25
105.25
121.25
113.75
95.75
102.5
86.5
86.75
89.25
85.5
87.25
88.0
120.25
106.75
123.0
126.0
137.25
166.75
149.5
129.75
145.75
132.25
129.75
131.0
116.5
111.0
110.25
97.0
91.75
94.0
94.0
86.5
85.0
85.0
83.0
81.25
86.75
120.5
137.0
131.0
136.25
144.25
158.5
127.25
145.5
125.0
135.5
143.0
143.25
150.0
131.5
140.75
108.25
103.0
118.5
88.75
86.25
85.0
86.0
87.25
99.75
110.75
139.75
138.25
132.25
146.75
163.25
133.75
137.75
154.5
141.0
161.0
124.75
129.5
132.25
140.25
125.0
112.0
116.5
94.0
90.75
85.5
85.75
89.5
93.5
93.25
120.5
133.0
143.5
148.75
138.5
124.0
130.75
141.75
139.25
123.25
159.0
141.25
140.75
134.75
122.75
110.5
91.75
87.5
88.75
86.0
84.25
89.5
109.25
119.25
105.5
120.5
120.75
135.25
122.75
116.0
137.75
130.75
136.5
149.5
146.25
136.25
133.75
124.75
119.25
96.75
97.0
88.5
87.0
86.25
83.5
94.0
108.25
117.5
139.25
141.25
139.5
144.25
153.25
150.0
139.75
154.0
167.5
153.75
140.75
133.25
131.75
136.75
113.5
107.25
89.75
94.0
82.25
88.0
90.25
87.5
92.75
105.5
123.5
136.5
145.5
155.0
145.25
142.5
149.75
147.75
127.75
123.75
134.75
100.75
121.5
118.25
117.5
112.75
104.25
97.0
85.75
85.0
83.25
82.0
90.0
118.25
117.0
126.75
128.5
132.0
142.0
104.25
120.75
139.5
145.25
149.25
123.25
110.25
104.75
104.0
95.5
100.0
88.75
90.5
90.5
87.25
84.5
84.0
84.75
94.0
113.25
161.25
138.75
152.25
161.75
135.5
145.25
124.5
140.75
155.5
153.0
164.25
138.0
129.75
121.25
107.25
88.75
86.5
86.75
89.0
86.25
87.25
94.0
103.25
119.5
132.75
141.5
137.0
150.75
144.25
141.25
136.0
145.0
136.75
129.75
140.5
144.75
129.25
124.0
95.5
89.25
86.5
89.25
94.5
84.0
95.0
94.25
101.5
115.25
117.75
134.75
142.25
133.75
128.25
144.75
124.75
142.75
160.5
148.75
176.75
148.25
136.25
125.0
120.25
103.25
86.75
85.5
84.75
85.75
93.5
96.0
108.0
115.0
99.0
112.25
126.25
136.5
145.5
123.5
137.25
143.0
150.0
168.25
127.0
159.0
121.0
119.75
102.0
96.0
94.5
91.0
94.0
96.25
96.25
108.25
127.5
131.75
129.0
128.5
127.75
143.25
125.0
146.25
148.0
145.5
152.5
142.5
134.75
133.5
127.5
126.0
102.0
112.75
112.5
94.75
94.75
88.0
96.0
105.5
130.75
140.75
144.5
158.75
134.25
164.0
150.25
157.25
169.5
156.25
135.75
130.75
124.25
138.25
128.25
120.75
104.0
90.75
92.25
92.75
93.0
90.75
91.0
94.25
121.25
138.25
124.25
143.0
143.0
149.0
135.25
134.0
157.75
142.75
120.5
141.5
124.75
108.0
112.0
116.5
104.75
90.0
93.0
88.0
90.5
93.0
89.5
89.0
118.0
124.25
119.25
157.75
162.25
162.5
136.5
154.25
128.5
160.5
159.75
151.25
165.25
144.0
152.0
147.0
118.25
112.25
100.5
99.25
92.75
90.25
93.0
103.0
115.75
143.5
156.5
151.25
171.0
158.0
162.0
162.25
148.25
139.0
127.0
150.25
134.0
122.75
146.25
127.0
125.0
99.75
98.75
101.25
92.5
91.0
95.0
110.25
116.5
123.0
161.75
163.75
144.75
149.75
148.75
174.0
145.5
164.75
144.0
135.0
145.5
162.25
152.75
137.0
107.75
102.25
95.0
93.25
100.25
102.25
97.0
104.75
112.0
135.5
137.0
143.75
172.75
153.75
134.0
159.25
156.0
154.75
153.25
141.5
147.0
145.25
133.25
126.75
106.0
110.75
99.5
96.5
104.25
94.5
97.0
104.5
121.75
141.0
153.25
150.25
126.75
140.75
152.0
154.75
131.75
165.5
152.5
145.5
125.25
119.25
138.0
114.5
119.75
114.25
114.25
102.75
97.5
95.75
100.0
102.75
116.0
140.5
139.75
164.25
140.5
145.75
164.0
152.5
163.0
152.75
151.0
140.0
120.0
124.5
119.0
110.5
103.5
107.25
95.75
92.25
90.75
91.5
88.75
88.0
113.5
106.75
133.25
150.5
132.5
152.5
136.25
132.0
139.75
171.0
150.25
122.25
107.75
110.5
146.25
129.5
126.25
106.0
95.0
97.0
88.75
89.75
85.0
84.75
103.0
131.25
131.75
128.5
171.0
158.5
152.0
155.25
150.75
146.25
148.5
134.0
128.0
116.0
149.5
127.5
114.25
97.25
91.5
89.75
92.0
88.5
93.75
106.25
111.75
131.5
134.5
143.75
148.5
174.25
157.25
160.0
147.0
160.0
157.0
168.25
173.5
164.75
156.75
144.25
131.0
113.25
96.75
94.75
96.0
103.75
93.25
110.75
118.25
135.75
147.75
166.0
163.5
168.25
150.0
161.25
154.0
184.5
159.75
152.0
157.0
155.25
143.5
138.25
132.75
118.0
99.0
92.75
85.25
81.25
93.5
97.5
133.75
140.25
136.25
142.0
147.75
144.25
124.25
121.0
92.25
85.0
85.25
111.0
103.5
92.25
97.25
90.0
87.0
86.75
87.25
88.0
86.75
87.75
88.25
89.25
89.25
91.75
94.75
93.0
108.0
94.0
89.75
87.25
85.5
87.0
90.25
88.0
90.0
89.75
87.5
89.75
93.5
86.25
86.0
87.0
86.5
86.25
86.75
86.0
86.5
86.5
85.75
87.75
90.5
90.5
86.0
89.0
95.75
98.0
90.0
90.5
86.25
87.0
84.5
90.5
86.5
87.0
87.75
85.75
88.0
87.25
87.75
86.0
87.5
87.25
86.0
88.25
89.75
109.0
107.5
88.25
92.5
85.25
88.5
94.5
98.75
89.25
91.25
90.25
84.25
84.75
85.25
86.0
85.25
84.75
85.25
87.25
112.25
110.5
111.75
109.75
123.0
113.25
113.0
121.75
121.5
111.25
141.25
151.25
149.0
125.0
119.75
118.25
102.0
98.75
99.75
96.75
97.0
97.0
100.5
101.5
109.75
125.0
153.25
132.5
152.75
131.25
125.75
120.0
138.5
138.0
144.0
153.0
155.0
125.0
118.5
117.25
106.25
99.75
95.5
96.25
97.75
94.75
98.25
103.0
118.25
123.0
116.25
139.75
144.25
138.75
119.25
131.0
158.5
151.75
140.25
136.0
116.0
131.25
115.0
117.0
114.0
98.5
96.25
94.25
96.25
94.75
105.25
111.25
116.25
126.5
120.75
126.25
132.25
130.25
123.5
139.5
141.0
168.5
134.25
175.75
161.0
134.75
139.75
123.25
107.75
125.5
98.75
96.75
99.75
93.0
101.75
111.0
107.5
147.75
123.0
132.25
131.0
155.5
134.25
129.75
146.0
133.5
152.25
144.5
134.75
138.0
137.5
111.75
105.5
99.0
93.5
92.5
92.0
88.75
96.25
111.0
116.25
138.75
113.5
146.75
147.25
150.75
126.0
182.25
174.75
145.5
138.5
140.75
126.5
129.25
114.5
146.0
105.0
94.5
92.5
101.0
92.0
89.75
85.25
90.0
106.0
131.75
132.5
153.5
132.0
146.25
144.25
127.5
159.0
154.75
151.75
124.0
123.0
120.0
116.5
123.0
105.5
104.0
93.25
95.75
93.5
91.5
90.25
92.75
120.5
151.75
149.25
154.5
158.5
137.5
142.25
130.0
138.5
125.75
141.0
140.5
144.75
138.75
145.5
156.0
132.25
111.0
115.25
99.5
96.0
93.5
100.75
102.0
109.25
137.5
154.25
148.0
140.25
148.5
138.5
143.75
147.75
142.0
146.75
152.25
152.5
147.5
141.75
121.0
106.5
112.5
103.25
95.5
97.25
94.25
100.5
110.75
110.0
134.5
128.0
163.25
161.5
167.75
149.5
157.75
148.0
142.5
147.75
148.0
142.25
138.0
129.75
124.25
103.0
105.75
99.75
96.25
93.25
89.5
100.0
112.75
130.25
138.25
133.5
142.75
155.0
169.0
153.75
170.25
178.75
150.5
145.75
156.25
131.75
124.0
129.5
127.0
129.75
106.5
97.5
94.75
95.0
92.25
96.5
95.75
107.75
111.25
122.5
134.75
138.5
139.25
163.0
129.25
145.5
136.5
130.25
148.0
119.25
131.0
122.5
118.5
103.5
103.0
98.75
87.0
89.75
90.0
91.0
91.5
98.5
134.25
130.75
137.5
159.25
145.5
159.75
144.5
129.25
127.5
154.0
175.5
133.75
136.25
155.0
113.0
118.75
108.5
88.25
92.25
94.5
87.75
90.0
92.5
111.5
124.0
140.75
146.5
143.25
143.75
131.75
146.25
136.5
153.75
136.5
135.25
146.5
118.25
107.25
103.25
103.5
92.75
89.75
92.5
87.25
84.75
82.75
84.25
103.5
119.75
138.0
137.25
152.0
158.25
146.0
134.25
147.75
152.5
140.0
150.0
143.0
127.5
123.5
142.5
108.5
117.5
92.25
88.5
87.0
85.5
94.5
97.0
96.75
112.25
149.5
172.0
142.25
152.0
168.75
158.75
130.25
143.5
138.25
135.5
121.75
147.25
151.0
114.0
104.75
95.5
102.0
94.0
98.5
91.25
90.5
92.75
120.75
112.25
139.5
160.0
153.5
184.0
158.0
161.5
135.25
167.75
134.0
163.5
140.5
148.25
124.0
118.75
120.25
100.25
98.25
99.5
92.25
91.5
104.0
102.0
111.75
139.0
156.5
164.0
158.0
154.5
155.75
162.5
171.0
143.5
149.5
140.75
151.5
125.25
121.25
127.0
119.5
104.5
102.5
93.5
86.5
87.25
89.25
97.0
127.5
146.5
155.0
155.0
152.0
146.0
140.25
140.75
119.0
115.75
126.75
111.25
104.75
125.5
81.75
80.0
81.75
79.0
81.0
79.75
78.0
97.75
88.0
81.25
92.75
89.25
83.75
90.75
93.5
94.5
102.25
92.0
84.75
78.75
77.75
80.75
93.5
95.0
79.0
76.75
78.0
75.25
75.0
73.25
75.25
75.25
77.75
77.0
77.75
80.5
77.5
81.0
80.75
79.75
82.5
78.0
82.75
80.25
79.5
91.25
98.5
80.0
76.0
75.5
76.75
74.5
75.75
74.75
74.25
74.75
75.5
75.5
74.25
75.25
74.75
77.75
75.0
76.75
76.25
77.25
82.75
78.75
83.0
79.25
77.25
76.25
76.25
75.25
74.0
75.0
74.0
74.25
77.75
75.25
79.75
79.25
78.75
78.75
84.25
84.0
84.5
81.0
82.5
83.0
80.5
78.75
79.75
77.0
78.75
77.25
77.25
78.0
77.25
76.5
76.25
75.75
76.5
76.0
75.25
85.75
80.5
80.0
77.5
83.0
83.0
83.75
79.0
77.75
77.5
76.0
75.5
75.5
77.75
81.75
77.0
75.75
75.75
75.0
75.75
74.25
73.75
74.25
76.0
78.5
77.75
81.25
78.25
80.75
78.0
77.5
78.0
83.0
80.25
77.5
75.25
73.75
75.75
77.25
74.0
75.0
73.75
74.5
73.75
74.5
72.5
72.75
75.0
74.25
74.25
74.5
75.5
75.25
74.5
73.75
77.0
75.75
74.25
74.0
74.25
74.5
74.75
76.0
74.25
75.75
73.5
73.5
73.5
74.25
72.75
73.25
74.5
74.25
73.75
74.25
74.25
74.5
74.75
75.0
75.75
75.25
75.0
75.75
76.25
76.0
75.25
73.75
75.5
77.75
75.25
74.75
74.0
73.25
73.75
74.25
74.75
73.5
74.0
73.75
73.25
75.25
77.25
91.0
93.0
84.5
80.0
75.25
79.0
81.25
75.5
74.0
74.25
75.75
75.75
75.25
75.0
75.0
75.0
75.5
77.75
77.5
77.0
75.25
76.5
76.5
77.0
76.5
75.5
75.5
75.75
77.75
76.75
82.0
78.75
77.25
77.75
83.25
76.25
76.5
77.25
76.5
73.25
73.5
78.75
79.5
79.75
81.25
81.75
81.75
84.0
80.0
80.0
79.75
80.25
84.25
83.0
90.75
80.75
79.0
77.25
77.75
82.25
89.25
79.75
81.0
80.75
80.0
83.25
84.5
87.0
86.5
113.0
94.5
90.5
89.0
85.25
83.75
87.0
85.0
85.5
91.25
84.75
84.0
85.0
83.0
82.0
82.25
81.5
81.25
80.5
80.25
85.25
82.0
88.25
91.75
84.75
94.0
91.0
89.5
85.25
83.0
86.0
86.25
83.25
83.0
85.0
82.0
86.75
80.5
79.25
80.5
81.5
82.5
80.25
80.25
80.75
80.25
80.25
79.5
80.75
82.0
82.0
80.0
79.0
78.25
81.0
81.25
78.75
80.5
80.0
83.5
89.5
92.5
79.5
79.75
80.5
79.0
79.25
78.25
80.0
80.25
79.0
80.5
81.5
81.5
85.0
80.5
91.5
88.75
81.25
81.25
81.75
79.75
79.75
78.25
79.75
78.75
80.25
81.25
80.25
78.75
78.75
78.5
79.0
79.75
80.0
81.0
82.0
83.25
79.5
78.75
81.25
86.25
84.0
81.5
82.75
81.75
84.75
83.25
79.25
82.75
79.5
81.0
79.5
79.25
78.75
79.5
81.75
80.5
81.0
83.0
80.5
83.0
86.25
83.25
81.25
79.0
84.0
85.5
87.5
89.25
88.5
85.75
84.25
84.25
81.5
81.75
81.25
80.25
80.0
80.5
82.25
83.25
84.75
89.0
90.75
97.5
101.5
89.25
90.75
90.0
97.25
85.25
85.25
105.75
88.5
88.25
82.75
84.75
86.75
81.5
81.5
83.25
81.75
80.5
81.25
81.5
85.5
92.25
88.5
96.75
98.25
90.0
85.0
89.25
97.75
93.0
92.0
90.25
90.5
98.25
114.25
94.25
86.5
85.5
84.75
84.5
86.0
84.75
86.5
87.0
91.75
89.75
86.0
95.25
96.25
86.25
82.5
88.75
87.25
92.5
89.5
89.0
92.25
86.0
85.75
81.75
82.0
80.75
80.0
79.75
81.0
80.25
83.5
81.75
89.75
91.25
88.25
90.0
90.0
87.0
93.25
91.75
87.5
90.5
99.0
87.75
84.25
86.75
90.75
86.0
85.25
80.25
84.0
79.75
83.25
83.5
83.75
84.75
88.0
90.5
89.0
90.0
101.25
103.0
87.5
85.25
90.0
91.5
86.0
92.25
100.25
86.0
90.25
85.0
85.25
81.75
81.5
82.0
81.75
81.0
83.5
82.25
83.75
85.0
90.5
87.0
85.0
83.0
83.0
84.5
87.0
85.25
90.75
88.5
84.25
83.5
96.25
86.25
82.5
81.75
83.5
81.5
80.5
82.0
82.25
82.0
84.25
83.5
82.0
90.5
89.25
88.0
90.0
82.5
85.25
89.75
86.75
87.25
88.75
84.25
88.75
88.5
83.0
79.75
80.25
82.0
81.5
81.75
84.5
84.25
87.25
87.75
89.75
88.5
93.75
89.5
83.0
83.0
84.75
83.0
90.0
83.25
83.25
84.5
80.0
82.0
79.75
81.5
83.5
81.25
80.75
80.75
85.25
84.25
86.5
90.25
93.75
89.75
85.5
88.25
87.75
82.5
84.0
94.5
83.25
88.0
83.75
85.0
95.25
78.75
80.25
80.25
81.25
80.75
79.5
79.5
82.5
81.25
87.75
89.25
88.75
93.0
85.75
86.25
86.25
98.75
83.25
88.5
98.75
89.0
91.75
85.0
83.0
75.75
78.5
77.75
77.25
78.5
77.0
77.25
77.5
78.5
92.5
81.75
80.0
82.5
82.5
92.25
88.0
82.25
79.75
78.75
84.5
91.75
108.5
87.5
97.5
89.75
81.5
77.75
76.75
75.5
75.75
75.5
76.25
85.25
96.5
100.0
91.75
105.75
97.75
94.0
104.25
90.0
91.5
87.25
93.25
84.25
88.5
87.75
92.0
84.0
83.5
82.5
81.25
80.0
82.75
80.25
81.75
84.25
114.75
106.0
115.25
110.25
114.75
124.25
102.25
109.0
111.5
110.75
115.25
94.25
100.25
98.5
93.0
91.75
96.25
88.75
92.25
87.25
93.0
90.5
88.0
87.75
95.5
97.5
113.5
128.0
102.5
103.5
107.75
107.75
108.25
120.5
149.75
134.25
124.5
106.25
104.5
105.75
101.0
87.5
86.5
82.75
85.0
85.75
86.25
84.5
89.25
105.25
111.75
118.0
120.0
133.0
115.75
120.0
122.25
132.5
135.0
146.0
164.5
159.5
129.25
106.25
94.75
87.25
84.5
83.75
87.75
86.25
89.0
99.0
97.75
115.5
113.75
132.25
132.0
130.25
120.75
121.25
126.75
138.0
140.0
149.0
147.0
125.5
121.25
104.75
93.5
88.0
85.5
83.75
84.75
86.25
91.25
103.25
101.25
116.75
114.5
125.25
120.75
113.0
128.25
122.0
123.25
124.75
163.5
171.5
149.75
141.5
132.0
114.0
92.5
87.75
85.25
83.75
87.75
86.5
100.5
102.0
102.0
136.0
128.25
143.5
139.5
138.25
112.25
124.25
124.25
127.5
133.75
141.0
132.0
119.75
118.0
117.75
112.0
102.75
86.25
88.25
87.0
84.5
96.5
110.75
124.75
141.75
125.25
127.25
135.25
153.25
157.75
121.25
113.75
116.25
126.0
151.5
117.0
107.25
105.5
100.25
99.75
97.0
89.75
88.0
87.5
87.25
91.5
89.5
118.5
139.75
121.0
134.25
144.75
153.25
122.75
151.25
121.25
143.25
139.25
121.0
110.25
110.0
107.5
95.75
94.5
93.25
89.25
86.75
91.0
88.0
88.5
87.5
111.5
119.0
130.25
161.5
142.5
139.75
142.25
156.5
159.25
130.0
146.75
152.0
157.25
163.0
148.25
127.25
109.75
102.25
91.25
85.75
87.5
87.5
93.5
100.0
107.75
123.5
145.75
138.0
138.25
128.0
139.0
161.75
166.0
142.0
136.75
131.0
122.0
153.0
147.75
127.25
115.0
91.25
86.0
84.0
86.25
88.25
97.0
102.25
124.0
127.75
122.5
144.0
166.25
139.5
135.25
140.5
151.25
167.25
151.0
162.25
151.0
148.25
140.0
122.75
107.0
88.25
87.75
86.25
85.0
87.5
92.0
96.5
122.25
119.75
112.5
121.5
146.5
121.75
159.0
151.0
136.5
146.0
148.5
141.75
138.5
154.5
146.0
129.0
110.5
95.0
87.25
89.0
86.25
85.5
94.0
95.75
118.75
131.5
131.0
129.25
145.25
142.25
154.0
131.5
165.75
164.0
139.75
148.25
155.5
161.25
144.25
139.25
110.75
98.75
95.0
92.0
90.75
88.5
95.5
115.0
115.5
151.5
143.25
171.75
172.75
161.0
149.0
147.75
172.0
146.5
153.75
153.0
134.0
125.5
114.75
109.25
98.25
98.5
100.5
88.75
100.25
104.75
93.0
84.5
115.25
125.75
158.5
127.75
154.0
143.5
138.0
130.5
113.5
133.75
128.5
135.75
155.0
135.25
125.0
114.25
98.0
98.25
93.75
92.25
91.25
91.0
92.75
94.0
105.75
133.25
139.25
125.25
165.75
155.25
149.0
162.0
124.25
130.75
141.75
113.25
138.75
143.5
132.75
151.0
122.25
98.25
93.75
92.25
93.75
94.25
105.0
101.5
124.25
117.5
122.25
162.25
149.75
137.0
141.5
155.0
153.75
138.75
147.75
147.0
155.25
146.25
145.75
144.75
111.75
96.75
92.5
89.25
90.75
90.5
97.25
108.5
109.5
123.5
131.0
138.0
142.75
130.5
133.5
141.75
163.0
169.25
159.75
154.25
142.5
152.0
134.0
133.0
122.5
95.75
91.25
87.75
90.25
90.0
96.5
111.25
125.75
126.5
133.5
117.25
117.75
140.25
153.75
135.0
121.5
138.25
166.25
163.5
160.75
137.25
146.75
143.0
126.75
108.0
96.0
88.5
91.75
94.25
100.75
104.0
120.0
132.75
148.25
154.0
165.0
161.5
147.0
139.0
152.5
135.0
145.75
147.0
144.75
134.5
134.0
117.5
104.25
90.75
92.75
91.5
90.75
97.5
97.0
102.75
128.25
115.25
154.0
158.0
153.5
144.0
150.0
129.75
121.5
138.25
139.25
127.75
147.0
129.25
129.0
123.0
110.25
102.25
92.5
89.5
90.0
90.75
94.75
89.0
118.0
147.5
125.5
131.75
127.25
161.25
147.75
128.25
131.5
137.0
135.0
155.25
136.75
122.75
128.25
105.5
106.75
92.0
96.25
99.25
90.25
87.25
84.0
85.25
116.25
120.5
128.5
144.5
141.25
137.25
132.5
163.25
152.75
160.0
149.25
154.75
146.25
144.0
137.75
155.0
127.25
98.0
99.0
104.5
93.0
88.0
92.5
97.25
109.0
125.0
124.5
147.0
120.0
157.5
130.25
134.5
138.75
141.25
165.5
144.5
142.0
146.25
145.0
129.75
108.25
92.0
93.0
92.75
98.0
92.0
93.0
110.5
108.5
121.75
128.25
134.25
139.25
142.5
145.25
138.25
133.25
156.75
146.75
147.25
139.0
124.0
124.0
132.75
121.75
121.5
91.0
88.0
87.75
89.75
87.5
98.75
115.25
104.0
122.25
127.25
126.0
125.25
132.25
135.25
138.0
142.0
157.25
141.5
159.75
158.5
148.75
132.5
129.5
104.25
91.25
91.75
93.0
88.0
96.75
108.75
108.75
128.0
154.0
152.0
134.5
146.25
153.25
148.0
124.5
122.5
135.5
134.0
151.25
156.75
140.5
144.0
135.0
117.75
98.25
89.75
90.0
87.25
93.25
104.0
119.25
128.75
156.75
155.75
163.5
168.25
142.25
146.5
133.75
141.75
147.5
136.0
110.5
116.75
134.5
137.5
103.5
101.0
98.0
93.0
92.25
93.75
95.25
92.5
115.25
126.0
125.25
149.75
158.75
134.25
145.5
144.0
142.75
149.5
122.25
136.75
124.75
126.75
130.0
110.75
103.5
102.5
95.0
93.75
94.75
93.0
93.5
90.0
111.25
119.75
127.75
146.0
158.0
142.75
154.25
132.25
128.5
153.5
151.75
165.0
144.0
126.0
129.75
124.25
117.0
97.5
90.75
88.5
91.75
93.75
100.25
100.0
125.5
132.5
126.5
164.0
160.0
152.5
139.25
164.0
150.0
156.0
167.0
145.0
141.25
146.0
152.0
133.25
110.0
107.0
92.75
90.5
94.0
92.5
100.5
106.0
126.5
139.5
134.25
142.0
143.75
154.5
144.75
158.0
140.0
156.75
144.25
149.75
147.5
128.75
156.0
148.25
109.0
116.75
123.75
91.75
95.0
95.0
100.0
105.0
117.5
123.25
122.25
131.0
136.75
127.75
136.25
144.75
146.75
160.25
130.0
145.5
155.25
137.5
136.0
135.0
110.5
100.0
99.0
98.25
97.5
95.5
106.25
117.0
115.75
115.5
142.75
162.5
155.75
130.5
126.5
169.0
133.5
162.75
133.5
135.5
146.75
143.25
141.0
125.75
120.5
108.0
102.0
96.75
96.25
94.25
97.5
101.5
116.75
143.0
134.0
149.5
155.25
149.5
162.0
161.25
125.0
150.0
141.5
133.0
137.5
126.5
136.5
125.75
115.0
95.25
94.75
92.25
94.25
93.0
90.25
102.0
127.0
136.0
163.0
136.5
119.5
125.25
126.75
125.25
135.25
149.25
138.75
136.0
138.5
116.25
145.0
121.25
122.25
111.75
102.5
93.0
94.75
95.75
95.75
95.0
116.0
135.0
128.75
145.75
163.75
158.0
152.0
149.75
156.25
154.5
166.5
166.5
153.25
156.25
140.0
131.25
122.5
113.0
104.0
97.0
96.25
99.75
103.0
109.25
119.0
142.25
133.0
159.5
135.25
133.25
130.75
146.25
161.75
136.5
138.75
137.25
142.5
169.25
150.0
143.25
129.0
113.5
95.5
92.25
94.5
94.0
100.0
104.25
118.0
139.0
146.25
157.0
162.25
148.0
130.25
146.0
146.5
145.25
139.0
148.5
149.5
135.25
160.75
133.0
114.0
105.0
101.5
103.75
92.5
96.75
100.5
99.75
107.25
109.25
110.25
129.25
139.75
120.0
151.25
151.75
151.75
168.25
146.25
148.25
139.75
131.0
126.5
127.25
114.0
100.5
95.75
93.5
93.25
92.25
102.5
101.25
121.25
122.0
135.0
127.75
155.0
129.25
130.5
160.75
143.75
134.75
144.5
134.25
140.0
132.5
162.75
137.75
112.0
120.25
99.25
92.0
89.75
92.25
94.75
101.75
101.75
121.5
142.5
168.5
147.5
155.5
145.75
149.25
167.25
139.25
141.75
123.5
132.75
126.25
114.25
132.0
111.25
123.75
99.25
100.0
99.0
98.75
95.75
90.75
116.25
139.25
136.75
128.25
155.0
132.25
150.25
129.5
143.0
120.25
123.25
145.0
150.75
136.0
118.0
121.5
120.5
104.25
96.0
94.75
94.0
94.5
95.0
105.5
129.75
115.5
140.25
145.0
148.0
165.5
135.0
145.75
162.5
154.75
135.5
141.5
155.0
144.5
135.0
119.75
104.75
99.5
96.0
99.25
97.25
93.25
99.0
104.5
120.5
139.0
137.75
130.25
133.0
121.75
131.25
139.0
153.25
139.0
114.0
117.25
131.5
157.0
169.0
131.75
127.0
101.5
95.25
92.25
94.0
93.75
99.25
111.75
116.25
123.5
148.25
143.5
164.0
160.5
147.25
158.75
143.75
128.25
137.25
155.0
155.75
144.25
140.0
132.25
117.75
130.5
100.0
99.25
95.5
96.25
99.75
104.5
118.25
121.75
119.75
127.25
128.5
135.0
110.0
166.25
135.25
160.75
147.5
138.5
149.75
142.5
132.25
139.25
122.5
111.5
105.25
93.5
92.0
93.0
97.5
121.5
110.25
118.0
158.25
127.0
152.75
132.75
126.25
148.25
153.75
137.25
137.0
139.75
124.0
127.75
140.25
134.5
116.5
102.75
97.75
94.5
94.0
98.25
102.0
101.0
115.5
150.75
139.25
152.5
138.0
153.0
168.5
151.0
151.75
166.75
147.5
142.25
132.75
124.75
117.0
114.25
125.0
101.5
94.0
92.5
91.75
91.25
91.0
97.25
109.75
130.0
122.25
142.5
132.25
130.0
145.5
148.0
150.5
132.5
121.5
114.5
117.75
113.25
106.75
99.5
115.0
98.0
89.5
89.25
86.75
93.5
88.25
107.75
113.25
152.25
149.75
153.75
133.0
162.0
154.0
157.75
139.25
150.25
153.5
140.25
135.75
135.75
133.75
107.5
97.0
93.0
96.25
89.5
86.5
94.0
93.75
101.75
108.5
140.75
130.25
157.25
141.75
137.0
120.5
119.5
119.0
126.0
144.0
126.5
134.5
139.0
132.5
109.5
97.25
94.75
90.5
88.25
88.0
98.5
100.5
118.5
112.0
119.25
120.25
118.25
139.5
111.0
130.5
129.5
125.75
150.5
129.5
157.75
150.25
137.25
126.5
117.5
98.75
98.0
91.0
86.75
86.75
101.75
96.5
107.5
115.5
116.0
142.5
135.5
138.25
132.75
124.75
142.0
136.75
146.25
150.0
138.0
141.5
136.0
141.5
142.0
122.0
111.75
95.5
91.25
94.25
100.75
108.75
120.75
122.25
138.5
154.25
161.5
164.0
166.0
160.25
145.0
148.5
160.75
159.5
147.25
149.5
128.25
123.0
114.25
104.75
117.25
110.5
93.75
88.5
94.5
98.75
101.5
141.25
166.75
154.25
170.25
158.5
128.75
123.5
106.75
124.5
107.25
116.25
125.5
124.5
128.5
119.0
103.5
99.75
97.5
85.75
81.0
80.0
81.75
90.75
85.25
91.0
109.0
96.75
108.5
119.25
113.5
98.5
104.5
86.0
82.75
93.75
99.25
114.75
92.0
89.75
89.0
90.0
87.75
83.75
84.0
83.75
86.5
83.0
84.0
90.75
97.0
94.0
119.5
98.0
98.5
103.0
95.5
98.75
105.5
102.25
97.0
88.75
110.25
106.5
91.5
81.75
81.0
82.0
79.75
79.0
84.5
85.25
89.75
85.25
90.25
106.5
98.0
102.25
97.75
88.25
87.0
85.0
95.75
110.5
100.5
97.0
94.75
89.0
84.25
85.25
83.25
85.5
83.75
86.5
87.0
87.75
92.25
91.5
91.25
101.5
103.5
94.0
101.25
100.5
89.0
91.0
87.25
87.25
81.25
86.75
95.5
100.5
97.75
89.75
82.25
79.25
78.75
81.0
86.25
81.75
87.0
90.0
92.5
90.25
83.75
84.5
88.0
87.0
110.25
102.25
109.75
97.25
91.5
96.5
90.0
85.5
80.0
80.75
80.0
80.25
81.25
79.25
84.25
89.75
90.5
88.0
93.25
90.5
110.5
100.75
105.0
87.75
85.0
91.0
88.75
100.25
89.75
101.5
97.75
90.25
84.5
81.5
82.25
84.5
84.5
81.75
82.0
89.5
95.0
93.5
101.0
101.0
94.5
93.25
105.75
93.25
89.25
90.5
94.5
82.25
84.0
91.0
100.0
96.5
86.75
89.25
82.25
81.25
81.0
86.25
86.0
90.0
88.0
88.0
97.0
101.25
92.25
111.5
91.5
99.25
97.5
108.25
110.25
124.5
118.0
112.25
103.5
96.75
91.25
90.5
90.5
93.0
90.75
93.75
89.25
89.75
104.0
108.75
113.25
127.25
147.25
135.25
152.5
153.25
137.5
136.25
150.25
149.0
145.0
152.25
129.25
118.75
117.5
106.75
99.75
93.0
96.0
97.25
100.5
99.5
110.75
139.0
124.75
113.5
118.75
118.5
110.5
153.25
125.25
128.0
127.25
128.0
126.25
151.25
119.25
115.5
104.0
99.25
91.25
94.5
86.5
84.5
89.75
98.75
103.0
127.5
107.0
116.5
150.75
137.0
109.5
122.5
132.0
150.25
139.75
150.25
143.75
124.5
135.0
124.5
109.5
97.75
92.5
89.0
88.5
89.75
99.25
110.0
121.5
115.5
127.75
119.75
114.25
142.0
128.5
128.0
123.0
125.5
126.5
121.75
125.5
131.5
139.5
116.5
131.0
100.75
94.75
92.75
89.5
86.5
91.75
102.25
108.0
148.25
135.25
145.25
145.5
144.0
119.5
115.25
147.0
139.5
132.75
120.5
137.5
125.5
134.25
130.75
122.0
102.25
87.25
98.75
90.75
89.75
95.25
109.25
116.0
128.0
143.0
146.0
160.0
143.25
130.5
164.25
148.25
122.25
116.25
126.25
119.0
127.0
116.0
130.25
116.75
122.5
110.75
98.5
92.75
97.0
97.5
96.75
114.0
127.75
129.5
118.75
138.0
160.5
136.25
125.75
137.75
138.25
138.25
145.75
136.75
125.75
134.5
125.75
122.25
109.75
97.0
96.0
93.25
89.75
93.0
92.25
114.0
127.0
152.75
149.25
152.25
141.0
158.5
160.5
146.75
117.75
131.25
140.75
149.25
143.0
146.5
135.75
130.75
107.0
102.5
89.5
85.25
84.75
90.75
103.5
106.5
122.0
122.0
130.75
142.25
142.0
146.75
144.75
159.0
130.25
122.0
143.0
140.25
167.0
132.25
146.0
115.5
102.5
88.0
84.25
83.0
86.0
92.25
112.25
131.75
137.5
131.25
147.5
149.75
143.5
149.0
130.0
143.0
147.75
152.0
165.5
160.5
137.0
151.75
127.5
125.75
113.75
96.0
87.25
86.25
87.0
100.75
102.5
103.25
97.25
112.75
118.25
122.5
140.75
160.25
145.75
143.75
158.75
168.25
139.75
158.25
139.0
156.75
150.25
129.25
103.25
92.0
89.25
87.5
87.0
99.75
92.25
108.75
114.5
130.75
138.5
139.0
162.5
138.75
161.25
146.5
153.25
143.5
124.5
133.0
144.75
137.5
128.5
115.25
111.25
92.5
87.0
85.75
89.0
93.25
103.5
123.75
121.5
134.5
140.25
155.75
131.25
125.75
132.75
135.25
128.25
122.75
107.25
119.75
140.75
101.25
102.75
97.75
95.75
85.75
88.0
82.75
84.5
86.75
87.25
119.25
130.75
131.5
116.25
115.75
142.75
126.0
112.5
105.0
99.25
143.5
108.75
107.25
103.75
100.75
105.0
98.75
98.75
92.75
91.25
85.5
85.5
89.5
86.5
97.25
108.75
115.75
125.75
151.0
144.75
139.5
138.75
140.75
128.75
120.5
148.0
165.0
134.25
148.5
128.5
108.0
96.75
94.25
86.25
85.25
87.0
90.5
99.75
106.75
113.25
130.0
136.25
133.75
142.5
128.25
130.75
131.0
149.0
129.75
145.0
132.25
124.75
137.25
133.0
125.25
105.0
102.75
89.0
89.25
91.0
93.25
94.75
114.25
131.5
135.75
140.0
140.0
140.0
140.0
140.0
140.0
140.0
140.0
140.0
140.0
140.0
140.0
140.0
140.0
140.0
140.0
140.0
140.0
140.0
140.0
140.0
140.0
140.0
140.0
140.0
140.0
129.0
125.75
139.5
145.0
157.25
136.25
125.0
140.75
157.25
158.25
146.25
122.5
97.75
102.0
91.0
85.75
83.75
93.75
104.0
106.0
127.25
141.25
138.75
148.5
150.0
136.5
126.5
131.75
138.25
133.5
131.0
125.0
122.5
137.75
138.0
133.5
107.25
97.25
83.5
82.5
80.25
93.0
88.5
113.5
128.25
126.5
151.0
146.75
162.0
128.75
149.25
129.5
152.0
136.0
128.0
128.0
108.25
115.75
122.5
98.75
89.0
85.75
85.75
80.25
86.5
89.75
92.75
105.75
108.75
110.25
134.25
137.25
132.25
125.75
122.5
146.25
127.25
120.75
115.0
133.0
118.5
127.5
129.0
108.0
100.5
107.75
92.25
91.75
90.25
90.25
97.75
114.5
123.5
148.5
135.75
132.75
145.5
147.25
151.25
145.0
145.0
134.25
145.5
148.0
156.75
133.75
123.25
119.5
104.5
89.0
85.75
84.25
92.5
95.0
97.0
101.75
139.0
133.5
150.5
131.25
145.75
154.25
146.5
164.5
142.5
143.25
144.0
143.5
167.0
140.0
153.25
118.0
103.25
101.0
89.25
88.75
90.0
100.0
106.0
114.5
118.5
146.75
138.75
161.5
129.25
137.75
121.0
119.75
134.0
148.75
130.75
153.25
155.25
161.75
127.25
120.25
104.25
107.75
87.75
83.25
79.0
98.0
92.25
108.0
120.5
110.25
111.0
111.0
111.0
111.0
111.0
111.0
111.0
111.0
111.0
111.0
111.0
111.0
111.0
111.0
111.0
111.0
111.0
111.0
111.0
111.0
111.0
104.55
87.75
147.5
132.75
147.0
135.5
155.25
144.75
133.75
147.75
137.0
143.5
140.0
126.0
115.75
122.5
104.25
101.5
113.25
99.0
87.0
91.25
94.0
97.5
99.75
142.5
121.25
153.75
166.75
152.75
141.0
152.75
139.0
135.25
127.75
130.5
138.5
119.25
110.75
120.75
103.5
107.0
89.0
84.75
83.25
85.75
83.25
93.25
108.25
115.5
126.25
142.5
124.25
131.75
147.5
142.5
144.75
143.75
132.0
130.25
122.5
123.5
108.25
104.0
99.75
98.75
108.75
100.0
89.5
88.25
88.0
93.5
111.25
101.5
140.5
136.5
158.75
154.0
168.75
160.0
132.25
134.5
134.25
157.25
165.25
151.5
135.5
145.75
113.5
96.25
89.5
84.0
81.75
84.75
93.0
106.25
114.25
122.0
134.75
146.25
144.0
152.0
157.25
156.5
146.5
144.5
141.25
132.75
133.0
141.25
125.5
151.75
134.5
129.0
104.0
90.0
85.0
89.0
100.0
100.75
109.0
139.5
134.75
156.0
149.0
131.0
128.5
119.75
136.5
139.75
127.75
124.0
139.25
119.25
114.75
145.75
126.25
105.75
90.5
84.75
82.25
83.0
85.5
91.75
97.75
125.5
123.0
134.5
117.25
125.0
133.25
127.0
151.0
150.5
142.25
144.5
143.75
124.5
133.25
135.25
111.5
96.25
91.25
90.25
86.0
87.25
93.75
101.0
104.5
135.25
107.25
140.0
158.0
142.75
135.0
134.75
152.75
135.25
150.5
156.5
142.5
130.5
124.5
128.25
119.75
116.0
101.0
88.5
85.25
86.75
93.75
96.0
108.75
127.0
140.0
149.75
147.75
150.25
125.25
129.75
129.25
151.25
138.25
120.25
136.75
123.0
100.0
115.25
114.75
96.5
86.5
83.5
81.5
79.5
79.25
84.25
97.0
124.25
126.25
121.25
121.75
114.0
112.0
116.25
119.25
124.0
127.5
139.75
96.0
110.25
102.75
101.5
100.0
89.5
89.75
82.75
82.5
80.75
81.25
79.25
113.25
113.75
116.25
131.0
128.25
133.5
131.75
161.0
141.25
136.75
121.0
155.0
151.5
136.25
135.25
113.5
104.5
99.0
85.25
86.25
83.25
82.25
89.75
105.25
123.25
107.25
139.75
140.5
147.25
153.75
129.25
121.5
130.25
137.0
133.0
135.5
133.5
139.75
151.0
129.25
111.25
94.25
89.0
86.75
85.25
83.25
90.25
96.75
110.0
132.25
142.25
128.0
131.75
161.0
147.5
138.5
125.75
126.0
123.0
120.0
133.0
118.5
146.0
118.75
120.0
96.25
86.0
85.0
82.5
90.75
87.25
92.5
95.75
114.75
122.5
140.25
121.5
133.5
115.75
141.25
142.75
161.75
146.5
144.5
118.75
119.75
143.5
135.25
119.0
116.5
91.0
85.5
83.75
80.75
86.5
96.75
106.5
113.75
123.25
154.75
124.0
118.5
122.5
116.25
130.0
139.25
165.5
127.25
134.75
129.75
125.0
118.75
