13.37
13.32
13.22
13.36
13.44
13.23
13.3
13.21
11.44
11.23
11.27
11.48
12.07
11.67
12.58
11.78
11.51
12.01
13.66
13.44
13.5
13.08
13.51
13.44
13.47
13.51
13.54
13.44
16.59
22.59
22.69
23.32
20.9
17.12
18.37
21.43
23.01
19.31
12.33
8.89
9.29
9.27
10.51
10.61
10.71
10.92
10.48
10.86
10.63
10.32
10.55
10.54
10.5
10.58
10.5
10.27
8.55
8.66
8.59
8.61
8.72
8.98
9.15
9.08
8.88
9.15
10.64
10.58
10.63
10.99
10.56
10.55
10.42
9.89
10.53
10.62
10.43
10.31
10.42
10.17
8.53
8.38
8.62
8.57
8.49
8.71
9.13
9.91
9.95
9.65
11.32
11.29
11.27
11.3
11.2
11.23
11.28
11.23
11.22
11.16
20.26
23.83
29.22
32.76
30.23
34.6
35.38
34.16
34.2
34.84
34.08
28.68
25.82
25.41
18.05
14.32
14.22
14.13
14.16
14.01
13.92
14.06
14.11
13.7
17.58
24.6
34.0
34.72
33.23
31.97
33.3
35.23
32.58
33.04
26.83
25.54
21.0
20.49
13.68
9.68
9.94
9.73
9.51
9.71
9.41
9.4
9.28
9.2
16.02
25.74
34.82
30.76
25.92
30.7
28.14
29.55
31.52
28.29
26.52
27.17
33.55
29.61
18.25
14.88
14.87
18.24
14.81
14.55
14.75
14.92
14.66
16.07
16.03
17.7
27.36
28.05
33.74
36.49
28.44
27.77
28.74
27.83
27.78
28.67
27.84
28.41
21.55
17.6
24.24
23.72
23.07
22.97
23.16
22.88
15.45
14.13
14.07
16.72
26.86
30.95
33.7
29.53
26.15
31.33
24.47
22.85
29.14
29.84
24.98
23.09
16.94
12.59
16.21
16.47
17.36
11.79
11.92
11.71
11.74
11.96
11.52
11.78
16.1
18.18
15.89
15.87
18.45
21.98
21.23
19.8
20.25
19.34
19.67
19.54
21.27
24.18
26.75
17.9
15.42
15.5
15.45
15.32
15.89
15.17
15.29
15.59
15.42
14.79
13.17
13.56
13.12
13.75
13.32
14.97
13.61
16.55
13.64
13.7
15.57
15.43
15.0
15.55
15.5
15.8
15.58
15.87
15.91
15.47
26.44
29.85
34.09
29.94
29.98
28.79
36.01
35.45
32.36
34.6
27.34
31.61
34.86
29.01
23.9
18.69
16.3
15.98
16.05
19.72
15.69
15.78
15.48
15.37
16.14
17.86
28.14
32.86
32.45
29.41
30.61
30.14
30.96
32.0
31.01
29.52
30.82
27.89
21.04
17.02
18.64
22.1
15.7
15.53
15.61
21.06
23.41
23.49
18.19
17.96
28.22
27.96
28.4
28.57
34.44
33.74
31.43
29.89
30.815
30.4925
32.19
31.0575
22.4425
16.7825
16.15
16.45
16.3975
17.0425
15.95
16.605
15.7625
14.7675
14.8325
16.1875
23.87
25.09
29.385
29.6225
28.3475
27.17
27.7175
28.075
27.2075
26.175
26.7325
25.635
18.985
15.075
14.4075
14.2775
16.085
17.3675
17.0725
17.59
16.35
15.4325
14.9075
17.3
23.5925
33.37
34.51
30.77
29.67
30.07
29.2
34.45
28.31
25.81
26.78
27.44
20.53
16.8
22.94
19.56
15.63
15.33
15.27
15.18
14.9
15.21
14.92
14.91
14.65
14.68
13.55
13.45
13.54
13.45
13.61
13.45
13.86
13.79
13.51
13.42
15.18
15.17
14.3
15.19
15.21
15.58
15.47
15.47
15.35
15.45
15.44
15.41
15.43
14.83
13.26
13.54
13.47
13.22
12.8
14.47
19.75
19.84
26.39
22.47
24.22
24.14
18.39
15.02
14.14
14.23
14.53
14.48
14.53
14.38
14.41
14.32
16.89
16.03
13.27
13.56
16.55
13.41
13.37
13.33
14.21
14.13
13.87
13.65
16.83
15.14
15.09
15.0
14.49
14.61
14.51
14.47
14.68
14.56
14.45
16.98
27.39
33.43
33.68
28.66
28.11
26.93
27.83
28.11
25.66
26.29
25.97
23.99
15.84
12.13
12.93
18.87
14.1
12.71
12.83
12.65
12.52
12.83
12.55
15.24
25.31
25.01
26.53
30.25
28.88
32.01
31.33
35.56
31.85
29.24
32.13
30.34
23.81
16.4
18.17
15.54
15.65
20.24
17.11
23.21
18.29
15.87
15.71
18.29
32.31
34.44
32.77
28.42
29.93
27.75
29.1
29.61
26.29
25.59
28.33
24.27
16.6
11.5
9.06
8.96
18.18
15.05
14.75
14.1
12.74
14.58
12.77
15.27
25.49
27.13
28.52
28.51
32.94
31.11
30.45
29.61
25.84
26.33
27.89
32.45
23.34
16.87
14.98
21.1
21.12
14.94
14.42
15.32
14.81
15.0
14.59
14.94
14.67
23.64
25.96
26.7
34.57
34.5
34.88
32.99
31.81
31.37
23.91
16.49
15.43
15.41
15.39
15.37
15.38
15.69
15.49
15.61
15.4
15.6
15.39
15.28
15.52
14.82
13.84
18.68
21.22
21.76
21.55
25.12
27.2
26.97
27.53
24.56
25.88
26.16
18.85
14.51
14.57
14.59
14.75
14.83
14.83
16.03
24.37
27.35
27.5
29.69
27.63
31.97
33.71
29.62
30.58
32.94
30.26
29.07
31.91
28.15
19.8
12.56
12.25
15.13
14.8
18.02
15.14
15.0
15.34
15.36
15.21
17.84
34.56
34.93
34.64
29.21
28.63
25.61
30.7
29.47
27.68
26.84
29.44
29.17
13.5
8.24
8.63
16.84
11.99
8.85
10.43
20.24
16.11
16.12
18.19
18.41
28.52
27.97
28.6
30.25
32.32
32.83
31.64
32.5
32.82
30.41
31.51
30.43
23.36
18.15
16.54
17.22
22.82
20.28
17.51
18.07
15.6
14.92
15.38
17.93
30.33
33.48
32.23
27.73
28.66
27.25
27.24
28.9
26.14
23.8
27.87
22.98
17.99
10.74
9.85
10.27
9.36
16.76
15.21
15.33
19.33
15.38
15.62
17.59
27.63
30.96
32.63
29.92
30.37
30.63
30.78
35.52
30.4
33.78
34.42
30.6
22.78
18.78
17.41
22.23
22.72
15.99
15.93
15.9
16.16
12.86
15.82
16.06
15.89
15.38
14.55
13.79
20.74
20.36
20.78
18.77
12.97
12.85
13.75
13.1
14.36
14.85
14.77
15.04
14.91
15.09
15.1
15.19
14.9
15.13
14.61
15.11
14.76
14.29
12.83
12.96
12.81
13.2
13.14
18.59
27.26
26.83
20.66
20.6
21.83
22.38
16.35
16.13
16.16
15.9
16.35
19.3
16.23
16.17
25.85
28.86
30.95
28.81
34.24
33.16
33.81
31.23
30.39
32.55
30.38
28.79
34.39
32.08
22.67
17.35
18.68
20.79
16.55
15.55
23.05
17.12
15.65
15.78
15.35
18.1
31.55
34.98
34.15
28.25
28.6
27.18
30.27
29.35
26.63
25.76
27.39
24.75
15.24
13.69
13.18
16.82
14.52
18.23
15.92
16.03
15.5
15.6
15.65
18.25
33.01
33.98
34.16
30.57
30.38
27.7
29.59
30.1
29.52
34.18
35.93
35.52
25.11
17.6
17.54
19.57
19.77
16.05
16.25
15.74
15.99
16.28
16.08
19.38
29.85
34.57
32.82
31.77
29.06
26.18
30.67
30.32
30.17
26.73
27.27
26.99
19.38
16.41
8.29
8.33
17.98
22.09
16.52
22.25
14.18
13.78
13.86
17.57
26.75
26.56
26.23
29.79
31.01
32.12
31.36
35.04
34.66
32.14
31.43
34.1
21.87
17.6
14.66
14.43
14.7
17.23
14.42
18.24
14.72
14.14
13.45
13.49
13.42
22.96
26.58
27.89
27.26
27.29
27.28
27.21
27.65
27.64
27.58
27.35
28.67
29.12
27.33
22.28
15.69
15.22
15.04
15.39
15.2
15.36
15.27
15.22
15.21
18.37
26.41
27.05
28.4
32.65
33.79
34.23
34.79
33.82
35.53
34.83
35.02
30.36
24.35
16.43
13.92
14.61
14.64
20.37
15.59
15.32
24.97
28.2
28.27
35.21
35.4
29.87
32.29
29.52
30.84
32.49
34.7
29.51
33.76
27.83
18.47
12.71
15.15
18.3
17.09
15.33
15.32
15.35
15.18
15.23
15.22
18.33
27.78
28.41
29.72
27.66
29.1
27.26
30.4
30.04
27.35
25.71
27.49
24.71
13.3
8.81
8.6
8.14
9.11
14.32
14.49
20.6
15.33
15.68
15.48
18.45
28.28
27.52
29.14
29.9
31.47
30.85
31.02
34.65
28.72
29.83
32.0
27.23
18.76
12.87
10.22
8.64
8.21
19.95
16.58
20.39
15.63
15.43
15.6
18.46
28.29
32.14
34.09
28.43
29.27
26.95
29.92
28.41
25.79
27.44
27.27
22.73
15.88
12.71
13.53
12.79
19.13
18.95
15.65
15.63
15.47
15.63
16.69
18.11
28.41
28.1
30.53
30.58
30.94
33.28
32.06
35.53
35.21
32.52
28.48
28.38
21.11
12.66
12.72
20.03
20.65
15.08
14.94
15.11
15.14
15.01
15.12
14.67
15.01
13.95
13.4
14.71
25.33
27.67
27.8
27.96
28.13
25.56
21.34
21.81
28.47
27.22
15.4
16.65
19.08
15.41
15.26
15.41
15.47
15.3
15.38
15.25
15.18
14.31
13.14
13.2
18.33
20.02
19.99
25.77
31.56
34.86
34.06
29.0
24.77
23.29
14.97
14.89
14.92
14.74
15.17
15.67
15.03
15.22
25.22
29.85
29.82
27.63
26.76
30.56
30.71
32.03
31.6
34.7
27.67
31.87
33.01
27.49
19.95
12.97
14.77
18.93
15.48
15.45
15.49
15.4
15.16
14.99
16.22
18.23
29.82
35.66
33.86
28.56
28.76
26.32
29.63
28.98
26.33
24.79
29.92
32.73
24.56
17.41
14.6
20.08
23.47
20.83
12.92
13.35
14.52
14.7
15.28
17.83
27.63
26.78
27.72
30.75
31.29
30.8
29.91
34.21
31.78
32.34
28.25
25.5
17.84
14.8
14.65
11.25
11.06
15.04
16.75
16.22
15.02
14.98
15.21
18.2
34.88
33.92
33.88
31.72
31.02
29.48
29.55
28.93
27.03
26.27
28.73
29.77
15.0
12.57
8.61
14.35
9.64
15.17
17.53
23.15
16.06
15.97
15.88
18.34
28.51
27.6
29.73
32.55
33.11
31.49
31.49
31.36
30.0
26.58
27.35
19.7
11.01
8.75
9.58
18.55
18.76
15.43
15.29
17.15
15.17
15.22
15.17
15.38
15.24
14.34
15.34
18.12
19.63
23.58
26.57
26.63
26.7
26.75
26.9
27.22
27.56
28.16
22.63
22.49
19.15
15.09
14.37
14.14
14.17
13.89
14.1
13.9
13.77
12.63
11.61
11.59
11.56
11.82
12.03
11.95
17.71
22.57
32.39
31.53
32.58
29.92
14.6
14.29
14.54
14.13
13.71
16.95
14.13
14.16
23.59
26.96
32.14
26.09
28.02
32.13
32.8
30.45
34.55
33.39
30.93
28.94
33.56
29.57
23.95
19.34
15.43
20.03
17.34
15.78
15.42
15.53
15.36
17.38
15.34
18.42
27.92
31.84
32.66
28.03
28.24
28.51
31.36
28.79
26.08
26.68
25.33
21.98
13.77
10.04
10.27
10.04
17.38
15.56
15.45
15.51
15.58
15.46
15.65
18.25
28.21
27.45
28.21
29.71
30.85
30.24
31.79
31.91
29.97
29.12
32.14
29.69
22.79
17.21
20.34
15.35
16.44
22.93
16.06
20.58
14.78
15.56
15.18
18.25
33.26
33.47
32.28
27.64
27.84
24.12
28.6
28.52
26.09
24.54
27.28
22.33
13.93
13.34
11.78
11.23
14.97
16.38
15.81
18.49
15.42
15.52
15.72
18.21
27.73
28.44
27.39
28.78
30.15
31.9
31.03
31.1
28.19
20.42
26.95
26.46
16.02
13.85
15.18
15.18
16.07
14.84
15.54
14.98
15.52
15.29
15.05
15.19
15.18
13.97
13.26
13.39
13.08
18.18
20.83
21.23
21.7
22.57
24.59
26.51
31.52
15.86
8.7
8.63
8.67
10.38
8.8
8.49
8.79
8.65
8.46
8.48
8.68
7.04
6.71
6.54
6.67
6.46
6.79
10.8
12.45
15.99
17.86
18.16
18.09
18.77
11.51
8.6
7.88
7.86
8.21
17.36
15.24
15.1
24.73
27.77
29.63
26.18
30.67
29.69
29.97
29.35
33.08
32.18
31.66
31.37
33.35
32.68
21.93
17.06
17.55
17.15
22.66
17.53
15.41
15.4
15.55
15.44
15.81
18.33
29.77
31.77
32.02
27.73
27.98
25.72
32.26
31.82
28.75
23.21
26.62
25.67
17.67
11.49
10.37
13.78
9.98
14.66
15.38
16.61
14.89
14.79
16.56
17.92
27.6
28.05
28.16
30.03
30.12
30.1
27.98
28.38
31.0
32.33
34.83
34.54
21.07
17.09
16.61
12.66
14.61
22.89
15.56
15.27
15.4
15.08
17.34
18.13
28.74
31.68
31.29
30.03
28.69
26.53
26.06
31.66
35.61
28.64
29.64
26.44
18.0
17.22
12.5
10.47
19.0
18.72
15.08
15.73
14.74
15.26
16.17
18.02
27.67
28.21
30.28
24.64
30.53
32.69
30.51
28.9
35.2
32.64
34.65
34.52
25.49
23.46
23.49
19.58
14.51
14.73
14.8
14.35
14.76
14.67
14.3
14.56
14.72
13.1
12.93
12.72
12.58
12.83
12.85
12.86
13.06
13.17
13.11
12.81
13.51
14.94
14.9
14.85
14.75
14.95
14.91
14.83
14.66
14.6
14.5
14.76
14.84
13.11
12.99
12.84
12.8
12.74
12.79
12.82
12.79
13.0
13.05
13.03
13.39
14.69
14.85
14.89
15.02
14.88
14.94
14.61
14.81
14.98
24.25
27.6
27.63
25.84
26.48
25.15
23.14
26.57
25.57
25.87
25.81
30.2
27.65
25.99
16.96
14.53
15.08
19.39
19.82
20.0
14.85
14.61
14.44
15.04
15.34
18.26
27.98
25.99
26.76
26.0
24.89
25.31
25.04
25.07
31.15
27.0
26.31
26.46
17.22
15.35
15.51
11.25
15.09
17.66
15.04
15.3
15.07
14.78
15.01
17.97
27.77
31.63
34.81
32.73
32.04
30.34
26.05
22.26
19.91
20.4
20.44
20.43
11.33
9.36
9.52
9.41
17.14
15.6
15.56
15.45
15.18
15.62
15.13
18.02
27.83
26.33
26.95
26.17
28.06
27.19
26.74
26.67
26.99
26.29
26.64
26.6
17.47
15.58
15.58
18.43
15.62
15.51
16.95
15.5
15.58
15.66
16.03
18.52
32.09
26.92
26.44
25.44
25.69
26.72
25.77
25.9
23.11
13.77
13.57
13.37
13.61
15.17
14.97
18.37
15.82
18.65
16.12
15.53
15.46
15.43
15.25
15.92
15.77
13.64
13.98
13.85
13.99
13.6
13.93
14.06
14.1
13.92
14.08
13.94
14.16
15.82
15.84
15.88
15.96
16.0
16.19
15.7
16.3
16.08
16.24
15.7
16.1
17.36
30.58
31.43
31.35
31.1
30.29
31.02
30.33
31.03
28.07
17.18
13.66
15.13
14.66
15.29
15.03
14.99
14.81
18.82
16.35
16.34
25.6
28.94
30.35
28.77
31.74
30.19
31.07
30.36
31.57
32.21
29.5
29.75
31.75
31.22
23.07
19.7
20.43
17.27
18.46
14.86
14.99
14.89
14.76
14.97
15.42
17.8
31.35
33.71
32.97
27.77
27.18
25.335
26.1825
29.32
25.66
23.15
30.41
34.0
21.92
8.88
8.18
12.09
17.33
16.53
13.45
21.62
16.88
13.48
15.18
16.9
26.28
32.22
32.68
28.7
33.4
31.1
30.51
34.18
32.01
28.72
30.76
28.46
20.05
14.49
14.57
21.89
22.97
15.85
15.81
15.74
15.69
15.71
16.06
18.87
33.42
34.35
32.46
27.29
28.87
26.51
26.77
27.67
25.74
26.47
26.13
25.77
15.3
13.24
13.88
17.72
11.04
8.67
8.7
8.19
8.71
8.59
8.89
11.71
21.45
21.95
25.86
27.58
30.3
30.76
30.57
31.39
35.44
31.69
33.79
29.81
17.35
14.79
14.89
15.94
18.61
12.04
8.29
9.12
8.41
8.41
8.28
8.21
13.11
13.22
13.47
13.19
12.89
18.89
26.71
25.45
25.57
31.77
31.93
24.78
22.78
24.31
26.2
17.92
16.18
17.89
16.5
16.03
16.28
16.18
15.65
16.23
15.78
14.14
14.34
14.17
14.28
14.36
14.28
23.75
31.85
31.44
31.72
28.23
28.98
31.53
19.46
13.16
13.38
14.35
13.78
15.84
13.28
13.06
23.68
26.69
25.75
26.29
28.63
32.39
33.07
31.88
27.4
28.76
29.16
28.79
29.47
29.44
18.32
15.3
16.74
18.87
22.3
15.14
15.03
14.9
14.82
14.86
14.92
18.17
33.08
32.63
30.12
27.5
27.64
26.88
27.82
31.33
28.05
26.12
28.23
30.21
20.72
12.91
12.48
15.26
21.94
19.66
16.22
16.31
15.98
16.44
16.51
19.3
21.86
20.61
29.76
29.37
30.12
31.59
29.6
34.32
31.66
31.85
33.4
29.25
16.69
15.3
15.54
15.33
14.49
14.35
14.07
14.15
14.12
13.89
14.23
17.07
25.97
26.46
29.09
25.97
26.03
25.51
29.19
28.82
25.99
23.94
27.25
23.19
16.19
14.36
10.51
12.6
9.12
8.42
8.03
7.95
8.28
8.35
8.58
11.26
20.58
20.25
25.38
29.3
31.46
32.21
31.76
31.47
31.08
28.35
27.62
28.48
20.05
16.74
17.0
17.83
20.82
16.82
16.63
16.85
16.72
16.18
16.28
16.56
19.13
14.8
14.89
14.93
21.84
33.42
35.07
36.0
35.2
35.22
35.05
35.41
35.31
30.5
24.02
15.74
15.79
16.28
16.04
15.72
15.98
15.97
15.89
15.79
15.45
13.71
13.87
13.85
13.8
13.91
14.0
13.95
14.09
23.24
26.79
28.66
27.56
30.24
16.73
15.6
14.94
15.55
15.73
16.64
15.77
15.74
25.16
28.55
28.12
28.55
32.08
31.13
34.71
31.14
31.2
34.48
34.46
28.81
32.01
28.56
18.58
15.54
15.94
19.49
17.02
15.14
14.93
14.88
18.32
15.09
15.04
18.03
29.91
32.86
31.97
27.61
28.06
25.25
29.95
31.65
27.85
25.31
27.36
29.89
17.27
14.0
11.01
15.46
23.25
15.47
15.03
15.1
14.9
15.05
14.88
17.89
27.03
26.21
33.77
31.36
31.8
31.08
31.07
33.73
32.01
29.26
34.27
31.47
21.53
17.26
17.46
24.55
17.62
16.41
16.18
16.27
15.72
16.25
16.35
19.19
33.5
33.71
34.94
28.71
27.45
29.34
27.79
29.16
25.99
24.75
27.7
23.26
13.75
13.93
9.45
17.48
15.87
14.59
14.48
14.63
14.56
14.52
14.71
17.7
26.48
25.33
29.44
31.66
31.53
32.12
32.01
31.22
31.2
29.16
31.04
28.49
15.91
13.72
14.43
19.27
8.59
8.65
8.57
8.54
8.57
8.32
7.92
8.41
7.58
6.37
6.57
6.63
6.32
6.6
6.77
6.81
6.84
6.77
6.86
6.82
7.02
8.42
9.04
8.98
8.76
8.8
8.99
9.09
8.94
8.9
8.85
8.98
8.13
6.9
6.99
6.87
6.77
7.01
7.4
20.01
21.72
21.93
22.0
21.71
21.81
23.3
12.65
10.19
10.11
10.26
11.92
16.71
18.8
16.1
25.37
28.39
32.99
33.18
34.09
29.39
29.49
31.46
30.84
33.02
32.7
32.26
30.09
29.62
17.23
12.9
18.76
19.43
23.75
17.68
11.63
17.11
17.34
11.76
8.01
11.12
19.89
22.68
31.29
27.3
25.78
25.86
27.65
29.93
27.04
24.72
27.99
30.47
17.73
16.18
20.61
19.17
15.2
9.84
7.92
8.01
7.83
8.03
7.97
10.98
19.82
18.52
21.58
27.53
30.03
30.28
30.8
33.78
32.58
32.88
35.29
34.76
21.68
16.61
17.32
16.56
19.41
14.79
14.74
14.8
14.32
14.73
16.74
17.42
26.29
30.01
33.57
31.4
29.23
27.32
27.32
30.11
34.66
26.67
27.29
26.04
16.92
18.67
18.59
14.55
14.99
16.27
13.96
13.82
13.99
13.91
13.53
17.24
25.97
25.02
27.33
27.95
31.59
32.47
31.04
34.77
32.0
25.9
28.29
19.93
9.38
7.42
7.82
11.82
8.31
8.22
8.16
8.29
8.15
8.39
8.45
8.29
7.32
6.18
6.54
6.49
6.43
6.57
6.56
6.36
11.51
12.75
17.25
19.83
20.17
22.29
19.32
10.46
10.41
10.29
10.42
11.79
10.42
10.5
10.16
10.36
9.3
8.38
8.39
8.73
8.41
8.68
8.68
13.09
14.38
15.06
17.98
18.82
18.39
19.93
10.51
9.56
9.47
9.6
10.68
9.71
9.2
9.51
19.15
22.2
24.3
24.68
28.09
30.09
31.24
32.64
27.47
26.95
29.1
29.17
30.78
26.96
21.29
15.99
17.83
20.59
20.43
15.62
9.32
9.4
9.07
9.25
9.29
12.44
20.79
27.66
33.3
28.12
27.51
29.01
29.69
28.69
25.54
27.03
26.17
22.88
12.54
10.27
10.63
10.44
18.67
12.73
9.41
10.48
16.57
11.15
9.45
12.41
20.76
20.4
24.36
29.18
30.29
33.75
32.12
33.73
34.38
32.46
33.37
33.0
20.8
16.12
19.2
25.4
19.86
16.17
16.17
16.27
16.29
16.11
16.16
19.14
27.47
30.8
33.61
27.57
24.9
27.78
26.48
28.81
25.7
24.58
24.79
22.54
15.64
17.11
12.92
17.65
12.28
9.43
9.04
9.06
9.35
9.54
9.64
15.92
28.14
25.95
25.01
29.93
31.92
32.07
32.06
35.36
34.07
28.24
32.69
28.65
24.38
22.49
26.49
19.89
25.93
23.05
15.78
15.48
15.57
15.32
15.69
15.4
14.05
13.59
18.26
23.95
26.74
31.71
33.52
33.41
33.38
28.58
26.5
26.57
26.05
27.09
21.49
14.11
15.7
13.83
13.76
13.75
13.76
13.87
13.92
13.85
12.53
11.96
16.31
21.92
25.19
25.1
24.15
23.13
24.69
25.07
27.42
25.9
32.99
31.41
18.8
14.33
13.84
13.75
14.31
14.17
14.81
13.94
23.52
29.99
31.81
31.15
31.72
28.93
29.91
31.48
30.46
33.46
31.76
30.49
31.65
26.15
16.88
7.56
8.42
18.11
21.94
15.1
9.29
9.36
9.63
9.46
9.8
12.35
20.9
25.41
31.99
28.27
25.43
26.01
24.77
27.69
25.39
25.64
31.2
33.11
19.53
8.53
15.42
23.13
18.28
17.92
12.43
15.52
9.74
9.73
9.88
12.88
21.06
20.92
30.49
29.59
27.93
27.92
28.24
31.82
32.34
30.5
31.74
28.33
21.16
16.15
20.16
14.77
10.21
13.62
12.27
12.1
10.18
10.35
10.5
13.26
21.34
21.06
25.59
25.82
27.25
28.41
25.88
28.3
25.6
24.68
28.28
22.39
13.75
15.5
16.92
24.19
23.29
22.41
18.15
23.64
22.85
16.95
14.77
17.32
25.76
25.52
26.56
27.77
33.51
30.4
31.16
32.78
31.15
29.07
30.6
25.56
22.99
16.31
17.37
19.76
22.07
20.5
17.2
17.77
14.11
12.29
10.81
11.61
9.44
14.16
15.61
22.9
15.91
18.325
19.925
19.63
18.7175
17.8125
17.6575
17.7625
17.94
18.035
17.0375
14.675
13.8425
14.39
14.7925
14.6725
14.4375
14.26
13.905
14.22
13.2725
12.565
12.96
13.6325
14.04
14.3225
20.4
24.81
26.93
27.21
27.06
26.02
16.59
14.29
9.39
10.68
9.33
9.47
9.77
11.39
9.32
9.21
19.09
21.6
21.37
19.04
24.49
28.21
29.56
31.89
30.84
31.17
26.84
33.75
34.72
34.02
24.86
22.37
21.7
15.21
17.54
14.63
15.21
15.31
15.75
18.1
9.37
12.4
20.52
28.97
32.52
27.51
27.84
26.65
27.37
29.68
28.22
25.85
28.06
30.17
17.06
9.99
12.1
10.25
13.06
14.99
14.55
14.92
14.95
15.2
15.15
17.21
25.42
27.79
29.12
28.55
30.71
31.36
31.67
33.75
34.02
31.08
33.58
33.49
21.68
16.65
18.6
16.71
8.89
9.21
8.76
8.93
8.67
8.83
8.9
11.9
24.27
25.43
26.28
25.98
26.82
30.4
23.45
31.58
22.93
27.8
31.05
33.32
20.71
15.05
18.75
12.19
8.49
8.25
8.29
8.38
8.3
8.17
8.45
11.07
19.43
19.17
20.63
26.29
30.18
33.26
32.63
24.47
24.43
31.02
32.26
26.77
17.07
16.78
13.24
8.33
13.54
10.84
15.45
17.77
14.11
12.29
10.81
11.61
9.44
14.16
15.61
22.9
30.41
30.95
31.06
24.6
15.19
15.2
15.17
15.1
14.96
16.09
17.1
16.75
16.8
15.22
15.17
15.06
15.43
15.01
15.04
15.16
13.54
13.21
13.16
13.17
13.01
13.28
13.13
13.53
13.35
13.43
13.5
13.39
13.48
14.07
15.31
15.27
15.26
15.36
15.42
16.09
15.05
14.88
25.58
30.34
27.88
27.49
27.62
27.5
28.31
28.52
28.44
28.6
28.7
28.19
27.78
27.95
16.94
12.92
14.52
12.83
13.58
9.87
8.26
8.06
8.1
8.19
11.4
18.13
27.1
27.58
28.75
28.22
28.18
28.65
32.86
33.55
33.17
30.64
30.18
30.16
19.58
15.03
18.08
16.15
15.24
11.59
9.31
9.43
9.51
9.11
9.26
12.12
20.21
23.0
26.61
26.05
26.28
29.18
30.87
30.36
30.44
30.49
30.37
30.64
20.69
19.0
20.15
19.8
17.19
12.55
8.38
8.55
8.33
8.44
9.03
11.29
19.2
23.84
26.41
26.2
25.84
27.13
33.6
33.84
33.21
32.58
32.65
32.72
20.76
14.67
18.21
16.73
14.59
13.89
14.02
14.0
13.89
14.04
14.36
16.37
25.01
29.43
34.0
34.4
32.87
29.79
25.66
19.0
18.18
18.55
18.39
13.59
9.12
10.87
11.62
9.89
8.37
8.06
8.22
8.05
8.23
8.14
8.16
8.25
6.19
6.3
6.09
6.06
9.74
19.01
20.53
21.24
16.36
8.34
8.07
8.04
7.74
8.78
9.72
9.79
9.76
10.01
9.68
9.85
9.62
9.77
9.55
9.71
7.89
7.94
7.97
7.84
8.07
8.02
7.93
8.03
8.15
8.03
8.5
8.43
8.48
9.02
10.19
10.29
10.02
12.34
10.01
10.03
15.05
14.88
25.58
27.39
8.66
8.52
9.46
11.61
22.3225
17.03
7.26
7.42
7.43
7.51
7.6
7.72
7.6
11.79
14.52
12.83
13.58
9.87
8.26
8.06
8.1
8.19
11.4
18.13
27.1
27.58
28.75
28.22
24.97
8.89
8.48
9.12
7.7
7.52
7.53
7.48
7.39
8.16
9.34
17.77
16.05
9.8
8.58
8.91
8.32
8.45
8.28
8.35
6.45
6.48
7.34
6.86
6.98
6.92
6.92
7.11
6.97
7.21
6.93
7.14
6.92
7.58
8.79
9.83
8.96
8.97
8.92
8.92
8.87
8.79
8.79
8.77
6.95
6.82
7.72
6.91
6.99
6.89
6.93
6.9
7.48
7.13
7.1
7.0
7.09
7.36
9.39
8.25
8.3
8.11
8.34
8.06
8.1
8.27
8.16
7.84
6.09
5.95
6.6
7.07
5.96
6.99
6.16
6.27
6.18
6.41
6.15
6.29
6.24
6.93
7.95
8.54
8.44
8.44
8.44
8.4
8.3
8.55
8.19
8.36
6.21
6.65
6.73
6.86
6.68
6.86
6.7
6.78
6.59
6.95
6.86
6.75
6.91
7.39
8.71
8.75
8.68
8.69
8.69
8.86
8.66
8.76
8.56
8.56
6.8
6.7
6.7
6.7
6.63
6.9
6.66
6.51
6.84
6.91
6.49
6.63
6.86
7.3
8.74
8.82
8.72
8.88
8.8
8.69
8.71
8.59
8.37
8.96
6.53
6.55
6.82
6.61
6.57
6.75
6.76
6.98
6.83
7.07
6.98
6.96
6.98
7.6
8.64
8.61
8.62
8.5
8.43
8.5
8.34
8.85
8.42
7.92
6.27
6.44
7.28
6.56
6.4
7.79
6.98
6.95
6.95
6.96
6.84
6.98
6.85
7.48
9.75
8.1
8.06
7.95
7.89
8.44
7.8
7.63
7.62
7.39
5.88
6.02
5.96
5.9
6.06
6.04
6.22
1.67
21.2525
21.535
22.5625
22.415
18.0975
14.9175
15.19
15.7725
14.715
13.82
12.8475
12.6775
12.1475
12.125
12.4425
13.385
17.33
21.265
23.355
22.3025
21.4825
21.8275
21.6575
21.4075
20.1525
20.7475
21.365
21.46
17.2525
15.0925
15.125
15.22
14.59
14.14
13.37
13.41
13.1775
12.83
12.81
13.9775
17.45
20.3025
22.605
24.28
25.9625
26.6925
26.205
26.3925
26.6925
26.045
26.095
24.45
17.9225
15.16
15.47
15.3375
15.2375
14.1225
13.2475
13.3575
12.8275
12.0725
11.77
11.5725
10.905
11.5025
12.3625
13.73
15.0725
16.8675
17.8925
17.755
17.02
16.2475
16.03
16.08
16.205
16.015
15.6625
14.445
13.8225
13.56
13.23
13.155
13.0925
12.92
12.8775
12.8125
11.8525
11.345
11.7075
12.345
13.0425
13.5725
14.1025
15.5075
16.4175
16.94
17.3975
17.21
16.915
16.955
15.3175
14.265
13.845
13.64
13.69
14.605
14.9675
14.63
19.595
22.0775
21.2975
21.205
22.3775
23.055
23.5575
23.3525
22.1075
21.9925
20.805
21.055
20.635
20.09
17.355
15.025
15.3425
15.325
15.455
14.09
12.605
12.315
12.285
12.615
12.7075
14.185
17.5825
22.135
24.59
21.77
20.3675
18.28
17.7475
17.9625
17.1725
16.2375
17.565
17.945
14.2325
11.6825
12.3875
13.19
14.1175
13.3675
11.98
12.2525
12.085
12.2675
12.46
13.18
15.5775
18.8575
21.435
20.555
18.3675
17.56
17.615
16.7525
17.0875
17.39
18.65
18.6025
15.69
13.1575
13.6925
15.0025
14.405
13.695
12.855
12.7175
12.345
12.54
12.77
13.56
16.3
20.31
20.98
18.9225
17.26
16.8375
15.5275
15.4825
15.385
14.665
14.57
14.1525
12.44
11.335
12.13
13.1725
13.3125
12.9425
12.02
12.74
12.695
12.345
12.51
13.3775
15.7475
17.92
17.945
16.6125
16.1
15.19
14.87
13.54
13.2425
12.8475
12.175
11.13
9.9925
9.5225
11.7475
12.3225
12.0875
12.045
11.9225
12.0525
11.3375
10.735
10.7025
10.7375
9.99
10.085
10.2825
10.9025
11.1525
11.695
11.5475
10.4875
9.7725
8.9575
8.7225
8.66
9.075
9.3775
11.2375
10.8575
9.615
9.64
10.14
11.2075
10.9425
10.915
11.4725
11.64
10.635
9.835
9.53
8.955
8.8925
8.8925
8.415
8.9425
9.65
9.6525
9.9
9.9475
9.7725
9.9675
9.6825
9.665
9.97
11.2
11.3775
12.69
12.865
12.785
17.995
20.0375
19.3825
16.7675
14.8325
13.325
13.2425
13.1225
12.1275
12.99
12.51
11.53
11.675
11.89
11.47
10.6675
11.14
12.7875
13.3425
11.945
10.72
10.995
11.5075
12.0325
12.275
13.3525
15.815
18.26
17.0475
14.1925
13.035
12.54
12.9975
13.04
11.5425
11.6825
12.0925
12.6775
10.6375
8.85
9.9925
10.985
11.93
11.11
10.66
11.2225
11.3225
11.83
12.3625
13.005
14.5075
18.01
17.1325
14.7825
13.7675
13.86
13.625
12.9725
13.7875
13.7975
14.305
14.495
12.6075
11.08
11.71
12.5525
12.64
12.5125
12.4275
12.3125
12.0775
12.295
12.735
13.21
15.0775
19.1625
17.93
15.1575
14.335
14.4375
13.3875
13.9725
14.95
15.3725
15.71
15.7175
14.8725
14.2175
14.24
13.7275
13.3075
13.065
12.56
12.2525
11.93
11.645
11.85
12.675
14.6
18.3175
20.7425
22.595
24.0725
23.195
24.17
20.91
18.5675
19.7375
20.8875
23.2225
17.525
14.865
15.215
15.165
14.835
13.745
12.975
12.9725
12.3675
11.6325
11.2575
10.95
10.3675
10.7475
11.3125
12.0025
12.43
12.66
13.1825
13.085
12.0325
11.185
11.025
11.2175
11.4375
11.445
11.7825
11.2925
11.24
11.71
12.1125
12.2075
12.4575
12.4425
12.4025
12.1825
11.0525
10.25
9.7775
9.6775
9.7175
9.5875
9.135
10.065
10.3225
11.1375
11.4575
11.185
11.165
11.58
10.945
10.54
11.3225
12.095
12.38
13.2825
13.8475
13.7375
18.065
19.1175
17.9
17.0
14.7875
12.91
12.855
12.88
11.9125
11.345
11.155
10.835
11.0775
10.6275
10.575
9.945
10.8075
10.5625
10.36
9.385
8.97
8.655
9.2725
10.065
10.3025
11.3175
13.5625
16.81
19.7725
19.06
18.2675
18.3025
19.2575
18.99
17.78
17.4775
17.58
16.785
13.615
11.57
12.1775
12.4475
12.775
12.4175
11.2625
11.305
10.9725
11.135
11.2775
11.7775
12.8625
16.71
18.955
19.5425
2.34
5.42
5.49
5.49
5.59
5.63
5.65
5.7
6.0
5.83
7.59
7.14
7.15
7.19
7.16
7.09
7.0
6.87
6.83
6.17
5.03
5.25
5.85
5.29
5.19
5.52
5.7
5.78
5.63
5.75
5.86
5.77
5.92
6.07
7.73
7.54
6.93
6.88
7.25
7.23
7.12
6.92
6.93
6.66
5.06
4.97
5.91
5.25
5.18
5.61
5.57
5.75
5.65
5.59
5.67
5.74
5.73
5.77
7.46
7.33
7.18
7.26
7.29
7.09
6.98
6.97
6.94
6.38
5.22
5.49
5.41
5.4
5.48
5.51
5.53
5.51
5.67
5.65
5.69
5.56
5.7
5.59
7.44
7.38
7.4
7.62
7.83
7.53
7.8
7.55
7.36
7.17
5.62
5.53
5.66
5.67
5.68
5.8
5.83
5.83
5.7
6.01
5.83
5.88
5.71
6.09
7.57
7.62
7.58
7.78
7.61
7.52
7.55
7.46
7.56
6.99
5.47
5.43
6.77
5.76
5.97
5.71
5.59
5.85
5.69
5.92
5.7
6.02
5.81
5.82
7.67
7.27
7.26
7.2
7.13
7.86
7.18
6.94
6.74
6.51
5.13
5.19
6.32
5.47
5.5
6.51
5.71
5.57
5.3
4.66
4.72
4.9
4.7
4.91
6.67
6.55
6.28
7.57
6.93
7.08
7.1
7.07
6.67
6.51
5.13
5.19
5.24
6.19
6.35
6.18
6.55
6.37
6.46
6.47
6.49
6.32
6.63
6.6
8.64
10.67
7.9
7.98
7.94
7.92
7.82
7.67
7.56
6.96
5.74
5.73
6.59
5.92
5.98
7.13
5.65
5.44
5.65
5.7
5.58
5.9
5.64
5.86
7.53
7.38
7.43
7.98
7.94
7.92
7.82
7.67
7.56
6.96
5.74
5.73
6.27
5.44
5.69
6.38
5.62
5.77
5.86
5.78
5.94
6.24
6.01
6.14
7.62
7.35
7.1
7.25
7.33
7.25
7.23
7.3
7.13
6.76
5.55
5.48
5.44
5.64
5.71
5.55
5.79
5.51
5.73
5.57
5.65
5.78
5.59
5.61
7.51
7.48
7.63
7.55
7.54
7.4
7.38
7.29
7.4
7.05
5.64
5.44
5.58
5.64
5.7
5.53
5.78
5.67
5.6
5.79
5.59
5.85
5.77
5.94
7.59
7.22
7.58
7.66
7.66
7.73
7.47
7.49
7.5
7.08
5.48
5.27
5.57
5.44
5.46
5.5
5.77
5.57
5.82
5.68
5.82
5.7
5.88
5.99
7.59
7.4
7.21
7.27
7.3
7.26
7.1
7.16
6.7
6.51
5.13
5.19
5.24
6.19
6.35
5.95
5.78
5.64
5.75
5.64
5.8
5.82
5.68
5.69
7.6
7.3
7.54
7.14
7.17
7.12
7.21
6.95
6.8
6.3
5.15
5.2
5.94
5.58
5.76
5.63
6.05
5.91
6.14
5.95
5.78
5.98
5.74
5.74
7.59
7.48
7.12
7.14
7.32
7.29
7.27
7.01
6.75
6.38
5.29
5.33
5.45
5.55
5.61
5.48
5.45
5.55
5.72
5.56
5.8
5.65
5.83
5.74
7.62
7.2
7.42
6.9
7.2
6.98
7.02
6.95
6.98
6.89
5.44
5.32
5.54
5.8
5.83
5.74
5.87
6.04
5.81
6.26
5.93
6.17
5.92
6.12
7.66
7.17
7.02
7.28
7.1
6.93
6.83
6.92
7.3
6.59
5.29
5.42
5.69
5.45
5.48
5.47
5.64
5.53
5.82
5.56
5.72
5.58
5.76
5.58
7.46
7.54
7.48
7.62
7.27
7.28
7.34
7.51
7.18
6.81
5.46
5.61
5.37
5.38
5.53
5.36
5.63
5.71
5.61
5.62
5.59
5.54
5.62
5.68
7.33
7.45
7.42
7.46
7.56
7.47
7.32
7.38
7.49
6.85
5.3
5.21
6.36
5.57
5.38
5.54
5.73
5.68
5.66
5.81
5.9
5.81
5.8
5.81
7.53
7.6
7.99
7.12
6.97
7.14
7.23
7.09
6.91
7.72
5.17
5.49
6.09
5.47
5.55
5.62
5.53
5.56
5.35
5.57
5.61
5.87
5.83
5.75
7.39
7.3
7.38
7.35
7.23
7.18
7.01
7.19
6.97
7.01
5.35
5.52
5.47
5.55
5.83
5.75
5.83
5.84
5.82
5.99
5.87
5.85
6.0
6.04
7.7
7.75
7.44
7.48
7.53
7.5
7.48
7.82
7.07
6.78
5.13
5.08
5.29
5.33
5.47
5.68
5.71
5.78
5.76
5.92
5.93
5.94
5.88
6.03
7.52
7.29
7.37
7.33
7.12
7.02
7.1
7.1
6.87
6.75
5.11
5.23
5.36
5.3
5.36
5.52
5.65
5.78
5.83
5.79
5.75
5.64
5.93
5.73
7.55
7.28
7.2
7.07
7.16
6.99
7.29
7.21
7.15
6.76
5.23
5.33
5.4
5.51
5.55
5.55
5.52
5.58
5.8
5.6
5.58
5.73
5.7
5.67
7.4
7.36
7.31
7.24
7.44
7.53
7.44
7.5
7.52
7.21
5.55
5.32
5.45
5.44
5.52
5.39
5.44
5.42
5.61
5.61
5.73
5.64
5.37
5.16
7.15
7.27
7.37
7.26
7.14
6.94
7.2
6.98
7.18
7.03
5.18
5.29
5.31
5.25
5.36
5.32
5.48
5.59
5.64
5.42
5.55
5.7
5.66
5.56
7.41
7.29
7.15
7.01
7.13
6.98
7.21
6.94
7.09
6.86
5.08
5.27
6.04
5.48
5.5
6.09
5.36
5.52
5.46
5.5
5.54
5.83
5.71
5.75
7.62
7.53
7.25
7.02
7.18
7.14
7.21
7.18
7.07
6.81
5.22
5.16
5.16
5.54
5.7
5.76
5.62
5.67
5.58
5.94
5.89
5.63
5.87
5.91
7.71
7.84
7.36
7.23
7.19
7.23
7.05
7.14
7.01
6.67
5.1
5.18
5.44
5.26
5.62
6.37
5.73
6.09
6.06
6.0
6.0
6.09
5.88
5.95
7.92
7.62
7.45
6.96
6.98
7.07
6.95
7.12
7.1
6.82
5.58
5.66
6.68
5.92
5.61
5.85
5.92
6.05
5.67
6.07
5.9
5.89
5.92
13.05
13.93
9.2
7.93
7.86
7.99
7.65
7.92
7.96
8.0
7.79
5.96
6.15
6.09
6.04
6.02
6.21
6.2
6.25
6.28
6.31
6.24
6.16
6.28
6.25
8.17
8.18
8.17
8.1
8.15
8.0
8.03
7.96
7.96
7.89
5.91
5.93
5.64
6.07
6.0
6.06
5.99
6.12
6.06
6.22
6.24
6.06
6.17
6.1
7.71
7.74
7.67
7.88
7.97
7.98
7.53
7.72
7.65
7.55
5.65
5.79
6.58
5.81
6.0
6.01
5.98
6.25
6.01
6.08
6.0
6.14
6.2
6.13
7.75
7.66
8.5
7.39
7.47
7.58
7.61
7.42
7.37
7.23
5.54
5.73
6.48
5.82
5.74
6.23
6.47
6.35
6.44
6.41
6.37
6.42
6.35
6.22
15.55
8.22
7.83
7.8
7.77
7.91
7.83
7.82
7.62
7.74
6.04
5.82
6.81
6.69
6.46
6.46
6.48
6.37
6.85
6.56
6.48
6.37
6.36
6.46
8.32
8.06
7.93
7.88
7.88
7.69
7.65
7.65
7.75
7.78
6.03
6.11
6.93
6.26
6.32
6.41
6.5
6.89
4.96
6.23
6.55
6.33
6.5
6.46
7.98
8.11
7.99
7.88
8.01
7.9
7.79
7.75
7.72
7.82
6.12
5.97
6.82
5.95
6.19
6.33
5.98
5.88
6.21
6.36
6.48
6.42
6.52
6.77
8.27
7.96
8.22
8.01
7.68
7.83
7.88
7.79
7.61
7.85
6.03
6.2
6.14
6.18
4.65
6.4
6.28
6.47
6.29
6.21
6.5
6.44
6.24
6.78
8.32
8.28
7.97
8.03
8.06
8.16
8.01
8.07
7.8
8.09
6.21
5.93
6.04
6.03
6.02
6.18
6.27
6.34
6.47
6.26
6.35
6.37
6.3
6.5
8.1
8.21
8.12
8.31
8.1
8.21
7.92
8.06
8.11
7.93
6.08
6.06
6.23
6.23
6.4
6.36
6.46
6.51
6.36
6.48
6.54
6.38
6.62
6.81
8.08
8.18
8.4
8.21
8.24
8.08
8.3
8.0
8.18
8.1
5.97
6.07
6.35
6.57
6.72
6.74
6.95
7.05
6.94
6.86
7.26
7.2
7.19
7.21
8.74
8.64
8.56
8.46
8.5
8.35
8.14
8.08
8.05
8.09
6.55
5.98
6.48
5.66
4.44
6.62
6.79
6.85
6.99
6.92
6.85
6.88
6.95
7.13
8.62
8.83
8.25
8.44
8.49
8.21
8.21
8.22
8.16
7.9
6.45
6.37
7.29
6.64
6.65
6.8
6.81
7.08
8.0
7.13
6.8
7.18
7.05
7.29
8.8
8.85
8.79
8.49
8.57
8.54
8.18
8.21
8.12
8.26
6.69
6.27
7.32
6.22
6.58
7.19
6.83
6.92
6.85
6.94
6.92
7.21
7.0
7.22
8.63
8.56
8.47
8.55
8.39
8.48
8.57
8.47
8.53
8.36
6.75
6.91
6.65
6.9
6.96
6.85
7.13
6.85
6.71
7.11
6.89
6.88
7.0
7.12
8.68
8.72
8.83
8.64
8.78
8.81
8.74
8.26
8.59
8.45
6.79
6.74
6.72
6.88
6.69
6.78
6.88
7.15
6.68
6.96
7.1
6.92
6.81
7.22
8.64
8.51
8.85
8.66
8.78
8.69
8.71
8.54
8.58
8.44
6.57
6.78
7.54
6.97
6.77
7.07
7.09
6.89
7.26
7.15
7.15
7.06
7.28
7.63
8.98
8.88
8.62
8.6
8.66
8.63
8.68
8.61
8.65
8.61
6.8
6.85
6.49
6.87
6.89
6.79
6.97
6.95
7.21
7.16
7.17
7.24
7.18
7.4
8.51
8.72
8.63
8.48
8.27
8.44
8.45
7.79
8.58
8.53
6.75
6.84
7.58
6.92
6.86
6.98
7.09
7.01
6.87
7.14
7.14
7.17
7.0
7.34
8.7
8.36
8.35
8.26
8.46
8.46
8.41
8.46
8.38
7.97
6.82
6.53
7.54
6.72
7.0
6.74
6.83
6.81
7.03
6.52
7.04
7.06
7.04
7.4
8.9
8.6
8.53
8.47
8.43
8.19
8.57
8.53
8.5
8.43
6.72
6.76
6.62
6.81
7.19
6.34
6.3
6.49
6.33
6.2
6.36
6.26
6.08
6.68
7.71
7.69
7.56
7.85
7.74
7.76
7.37
7.71
7.74
7.76
6.34
6.05
6.0
6.02
5.96
6.25
6.19
6.12
6.1
6.44
6.28
6.32
6.32
6.64
7.98
7.94
7.96
7.85
8.18
8.11
8.03
8.1
7.96
8.0
6.48
6.14
6.09
6.18
6.03
6.39
6.26
6.32
6.52
6.33
6.61
6.27
6.46
6.46
8.05
8.12
7.96
8.06
8.03
8.1
8.15
8.08
8.18
7.94
6.5
6.01
6.2
6.14
6.07
6.11
6.53
6.3
6.46
6.6
6.49
6.66
6.43
6.96
7.93
7.82
7.84
7.68
7.89
7.92
7.98
8.12
7.85
7.75
6.09
5.83
6.02
6.14
6.09
6.14
5.97
6.36
6.09
6.39
5.97
6.27
6.46
7.0
8.17
7.69
8.12
7.85
7.93
7.7
8.04
8.04
7.8
8.13
6.38
6.07
6.06
6.24
6.7
6.23
6.68
6.67
6.71
6.7
6.65
6.6
6.7
7.13
8.4
8.08
8.07
8.26
8.12
8.11
8.07
8.21
7.84
8.05
6.63
6.33
6.28
6.41
6.23
6.63
6.65
6.62
6.58
6.53
6.48
6.69
6.65
7.01
8.31
7.93
11.44
16.31
15.17
15.19
15.15
15.08
15.12
15.03
13.14
18.07
20.69
19.58
17.64
26.55
26.82
26.83
26.16
27.48
29.48
18.32
14.18
14.88
16.18
15.25
15.47
15.69
15.52
15.36
15.44
15.61
15.62
15.49
14.1
13.44
13.67
13.79
13.8
13.69
13.87
13.86
14.12
13.91
13.92
14.04
13.86
14.25
15.78
15.81
15.76
15.69
15.91
15.79
15.7
15.49
15.55
15.61
14.38
13.67
13.84
13.9
13.9
13.57
14.11
13.9
14.21
14.0
14.2
14.03
14.23
14.62
15.38
15.99
16.02
16.05
15.39
15.95
16.96
16.04
24.62
27.75
26.3
28.3
29.42
27.33
27.13
26.9
26.39
26.18
26.6
25.73
25.51
25.02
25.22
25.68
27.06
16.12
9.49
9.07
9.03
9.03
9.05
17.85
21.35
21.26
20.1
19.93
25.03
26.07
26.02
24.61
26.01
25.86
26.49
26.08
25.87
24.74
10.94
7.91
12.87
15.95
8.67
8.66
8.79
8.73
8.7
16.73
21.13
21.02
19.7
19.29
21.83
24.08
26.81
26.53
23.45
24.27
24.43
23.79
24.41
24.07
13.16
8.91
10.4
10.11
10.26
11.41
10.32
9.86
9.76
17.62
22.34
22.33
20.98
20.53
26.96
25.25
22.79
23.5
23.21
23.48
28.49
29.94
26.14
24.45
13.71
9.31
10.39
10.47
10.06
10.11
10.84
10.27
10.19
18.16
22.88
22.76
21.54
23.29
23.96
24.04
29.66
30.29
30.39
30.5
30.49
30.8
30.41
30.51
22.12
15.8
23.56
22.54
20.53
19.03
15.97
19.82
20.66
15.95
15.73
15.69
18.84
24.87
27.08
26.3
25.65
28.62
28.8
28.72
22.69
17.32
17.14
17.32
17.23
17.92
19.09
11.54
9.86
9.83
9.74
9.68
9.66
9.7
9.52
9.88
8.42
7.85
7.87
7.85
7.8
7.84
7.97
7.79
8.16
8.14
8.09
7.87
8.2
9.01
9.64
9.85
9.7
9.61
11.5
19.2
22.65
22.54
22.52
22.55
21.44
20.97
23.9
24.22
28.09
31.03
30.84
31.42
27.7
22.27
23.63
25.54
27.0
27.69
28.3
19.61
9.19
9.15
9.12
8.88
9.19
18.03
30.75
36.37
35.27
34.6
34.01
29.92
30.67
29.41
31.31
30.79
29.85
30.71
30.6
24.42
11.42
8.39
9.45
9.61
10.62
10.53
8.89
9.02
8.96
17.06
25.21
35.13
34.11
33.48
33.83
33.96
33.63
30.03
29.31
28.7
28.29
27.1
25.74
25.8
15.01
9.81
10.22
11.72
11.45
10.42
9.47
9.21
9.31
17.13
22.37
30.02
28.72
28.87
28.28
28.16
31.42
30.93
31.56
32.64
28.6
31.17
25.46
22.17
19.0
9.82
9.31
9.69
14.27
10.29
8.53
8.65
8.59
16.52
22.45
34.47
33.39
32.38
30.26
30.08
30.66
29.52
25.39
32.27
31.79
30.63
21.93
20.2
11.35
8.57
9.61
9.41
8.83
14.91
13.33
13.04
8.77
8.74
8.91
8.72
7.49
6.91
7.03
6.98
6.74
6.89
6.92
7.05
7.12
7.4
7.16
7.12
7.22
7.94
9.06
9.17
9.16
9.07
9.14
9.08
9.16
8.91
8.85
9.15
7.61
7.16
7.09
6.99
7.06
11.57
13.75
13.8
13.75
14.39
22.71
25.23
23.98
24.96
18.54
18.19
18.11
17.95
23.35
29.08
31.28
31.24
31.11
30.85
30.16
30.23
30.55
30.84
31.4
31.71
28.63
31.0
27.78
32.18
31.28
29.86
36.06
36.68
36.79
23.8
16.52
17.51
12.01
18.01
14.61
20.33
23.9
23.7
23.01
27.52
27.18
27.21
29.99
28.2
26.74
28.21
26.76
25.17
26.63
27.61
18.55
15.15
13.48
13.24
18.67
14.6
11.29
9.57
9.82
17.78
22.5
22.76
21.78
21.81
22.9
23.49
30.66
29.22
32.72
32.07
29.52
29.46
30.14
27.87
24.97
18.05
21.36
20.13
19.76
19.62
15.28
15.51
15.51
19.18
21.55
21.6
22.16
24.54
26.49
26.44
29.29
27.78
27.62
28.2
27.33
23.96
26.94
27.1
25.47
24.72
16.46
9.24
13.22
12.89
12.6
8.2
8.57
21.41
29.46
29.54
28.57
25.52
23.72
23.73
30.27
28.2
27.46
29.16
30.39
29.69
29.13
29.21
13.09
9.57
16.95
19.33
24.43
19.76
14.72
15.28
11.05
9.3
7.83
7.92
11.88
12.78
12.7
12.77
12.45
12.71
17.01
18.6
18.73
25.34
27.23
27.38
28.83
29.8
30.16
17.64
9.66
9.14
9.33
9.33
9.18
9.39
9.36
9.3
7.9
7.22
7.21
7.43
7.52
7.43
12.13
14.51
14.08
14.11
16.08
18.03
26.24
30.66
24.01
23.37
22.88
22.75
22.76
27.4
29.51
29.47
29.34
29.24
28.32
27.75
28.37
28.05
28.24
27.17
28.27
30.25
28.3
29.02
30.89
31.0
36.07
37.43
37.69
25.11
22.59
19.69
13.18
10.27
9.93
19.25
22.67
22.92
22.51
26.82
27.25
27.33
27.66
27.84
27.5
28.52
26.98
28.6
28.82
26.58
20.09
14.61
10.27
9.45
10.0
10.18
9.03
11.25
15.46
16.92
21.35
21.65
21.13
23.05
24.71
24.76
28.75
27.42
27.64
30.14
27.32
29.62
29.96
26.83
17.33
13.86
11.56
10.48
14.37
14.39
12.86
15.74
12.97
17.04
21.58
21.56
21.87
29.04
30.63
28.13
29.79
28.14
27.99
28.13
27.84
31.48
27.42
26.64
25.36
26.75
16.64
20.35
10.55
9.08
8.69
9.33
9.09
17.1
21.85
21.49
20.72
19.59
19.81
20.16
26.62
27.25
27.66
27.09
27.32
27.38
27.37
27.33
16.92
13.19
20.83
17.98
17.36
10.98
10.16
9.89
10.26
10.25
10.25
10.19
9.02
8.43
8.59
8.66
8.6
8.22
8.57
8.53
8.69
8.9
8.86
8.67
8.76
9.98
10.61
10.64
10.83
10.53
10.82
10.88
10.8
10.97
10.65
10.78
10.08
8.6
8.48
8.85
13.47
15.31
15.06
15.38
15.42
15.47
15.3
15.3
17.54
21.58
12.69
14.98
11.59
11.66
11.61
11.66
11.71
11.49
11.96
11.81
11.0
9.58
9.85
9.76
9.83
9.94
10.05
9.98
10.06
9.92
10.09
9.92
11.48
11.62
11.8
13.93
12.0
10.74
11.46
16.95
17.12
26.1
29.56
29.44
29.82
33.25
25.25
27.32
27.72
27.61
28.69
29.68
27.21
29.35
26.81
24.09
14.45
12.53
15.33
17.68
9.29
9.4
9.31
9.29
9.19
16.93
21.39
21.47
20.87
28.69
29.42
29.41
29.55
26.98
26.69
29.19
30.07
28.67
24.38
25.52
19.93
14.19
13.68
15.08
21.53
8.59
8.09
7.97
8.03
15.92
20.68
20.53
21.76
24.87
23.49
28.79
29.91
29.15
28.67
27.89
26.25
28.73
26.4
25.63
25.94
27.47
20.39
19.28
18.18
19.15
18.2
9.16
9.13
17.04
21.24
21.12
20.61
22.41
24.13
29.29
29.3
27.01
28.08
31.06
31.62
30.03
29.19
29.14
18.66
14.68
16.24
16.26
15.48
15.67
15.5
18.95
9.37
8.36
8.18
8.22
7.86
6.36
6.42
6.44
6.47
6.63
6.6
6.62
6.69
6.72
6.59
6.7
6.69
8.46
8.64
8.83
8.87
8.9
8.71
8.89
8.91
8.96
8.97
8.74
8.26
6.97
6.97
6.69
6.8
11.44
13.29
13.64
16.6
18.12
22.54
21.68
23.25
25.13
18.17
17.45
17.36
17.34
17.27
27.86
30.6
30.41
30.34
30.19
29.26
28.58
29.58
29.33
30.77
27.73
31.92
30.61
27.6
28.93
29.41
28.75
31.88
28.3
21.09
11.54
19.91
14.66
7.78
7.93
8.06
16.99
20.16
20.26
21.58
28.21
26.62
28.38
30.91
31.89
29.32
30.42
29.01
29.57
29.82
26.87
17.73
16.56
13.28
8.5
15.92
17.38
14.26
8.86
7.65
15.86
20.47
20.52
19.98
21.32
26.19
27.61
30.34
27.69
28.55
29.82
28.34
30.97
30.68
30.54
19.14
15.13
11.86
12.86
15.96
9.08
8.23
8.57
8.35
16.34
20.86
20.88
21.53
26.6
23.57
28.13
30.2
32.2
29.39
29.61
26.66
30.56
29.69
29.61
29.12
31.11
30.28
30.0
29.54
27.59
21.3
21.07
21.32
21.37
21.22
21.26
21.11
21.78
25.64
28.7
32.5
32.6
28.31
31.51
30.73
30.86
30.77
30.43
30.87
32.42
30.09
23.58
29.25
24.14
11.29
9.36
9.46
9.41
9.48
9.43
9.08
7.7
7.81
7.61
7.79
7.61
7.88
7.8
8.16
8.18
8.17
8.4
8.57
9.86
10.03
10.01
9.67
10.02
10.0
9.84
9.69
9.94
9.85
9.61
9.16
7.96
7.85
7.83
17.07
20.41
20.49
20.79
23.71
31.41
31.42
29.92
32.14
35.13
35.03
34.98
34.52
34.51
35.02
34.63
34.55
34.45
34.48
34.3
34.23
30.37
27.74
27.49
28.19
26.18
26.65
32.07
32.36
29.71
30.63
28.14
30.75
32.44
32.96
31.73
27.88
22.95
22.6
22.61
22.95
23.06
22.94
22.6
25.73
29.76
28.84
28.11
29.15
31.39
29.56
29.33
27.05
29.47
27.35
23.65
24.34
25.45
23.85
23.94
28.34
25.93
20.9
21.01
21.03
20.81
20.9
20.98
20.77
21.33
24.21
23.46
28.15
26.64
27.75
30.01
27.68
28.86
29.03
26.55
29.36
28.01
27.26
26.29
31.82
22.15
20.73
20.87
20.74
20.9
20.71
20.58
22.07
24.97
22.21
25.24
28.15
26.64
27.75
30.01
27.68
28.86
26.9
26.51
26.88
28.43
28.32
28.74
32.43
28.91
21.76
22.03
22.0
22.05
22.37
22.72
22.3
23.73
23.89
23.11
28.13
27.09
27.04
29.86
29.8
28.68
28.82
27.84
20.99
22.66
31.72
36.37
26.44
21.94
21.26
21.73
22.98
21.15
21.04
20.96
20.86
19.75
19.26
24.8
27.15
27.12
27.03
26.96
26.99
27.1
26.83
27.18
27.24
28.69
28.46
28.98
29.17
29.12
29.18
29.25
29.21
29.19
28.77
29.26
28.85
27.28
27.41
27.36
27.33
27.18
27.1
27.14
27.25
28.08
28.49
28.07
32.07
34.57
34.04
34.68
34.85
34.94
35.05
34.85
34.9
34.95
34.85
34.25
34.95
32.89
32.75
30.69
31.54
31.49
29.36
28.71
27.4
32.1
30.93
27.25
29.33
21.98
23.67
25.09
30.29
25.87
21.45
20.83
21.19
21.33
20.87
21.36
21.77
28.42
30.37
28.95
30.27
28.4
29.6
28.93
27.68
27.92
27.37
29.31
30.32
35.73
31.07
30.47
28.28
26.99
26.75
26.86
26.28
26.79
26.67
27.01
26.73
25.97
28.85
29.11
29.71
28.38
27.65
27.75
28.16
28.23
27.77
26.58
28.89
27.63
26.77
27.04
24.4
20.73
21.04
20.98
22.32
21.2
20.71
20.76
22.09
27.84
25.83
25.34
27.36
28.18
29.99
30.99
30.93
28.65
27.2
25.85
26.03
27.73
31.26
28.04
27.8
30.57
29.49
28.3
28.43
28.14
28.07
28.01
28.67
28.32
31.59
34.84
34.36
26.96
26.99
30.57
29.76
28.8
28.74
22.95
22.97
24.27
31.01
35.46
29.66
24.05
20.28
20.23
20.18
20.43
20.38
20.22
20.23
18.69
18.81
18.73
18.79
18.73
18.62
18.59
18.62
18.62
18.59
18.56
19.19
20.62
20.56
20.56
20.62
20.65
20.7
20.91
20.76
20.84
20.47
20.42
20.36
18.6
18.55
18.51
18.46
18.54
18.76
18.79
24.66
33.05
35.92
35.02
33.69
36.98
37.23
32.81
28.14
28.4
27.99
29.36
35.91
36.05
35.92
35.21
35.7
31.6
29.88
28.22
28.71
27.57
28.16
30.41
26.86
27.62
29.66
30.07
35.76
32.11
22.03
21.15
26.75
21.39
20.16
20.17
19.98
20.21
20.19
20.57
21.82
28.15
26.82
27.68
28.51
28.1
31.74
29.74
29.5
29.23
26.57
22.41
23.74
27.81
27.97
27.97
30.3
29.11
22.3
23.1
22.82
22.76
22.74
22.83
23.06
23.63
26.41
25.38
25.56
25.12
27.83
29.06
27.78
27.82
29.68
29.1
28.64
29.36
28.63
34.14
34.13
31.26
25.65
22.94
19.62
19.65
19.61
19.82
21.24
27.22
25.9
26.67
29.84
31.01
28.33
27.59
28.23
26.39
25.54
23.87
23.51
25.0
25.15
26.92
26.74
21.57
19.79
19.96
20.02
20.03
19.94
19.92
19.93
21.85
24.84
27.6
30.48
26.64
30.71
32.92
28.97
27.74
21.69
20.08
20.87
21.62
21.57
22.16
23.45
19.94
20.09
20.08
20.02
20.0
19.97
19.69
19.96
23.23
21.23
20.11
20.29
19.93
21.94
21.56
20.71
20.73
20.8
20.85
21.41
22.42
20.88
21.29
20.91
21.18
21.25
21.17
21.1
21.04
21.26
21.28
21.2
19.92
20.77
21.05
20.54
20.95
20.88
20.78
20.76
20.81
20.76
20.82
21.88
22.7
22.89
22.72
22.8
22.76
22.9
27.78
29.26
29.31
28.88
29.18
29.13
27.27
27.27
27.09
28.12
28.42
28.43
28.39
28.46
28.56
28.51
28.62
29.64
29.88
30.4
30.75
32.24
31.06
20.65
20.79
20.9
20.83
20.68
20.78
20.75
21.02
19.55
19.53
19.38
19.57
19.22
19.58
19.65
19.91
19.09
19.18
20.14
20.93
20.93
22.82
22.09
20.28
20.4
20.45
20.4
20.13
20.45
19.77
20.48
21.12
24.39
23.53
26.99
26.94
29.63
31.36
30.61
32.58
31.46
30.32
32.07
31.57
30.11
28.59
29.34
30.93
27.9
21.28
20.21
20.3
20.16
20.07
20.78
26.84
27.02
28.05
29.99
29.51
28.76
28.79
27.56
29.68
29.5
28.96
29.46
30.28
30.3
29.15
29.24
22.61
20.29
20.07
20.05
20.15
20.21
20.19
20.33
20.76
23.01
22.74
27.83
27.6
27.73
29.95
29.92
28.14
28.1
24.06
20.13
20.9
20.87
20.59
20.87
20.07
20.09
20.45
19.73
20.08
20.5
20.22
20.01
19.48
21.73
22.6
22.02
20.46
21.51
20.32
20.78
21.27
21.14
24.93
25.29
22.81
22.77
22.84
22.94
23.02
24.44
28.13
28.05
27.97
28.1
28.08
27.88
26.33
26.0
28.6
32.64
32.52
32.68
32.26
32.69
32.19
32.67
32.64
31.56
31.32
31.34
31.28
31.23
31.2
30.79
32.29
31.79
28.77
26.54
26.57
26.49
26.8
28.3
28.01
27.81
28.92
30.12
29.7
31.25
29.85
29.95
25.79
30.51
27.13
21.35
21.17
23.54
22.69
20.88
24.34
22.11
20.66
20.71
20.8
21.6
29.75
31.77
31.39
29.94
30.72
28.11
26.53
26.15
28.03
26.69
23.18
24.18
28.47
22.71
22.44
23.79
21.19
20.97
20.84
21.2
20.83
20.89
20.71
20.61
19.47
19.42
23.67
28.54
27.5
30.77
29.52
27.81
28.56
30.19
30.6
34.66
26.79
22.76
23.6
23.96
24.89
29.19
29.22
29.13
29.17
24.38
21.12
25.41
25.92
22.99
22.75
26.83
30.02
29.2
28.49
25.95
27.73
26.72
27.88
32.18
29.94
31.66
32.99
29.18
29.15
29.04
29.13
23.12
20.58
20.2
20.24
20.1
21.88
22.8
23.35
27.04
27.97
27.8
29.42
29.8
28.91
29.09
27.83
28.96
33.01
36.19
36.68
35.82
35.09
36.26
35.89
36.37
34.97
32.72
27.69
27.6
26.51
25.97
26.12
26.15
25.8
32.53
29.17
31.23
29.53
30.9
35.2
36.52
36.5
35.74
37.37
36.02
35.83
33.34
35.83
35.2
35.51
28.86
28.76
28.72
26.98
26.43
27.5
28.42
26.76
27.08
26.66
27.77
32.09
31.88
31.71
33.84
36.17
35.63
34.86
35.37
35.73
35.96
34.88
30.37
29.86
29.67
29.58
29.94
30.68
30.15
30.41
30.62
29.2
28.45
29.25
27.85
29.21
30.45
31.53
33.33
21.22
21.12
21.34
27.8
28.7
27.51
22.01
21.89
21.97
22.04
22.45
23.34
29.11
30.02
28.42
31.57
31.63
29.53
29.51
26.78
28.8
29.35
26.97
31.34
28.04
21.36
21.91
22.85
24.07
20.8
20.89
21.37
20.9
20.61
21.02
20.77
22.12
23.65
23.74
28.57
28.79
28.83
29.17
28.23
29.78
29.82
30.15
36.39
36.15
35.45
35.33
30.86
21.59
21.57
21.51
21.55
21.4
21.37
21.45
22.51
26.66
24.63
24.69
28.19
29.1
26.75
26.65
26.3
29.32
26.56
23.52
24.88
23.96
23.63
24.29
28.02
21.26
21.46
25.82
20.45
20.43
20.33
20.52
20.93
22.61
23.79
20.43
25.7
28.83
28.24
30.2
30.02
28.56
26.26
25.63
25.63
22.08
22.28
23.86
26.39
20.93
20.77
20.57
20.69
20.19
20.56
20.69
20.2
19.62
19.26
18.97
18.93
18.9
18.92
19.24
18.89
19.27
18.96
19.36
20.99
21.31
21.21
21.14
21.38
21.35
20.69
21.55
21.45
21.54
21.68
21.56
21.56
20.17
19.52
19.56
19.1
19.22
19.3
19.51
21.86
26.75
20.57
22.76
29.55
29.83
28.75
28.76
22.9
22.33
26.35
28.93
28.67
28.7
28.66
28.6
31.94
27.24
29.4
32.62
32.01
27.4
33.46
32.31
31.86
30.73
30.31
25.16
33.24
24.11
21.81
21.75
21.6
20.05
20.03
20.49
20.22
19.99
20.19
20.25
20.24
28.85
30.07
29.9
31.62
31.68
33.45
32.4
29.87
30.57
28.17
22.49
25.9
26.16
26.08
27.73
31.55
33.33
27.18
28.81
20.23
20.14
20.25
20.41
20.44
22.62
22.67
22.83
27.05
27.95
28.19
28.89
27.74
35.14
34.97
34.91
34.7
24.55
21.68
22.36
21.97
26.08
21.66
27.85
20.83
20.23
20.22
20.12
20.61
26.02
27.97
27.22
28.96
30.95
31.0
29.88
25.06
25.99
24.77
22.86
24.4
24.74
24.54
29.12
30.84
29.68
26.17
26.56
26.12
26.24
26.63
26.68
27.17
30.64
29.0
27.76
28.39
27.7
30.08
31.65
31.45
30.28
25.24
25.15
26.92
27.25
27.16
27.53
30.53
20.14
20.31
19.4
20.32
20.33
20.32
20.22
20.22
26.42
26.37
26.45
26.48
26.42
26.35
23.64
22.37
20.5
20.47
19.84
21.55
21.8
21.56
21.73
21.78
21.85
21.87
21.8
21.95
21.91
21.88
22.03
21.87
21.2
22.37
25.8
27.0
26.54
27.49
27.47
26.61
30.95
27.94
32.36
34.97
32.62
29.88
26.39
23.1
21.3
26.11
27.44
27.4
27.33
27.37
27.3
27.03
28.27
30.08
28.81
29.06
28.97
28.33
28.77
26.76
29.32
30.84
29.89
34.2
24.99
21.61
28.75
29.29
27.49
22.85
26.85
20.41
20.57
6.13
4.76
7.58
15.95
17.9
17.55
19.8
19.2
14.46
14.71
13.88
14.56
15.92
22.91
17.12
19.09
17.4
20.7
21.22
9.3
7.75
7.64
7.62
7.34
7.63
7.77
7.79
5.92
5.86
5.87
5.98
5.91
5.96
6.33
6.64
6.63
6.01
6.17
6.15
8.02
7.99
7.78
7.76
9.1
18.18
21.41
21.52
21.4
21.43
21.37
21.7
27.01
28.13
28.76
31.86
32.17
28.94
28.53
26.52
30.85
30.69
30.4
31.79
30.99
28.18
30.0
29.6
30.04
29.95
29.92
23.12
22.09
22.16
21.98
22.01
24.02
25.24
26.53
31.18
28.91
28.55
29.82
29.8
28.68
26.84
23.0
24.72
24.66
24.84
26.6
26.4
21.78
21.8
21.82
21.93
22.03
21.94
21.95
22.06
24.09
25.72
25.92
25.72
25.77
25.7
25.87
25.99
25.99
25.53
24.35
25.22
25.53
25.92
25.5
25.49
25.35
25.31
25.46
25.34
25.37
25.0
25.33
25.25
23.99
23.31
23.3
23.36
23.18
23.18
23.23
25.25
28.54
27.31
27.52
32.52
32.37
32.08
22.97
20.7
20.71
25.26
35.3
35.14
35.14
35.06
35.08
35.45
33.62
33.09
29.41
28.69
27.69
30.77
30.21
30.36
29.95
30.6
26.81
30.73
31.29
27.82
27.26
28.71
22.56
20.8
20.83
20.8
20.71
20.66
20.8
21.09
26.16
25.85
28.23
30.65
30.44
28.66
28.86
26.33
28.79
25.17
22.47
24.27
27.61
25.53
25.39
29.39
24.02
20.92
20.86
20.98
20.86
20.82
20.73
20.86
22.36
22.88
22.87
28.34
27.71
26.39
28.6
27.85
28.33
29.07
29.91
35.32
33.07
27.39
27.04
32.95
20.51
19.66
19.52
20.54
19.91
19.66
19.66
19.8
21.64
22.21
27.11
30.24
29.52
28.5
28.33
26.06
28.03
28.07
31.38
36.16
37.85
34.8
33.68
30.31
24.43
19.79
19.44
19.63
19.93
19.89
19.61
19.62
23.23
22.55
20.37
28.28
25.94
27.1
28.94
29.23
27.7
23.8
24.51
32.03
25.65
26.85
28.39
27.67
23.82
21.71
27.95
31.08
27.18
22.96
22.67
23.14
22.25
21.19
21.25
21.32
21.3
21.32
21.42
21.37
21.49
21.5
21.51
22.97
23.0
23.07
23.05
23.1
23.07
23.17
22.94
23.18
23.1
23.07
22.9
23.17
21.77
21.11
21.06
20.96
21.01
20.81
24.1
25.38
25.68
27.15
32.63
32.34
30.22
30.54
26.78
20.73
20.46
20.76
19.75
20.01
19.67
19.87
19.82
19.87
21.75
22.85
26.65
26.64
29.42
28.14
29.42
27.41
28.44
33.17
29.52
29.85
25.01
21.26
21.1
21.06
21.49
23.64
25.45
25.26
20.38
20.39
20.49
21.0
25.86
26.72
27.13
28.26
29.47
26.46
26.16
26.13
27.23
24.68
23.04
23.99
25.47
24.73
26.26
28.14
30.63
29.17
26.21
21.02
20.74
20.63
20.14
20.81
22.37
22.98
25.81
26.23
27.32
30.63
29.79
28.88
25.19
24.82
28.07
30.37
24.62
21.01
20.6
20.64
20.57
11.82
8.02
8.06
8.23
7.76
7.88
7.83
7.14
6.2
6.46
6.24
6.43
6.35
6.57
6.98
6.83
6.42
6.92
8.35
8.32
7.84
8.2
8.07
7.94
7.76
7.95
7.8
7.89
7.96
7.79
8.08
7.24
6.12
6.28
6.59
6.39
6.9
6.87
7.07
7.2
6.65
6.88
8.58
8.37
8.03
8.14
8.04
8.01
16.89
20.55
20.58
20.79
20.86
20.83
20.9
19.93
21.84
23.88
24.04
24.21
23.74
23.45
20.54
20.2
19.76
20.49
21.79
21.59
21.69
21.59
21.63
21.82
21.71
21.66
21.75
21.82
21.64
21.74
21.68
20.64
19.85
20.08
19.84
19.76
19.9
24.07
26.65
26.62
26.33
27.19
34.41
29.87
31.47
29.36
29.02
29.67
29.66
30.5
29.61
29.53
29.48
29.45
29.63
29.99
30.1
29.37
28.77
27.47
27.42
28.61
27.49
27.27
28.99
29.23
32.57
28.5
31.52
28.91
31.66
31.9
32.58
26.04
24.91
20.46
19.9
20.76
20.23
27.92
29.18
29.19
29.79
29.7
27.82
28.08
25.98
27.8
27.94
28.28
28.27
27.44
22.98
23.46
26.4
27.8
23.6
29.09
24.96
19.89
19.59
19.58
20.01
22.15
22.32
24.94
29.02
29.12
28.23
30.0
27.66
31.7
32.62
33.31
35.04
30.93
22.29
26.47
25.9
22.7
20.13
21.31
20.11
19.75
19.69
19.82
20.08
26.56
28.5
27.35
29.77
27.0
29.18
29.63
27.57
27.84
27.27
24.98
26.61
25.3
28.82
25.68
28.02
31.09
25.14
30.91
27.73
19.85
20.15
19.63
19.9
24.72
23.08
22.81
26.31
28.48
33.24
34.53
33.62
28.1
20.78
26.37
26.88
26.71
26.88
29.5
32.54
31.98
27.58
27.48
29.5
27.58
26.74
26.73
27.19
27.88
25.19
25.46
26.1
26.16
27.0
27.05
24.76
26.64
26.67
27.33
27.94
28.17
27.99
28.03
28.02
27.11
26.9
26.83
26.56
27.02
26.76
26.96
26.99
25.92
25.03
25.01
25.22
24.34
24.97
24.96
25.21
24.92
24.92
25.77
26.8
26.73
26.75
26.78
26.81
26.94
26.88
26.87
27.01
26.82
26.92
26.67
26.6
26.09
26.19
25.58
35.68
34.83
35.09
35.56
34.2
29.1
27.39
27.86
28.74
28.33
31.09
30.56
28.44
34.01
28.65
28.58
28.47
27.93
28.64
29.45
32.0
34.61
34.62
34.63
34.93
35.16
30.81
28.35
28.36
28.41
28.62
28.95
29.78
29.98
30.13
35.3
36.04
33.75
28.62
30.51
28.26
27.86
27.93
27.67
27.72
32.55
34.41
34.78
34.6
36.93
30.07
28.77
34.38
31.55
30.15
28.6
30.42
36.4
36.76
32.05
28.78
35.92
35.45
30.16
27.1
26.58
27.43
26.86
26.85
26.37
25.46
25.26
25.48
25.64
25.64
25.14
24.94
24.89
25.27
25.48
27.89
31.63
32.6
30.29
27.98
29.37
23.91
23.99
25.61
22.5
22.55
22.58
22.52
21.73
20.51
20.46
20.83
20.48
20.63
23.7
27.43
26.36
28.54
33.14
33.53
29.66
29.05
32.09
24.89
21.8
21.23
22.77
20.78
21.04
20.76
20.92
20.77
20.08
18.79
18.79
19.01
19.25
19.0
18.79
18.89
18.61
18.99
19.52
20.47
20.8
20.48
20.41
20.64
20.58
20.5
20.69
20.57
20.6
20.59
20.44
20.47
19.91
18.53
18.61
18.74
18.9
18.68
19.08
19.16
19.16
18.77
19.8
22.03
20.82
20.82
20.95
21.07
20.93
21.01
20.94
20.82
20.98
20.93
20.82
20.81
20.1
18.71
18.83
18.88
18.89
19.28
19.02
19.13
19.4
19.09
19.85
20.9
20.76
21.1
21.15
21.82
22.12
21.09
21.21
21.38
20.96
21.17
20.9
20.88
20.33
18.99
19.05
19.02
19.27
19.24
19.62
19.73
19.48
19.25
20.01
20.99
21.01
20.98
20.99
21.13
22.22
20.95
21.37
21.11
21.26
21.08
21.02
20.88
20.2
22.3
26.19
19.27
18.52
18.6
18.88
18.96
18.82
18.54
19.06
20.25
19.96
20.35
24.37
35.49
36.35
36.18
36.45
36.1
36.22
28.56
30.08
27.86
27.91
28.1
26.14
31.16
26.96
25.85
27.15
27.32
27.57
26.57
29.19
28.75
28.39
32.96
36.44
36.48
35.92
28.79
35.16
30.42
25.16
23.98
22.12
22.03
21.28
20.0
20.12
20.01
20.46
18.84
19.95
19.0
19.63
19.47
20.3
20.84
21.08
21.06
24.7
24.84
24.62
25.09
24.79
24.55
24.54
24.6
24.64
24.54
23.44
22.59
22.61
22.71
22.54
22.8
22.31
22.62
22.79
22.81
23.41
24.53
24.64
24.19
24.55
24.58
24.67
24.55
24.56
24.57
24.52
24.63
24.66
24.42
23.74
22.62
22.24
22.84
22.7
22.08
23.29
23.12
23.32
22.63
23.56
24.72
24.58
24.47
24.57
25.82
26.27
25.12
25.02
24.67
24.96
24.81
24.83
25.1
24.16
23.97
22.09
22.31
22.32
22.25
22.3
22.34
22.49
22.36
22.94
24.07
24.11
23.61
19.85
19.84
19.89
19.85
20.43
19.78
19.79
19.73
19.72
19.68
18.92
17.45
18.36
17.7
18.17
17.74
19.58
17.82
17.96
17.89
19.16
19.56
19.67
23.62
26.76
26.26
26.19
26.32
26.72
26.46
26.21
20.92
19.82
19.78
18.96
17.84
18.4
18.05
17.91
17.85
17.79
17.85
17.88
17.43
18.47
19.78
19.77
19.06
19.49
19.63
19.43
10.77
7.03
7.05
6.83
7.04
6.73
7.03
6.36
5.19
5.14
5.34
5.34
5.35
5.49
5.28
5.5
5.44
6.14
7.25
7.35
7.35
7.02
7.11
7.21
7.09
7.12
7.21
7.16
6.96
6.8
7.14
6.35
5.16
5.02
5.41
5.25
5.21
5.57
5.59
5.76
5.34
5.88
7.05
7.0
6.94
6.84
7.03
7.11
15.87
19.75
19.68
19.66
19.56
19.52
19.28
18.91
17.34
17.72
17.54
18.03
17.82
18.0
18.25
18.3
17.95
18.31
19.54
19.61
19.65
19.62
19.3
19.41
19.66
19.76
19.62
19.62
19.65
19.66
19.7
18.99
17.72
17.81
18.08
18.05
17.64
18.3
18.29
18.34
17.88
18.38
19.52
19.23
19.63
19.65
19.61
19.74
19.69
19.74
19.68
19.58
19.55
18.89
19.38
19.1
16.96
17.31
17.76
17.63
17.7
17.86
18.14
18.11
17.74
18.2
19.19
19.17
19.43
19.21
19.17
19.96
19.13
19.31
19.24
19.25
19.33
19.25
19.44
19.03
17.89
17.98
18.12
18.01
17.99
18.25
18.22
18.08
18.03
18.45
19.64
20.19
19.69
19.38
19.35
18.95
19.64
19.74
19.56
19.43
19.63
19.76
19.71
19.09
17.71
19.88
24.19
26.07
20.29
22.61
26.71
26.98
20.24
18.94
20.29
20.32
20.09
20.79
20.12
20.12
20.16
20.24
20.25
20.2
19.79
19.98
20.02
24.38
26.38
26.12
26.23
25.67
19.0
19.19
19.11
19.17
18.88
19.21
20.42
20.67
20.82
5.05
20.83
20.47
