44.51
43.71
42.99
42.65
51.93
75.69
63.43
68.34
56.16
56.4
72.37
65.31
75.31
72.89
74.01
74.54
73.46
74.65
72.85
74.32
73.09
76.38
71.72
69.87
71.3
69.74
71.33
69.68
73.1
83.25
120.08
120.47
119.12
121.18
120.58
121.06
121.13
120.78
120.64
121.76
119.7
122.73
120.42
120.72
86.12
61.13
47.35
44.35
44.45
42.58
43.81
44.9
43.59
52.98
56.61
56.3
57.65
57.55
57.68
55.43
54.55
56.15
54.2
55.78
54.8
55.55
54.02
54.34
54.25
54.66
44.86
42.35
43.02
42.66
44.01
44.77
44.83
51.97
55.59
56.33
55.53
55.94
55.06
56.06
58.2
74.11
74.4
74.18
73.74
72.82
73.78
74.0
72.85
71.81
65.46
69.93
63.53
49.59
63.05
48.61
97.56
120.22
119.32
119.77
120.1
122.55
123.0
121.16
121.59
120.37
122.5
121.99
120.08
119.11
118.62
117.8
101.36
79.47
70.3
67.73
68.35
69.77
69.48
70.59
72.45
85.64
120.51
120.79
120.08
123.09
123.81
90.47
64.94
63.08
64.2
63.08
59.16
59.89
61.07
57.33
55.94
51.52
43.78
42.23
40.65
68.6
70.16
67.05
54.92
69.19
120.93
119.09
119.17
122.71
124.09
122.59
124.36
122.14
123.3
122.81
120.84
121.52
119.96
119.09
101.13
66.3
45.69
42.63
41.84
43.6
42.44
42.32
51.78
82.91
119.63
119.93
119.63
118.8
119.35
120.64
120.6
121.55
121.35
119.87
119.19
120.03
120.03
118.35
100.69
66.34
44.95
41.18
41.72
41.74
41.62
42.4
54.09
86.2
119.14
119.8
118.09
111.01
119.98
121.96
120.45
121.61
122.66
122.13
122.45
119.96
120.79
119.81
87.42
59.79
46.49
42.46
41.46
41.99
43.99
42.53
42.05
50.93
55.78
56.22
56.14
55.44
56.47
56.4
55.7
55.83
55.64
57.46
56.7
56.34
56.02
55.97
56.41
55.6
46.23
42.36
43.42
41.82
42.21
42.23
42.27
52.59
57.2
55.58
55.75
56.65
56.15
56.68
55.58
56.35
56.73
55.38
54.31
56.7
54.91
56.98
54.55
56.44
46.8
41.84
40.94
41.9
42.0
41.3
96.98
119.9
118.67
119.56
122.44
120.37
123.92
124.85
128.28
126.08
125.31
124.66
121.68
122.2
122.17
118.78
101.38
66.18
45.65
43.53
42.5
41.69
40.78
42.0
50.37
69.58
119.85
119.29
121.65
122.83
123.68
124.17
126.51
122.38
124.68
123.65
121.63
120.25
120.42
121.77
103.48
68.28
45.6
42.2
42.61
43.0
42.74
42.16
51.59
68.82
120.6
121.09
121.51
120.59
122.86
121.23
122.69
123.05
122.9475
123.025
123.3525
124.0775
122.415
121.925
108.2525
78.225
56.6075
50.1
48.2725
47.6
47.6125
48.025
54.2025
71.0775
99.3025
104.9675
113.7875
119.195
120.39
118.7775
120.2
119.9775
119.41
120.1975
119.245
117.075
115.5
115.95
104.915
74.1425
52.375
46.005
45.8625
45.5325
46.035
45.75
52.8775
69.4625
105.5375
119.46
119.4
119.44
121.93
123.83
123.98
120.2
105.54
61.64
60.06
60.14
59.97
60.3
53.91
50.84
51.63
63.43
69.23
69.04
69.87
69.28
69.23
73.4
73.15
54.55
54.48
55.34
54.08
55.78
55.32
54.03
56.34
53.82
56.22
55.23
55.24
54.1
55.02
53.63
65.2
67.0
66.15
65.59
41.63
42.06
42.16
50.66
55.12
63.58
63.41
54.92
54.47
54.21
53.87
54.49
56.85
70.23
55.61
69.24
61.21
55.58
54.37
55.62
45.1
42.24
41.13
42.83
42.17
41.88
96.59
119.31
118.98
118.53
118.93
118.65
119.13
119.13
117.56
120.18
118.82
119.38
118.23
119.24
118.78
119.99
102.12
66.31
44.5
41.86
42.38
41.58
42.31
40.74
48.61
68.78
119.5
119.81
120.02
123.54
126.96
125.07
122.41
118.56
120.68
119.56
120.4
119.0
118.19
116.82
99.78
65.98
44.34
41.04
41.18
41.39
41.27
41.08
48.75
67.56
117.9
117.31
119.02
118.93
119.79
121.38
120.03
121.71
121.65
120.57
122.38
122.08
119.54
118.24
100.44
76.93
66.69
68.2
67.93
65.27
69.39
69.51
72.74
76.92
119.85
120.29
121.29
124.34
126.28
124.95
125.91
125.66
125.05
126.59
125.41
119.46
119.9
119.84
102.55
65.64
43.67
42.47
42.39
41.91
41.44
41.67
49.7
69.04
119.57
117.74
119.99
120.06
120.64
121.39
120.56
120.02
119.81
121.2
119.79
120.17
120.12
118.7
84.91
59.05
44.6
41.13
40.53
41.21
40.8
40.43
40.62
49.35
54.41
53.38
53.54
54.21
53.5
54.97
54.65
54.33
56.65
53.76
55.45
53.41
56.11
52.43
54.55
54.11
44.37
41.19
41.31
41.27
39.88
40.63
40.88
49.55
54.56
54.35
54.6
54.67
53.08
55.61
56.86
54.22
53.52
55.4
55.05
54.72
55.05
53.79
53.53
54.95
45.02
40.27
41.48
40.53
40.09
42.57
94.47
117.63
118.1
117.26
120.77
126.22
125.91
127.25
128.11
128.67
129.1
128.04
127.78
125.5
124.02
123.1
104.54
80.19
69.65
51.19
40.24
41.75
41.3
41.1
49.81
67.39
118.23
118.64
120.81
123.17
126.57
127.98
126.47
126.96
128.47
127.16
127.91
126.46
121.46
118.55
100.1
65.62
45.02
41.69
40.98
41.68
41.2
41.75
50.64
70.27
118.93
119.43
121.26
118.92
119.12
122.31
122.39
121.6
120.64
121.14
123.06
124.62
121.78
119.58
100.25
65.25
45.33
41.43
40.42
41.01
41.43
40.79
51.15
70.81
118.96
119.52
120.14
125.24
125.07
125.33
126.58
126.67
126.61
128.01
125.73
123.23
119.66
119.57
100.24
64.66
44.29
43.04
41.42
41.33
41.15
40.97
50.34
70.65
119.71
118.97
118.88
121.08
122.31
122.25
122.68
121.77
122.69
121.6
120.0
120.41
119.71
120.41
85.9
61.22
45.66
42.26
42.25
42.57
41.92
42.4
41.47
52.47
55.96
55.21
55.94
54.38
55.7
56.06
55.69
55.61
55.13
55.67
55.06
55.21
55.22
55.49
56.52
55.85
45.69
41.84
42.14
42.12
43.28
41.99
41.94
51.55
55.07
55.69
55.64
55.39
55.99
56.83
56.07
55.69
55.29
56.37
54.56
55.93
56.08
55.28
54.8
55.69
46.33
42.58
41.85
42.45
42.2
42.01
101.42
119.11
119.03
119.08
121.98
129.14
128.5
127.63
130.38
129.49
127.57
129.34
127.67
126.99
127.18
125.38
104.27
66.84
45.87
42.95
42.81
41.91
40.69
41.27
51.03
71.7
120.2
120.63
123.75
129.24
128.49
129.74
129.24
128.64
129.83
130.58
127.48
125.8
118.32
118.83
99.74
64.47
45.57
42.89
42.15
43.16
41.51
41.1
51.67
71.67
118.92
119.01
118.48
120.05
120.02
120.82
123.86
123.09
122.57
122.7
123.41
124.67
120.48
119.1
100.6
66.07
46.03
40.59
42.04
41.56
42.24
43.54
51.57
71.98
119.26
119.32
122.42
129.23
126.91
125.28
130.21
126.29
127.49
130.45
126.38
122.16
119.88
118.53
100.53
64.39
44.28
42.04
41.62
42.13
42.12
41.26
51.51
71.51
120.01
119.62
120.3
120.03
120.05
119.97
120.15
119.65
119.52
119.11
119.48
118.77
119.02
118.99
83.99
58.91
44.12
41.11
40.11
41.12
41.05
40.85
40.8
51.83
54.19
54.34
54.4
54.94
54.53
53.35
54.43
54.72
55.11
53.95
54.93
54.51
54.08
54.47
55.33
55.28
44.85
40.75
42.3
41.3
41.76
41.53
42.06
50.81
54.52
55.46
55.76
55.28
54.65
55.48
55.23
54.98
63.46
65.56
68.87
69.52
66.49
69.68
55.29
55.09
45.27
40.8
41.42
41.59
41.98
42.02
99.61
118.72
119.28
119.17
123.15
128.37
126.26
125.51
128.36
127.0
125.31
126.72
125.59
124.15
124.34
121.6
102.45
64.01
44.9
42.51
41.52
42.24
42.53
41.3
50.49
70.5
119.2
118.83
120.99
125.84
127.19
126.7
127.12
126.8
125.11
128.33
124.54
121.9
120.56
120.17
101.81
64.6
44.78
42.43
41.94
41.43
41.08
41.23
50.42
71.85
118.74
119.2
118.62
119.44
119.65
120.31
122.2
122.96
121.09
122.11
124.63
123.58
122.23
119.31
101.05
65.13
44.81
42.54
41.55
42.33
42.23
42.24
50.78
72.05
119.7
119.14
123.2
127.26
130.28
127.93
129.9
128.61
128.21
131.4
128.94
126.01
119.48
119.14
100.66
73.55
61.83
65.14
65.99
58.98
68.47
69.02
71.02
84.87
118.85
117.86
119.07
119.09
119.25
118.82
119.39
118.73
118.48
118.68
119.01
119.71
118.35
118.08
83.74
58.59
69.03
68.21
68.42
69.15
69.87
68.31
67.9
71.73
72.52
72.81
73.04
72.63
71.94
71.63
71.62
60.73
69.21
67.01
62.9
70.06
54.11
54.25
54.21
54.55
44.0
40.77
41.38
40.69
41.46
41.25
40.67
51.62
53.73
55.11
55.18
54.67
54.75
54.63
54.8
54.5
54.86
54.76
53.79
54.42
54.76
55.21
53.68
54.36
43.88
40.57
42.07
41.55
39.71
41.0
99.43
118.12
118.66
118.1
121.55
129.92
129.57
124.97
129.02
129.78
127.55
129.69
128.75
124.61
125.85
123.24
103.27
64.77
44.55
41.64
40.78
40.72
40.6
41.38
51.04
83.6
119.0
118.54
121.23
128.44
130.04
128.18
131.39
129.76
129.74
132.28
130.23
126.19
120.16
120.86
101.21
64.92
44.21
40.65
41.67
41.22
40.94
41.48
51.22
71.79
119.6
118.29
120.0
121.05
121.45
121.55
122.6
120.56
121.54
123.19
122.39
122.55
119.69
117.76
99.81
63.91
44.06
40.48
41.07
40.69
40.98
40.58
50.02
70.46
117.98
118.4
119.94
124.5
124.28
122.53
124.41
124.34
124.72
123.14
123.68
120.27
117.66
116.81
98.78
63.48
44.3
40.68
40.8
40.81
40.45
40.99
50.02
69.46
117.61
119.05
117.91
117.63
118.34
118.34
118.6
118.8
118.29
118.56
117.69
116.96
116.99
115.74
84.7
67.81
67.51
66.69
68.11
68.15
67.06
67.06
67.5
70.46
70.31
71.99
71.54
70.47
70.87
70.48
70.42
70.14
70.6
71.35
72.3
72.79
72.14
72.06
72.52
71.6
65.96
63.72
48.29
61.34
40.58
40.7
39.95
50.08
53.73
53.97
53.89
54.3
54.07
54.15
54.23
54.84
52.93
53.92
54.1
53.3
54.94
54.67
54.28
53.28
44.09
40.8
40.54
39.99
41.05
40.63
98.69
117.78
117.81
116.87
119.84
125.53
125.87
125.85
125.67
127.77
126.8
127.07
126.81
125.51
125.08
123.77
101.88
63.52
45.68
41.49
41.59
41.85
41.52
41.42
50.37
71.46
119.56
118.92
122.38
126.34
128.75
125.57
126.44
126.02
124.56
126.55
125.32
123.24
116.89
117.75
100.14
63.27
43.23
41.02
41.22
40.55
41.32
39.86
50.88
71.36
118.32
118.7
118.77
118.05
118.13
119.18
121.87
119.48
119.93
120.71
122.36
122.76
119.64
117.23
99.5
63.26
44.75
39.81
39.96
40.59
41.33
40.7
50.3
71.73
116.32
118.23
122.29
125.85
112.94
102.73
119.28
118.48
117.7
121.25
118.99
115.56
109.96
109.68
94.3
62.32
43.86
40.54
40.39
40.35
40.22
39.98
50.1
69.72
118.07
116.65
117.67
118.52
119.8
118.73
119.3
118.47
118.2
118.61
117.01
117.99
118.44
117.91
85.21
64.17
44.91
41.11
39.73
41.44
42.49
40.59
55.52
70.15
72.41
72.95
73.1
71.84
56.47
54.45
54.22
55.28
53.55
53.12
54.43
54.8
53.69
54.28
52.57
55.64
44.53
39.0
40.03
39.48
40.62
40.04
43.15
49.95
52.64
54.65
52.8
52.44
53.64
52.95
53.9
51.99
52.18
53.56
54.73
52.8
52.8
52.64
52.66
53.2
43.57
39.91
39.14
41.08
41.35
40.94
97.34
117.72
116.69
116.03
119.78
126.57
123.94
124.05
127.36
129.54
125.75
126.82
125.66
124.74
125.6
126.76
105.54
63.39
46.13
42.62
42.16
42.4
41.96
40.69
49.56
69.52
117.93
119.69
120.71
127.66
128.94
124.17
127.94
129.03
125.8
129.28
127.63
124.6
118.33
119.75
101.11
65.2
44.43
42.19
41.8
43.81
42.59
41.54
52.06
68.72
118.4
118.68
120.75
120.33
120.37
119.86
119.39
121.22
118.34
119.0
120.08
118.72
118.79
116.82
99.19
77.14
68.54
68.16
68.8
68.36
67.66
68.77
70.47
83.49
118.07
118.12
119.6
126.17
125.76
123.73
126.59
126.36
126.87
125.49
124.9
122.13
116.48
116.64
97.21
62.99
43.74
39.55
41.9
39.24
40.13
40.08
51.44
68.29
116.62
117.28
117.96
116.58
118.45
116.44
118.75
119.17
119.83
119.16
119.06
118.25
119.09
118.17
84.55
59.8
45.67
41.7
41.04
43.8
42.73
44.02
40.61
51.03
53.84
53.48
53.99
54.11
55.32
54.21
54.43
56.32
53.46
53.41
55.06
55.43
54.66
55.96
54.1
55.25
43.26
41.83
41.63
40.34
42.11
41.01
43.45
50.48
53.47
54.98
54.27
53.23
53.7
55.56
55.34
54.27
54.4
54.26
55.37
54.65
53.78
53.8
54.71
54.13
45.26
41.92
43.06
40.3
39.95
39.89
101.17
117.94
118.84
117.99
118.89
120.74
116.06
121.52
118.04
118.53
118.52
118.91
118.2
118.02
118.11
119.16
99.89
64.05
44.89
41.09
41.47
41.22
41.54
41.77
53.17
73.73
118.09
118.69
118.09
119.71
118.53
118.89
119.15
119.61
118.54
119.53
118.86
117.77
119.29
119.02
99.53
65.13
45.32
42.08
41.91
42.48
45.28
43.07
51.33
71.78
118.95
118.25
119.13
120.24
119.08
119.52
118.07
118.49
118.73
118.84
118.5
117.81
117.44
118.08
100.13
62.38
42.87
39.75
39.87
39.78
40.88
40.62
50.72
69.94
117.16
117.48
117.49
117.07
117.25
117.77
118.17
118.42
118.01
118.31
117.57
117.72
117.45
117.36
99.05
62.67
44.15
41.52
39.69
39.89
41.25
40.71
50.22
70.5
118.57
118.16
117.52
117.02
117.68
118.19
118.05
118.73
117.69
118.66
118.45
118.4
120.06
118.73
82.82
70.85
65.69
41.27
40.02
39.6
39.39
40.32
39.9
48.0
61.44
62.56
60.92
51.19
51.61
53.95
47.92
51.2
51.34
54.62
54.3
54.14
64.83
98.57
98.93
98.46
88.68
85.41
86.06
86.05
86.34
86.28
86.33
95.47
99.79
99.9
99.26
99.78
98.25
98.48
98.17
98.8
97.07
98.02
97.39
97.8
97.98
97.97
98.57
98.32
89.64
85.97
85.05
85.5
86.35
84.93
108.9
118.38
117.73
117.64
121.14
127.17
126.16
125.47
124.97
125.67
125.45
126.84
127.03
124.64
125.82
124.01
102.49
65.15
43.86
41.56
41.89
41.14
40.88
40.77
49.82
70.05
118.32
117.33
120.0
125.0
127.61
121.0975
121.09
127.69
124.4
129.25
128.33
122.83
119.77
117.12
100.42
63.4
43.94
39.94
39.67
42.0
41.38
43.2
51.98
72.76
119.71
116.4
118.43
117.88
116.62
120.47
121.26
123.0
119.76
118.62
121.28
124.93
120.98
118.21
101.78
63.44
43.38
39.33
41.74
40.97
42.34
41.84
50.03
69.35
119.17
118.62
121.59
125.87
125.46
122.39
125.2
119.77
122.65
127.41
125.26
117.97
116.06
118.45
98.72
63.39
42.73
41.09
41.07
41.01
40.16
40.79
49.56
69.28
116.06
118.55
117.97
118.88
118.04
118.39
120.31
118.0
118.62
119.09
119.01
116.75
118.18
118.09
84.97
60.17
44.93
40.15
39.7
40.17
40.19
39.88
42.89
50.9
52.27
54.36
54.65
53.87
55.41
53.57
53.59
55.17
54.93
55.09
70.66
54.17
51.44
54.68
53.52
52.11
43.01
40.02
39.47
42.0
41.1
38.37
39.37
50.35
53.29
52.45
53.27
54.38
54.46
52.25
55.51
69.16
64.22
70.05
72.86
71.77
68.44
70.93
71.87
70.71
67.73
69.04
69.25
64.97
63.91
53.9
96.21
115.12
117.54
117.45
120.2
122.19
125.1
123.71
125.63
126.56
123.19
126.84
124.83
124.61
121.79
123.97
103.47
62.11
45.61
41.16
40.07
41.97
40.63
40.58
50.28
69.59
117.03
117.24
117.51
124.25
125.46
122.25
123.96
124.78
122.99
124.43
125.38
120.09
119.56
116.92
98.83
63.67
41.96
40.03
39.52
42.12
41.32
40.13
49.86
71.01
117.41
117.68
117.8
118.79
119.28
118.15
120.17
120.55
119.72
121.93
124.04
121.96
120.74
116.21
98.59
62.93
41.46
40.1
40.12
38.65
41.38
40.7
50.03
70.14
118.37
116.86
120.91
130.01
126.0
122.17
128.71
125.17
125.06
129.81
124.28
122.31
118.48
119.13
99.99
63.33
42.12
40.38
40.48
39.24
40.05
40.81
48.87
70.86
116.99
117.18
117.6
117.74
117.86
117.78
118.17
117.84
118.24
119.31
118.45
114.96
115.21
117.73
81.99
56.77
42.16
40.22
40.67
39.16
39.45
39.65
39.75
50.92
52.78
52.24
52.89
52.9
53.35
52.05
53.55
52.95
53.03
53.02
52.03
52.66
53.35
53.55
53.32
53.85
42.78
38.82
40.29
38.98
39.77
39.59
40.17
49.48
53.96
53.4
51.89
53.44
52.59
52.25
51.76
53.18
53.22
53.36
51.64
54.0
53.16
51.68
52.56
52.51
43.73
40.57
39.52
39.5
39.79
40.07
94.15
110.83
114.95
116.37
119.35
126.24
123.42
123.63
127.43
122.58
118.1
125.19
123.38
120.17
121.06
117.49
99.14
69.83
58.91
40.42
40.86
41.08
40.38
39.62
48.77
72.06
116.76
116.63
121.33
126.05
124.86
124.35
126.82
123.19
124.6
127.55
121.45
119.42
120.09
119.28
98.81
62.05
41.54
39.19
39.08
39.9
39.44
38.9
49.59
81.53
117.29
116.19
117.28
118.42
119.41
120.34
126.71
123.9
124.06
123.55
123.23
124.8
123.42
118.42
99.15
62.65
43.72
41.61
40.39
40.33
38.79
39.77
50.34
71.97
117.67
117.19
120.06
127.1
126.42
124.91
128.97
125.49
124.97
130.33
126.26
121.09
117.95
118.85
100.33
63.43
43.69
41.47
41.81
39.77
40.91
41.28
50.15
71.82
117.88
118.83
119.19
118.91
119.32
120.67
119.57
120.08
120.03
120.26
121.49
119.31
120.01
119.49
84.67
59.89
45.42
42.05
42.07
42.37
41.79
42.01
42.33
50.67
55.57
55.3
54.78
54.85
53.88
55.87
54.96
54.36
54.71
53.93
54.94
54.3
55.0
54.94
55.15
55.31
44.16
41.37
41.1
40.84
42.39
41.67
41.77
51.12
54.69
55.96
53.66
54.74
54.68
56.83
54.49
54.95
54.18
54.48
54.17
55.77
55.42
54.56
54.9
54.95
44.64
41.33
41.02
41.87
41.26
40.7
102.1
118.7
118.46
119.02
123.35
126.55
127.63
125.72
127.45
127.36
125.03
127.96
128.36
126.14
127.24
124.32
102.68
64.58
44.6
40.98
41.31
41.58
41.4
42.13
51.57
72.97
118.14
117.3
122.5
127.74
128.12
124.05
126.81
127.0
124.03
125.37
128.71
124.01
119.74
118.05
99.68
64.11
44.45
39.94
40.61
41.15
41.63
40.33
50.65
70.62
118.62
118.53
119.22
119.07
119.19
120.96
124.24
124.63
122.57
122.15
124.06
122.27
122.03
118.84
100.65
65.01
45.11
40.8
40.45
40.72
41.19
40.58
50.38
70.81
118.46
118.68
123.66
129.78
125.37
124.41
127.34
123.58
123.9
126.98
122.93
119.46
120.07
119.55
100.03
63.33
43.97
40.22
40.54
41.5
39.64
40.7
50.81
71.88
117.57
118.52
118.37
118.92
118.38
118.88
117.62
118.97
117.98
119.02
118.64
116.91
118.42
117.97
83.75
59.14
44.98
41.86
41.2
41.33
40.24
40.87
41.0
49.49
55.19
54.07
54.51
54.35
53.71
55.29
54.79
54.23
55.89
55.27
54.22
53.88
54.22
54.04
54.14
53.4
44.02
40.29
41.46
42.04
41.2
41.27
41.2
51.53
54.18
54.13
54.2
54.14
54.76
54.72
55.15
54.37
54.62
54.25
54.15
54.17
55.06
55.92
55.7
55.26
42.74
41.12
40.8
40.92
41.45
41.27
102.85
118.51
118.68
116.63
116.45
121.04
122.54
121.33
124.23
123.04
123.42
124.69
123.55
120.23
120.71
118.26
98.42
74.0
67.94
66.82
67.54
67.24
66.98
67.14
70.05
81.7
115.28
114.86
117.52
120.43
122.12
121.98
122.42
121.59
120.94
122.61
122.56
117.09
114.97
114.46
96.81
61.8
41.98
38.61
38.82
38.36
38.37
38.48
48.39
70.27
114.75
113.1
114.7
114.68
115.17
116.19
118.05
117.49
119.07
118.1
118.88
115.46
114.62
114.71
96.44
60.66
41.67
38.7
38.92
38.74
39.12
39.99
49.91
70.14
116.26
116.49
118.35
121.71
121.32
121.23
120.65
121.6
120.66
121.02
119.09
115.81
114.75
114.7
96.68
61.03
40.14
38.21
37.78
38.51
37.96
37.99
48.11
69.76
114.78
114.75
115.3
115.99
115.99
114.84
117.15
115.71
115.7
115.88
115.01
115.85
115.24
114.98
81.19
56.06
40.77
38.02
38.04
38.32
38.52
38.84
38.3
49.0
51.98
52.04
51.29
52.72
52.29
52.2
51.96
51.47
52.66
52.48
51.73
51.97
52.4
52.22
51.52
52.13
40.57
38.74
38.42
38.37
38.93
38.69
38.35
49.27
51.66
52.42
52.42
51.99
52.09
52.33
51.74
51.81
51.26
52.05
52.2
52.62
53.12
51.43
52.51
51.64
41.3
38.36
37.93
38.61
37.92
39.52
98.79
114.71
114.74
115.21
119.79
125.93
122.83
122.44
126.39
122.67
121.28
126.53
122.41
121.64
123.75
118.38
99.17
64.58
44.66
41.52
40.58
41.28
41.85
40.96
49.32
67.02
116.76
117.08
119.76
125.94
123.06
122.98
126.71
121.88
121.68
126.33
120.82
118.16
115.97
115.73
99.14
64.48
44.71
39.16
39.17
39.68
38.4
39.04
49.08
67.1
116.42
115.83
115.38
117.06
117.58
118.02
119.39
114.9
115.24
116.32
117.72
119.2
115.59
114.64
98.11
64.55
43.08
39.89
40.97
41.2
40.11
39.91
46.93
66.31
115.94
114.94
115.58
115.47
117.07
119.72
117.16
116.57
116.28
117.11
117.37
115.89
116.64
116.39
98.89
68.6
59.03
38.05
37.92
38.37
38.48
38.31
52.58
79.58
114.65
114.55
114.84
115.36
114.62
115.63
115.06
114.55
116.26
115.48
114.18
115.16
114.45
115.32
81.96
58.65
43.65
39.75
40.44
40.46
41.81
40.84
39.49
49.92
53.39
53.54
53.45
52.75
55.455
57.1275
58.1675
58.8925
59.5875
60.15
60.8125
59.6325
58.1375
58.5625
59.03
59.46
52.1775
45.5775
44.1775
43.6375
42.89
42.535
42.4125
50.97
56.92
59.195
59.1825
59.1525
59.2725
58.925
51.6
53.35
53.26
54.19
52.94
53.2
53.18
53.63
54.6
54.52
43.61
39.96
40.12
40.14
39.7
40.21
94.46
116.59
117.06
117.72
117.73
120.12
121.27
120.78
120.81
121.13
120.72
119.27
119.05
116.25
115.62
115.06
98.95
66.04
45.96
41.34
40.79
41.54
41.95
42.44
51.04
68.06
117.28
116.94
117.7
116.71
117.71
119.54
120.19
120.8
120.4
118.63
117.47
116.19
116.75
115.73
98.46
63.4
42.31
39.65
39.67
38.41
39.23
39.36
49.2
66.11
116.16
114.55
115.6
116.95
115.65
116.67
116.94
118.42
118.96
116.56
116.34
115.85
116.62
116.14
98.97
75.38
68.06
65.88
66.5
67.43
67.59
67.78
70.0
78.28
115.75
116.12
116.59
118.7
118.53
120.59
91.93
121.9
89.98
119.73
118.04
116.34
116.07
117.48
99.11
62.62
42.06
39.43
38.21
38.43
39.98
38.54
49.29
66.59
115.74
116.27
116.14
116.81
117.0
116.16
116.12
87.2
87.47
117.14
116.73
116.89
118.27
118.2
65.21
30.48
42.15
40.81
40.34
40.46
41.81
40.84
39.49
49.92
53.39
53.54
53.45
52.75
52.05
52.3
51.96
52.18
52.68
51.41
52.66
52.33
52.36
51.94
54.41
67.0
62.51
45.63
38.72
37.38
38.29
37.51
38.47
60.01
70.18
70.1
71.27
70.22
69.01
51.74
51.48
51.96
51.59
52.13
53.11
52.03
61.63
62.44
63.57
58.67
40.63
38.61
39.2
39.4
38.28
39.2
94.96
114.85
116.1
115.08
116.92
114.93
117.19
115.09
116.4
115.62
116.84
118.16
116.07
117.35
114.96
114.25
98.39
62.8
40.8
38.34
39.31
38.42
38.12
38.05
47.84
66.6
116.4
115.71
115.88
116.0
115.82
116.82
116.69
117.08
117.72
116.51
117.05
116.22
116.27
116.54
98.55
63.65
43.04
38.62
39.22
38.89
38.63
38.92
49.31
67.16
117.0
115.88
117.04
116.45
116.33
116.78
116.49
116.12
117.01
116.02
116.5
116.03
116.69
116.23
97.97
75.1
67.95
66.19
67.33
64.13
65.16
63.91
48.45
67.51
115.7
116.16
116.69
117.95
117.3
119.71
118.48
118.76
119.63
118.53
117.66
117.47
116.97
117.29
100.59
65.51
43.85
40.7
40.29
39.72
41.48
40.19
62.17
81.93
116.9
117.39
118.19
118.07
117.6
117.44
117.52
117.39
117.29
117.8
117.27
117.38
117.24
117.73
84.78
59.1
43.93
40.64
40.49
40.97
40.25
41.02
58.24
71.28
72.77
64.26
54.85
55.11
53.61
61.73
70.81
73.86
72.97
72.77
71.84
61.39
54.16
54.34
53.73
55.06
44.18
39.52
40.8
40.06
41.34
41.35
41.09
50.66
54.08
71.8
72.97
73.2
72.31
72.71
72.05
72.08
72.64
71.77
72.64
70.62
54.47
54.26
54.78
54.79
44.31
40.32
40.51
40.64
38.28
39.2
94.96
115.5
118.05
90.92
118.03
111.16
107.415
117.91
119.73
118.87
118.63
117.97
116.17
115.98
115.34
115.4
98.51
63.87
42.26
39.07
39.49
38.55
39.28
39.36
48.88
67.74
116.89
117.14
116.96
117.39
117.54
118.18
118.51
117.38
117.92
117.36
117.84
116.25
116.31
116.34
99.54
64.46
42.85
40.1
39.38
39.5
39.15
40.03
49.9
68.83
116.11
115.93
116.35
117.56
118.34
120.09
123.07
122.93
123.37
123.21
120.65
117.98
117.3
118.11
101.26
65.01
45.06
41.53
41.65
41.75
42.48
41.61
51.72
69.72
119.58
118.49
118.88
119.8
122.2
121.8
122.86
121.07
117.71
117.42
116.34
115.24
115.69
114.54
5.66
72.4025
51.4975
42.2325
40.4
40.1525
39.645
38.905
47.335
14.32
98.47
99.18
99.41
97.61
98.8
98.69
99.91
113.31
113.59
111.68
111.97
112.12
112.4
112.36
83.63
60.07
44.67
41.04
40.93
40.94
40.16
40.62
41.33
51.77
55.18
54.98
25.03
34.84
55.75
55.7
55.45
56.29
56.63
55.88
55.41
56.26
55.61
56.32
56.67
56.75
44.61
39.68
40.48
40.12
40.81
40.05
40.57
52.36
57.12
57.48
55.59
56.62
56.94
56.33
56.23
56.31
56.67
64.02
67.77
55.09
55.33
55.65
54.96
55.98
42.38
39.65
39.15
38.57
39.26
39.48
92.19
111.62
111.41
112.37
111.91
114.7
112.51
115.43
116.27
113.72
111.44
110.22
110.51
111.31
111.43
110.75
99.25
67.01
43.39
39.72
39.3
39.23
40.48
39.82
48.82
67.3
111.08
108.03
108.02
108.75
109.95
111.9
109.98
110.2
111.33
109.99
110.91
109.59
110.31
109.9
97.36
77.31
50.88
37.93
38.2
38.34
37.96
38.72
60.11
81.99
110.4
109.22
109.96
109.92
111.92
111.54
112.26
111.17
111.51
112.49
113.14
111.51
111.04
111.52
98.7
74.76
54.24
39.49
39.42
38.62
38.64
39.22
50.43
80.84
111.22
111.15
111.01
111.61
114.11
111.69
112.92
112.46
111.94
111.88
110.94
111.64
110.7
110.69
98.47
72.86
56.96
39.08
37.92
38.78
38.59
39.48
48.58
67.44
111.7
109.15
109.96
110.89
110.58
110.16
110.7
110.47
110.86
111.22
111.43
110.65
110.61
111.06
83.36
71.85
67.88
39.28
37.48
37.91
37.48
37.56
37.19
61.4
72.42
71.33
72.7
66.79
54.23
53.82
53.69
54.54
53.58
63.83
63.95
54.61
53.79
73.03
71.45
71.36
66.52
36.9
38.29
38.55
37.01
37.43
37.87
48.47
54.08
53.99
54.19
54.52
54.25
54.84
54.0
54.58
53.95
54.56
54.24
54.41
59.21
68.18
53.6
54.31
41.5
38.44
38.41
37.7
38.06
38.27
37.9
37.6
37.38
37.7
37.4
37.9
38.04
37.49
37.94
37.42
37.96
36.95
36.69
38.17
36.96
37.67
37.33
37.65
37.71
37.01
37.45
37.88
36.89
37.86
61.8
80.86
110.52
110.95
110.66
110.57
110.17
110.22
110.81
110.12
110.19
110.01
110.44
109.18
109.36
109.92
96.23
75.79
46.38
38.07
61.39
65.85
60.29
54.73
56.06
56.57
96.76
97.31
96.2
96.5
96.59
98.76
100.04
97.6
97.68
98.3
98.39
98.1
96.86
97.24
85.15
65.08
55.98
54.13
53.39
54.7
52.38
48.16
37.23
55.62
96.26
95.15
95.23
96.89
99.48
98.94
100.49
100.99
99.41
98.29
96.89
97.88
97.2
96.65
83.79
59.97
51.43
49.28
50.58
51.87
40.91
35.69
53.36
71.52
99.93
98.9
99.65
99.43
100.18
101.23
100.14
100.06
100.76
100.62
100.8
100.79
100.78
99.51
73.03
58.98
51.74
50.54
52.78
48.78
52.46
51.51
51.72
58.51
61.64
51.0
41.71
43.1
56.92
60.47
47.64
52.3
60.93
60.21
61.78
62.1
62.49
61.87
60.2
62.34
56.13
54.52
55.24
54.96
47.57
54.51
54.81
59.13
61.13
57.49
42.57
43.21
43.14
42.94
50.24
55.16
43.72
60.87
45.17
56.95
48.56
42.97
43.37
59.9
32.88
26.65
26.57
26.55
27.39
26.28
80.57
100.78
99.91
100.94
101.98
100.51
101.65
100.64
100.82
100.95
101.23
99.72
101.69
100.77
99.77
100.97
86.82
63.96
39.1
27.34
26.1
26.98
27.28
26.17
38.28
56.72
100.99
99.69
100.18
100.24
100.95
102.23
101.3
101.23
101.74
101.69
101.71
101.81
101.45
101.03
87.84
53.38
31.49
27.45
26.37
27.85
27.25
49.08
43.69
56.95
101.14
100.31
100.31
102.42
103.09
103.61
101.51
103.8
101.01
102.0
101.89
102.0
101.27
102.2
87.46
53.34
32.28
27.33
26.37
27.74
26.58
26.93
37.81
56.16
100.5
98.76
99.23
98.93
99.16
100.13
100.8
99.79
100.67
100.73
99.49
100.19
100.3
100.87
86.82
53.93
30.5
27.38
26.81
27.13
26.43
27.47
38.6
57.58
103.22
102.94
101.65
102.38
102.52
102.81
101.62
101.63
101.82
100.64
102.25
102.0
101.92
101.91
71.86
48.09
30.62
26.77
27.07
27.09
26.08
27.27
26.25
38.47
44.15
43.61
43.49
43.15
41.96
42.27
43.0
42.87
42.91
42.75
42.44
54.98
49.92
43.3
60.76
43.28
31.59
27.39
26.76
27.75
27.29
26.88
27.19
37.62
43.01
43.59
42.93
43.01
42.47
52.55
53.29
44.09
60.13
43.2
60.7
45.0
61.26
43.17
42.57
43.2
31.56
26.52
26.75
26.12
26.59
27.35
81.43
100.85
100.47
100.68
100.88
101.32
102.07
100.76
102.24
100.93
101.67
97.9
102.48
101.52
101.84
101.91
87.56
54.68
32.46
28.25
26.33
27.99
28.63
27.5
39.28
58.07
102.47
102.01
101.93
101.96
102.23
102.26
102.34
103.23
102.66
102.1
102.41
102.09
101.83
101.56
88.77
54.21
32.38
27.07
26.34
27.13
28.46
27.78
39.0
59.41
101.5
103.02
102.35
103.18
105.37
105.33
104.81
104.16
103.43
101.73
102.48
100.64
101.22
102.39
87.95
54.66
30.87
27.98
26.74
27.26
27.9
27.54
39.03
58.45
103.02
101.56
100.4
103.56
103.7
102.15
103.23
100.97
101.78
101.79
101.82
101.1
101.81
100.98
88.03
54.71
32.27
26.73
28.37
27.3
27.64
28.3
39.05
57.67
99.17
98.99
99.01
98.64
99.39
98.58
99.16
99.9
99.67
99.02
99.71
99.96
99.14
98.81
72.69
48.69
32.42
27.65
28.02
27.88
27.94
27.3
28.44
38.15
43.62
44.18
44.67
43.51
44.39
43.27
43.9
44.35
44.88
44.66
44.73
44.71
45.23
43.62
44.19
43.51
32.24
27.96
28.1
27.1
27.86
27.66
27.56
38.85
44.75
43.81
44.26
43.65
44.39
43.39
44.34
45.52
43.67
44.53
44.28
43.8
44.09
45.0
44.45
44.31
31.03
27.07
27.56
26.7
28.28
27.51
78.86
100.05
98.69
99.15
99.9
99.04
99.35
99.61
98.99
99.28
99.85
99.66
99.82
99.17
99.41
99.95
85.74
54.62
31.1
27.18
27.39
26.36
26.58
27.09
38.37
56.69
100.2
100.07
98.36
99.46
100.06
99.09
99.81
100.05
100.62
99.25
100.73
100.0
100.46
99.24
87.18
54.44
32.13
27.59
26.98
27.42
28.4
28.32
38.23
56.69
100.2
100.07
98.79
98.62
100.04
98.57
100.08
98.25
99.39
99.39
100.53
97.7
99.67
98.09
86.94
53.33
30.88
28.29
26.29
26.97
27.58
27.0
37.83
56.93
98.61
99.25
97.98
98.91
99.61
95.95
96.05
96.58
95.06
95.64
95.57
96.52
94.8
95.48
85.98
52.56
32.0
28.29
26.29
26.97
27.58
27.0
37.83
56.93
98.61
99.25
94.33
94.74
94.87
94.99
96.57
95.66
96.16
95.15
95.84
95.87
95.74
96.65
73.06
61.89
47.39
27.18
29.38
28.45
27.4
34.17
55.58
57.28
60.36
62.97
63.16
62.0
62.79
63.25
63.09
62.6
61.54
61.8
62.9
61.21
45.68
47.83
61.55
63.07
57.68
46.35
49.38
33.54
26.62
26.94
28.38
38.25
44.24
44.48
45.02
44.2
44.81
44.69
44.78
45.69
44.62
43.96
44.36
44.57
43.48
45.33
43.81
43.94
32.29
26.99
25.27
28.24
28.42
27.94
79.08
96.22
95.28
96.48
94.93
96.44
97.37
96.62
96.29
96.81
96.12
97.34
97.25
97.09
97.17
96.56
88.12
53.86
31.42
26.01
26.87
27.53
28.26
27.43
38.58
56.69
100.2
100.07
98.79
98.62
100.04
97.57
96.45
96.02
97.19
96.47
95.98
96.37
96.2
96.18
85.61
52.69
31.81
28.02
26.88
26.02
27.17
26.99
37.57
55.9
95.12
95.68
95.59
94.66
94.99
94.55
95.3
95.39
95.66
94.86
95.48
94.12
96.43
94.61
85.94
53.35
32.03
25.81
27.44
26.67
27.71
26.24
37.68
54.9
95.52
94.07
95.16
94.88
95.08
96.68
94.88
97.54
96.02
97.61
95.4
94.42
95.41
96.52
86.4
53.29
30.66
24.76
25.32
26.33
27.36
26.56
37.88
55.98
95.95
95.77
95.25
97.08
97.7
97.04
98.05
97.51
97.63
97.38
97.69
97.71
97.01
97.98
72.27
49.66
32.51
28.06
28.28
27.46
27.32
28.25
26.96
39.49
45.85
44.53
44.95
44.44
45.21
45.01
44.23
44.96
44.87
44.86
44.9
44.61
45.49
45.31
45.53
44.05
32.45
28.51
27.72
29.07
27.63
27.77
28.51
39.49
44.94
44.89
45.32
44.68
44.89
44.49
44.41
45.52
44.08
45.4
44.7
44.9
44.39
45.77
44.02
45.46
31.95
27.9
28.88
28.06
28.14
27.86
77.94
97.22
97.54
96.25
97.52
97.06
96.95
96.94
96.33
97.54
96.8
97.92
96.69
95.99
96.98
97.07
85.62
55.05
31.7
25.86
27.38
27.04
27.35
27.12
39.53
55.57
97.25
94.46
96.58
96.67
97.22
96.02
96.76
95.97
96.77
95.98
96.38
97.24
95.4
96.12
85.18
54.53
32.15
26.63
27.93
26.35
26.91
27.41
38.82
56.21
96.74
96.96
96.18
96.88
96.8
97.31
98.46
96.97
98.18
98.01
95.8
97.36
97.33
96.14
87.07
53.4
31.43
27.62
26.4
28.0
26.58
28.35
38.04
56.67
96.75
96.13
96.24
97.63
99.49
97.59
97.53
97.81
96.93
98.57
97.21
97.81
97.24
97.4
86.85
55.17
32.89
28.3
26.96
28.26
27.76
29.02
27.76
27.74
28.07
28.5
27.99
27.55
27.85
28.28
27.77
28.04
27.82
27.97
27.53
28.32
27.86
28.42
27.33
28.16
28.02
27.82
27.76
28.46
27.86
28.34
27.47
41.07
44.16
45.76
44.93
44.92
44.36
44.48
45.11
44.1
45.1
45.34
45.02
45.21
44.89
44.96
45.09
45.03
32.45
28.78
28.12
28.62
27.91
29.04
28.56
39.86
44.47
45.06
44.79
45.04
44.69
44.78
45.71
44.38
45.32
44.54
45.02
45.58
44.82
44.94
44.59
45.36
32.5
27.59
28.15
28.12
27.85
28.09
78.71
97.56
97.22
98.66
97.07
97.25
97.81
98.26
97.29
97.12
96.36
96.06
96.37
95.9
95.89
95.77
86.2
54.13
30.94
28.24
26.81
28.06
28.16
27.25
39.06
56.3
97.61
96.75
96.77
97.4
96.97
96.99
98.25
101.36
100.27
98.92
98.52
95.92
97.79
97.15
87.62
54.95
32.34
27.64
28.1
29.2
28.21
28.52
38.57
56.84
97.96
96.11
97.47
97.06
97.6
97.95
97.55
98.82
99.23
97.26
97.34
97.82
96.25
97.2
86.23
53.86
32.05
28.08
28.2
28.37
28.5
27.73
38.82
56.05
97.89
90.95
98.49
99.0
97.9
97.94
97.36
97.83
97.55
96.8
95.51
96.12
95.33
95.3
85.53
53.44
30.55
27.24
26.32
26.52
27.07
25.44
36.25
55.22
94.93
95.07
94.15
95.38
94.71
93.98
94.65
93.63
94.16
94.74
93.18
94.57
94.6
95.33
69.59
46.84
30.9
25.7
26.15
25.49
26.89
25.82
26.31
37.12
42.72
41.88
43.08
42.37
42.08
41.79
43.06
42.83
42.69
42.9
42.45
42.87
42.47
43.17
42.35
41.88
30.31
25.88
26.18
25.87
25.76
25.48
26.53
36.78
42.98
42.45
42.88
41.84
42.08
42.87
42.52
42.24
42.87
41.96
43.54
41.66
42.83
41.79
42.6
42.62
30.54
27.48
25.26
26.2
25.5
26.28
75.74
95.49
93.91
95.17
94.36
95.94
94.36
95.15
96.24
94.8
94.65
94.55
93.84
94.03
94.03
93.99
83.75
52.46
29.7
24.87
25.57
24.57
25.39
25.54
36.64
54.6
94.5
95.07
93.81
95.7
94.45
96.11
96.07
98.03
98.47
97.49
97.95
94.45
95.26
95.65
84.15
52.95
29.86
25.51
25.57
25.62
25.41
25.03
36.9
55.22
95.62
94.39
95.33
95.51
96.06
96.69
94.79
96.22
98.15
97.7
96.08
95.8
96.39
95.24
85.09
52.37
30.01
24.71
25.45
24.69
24.71
25.25
37.23
54.5
95.85
94.36
104.45
111.38
111.67
110.61
110.42
110.86
110.51
110.54
110.53
110.45
110.57
109.56
96.97
65.14
41.34
37.06
35.89
37.14
37.5
36.47
48.17
67.54
110.54
109.52
110.94
110.56
111.72
110.65
111.48
111.87
111.05
111.69
112.73
111.23
112.25
111.91
84.37
60.06
42.99
37.25
36.94
37.07
37.76
37.39
38.08
48.97
54.04
54.91
53.76
40.73
27.28
53.57
54.7
54.16
54.42
53.9
53.93
53.9
54.0
53.68
54.64
54.24
42.34
37.77
37.29
38.09
37.09
37.85
37.63
50.25
55.67
54.85
54.66
54.56
53.84
54.32
54.15
54.82
53.55
54.77
53.34
54.51
53.28
54.63
54.27
53.63
42.26
36.91
37.49
37.34
37.19
38.57
91.85
112.23
112.89
111.5
112.57
113.09
112.06
112.48
111.79
111.71
111.56
112.49
111.59
111.46
111.37
111.77
98.32
65.43
41.79
37.18
37.64
36.92
36.97
36.95
50.01
69.6
111.12
111.02
112.54
111.59
111.83
111.76
112.75
113.0
114.12
112.7
111.19
111.59
111.93
110.25
98.66
64.37
42.29
37.27
37.95
37.32
38.24
37.61
48.08
69.92
111.8
111.4
109.22
109.84
110.26
111.79
112.6
113.64
113.37
111.35
111.21
111.0
111.16
111.9
97.14
65.41
42.47
37.78
37.92
36.8
37.76
37.57
47.64
67.99
109.6
109.98
109.87
110.56
111.84
111.85
111.64
112.87
111.92
112.94
111.39
111.96
112.1
112.29
99.95
64.62
43.44
38.62
37.18
37.66
37.8
38.51
50.08
69.95
112.63
103.8
106.01
113.52
113.28
112.89
113.28
113.46
112.98
113.58
113.84
113.04
112.48
112.26
84.97
60.2
43.48
38.13
37.25
37.11
38.2
36.6
37.78
48.66
53.51
54.64
54.22
54.71
53.52
54.22
54.68
53.32
54.6
54.01
54.26
54.46
54.9
54.41
53.82
54.68
42.21
37.66
37.4
37.77
38.17
37.59
37.52
49.78
54.02
54.06
54.32
54.54
54.44
53.79
54.68
54.27
54.4
54.3
54.51
54.87
53.81
54.55
54.36
54.36
42.87
36.91
37.06
38.0
38.51
37.37
92.96
112.44
111.85
112.96
111.49
112.07
112.22
111.95
112.72
114.03
114.81
114.59
112.58
112.59
112.22
110.77
100.62
65.38
42.1
37.76
36.61
38.13
36.76
37.86
48.66
69.85
111.75
112.81
111.93
112.67
112.21
112.38
113.6
112.94
113.43
113.71
112.7
111.66
112.46
111.76
98.67
66.6
41.96
37.78
37.11
38.05
36.99
38.73
49.68
69.44
111.68
111.71
112.36
112.47
114.73
114.08
112.65
112.72
113.13
113.97
112.45
111.75
111.02
111.92
99.98
65.91
42.86
37.73
38.15
36.91
38.01
37.14
49.71
69.37
110.92
111.43
112.2
112.53
110.92
111.43
112.23
111.53
111.79
111.72
111.83
111.4
111.51
111.38
98.21
65.32
41.92
38.0
37.67
37.22
37.41
37.82
49.85
70.06
112.92
112.58
112.54
113.68
113.2
112.84
113.39
113.19
112.55
112.71
112.91
113.94
114.0
113.69
85.76
59.65
43.35
38.92
38.17
38.92
38.01
39.1
38.42
50.12
55.34
54.89
54.89
55.17
55.3
55.83
54.81
54.62
55.6
56.4
55.41
55.76
54.7
55.14
55.17
54.81
42.91
37.7
37.78
38.91
37.45
38.57
37.84
49.78
56.08
54.79
55.09
54.94
54.96
55.93
54.67
55.01
54.21
55.43
55.24
54.76
55.3
54.74
54.6
55.33
43.23
37.52
38.59
37.93
37.65
38.21
95.09
112.78
112.34
111.64
113.46
113.88
114.53
115.51
114.05
114.16
114.68
114.36
113.81
114.46
113.27
114.45
101.06
68.13
45.28
40.64
41.42
41.24
40.15
41.33
52.49
72.9
114.9
115.1
114.43
114.52
114.03
114.44
114.73
115.39
114.13
114.04
113.34
113.04
113.48
113.65
100.37
67.22
43.37
39.06
39.17
38.36
39.14
39.59
51.43
69.37
112.57
113.58
112.46
114.97
113.79
114.22
113.52
113.25
115.25
114.99
114.8
111.74
112.46
112.66
100.5
67.12
44.08
38.91
39.04
38.88
38.71
39.91
51.26
69.96
114.05
114.91
112.85
115.53
114.76
117.45
117.68
117.11
117.49
114.75
112.86
112.6
113.34
112.54
100.55
66.57
43.49
38.22
38.33
39.53
38.51
38.88
49.94
68.06
114.3
114.22
113.94
114.25
112.96
113.04
112.31
112.89
113.32
114.22
111.91
113.27
114.04
113.09
86.64
61.65
43.56
39.17
38.54
41.19
38.27
37.42
39.23
50.36
56.9
56.26
55.34
55.53
54.7
55.91
55.12
56.33
56.4
56.01
55.42
55.68
55.58
56.17
55.99
55.54
42.95
38.56
38.55
39.75
38.34
38.42
38.98
50.8
56.36
56.08
56.8
55.82
55.32
56.4
55.52
56.25
56.83
55.42
55.52
55.49
56.25
56.51
56.29
57.57
43.79
38.69
39.83
39.16
39.74
39.54
95.66
113.14
114.04
113.38
113.82
115.05
115.95
115.49
117.05
113.86
114.78
114.16
113.19
113.06
112.56
113.86
101.57
67.18
43.79
39.58
38.08
40.65
38.19
39.21
50.8
68.08
113.81
112.84
111.92
114.58
115.45
116.01
116.05
115.55
114.08
115.16
115.04
115.06
113.15
113.12
100.08
65.35
43.91
40.17
39.05
39.45
37.9
39.29
51.01
68.96
113.18
113.27
114.79
113.0
113.87
114.22
114.78
114.07
113.52
114.29
114.95
113.39
112.19
113.66
100.26
66.45
44.35
40.01
39.82
40.47
39.09
39.25
50.97
69.44
113.68
114.31
114.01
115.36
115.52
114.33
116.34
115.39
114.08
113.67
113.13
112.41
112.68
112.29
100.48
67.45
43.35
38.88
38.33
38.44
39.68
37.96
50.66
68.91
112.99
115.33
113.26
113.79
112.91
113.13
113.4
113.79
113.89
113.83
113.9
113.48
112.64
112.43
85.27
61.76
43.7
38.06
38.01
38.55
38.78
38.8
39.16
51.04
55.92
55.45
55.76
56.47
56.36
55.61
55.65
55.03
55.16
55.45
56.9
54.79
56.19
55.32
55.64
56.58
42.96
37.4
39.06
37.87
37.33
38.42
38.5
50.16
55.56
55.97
55.51
55.49
55.89
55.13
55.26
55.18
55.01
55.93
55.03
56.25
55.08
55.27
55.65
55.61
42.13
37.59
38.54
38.3
38.15
38.34
94.67
39.32
55.84
112.52
111.56
113.59
113.63
113.3
114.4
115.49
118.52
117.97
115.15
113.23
111.35
112.08
99.23
65.03
42.33
38.32
38.04
37.85
38.01
38.42
49.77
69.96
111.88
112.55
111.91
113.56
111.74
112.71
114.02
114.27
113.77
114.09
113.36
111.62
112.33
111.44
99.54
66.96
44.92
40.57
39.91
38.06
38.88
37.22
49.36
68.69
111.79
112.22
111.9
111.59
112.24
113.72
113.36
114.39
114.93
114.19
112.34
113.34
112.66
113.08
99.64
65.61
43.77
39.93
39.61
38.82
39.63
38.76
50.32
69.9
113.12
114.19
113.73
113.59
115.68
112.42
114.23
112.9
113.85
113.79
114.28
112.93
112.88
112.47
100.06
67.37
43.18
38.98
38.88
38.8
39.78
39.32
51.28
68.97
113.18
112.32
112.46
112.06
113.78
113.27
114.28
113.21
112.26
113.74
113.93
113.35
111.38
111.89
82.74
59.84
43.32
37.48
37.96
38.08
37.37
38.74
38.45
49.44
55.11
55.15
55.22
54.8
55.45
56.05
56.67
56.19
54.78
54.95
55.25
54.75
55.68
54.51
55.3
56.1
41.73
37.45
38.25
37.48
37.96
38.0
37.21
51.22
55.42
55.41
54.64
55.25
55.26
56.0
56.23
56.31
56.78
55.53
56.2
55.33
54.74
54.76
54.79
55.23
41.49
38.95
37.75
37.53
38.3
37.5
93.74
112.97
112.01
113.29
112.6
114.07
112.21
113.95
114.89
115.01
115.19
115.53
113.77
112.59
111.77
111.11
96.98
65.5
42.2
38.12
36.83
37.78
37.53
39.29
50.79
68.52
111.9
112.38
115.28
118.7
119.14
120.11
118.44
118.32
119.21
119.01
117.63
115.45
113.03
112.66
99.67
64.98
43.46
39.45
39.53
38.84
38.93
41.18
50.68
69.47
113.22
113.08
116.53
119.36
119.3
119.4
118.77
119.32
119.25
118.62
120.35
116.09
113.75
112.01
99.13
65.11
42.79
39.41
38.66
39.13
41.03
40.21
51.14
68.58
113.07
113.19
114.62
117.39
117.09
118.26
119.09
118.91
117.88
116.77
119.57
116.54
112.49
111.96
99.09
65.67
43.23
38.85
39.73
38.63
41.47
40.56
52.49
69.32
112.93
113.51
115.58
117.09
114.69
111.91
112.68
113.89
113.29
111.64
111.76
112.13
111.9
111.25
84.51
59.51
43.87
38.96
38.58
39.2
40.43
40.5
39.07
50.17
55.1
55.08
56.03
54.27
55.38
55.44
54.93
55.64
56.0
55.85
55.0
54.33
55.23
55.32
55.19
54.25
42.9
39.1
38.41
38.95
39.43
37.82
38.79
51.23
54.54
54.88
55.82
54.42
54.87
55.15
54.66
54.97
54.95
55.09
55.38
53.96
55.38
54.77
55.14
55.35
42.56
38.04
39.1
37.97
38.87
38.6
84.11
108.47
111.08
114.34
114.25
113.48
114.84
114.93
117.32
117.14
114.3
117.87
116.68
113.9
114.49
113.14
98.63
65.22
43.21
39.68
38.89
38.49
40.24
40.47
50.19
92.74
117.25
118.19
120.82
123.34
124.47
125.06
124.41
124.94
125.01
125.42
125.0
124.46
123.68
117.85
103.88
69.1
45.29
40.85
41.6
40.67
40.09
42.32
53.22
71.4
117.12
117.05
120.48
123.47
123.47
123.47
122.55
123.31
123.33
122.87
124.24
123.45
118.55
116.89
101.8
68.63
45.4
41.09
40.51
40.49
41.15
41.6
51.06
71.45
116.36
116.39
118.7
122.22
121.56
121.26
122.25
122.91
122.51
120.76
122.66
123.62
119.97
117.45
103.62
68.9
44.35
41.29
40.7
40.36
41.8
41.37
52.24
72.25
118.44
115.89
118.7
122.06
121.68
119.08
118.23
116.87
118.22
117.7
117.32
116.8
117.25
116.5
86.96
61.47
44.58
40.4
41.15
40.67
40.08
40.16
40.88
52.0
56.15
57.85
57.05
56.48
57.49
57.19
56.87
56.94
56.65
57.03
57.09
57.2
57.27
56.54
57.15
57.94
44.01
40.56
41.0
40.23
41.26
40.84
40.62
52.34
56.86
56.21
56.7
56.89
57.3
56.29
57.47
56.5
57.33
56.67
56.67
56.21
57.13
56.31
57.18
57.22
45.03
39.67
41.04
39.85
40.68
40.29
40.6
39.97
40.24
41.13
40.13
40.76
40.45
40.72
40.7
41.16
40.51
40.26
39.72
40.72
39.83
39.95
40.75
40.41
40.5
39.78
40.74
40.23
40.64
40.35
52.59
70.61
116.38
117.97
121.35
127.52
126.28
125.63
128.7
129.54
128.14
126.14
126.8
127.4
124.44
118.02
105.86
70.39
46.2
42.84
41.52
42.04
42.19
43.49
53.39
72.37
118.31
117.64
123.07
129.84
126.91
126.59
129.77
128.39
126.11
125.66
129.92
126.43
122.99
119.25
105.79
71.57
46.67
43.89
43.46
41.12
42.47
41.26
52.56
72.35
119.35
117.04
119.51
126.45
124.83
125.6
128.37
126.39
124.76
125.12
129.14
124.24
121.37
118.46
103.64
68.67
45.68
41.01
41.82
41.31
42.93
41.09
53.49
72.44
118.86
117.88
120.3
125.31
123.72
123.39
120.46
120.79
119.98
117.64
117.52
118.5
118.22
119.18
88.28
62.3
47.15
40.59
42.3
42.72
43.23
41.28
42.16
53.16
57.17
58.92
58.76
58.95
59.47
58.36
57.5
59.2
57.71
57.65
58.47
58.89
57.6
57.71
56.48
57.76
45.69
41.33
43.04
41.3
40.71
42.86
41.2
55.24
58.16
58.39
58.27
56.54
58.14
57.34
57.61
58.94
58.21
56.86
60.22
57.88
57.94
59.8
56.38
58.12
45.97
41.79
41.66
41.33
43.73
41.01
98.38
119.42
117.38
119.67
118.15
118.84
119.83
123.77
127.87
126.69
124.2
128.47
126.26
123.5
119.65
119.4
106.54
70.4
45.04
41.95
42.6
42.28
42.83
42.16
53.69
74.0
118.4
117.51
122.43
126.8
124.33
124.49
127.27
128.11
126.43
124.88
126.13
126.58
123.65
120.07
106.07
70.22
46.24
41.8
41.78
41.2
43.4
42.08
52.27
72.87
116.73
117.06
118.59
124.26
125.88
124.0
124.71
124.67
123.85
124.54
121.99
123.43
121.38
117.35
104.79
71.3
46.67
42.81
40.96
42.97
43.8
43.13
52.7
72.21
117.15
116.46
119.1
122.63
122.46
121.42
121.74
122.67
120.0
121.48
124.49
124.4
119.1
118.45
104.49
68.62
45.77
42.68
41.36
41.83
42.74
41.37
52.55
70.98
115.37
115.25
118.1
122.25
122.29
120.45
119.56
118.92
120.49
118.33
117.82
117.26
116.15
117.85
87.96
60.95
45.99
41.54
40.25
42.25
42.54
41.79
41.11
51.75
56.24
56.59
58.52
59.85
57.17
58.13
58.25
58.1
58.45
57.01
57.55
57.39
58.54
57.65
59.26
57.51
44.29
40.64
42.5
40.04
41.56
42.67
40.27
52.64
58.27
56.21
57.98
57.84
58.4
56.85
59.35
56.86
57.62
58.94
58.31
58.41
57.39
57.91
56.51
58.31
45.51
40.72
40.44
41.68
41.88
41.88
97.07
116.53
116.16
116.01
115.66
116.79
116.68
118.52
118.55
118.31
119.84
121.63
118.69
119.14
118.13
116.97
104.08
67.84
45.97
41.42
41.88
41.18
43.18
41.09
52.92
70.65
116.6
116.5
118.58
126.86
127.34
126.9
126.61
130.37
127.11
125.04
127.67
126.49
124.24
117.7
104.11
68.77
45.45
41.18
42.13
41.31
40.62
43.84
52.45
72.51
116.99
117.29
120.26
124.72
121.2
122.64
124.02
123.61
121.35
121.06
120.79
120.35
117.38
113.37
100.42
68.21
45.58
40.87
39.54
40.15
41.27
40.96
51.24
70.47
113.79
113.93
116.74
122.7
121.2
122.64
124.02
123.61
121.35
121.06
121.41
120.53
115.75
113.57
100.69
65.53
43.28
39.85
39.07
38.03
40.5
40.12
50.89
70.14
114.44
114.98
117.15
118.4
117.07
114.56
114.08
115.72
117.05
116.27
113.79
114.44
114.36
114.4
84.78
75.53
45.33
39.22
37.98
38.3
40.57
40.46
38.25
50.27
54.66
56.4
55.11
54.85
57.26
55.4
56.19
54.2
55.69
55.12
54.94
56.52
56.73
55.28
55.55
54.9
43.41
38.04
38.62
39.11
40.17
37.91
38.69
50.96
56.04
54.79
55.63
55.63
55.3
55.7
55.63
55.61
56.14
54.85
55.89
54.77
56.15
54.71
55.43
56.63
42.15
38.94
39.19
39.24
39.96
39.08
95.01
115.0
113.37
112.84
115.1
114.57
114.73
116.15
117.71
117.79
118.13
118.81
117.51
115.46
115.54
115.82
100.84
66.45
45.86
38.76
38.8
39.23
39.69
39.71
50.9
70.92
115.3
116.19
118.7
122.84
123.0
122.7
123.54
126.77
124.12
123.28
123.93
125.36
121.08
115.66
101.56
66.62
44.17
39.99
38.57
39.68
40.36
41.24
51.5
71.65
115.73
115.25
118.19
122.24
122.51
122.5
120.98
122.75
122.09
121.97
121.08
121.32
117.55
115.08
100.05
66.24
44.13
38.64
38.52
39.62
40.62
40.26
50.62
70.77
113.67
114.53
116.7
121.56
121.14
119.38
121.41
120.49
119.43
118.24
121.46
120.99
117.06
114.88
100.71
67.14
43.05
39.8
38.88
39.83
38.81
40.06
51.95
70.53
114.26
114.21
115.0
120.38
119.7
117.57
114.47
116.08
117.59
117.2
117.23
116.17
115.9
115.28
85.11
62.51
44.38
38.62
38.9
39.47
40.15
39.77
38.92
50.44
55.8
54.69
55.26
55.8
55.15
56.04
56.31
55.52
56.43
55.25
55.73
60.37
70.96
54.81
56.09
55.24
43.61
39.35
38.26
39.47
38.11
40.09
38.99
52.42
55.76
55.45
56.01
54.47
56.46
55.9
55.27
56.86
55.81
56.08
55.3
55.99
55.34
55.14
55.36
56.31
42.91
40.01
40.41
38.7
38.51
39.28
96.92
114.92
116.42
114.14
115.74
115.93
115.89
117.26
118.75
115.76
116.57
119.47
117.15
116.15
117.4
114.87
101.63
65.9
42.64
39.65
38.83
38.86
40.1
41.11
50.46
70.52
113.11
116.39
119.49
124.71
124.41
124.0
124.22
126.92
124.01
122.27
122.12
122.06
120.68
114.4
101.36
68.57
43.64
39.98
39.72
39.44
40.42
40.9
50.84
68.22
114.59
113.28
118.11
122.64
123.66
122.12
121.68
123.7
122.67
123.53
123.76
123.98
121.41
114.95
100.86
66.86
42.69
39.8
40.43
39.08
39.92
41.33
50.51
69.75
113.69
114.93
116.32
120.24
120.64
119.5
119.63
121.14
121.29
119.27
122.26
123.67
118.36
114.47
100.95
66.78
43.21
40.39
39.09
38.41
39.78
40.32
50.96
67.71
113.97
113.49
116.15
118.98
120.88
119.94
117.54
117.18
116.79
117.2
117.55
116.09
114.69
114.78
86.4
61.73
43.69
39.53
39.34
39.6
40.96
42.62
40.09
50.72
56.08
55.48
55.72
57.05
57.92
58.14
57.33
57.79
58.07
55.69
56.49
56.75
56.4
58.3
55.8
56.14
43.69
38.85
39.38
39.9
39.03
39.84
40.44
50.86
56.88
55.76
56.69
55.16
56.79
56.78
56.14
56.06
56.4
56.31
55.97
55.92
56.2
54.45
56.43
56.01
44.35
40.84
39.33
39.78
40.05
39.11
83.95
110.28
115.6
114.63
114.54
115.61
116.63
114.35
115.42
116.63
116.19
115.48
116.56
116.05
115.15
115.43
101.72
66.73
44.34
41.16
39.16
40.16
40.18
39.57
50.45
69.44
117.15
115.45
115.8
116.61
115.29
115.49
114.54
115.92
116.11
114.86
114.45
115.21
115.41
114.87
100.63
67.13
43.1
40.78
40.08
39.56
40.0
39.75
50.55
68.73
115.23
113.52
117.05
121.68
124.61
121.55
124.3
124.47
121.97
121.75
122.73
123.67
122.45
116.35
102.41
68.19
43.8
39.44
39.1
39.08
40.22
40.75
49.8
69.21
113.5
113.86
117.03
123.77
122.82
121.64
121.57
122.99
122.66
121.74
123.19
124.36
122.3
116.39
102.07
67.93
43.59
39.41
39.46
38.63
40.27
41.25
50.26
68.37
114.26
112.26
116.64
122.23
124.73
122.57
118.92
115.94
116.86
115.06
115.04
115.76
115.08
113.93
84.59
60.27
43.22
39.17
39.22
38.07
39.16
39.17
38.77
49.92
55.94
54.96
56.59
56.32
55.84
55.85
55.58
56.21
54.83
55.95
56.02
54.96
55.04
54.28
55.92
55.8
43.38
38.99
38.31
38.51
38.31
39.48
38.61
49.04
54.35
55.29
55.38
54.97
55.11
55.99
54.21
55.17
56.1
54.3
54.61
55.14
55.55
54.85
55.29
56.26
42.54
39.69
38.65
37.4
39.35
39.32
94.28
115.1
114.17
114.61
116.0
115.77
118.23
117.46
118.46
117.95
118.4
119.2
118.02
116.19
116.07
114.86
101.26
67.83
43.68
39.5
39.0
39.4
40.05
40.06
51.25
70.59
114.68
113.79
115.43
120.64
122.71
123.63
124.86
124.31
123.73
121.42
122.37
124.61
120.04
115.52
103.0
68.01
43.95
40.15
38.82
40.11
40.8
41.28
50.39
69.96
113.9
113.3
117.35
125.89
126.3
123.41
125.55
125.13
124.04
123.76
126.78
126.24
122.39
114.54
100.9
67.36
47.18
43.11
42.9
44.03
43.51
42.32
50.77
68.87
111.6
111.05
114.29
119.66
121.59
119.43
120.63
121.6
121.07
119.85
123.78
123.59
121.44
116.11
103.53
70.88
48.54
42.46
43.36
43.67
43.42
40.48
49.28
66.4
111.21
110.97
113.07
119.23
121.04
120.89
117.25
116.45
116.82
115.96
116.21
114.49
113.69
113.09
85.03
59.9
42.53
39.14
38.66
39.49
40.59
40.56
39.63
48.97
54.1
54.37
54.5
55.15
56.23
56.77
55.93
56.16
56.56
56.89
56.12
56.77
55.97
56.14
56.45
55.22
44.07
40.2
39.77
39.25
39.74
39.98
40.02
49.4
55.09
53.84
54.66
55.53
56.13
56.14
56.37
56.11
56.86
56.11
55.41
57.01
55.61
56.22
56.61
55.99
44.28
39.43
39.31
40.02
39.33
39.89
93.96
113.89
113.6
112.66
114.02
114.92
114.53
115.28
117.44
116.17
115.76
120.32
116.17
114.53
115.5
114.44
100.63
66.13
42.71
39.82
40.31
39.9
40.71
39.48
50.19
66.22
111.19
111.4
115.55
122.03
122.83
121.33
123.73
124.45
123.66
122.39
123.36
125.75
120.3
116.01
102.11
67.57
45.0
40.98
40.03
41.36
41.91
42.35
51.21
68.89
114.41
113.43
116.97
126.11
126.69
125.83
125.13
130.38
124.92
125.73
129.61
126.16
120.66
116.4
102.48
69.75
45.72
41.94
41.48
42.9
42.07
43.53
51.58
70.43
115.75
114.98
128.62
135.18
135.5
131.11
138.86
134.73
132.44
133.97
136.2
132.47
126.17
126.47
104.93
66.52
45.92
42.72
42.17
41.84
41.66
41.29
52.23
71.02
123.5
124.09
125.09
135.0
132.13
127.78
126.28
125.72
127.39
127.55
124.04
124.13
123.59
124.45
87.84
60.24
44.28
43.4
41.65
42.55
39.38
41.08
40.86
49.12
53.8
54.3
53.85
53.97
54.14
53.5
52.95
55.01
53.58
53.09
54.14
53.15
54.9
52.95
54.25
54.29
43.87
41.06
40.83
39.42
41.74
39.44
41.67
50.87
53.18
54.65
53.89
54.39
54.32
53.24
54.65
54.27
54.03
55.2
54.57
54.25
54.16
53.86
55.03
53.5
44.76
40.54
40.42
40.64
41.26
40.79
100.74
123.45
123.22
123.79
125.82
129.61
131.09
131.0
130.42
130.51
128.14
124.04
123.32
124.42
123.41
124.09
102.06
66.35
45.61
43.19
43.04
43.35
42.53
41.21
59.97
84.95
124.41
124.71
131.1
135.88
134.55
131.45
135.21
136.43
134.1
134.0
134.9
136.0
127.65
126.0
102.83
66.73
45.02
42.8
42.37
42.49
42.35
41.26
49.37
69.4
122.37
123.24
124.13
133.59
132.04
130.44
132.51
136.68
130.65
130.39
136.95
132.21
127.11
122.18
100.11
76.68
55.06
42.38
43.02
42.15
42.35
42.37
51.0
70.2
124.64
125.75
130.13
132.45
130.02
130.04
137.03
133.83
131.22
132.64
135.67
130.6
125.72
124.67
103.33
79.7
69.72
69.05
64.5
57.65
47.57
63.74
51.79
70.95
123.7
124.55
125.56
132.77
131.3
130.47
128.63
126.01
124.73
124.17
123.84
122.15
122.85
123.4
86.83
61.45
46.79
42.59
43.23
41.98
43.39
42.56
41.57
51.55
55.59
55.94
55.28
54.91
55.85
55.7
55.02
67.52
65.34
68.96
69.01
58.72
55.34
55.26
54.31
55.72
45.17
41.8
41.78
41.62
41.99
42.66
42.16
51.63
53.76
55.26
54.96
55.12
55.12
54.45
54.12
54.38
55.56
53.95
42.27
54.25
54.16
53.86
55.03
53.5
44.76
40.54
40.55
40.72
41.08
41.67
99.89
122.78
122.86
122.74
124.69
127.35
126.16
125.73
127.94
127.6
125.64
123.02
123.18
121.86
122.52
121.89
101.55
66.45
45.72
42.05
41.52
42.24
42.52
40.29
49.84
53.87
54.52
53.41
53.64
53.82
53.36
54.49
52.97
54.75
53.97
53.82
54.96
54.07
54.61
54.08
54.4
54.48
44.07
40.95
40.62
40.75
39.4
40.64
49.71
69.09
122.87
121.66
126.45
134.41
132.2
131.19
134.89
132.18
129.27
129.98
135.93
130.13
126.82
126.06
105.0
67.9
46.42
42.66
42.92
43.73
43.62
43.01
52.01
72.05
124.34
125.18
132.44
131.51
129.82
130.35
134.0
130.48
129.65
133.64
131.72
127.22
125.51
124.57
103.29
65.8
45.3
42.02
41.57
42.05
42.33
41.82
51.8
70.3
124.81
124.5
125.99
133.75
128.58
124.42
89.14
79.11
79.16
78.83
78.15
78.18
78.01
78.02
71.61
55.55
45.08
43.53
43.46
42.73
42.85
43.17
41.18
52.1
55.42
56.28
55.39
55.03
55.93
55.03
56.4
55.7
54.64
54.93
55.34
55.5
55.76
55.21
56.02
56.66
47.07
44.49
43.49
44.66
43.99
44.27
44.14
52.84
58.07
57.49
57.79
65.45
66.04
57.21
75.23
74.5
75.05
74.37
76.13
72.18
57.61
57.13
58.18
57.17
47.68
44.1
44.73
43.9
44.47
44.55
104.11
126.77
126.27
126.3
128.75
129.62
118.91
110.06
112.17
111.35
110.5
108.58
108.22
105.87
108.28
106.14
85.9
64.32
48.06
43.77
44.87
45.13
44.15
44.35
52.89
70.89
128.02
128.32
134.68
136.75
134.05
133.11
133.68
134.85
134.68
135.81
137.58
136.66
129.16
129.84
105.95
70.45
48.1
44.45
44.39
43.4
44.58
45.3
52.59
76.52
125.8
127.02
128.55
135.69
132.65
133.91
133.5
134.56
133.22
134.03
132.61
133.32
131.01
126.79
103.36
68.64
47.13
43.21
43.75
43.44
42.7
42.79
51.95
71.43
124.54
126.13
129.88
132.7
132.16
135.03
134.4
132.15
131.39
134.08
133.5
132.27
127.25
126.93
106.48
70.26
47.82
44.98
43.98
43.37
44.73
43.8
52.73
71.28
126.47
126.54
126.34
129.91
130.57
131.46
128.2
124.89
125.89
125.83
123.51
123.78
123.47
123.72
86.78
59.59
45.81
40.44
41.2
41.65
40.03
41.69
41.66
50.42
55.25
55.76
55.57
55.11
54.36
55.12
55.27
54.01
55.74
54.27
54.55
55.12
54.6
65.29
72.94
74.21
70.02
67.79
69.73
68.95
67.42
66.55
65.64
70.5
72.56
73.5
72.0
72.98
73.0
71.92
72.9
72.43
73.75
64.34
55.21
55.8
54.86
54.45
55.14
54.79
45.3
41.24
41.18
41.98
40.86
41.37
98.48
124.09
123.15
124.61
123.38
78.11
63.26
61.03
61.27
61.93
62.01
62.23
62.46
61.34
61.47
61.19
55.95
52.3
45.14
42.87
40.55
42.6
43.68
41.36
49.92
67.55
125.24
125.65
132.21
135.98
131.95
131.34
134.64
133.48
130.84
134.27
135.07
131.24
129.4
125.43
101.87
66.2
44.45
42.0
41.64
42.75
42.59
41.9
50.89
69.37
125.75
124.89
126.82
127.77
126.35
126.28
124.75
127.78
127.73
127.48
125.57
125.98
124.24
123.38
103.22
66.54
45.62
40.63
40.18
41.1
40.69
41.34
51.04
54.19
54.57
53.83
54.38
53.96
55.1
54.78
54.97
55.94
54.55
54.0
55.01
54.12
54.49
55.21
55.36
54.43
44.8
40.51
41.42
40.9
41.18
41.37
49.82
55.22
55.26
54.89
54.56
54.2
55.56
55.92
54.42
54.68
54.64
55.0
54.33
54.02
54.38
55.32
56.04
55.06
46.77
41.08
41.47
40.6
40.42
41.63
40.81
51.24
54.14
55.04
55.59
53.88
55.22
54.84
53.53
54.66
54.96
54.32
54.48
55.33
55.96
54.74
54.34
54.95
45.01
40.4
41.34
41.96
41.49
42.23
41.3
50.72
53.75
55.09
55.7
54.87
55.42
54.24
54.62
54.58
54.43
54.8
54.38
54.39
55.18
55.62
55.49
54.99
44.36
39.82
41.23
39.96
39.67
41.14
97.64
126.36
124.87
125.02
124.82
125.02
127.03
128.84
126.41
127.14
126.91
67.1
60.73
60.32
60.09
60.02
55.11
63.63
65.24
60.99
67.48
66.96
61.04
67.55
58.97
72.65
122.94
122.88
123.26
125.64
125.14
126.66
128.15
128.65
126.73
126.69
126.77
125.81
125.29
124.53
103.66
67.63
45.15
42.11
43.24
41.15
41.32
41.77
51.38
69.7
126.99
124.8
124.55
128.3
129.02
129.13
129.06
127.0
127.47
126.16
125.55
127.15
122.78
124.89
101.62
65.44
44.49
42.04
43.22
42.9
42.6
43.05
53.28
71.4
125.08
125.02
125.3
124.8
125.06
124.36
124.62
126.18
125.93
125.5
124.97
123.26
124.17
122.63
101.99
65.18
45.42
42.3
42.42
42.98
42.8
41.75
51.25
69.85
125.09
125.11
124.55
125.09
127.43
130.14
129.88
129.66
127.43
124.8
126.08
126.87
124.31
123.78
87.07
61.1
46.19
42.46
42.98
42.84
42.3
42.11
42.46
51.64
55.72
56.13
57.09
55.91
56.19
56.06
57.26
56.29
56.39
55.6
56.51
55.85
55.42
57.18
56.25
56.18
46.48
42.2
43.15
41.8
42.46
43.04
42.19
53.14
56.25
56.49
56.01
55.46
55.93
56.9
55.68
56.49
57.34
56.23
56.54
55.83
56.72
56.29
56.42
56.07
46.64
43.37
42.31
43.47
42.29
41.88
100.49
124.17
125.4
125.75
125.73
126.04
125.71
127.31
125.56
124.75
126.24
125.76
120.84
120.54
120.83
119.94
102.25
68.23
46.34
41.5
41.37
42.07
41.2
42.57
50.57
69.56
124.84
124.07
123.12
124.71
124.67
123.67
124.3
124.01
123.82
122.95
121.71
121.57
124.28
122.65
100.23
64.24
45.28
41.12
42.73
42.1
40.6
41.77
52.23
69.01
118.07
117.02
117.25
117.58
117.51
117.68
118.01
118.4
116.82
116.92
117.02
116.76
116.4
117.9
96.38
63.98
44.73
41.37
41.44
40.5
41.22
41.13
51.18
66.3
117.42
117.57
117.58
118.08
118.3
119.23
117.75
118.89
119.1
114.22
115.81
113.76
113.42
112.27
95.03
64.67
45.14
41.85
41.31
42.16
42.95
42.29
51.75
66.27
114.09
113.83
114.24
113.6
116.67
119.12
120.23
118.16
121.1
120.23
117.63
117.39
118.42
117.83
84.45
59.13
46.24
41.26
41.15
40.59
41.44
40.61
40.42
49.98
53.38
55.34
53.39
53.68
55.47
54.38
54.97
56.63
54.93
53.94
54.43
55.99
54.81
54.03
55.64
54.8
44.9
41.18
40.51
41.71
41.38
41.04
40.88
51.08
56.1
53.93
55.82
54.07
54.93
55.55
53.6
55.53
54.17
55.23
55.14
54.23
55.19
54.25
54.11
54.79
45.28
42.18
40.75
40.93
40.96
40.25
96.4
120.24
120.07
119.36
120.0
122.06
123.85
116.9
113.03
112.91
112.72
110.95
110.24
110.95
111.65
111.22
98.01
77.19
68.36
67.04
66.95
66.16
63.61
65.69
68.89
81.94
111.01
111.06
110.8
114.22
114.57
115.42
117.86
118.23
117.73
114.49
111.3
113.01
112.47
113.49
97.12
64.03
43.21
40.28
39.56
41.21
40.75
41.68
51.07
69.33
115.03
113.51
114.12
115.43
93.38
88.52
119.41
116.18
116.26
116.64
116.39
116.99
115.12
116.47
102.39
65.53
45.17
40.23
41.57
41.91
40.84
42.37
51.3
70.68
114.16
115.39
113.96
114.91
116.39
118.62
118.78
118.85
117.45
114.87
114.0
113.54
112.9
112.98
97.88
61.7
41.51
37.97
38.74
37.57
38.91
39.41
49.97
68.98
111.44
112.82
112.31
111.61
113.39
114.41
116.46
113.99
112.11
111.98
111.77
111.05
111.14
111.2
81.47
57.22
42.15
38.3
38.98
39.28
38.53
37.85
37.36
47.66
51.75
51.57
51.59
51.43
52.33
53.35
52.61
53.73
52.34
54.07
52.61
52.63
53.55
52.66
53.22
53.46
41.83
38.76
38.59
39.0
38.61
37.81
38.35
49.28
52.38
52.27
52.69
52.08
53.34
52.88
52.6
53.1
52.87
53.94
51.91
52.55
53.93
51.82
54.2
52.52
42.45
38.41
37.79
39.45
38.11
38.89
93.93
112.96
113.43
112.81
113.27
112.87
114.88
113.93
113.47
114.89
113.45
113.72
113.86
113.42
114.89
112.95
114.32
114.98
112.62
114.02
114.47
113.65
114.99
113.55
113.16
113.08
113.04
112.31
112.8
113.42
112.6
113.45
114.06
113.87
112.97
113.55
112.55
113.48
113.15
111.82
99.3
63.94
42.08
39.03
38.7
38.79
39.44
39.67
49.02
67.73
113.84
113.83
113.83
113.5
113.78
113.3
114.49
114.19
113.58
112.97
113.29
112.09
113.08
111.69
100.05
63.8
40.73
37.46
38.35
38.28
37.54
37.81
48.99
66.67
113.52
113.71
112.62
112.76
113.45
112.86
113.31
113.08
112.28
112.95
112.41
113.3
113.37
113.21
100.28
63.69
41.9
37.65
37.27
38.36
38.12
38.05
48.08
67.9
113.05
113.7
114.64
113.21
112.62
114.07
112.42
112.98
112.95
113.75
113.64
113.44
113.25
113.36
83.3
57.51
43.37
36.91
38.28
37.83
37.96
37.18
38.28
48.71
54.39
52.86
53.75
52.32
52.72
52.48
52.95
52.47
53.34
52.19
52.12
51.96
51.79
52.82
53.23
53.13
42.03
37.68
37.33
38.16
38.21
38.68
37.56
47.67
53.81
54.05
54.1
53.36
52.82
53.67
52.62
53.43
53.33
52.26
52.32
53.44
53.25
51.91
52.61
53.1
43.05
37.4
38.65
37.37
38.48
39.24
92.65
112.92
113.52
112.95
112.73
113.57
113.16
115.47
114.21
116.13
113.87
114.44
114.21
114.24
114.23
113.91
99.2
64.76
42.76
38.3
39.15
39.83
38.45
53.14
113.16
113.08
113.04
112.31
112.8
113.42
112.04
112.27
111.41
112.61
113.38
112.99
112.78
111.48
112.0
113.5
98.92
62.57
40.59
36.14
37.61
37.33
37.85
38.1
49.02
67.73
113.84
113.83
113.83
113.5
113.78
113.3
114.49
114.19
113.58
112.97
113.29
112.09
113.08
111.69
100.05
63.8
40.73
37.46
38.35
38.28
37.54
37.81
48.99
66.67
113.52
113.71
112.62
112.76
113.45
112.86
113.31
113.08
112.28
112.95
112.41
113.3
113.37
113.21
100.28
63.69
41.9
37.65
