41.25
41.5
41.25
41.0
41.75
41.0
41.75
42.25
42.5
42.0
42.25
41.75
42.5
42.25
42.75
42.5
43.0
43.25
43.0
42.5
42.25
42.0
41.5
42.5
41.75
41.5
41.25
41.5
41.25
41.5
42.0
42.25
42.5
42.25
42.75
44.5
45.25
45.25
45.0
44.0
45.0
44.5
44.5
44.25
44.0
43.25
42.0
41.75
41.5
41.5
41.5
41.75
41.5
41.75
41.5
44.0
47.75
52.5
59.75
58.25
54.0
54.25
57.0
57.0
56.5
53.5
49.75
46.75
45.5
45.5
44.0
44.0
43.75
42.75
43.0
42.5
43.25
43.0
44.0
44.25
47.75
49.0
57.75
55.75
55.25
53.0
53.0
52.0
55.75
53.75
50.0
47.5
45.75
44.0
43.0
42.5
42.75
42.75
42.0
43.0
42.25
42.5
42.5
42.75
42.75
43.0
43.75
45.75
46.0
45.5
46.0
46.5
46.0
46.25
46.5
46.5
44.0
43.0
43.25
41.75
42.5
42.0
42.75
42.25
42.0
41.75
42.0
42.5
42.5
42.25
42.75
43.5
43.5
44.5
44.75
45.25
45.0
45.0
45.5
45.25
44.25
43.75
43.25
43.0
42.5
41.75
42.0
42.25
42.5
42.25
43.25
47.25
55.0
62.0
69.5
72.25
70.25
69.0
72.5
71.25
69.75
66.5
60.25
55.25
51.75
51.0
50.75
50.5
50.25
48.5
49.0
48.0
48.5
47.75
49.0
53.25
61.0
66.75
74.25
78.75
73.5
76.25
74.0
74.5
76.5
74.25
68.5
63.25
57.75
55.25
55.0
53.0
54.5
53.0
53.5
53.75
52.75
53.5
54.5
58.25
64.5
71.25
75.0
81.0
77.25
79.5
74.25
75.25
73.5
71.75
67.75
63.5
61.0
58.75
56.75
55.25
55.25
55.0
54.75
55.0
55.0
54.5
55.25
58.75
64.75
71.75
82.25
78.75
78.0
79.75
78.5
81.25
72.0
73.0
66.25
62.0
58.25
57.0
56.75
55.5
55.75
55.0
55.5
55.0
54.75
55.5
55.75
62.0
72.0
75.75
71.75
80.75
79.0
77.5
78.75
75.5
76.5
68.25
61.25
57.25
55.75
54.25
53.75
52.5
52.0
51.0
51.25
51.5
51.0
51.25
51.0
51.75
52.0
52.75
52.75
52.25
53.25
52.25
52.25
52.75
52.5
54.0
52.75
52.75
50.0
49.0
48.5
47.75
47.0
47.5
47.25
47.25
47.75
47.0
47.5
48.25
47.5
48.5
49.0
49.0
50.25
50.5
50.5
51.0
52.5
51.25
51.25
50.0
49.0
49.5
48.5
49.0
48.0
48.25
48.0
48.25
48.0
48.25
49.0
52.75
63.25
69.5
76.25
74.75
76.0
77.75
79.0
77.75
76.0
72.0
65.25
58.25
55.25
53.75
53.5
52.5
51.25
52.0
51.5
51.5
50.5
51.0
52.5
55.5
62.75
74.25
70.25
73.0
70.0
69.75
72.0
73.5
76.5
72.25
66.5
60.5
56.75
56.0
54.25
52.25
52.25
52.0
52.75
51.5
51.5
52.0
52.75
57.0
61.25
70.0
76.0
76.75
73.5
71.5
70.5
75.0
73.5
69.25
66.5
59.75
55.25
53.25
50.25
50.5
48.5
50.75
49.25
49.25
48.75
49.0
50.0
54.0
60.0
70.0
72.5
75.75
73.5
68.75
72.25
73.25
72.25
68.25
65.25
58.5
54.5
54.75
53.5
50.75
50.25
50.25
50.75
49.25
49.75
49.5
50.5
53.5
61.25
70.75
71.5
70.25
69.75
69.75
70.0
70.5
69.75
67.25
64.25
59.25
56.25
52.5
52.5
51.75
51.0
51.0
50.25
50.5
50.5
50.0
50.5
50.5
52.0
52.25
52.5
53.25
52.5
52.25
53.25
55.0
53.25
53.25
53.75
51.75
51.0
51.5
52.5
51.5
51.0
49.75
50.0
50.5
50.5
50.75
50.25
49.75
50.5
50.75
51.25
52.0
52.0
51.5
52.5
50.75
51.75
52.5
53.0
51.75
51.25
51.25
51.0
50.5
50.25
49.75
50.0
49.75
50.25
49.25
51.75
55.5
63.0
67.75
76.25
75.5
75.0
75.0
75.75
74.25
77.25
73.75
68.0
60.5
59.25
57.25
56.0
55.5
53.25
52.75
52.0
53.0
51.75
52.75
53.25
57.0
61.75
69.5
75.25
72.75
74.0
73.75
72.5
74.0
73.0
72.75
68.0
62.75
59.5
56.0
55.25
53.25
53.25
52.0
52.5
51.5
52.25
51.75
52.75
55.75
63.75
69.0
76.5
79.0
77.25
75.75
77.75
78.0
75.5
73.0
71.25
65.5
63.5
60.0
60.5
59.0
58.75
58.0
57.5
56.75
57.5
57.0
57.5
59.5
66.25
72.25
79.75
78.0
78.75
75.25
76.75
78.25
79.5
78.0
71.75
67.0
62.5
58.5
58.0
58.25
57.0
55.5
55.25
55.25
55.5
55.75
56.0
60.25
65.0
72.25
78.25
75.0
74.75
75.0
72.75
72.75
71.0
68.75
64.5
60.5
58.25
56.0
55.25
55.75
54.25
54.25
53.25
53.75
53.75
53.5
53.25
54.0
54.5
55.5
55.5
56.0
57.75
56.5
56.0
56.5
55.0
52.75
53.5
52.5
52.25
52.0
51.5
50.75
51.0
50.25
49.75
49.5
50.0
50.25
49.5
51.0
51.0
51.0
52.25
52.5
53.0
53.0
53.0
53.75
53.25
53.25
53.25
54.0
52.0
52.25
51.75
52.0
50.75
50.25
50.0
50.5
51.0
50.5
51.0
54.75
60.5
79.75
84.0
85.75
83.0
84.0
87.25
87.0
86.25
81.75
78.0
72.5
69.0
66.25
65.5
65.0
65.25
63.5
64.0
64.5
63.75
64.75
65.0
68.5
73.25
82.75
84.5
87.5
86.75
83.5
89.75
89.5
92.75
87.5
81.25
76.5
73.0
67.5
66.25
64.5
65.0
63.75
63.75
64.0
63.5
64.0
64.0
68.75
73.75
81.0
82.0
84.5
83.25
80.75
82.75
77.5
84.25
81.75
77.75
73.25
68.75
66.75
65.5
64.75
64.0
64.5
63.75
63.25
63.0
63.25
64.75
67.0
73.5
83.5
83.5
84.0
81.25
84.25
84.25
88.5
87.0
83.25
76.75
64.25
59.75
57.75
57.25
57.5
56.25
56.25
55.75
55.75
56.0
55.0
57.5
59.5
65.25
74.5
88.25
86.75
82.25
78.25
83.5
80.75
82.5
69.75
66.25
61.75
59.75
61.25
59.75
57.75
56.5
56.25
56.0
56.25
56.25
56.0
55.75
55.75
56.0
55.5
56.5
57.25
58.5
57.75
58.5
58.5
56.5
56.25
55.75
55.75
53.75
52.75
52.75
52.75
52.5
51.5
52.0
51.5
51.0
51.5
51.5
51.25
51.75
51.75
51.75
52.5
53.25
53.75
53.75
53.75
52.75
52.75
53.75
53.25
53.5
53.25
53.0
51.75
51.5
51.5
51.5
51.5
51.25
52.0
52.0
56.5
61.5
70.25
74.75
74.25
73.75
71.25
72.5
74.25
74.5
69.25
67.25
63.75
60.25
58.5
57.5
56.0
55.75
55.5
56.5
55.5
55.5
56.25
55.75
58.75
63.5
71.25
74.5
79.0
74.75
72.75
73.5
76.0
76.25
72.25
74.75
73.5
69.5
68.5
66.75
67.25
66.0
65.5
65.25
65.25
65.75
65.75
66.0
70.75
73.75
84.75
91.75
87.0
87.5
84.75
82.75
85.75
85.5
80.0
77.5
75.0
68.75
66.25
65.75
64.25
64.0
63.75
63.5
64.0
63.5
64.0
64.25
68.0
73.25
81.25
86.75
89.0
87.5
86.75
84.75
89.25
86.5
82.75
79.25
74.75
69.5
66.75
65.5
63.5
62.75
62.0
62.0
61.75
62.25
62.25
64.25
67.25
73.5
79.75
86.25
84.75
83.75
80.75
83.25
85.75
81.5
74.75
72.75
69.0
65.75
63.5
62.25
61.0
60.75
59.75
59.25
60.0
59.5
59.25
59.75
60.25
61.5
62.0
62.0
63.0
62.25
62.5
62.75
64.25
63.0
63.25
63.5
51.75
50.5
52.5
51.25
49.5
48.5
48.25
48.0
48.5
48.0
48.75
48.0
49.0
48.75
49.0
49.75
51.0
50.75
50.75
50.0
50.75
50.25
51.75
52.25
49.75
49.5
50.5
48.5
48.75
48.25
48.25
47.25
48.25
48.0
48.5
49.0
52.25
62.5
73.25
79.75
80.25
78.75
79.0
78.25
76.5
78.5
73.5
67.75
62.0
57.75
55.25
54.0
53.5
51.75
52.25
51.75
51.25
51.75
52.0
53.75
57.25
63.0
71.5
75.25
74.25
75.25
76.0
76.5
79.25
63.0
75.5
71.0
67.0
58.0
54.5
53.75
52.75
53.75
51.75
51.5
51.25
52.25
52.0
53.75
58.0
63.0
70.25
75.75
76.75
76.25
74.0
73.75
74.75
73.0
69.5
64.75
60.0
58.25
51.0
53.75
53.0
52.25
51.5
52.0
51.5
51.5
52.75
53.75
57.75
63.0
70.25
74.75
74.25
73.0
70.5
72.0
77.25
73.5
69.25
65.25
58.75
54.5
53.0
51.0
50.75
49.0
49.25
49.5
49.5
49.5
49.75
51.0
55.0
65.25
72.5
72.75
72.25
68.5
67.5
71.25
71.0
67.5
63.75
61.75
59.75
54.5
53.0
51.25
50.25
49.0
48.75
48.25
49.0
48.5
48.5
48.5
50.5
51.0
50.75
51.5
51.5
51.75
51.75
52.0
52.75
53.5
52.5
52.5
50.75
50.75
49.75
49.75
50.0
49.25
48.5
49.0
48.5
49.0
48.5
49.0
50.0
51.25
51.0
52.0
51.25
52.5
51.75
52.25
52.5
53.25
53.25
52.0
51.0
50.75
51.0
49.5
50.25
49.75
48.25
48.25
48.75
49.5
48.5
50.75
55.5
59.5
70.5
79.0
76.5
77.5
71.25
69.5
70.0
68.75
66.5
64.75
59.5
55.0
53.75
53.0
52.5
51.25
50.0
50.25
50.5
50.25
50.25
51.5
56.25
60.75
68.5
77.0
75.75
75.0
74.25
72.75
76.0
72.5
69.75
67.0
67.5
68.25
67.0
65.25
63.75
63.5
63.5
63.75
64.0
63.75
64.5
65.25
70.0
73.25
81.25
88.5
88.5
85.0
86.25
86.0
85.75
84.0
81.0
77.25
74.75
70.0
66.75
66.0
65.0
64.75
64.5
62.75
62.25
63.25
62.5
64.25
68.5
75.25
83.25
89.5
85.5
75.75
77.0
77.25
77.25
77.75
73.75
67.75
63.25
59.0
55.5
54.75
54.5
54.75
54.0
54.5
54.75
53.75
54.25
55.25
59.5
67.5
75.5
82.5
81.5
79.0
79.75
73.0
75.0
76.5
67.5
65.25
58.75
55.25
52.75
51.5
51.75
50.5
50.75
50.0
51.0
50.25
50.5
50.5
51.75
52.5
52.75
54.25
53.75
53.0
52.75
53.0
52.25
52.75
51.5
51.75
50.0
50.0
49.25
49.75
49.25
49.5
48.25
48.75
48.5
48.5
48.25
48.0
50.25
50.5
50.5
52.25
51.5
51.5
52.5
53.0
53.25
53.5
54.75
53.0
52.25
52.25
50.0
49.5
49.75
48.5
48.0
48.75
48.0
48.5
48.5
50.5
53.5
60.0
66.5
72.5
75.0
72.5
71.5
73.0
76.25
74.0
70.5
67.5
65.0
59.0
57.0
56.0
55.0
53.75
53.75
53.25
53.75
53.25
53.75
56.0
60.5
66.0
72.75
79.25
79.0
77.25
78.75
75.0
76.75
79.25
75.5
69.25
65.75
62.75
62.0
61.0
60.0
59.25
58.25
58.5
58.75
58.25
58.5
60.0
65.5
71.75
84.25
86.0
88.25
84.0
87.5
85.0
86.0
86.5
82.25
78.75
72.25
68.25
66.0
65.75
65.0
64.75
64.25
64.5
64.5
64.25
63.75
66.0
69.5
75.75
81.0
83.25
84.75
82.25
86.0
85.75
86.75
84.25
81.5
79.0
75.5
70.25
68.5
68.0
67.75
66.75
65.75
66.75
66.75
66.0
66.25
67.25
69.25
72.75
79.25
81.5
84.0
82.0
80.0
80.5
77.75
79.75
77.0
71.25
65.0
61.0
59.25
58.5
58.0
58.25
58.0
57.75
57.25
58.0
57.25
57.75
58.5
59.5
59.5
58.75
59.25
59.5
60.25
59.75
60.75
60.0
59.5
59.25
58.25
58.75
58.0
58.0
58.0
57.5
57.75
57.0
57.75
57.25
56.5
57.25
58.25
58.0
59.0
59.25
59.5
60.75
60.5
60.75
60.25
60.0
60.75
59.25
59.0
60.25
59.25
58.75
58.0
58.0
57.25
57.25
57.25
57.5
57.25
58.75
62.5
69.25
86.25
91.0
94.75
90.75
90.0
90.25
91.5
90.0
84.25
84.0
80.25
76.5
74.0
74.0
72.25
72.0
71.5
71.25
70.5
70.75
70.5
72.5
76.5
78.25
87.0
89.0
94.0
92.0
91.0
91.25
89.0
93.75
89.75
88.5
83.25
79.75
76.75
77.75
75.75
73.75
73.25
73.25
73.0
73.25
73.0
74.75
78.5
83.5
91.0
96.25
94.0
94.25
95.0
96.25
97.5
94.0
91.0
88.0
85.0
82.75
77.5
70.0
65.5
64.5
63.75
63.5
63.5
63.0
64.25
64.5
69.5
74.25
74.25
75.5
72.75
73.5
72.0
70.5
75.0
71.5
69.0
66.25
61.75
56.0
53.0
52.75
51.5
51.25
50.0
50.0
50.75
49.75
50.25
52.75
58.75
63.5
68.0
72.0
71.5
73.5
72.25
74.0
73.0
73.75
69.0
65.25
60.5
56.0
51.25
50.25
49.0
48.75
48.25
49.25
47.75
47.75
48.25
48.5
51.0
52.75
53.5
53.75
55.0
55.0
54.75
53.75
53.75
54.0
53.0
50.25
49.25
49.0
49.0
48.25
47.5
47.75
46.75
46.75
46.75
47.0
46.75
47.25
50.25
51.75
52.0
52.5
53.25
53.5
52.25
52.75
53.5
52.75
53.0
52.0
49.25
50.0
49.25
47.75
48.0
47.0
46.5
47.0
46.75
47.25
46.25
51.25
56.0
65.25
74.75
83.25
85.75
84.25
80.5
82.0
84.0
86.5
80.5
76.25
71.25
68.0
53.5
51.5
52.25
50.75
49.5
49.75
49.75
49.75
49.0
52.25
57.5
64.5
74.5
80.0
79.5
75.0
77.75
72.75
73.75
76.5
70.5
63.75
59.75
54.25
50.25
48.25
47.75
47.25
47.0
47.0
47.25
46.5
46.25
49.25
54.0
57.75
64.75
72.5
72.75
70.75
70.0
67.75
70.5
68.75
65.5
62.5
59.25
55.25
50.25
50.0
49.0
48.75
48.25
48.5
47.75
48.0
47.5
52.0
55.0
59.25
66.0
71.75
73.0
74.5
70.5
72.5
73.5
70.25
67.0
64.5
60.75
55.75
52.75
51.0
50.25
49.25
49.0
47.75
49.0
48.5
48.25
52.5
55.75
59.5
63.25
73.0
73.25
70.5
68.25
68.0
71.75
64.5
61.5
58.5
56.5
53.0
50.75
48.5
48.25
48.0
46.75
47.0
46.75
46.75
46.25
47.25
49.5
51.75
51.5
52.5
53.0
53.0
53.5
52.75
53.0
53.25
53.0
51.0
49.75
49.25
48.5
48.25
48.25
49.0
48.25
47.75
47.75
47.25
47.0
48.25
51.0
50.75
52.25
52.5
53.5
52.5
53.0
53.25
54.0
53.25
52.75
50.75
50.75
49.0
48.75
48.5
48.25
47.5
48.0
47.0
47.0
47.25
47.0
51.75
56.0
60.0
75.25
76.75
77.75
77.75
73.75
77.25
80.25
80.75
74.0
64.25
62.0
58.0
57.0
55.0
54.5
52.0
52.5
51.75
52.5
51.75
51.25
53.75
57.75
61.5
71.5
72.75
73.75
69.5
73.25
67.5
71.0
68.5
65.75
62.5
58.25
52.25
50.25
49.75
49.0
48.75
47.25
47.75
47.25
47.25
47.25
51.0
56.5
63.5
72.5
78.25
78.25
78.75
76.25
78.25
88.75
85.0
83.0
78.75
76.5
72.0
69.25
68.75
67.0
66.75
66.0
66.5
64.0
61.25
63.5
65.25
69.5
74.75
83.75
86.5
88.5
85.5
86.0
87.5
87.5
88.5
79.75
74.0
73.25
69.5
67.75
65.75
65.75
65.5
64.75
65.0
65.25
64.5
65.0
65.75
70.0
75.25
87.0
83.0
86.75
83.75
84.75
84.5
82.0
83.0
74.75
66.5
65.25
56.0
50.75
49.25
50.25
48.0
48.0
46.75
46.5
46.25
46.5
47.5
49.0
51.25
51.25
52.25
53.0
52.75
51.75
53.0
53.25
53.25
53.5
50.75
49.25
49.0
48.25
47.75
47.25
46.75
47.75
46.75
46.75
47.75
46.75
46.75
49.5
50.75
51.5
51.75
54.0
52.5
53.0
53.25
52.75
52.75
53.25
49.5
49.0
50.0
47.5
46.25
46.75
44.75
46.0
45.5
45.0
45.25
45.5
49.25
54.0
63.0
73.75
80.5
79.75
78.75
77.0
75.0
81.25
76.0
76.0
72.5
67.5
63.5
59.5
57.75
56.5
54.75
54.75
55.75
54.0
55.0
53.75
57.0
61.0
67.25
73.0
78.25
76.5
76.5
72.5
75.75
77.75
78.5
75.75
72.0
66.75
62.0
57.5
55.5
54.75
54.25
53.0
52.75
52.25
52.75
52.0
55.25
58.5
64.0
71.75
74.75
75.0
76.25
75.75
77.75
76.0
74.5
71.0
68.0
67.25
63.25
53.25
49.0
48.0
47.75
47.25
48.25
46.75
47.75
47.25
50.25
56.0
64.5
70.75
76.25
75.25
72.75
76.0
72.25
72.0
68.75
63.25
57.0
53.5
52.75
52.25
51.0
50.75
50.25
49.0
49.0
48.25
48.75
48.0
47.75
49.25
49.25
49.75
49.5
49.0
49.5
51.25
50.75
50.0
51.0
50.75
51.75
51.75
50.75
48.5
48.25
47.25
48.25
47.5
47.0
47.5
47.5
47.5
47.75
48.0
47.75
48.75
48.25
48.75
48.25
49.0
49.25
49.75
48.75
49.0
48.75
49.0
48.5
49.0
49.25
48.5
47.25
47.5
47.0
47.5
47.5
47.25
47.5
48.5
47.75
48.25
47.5
48.0
49.0
48.75
48.5
48.75
49.75
49.25
48.75
49.0
48.0
48.25
46.75
47.25
47.0
47.25
47.0
47.75
47.0
47.5
48.5
48.25
48.5
49.5
48.5
49.75
50.25
52.0
50.25
50.5
49.5
49.0
48.5
48.75
48.75
49.0
47.5
48.25
47.75
48.0
47.75
47.75
47.25
48.5
52.5
57.75
66.0
71.75
69.75
83.75
79.0
78.75
83.0
81.5
79.25
73.5
70.75
69.0
67.5
65.25
65.75
64.5
63.25
64.25
63.5
63.5
64.0
65.75
68.5
72.75
82.5
82.5
85.0
84.0
84.25
78.75
76.875
71.625
77.25
74.0
71.0
68.5
66.25
66.25
65.25
65.0
63.75
63.5
63.0
63.75
63.5
64.25
67.25
70.5
81.25
89.6250000005
85.8749999995
83.0
79.5
84.0
86.25
84.75
79.5
76.5
73.5
71.75
68.75
68.0
66.25
66.75
64.5
64.5
64.0
64.0
64.0
66.25
68.0
72.5
78.75
82.0
84.0
79.0
78.25
79.5
79.5
79.0
64.5
60.0
58.5
52.5
50.0
48.75
49.75
48.75
48.25
48.0
48.25
47.5
48.0
47.5
51.0
52.25
52.75
54.0
55.75
54.25
53.0
53.75
53.25
52.75
53.25
50.0
49.0
48.75
48.5
48.5
47.5
46.25
46.5
46.25
46.25
46.5
45.5
46.75
48.5
50.75
50.5
51.75
52.25
54.0
52.0
53.0
52.0
52.75
52.75
50.5
48.5
49.75
47.5
47.5
47.5
47.25
46.0
46.0
46.0
46.0
46.25
51.75
55.0
60.75
70.25
76.0
74.0
72.0
71.0
73.0
74.0
75.25
70.5
66.0
62.5
57.25
53.0
53.5
52.5
53.25
51.5
51.75
51.25
52.0
51.0
55.75
60.5
73.25
78.5
86.5
84.75
84.25
83.25
87.5
89.0
87.5
82.5
76.0
72.75
69.0
66.25
65.5
64.5
63.75
62.5
63.0
62.75
62.75
61.25
65.5
69.25
74.75
84.0
86.0
87.5
84.0
88.5
86.25
88.5
87.0
77.25
67.5
64.0
58.5
54.5
54.5
53.5
52.75
51.75
51.5
52.25
51.0
51.25
53.75
60.25
66.25
76.25
85.5
85.5
84.0
76.5
78.5
83.0
79.75
77.25
68.0
63.75
60.75
56.0
55.0
54.25
53.5
52.25
52.5
52.75
52.0
52.25
56.0
60.75
63.25
70.75
76.75
77.75
76.25
74.0
72.25
76.75
70.0
66.75
64.0
61.75
54.5
50.25
49.0
49.0
48.0
48.25
48.5
48.25
48.0
47.75
48.5
51.0
53.0
53.75
55.0
56.0
57.0
55.5
53.0
54.5
52.5
52.5
50.75
48.5
48.0
47.25
46.25
45.5
45.75
45.75
46.0
45.75
45.75
46.25
46.5
48.5
50.75
50.25
53.75
52.25
53.0
54.25
54.0
53.5
52.5
53.75
51.0
50.0
49.75
49.25
48.5
48.0
47.0
46.25
46.25
46.25
47.0
46.5
51.5
52.75
62.25
73.75
80.5
80.5
80.0
77.0
76.5
73.25
72.25
69.75
69.0
69.0
65.75
63.0
62.5
61.25
60.5
59.5
59.75
59.5
59.25
60.25
63.25
67.75
71.75
79.25
85.75
82.5
75.5
72.75
71.0
73.0
71.25
67.75
64.25
62.0
58.0
55.0
52.75
51.75
51.25
51.75
52.0
51.75
51.0
51.25
54.0
60.0
64.25
73.0
76.25
77.5
75.0
76.5
78.0
82.25
74.75
72.25
64.75
58.75
55.0
52.75
52.0
50.0
50.5
49.75
49.75
49.75
49.25
50.0
56.75
57.5
61.5
70.25
75.25
73.25
73.5
75.75
76.5
79.75
78.75
74.0
70.0
63.25
60.0
57.5
57.75
55.75
55.0
55.5
54.0
53.5
53.0
52.75
56.75
60.75
66.75
78.0
80.0
82.25
79.0
75.5
75.25
81.0
79.5
71.5
65.5
61.25
57.5
52.75
50.0
49.5
49.25
49.5
48.5
48.75
48.75
48.25
49.0
50.5
52.75
53.75
53.75
54.75
53.0
53.0
52.75
53.0
53.5
52.75
51.25
51.25
50.75
49.5
48.75
48.25
47.75
47.75
47.5
47.75
48.25
47.5
47.5
48.75
49.75
50.5
50.75
50.25
51.5
52.0
52.25
52.5
52.75
52.75
50.5
50.0
49.5
49.0
49.0
48.5
48.5
47.75
47.25
47.5
48.5
47.5
49.25
53.5
59.25
69.75
77.0
76.25
73.0
72.0
73.75
78.0
77.0
73.0
67.25
63.5
60.0
55.5
55.0
55.0
54.0
54.25
53.75
53.75
53.75
53.75
56.25
60.0
65.0
73.25
80.5
75.5
76.25
74.25
73.5
77.0
74.75
72.0
67.25
61.5
58.25
55.5
55.0
52.75
53.0
52.25
52.5
52.25
53.0
52.0
56.25
60.0
62.5
73.5
73.5
76.0
74.25
75.25
72.75
71.0
70.25
66.75
63.5
59.0
56.5
54.75
53.75
53.25
52.75
51.0
51.0
45.2499999932
51.1250000134
51.1249999934
53.249999993
56.1250000148
61.8749999922
69.6249999899
75.6250000203
76.6249999898
74.7499999907
72.6250000187
71.6249999906
73.8749999903
73.7500000189
66.9999999909
62.2499999922
58.3750000153
54.6249999925
53.2499999932
52.2500000135
50.7499999932
50.7499999935
49.8750000132
50.1249999934
43.75
50.5
50.0
53.0
57.25
61.5
69.25
75.25
77.5
73.25
62.2500000086
70.3749999914
71.249999991
69.3750000179
66.1249999911
60.3749999924
56.8750000149
53.4999999928
51.999999993
51.6250000135
50.4999999935
50.9999999935
50.6250000132
50.6249999934
50.3749999934
50.6250000134
50.4999999932
49.4999999935
51.5000000133
53.3749999932
53.2499999931
47.7500000073
55.1249999996
55.5
55.25
54.5
55.25
54.75
55.0
52.75
51.5
51.5
44.8749999934
51.1250000132
49.9999999935
50.2499999937
49.6250000127
49.9999999936
49.7499999936
49.7500000128
49.2499999936
49.8749999935
51.1250000134
52.2499999931
51.9999999933
53.0000000138
54.3749999929
53.8749999929
54.1250000139
54.4999999932
57.1249999925
55.8750000149
55.2499999926
53.2499999935
45.2500000065
52.25
52.25
51.25
50.25
50.25
50.25
49.75
50.5
49.75
43.75
51.8749999934
56.0000000146
63.874999992
71.3749999899
76.5000000207
77.3749999894
76.1249999902
77.87500002
77.6249999898
78.9999999896
75.37500002
69.7499999904
64.4999999918
61.000000016
55.9999999922
54.624999993
53.1250000137
53.3749999932
51.9999999934
51.8750000134
44.9999999932
52.25
51.25
51.5
53.25
58.25
63.0
72.75
75.75
75.75
74.0
66.7500000092
72.8749999908
72.1249999908
71.0000000186
68.7499999905
63.124999992
59.3750000156
55.9999999924
54.3749999928
53.125000014
53.1249999932
51.7499999934
51.1250000134
51.6249999932
51.1249999935
50.3750000132
50.7499999934
51.9999999931
53.5000000138
47.4999999931
55.875
57.25
58.5
58.5
58.25
58.5
58.5
60.0
59.0
58.25
56.5
49.0
55.2499999929
54.6250000143
53.7499999928
53.3749999932
52.2500000135
52.3749999932
51.9999999934
52.1250000134
51.6249999932
53.7499999925
58.8750000154
63.4999999921
70.1249999899
78.5000000204
77.9999999897
75.4999999899
73.6250000195
74.9999999906
77.1249999891
77.0000000204
72.2499999905
59.4999999996
64.1250000004
65.0
58.75
53.25
52.25
52.0
52.0
51.75
51.25
51.75
51.25
46.9999999929
57.3750000149
62.8749999922
67.874999991
74.1250000184
72.8749999906
74.9999999902
76.2500000202
79.1249999896
79.3749999896
77.1250000206
74.3749999898
68.1249999914
60.8750000157
52.7499999929
49.8749999935
50.000000013
49.4999999935
48.9999999937
48.7500000128
43.4999999935
48.75
48.5
48.25
49.75
49.75
53.0
52.5
51.75
46.5
53.7499999932
52.8750000139
52.2499999929
51.3749999932
51.8750000137
52.3749999931
51.3749999936
49.500000013
48.8749999934
49.8749999936
50.1250000127
49.7499999937
49.3749999936
48.3750000127
48.6249999937
48.1249999935
48.2500000128
48.3749999937
48.2499999938
50.625000013
51.1249999932
44.875
51.5
51.5
51.5
50.75
51.0
51.5
53.25
51.75
42.8749999936
48.7500000128
48.6249999936
49.1249999934
49.3750000129
48.8749999937
47.9999999938
47.3750000127
47.6249999935
47.4999999938
48.0000000123
47.1249999938
50.6249999928
56.1250000148
60.8749999924
68.999999991
73.8750000184
75.2499999906
73.124999991
75.2500000191
74.87499999
66.4999999995
72.7500000005
78.5
74.0
68.5
63.75
60.25
59.5
58.25
57.75
50.3750000075
57.1249999925
56.8749999925
56.6250000148
56.4999999927
58.6249999921
63.2500000165
71.3749999914
82.1249999888
89.7500000228
88.1249999884
87.8749999888
86.3750000222
86.499999989
85.9999999887
89.0000000226
84.6249999887
82.7499999894
79.5000000212
76.1249999894
66.6249999915
57.8750000085
64.25
63.5
63.25
63.5
64.0
63.0
62.75
65.5
71.5
74.75
81.875
93.0000000122
88.7499999878
85.874999989
83.500000022
73.874999989
85.625
83.5
79.5
65.0
60.0
55.75
53.75
50.5
49.5
43.9999999935
48.7500000128
49.1249999937
48.8749999937
48.7500000128
48.9999999935
50.4999999932
51.5000000136
52.1249999932
52.124999993
53.8750000142
54.7499999929
55.4999999929
54.6250000145
55.3749999926
55.7499999925
56.750000015
56.4999999925
54.874999993
53.6250000139
48.6249999931
60.25
60.0
60.0
59.25
59.25
59.0
59.0
58.5
59.0
61.0
66.25
70.0
69.8749999902
84.1250000208
85.249999989
81.3749999897
81.000000021
79.4999999893
82.99999999
77.6250000197
73.8749999903
70.9999999912
67.1250000172
63.6249999916
62.8749999919
62.3750000162
61.749999992
60.9999999917
61.3750000164
59.7499999919
60.4999999924
52.0000000076
60.0
60.25
61.5
63.0
62.75
64.0
66.25
65.75
66.0
65.25
65.5
65.75
56.5
63.2499999919
62.3750000162
60.499999992
60.999999992
61.1250000162
61.4999999919
59.8749999923
59.2500000154
59.4999999923
59.2499999925
58.8750000154
59.2499999921
58.9999999921
60.6250000162
61.1249999917
61.2499999919
61.5000000163
63.6249999918
64.6249999916
63.2500000168
63.2499999916
62.4999999918
63.0000000166
51.2499999916
51.25
49.75
49.75
50.0
50.5
49.25
49.0
47.75
47.5
41.6249999938
47.3750000125
47.9999999937
49.7499999935
54.6250000143
61.3749999923
70.4999999896
75.3750000208
78.7499999896
79.3749999897
78.3750000204
77.8749999899
84.9999999887
77.6250000199
64.2499999914
58.8749999924
56.2500000146
51.999999993
53.3749999917
61.3750000162
52.9999999921
60.25
60.0
59.5
58.75
59.75
59.25
60.75
66.0
70.75
80.5
84.0
82.0
72.1249999902
80.3750000206
82.3749999892
84.6249999885
82.5000000217
76.4999999898
72.8749999908
69.1250000181
65.6249999911
64.1249999916
62.5000000168
62.7499999916
61.2499999921
61.1250000162
60.3749999917
60.4999999921
60.2500000158
61.1249999921
63.3749999913
67.0000000184
72.4999999903
82.3749999891
74.1250000117
85.9999999992
84.0
80.5
83.75
84.0
79.5
73.5
62.5
51.7500000073
56.7499999927
53.9999999929
53.7500000142
52.7499999929
48.4999999935
48.3750000129
47.6249999936
48.1249999936
48.2500000126
47.3749999938
49.6249999936
53.7500000142
59.7499999922
68.3749999896
75.1250000197
73.7499999907
62.4999999993
71.6250000007
74.75
74.5
74.25
69.75
64.25
60.0
54.25
54.0
47.2500000068
52.7499999932
51.3749999936
50.2500000128
50.3749999936
50.4999999935
50.500000013
50.8749999935
52.2499999929
55.8750000148
61.4999999924
71.74999999
76.1250000198
78.8749999901
75.1249999905
76.1250000189
72.9999999906
74.1249999905
72.2500000185
65.999999991
55.7499999996
58.3750000004
52.25
51.25
49.5
48.75
48.75
48.25
48.5
47.75
48.25
47.75
42.1249999938
48.8750000125
50.2499999937
50.4999999934
50.0000000134
49.7499999932
51.1249999933
51.0000000131
51.2499999936
51.2499999936
51.2500000133
51.2499999931
50.1249999937
47.6250000127
48.2499999936
48.2499999936
48.7500000128
48.1249999936
46.9999999939
46.6250000122
46.4999999938
41.375
46.25
46.5
46.75
48.0
49.0
49.5
50.0
49.75
51.0
44.6250000062
49.2499999938
49.9999999933
51.2500000136
53.1249999931
49.4999999935
48.0000000128
48.4999999937
47.9999999937
49.0000000126
47.7499999937
47.6249999938
47.5000000123
47.3749999938
47.1249999938
47.1250000125
46.9999999937
49.2499999934
49.8750000132
50.9999999933
51.4999999933
52.2500000136
51.4999999931
46.7499999996
52.6250000004
52.75
53.25
54.5
53.25
52.25
52.75
51.0
50.25
50.25
50.5
50.0
49.75
48.5
48.25
47.5
47.0
50.5
53.75
59.0
59.6249999905
77.1250000195
74.49999999
75.9999999908
72.5000000192
73.62499999
76.2499999886
71.7500000209
68.1249999905
64.3749999918
58.8750000156
55.2499999926
51.9999999935
50.7500000133
49.7499999932
49.2499999935
48.5000000128
48.3749999937
48.1249999937
48.2500000126
47.8749999937
51.124999993
56.7500000147
54.1249999924
70.375
81.0
82.5
68.7499999914
75.7500000186
76.99999999
79.6249999892
77.6250000213
71.7499999896
64.4999999919
61.0000000157
57.4999999924
51.6249999934
49.8750000132
49.1249999935
48.3749999937
47.7500000126
46.8749999937
47.7499999938
47.2500000123
48.2499999938
50.2499999931
48.3750000069
62.75
69.75
78.25
79.25
76.0
73.5
64.0
75.4999999898
75.1250000195
68.2499999907
59.8749999922
58.6250000153
54.7499999925
51.8749999935
50.250000013
49.1249999935
47.9999999938
47.5000000123
47.4999999938
47.3749999937
47.6250000125
47.6249999938
49.7499999932
55.6250000143
60.8749999925
67.6249999897
76.8750000201
63.9999999903
73.0
72.0
72.0
72.25
73.75
68.75
63.25
59.75
56.25
53.5
53.0
51.5
45.7499999932
50.8750000134
50.9999999934
51.1249999935
51.5000000133
51.2499999932
51.1249999934
52.2500000135
51.6249999931
50.6249999936
49.5000000134
53.4999999931
52.9999999931
52.0000000138
52.7499999931
53.2499999929
52.8750000139
52.7499999932
50.6249999934
49.000000013
42.8749999936
48.5
48.5
48.25
47.5
47.75
46.75
47.25
46.75
40.75
46.7499999939
47.6250000127
49.8749999933
49.2499999937
52.2500000131
52.6249999932
52.2499999931
52.3750000139
52.749999993
52.3749999931
53.5000000138
51.9999999931
51.2499999934
49.6250000129
48.3749999937
48.2499999938
47.3750000125
47.4999999937
46.9999999937
46.7500000123
46.6249999939
40.875
47.25
46.75
49.5
55.0
66.75
76.25
84.25
82.5
81.25
71.5000000107
79.8749999893
83.2499999894
82.8750000211
79.4999999895
73.2499999906
70.1250000185
65.8749999909
63.3749999917
62.8750000166
62.3749999916
61.8749999921
62.1250000159
61.999999992
61.8749999919
61.7500000162
61.4999999919
63.7499999914
67.1250000177
61.8749999909
75.4999999921
83.5000000192
83.8749999841
89.7500000034
84.6250000012
84.75
85.0
83.25
83.25
80.0
80.75
76.0
73.0
71.25
63.0
69.1249999909
68.375000018
69.2499999911
68.9999999911
68.0000000179
68.4999999911
69.1249999905
74.1250000195
77.8749999901
89.2499999876
95.1250000247
95.8749999877
93.2499999881
91.8750000235
89.7499999884
95.8749999881
89.6250000235
88.4999999885
85.1249999892
79.750000021
75.6249999899
74.7499999906
72.8750000187
64.1249999907
70.0
70.0
70.75
71.0
69.5
70.0
72.0
75.5
80.25
90.5
91.75
83.125
88.4999999883
89.5000000234
88.6249999883
94.3749999868
91.3750000245
86.1249999887
82.2499999894
78.8750000208
75.2499999898
74.3749999905
72.3750000189
71.7499999906
71.2499999908
70.7500000186
71.4999999906
70.3749999907
71.2500000186
70.1249999907
63.5
75.5
78.0
86.5
92.0
93.25
90.75
88.75
90.75
88.75
73.5000000107
78.8749999893
67.9999999923
58.6250000151
52.3749999926
49.4999999936
49.3750000127
48.3749999937
48.3749999937
48.5000000126
48.3749999937
48.7499999936
48.5000000128
48.1249999936
47.9999999937
50.125000013
50.3749999933
51.749999993
53.6250000139
53.4999999931
54.624999993
54.1250000143
48.6249999928
55.75
54.0
54.25
52.25
50.0
50.0
49.5
49.0
43.625
48.2499999938
48.1250000125
47.9999999937
48.3749999938
47.8750000125
48.6249999937
47.8749999937
49.0000000128
50.1249999935
51.1249999935
51.8750000135
52.6249999931
51.4999999932
50.7500000134
49.5624999904
50.1874999965
53.2500000136
53.999999993
51.2499999935
50.750000013
50.2499999935
50.2499999929
51.7500000139
49.6249999932
42.625
49.5
48.75
48.25
47.25
48.25
49.5
55.25
62.75
71.4687499933
82.0312500182
90.1249999884
88.6249999887
86.6250000228
90.4999999886
89.8749999882
90.8750000243
93.4999999875
86.3749999889
71.2500000111
77.75
74.75
74.25
73.0
73.5
72.25
72.0
72.0
73.25
63.875
72.3749999901
77.12500002
80.12499999
86.6249999883
92.6250000245
81.12
91.3749999888
88.250000023
90.4999999882
90.8749999883
91.1250000237
86.999999988
82.7499999895
76.8750000203
73.4999999902
73.2499999905
71.0000000188
70.6249999907
70.8749999907
70.1250000182
69.8749999911
62.2499999991
69.8750000009
70.25
71.5
75.25
78.25
84.5
88.75
93.75
83.7499999893
88.5000000225
93.1249999882
91.6249999884
88.1250000232
87.6249999884
84.4999999893
80.500000021
77.4999999898
75.49999999
75.3750000198
73.6249999902
73.4999999904
72.8750000189
73.1249999907
72.1249999907
72.7500000191
71.9999999902
65.625
77.0
79.0
88.75
90.75
95.0
91.75
91.75
91.75
93.0
79.2500000105
84.9999999895
82.1249999894
78.8750000211
78.6249999895
74.7499999902
74.1250000194
71.4999999904
72.3749999907
70.3750000185
71.1249999908
70.6249999908
70.3750000185
70.9999999907
71.9999999904
77.00000002
79.6249999896
87.3749999883
91.5000000244
96.3749999873
92.3749999873
90.5000000244
91.1249999883
90.6249999883
70.2500000128
68.6249999988
67.0
57.5
49.5
48.25
47.75
46.75
47.5
40.8750000062
46.2499999938
46.6249999942
46.1250000118
46.2499999941
46.1249999939
47.5000000124
48.4999999937
49.1249999935
49.875000013
50.2499999934
50.6249999933
51.6250000137
51.999999993
51.4999999932
50.7500000134
50.6249999934
49.3749999937
47.3750000127
47.6249999936
41.25
47.25
46.25
47.0
46.75
46.25
46.5
46.25
46.0
45.75
47.0
48.75
42.6249999938
49.0000000128
50.1249999933
51.9999999932
50.2500000136
51.7499999932
55.8749999929
53.6250000139
52.8749999932
50.1249999935
49.6250000129
48.9999999936
49.4999999934
50.6250000132
49.2499999935
47.4999999937
47.1250000125
47.1249999938
47.3749999936
47.3750000125
46.9999999939
49.9999999932
55.6250000151
56.8749999917
73.5
83.25
83.0
81.25
78.0
76.5
75.75
75.25
68.5
71.25
67.0
65.5
63.0
62.0
62.0
62.25
61.25
62.25
61.0
53.875000007
61.124999993
61.4999999918
64.3750000167
66.7499999915
72.8749999903
77.2500000196
77.2499999901
77.2499999898
81.0000000203
77.9999999898
80.2499999897
77.8750000201
77.3749999902
71.3749999907
69.8750000186
68.3749999908
64.6249999916
64.6250000169
63.7499999915
63.3749999916
63.5000000168
55.4999999916
61.75
62.25
62.5
64.0
67.25
69.0
75.0
81.75
81.75
81.25
81.5
69.375
80.4999999896
81.5000000208
76.1249999896
72.6249999907
68.7500000183
66.249999991
64.1249999916
64.8750000169
63.8749999915
61.874999992
61.3750000162
61.1249999919
61.4999999917
60.8750000162
59.8749999921
62.1249999916
65.3750000172
70.1249999912
75.8749999889
82.0000000217
79.6249999894
80.8749999899
77.7500000203
69.8749999897
78.75
79.5
76.5
71.0
68.0
65.0
63.5
54.25
53.0
50.5
49.75
44.125
50.6249999935
49.6250000129
49.2499999936
51.124999993
56.2500000147
61.3749999924
71.2499999905
77.5000000198
77.1249999897
75.6249999905
73.8750000197
72.9999999898
73.1249999901
71.375000019
65.9999999909
57.3749999925
54.2500000144
51.9999999931
46.9999999938
47.3750000125
47.3749999937
41.875
46.25
45.5
46.0
46.25
45.75
45.25
46.75
48.5
46.6249999948
46.7500000118
49.3749999933
49.8749999936
49.5000000129
48.9999999936
49.1249999937
49.375000013
48.7499999933
47.2499999938
46.5000000123
45.7499999938
46.6249999939
46.6250000122
46.1249999938
45.2499999942
39.5000000058
45.75
45.0
45.25
45.25
45.0
46.25
47.75
47.75
48.0
48.75
42.3749999938
48.2500000124
47.8749999938
48.8749999933
49.5000000131
49.7499999936
48.1249999937
48.2500000128
47.9999999935
47.2499999939
46.3750000122
41.4999999951
45.6249999938
45.7500000121
44.9999999941
45.8749999942
45.1250000118
45.4999999941
41.1249999997
52.0000000003
58.5
70.25
83.25
85.0
78.75
77.5
78.25
79.0
79.25
62.625
61.9999999923
59.0000000152
55.9999999925
53.6249999929
53.5000000142
52.6249999929
52.249999993
51.5000000136
51.1249999934
51.1249999936
50.500000013
50.6249999934
53.249999993
58.375000015
69.374999992
76.8749999902
81.8750000205
82.2499999893
71.6249999988
76.1250000012
77.75
82.75
82.0
78.0
66.75
60.0
56.75
55.0
53.75
46.5
51.6249999934
51.3750000134
51.1249999932
51.3749999935
51.0000000133
51.8749999932
53.2499999925
58.7500000157
64.8749999918
74.6249999901
81.3750000214
84.7499999885
82.2499999898
79.7500000207
79.7499999895
71.7499999992
77.5000000013
69.7499999995
67.75
63.75
58.5
55.25
54.75
54.5
53.5
53.0
46.25
52.874999993
52.750000014
52.624999993
54.1249999928
57.5000000147
61.9999999925
68.249999991
69.8750000184
75.2499999906
72.9999999906
68.7500000186
73.7499999908
71.624999991
72.8750000182
68.4999999909
63.4999999916
61.6250000161
55.7499999923
53.6249999932
52.7500000135
51.6249999932
43.375
48.75
48.25
47.75
48.0
47.5
50.25
53.75
58.25
67.75
70.75
73.0
63.1249999909
72.5000000183
74.9999999907
69.9999999907
70.6250000182
64.4999999911
59.9999999927
55.1250000145
52.8749999928
50.3749999933
50.2500000131
47.6249999936
47.1249999938
47.2500000123
47.1249999938
47.1249999941
46.7500000121
46.9999999938
46.4999999941
48.2500000124
50.1249999936
44.0
50.5
50.25
49.75
49.5
49.25
50.0
49.5
53.75
50.0
46.0
40.875
46.3749999937
46.7500000126
46.3749999937
45.9999999941
45.625000012
45.3749999939
45.3749999939
45.875000012
45.3749999941
44.8749999941
47.1250000123
48.4999999937
48.2499999939
47.8750000125
48.9999999936
49.1249999937
48.5000000126
48.8749999937
48.8749999934
49.7500000131
49.8749999935
48.2499999938
46.1250000125
40.9999999937
47.25
47.0
46.75
46.25
46.0
45.75
45.5
45.5
45.75
48.0
52.75
57.5
55.1249999914
74.125000018
73.9999999906
76.4999999897
77.6250000201
72.7499999902
76.6249999901
75.3750000187
66.2499999912
63.2499999918
61.5000000162
55.874999992
51.3749999934
50.500000013
48.2499999936
47.7499999936
48.0000000128
47.3749999936
47.7499999937
48.2500000123
47.4999999939
48.4999999995
61.7500000005
72.25
81.25
82.5
88.0
90.25
88.75
86.75
86.75
83.75
76.75
66.3749999902
71.6250000187
67.8749999911
64.1249999916
64.2500000165
62.2499999919
61.2499999921
60.8750000159
60.624999992
61.374999992
60.875000016
60.3749999921
64.3749999911
68.8750000182
74.9999999907
86.4999999881
89.5000000238
90.2499999881
90.2499999891
85.000000022
88.1249999889
87.6249999886
85.7500000225
75.9999999889
79.625
77.0
69.75
63.0
59.75
59.5
59.25
58.75
58.25
58.5
57.5
50.5
60.6249999914
66.2500000174
72.2499999912
84.6249999877
89.2500000243
94.499999988
81.9999999893
77.7500000204
74.9999999903
76.9999999893
72.7500000199
70.7499999908
66.3749999914
58.250000016
54.8749999925
52.7499999929
51.8750000137
50.6249999934
49.6249999934
43.1250000066
50.0
49.25
49.25
49.25
51.5
56.75
61.0
69.0
71.0
65.5
74.7499999906
72.1250000187
72.3749999907
69.7499999911
70.1250000175
61.4999999914
57.3749999926
56.3750000146
52.1249999928
48.8749999934
48.6250000129
47.4999999937
46.4999999939
46.7500000121
46.8749999939
47.2499999938
46.2500000123
47.1249999938
46.7499999939
48.0000000124
50.2499999937
50.1249999933
45.5000000071
50.1249999996
51.5
54.0
55.0
54.0
56.75
52.0
50.75
48.75
43.5
48.9999999937
48.2500000126
47.2499999937
46.8749999938
46.7500000123
46.7499999938
46.6249999939
47.0000000121
46.9999999939
46.4999999939
48.6250000127
49.6249999933
49.2499999934
50.1250000132
50.4999999933
50.4999999933
49.8750000132
51.9999999935
52.9999999926
54.1250000143
53.8749999931
44.0
48.25
48.75
48.25
49.25
48.25
47.0
47.0
47.75
47.25
42.0000000063
47.6249999937
49.6249999932
54.8750000142
59.6249999926
69.8749999899
76.8750000206
83.9999999895
80.999999989
81.6250000216
84.2499999893
82.4999999891
78.0000000209
73.62499999
63.874999992
59.8750000156
55.8749999924
55.2499999925
54.6250000149
47.7499999926
53.25
52.5
53.0
53.0
52.75
51.5
54.75
60.5
68.25
80.5
80.25
71.125
79.7499999902
77.2500000198
77.49999999
78.7499999905
73.750000019
69.3749999905
66.1249999914
62.3750000164
59.4999999921
59.1249999925
58.1250000153
57.8749999922
55.3749999927
54.8750000143
55.249999993
54.6249999929
55.1250000141
54.749999993
57.4999999923
61.8750000161
69.9999999917
78.8749999891
75.3750000109
86.5
85.75
83.0
83.25
83.25
83.75
81.0
73.0
55.2500000081
59.4999999919
56.7499999927
55.2500000144
54.9999999929
54.124999993
54.2500000142
53.8749999928
53.6249999928
53.6250000143
53.7499999929
56.6249999923
60.6250000156
67.3749999921
77.4999999894
80.3750000211
84.2499999895
80.1249999886
79.8750000216
80.7499999898
79.6249999891
70.000000012
73.8749999988
64.25
62.25
58.5
56.75
56.0
54.75
52.0
52.0
50.75
44.3749999934
50.3750000134
50.2499999932
52.749999993
59.3750000153
64.8749999918
72.4999999893
78.6250000205
77.8749999902
79.74999999
75.6250000193
76.6249999907
71.9097222235
68.0833333413
68.0833333294
60.1736111058
57.5
47.25
52.7499999932
52.2500000135
51.7499999932
50.7499999935
49.8750000129
49.8749999936
49.9999999935
50.000000013
49.3749999935
48.9999999936
51.2500000131
52.7499999933
52.3749999932
52.6250000137
54.3749999931
54.1249999931
54.1250000137
53.2499999932
53.1249999929
52.500000014
52.8749999931
51.6249999934
44.6250000066
51.0
50.25
50.75
50.0
49.75
49.5
49.5
49.5
49.5
49.0
42.6249999934
49.8750000134
51.2499999932
52.1249999931
53.7500000141
54.4999999929
57.1249999927
56.875000015
57.9999999922
54.624999993
55.7500000144
54.3749999926
53.1249999932
51.8750000137
52.124999993
50.7499999935
50.500000013
49.8749999935
48.9999999936
49.0000000128
48.4999999936
42.875
48.75
48.75
50.5
56.75
65.75
72.75
82.0
84.25
80.75
71.8750000093
78.4999999907
79.3749999898
79.6250000206
71.8749999896
65.1249999918
61.1250000161
58.2499999922
56.7499999927
55.8750000146
55.2499999928
55.6249999927
54.2500000144
53.9999999929
54.374999993
54.3750000141
54.1249999929
57.3749999919
63.2500000172
71.6249999909
76.8749999898
74.5000000102
83.5
82.0
82.25
82.5
80.5
75.0
71.75
66.75
63.75
59.0
49.624999993
53.500000014
52.749999993
52.749999993
52.3750000137
51.9999999932
52.2499999932
51.2500000135
51.7499999932
53.9999999927
59.7500000156
66.6249999917
73.9999999891
82.0000000217
83.3749999891
80.2499999898
79.1250000205
78.4999999896
79.6249999895
77.3750000205
75.62499999
67.1249999914
61.7500000163
57.8749999922
50.7499999997
55.7500000003
53.25
51.25
51.0
51.0
51.0
50.75
51.0
53.0
58.5
67.0
74.25
69.5000000088
79.2499999912
79.2499999893
77.5000000207
76.6249999901
79.3749999895
79.2500000204
73.9999999901
71.1249999954
53.1250000124
56.3749999921
53.8749999929
53.7500000139
52.6249999932
52.1249999935
49.7500000131
49.2499999935
49.1249999936
49.5000000128
49.2499999936
52.874999993
57.3750000156
66.2499999915
70.2499999904
78.2500000196
68.8749999899
72.25
73.5
76.5
75.75
72.25
64.25
58.0
55.75
46.25
50.9999999932
50.8750000134
49.3749999934
48.8749999936
48.7500000128
48.6249999936
48.8749999936
48.8750000127
48.4999999937
48.1249999936
49.875000013
51.6249999935
51.6249999934
51.1250000135
53.6249999931
52.3749999931
52.5000000136
51.4999999933
52.4999999929
52.8750000139
51.9999999932
43.5
49.25
48.75
49.25
49.0
49.0
49.25
48.5
48.5
49.0
48.5
48.75
41.6249999936
49.5000000128
50.8749999936
50.7499999934
51.1250000132
51.8749999933
51.9999999932
52.2500000134
51.8749999934
52.1249999932
51.3750000135
50.6249999933
49.8749999936
48.2500000128
49.1249999936
48.7499999937
49.3750000127
49.3749999936
50.1249999936
48.6250000129
42.9999999935
48.25
48.75
48.5
51.0
54.75
59.5
63.5
74.25
72.25
71.25
61.3750000083
69.9999999917
73.6249999906
69.1250000184
67.124999991
63.9999999916
61.000000016
55.1249999924
51.7499999934
52.0000000136
50.749999993
48.7499999936
48.2500000128
48.3749999936
48.4999999937
48.8750000127
48.3749999936
51.249999993
55.5000000146
59.4999999925
66.2499999896
76.2500000207
65.2499999898
72.25
68.5
70.5
72.75
70.25
67.5
64.5
58.75
49.75
52.624999993
53.3750000141
54.6249999929
52.4999999934
51.3750000134
51.7499999932
50.8749999934
51.1250000132
50.7499999935
52.9999999924
57.6250000154
59.8749999922
67.3749999897
75.2500000207
73.1249999897
72.1249999909
70.2500000183
72.7499999907
72.7499999907
67.8750000179
65.3749999913
61.9999999923
51.875000008
54.9999999997
53.25
52.5
52.0
51.5
51.75
51.75
51.25
51.5
51.0
54.25
51.5000000073
62.3749999927
67.1249999911
74.5000000189
73.87499999
74.2499999905
73.6250000189
76.2499999906
74.6249999909
69.5000000181
69.874999991
62.624999992
58.3750000156
56.6249999924
57.9999999925
56.2500000146
54.9999999929
54.874999993
54.5000000144
47.9999999926
54.0
54.25
54.0
54.75
58.25
62.0
68.75
77.25
77.25
61.3749999917
68.0000000173
67.749999991
71.1249999908
65.8750000174
63.2499999917
59.8749999924
59.2500000152
56.1249999924
55.3749999926
55.8750000148
54.2499999925
52.1249999932
52.5000000136
51.7499999932
47.4374999974
53.3125000026
51.25
51.0
51.5
51.75
53.5
53.75
47.75
54.2499999926
53.2500000142
51.8749999932
56.4999999931
53.3750000139
51.749999993
52.1249999933
52.1250000132
51.7499999935
51.4999999932
45.6250000072
50.6249999996
51.0
51.75
51.0
50.5
51.0
51.25
50.75
51.0
51.0
45.6249999936
50.5000000131
51.8749999933
51.6249999933
52.2500000133
51.7499999933
52.2499999931
52.7500000138
52.2499999931
52.7499999931
52.8750000137
51.4999999932
52.2499999932
52.1250000137
51.7499999931
51.6249999932
51.8750000134
50.9999999933
51.2499999933
50.6250000135
51.6249999932
51.9999999928
55.1250000148
51.9999999924
62.75
70.25
68.75
68.5
69.25
70.75
69.0
72.5
66.25
65.0
53.3750000075
57.7499999925
57.8749999924
56.750000015
56.3749999926
55.7499999925
55.3750000145
54.499999993
55.6249999928
55.2500000144
54.7499999929
56.2499999922
59.1250000156
64.1249999921
71.8749999903
78.7500000196
79.2499999901
76.1249999902
74.8750000195
76.1249999903
67.7499999988
74.8750000012
74.5
70.75
63.0
60.0
60.25
59.75
59.75
57.75
57.75
57.0
49.9999999924
57.5000000152
57.3749999924
57.499999992
62.1250000166
69.3749999914
73.9999999902
80.3750000203
79.3749999895
76.7499999892
78.2500000206
77.9999999902
81.2499999892
79.1250000216
79.8749999893
68.3749999919
61.6250000161
59.124999992
57.8749999925
57.250000015
56.1249999925
56.2499999924
55.6250000148
48.4999999929
54.375
55.0
54.75
55.5
59.5
66.25
73.5
80.5
78.5
68.6249999905
75.500000018
76.1249999915
77.4999999901
77.62500002
72.2499999899
64.6249999916
61.6250000161
59.8749999923
57.8749999925
58.250000015
56.1249999925
56.2499999926
54.8750000145
54.4999999929
54.374999993
55.0000000144
54.6249999926
55.7499999923
61.250000016
65.3749999918
69.9999999908
73.7500000189
75.4999999903
62.0
72.25
71.0
70.25
68.75
67.0
59.5
56.5
54.75
55.5
56.75
54.75
47.624999993
54.0000000141
52.8749999929
53.499999993
53.6250000139
53.4999999931
53.874999993
53.2500000141
53.249999993
54.749999993
54.6250000139
53.9999999931
53.9999999931
53.3750000137
53.1249999932
53.2499999929
53.8750000145
53.8749999926
54.374999993
53.8750000142
52.6249999929
52.3749999931
45.8750000072
51.7499999997
51.5
50.75
51.25
50.75
51.25
50.75
50.75
51.0
51.0
44.2499999937
51.0000000131
51.7499999932
57.9999999916
62.5000000166
62.6249999918
63.3749999916
64.3750000167
63.4999999917
62.8749999918
63.3750000165
63.4999999917
64.1249999918
63.3750000165
63.4999999917
62.1249999919
62.6250000164
54.3749999917
62.0
62.0
62.25
62.0
68.75
73.25
79.5
76.6250000119
88.1249999881
86.6249999881
85.1250000234
83.3749999885
88.3749999885
85.2500000225
82.374999989
71.999999991
69.3750000179
66.4999999911
66.2499999914
66.6250000172
65.6249999915
65.1249999915
64.875000017
64.7499999916
64.2499999916
64.6250000167
63.4999999917
64.7499999912
67.7500000178
63.874999991
76.5
85.0
87.75
88.5
88.25
87.75
91.5
88.75
86.25
80.5
73.75
62.5
69.7499999911
68.3750000179
66.999999991
66.4999999912
65.3750000172
65.4999999916
65.8749999915
65.6250000172
64.7499999913
66.1249999912
68.6250000177
76.1249999911
81.124999989
86.6250000224
88.2499999886
87.6249999893
86.750000022
85.4999999887
83.7499999895
78.7500000211
75.7499999895
61.9999999997
68.7500000003
66.25
65.0
64.5
64.25
64.75
63.75
63.25
63.5
56.6250000083
63.1249999917
63.4999999916
64.2500000169
64.3749999916
65.2499999915
58.750000016
56.3749999925
56.6249999925
56.500000015
56.1249999925
56.4999999927
55.6250000144
54.7499999929
54.9999999931
54.500000014
54.2499999929
53.9999999929
53.7500000143
54.1249999929
53.3749999929
53.3750000142
46.874999993
53.625
54.0
53.5
54.0
56.75
58.25
59.75
65.0
67.5
64.0
56.5000000079
64.2499999921
62.6249999918
60.1250000158
58.9999999924
57.2499999926
56.0000000144
54.374999993
53.2499999929
53.5000000141
52.7499999931
51.7499999931
51.6250000137
52.1249999932
51.8749999932
51.3750000137
50.8749999931
51.2499999935
51.2500000133
52.1249999932
44.2499999996
51.1250000004
51.25
53.0
51.75
52.0
52.25
53.25
51.75
53.5
53.0
46.25
51.9999999932
52.1250000137
52.7499999931
52.7499999931
52.3750000137
51.8749999932
51.9999999933
52.1250000134
52.1249999932
52.1249999932
52.2500000136
51.8749999932
53.374999993
53.6250000142
54.2499999929
53.4999999931
53.2500000138
53.2499999931
54.4999999928
53.7500000141
48.1249999931
53.5
54.75
53.0
52.5
53.25
53.25
52.25
52.5
52.25
45.8749999936
52.3750000132
52.1249999932
52.7499999928
56.625000015
60.7499999921
64.874999991
73.6250000196
77.8749999895
72.9999999907
73.6250000186
73.1249999906
69.7499999905
62.250000016
70.9999999935
58.749999992
59.3750000156
57.8749999924
55.4999999928
55.3750000146
54.7499999926
54.6249999931
54.5000000138
54.6249999931
54.6249999931
53.7500000138
53.7499999931
54.3749999924
58.7500000153
61.1249999924
67.6249999906
76.1250000189
75.9999999905
72.2499999907
64.0000000099
70.6249999993
73.25
69.25
66.0
63.75
61.75
59.5
57.25
58.25
58.75
48.8749999925
55.5000000146
55.4999999929
55.124999993
54.8750000139
54.2499999931
55.2499999922
59.6250000158
67.4999999919
72.4999999897
82.7500000208
79.8749999895
87.9999999883
87.875000023
89.3749999887
86.3749999885
81.6250000213
75.1249999902
64.4999999997
69.7500000003
69.25
68.75
67.25
66.75
67.0
66.5
65.5
63.75
57.375000008
62.999999992
64.7499999912
68.1250000179
70.6249999908
77.1249999896
83.1250000224
86.1249999881
85.1249999893
83.1250000214
84.1249999892
83.1249999892
81.3750000214
78.9999999894
74.9999999904
73.1250000187
69.9999999909
71.1249999908
68.8750000181
69.7499999911
66.4999999913
65.8750000174
65.1249999912
56.3749999996
63.8750000004
63.75
64.0
68.25
70.25
76.25
84.75
86.5
80.75
80.25
81.5
76.0
74.0
73.0
70.5
67.5
66.0
57.4999999919
64.3750000167
64.1249999915
64.2499999916
64.0000000169
63.2499999916
63.1249999915
63.1250000167
63.2499999918
62.9999999916
63.5000000169
63.6249999916
63.1249999916
63.1250000167
62.7499999917
63.9999999915
64.7500000171
63.3749999915
64.6249999915
63.3750000166
63.1249999919
62.4999999917
56.2500000087
63.6249999996
63.75
62.5
62.25
62.25
61.25
61.75
61.0
61.5
61.0
61.75
53.375000008
61.249999992
60.8749999919
61.6250000164
63.3749999917
61.9999999919
62.125000016
62.374999992
62.6249999917
63.6250000164
63.1249999919
62.8749999916
63.0000000169
62.6249999916
62.7499999917
62.8750000164
62.3749999919
62.249999992
61.125000016
61.4999999919
60.9999999919
61.0000000159
61.4999999922
54.7499999995
64.5000000005
68.75
77.5
80.0
81.5
78.25
67.3750000054
69.8749999946
71.25
68.5
63.0
59.5
56.0
54.75
47.499999993
53.2500000138
52.8749999932
52.874999993
52.7500000138
52.9999999932
52.6249999931
52.2500000138
51.9999999931
53.374999993
57.0000000149
60.4999999921
66.4999999901
73.8750000197
78.6249999902
80.2499999898
78.8750000208
78.1249999894
79.2499999898
79.62500002
75.2499999902
57.3749999995
59.5000000005
58.0
58.75
58.25
55.5
55.25
55.25
54.75
54.75
48.2500000068
54.2499999932
55.3749999925
59.3750000159
64.7499999916
68.6249999909
84.1250000201
82.8749999889
79.4999999891
81.5000000217
85.3749999892
85.3749999888
82.3750000214
72.8749999898
68.2499999912
65.5000000173
63.6249999914
63.2499999916
63.6250000166
62.4999999918
62.1249999919
62.3750000161
61.999999992
55.1249999995
61.2500000005
62.0
62.25
66.5
73.0
82.5
90.5
88.5
85.5
76.3750000098
86.1249999902
86.2499999887
84.5000000225
83.6249999888
73.6249999911
66.8750000177
65.8749999912
65.1249999915
65.125000017
64.2499999916
63.4999999916
63.1250000166
62.8749999918
62.9999999916
63.1250000166
63.2499999918
64.1249999916
67.2500000176
72.4999999908
76.3749999891
71.2500000116
81.3749999993
83.0
77.0
80.25
78.75
77.25
72.5
66.0
62.5
63.0
53.9999999922
60.5000000157
61.2499999922
59.9999999919
61.0000000159
59.9999999922
60.124999992
60.0000000159
59.624999992
59.6249999923
59.7500000157
60.749999992
59.2499999923
60.3750000156
59.7499999922
61.2499999919
60.0000000157
60.2499999924
61.1249999923
60.5000000154
60.3749999923
53.75
61.0
61.0
61.0
61.25
60.5
59.75
59.5
60.25
59.25
59.5
59.5
59.0
52.2500000078
59.9999999922
60.2499999922
60.5000000157
60.1249999922
61.6249999919
65.7500000165
61.8749999916
60.8749999919
60.375000016
60.124999992
59.1249999923
59.0000000154
59.4999999923
60.4999999923
59.7500000155
59.2499999923
59.1249999924
58.3750000151
58.6249999925
58.2499999922
58.2500000154
58.7499999924
59.7499999916
57.3750000091
67.1249999993
75.25
80.25
81.5
83.5
80.0
83.0
83.5
72.62500001
74.87499999
71.7499999909
71.8750000179
65.9999999912
65.3749999916
65.7500000171
64.7499999913
63.9999999913
64.125000017
64.1249999917
63.8749999917
62.8750000164
62.6249999919
64.2499999914
66.7500000176
75.6249999909
81.2499999892
88.6250000222
87.1249999886
88.3749999891
86.2500000223
78.1249999885
87.3749999986
85.8750000014
84.25
79.25
71.5
67.25
67.25
66.75
58.375
65.1249999916
64.125000017
64.4999999914
65.1249999913
64.5000000173
64.3749999913
65.4999999912
68.8750000185
78.4999999903
85.2499999877
93.0000000243
96.374999988
93.7499999881
89.5000000238
78.8749999881
90.25
89.5
78.5
70.25
68.25
65.25
66.25
58.0000000081
62.9999999919
62.624999992
62.625000016
62.1249999919
61.749999992
61.7500000159
61.624999992
62.2499999916
66.7500000173
70.2499999911
75.3749999893
81.5000000213
81.7499999893
78.9999999897
80.1250000208
83.7499999896
81.7499999892
79.6250000212
75.2499999896
71.6249999909
69.000000018
57.2499999911
66.0
65.5
66.0
63.5
64.0
63.25
63.0
63.25
62.5
56.124999992
66.2500000171
69.999999991
78.9999999897
78.6250000205
79.3749999898
79.62499999
77.000000021
79.749999989
75.6249999899
65.7500000178
59.3749999923
58.2499999926
55.8750000143
54.1249999931
53.6249999929
53.2500000141
52.2499999931
51.2499999931
45.0000000073
50.6249999996
51.0
50.75
50.5
50.75
50.0
50.5
50.75
52.5
52.75
52.75
46.2500000065
52.1249999935
52.9999999931
53.3750000137
52.7499999932
51.7499999935
52.0000000133
51.3749999932
51.8749999932
51.6250000135
50.3749999933
49.8749999933
49.7500000131
49.4999999936
49.7499999936
49.7500000129
49.8749999936
50.1249999933
50.3750000132
49.6249999935
48.8749999934
44.0000000068
50.9999999997
53.75
52.25
53.25
53.0
53.25
53.25
52.75
53.5
53.25
45.3749999933
50.5000000131
50.3749999936
50.7499999935
50.0000000131
49.9999999934
50.1249999936
50.2500000131
49.9999999933
51.2499999933
56.2500000147
64.749999992
75.7499999894
82.6250000213
82.4999999893
79.37499999
78.3750000213
81.6249999887
79.4999999888
77.1250000209
72.6249999903
70.3749999908
67.7500000178
56.9999999914
66.0
65.75
64.0
63.0
62.75
63.75
63.0
62.75
63.25
63.75
59.2500000076
68.6249999924
77.6249999885
80.0000000218
78.7499999897
79.9999999901
79.2500000204
78.8749999895
81.7499999894
79.8750000211
77.2499999895
72.9999999906
69.2500000186
68.6249999908
67.374999991
66.2500000176
64.4999999914
63.9999999916
64.1250000166
63.6249999917
64.1249999917
63.6250000166
56.7499999916
63.5
66.25
69.0
79.5
83.0
78.75
76.5
79.5
77.25
83.25
76.5
66.125
75.4999999902
69.6250000187
66.374999991
66.6249999914
64.5000000167
62.3749999919
63.3749999916
62.1250000158
50.6249999926
49.9999999937
49.625000013
49.6249999933
50.2499999932
54.2500000139
57.4999999929
69.624999991
74.8750000184
72.7499999906
71.2499999908
70.3750000184
62.7499999907
70.375
69.75
67.25
66.75
66.5
64.75
62.75
60.5
53.0
59.1249999923
58.6250000153
59.1249999924
59.4999999923
58.8750000156
58.8749999922
59.3749999922
64.3750000166
71.8749999912
78.1249999889
83.7500000219
83.7499999892
79.8749999887
82.3750000216
77.4999999897
67.8749999913
61.5000000168
59.6249999919
55.374999993
53.6250000139
53.4999999931
53.6249999932
52.2500000136
50.1249999932
49.8749999934
48.8750000132
49.8749999933
43.75
49.75
49.25
48.75
49.0
49.0
49.25
50.75
51.25
51.5
52.25
52.75
45.9999999932
53.1250000135
52.9999999933
52.4999999931
52.5000000136
52.1249999933
52.4999999932
52.1250000137
52.1249999931
50.6249999933
50.8750000132
50.1249999935
50.2499999936
50.625000013
49.9999999934
49.9999999934
50.625000013
50.1249999936
50.8749999936
52.2500000131
52.6249999933
46.25
53.25
54.0
51.75
52.75
52.25
54.0
53.0
53.0
51.75
45.3750000064
49.7499999936
49.7499999933
49.6250000132
49.8749999934
49.6249999934
50.1250000132
50.1249999933
51.1249999928
59.2500000157
67.4999999915
75.8749999893
75.7500000209
74.7499999898
78.2499999901
76.2500000198
77.4999999901
77.9999999901
72.7500000191
72.7499999908
68.7499999911
67.6250000176
59.4999999913
65.875
64.5
61.75
61.0
61.0
61.0
60.75
61.25
61.5
62.5
65.0
61.0
74.7499999895
79.0000000207
80.4999999898
78.8749999899
77.2500000201
75.87499999
78.8749999894
78.6250000205
73.9999999901
71.1249999907
68.7500000181
66.1249999913
66.1249999913
66.1250000174
65.6249999914
65.8749999916
65.3750000169
65.2499999915
64.7499999915
56.6250000085
64.75
65.0
68.0
69.75
81.25
81.75
83.5
86.5
72.5000000092
79.7499999908
82.6249999889
80.5000000211
74.99999999
73.6249999906
71.2500000187
68.9999999908
66.8749999913
65.7500000172
59.8749999915
56.2499999924
56.7500000149
55.7499999927
56.3749999928
56.1250000142
55.749999993
56.6249999923
60.000000016
68.1249999918
74.8749999905
76.7500000201
79.3749999894
79.3749999892
71.1250000108
80.25
81.0
77.25
65.25
60.5
58.25
56.75
56.0
55.5
49.0
54.6249999928
55.2500000144
54.7499999929
53.7499999931
54.1250000139
53.624999993
53.8749999926
57.750000015
60.7499999924
68.3749999899
72.3750000198
73.8749999903
67.3749999906
68.6250000184
69.624999991
69.3749999912
63.0000000168
59.499999992
57.3749999924
55.5000000146
53.874999993
45.625
50.75
51.0
49.75
50.0
50.25
50.0
49.5
50.0
49.5
44.3750000067
49.7499999933
49.8749999935
50.8750000132
49.9999999933
50.9999999933
51.0000000134
51.3749999933
53.1249999931
52.0000000136
51.1249999933
50.1249999933
51.3750000132
50.3749999935
50.4999999933
50.5000000134
49.6249999933
48.9999999937
49.5000000126
49.3749999937
48.8749999937
49.0000000129
49.4999999934
43.3749999996
49.3750000004
48.75
49.0
48.5
49.25
50.5
51.5
51.5
50.75
51.0
52.25
45.6249999936
50.875000013
50.7499999935
50.8749999933
50.6250000135
49.7499999932
49.6249999938
49.1250000128
49.6249999934
49.6249999934
49.7500000131
49.6249999934
50.2499999931
54.0000000141
56.4999999928
60.6249999917
70.3750000171
70.1249999912
66.1249999917
64.3750000167
62.4999999916
61.624999992
52.5000000084
57.1249999996
57.25
53.5
51.5
51.5
52.0
49.75
45.1249999938
50.0000000126
50.3749999936
49.9999999934
49.875000013
50.3749999936
51.249999993
54.8750000145
58.4999999926
68.374999989
80.6250000213
83.2499999897
81.3749999896
82.0000000209
80.3749999896
81.4999999891
79.8750000219
80.874999989
73.3749999906
70.3750000181
68.2499999912
68.7499999915
66.3750000172
57.7499999913
66.0
65.25
65.0
65.25
64.75
64.75
65.75
68.25
72.0
68.7499999898
82.1250000214
82.6249999889
80.9999999896
79.6250000213
83.4999999891
83.4999999891
82.7500000208
68.9999999901
62.6249999919
58.8750000156
57.3749999925
57.1249999929
55.0000000141
51.8749999931
52.2499999932
52.7500000136
52.1249999932
51.3749999932
45.8750000072
50.8749999996
52.5
54.75
59.5
66.5
72.75
71.5
68.0
63.75
65.5
73.874999995
59.5000000119
64.8749999931
61.6249999923
57.2500000149
54.9999999929
54.2499999931
54.3750000139
53.249999993
53.7499999932
51.7500000136
52.7499999932
51.8749999931
51.6250000137
50.8749999932
51.8749999932
54.1250000142
58.2499999926
65.7499999902
72.2500000197
75.2499999901
70.9999999907
65.1250000093
71.0
72.25
69.25
66.75
63.75
58.75
57.75
57.25
56.0
48.625
55.2499999928
55.1250000146
54.6249999926
54.874999993
54.6250000139
54.4999999931
54.124999993
54.1250000139
53.6249999931
54.499999993
55.7500000144
56.2499999926
56.7499999924
57.3750000153
57.8749999923
57.1249999925
57.1250000149
57.2499999926
50.4999999997
55.7500000003
56.25
56.25
55.5
56.75
56.0
56.0
54.25
54.75
54.25
47.75
53.499999993
54.6250000139
53.9999999931
54.2499999929
54.7500000143
54.9999999929
55.9999999928
55.3750000143
54.874999993
56.1249999926
56.2500000147
56.8749999926
56.2499999929
55.7500000146
56.6249999925
56.2499999926
55.750000015
56.3749999924
55.2499999929
54.6250000142
53.999999993
47.6249999996
53.6250000004
54.0
54.5
58.5
63.5
72.25
79.25
81.0
77.75
71.0000000102
76.8749999898
80.2499999899
79.2500000212
77.4999999889
70.8749999913
63.6250000166
61.249999992
59.8749999922
57.6250000156
57.4999999923
56.7499999928
56.5000000147
56.6249999925
56.4999999926
56.3750000145
56.6249999929
50.0
64.5
71.5
80.5
84.5
86.25
83.25
82.5
72.375
85.9999999886
86.7500000225
79.3749999889
71.7499999909
67.8750000179
65.9999999912
64.3749999919
63.125000016
62.8749999921
62.1249999917
62.5000000163
62.249999992
61.7499999917
61.1250000161
61.7499999922
63.3749999914
67.6250000177
72.1249999908
82.499999988
89.6250000241
77.2499999879
87.2499999992
85.0000000008
86.25
85.25
83.5
78.25
76.0
72.0
69.0
65.5
55.875000008
62.749999992
61.8749999919
61.0000000162
61.4999999919
60.7499999919
61.375000016
61.249999992
61.3749999919
66.8750000171
72.749999991
85.6249999882
86.6250000229
90.8749999889
84.25
87.5
89.5
84.75
84.25
79.0
71.0
66.0
65.5
64.0
63.5
62.25
61.75
61.75
61.75
61.5
61.5
61.25
62.0
65.25
69.0
77.75
82.0
83.75
81.25
77.5
79.75
79.75
77.75
64.25
58.0
56.0
54.0
51.75
50.75
49.25
48.5
48.25
47.5
48.5
48.25
48.0
48.75
47.75
48.5
48.25
49.5
49.0
50.25
50.25
50.75
49.25
49.25
49.0
48.0
47.75
48.5
48.25
48.75
48.0
48.0
47.75
47.75
47.5
48.0
47.25
47.75
47.5
47.25
47.0
47.75
49.25
48.5
49.5
51.25
50.0
49.25
49.75
50.0
50.0
49.75
49.25
49.5
48.5
49.5
48.75
48.5
48.5
48.5
48.0
50.25
54.0
58.25
72.75
67.5
72.25
71.75
70.5
70.25
69.75
66.75
63.5
61.0
57.75
54.5
52.5
52.0
51.0
50.5
50.5
50.0
50.0
50.0
50.5
50.75
54.5
60.75
73.5
73.5
76.25
76.0
72.5
73.75
75.75
77.0
68.75
65.25
61.0
57.25
55.75
54.5
53.0
51.75
52.25
51.25
51.5
51.0
51.25
53.0
58.25
63.0
74.75
74.0
75.25
75.75
74.25
76.0
80.0
83.75
80.75
76.25
70.25
68.25
67.0
65.25
64.0
62.75
63.0
61.75
62.5
60.5
61.5
62.5
66.0
70.75
77.25
85.5
83.5
80.75
80.0
81.8125000029
81.5624999868
82.1250000208
78.7499999896
76.2499999903
71.1250000188
64.749999991
64.6249999918
63.7500000166
62.4999999916
61.4999999922
60.6250000158
60.749999992
60.3749999922
59.8750000158
59.999999992
60.6249999916
64.625000017
67.8749999914
79.1249999897
78.6250000205
80.4999999898
75.8749999901
75.3750000196
70.1249999903
70.1249999911
67.5000000176
64.1249999913
61.7499999922
59.0000000152
56.3749999926
55.9999999927
54.1250000144
52.2499999929
50.9999999933
50.1250000132
49.6249999934
49.2499999936
49.625000013
49.3749999935
49.4999999933
49.5000000131
49.4999999936
49.4999999936
50.3750000132
51.6249999932
52.1249999932
51.5000000136
52.9999999932
52.7499999932
52.2500000138
52.749999993
52.8749999931
51.2500000136
51.4999999933
50.4999999936
49.875000013
49.6249999934
49.2499999936
48.5000000131
48.8749999933
48.2499999937
48.3750000128
48.2499999936
48.4999999936
48.5000000129
48.7499999936
49.6249999934
50.1250000132
50.8749999933
51.7499999932
51.7500000138
52.499999993
52.3749999933
52.0000000136
51.4999999931
51.8749999932
52.1250000135
50.8749999933
51.2499999932
51.0000000134
49.4999999934
49.8749999936
49.0000000129
49.2499999936
48.8749999934
49.2500000131
48.9999999934
50.3749999933
53.0000000141
59.4999999926
65.499999991
71.5000000185
73.3749999905
73.3749999897
70.7500000194
69.749999991
70.8749999908
71.250000018
70.3749999911
64.749999992
57.8750000156
56.9999999924
55.249999993
55.2500000144
48.3999999941
53.874999993
53.2500000141
52.624999993
52.624999993
53.3750000137
52.4999999933
53.6249999927
57.0000000152
61.4999999921
72.3749999891
75.5000000208
73.3749999901
70.9999999911
68.8750000177
70.8749999912
72.6249999907
74.2500000186
72.1249999907
65.6249999917
60.250000016
58.7499999923
55.7499999928
55.5000000142
53.8749999931
54.1249999931
52.7500000138
53.1249999931
52.3749999931
53.8750000139
52.749999993
47.25
57.75
61.0
70.75
75.25
74.5
74.25
73.5
63.125
70.8749999908
72.2500000186
70.4999999906
65.124999992
59.2500000157
57.4999999923
54.8749999926
54.6250000143
53.3749999931
53.3749999933
52.0000000136
51.8749999931
51.7499999932
52.3750000137
51.6249999931
52.6249999931
56.7500000147
60.6249999922
68.4999999908
70.2500000183
74.8749999908
72.8749999908
62.2500000092
69.5
71.75
70.25
66.5
63.75
60.5
58.25
56.75
55.0
54.25
47.3749999934
53.5000000138
52.8749999929
53.1249999929
53.0000000138
52.6249999933
53.7499999927
56.875000015
61.7499999922
69.4999999905
76.6250000203
75.6249999892
76.1249999906
70.2500000188
73.6249999906
73.499999991
67.7500000176
63.2499999914
60.8749999924
57.000000015
56.7499999926
54.999999993
53.5000000138
45.7499999932
52.0
51.5
51.25
51.5
51.75
51.75
51.0
45.7500000063
51.1249999937
51.2499999933
51.2500000134
52.1249999933
51.9999999932
54.0000000138
53.624999993
53.624999993
52.8750000139
53.1249999931
52.4999999932
53.0000000136
52.3749999932
52.1249999932
51.1250000135
51.1249999933
51.499999993
51.1250000137
44.7499999933
51.375
51.5
51.0
51.0
50.75
51.5
50.5
45.1250000064
51.7499999936
52.3749999932
52.5000000136
52.8749999932
52.9999999931
52.7500000138
52.6249999931
52.2499999932
53.1250000139
53.2499999929
53.2499999931
52.8750000137
51.7499999932
52.3749999933
50.8750000132
50.6249999934
52.6249999932
50.7500000134
51.6249999934
52.2499999928
49.2500000078
59.6249999993
67.5
74.0
74.5
74.0
73.75
74.0
77.5
72.75
69.5
59.8749999917
65.1250000164
61.6249999919
60.1249999921
58.8750000156
58.2499999922
57.4999999926
57.2500000148
56.7499999926
56.9999999926
57.0000000148
56.6249999926
57.3749999922
60.2500000155
63.4999999922
74.4999999901
76.7500000208
81.2499999891
76.4999999905
75.6250000192
64.9999999904
76.5
76.5
70.0
69.25
65.25
61.75
59.25
59.0
50.375
56.7499999928
56.2500000146
56.2499999926
56.6249999924
55.7500000149
56.3749999927
57.749999992
59.5000000162
63.8749999918
72.4999999898
74.8750000197
76.2499999905
76.4999999905
72.6250000189
75.2499999906
72.9999999904
74.6250000197
71.1249999899
66.9999999911
63.6250000169
59.624999992
58.3749999922
57.7500000152
50.3749999926
57.25
55.75
56.5
56.0
55.75
56.0
57.25
60.0
65.75
64.2499999904
81.8750000202
81.3749999894
81.2499999898
80.8750000206
80.8749999897
77.6249999902
73.5000000193
72.4999999905
74.7499999905
68.0000000183
65.3749999912
61.7499999921
60.5000000158
58.9999999921
51.4999999992
57.2500000008
58.25
56.25
56.75
56.25
58.75
60.5
64.25
69.0
68.0000000097
75.1249999903
73.7499999907
72.3750000187
72.6249999906
73.62499999
72.5000000194
68.6249999906
62.249999992
56.3750000153
54.8749999927
52.8749999932
53.7500000137
51.9999999932
51.3749999933
50.6250000133
50.6249999934
50.9999999933
50.6250000133
44.8749999934
51.1249999992
50.2500000008
52.75
52.0
53.5
54.25
53.25
53.5
52.5
53.25
53.75
46.75
52.1249999931
53.3750000138
52.1249999932
52.3749999932
51.0000000137
51.2499999932
50.3749999933
50.1250000133
50.8749999934
49.7499999935
50.0000000132
49.6249999933
50.1249999933
50.6250000133
49.8749999934
50.3749999934
44.5000000074
50.2499999992
51.5
51.75
52.25
51.0
52.5
52.75
53.0
47.8750000062
51.2499999938
50.1249999932
49.8750000136
50.2499999933
49.7499999933
50.8750000133
50.2499999934
49.6249999933
49.5000000128
49.8749999939
50.374999993
55.5000000146
58.8749999923
66.1249999915
71.0000000178
73.9999999907
70.2499999915
66.7500000173
66.7499999912
69.499999991
68.3750000177
63.9999999913
62.374999992
52.0000000084
54.6249999996
54.25
52.5
52.25
50.75
51.5
51.0
51.0
50.75
51.5
45.7499999937
54.6250000137
57.7499999926
65.8749999913
75.8750000188
75.8749999899
73.9999999906
74.1250000187
74.1249999907
74.7499999903
75.375000019
70.9999999907
65.2499999917
65.8750000162
58.7499999922
55.9999999926
56.1250000145
54.7499999929
53.9999999931
53.7500000141
53.7499999928
53.3749999932
53.3750000139
53.3749999929
48.2499999995
57.0000000005
59.75
66.5
69.0
73.25
68.5
70.25
72.0
74.5
72.75
59.5
64.8749999917
63.2500000166
61.4999999917
59.6249999924
56.000000015
56.1249999926
54.874999993
54.6250000145
54.6249999925
53.9999999927
54.2500000143
54.374999993
55.4999999925
58.5000000153
61.7499999922
71.2499999891
75.5000000204
76.8749999905
71.9999999904
70.8750000189
65.3749999907
80.374999992
67.0000000175
67.7499999905
60.6249999922
58.3750000153
54.8749999925
54.499999993
53.8750000139
53.1249999931
47.3749999996
52.6250000004
52.25
52.75
51.75
51.5
54.0
57.0
64.25
73.5
67.3750000085
76.8749999915
74.9999999905
72.7500000189
74.3749999905
72.6249999908
68.5000000181
64.6249999911
57.7499999925
55.5000000144
52.4999999931
51.2499999931
51.3750000135
49.3749999934
49.1249999937
48.3750000128
49.1249999936
48.3749999936
47.8750000128
47.8749999937
48.3749999937
48.7500000129
48.2499999934
48.3749999936
44.0000000068
50.6249999996
49.75
50.0
51.25
50.25
51.0
50.25
50.75
51.0
44.25
48.3749999938
49.3750000128
47.8749999934
47.4999999939
47.8750000124
48.1249999937
47.4999999938
47.8750000125
47.4999999937
47.249999994
47.5000000123
47.9999999937
48.7499999934
48.0000000129
48.4999999937
48.6249999936
50.0000000129
49.9999999936
45.4999999996
51.0000000008
50.8749999996
51.25
51.25
50.5
50.5
49.25
48.75
49.0
48.25
42.25
47.7499999937
48.2500000127
48.2499999937
48.9999999934
54.7500000139
63.3749999927
72.4999999896
78.5000000206
83.8749999897
79.1249999902
79.0000000201
81.7499999897
83.7499999885
81.125000022
79.2499999895
72.3749999907
69.5000000183
66.124999991
64.1249999917
62.2500000166
55.9999999917
61.625
62.75
61.0
61.75
61.5
61.5
61.75
64.75
68.0
71.1249999905
82.3750000203
85.2499999893
84.6249999894
80.7500000215
83.2499999891
80.874999989
81.8750000214
77.7499999896
74.4999999904
70.5000000187
67.8749999909
66.2499999914
66.000000017
65.8749999916
64.1249999916
64.5000000168
63.6249999916
64.2499999917
62.6250000164
62.2499999919
56.2499999987
64.5000000013
68.25
79.75
82.5
82.5
78.75
76.75
78.5
83.25
80.75
62.25
65.874999992
59.8750000158
58.2499999921
57.3749999925
56.0000000147
55.3749999928
55.1249999928
55.2500000147
54.8749999925
55.249999993
54.7500000141
54.374999993
55.4999999926
59.2500000154
62.624999992
71.7499999901
83.0000000209
78.874999989
77.9999999902
76.37500002
77.6249999898
76.3749999901
76.5000000196
66.3749999903
72.625
67.5
64.0
63.5
61.75
59.5
59.5
57.5
58.0
58.0
50.8750000077
57.7499999923
58.8749999921
60.8750000162
65.7499999917
74.24999999
83.2500000206
83.4999999894
79.9999999899
76.2500000203
81.6249999899
81.4999999895
77.8750000203
73.3749999902
66.7499999919
61.6250000158
57.9999999923
56.9999999929
49.2500000075
54.7499999996
53.625
54.0
53.75
54.75
54.25
54.25
54.75
54.25
54.5
48.624999993
54.6250000144
55.9999999926
55.1249999929
55.3750000145
56.2499999926
55.6249999925
55.5000000146
54.3749999929
54.8749999929
55.3750000145
56.3749999926
56.4999999925
55.3750000148
49.1999999942
55.1249999928
53.7500000143
54.624999993
54.624999993
47.5000000073
52.8749999996
53.75
53.5
53.5
53.5
54.0
53.5
53.75
56.75
55.75
56.0
57.0
49.625
55.9999999925
55.8750000145
55.999999993
54.3749999929
54.5000000141
53.6249999931
54.2499999927
53.375000014
53.1249999933
53.4999999932
53.0000000136
53.1249999932
52.9999999931
54.8750000142
59.9999999927
68.9999999903
79.2500000202
82.4999999895
76.7499999987
88.2500000013
88.0
89.25
94.0
92.5
89.75
87.25
79.25
75.75
74.25
66.375
72.8749999903
72.7500000194
72.4999999903
71.9999999903
72.2500000191
71.8749999906
72.1249999906
72.6250000192
76.6249999902
80.6249999886
90.5000000228
93.1249999886
92.1249999875
90.7500000242
87.8749999883
89.8749999886
93.2500000238
96.4999999876
89.4999999886
75.6250000114
81.25
76.5
73.0
73.25
71.5
71.5
70.0
70.5
70.0
68.5
61.3749999907
70.0000000187
72.6249999907
78.3749999891
90.250000022
96.4999999889
83.625
89.75
88.0
86.5
87.25
91.25
88.75
83.0
76.75
69.2499999901
76.2500000196
72.8749999903
71.6249999905
69.1250000186
68.7499999909
68.3749999911
68.2500000177
68.6249999911
68.1249999911
69.5000000181
71.6249999908
76.7499999894
86.3750000224
88.8749999882
90.1249999875
87.5000000235
86.374999989
85.4999999889
88.8750000227
77.6249999884
81.7499999988
77.1250000012
74.0
73.25
71.75
71.5
71.0
69.0
69.0
69.0
69.5
69.0
69.0
61.3750000083
71.9999999917
75.1249999898
82.6250000216
89.4999999886
88.1249999888
87.5000000222
85.499999989
86.3749999885
85.1250000227
89.3749999888
84.7499999891
79.5000000209
65.24999999
60.3749999921
58.8750000157
57.2499999922
56.2499999928
54.6250000142
54.749999993
53.3749999928
54.8750000142
48.249999993
53.75
54.25
54.5
54.0
53.75
55.5
55.75
55.75
50.875
55.7499999929
55.6250000145
56.3749999926
55.2499999931
55.3750000143
57.1249999926
57.1249999924
58.5000000155
58.8749999921
56.9999999925
56.500000015
57.4999999925
56.8749999924
57.3750000151
57.3749999925
56.8749999925
56.750000015
57.1249999925
56.9999999924
57.0000000149
58.1249999927
59.3749999922
52.6250000082
58.1249999996
59.0
59.0
60.0
59.5
59.75
57.0
56.0
56.5
54.25
54.25
54.75
47.125
52.874999993
53.2500000139
52.7499999932
53.249999993
53.8750000142
57.6249999928
62.1249999915
69.7500000188
78.6249999896
76.1249999902
77.5000000195
76.3749999902
78.1249999892
79.8750000221
90.1249999887
93.2499999886
80.8750000216
75.1249999898
72.2499999905
73.1250000189
69.8749999906
64.1
68.8750000182
60.7499999908
69.0
69.0
69.25
68.25
69.25
72.0
77.5
84.75
91.5
82.4999999885
90.1250000232
93.2499999884
91.8749999872
93.5000000246
92.3749999882
86.7499999889
82.6250000214
76.9999999898
72.4999999911
68.5000000176
67.8749999913
66.6249999913
67.2500000176
66.3749999911
66.4999999912
65.8750000174
66.1249999913
66.3749999913
67.0000000178
61.1249999909
73.375
86.75
94.5
90.25
93.75
90.75
90.0
93.5
82.75
87.7499999898
79.1250000201
73.7499999902
73.3749999905
72.0000000188
70.4999999906
68.6249999912
68.8750000177
67.9999999911
68.374999991
67.6250000179
68.3749999911
67.499999991
69.2500000183
72.4999999907
79.9999999892
87.6250000224
97.3749999885
95.7499999879
92.3750000245
90.7499999877
89.999999988
90.7500000246
78.3749999874
86.625
82.75
76.75
75.5
73.0
71.75
70.25
70.0
69.75
69.25
68.0
60.625
68.6249999911
69.5000000186
73.2499999904
76.2499999895
87.6250000223
89.4999999881
90.124999988
91.2500000237
88.6249999882
89.3749999882
91.1250000232
86.1249999886
84.3749999891
79.750000021
77.6249999899
70.7499999908
61.8750000098
69.1249999993
69.25
68.75
68.25
68.0
68.25
67.75
67.25
68.25
67.0
67.5
67.5
60.0
68.1249999909
68.5000000183
69.3749999907
68.9999999908
70.2500000181
69.3749999911
69.6249999911
69.5000000179
68.6249999911
67.3749999911
68.625000018
68.3749999909
67.7499999911
67.5000000179
67.3749999911
67.3749999911
67.1250000178
67.9999999912
67.1249999913
58.2500000087
67.25
66.25
67.0
66.5
67.75
69.25
69.25
68.75
71.0
70.0
70.75
68.75
60.625
69.2499999912
67.8750000177
67.7499999911
67.6249999912
67.6250000178
66.4999999911
66.7499999913
66.7500000174
67.2499999913
66.8749999912
68.625000018
72.7499999908
82.6249999886
91.2500000231
92.1249999883
91.7499999882
91.7500000236
92.7499999882
92.7499999879
91.7500000241
93.7499999879
90.1249999886
85.6250000224
82.749999989
70.9999999987
76.2500000013
76.25
76.5
73.5
73.5
72.5
73.25
72.25
73.25
73.5
76.5
81.25
82.5000000109
95.3749999891
96.3749999872
93.875000024
89.6249999889
90.8749999878
95.2500000246
96.6249999876
93.2499999884
85.5000000223
80.1249999892
79.1249999898
73.125000019
66.8749999912
64.7499999918
61.6250000166
64.7499999915
64.7499999915
65.2500000169
64.8749999915
64.7499999913
66.5000000176
69.2499999911
74.9999999895
86.5000000228
88.7499999877
93.499999988
90.2500000237
90.6249999883
78.375
94.75
93.0
88.25
81.75
78.25
72.5
70.0
69.25
67.5
60.0000000081
67.3749999919
66.9999999912
67.1250000178
67.8749999911
67.3749999913
68.2500000176
72.7499999911
80.749999989
90.2500000241
96.6249999869
96.3749999877
94.7500000243
93.124999988
87.4999999886
87.6250000229
86.9999999885
83.7499999892
80.7500000212
77.7499999896
73.9999999904
72.0000000193
63.9999999904
70.25
70.25
69.5
69.25
69.5
68.75
69.5
70.5
73.75
78.25
73.8750000106
88.9999999894
90.9999999884
89.5000000233
86.1249999884
87.8749999884
88.1250000234
87.6249999882
84.4999999891
77.6250000209
73.24999999
68.2499999911
66.5000000168
57.4999999921
56.2499999925
56.0000000148
55.9999999927
55.2499999927
55.1250000145
54.7499999928
55.3749999929
49.0000000078
53.9999999992
55.75
56.75
57.0
58.0
57.5
57.0
57.75
58.25
57.5
50.4999999932
55.8750000132
53.9999999936
54.3749999929
55.0000000141
52.9999999929
51.624999993
51.5000000137
51.7499999933
52.4999999933
50.8750000133
51.4999999934
51.1249999933
51.1250000136
51.2499999932
51.7499999932
51.5000000136
49.9999999932
51.1249999933
51.5000000134
50.7499999933
50.4999999933
46.1250000072
51.2499999995
52.5
51.75
51.0
49.75
49.5
49.0
49.25
48.75
43.375
47.8749999942
48.8750000123
48.7499999936
48.2499999936
49.2500000134
54.8749999931
58.6249999917
67.7500000175
72.6249999907
78.74999999
73.7500000194
72.8749999906
79.2499999897
78.2500000209
75.8749999894
72.2499999908
65.8750000175
61.7499999917
52.3749999995
58.2500000005
56.5
56.5
55.75
55.75
54.75
56.25
54.5
54.75
55.5
59.0
55.3749999923
76.7500000077
71.625
82.5
83.75
85.5
88.25
93.0
81.625
88.624999989
81.6250000211
74.4999999899
68.3749999911
65.2500000176
64.8749999913
57.5
64.0000000165
62.9999999918
62.7499999918
63.0000000165
63.1249999918
63.3749999918
64.3750000169
67.6249999913
71.4999999902
81.2500000207
85.8749999891
89.249999989
82.2500000221
84.499999989
79.1249999894
85.2500000217
74.6249999888
78.9999999992
73.5000000008
70.75
67.75
64.5
62.0
61.75
61.75
60.25
53.4999999921
60.0000000158
60.9999999921
60.4999999921
61.1250000161
65.6249999918
74.7499999895
85.1250000222
88.6249999883
94.4999999874
91.7500000246
87.874999988
86.7499999897
80.625000021
78.8749999893
74.9999999905
69.8750000184
65.6249999911
62.8749999919
62.250000016
52.9999999921
57.25
55.0
54.0
54.75
53.5
54.25
54.0
55.5
58.75
67.0
66.0000000096
75.6249999904
79.4999999899
75.3750000195
73.4999999906
76.6249999896
80.1250000206
77.1249999898
71.3749999919
62.375000016
61.124999992
60.9999999916
57.0000000158
54.6249999926
52.9999999928
53.2500000138
52.1249999933
53.1249999931
52.1250000137
52.2499999932
45.7499999995
53.0000000005
53.0
53.0
53.75
53.25
54.0
53.25
47.125
52.874999993
53.625000014
52.7499999931
53.2499999931
53.7500000138
53.7499999931
53.7499999931
53.1250000137
52.3749999932
52.3749999932
52.2500000134
50.9999999934
52.2499999932
51.1250000135
51.2499999933
51.3749999934
51.1250000132
51.6249999933
50.8749999933
51.3750000133
51.4999999934
48.1249999996
54.3750000004
55.0
55.25
55.25
53.5
54.25
53.5
54.0
53.0
52.0
46.375
51.3749999932
51.8750000135
51.3749999933
51.4999999932
51.3750000135
51.4999999933
51.4999999933
52.8750000137
57.249999993
62.9999999913
70.625000019
72.9999999897
79.62499999
74.5000000196
75.3749999904
74.9999999899
78.2500000202
67.6249999899
72.25
66.0
61.0
60.0
56.5
56.5
56.0
54.5
55.0
55.0
48.6250000072
54.9999999928
54.6249999927
55.6250000144
59.7499999929
61.6249999919
70.125000018
80.4999999901
79.4999999897
79.7500000202
80.1249999901
80.24999999
79.1250000201
74.7499999899
75.7499999902
73.7500000191
64.3749999907
60.7499999921
58.1250000154
50.6249999925
56.0
55.0
55.5
55.5
55.25
55.75
54.75
56.0
60.0
63.75
74.25
80.75
72.1249999905
78.5000000189
76.3749999907
77.9999999896
81.875000021
79.4999999894
79.6249999903
76.2500000226
66.2499999871
66.2499999916
63.5000000169
66.3749999916
65.9999999914
64.2500000171
63.9999999914
63.3749999916
63.6250000167
54.9999999917
62.7499999996
62.6250000004
69.0
72.5
84.75
88.5
85.75
85.0
86.5
78.2499999879
89.2500000234
89.3749999887
84.624999989
81.0000000212
74.7499999898
72.7499999905
71.3750000185
69.874999991
68.2499999913
65.8750000172
65.4999999915
65.3749999916
57.3750000088
64.8749999996
65.25
66.25
71.0
75.0
84.0
84.0
87.5
81.5
65.125
75.1249999892
76.7500000204
73.6249999904
68.4999999912
65.1250000169
59.1249999919
56.8749999926
55.5000000148
55.2499999926
53.999999993
53.6250000142
53.7499999928
52.9999999931
54.1250000139
53.749999993
53.249999993
54.7500000141
53.624999993
53.4999999928
47.6250000072
54.25
55.0
55.25
55.5
56.0
54.5
55.0
55.0
49.2500000074
55.6249999926
54.4999999929
55.2500000141
55.2499999931
54.4999999931
53.2500000138
53.7499999931
52.874999993
53.7500000138
53.2499999932
53.1249999929
54.0000000141
52.7499999931
52.7499999931
53.7500000138
54.4999999931
55.2499999929
54.6250000142
54.249999993
54.249999993
54.6250000142
48.6249999929
56.0
56.5
55.25
54.25
55.25
54.75
52.75
47.6250000064
51.9999999936
52.2499999931
53.5000000138
52.9999999931
52.6249999932
54.5000000144
58.2499999924
62.4999999911
71.5000000192
83.6249999898
82.4999999896
79.7500000204
79.12499999
78.8749999894
82.5000000212
82.9999999894
72.7499999991
74.8750000009
67.75
67.0
61.75
60.0
58.75
58.0
59.0
58.0
57.75
50.875
57.8749999925
59.0000000154
60.8749999921
67.9999999905
74.0000000197
83.9999999899
84.4999999892
79.250000021
78.6249999899
77.6249999888
76.6250000206
78.4999999906
75.2499999898
71.0000000192
57.8749999911
60.875
61.25
58.25
54.75
54.75
53.25
52.5
53.25
52.5
51.0
53.0
50.5
62.3749999914
69.3750000183
71.2499999903
77.8749999904
74.2500000187
73.624999991
72.49999999
76.3750000203
76.2499999897
73.7499999904
71.2500000186
67.624999991
66.4999999913
65.750000017
56.4999999917
63.75
63.5
63.75
63.25
63.25
63.25
63.0
64.5
66.5
62.8749999901
78.6250000206
84.4999999892
85.9999999892
82.8750000213
85.3749999894
86.3749999891
84.8750000222
85.1249999888
79.4999999897
76.0000000204
71.4999999899
68.249999991
67.6250000177
64.9999999913
64.6249999918
63.8750000165
64.1249999917
63.6249999916
64.2500000167
56.7499999917
62.5
64.75
67.0
71.5
77.25
84.25
85.0
81.25
72.5
82.3749999896
75.5000000199
70.9999999905
69.8749999913
63.1250000167
59.624999992
59.6249999922
56.500000015
54.8749999928
54.4999999929
53.7500000141
53.9999999929
53.2499999929
53.375000014
53.3749999931
53.624999993
52.875000014
53.8749999929
53.3749999932
54.2500000139
54.1249999929
50.3749999992
55.2500000008
57.25
56.75
61.75
57.75
56.0
56.75
55.5
55.5
54.0
55.0
46.9999999939
52.7500000131
53.6249999929
53.8749999932
52.6250000138
52.8749999931
53.1249999932
52.6250000139
53.4999999929
53.2499999929
53.2500000139
51.7499999932
52.3749999932
52.0000000137
52.6249999932
52.9999999929
52.6250000139
46.3749999932
54.0
54.25
53.5
52.25
51.75
53.5
52.75
52.0
45.125
52.1249999932
51.3750000134
51.1249999934
51.6249999932
52.7500000141
58.1249999927
62.8749999916
68.1250000177
74.7499999907
81.3749999895
67.6250000105
78.75
79.5
77.5
76.5
73.75
60.8750000086
64.3749999914
60.9999999921
60.6250000156
58.3749999923
58.7499999923
56.5000000151
55.8749999926
55.3749999926
48.2500000074
55.0
55.5
56.0
59.0
63.0
67.75
78.75
74.5
65.6250000081
70.6249999919
74.8749999898
75.1250000205
77.8749999898
73.6249999906
67.875000018
63.6249999914
61.8749999924
58.500000015
58.4999999926
58.2499999926
57.5000000148
56.1249999926
56.6249999926
57.625000015
56.1249999924
57.2499999926
58.250000015
60.4999999924
56.625
73.75
76.25
68.12499999
75.5000000198
75.8749999902
74.6249999893
78.8750000214
76.9999999893
74.6249999906
60.8750000094
64.25
62.25
58.25
51.25
56.3749999925
56.8750000148
56.4999999927
56.1249999927
56.3750000146
56.2499999927
56.4999999927
57.2500000148
60.9999999925
66.3749999909
75.7500000193
80.2499999898
82.1249999895
79.3750000201
72.7499999904
74.8749999896
78.1250000205
77.7499999899
70.7499999911
66.5000000178
63.6249999912
60.8749999921
52.3750000079
59.75
57.5
58.0
56.75
56.25
56.5
56.5
56.25
50.6250000078
59.7499999922
63.6249999912
71.3750000185
72.6249999903
76.3749999899
77.25000002
72.7499999901
74.8749999906
74.0000000193
73.8749999901
69.1249999911
66.2500000174
62.2499999915
59.4999999925
58.1250000151
49.3749999925
54.25
53.25
53.5
52.5
52.0
52.75
52.25
52.75
52.0
52.75
52.25
53.75
54.75
55.0
49.375
55.6249999927
55.6250000146
55.3749999927
55.9999999927
55.6250000146
55.2499999927
55.9999999927
55.6250000146
54.3749999927
54.2499999927
54.2500000141
53.2499999932
53.6249999929
52.8750000139
53.8749999932
53.1249999932
53.5000000141
53.8749999927
53.2499999929
48.2500000079
52.2499999992
53.75
54.5
54.25
55.25
55.5
55.0
55.5
55.25
54.5
49.1249999932
54.2500000137
53.4999999931
53.4999999931
53.8750000141
52.9999999928
51.6249999931
52.2500000139
52.6249999931
52.8749999931
53.5000000141
56.3749999928
60.3749999918
66.8750000182
75.12499999
74.9999999907
72.3750000181
71.6249999912
72.6249999899
73.3750000194
74.2499999907
68.6249999914
66.2500000174
55.9999999912
61.5
58.75
58.25
56.75
56.5
56.25
56.5
56.25
56.5
49.7499999924
57.5000000153
59.8749999924
64.7499999913
71.750000018
75.9999999907
76.1249999895
73.7500000195
73.4999999909
74.2499999905
76.75000002
76.6249999895
72.1249999905
66.750000018
62.9999999915
61.1249999922
59.7500000155
56.7499999922
57.1249999925
57.2500000148
56.6249999927
49.875
58.0
56.0
56.0
58.5
59.25
73.6022727261
75.1363636433
75.5113636305
84.8749999891
82.7500000213
78.8749999896
77.3749999898
81.8750000202
76.9999999899
79.99999999
70.2500000188
63.9999999912
62.2499999919
62.5000000161
62.8749999919
61.6249999922
59.5000000155
59.4999999923
58.9999999922
59.6250000159
58.8749999919
51.5
60.25
62.0
68.0
76.5
78.75
79.75
78.75
77.75
64.1249999906
74.7500000202
77.1249999892
70.1249999913
64.1250000169
59.4999999918
57.3749999925
57.000000015
54.9999999925
54.374999993
54.2500000143
53.7499999927
53.4999999928
53.1250000142
52.749999993
54.249999993
54.2500000146
57.7499999925
59.9999999918
65.2500000175
72.3749999907
67.0
71.25
69.5
70.0
72.0
66.25
61.5
58.5
55.5
52.0
45.5000000069
51.2499999931
50.9999999936
50.1250000129
49.4999999936
50.2499999937
49.3750000128
50.2499999936
49.2499999938
49.7500000128
50.4999999934
49.6249999936
49.7500000129
49.8749999936
49.8749999933
52.0000000137
52.249999993
51.7499999933
45.8750000067
52.75
53.5
51.25
50.25
49.0
48.25
49.0
48.5
48.5
42.375
47.624999994
48.0000000122
47.7499999938
48.2499999937
47.8750000128
48.1249999936
48.1249999938
48.3750000124
47.6249999938
49.3749999932
49.7500000134
50.2499999934
50.6249999933
50.6250000133
49.2499999934
49.7499999936
50.1250000131
49.4999999933
49.4999999936
43.6250000064
49.0
48.75
48.5
48.5
47.75
48.5
48.75
49.0
49.0
41.625
50.2499999933
54.2500000149
58.2499999918
57.9999999927
57.1250000151
55.8749999921
55.3749999926
52.8750000141
50.6249999933
48.9999999938
48.1250000127
46.9999999936
45.374999994
45.125000012
44.749999994
44.4999999945
44.1250000116
44.6249999939
44.8749999939
44.125000012
44.7499999941
43.6249999945
40.1250000059
44.8749999996
48.25
48.25
50.75
47.7499999953
44.7500000107
45.874999994
47.125
46.5
45.25
38.7499999943
43.5000000115
43.3749999943
44.1249999943
43.6250000113
43.9999999945
43.6249999945
44.0000000113
43.2499999943
43.3749999945
43.625000011
43.4999999945
43.1249999945
43.625000011
43.7499999945
43.3749999945
43.2500000114
43.6249999941
43.8749999945
39.0000000059
43.6249999996
43.5
43.75
44.25
43.25
44.75
43.0
44.25
43.5
38.375
42.7499999945
43.000000011
43.4999999945
43.1249999945
43.2500000113
43.6249999943
42.4999999945
43.500000011
42.9999999945
43.4999999941
43.5000000119
43.624999994
43.374999994
43.3750000117
43.8749999943
43.4999999944
43.8750000113
44.6249999944
44.4999999941
44.5000000118
43.1249999941
44.2499999945
43.125000011
38.9999999945
43.375
43.25
42.5
43.75
43.0
43.5
43.5
43.25
43.75
43.5
38.7500000057
43.6249999943
44.3749999943
45.5000000117
44.499999994
44.7499999943
43.7500000115
43.9999999943
44.3749999945
44.250000011
43.2499999945
43.8749999944
43.7500000113
42.9999999944
43.4999999945
43.000000011
43.3749999945
43.3749999945
43.2500000113
42.4999999943
43.4999999943
43.6250000113
38.2499999945
43.625
42.75
43.5
43.25
42.75
43.5
43.25
47.75
46.5
47.25
41.5000000051
45.1249999949
46.2499999939
46.2500000119
46.8749999942
45.7499999941
46.2500000123
45.7499999936
46.1249999941
45.8750000118
45.8749999941
45.8749999941
45.875000012
45.6249999939
46.1249999939
46.000000012
45.4999999941
45.9999999942
45.6250000117
45.8749999941
46.4999999939
46.125000012
45.6249999941
46.7499999939
41.1250000069
45.4999999992
46.25
46.0
46.25
45.75
45.75
45.5
45.75
46.25
45.25
46.25
45.5
40.25
46.7499999941
46.0000000122
48.3749999937
52.9999999932
51.8750000133
49.3749999935
48.3749999936
48.6250000125
47.9999999939
48.2499999939
47.2500000123
46.4999999939
46.1249999936
46.7500000123
45.9999999941
40.75
46.25
46.25
45.25
46.25
46.0
46.0
46.5
46.5
46.0
46.5
41.375
46.9999999936
48.2500000127
49.2499999936
48.2499999939
47.1250000125
47.2499999936
46.8749999939
46.875000012
46.2499999941
45.9999999941
46.5000000118
45.8749999941
45.8749999941
