123.3
116.1
121.3
120.7
113.4
120.5
111.5
126.4
126.2
147.3
150.8
176.9
179.4
166.2
169.9
162.9
164.5
164.5
144.7
138.4
132.3
117.4
119.6
111.3
116.7
116.3
111.4
119.8
111.9
118.8
112.0
120.2
133.3
141.8
155.8
170.0
186.1
170.2
166.8
163.3
155.4
158.3
139.0
142.5
128.8
120.9
124.5
118.0
126.2
117.2
113.7
115.2
124.5
115.0
114.6
118.1
126.4
143.0
167.4
167.3
174.8
154.2
188.4
163.8
165.9
157.2
162.7
144.2
137.6
125.8
128.3
117.6
114.8
125.0
114.2
114.8
115.0
122.3
114.7
120.4
129.0
149.2
154.4
166.6
192.5
162.0
161.2
163.7
155.3
149.9
147.3
156.2
131.6
125.6
120.0
125.8
119.7
121.1
119.3
116.3
119.9
119.5
119.1
123.4
129.4
140.4
168.2
161.9
171.5
173.7
173.9
161.9
155.8
154.9
148.3
144.4
131.6
122.6
124.7
119.1
122.8
109.9
111.5
112.9
113.1
113.2
122.6
114.1
122.9
116.0
125.0
120.7
130.1
123.4
118.9
119.1
125.6
125.9
121.1
120.1
119.9
120.5
119.0
117.8
114.4
122.3
119.9
117.4
125.8
117.8
120.4
123.2
118.3
126.2
118.4
126.7
120.0
128.9
120.8
129.6
120.9
123.1
125.8
120.0
119.6
120.2
119.0
120.6
120.2
119.5
116.1
116.5
115.3
115.7
117.0
122.9
128.0
148.4
149.3
171.2
158.6
156.3
174.2
166.7
175.6
148.0
140.1
138.8
128.7
121.0
118.5
118.8
121.8
115.3
116.3
114.7
107.5
115.7
115.6
122.9
128.0
132.4
160.5
170.2
168.8
177.5
171.6
169.2
158.8
164.6
151.8
143.2
137.5
128.5
122.7
129.2
124.0
121.0
125.7
123.9
114.4
122.3
114.6
131.4
130.0
147.4
162.7
166.8
160.8
175.9
156.4
163.5
158.7
156.1
143.7
145.0
138.4
121.2
124.7
115.7
127.3
115.1
121.3
114.7
117.9
118.2
114.4
128.0
125.1
144.2
159.9
177.6
172.2
164.2
164.8
180.4
173.4
166.3
152.6
150.3
140.3
129.7
125.9
131.5
125.0
130.9
125.3
120.8
129.2
136.9
126.7
129.7
140.1
150.2
153.6
167.4
182.1
165.2
166.0
188.8
154.0
154.9
137.9
140.7
126.5
122.1
125.4
115.0
115.9
117.7
121.1
116.4
116.6
116.0
116.1
114.2
118.8
121.4
115.2
116.1
120.5
125.3
121.4
119.8
126.1
126.0
120.7
129.8
120.5
121.0
120.1
122.6
126.6
116.6
114.5
116.1
117.2
114.7
123.9
115.5
116.1
114.4
124.5
120.6
127.9
126.5
117.1
127.5
124.3
125.1
130.4
121.4
128.6
129.8
118.0
127.5
124.7
118.1
124.8
119.3
122.1
121.5
117.4
125.5
132.0
147.4
155.0
173.8
168.1
165.0
164.9
168.3
157.1
158.1
141.1
141.2
135.7
129.9
122.0
123.3
115.7
124.5
115.5
116.2
123.2
118.3
116.1
119.4
128.4
139.1
155.6
166.8
178.2
162.2
169.0
163.2
167.0
159.4
144.2
156.6
140.6
128.0
130.2
130.0
119.8
125.4
116.9
126.1
124.3
119.1
126.8
125.7
134.0
151.3
158.3
155.9
174.0
166.1
171.6
174.0
161.3
155.9
144.4
138.2
139.5
133.1
125.7
121.1
130.9
127.7
127.6
127.0
124.1
121.9
126.8
131.0
140.8
148.1
152.3
159.6
174.5
170.9
174.5
166.6
169.8
157.3
151.6
148.3
143.3
139.4
138.4
134.5
127.6
130.1
131.3
134.1
134.2
135.1
134.5
130.1
140.0
148.6
159.6
159.4
170.5
155.2
162.2
168.3
160.1
142.1
142.3
136.1
123.3
127.6
116.4
123.6
110.6
117.6
124.4
120.7
114.9
123.1
120.8
112.4
113.8
120.0
116.0
123.5
119.0
121.9
122.7
117.4
119.6
126.0
117.1
124.6
115.1
121.2
112.4
121.5
120.5
111.7
121.1
111.6
111.2
120.1
111.4
117.2
114.7
114.3
121.7
117.8
118.1
124.7
114.4
124.8
125.3
116.9
125.5
125.8
120.6
123.6
127.3
124.9
124.0
117.6
123.2
124.1
122.2
118.7
122.8
129.9
139.9
147.5
162.5
157.6
162.1
150.5
166.7
167.0
153.2
148.3
153.0
137.6
134.2
128.3
120.9
126.3
136.0
124.5
123.4
120.9
117.8
124.5
129.2
129.5
132.5
138.2
148.1
157.1
164.9
152.2
148.2
151.5
159.8
163.1
149.4
124.4
108.8
101.5
124.2
151.5
112.4
98.9
98.6000000001
98.7
98.2000000001
97.9
98.1
98.5
98.2
102.8
105.7
102.5
104.0
101.1
99.1
102.1
102.4
101.9
100.7
100.3
99.8
98.7
121.6
132.0
138.5
122.9
123.7
133.3
119.3
129.0
121.8
122.3
129.8
119.8
128.9
130.8
126.4
127.1
135.5
134.0
134.4
128.7
128.7
133.0
118.3
128.8
127.0
114.1
116.0
124.5
116.2
124.6
117.2
116.9
124.2
121.3
117.8
116.4
116.1
124.7
133.4
121.5
126.0
131.2
126.2
132.7
120.4
125.1
126.3
135.1
135.4
135.3
126.0
123.3
114.1
111.8
114.3
119.9
113.0
113.2
112.2
111.0
111.6
122.0
117.0
113.0
112.1
122.8
117.5
117.0
116.1
116.9
114.2
113.8
118.2
114.2
115.7
112.6
112.5
109.7
109.3
110.5
107.9
112.3
111.4
109.8
115.9
114.9
117.4
123.7
115.9
130.4
119.3
116.9
121.7
125.2
107.7
113.7
114.8
114.2
112.9
101.7
104.6
110.5
99.8
103.4
99.7000000001
100.6
100.7
104.3
108.2
121.4
125.3
123.6
132.3
118.5
123.0
126.6
118.7
118.2
120.2
115.3
117.8
115.9
112.3
113.6
108.5
113.5
102.7
111.1
101.8
101.9
112.4
116.7
122.2
122.2
129.2
124.3
128.5
119.9
124.0
124.6
120.3
115.3
121.7
125.3
119.0
117.2
116.8
115.7
114.3
113.7
113.3
116.9
121.4
113.7
112.7
116.0
127.8
125.7
125.8
136.9
129.2
119.0
130.5
123.3
134.2
117.8
126.1
126.7
111.8
129.0
62.7
119.7
118.0
132.0
122.5
121.9
131.4
132.3
129.1
127.8
126.9
137.8
137.2
129.4
130.2
134.1
134.7
136.2
136.9
136.6
135.4
136.6
146.1
133.4
134.3
132.2
95.8
95.2
96.7
95.6
97.0
96.8
101.6
104.5
106.0
102.1
102.2
100.9
102.6
102.3
104.3
105.3
105.3
107.3
105.4
103.6
125.1
136.5
126.2
124.1
137.3
137.4
126.7
132.8
133.7
122.9
126.9
131.2
125.7
130.9
131.2
126.2
140.2
137.0
126.3
134.2
134.7
123.8
136.5
121.3
116.7
132.8
130.4
120.0
123.2
128.4
120.6
116.5
123.0
124.8
116.4
118.8
120.7
117.0
128.4
123.7
118.3
120.2
126.4
113.1
128.2
125.9
122.7
121.0
130.3
122.8
132.8
134.1
123.7
124.4
135.3
127.1
133.2
143.1
146.6
170.3
178.6
215.1
187.9
190.9
212.4
195.7
198.9
194.3
177.7
173.2
156.5
158.5
159.6
150.4
140.0
152.1
149.8
146.7
148.6
158.0
142.4
155.4
174.6
168.3
201.8
179.0
192.1
193.0
193.4
201.8
190.9
173.3
168.0
163.5
150.1
144.5
141.7
145.9
158.2
131.0
142.8
136.2
135.2
141.6
143.2
150.5
148.7
168.6
188.9
182.6
197.9
194.2
201.0
197.2
196.7
188.9
180.6
174.4
168.2
159.4
151.1
160.5
157.0
160.2
156.0
148.5
124.8
104.4
105.8
111.4
126.8
132.0
133.4
143.6
151.6
144.7
145.0
158.6
143.4
142.6
128.9
127.0
115.4
112.3
129.9
158.4
124.4
158.0
146.7
156.3
154.9
154.7
119.2
110.6
116.2
126.2
136.6
144.4
157.5
145.7
143.6
146.7
144.2
137.6
129.2
121.3
125.0
110.1
129.3
122.8
134.7
105.8
103.7
103.1
104.1
103.4
103.8
103.2
101.9
103.7
104.6
107.7
107.2
104.9
105.5
107.5
106.8
106.3
109.4
109.2
107.8
107.7
133.1
146.3
130.6
145.8
144.4
130.4
136.5
140.8
126.1
142.7
133.3
135.3
142.7
143.1
146.4
146.5
159.4
147.2
152.2
149.3
156.3
142.8
140.0
148.6
149.4
152.7
156.5
146.4
154.7
153.8
144.5
155.1
155.6
147.5
170.9
186.5
194.5
185.7
196.7
142.6
143.7
147.8
148.1
148.9
133.3
124.4
117.9
114.4
132.7
158.4
139.7
107.7
106.8
106.9
107.1
107.0
107.2
113.9
119.2
128.2
143.6
151.0
152.8
144.7
153.8
150.3
145.4
149.1
131.1
126.1
120.1
114.0
133.4
146.4
154.5
137.1
143.4
130.9
138.1
142.2
136.0
142.8
156.2
151.6
182.4
187.7
187.6
179.1
195.4
207.5
192.2
181.8
170.5
163.8
160.4
162.7
159.0
159.4
143.4
149.8
156.1
155.3
156.0
143.3
144.4
149.4
159.6
179.3
175.1
183.7
217.8
197.7
199.9
213.2
200.4
195.2
187.1
176.7
170.8
151.9
148.6
144.6
128.7
141.0
144.4
142.5
135.0
141.9
142.1
143.3
148.9
154.5
172.2
196.4
185.9
168.5
186.5
195.6
188.3
167.8
167.8
142.1
145.5
134.8
128.3
136.2
142.1
123.4
129.1
127.4
118.2
120.9
120.0
120.6
130.0
120.9
135.1
137.1
130.9
146.9
132.8
142.7
145.6
137.9
136.9
143.3
130.5
140.8
139.8
130.1
129.2
132.7
131.0
135.7
128.7
134.7
127.1
134.4
132.5
125.0
140.9
132.3
132.2
140.8
132.0
137.5
137.5
130.1
137.4
127.2
131.1
132.2
123.4
128.6
122.1
128.4
120.6
117.9
122.9
127.0
125.6
127.6
133.8
167.3
176.2
180.4
192.7
174.5
203.3
188.4
180.8
181.0
169.3
153.9
152.3
132.7
131.1
139.3
144.3
119.1
120.5
117.3
116.2
115.0
109.3
116.5
138.6
155.3
172.8
194.2
186.1
173.5
195.9
191.3
184.2
178.1
177.1
167.7
155.5
148.7
141.9
141.2
131.8
141.6
144.6
140.7
133.5
137.7
143.5
148.4
156.7
171.4
181.8
185.4
205.6
198.0
205.0
212.4
193.8
187.0
186.5
176.9
162.3
154.1
149.5
150.0
162.0
148.5
147.3
146.6
148.5
144.0
146.4
150.5
163.5
177.6
190.1
193.1
221.9
209.5
190.6
204.4
197.7
189.4
192.7
180.5
162.7
157.4
152.4
147.8
146.8
149.6
136.0
138.6
132.8
142.4
137.6
149.0
154.1
166.4
170.4
211.7
210.3
221.4
216.9
206.9
207.4
205.9
202.5
182.5
189.5
172.5
155.8
155.2
152.1
153.2
162.8
148.4
152.1
151.3
149.1
152.4
148.4
147.7
147.4
154.9
168.6
160.5
165.1
166.1
168.2
155.7
157.1
157.5
156.1
154.4
154.0
154.3
160.8
148.5
146.6
146.0
140.9
144.5
145.2
137.9
140.3
150.6
150.7
149.3
156.1
159.5
160.9
161.9
163.8
167.2
168.5
170.1
167.3
166.9
164.4
165.0
150.9
164.3
164.0
164.0
162.7
163.2
162.7
166.6
178.6
190.6
209.8
212.9
224.9
216.9
210.0
209.4
200.3
199.3
192.2
173.4
182.9
156.0
157.0
159.3
163.9
150.7
149.3
150.7
151.1
147.8
149.6
152.0
159.6
181.5
192.6
202.3
209.8
208.6
204.1
206.5
207.2
201.7
193.3
185.7
178.1
166.6
157.3
164.4
151.5
154.0
161.9
148.6
161.8
148.5
162.0
155.4
175.7
184.7
196.0
209.6
210.3
205.9
207.1
208.6
218.6
200.7
189.3
184.9
174.0
170.9
165.3
150.6
134.8
145.0
143.6
138.9
137.6
140.4
136.9
142.0
168.0
188.7
209.5
214.5
209.1
205.5
213.4
219.0
220.4
206.5
184.7
174.3
159.8
141.9
154.3
149.8
136.6
150.4
153.3
136.2
151.0
150.9
141.6
148.3
163.7
173.7
172.3
197.7
199.9
211.9
194.1
191.0
209.2
193.5
172.5
162.0
141.1
145.5
143.6
142.6
140.2
128.9
134.1
136.6
126.0
126.8
136.5
135.8
123.5
135.8
136.9
143.5
148.4
136.4
135.6
142.8
145.3
147.0
148.7
144.7
141.3
135.9
143.0
142.6
141.7
134.6
129.6
128.6
135.9
134.6
126.8
136.4
139.2
127.1
137.2
144.3
146.2
140.6
141.7
142.8
145.8
139.1
134.5
144.3
141.6
134.7
129.9
128.4
138.3
120.4
123.9
115.0
131.2
133.8
119.0
139.0
149.9
154.2
190.7
197.3
204.9
205.3
200.8
195.3
204.6
196.9
183.4
169.2
159.5
156.3
151.3
151.5
137.4
149.6
147.2
147.4
148.7
150.8
145.5
157.0
170.4
181.1
198.2
213.5
197.0
215.2
207.1
208.9
213.8
195.6
188.2
177.9
157.8
154.1
149.0
146.7
149.0
140.4
146.2
140.2
133.4
138.7
144.1
136.0
157.1
172.6
183.3
200.5
215.9
206.0
208.2
232.0
217.8
210.9
190.4
191.1
171.3
170.9
173.7
162.8
173.0
159.1
159.9
164.2
166.2
159.3
171.2
162.1
175.3
187.4
207.5
220.9
225.1
220.1
221.9
214.4
194.25
210.5
191.7
184.7
178.8
173.3
167.3
163.6
167.2
166.1
153.9
162.2
161.4
148.9
159.1
168.6
177.8
187.6
198.4
208.7
232.2
233.3
216.8
190.4475
188.575
179.5775
234.3
206.5
195.1
194.2
185.3
182.9
182.3
183.1
169.9
176.7
174.8
172.6
173.9
176.7
168.9
180.7
180.0
177.3
186.4
182.5
183.4
185.2
180.4
187.8
180.9
187.5
181.1
183.6
180.8
180.2
186.8
181.2
181.4
177.3
177.9
176.9
175.8
176.0
178.4
186.9
176.9
190.2
184.4
185.8
195.2
193.5
194.8
192.9
186.1
196.2
187.6
188.3
191.2
192.8
171.0
183.8
180.5
172.2
175.5
180.9
181.5
187.8
210.7
207.6
179.6625
234.7
187.5675
204.4
210.0
233.2
216.2
204.9
210.9
199.1
183.9
178.4
175.0
173.9
172.5
165.8
164.4
170.0
158.7
169.1
161.3
168.5
185.1
183.2
202.0
215.7
207.4
233.9
220.7
215.9
219.0
203.6
205.9
181.5
178.5
164.7
160.1
162.2
163.6
166.1
156.1
156.7
160.4
163.8
156.8
165.1
173.2
190.2
196.5
215.0
197.8
219.4
202.4
212.7
209.0
210.2
200.8
184.1
187.2
182.7
167.9
176.3
138.8
174.0
163.1
174.6
166.0
163.1
175.7
171.7
191.7
197.4
213.8
206.4
194.7
191.2
181.2
201.7
172.1
161.0
147.8
142.3
135.6
131.2
125.5
123.5
125.4
120.6
120.5
120.4
119.8
119.4
119.3
126.3
141.7
163.8
163.2
179.0
179.1
177.1
191.5
177.5
179.1
172.5
160.0
151.0
135.6
138.0
134.4
126.1
127.4
133.6
128.0
131.0
133.4
126.3
134.6
134.8
127.1
138.6
130.4
138.7
137.0
133.7
139.2
130.9
136.2
135.3
128.1
135.9
136.2
127.2
135.5
132.8
131.7
131.1
125.7
137.4
130.9
130.8
133.0
130.4
132.8
120.1
114.2
115.6
118.4
120.9
120.5
118.7
120.2
117.7
116.4
115.7
115.6
115.5
144.9
135.9
126.7
130.0
134.5
131.0
115.8
114.9
113.9
118.1
153.8
146.9
175.7
175.5
187.2
177.8
177.3
190.2
173.7
170.8
170.5
153.6
146.3
134.1
135.3
143.0
125.4
140.1
135.5
146.0
134.0
143.1
137.9
136.1
158.9
155.1
177.9
174.1
205.6
201.2
155.2
159.2
162.3
148.6
142.4
146.7
131.9
126.0
148.5
131.4
129.7
120.3
119.4
120.8
119.9
121.1
120.4
123.4
153.7
186.7
166.8
172.3
178.3
188.4
181.5
178.1
181.6
179.5
164.3
158.1
145.0
141.9
138.9
140.4
132.2
132.6
137.8
136.1
128.0
140.1
133.9
149.7
147.6
188.1
163.3
175.0
184.1
183.1
167.2
178.6
183.1
169.4
166.4
152.5
146.3
140.2
134.1
128.4
137.2
133.1
133.0
124.9
133.0
133.6
130.5
132.4
158.5
176.6
172.8
171.2
187.4
201.4
177.5
175.0
171.2
171.6
157.6
154.9
146.6
139.7
142.1
130.2
127.6
133.4
131.3
133.2
142.3
131.7
130.3
143.0
130.8
132.0
120.8
116.8
120.3
118.3
118.3
117.7
114.9
115.4
116.1
116.7
115.2
114.4
120.5
115.6
113.9
113.8
113.0
112.7
113.2
114.5
113.8
113.7
113.6
113.5
113.8
112.6
115.5
115.0
112.2
114.1
115.0
118.2
117.0
116.1
115.4
115.0
119.6
113.2
115.5
111.5
111.3
111.7
110.7
111.6
112.2
120.8
127.6
136.0
159.3
155.8
171.7
173.0
161.7
184.1
202.4
166.4
143.7
137.1
130.9
124.5
123.1
117.0
118.0
115.2
113.4
115.7
115.0
114.3
115.9
123.2
131.7
144.1
158.2
162.2
165.1
168.2
167.1
162.5
167.5
167.7
147.1
139.1
129.1
125.0
124.0
118.6
125.4
117.0
113.0
114.0
113.7
112.0
114.7
121.6
129.6
142.1
161.2
190.3
187.1
191.6
182.6
183.4
190.7
179.1
166.9
156.1
143.6
137.4
131.2
124.7
132.4
131.4
127.9
123.1
130.4
130.6
129.0
130.8
146.9
157.8
172.8
175.4
184.3
180.5
170.7
183.0
173.8
170.2
161.0
156.1
152.2
141.4
126.7
137.6
134.2
132.6
126.3
120.0
114.6
114.6
115.5
122.9
132.2
144.4
162.3
165.5
196.3
185.3
186.4
184.7
175.8
175.2
160.1
145.2
140.1
137.0
131.2
130.9
129.2
126.0
127.5
130.0
129.5
121.5
129.3
129.5
125.3
124.7
131.7
130.8
126.1
134.1
134.5
127.9
128.5
133.1
123.0
133.6
131.4
128.7
126.3
129.7
120.8
122.5
128.8
127.7
118.9
127.8
125.6
122.9
128.4
121.8
126.3
129.2
127.7
127.5
130.4
120.8
117.7
119.0
115.6
112.3
117.0
117.2
116.7
117.3
112.2
112.1
111.3
114.9
117.4
115.8
117.0
120.3
125.1
137.7
165.3
169.0
159.4
171.0
171.1
163.9
172.0
159.5
148.7
148.6
143.2
124.5
129.0
114.1
114.4
105.7
104.7
105.1
106.0
104.9
107.1
114.0
148.7
144.3
158.7
170.4
174.1
181.5
163.6
165.0
176.7
174.0
161.1
147.4
137.3
131.9
115.4
123.4
137.1
115.6
123.2
112.9
121.4
121.3
117.1
129.0
137.3
142.4
196.3
226.8
234.5
188.9825
218.0
234.1
184.91
193.0
192.8
172.0
165.0
163.9
155.9
148.1
142.7
141.4
147.3
136.0
145.2
138.7
141.9
154.0
153.7
168.1
177.7
205.9
192.0
195.3
191.6
193.9
197.2
188.2
176.0
167.1
151.9
150.5
148.8
145.5
143.1
147.3
142.1
136.1
143.1
141.4
140.3
152.7
155.0
178.7
190.3
190.7
203.1
199.0
189.2
201.7
201.6
192.1
175.4
168.0
152.3
152.7
145.1
136.1
152.2
154.2
151.3
156.7
151.7
153.7
147.4
150.9
148.4
145.0
148.1
158.5
167.2
161.0
154.9
165.0
162.8
152.4
149.1
149.4
149.0
147.1
138.9
152.1
149.4
146.3
151.3
156.6
153.1
142.4
150.7
152.4
142.0
146.8
149.8
151.9
153.5
148.8
143.7
141.7
145.3
145.4
149.5
147.5
145.2
138.9
147.6
148.9
141.6
147.9
149.1
137.2
145.9
138.0
147.3
143.0
160.5
163.3
187.5
190.8
191.3
213.3
173.8
165.2
187.9
192.1
180.2
180.5
168.5
155.0
142.0
144.0
134.4
146.5
140.7
141.3
145.3
144.4
139.3
149.3
155.4
185.6
181.0
170.0
178.1
175.3
164.0
162.3
182.6
161.4
150.5
139.7
139.6
131.1
122.6
114.6
123.8
124.3
112.4
121.7
114.4
121.4
115.6
122.7
131.6
142.9
175.8
174.8
179.3
174.5
169.0
154.0
176.3
163.4
163.1
152.6
140.0
129.7
124.1
124.4
143.1
118.5
121.9
125.1
123.7
123.8
113.7
127.3
139.7
152.8
179.1
168.2
165.1
176.4
191.2
211.7
208.3
196.4
189.9
183.7
175.8
168.6
160.8
160.0
160.4
160.0
160.1
160.0
154.4
155.7
160.6
163.4
166.6
191.9
201.6
212.9
221.1
217.7
212.2
212.9
206.8
206.1
186.7
183.1
165.4
164.4
163.2
155.3
160.8
151.9
160.0
152.2
160.4
155.6
155.9
160.4
152.2
162.1
155.0
162.9
163.3
159.3
157.4
164.0
164.3
156.7
163.9
163.5
154.2
162.1
162.9
152.6
159.4
160.9
151.0
164.0
155.7
166.9
162.3
162.1
157.7
168.5
163.8
162.8
172.0
166.3
157.3
167.0
168.5
169.0
174.9
162.5
164.4
168.4
161.7
169.2
171.7
157.1
164.7
156.0
164.6
155.3
168.7
163.6
180.9
181.6
203.0
209.1
210.7
211.1
210.6
215.6
213.2
198.4
200.7
186.3
174.5
174.7
165.3
163.3
165.8
156.5
164.0
165.3
164.0
154.8
166.3
157.9
172.2
187.3
205.1
213.4
227.6
216.2
194.4
198.8
189.8
186.1
175.9
168.7
162.0
152.8
168.2
162.5
164.0
155.9
162.8
166.0
156.7
163.9
157.0
172.0
175.5
193.7
199.6
205.9
209.9
213.4
210.3
223.4
209.1
198.6
190.9
180.9
178.4
172.4
163.2
163.0
168.0
159.5
163.7
165.3
167.0
172.0
164.4
179.3
178.6
191.9
208.0
204.2
214.3
209.3
210.0
201.3
220.5
200.6
190.8
180.8
170.2
169.7
157.1
160.5
144.1
164.6
159.1
160.9
161.7
157.9
160.5
169.2
170.2
182.9
208.8
216.9
212.4
208.9
222.9
193.7
178.3
163.3
157.0
149.5
142.1
138.3
131.7
136.5
132.1
135.2
132.0
134.0
129.4
134.0
127.3
133.1
131.9
137.0
137.6
142.7
137.5
136.5
135.1
132.2
137.4
134.9
134.5
137.7
132.0
134.7
134.5
132.2
138.3
130.9
132.8
129.0
132.7
131.4
132.6
131.9
131.5
133.2
135.7
137.3
131.7
136.2
132.0
135.6
135.9
134.8
138.8
137.6
141.3
135.2
138.3
135.9
128.4
134.7
135.2
134.6
133.8
133.5
132.3
137.3
152.1
156.8
190.9
152.6
158.7
153.3
145.7
144.0
157.2
144.3
146.4
140.4
132.3
122.8
115.0
119.2
122.8
111.9
118.8
118.9
111.1
118.3
117.2
115.2
136.1
143.2
153.6
167.4
173.2
177.9
167.9
167.7
171.1
165.0
150.9
154.9
136.8
128.7
116.5
124.4
118.3
115.0
122.9
123.2
112.0
119.6
119.8
119.5
138.9
140.7
165.1
167.4
178.8
158.4
166.2
168.6
173.6
150.6
152.4
143.5
133.3
119.2
124.1
121.0
113.2
124.2
115.2
119.6
118.6
114.7
120.8
115.7
137.3
141.7
160.6
162.1
156.0
170.6
160.7
168.9
185.0
160.3
150.2
145.6
131.3
117.9
118.7
119.8
136.1
117.9
108.9
116.7
114.3
112.8
117.8
116.4
134.2
141.5
162.2
170.7
183.1
197.7
202.7
198.2
201.6
190.8
184.5
174.3
168.4
160.9
160.7
148.5
151.6
140.0
144.6
130.9
137.0
130.8
130.8
134.6
120.6
130.8
131.1
133.8
138.4
143.1
139.2
135.3
128.5
134.4
135.7
134.1
143.7
136.8
150.4
151.5
137.5
139.1
133.5
133.2
149.4
142.5
128.5
124.1
116.6
114.1
126.3
124.7
117.1
138.0
143.9
155.0
154.4
154.1
142.7
144.7
138.0
146.8
139.0
145.4
132.9
132.9
138.1
139.7
141.9
146.2
159.8
165.3
182.4
186.9
194.8
229.0
217.3
210.4
222.8
212.0
209.0
187.6
174.9
166.8
163.1
160.7
159.3
163.6
160.3
153.4
138.5
137.4
140.0
145.6
159.0
174.7
212.2
213.7
221.3
212.5
222.8
222.0
212.4
205.4
200.8
190.6
178.7
177.2
171.6
172.6
171.2
149.5
170.5
171.6
171.4
170.7
179.5
179.7
188.0
193.6
204.4
208.1
208.2
208.7
210.7
207.2
202.4
194.3
186.0
174.2
160.8
167.7
139.7
131.6
130.7
135.3
127.2
124.3
126.3
130.9
134.6
142.0
161.1
168.1
180.9
188.6
195.4
194.3
184.7
188.1
181.6
161.8
150.5
149.4
147.9
146.7
146.0
145.7
144.7
132.8
139.3
141.1
143.6
142.6
143.5
139.1
140.9
140.4
143.4
135.1
135.6
134.7
134.5
134.8
135.4
127.1
125.0
125.4
127.0
123.3
128.0
126.7
127.5
148.9
125.7
124.1
129.0
134.7
139.3
140.5
142.4
144.9
149.9
151.0
149.7
159.9
168.5
177.0
173.0
183.2
173.9
180.9
183.6
174.0
175.6
170.2
174.5
173.8
169.3
175.9
170.3
164.5
172.5
165.3
173.3
168.8
168.1
178.9
176.9
179.7
181.5
177.9
178.3
180.5
181.8
181.6
172.0
167.6
175.2
174.2
167.9
164.7
169.0
166.9
174.3
172.2
166.3
173.2
173.2
167.2
155.7
160.9
164.6
160.3
156.7
160.6
159.6
163.4
167.6
169.0
159.3
167.0
166.4
157.5
157.3
132.6
126.5
133.3
122.6
132.5
130.0
132.9
145.0
143.2
135.5
139.1
142.2
138.1
133.7
132.4
132.8
133.7
129.8
126.4
127.4
129.4
131.9
129.0
122.1
128.3
129.1
129.4
125.1
124.8
130.2
133.8
136.8
146.8
173.9
180.1
171.5
172.4
163.1
157.5
157.0
156.2
151.3
143.7
136.7
134.1
131.0
128.8
129.7
128.4
126.1
126.4
127.8
127.9
129.1
132.2
140.4
144.1
164.1
168.1
164.1
160.8
178.4
164.1
174.8
174.2
149.9
139.1
138.6
136.0
132.6
132.8
129.7
128.7
123.6
126.7
129.3
129.8
127.9
125.8
145.1
152.7
163.2
163.5
162.5
161.8
171.0
164.4
162.1
157.4
146.8
138.7
131.4
129.1
127.7
128.4
128.4
125.4
129.7
126.0
121.8
124.7
126.3
126.4
127.5
128.4
127.3
128.2
129.5
127.4
125.0
127.3
126.6
126.5
126.1
124.0
123.4
128.4
127.7
126.1
127.9
122.3
122.0
127.0
124.4
117.6
124.2
125.9
125.0
121.0
120.3
123.6
123.2
123.7
123.5
124.0
123.8
122.4
122.4
123.2
122.9
126.2
127.2
128.2
126.7
125.5
117.2
125.7
123.8
122.4
121.1
131.4
141.5
148.6
158.7
161.0
164.5
168.4
169.0
166.2
161.2
166.7
150.7
142.1
135.9
131.2
124.5
130.2
127.4
124.5
123.9
121.2
128.1
127.3
130.2
130.6
144.8
150.0
166.0
171.8
172.6
167.5
173.9
174.9
178.3
163.3
162.2
143.8
135.2
128.5
123.8
119.8
120.3
126.0
121.0
115.0
117.7
121.6
123.1
130.0
134.1
140.0
172.1
175.4
173.5
187.1
197.9
201.0
203.9
187.3
184.4
170.5
160.0
149.7
137.0
133.2
132.0
124.3
128.9
127.6
126.4
125.0
126.0
130.8
138.6
148.1
179.0
172.6
170.1
185.8
169.2
172.1
171.1
175.9
155.3
145.0
136.2
130.4
126.0
124.2
121.8
110.0
119.1
120.8
116.9
113.9
121.9
119.6
135.3
144.6
149.7
165.3
177.8
163.5
171.0
175.1
179.0
164.1
148.0
138.8
127.0
127.4
121.4
121.4
114.2
119.1
117.8
117.2
109.5
119.7
119.0
110.7
118.5
118.0
115.0
127.7
125.5
124.0
123.0
124.8
121.8
119.2
121.7
122.6
122.2
111.2
121.1
118.8
111.9
116.3
117.3
110.8
119.3
113.0
116.7
114.4
112.9
115.6
112.6
126.0
114.0
119.8
119.2
112.8
118.9
120.1
111.3
119.7
120.1
112.1
119.7
119.3
110.3
119.7
115.9
107.9
117.4
109.0
118.0
113.3
132.8
135.2
164.8
179.9
168.3
179.9
180.2
178.1
171.5
181.0
159.8
148.4
137.5
131.6
125.3
113.8
122.9
120.4
115.4
122.1
114.3
122.9
119.1
122.7
136.9
139.9
162.3
178.5
172.1
179.6
173.9
183.7
170.3
173.5
175.2
149.4
138.4
128.0
124.8
126.8
125.8
121.5
120.1
116.5
122.9
121.7
122.7
116.9
141.1
147.4
174.0
160.3
163.1
184.9
172.5
172.8
183.7
177.2
164.2
147.0
135.2
127.5
120.3
119.3
122.6
118.9
120.2
118.5
112.0
119.6
119.9
123.3
129.1
148.9
162.7
168.3
159.8
176.4
167.1
179.0
192.9
173.7
161.9
157.9
136.8
127.8
117.4
119.0
118.8
113.2
116.6
111.2
117.3
117.6
118.5
114.3
135.3
149.1
168.2
180.6
172.2
176.6
177.2
166.2
179.6
155.9
149.7
140.8
126.6
124.1
116.7
115.9
113.9
112.7
110.9
114.8
115.7
115.8
109.1
111.7
115.1
116.3
117.5
117.2
118.8
121.6
118.8
121.4
120.8
121.6
120.8
119.9
114.3
112.9
119.1
118.1
115.5
110.3
109.1
113.5
112.4
113.6
112.2
105.8
111.7
114.1
118.8
116.3
116.0
116.0
118.1
120.1
117.9
112.2
114.9
116.9
116.7
111.8
114.7
117.9
116.1
107.5
109.9
113.5
113.9
109.6
110.6
121.6
123.3
141.3
159.3
170.1
165.9
165.9
165.9
185.8
158.7
152.2
143.7
142.1
130.7
124.4
122.6
117.6
114.6
111.6
114.3
114.3
111.6
108.5
114.1
115.3
129.7
139.7
156.9
168.5
173.2
172.6
163.7
172.2
173.1
165.4
160.3
143.6
132.2
123.9
119.2
111.7
114.5
116.3
115.5
109.3
115.9
116.6
116.3
116.7
133.7
144.2
154.2
153.7
171.8
162.0
175.1
166.2
152.4
163.7
150.2
140.7
124.1
126.0
121.3
111.7
117.9
111.0
115.4
115.5
112.5
116.2
110.1
122.3
122.6
142.1
159.6
173.8
156.3
164.2
165.2
166.8
177.4
164.1
149.4
139.6
130.7
122.8
118.1
114.2
117.6
106.3
117.0
117.5
117.0
111.5
114.4
123.6
131.8
132.5
139.8
138.1
139.6
149.6
151.9
143.0
147.3
135.6
121.2
112.7
106.3
102.6
97.4
96.6
94.6
94.1
93.7000000001
93.2
94.3
93.4
93.0
92.9
94.1
94.5
94.8
98.3
96.4999999999
95.9000000001
96.2
96.8999999999
96.7
96.6
97.4
97.5
96.9
94.6000000001
93.8
93.5000000001
93.5
94.1
92.2
92.7000000001
94.1
92.8
94.1
93.3
92.4
93.1
92.6
95.9
96.4
95.2
95.9
97.2
97.1
96.1
95.9
95.4
94.9999999999
95.2
94.9
95.0
95.4
91.4999999999
93.6
93.7
95.1
94.4999999999
94.9
94.9
95.4
95.5
96.3
98.7999999999
101.2
97.9
95.4
94.8
93.6
94.2
94.8
95.0
94.2999999999
94.0000000001
91.3
89.7
90.7
93.9
90.2
90.2
89.9
88.9
89.2
93.5
103.9
115.4
138.1
139.7
152.4
136.5
151.7
147.2
138.1
142.4
131.6
121.2
110.7
104.6
98.2999999999
98.4
97.3
117.1
97.5000000001
98.3
96.7
98.2
97.0
72.5
78.9999999999
78.8
107.5
158.9
182.7
200.0
178.8
171.2
187.4
179.2
161.4
156.7
153.4
146.3
140.2
140.0
139.7
118.9
137.4
140.2
139.0
137.2
137.0
140.0
156.3
168.7
183.1
185.2
183.4
176.2
190.1
174.8
177.2
173.8
151.9
157.2
132.0
123.6
120.1
118.3
100.0
96.1
97.7
96.1
95.6
95.1
96.0
99.9
112.9
121.7
134.5
140.0
138.4
142.2
146.5
141.9
144.2
133.4
123.1
113.7
106.5
100.8
95.3
95.5
94.4
93.6
93.5
94.3999999999
94.6
94.6
93.5
93.9
95.0
96.0
97.8
101.8
103.7
98.4
95.6
95.6
95.6
94.6
94.3
94.1
93.7
94.8
94.9
94.8
95.3
93.9
94.8
95.3
95.1
95.0
95.3
94.9
94.1
95.6
97.9999999999
97.4
98.7999999999
100.1
96.8
94.9
94.9
97.0
96.4
95.6
95.1
96.4999999999
96.6
95.4
94.0
93.4
92.5999999999
92.8
92.5
92.8
96.6
101.1
109.7
118.4
140.1
144.3
150.5
142.2
143.5
147.2
148.4
151.5
136.3
117.6
106.4
102.2
96.0
95.8999999999
95.3
107.6075
105.06
103.7025
102.265
102.4075
102.4175
103.965
113.1625
124.8625
141.57
154.7175
158.5225
156.3875
159.5675
158.59
155.8625
152.885
145.3675
134.27
126.9925
119.8575
113.115
109.805
108.6475
49.5897959184
96.6
96.3
97.2
96.5
96.9999999999
102.5
112.1
117.9
133.6
143.8
139.8
145.4
147.9
142.9
135.3
147.9
128.5
117.7
109.9
104.0
99.0
97.9999999999
97.6
98.7000000001
98.7
98.5
99.0
98.9999999999
97.4
104.7
113.6
122.9
128.9
139.9
153.4
148.3
158.3
151.8
151.4
148.2
129.4
120.7
113.8
105.8
99.8
98.7
98.1
96.4
99.4
98.7
98.8
99.1000000001
99.7999999999
105.7
113.9
125.5
146.0
158.8
146.6
141.1
156.6
144.4
134.1
139.3
119.9
112.2
103.5
98.2
95.8
94.9000000001
94.2
94.2
93.7
93.9
93.7
95.0000000001
93.7999999999
93.6
94.0000000001
95.1
99.4
103.0
104.3
99.3
96.8
96.2
97.2
96.4
98.8999999999
99.8
97.5
95.9
94.5
94.1000000001
94.4
94.1
93.6
94.0
95.1
95.2
94.4
94.7
95.7
95.9
99.9000000001
100.3
100.4
98.3
94.7
94.1
94.7
94.2
93.9
98.5999999999
94.0
95.7
95.4
96.6000000001
94.7
95.9999999999
93.4999999999
95.2000000001
94.6
94.3
94.2999999999
97.6
113.9
122.3
143.0
141.3
145.6
151.9
145.0
138.4
141.4
142.9
123.7
117.1
109.0
103.4
98.4
97.6
95.7000000001
97.1
95.9
96.6
95.3999999999
95.6
95.6
99.6
114.6
123.0
142.5
142.5
148.8
147.5
150.5
154.4
143.4
134.7
124.7
117.0
108.8
102.6
98.6
98.1
97.6
95.0
96.3
94.4999999999
95.3
95.5
95.1
100.2
111.1
121.7
133.0
140.7
150.5
153.3
141.4
137.7
143.4
137.5
127.0
118.3
111.6
102.9
95.9000000001
94.7999999999
94.6
96.0000000001
94.2999999999
95.8
94.5000000001
94.2999999999
95.1
98.0
112.2
120.5
140.3
156.6
153.4
149.2
150.3
147.6
146.5
140.1
130.4
117.7
111.0
105.1
99.9
97.3
96.4
96.2
97.2000000001
95.5
96.1
95.5
94.9
99.2
115.5
123.9
145.0
137.5
143.7
150.7
148.6
155.9
142.5
131.5
136.1
116.3
106.0
100.7
95.4
96.3
95.6
94.9
95.4
94.5000000001
94.7000000001
95.4999999999
94.4999999999
94.8
96.0
96.2
100.3
100.4
99.6
100.4
100.0
98.8
98.6
97.3
97.7
96.6
95.8
96.4
95.6
96.5000000001
95.7
93.7
94.1
94.5
95.2
94.2
93.9
94.5
94.8
95.7
95.3
96.2
96.6
100.0
99.2
99.1
99.1
98.5
97.1
96.7000000001
96.0
96.5
97.3
95.9
95.1
93.9
93.7
94.4
91.7999999999
93.8
92.8
93.5000000001
94.1
94.8
102.6
104.2
102.4
100.2
101.7
100.5
102.0
100.3
99.3
100.8
99.9
97.9999999999
98.0000000001
96.6
94.5
93.9
94.1000000001
94.6
94.8
94.8
96.0
101.9
112.1
119.4
138.8
138.6
137.1
138.9
147.6
139.3
143.8
138.9
122.6
113.7
106.6
102.7
98.4000000001
97.8
96.4
93.6000000001
95.6
95.8
95.9
95.7
95.4
102.6
113.6
122.4
139.1
157.3
141.9
136.1
148.0
144.8
134.5
130.7
120.9
121.3
109.7
100.9
96.7000000001
96.0
93.5
97.1
92.1
92.6
91.9
92.7999999999
93.2
99.7
109.4
120.6
140.1
145.5
139.6
146.2
147.7
140.9
147.1
142.1
123.4
118.0
111.3
107.5
103.5
103.5
103.2
118.8
99.9
99.5
98.3
98.1
99.6
105.1
113.2
118.3
146.3
201.3
198.6
199.2
199.5
193.3
188.2
199.2
185.0
179.7
172.4
162.7
151.8
147.5
142.8
116.7
138.5
134.3
129.8
131.9
131.3
128.2
130.8
133.2
136.4
134.7
137.4
135.0
133.5
131.9
132.2
128.8
108.2
95.1
94.7
94.7
95.1
95.2
93.5
94.8
93.0
92.6000000001
92.1
93.6
93.1
92.9
92.1
92.3
93.5
95.2
95.3
95.6
96.7
95.3
96.2
98.1000000001
98.3999999999
96.9
97.2999999999
98.3
97.6
96.9
96.9
96.6
95.9
94.5
95.0999999999
94.5
95.3
98.7
112.5
120.5
141.1
144.0
146.9
147.4
137.8
139.2
150.1
135.6
130.6
123.8
112.1
102.1
98.1
97.1
97.1
97.9
94.6
94.5
94.4
94.2
93.9
93.8
106.6
117.5
125.2
153.2
136.8
132.6
141.8
152.2
137.9
129.7
124.2
117.5
112.2
105.6
100.7
100.7
99.0
110.1
99.6
100.8
99.7
99.4999999999
99.3
103.0
115.3
123.0
164.1
170.8
156.8
151.5
169.5
189.4
193.9
188.3
166.0
173.9
147.3
142.2
128.6
132.3
125.6
110.5
122.2
126.3
124.5
122.8
119.7
123.2
140.1
153.7
184.8
187.0
195.3
151.1
142.9
143.4
139.4
132.2
123.0
117.2
106.9
101.3
97.8
97.4000000001
97.7999999999
97.3
100.5
99.5
96.7
95.0
94.7
98.7000000001
111.3
122.4
144.5
157.5
148.9
147.9
159.3
144.3
144.0
141.8
126.6
115.8
105.2
101.2
96.2000000001
95.0
95.0
93.7999999999
92.7000000001
91.5
92.7000000001
92.2
92.0
92.1000000001
93.0
93.5
94.3
98.2
99.6000000001
97.2999999999
93.9
94.2
96.5
96.5
96.7
94.2000000001
94.7999999999
95.1000000001
94.3999999999
95.1
94.1000000001
94.3
94.3
93.9
94.7000000001
93.8999999999
93.5
94.9
93.7999999999
95.4
97.7999999999
99.5
100.1
97.9
96.7999999999
96.7
96.3
98.1000000001
98.1000000001
94.8999999999
95.3999999999
96.1000000001
95.6
96.2000000001
94.6
105.9
93.2
93.3999999999
93.4
94.6
96.3
101.1
113.1
128.0
149.6
147.7
161.0
216.9
207.5
190.5
156.4
147.6
155.6
133.5
130.4
127.0
124.9
121.8
121.6
108.0
117.1
110.6
106.5
100.6
97.9000000001
103.6
113.0
121.6
135.5
154.1
147.7
138.3
163.4
143.1
139.7
144.8
133.6
116.4
109.6
105.4
100.9
101.0
97.5
98.6
93.5
93.0999999999
93.6000000001
92.8999999999
95.0
101.7
111.1
119.7
135.3
144.8
143.5
155.2
154.1
140.4
138.5
147.3
130.2
121.0
111.4
107.2
99.5
101.8
100.3
104.3
97.0
96.7
97.1
96.2000000001
96.8
102.7
113.4
122.9
139.5
146.3
153.7
147.0
151.1
153.6
190.6
187.6
161.7
150.4
135.2
125.7
116.1
113.2
112.0
103.3
94.7000000001
95.0
93.8999999999
94.7999999999
94.4
99.0
108.0
117.3
141.5
156.1
156.9
159.2
166.4
163.9
158.5
157.9
148.5
135.0
125.9
121.6
117.9
114.6
114.1
104.4
111.5
109.9
109.6
110.1
110.0
108.8
109.9
110.3
109.8
115.3
118.4
113.0
109.7
109.9
109.1
109.5
103.9
100.7
99.7999999999
98.7000000001
99.2999999999
98.2
98.0
98.2000000001
97.7
97.7000000001
98.2999999999
97.8
97.8
97.7999999999
98.4
98.4
98.1
100.8
101.5
101.6
99.2000000001
99.6
99.5
100.0
99.2
100.4
98.5
99.6000000001
98.0
99.7
97.4
101.0
97.6
97.7
97.4
98.0
97.4
102.1
112.1
122.8
143.7
143.2
145.7
165.6
159.6
151.1
144.1
142.8
136.6
120.8
112.4
109.3
106.0
105.7
105.0
102.6
102.8
102.2
101.1
100.7
98.3999999999
100.7
112.8
119.3
136.0
153.0
147.7
144.3
153.1
150.8
144.5
141.4
134.5
125.6
118.3
110.0
105.8
104.9
103.3
104.0
102.9
102.9
102.7
103.2
102.9
106.0
115.9
123.3
148.1
157.3
148.2
153.4
157.3
152.0
154.4
155.9
140.4
137.7
125.4
116.5
109.6
110.3
106.9
109.0
106.0
107.2
106.6
105.9
105.6
106.6
120.9
133.3
158.4
161.9
162.2
152.1
150.2
149.5
161.0
158.3
145.4
137.6
127.9
119.7
114.8
113.3
112.1
110.0
107.8
107.3
106.4
107.6
106.8
111.1
120.7
128.9
156.0
170.0
162.4
167.9
170.7
162.6
157.6
156.0
148.6
137.4
129.8
123.5
120.4
117.9
114.3
105.0
112.0
111.0
109.7
110.1
109.4
108.4
110.1
110.2
111.5
112.6
114.8
114.9
113.5
113.3
111.0
109.8
104.2
100.0
99.0
98.8
99.0
97.9
97.2000000001
98.2
96.7
96.8
97.1000000001
97.5
96.7
97.1000000001
97.7999999999
98.2999999999
100.7
100.8
100.9
102.1
99.9
99.5000000001
99.3999999999
98.8999999999
101.2
100.0
100.2
99.8999999999
98.8
99.1
98.5
104.5
97.7999999999
98.5
97.7999999999
97.5000000001
96.9999999999
100.8
112.6
124.9
151.8
144.3
151.1
176.7
175.6
168.9
153.5
146.0
143.2
129.5
123.8
117.9
114.4
112.1
112.7
103.1
107.8
106.9
106.1
105.2
102.9
105.5
115.8
122.1
136.4
149.4
144.8
143.0
154.3
150.6
139.7
137.8
127.5
118.3
113.5
104.1
100.1
100.3
98.9
109.5
101.8
101.0
99.7
103.2
100.1
102.2
115.4
121.6
146.1
153.1
144.6
156.2
159.4
157.9
170.4
172.3
147.1
143.7
131.3
125.0
116.9
118.7
115.0
108.8
111.1
110.6
106.6
107.5
107.0
112.8
122.7
131.8
157.4
161.7
164.7
149.4
149.7
152.7
166.5
163.9
138.5
132.5
120.2
115.7
109.9
109.2
108.8
109.8
106.9
105.4
104.8
105.4
105.3
110.1
119.1
125.0
151.3
175.0
157.1
163.8
175.5
174.0
174.7
173.6
156.2
146.6
136.0
127.8
122.4
119.7
117.3
136.5
135.7
134.5
134.0
138.4
138.9
136.8
138.0
139.8
146.3
147.9
157.0
160.6
162.8
155.3
147.1
159.2
153.7
152.9
142.0
146.7
146.0
133.2
129.6
100.8
102.9
100.7
98.8
98.8
99.4
98.2
98.7999999999
99.0
99.8
102.7
106.6
104.5
106.2
106.3
107.0
108.6
108.4
106.3
105.3
102.4
102.6
102.5
102.3
103.0
102.1
100.2
100.8
100.2
101.1
105.4
118.9
130.7
158.4
163.3
170.3
178.9
169.3
165.5
157.1
146.5
145.5
130.5
123.9
115.0
108.0
106.3
106.1
103.5
105.6
103.8
101.5
101.4
100.0
105.0
120.2
132.0
149.1
170.2
168.7
160.5
171.7
171.1
171.7
154.4
138.0
128.5
118.2
110.2
101.1
99.2
100.5
113.4
100.0
98.7999999999
98.1
100.7
99.2999999999
102.3
116.3
128.4
167.1
169.8
162.0
173.3
165.6
167.4
178.4
186.4
165.2
160.4
148.7
140.3
128.6
129.9
125.6
112.8
119.1
114.2
111.5
110.8
109.8
115.1
132.1
142.0
164.9
166.2
180.0
165.6
156.0
159.0
165.5
165.4
158.4
137.7
126.7
120.3
112.0
110.1
108.2
108.4
107.1
106.8
106.5
107.1
105.9
110.3
122.6
133.5
167.6
177.0
174.2
173.4
181.4
178.9
171.6
171.6
156.0
142.9
133.0
123.5
114.0
112.8
111.0
111.9
111.4
109.9
106.5
108.8
108.2
108.6
110.9
112.8
119.8
122.1
126.7
128.1
124.2
119.7
120.1
122.1
124.1
124.4
118.2
119.0
117.1
115.9
110.3
104.0
108.2
108.1
109.3
110.0
107.4
107.2
107.0
107.9
108.8
111.5
115.1
112.1
114.2
116.3
116.9
118.9
119.4
121.3
114.4
111.4
111.3
110.2
107.9
107.8
105.4
105.1
104.9
106.6
106.9
114.5
127.4
139.6
168.3
172.6
167.1
183.0
180.4
176.9
169.2
157.5
151.8
134.3
126.5
119.8
113.5
112.1
109.2
114.0
107.4
105.9
105.3
103.2
103.4
111.3
125.6
137.5
156.9
176.9
177.2
183.6
192.4
186.1
193.9
178.5
160.1
148.6
137.3
127.8
117.7
113.9
115.3
107.2
103.3
102.5
101.7
104.5
102.2
108.5
119.3
127.1
146.3
146.0
142.1
157.8
150.2
145.8
160.6
161.7
147.8
141.9
133.2
123.9
114.8
116.6
113.3
115.7
118.9
117.1
113.4
113.9
113.6
121.4
132.5
139.0
157.0
162.5
169.1
159.8
158.9
167.0
171.6
172.8
157.2
149.1
135.1
128.2
121.7
118.2
115.2
112.5
111.6
112.7
112.2
111.7
112.5
119.4
132.6
143.2
172.9
176.0
184.8
191.5
188.0
176.7
167.5
167.6
153.3
142.4
129.9
120.5
116.7
116.1
113.8
118.0
110.9
110.3
106.4
107.4
108.8
107.8
109.0
112.0
119.5
124.2
129.7
146.6
144.8
141.3
137.9
136.4
138.0
137.3
132.0
132.5
129.7
127.6
122.0
112.7
119.0
118.9
120.5
120.3
117.5
116.9
118.8
119.2
118.9
123.8
122.8
120.8
122.1
125.2
126.1
125.0
125.1
123.7
124.1
123.2
122.0
121.9
116.9
115.5
113.7
111.4
114.2
113.9
113.0
118.7
136.3
144.3
169.5
172.9
174.9
178.2
174.4
177.7
179.3
166.2
156.1
141.6
132.5
125.4
121.0
117.7
115.5
157.8
147.0
148.0
146.6
151.8
150.9
151.3
169.2
179.7
200.4
210.4
188.8
154.5
148.2
163.9
218.8
205.0
211.8
195.4
187.7
176.1
171.5
166.4
165.0
155.1
161.4
161.5
162.6
163.1
162.1
168.8
182.0
190.5
202.1
210.1
200.1
217.6
203.7
200.9
219.3
213.9
198.2
189.5
181.0
171.5
158.6
157.7
152.5
153.7
145.1
144.4
156.6
154.7
150.4
142.6
163.1
164.4
204.9
192.1
201.0
203.4
208.4
208.3
216.4
188.5375
202.8
200.2
183.7
172.3
164.8
163.4
163.8
150.3
162.6
159.1
163.2
159.6
162.1
171.0
184.9
190.9
215.9
211.1
219.1
217.4
220.4
220.5
214.7
200.2
192.3
181.1
171.0
164.1
154.6
156.5
154.0
149.6
142.2
141.5
139.7
144.2
140.7
139.6
139.9
152.2
73.5857142857
53.1714285715
50.1714285715
48.3714285714
143.4
149.2
143.3
147.2
157.5
155.7
152.2
149.1
147.4
142.3
146.7
150.5
140.0
144.9
137.9
138.3
143.1
134.8
139.7
140.0
146.2
154.0
156.0
157.1
158.8
158.0
162.1
163.9
162.7
158.3
155.3
153.5
151.7
146.4
149.9
146.9
148.1
145.5
149.0
148.1
145.1
159.7
168.1
175.0
200.2
209.1
215.9
205.5
233.0
236.2
226.9
228.2
209.0
199.3
188.6
176.4
162.0
159.1
156.0
155.0
143.9
146.0
145.7
144.2
144.3
151.7
166.8
180.7
204.9
210.5
219.7
220.7
229.1
230.1
236.0
219.9
204.7
187.8
177.4
172.1
165.9
159.0
161.2
155.4
159.8
153.7
150.6
150.3
149.5
162.2
171.8
181.6
200.0
207.4
226.7
221.4
224.6
222.1
209.3
191.2
213.6
181.9
176.8
170.8
169.4
161.3
156.1
160.9
151.0
147.7
148.5
148.0
153.8
155.4
164.0
178.9
201.2
213.6
226.6
226.0
224.3
228.7
230.2
224.3
219.8
210.0
187.4
175.2
170.9
169.5
160.2
152.9
160.6
157.8
156.0
155.9
147.5
158.7
173.7
179.5
184.6
201.9
202.7
193.3
195.5
195.8
204.5
193.0
177.7
163.1
158.0
152.5
144.9
141.1
135.9
141.5
135.3
135.3
141.6
142.9
140.3
138.6
142.0
147.2
148.3
151.9
167.4
163.4
158.1
159.0
151.5
152.2
157.8
159.0
158.2
154.6
150.2
143.0
140.8
145.3
142.0
140.5
151.3
137.2
145.5
140.9
137.5
134.6
140.9
141.4
137.1
141.4
136.3
140.1
139.6
133.6
143.7
148.6
145.1
149.4
149.9
145.4
139.5
144.2
138.4
137.4
136.9
135.5
144.4
148.1
159.5
170.1
193.3
214.0
206.0
226.4
204.8
202.0
199.8
200.8
182.7
172.5
166.1
155.8
151.1
145.0
147.6
146.2
141.1
143.9
142.7
141.9
146.4
152.2
159.6
171.2
201.4
213.8
198.6
212.5
214.1
211.3
216.5
202.3
196.5
180.2
167.5
161.3
150.9
150.7
153.3
153.0
147.7
146.9
148.5
145.9
144.3
144.7
164.6
176.2
193.3
198.4
210.4
203.3
213.1
214.4
207.1
203.8
199.5
176.3
165.9
162.1
151.3
150.6
158.2
155.4
152.5
153.4
147.1
149.1
149.0
153.8
167.6
183.6
191.8
198.1
223.3
207.4
213.3
207.3
219.4
214.6
188.0
183.2
167.8
152.6
157.3
148.8
148.1
151.9
151.6
145.8
148.0
148.8
146.8
148.9
161.0
172.1
201.2
211.1
206.7
208.3
206.1
205.3
212.6
196.9
184.3
179.8
168.2
160.4
159.0
159.8
152.6
145.2
154.3
150.5
149.0
152.8
149.2
148.5
149.2
149.9
160.1
159.8
168.6
172.6
165.7
174.2
168.7
163.7
166.0
161.0
154.7
150.4
151.0
148.4
144.8
143.4
147.7
140.5
138.4
143.1
144.1
139.5
142.2
140.8
155.1
155.8
160.1
166.8
167.2
176.2
180.5
184.0
179.9
182.5
175.2
173.8
158.7
160.2
158.5
153.0
148.9
149.1
154.3
148.3
154.1
160.5
184.2
188.3
211.4
214.5
210.8
227.7
220.1
215.8
211.9
205.7
192.7
189.7
173.1
166.0
161.9
160.9
154.1
146.0
149.4
151.0
141.6
141.8
141.1
144.5
158.5
174.6
190.1
211.0
211.7
214.0
206.0
205.3
212.5
204.1
198.8
181.2
167.3
163.0
151.1
154.8
149.0
145.8
142.7
139.2
142.5
138.0
144.7
144.1
164.2
175.2
198.8
202.4
209.0
215.3
215.8
217.3
220.4
192.6
177.4
170.0
161.6
159.7
149.1
150.2
146.4
144.3
142.0
144.0
148.2
146.9
147.8
155.5
171.6
184.6
209.0
215.4
202.9
202.1
209.9
206.3
204.3
199.8
200.0
180.5
168.7
161.9
151.3
155.7
146.8
147.9
145.0
152.9
151.0
149.3
150.2
155.4
177.0
179.8
199.6
207.0
213.4
221.6
225.3
221.7
221.0
210.8
200.8
192.7
178.4
168.4
161.3
162.0
159.4
157.0
156.0
151.1
150.9
150.0
147.8
149.3
154.8
155.2
164.7
167.1
171.4
174.9
175.8
173.5
174.5
174.2
169.4
169.8
165.4
161.7
161.3
160.0
155.1
152.4
153.8
145.9
150.2
143.1
140.8
138.6
144.7
157.5
166.0
171.0
177.3
177.5
180.9
181.6
195.5
180.4
175.1
173.0
170.1
165.3
161.9
159.3
157.6
147.9
154.6
153.1
154.5
154.0
158.4
163.0
185.3
189.3
213.8
212.2
223.1
217.1
219.5
221.6
224.2
206.9
190.5
190.1
181.9
163.9
160.7
160.4
161.6
152.6
152.3
142.4
147.8
144.5
147.8
150.7
166.3
173.9
210.3
218.6
208.2
227.0
217.8
209.9
204.2
208.2
184.7
177.2
171.3
166.3
162.6
162.4
160.5
148.1
149.2
153.3
149.4
145.9
149.6
153.2
169.2
184.7
198.6
196.0
223.1
209.4
214.7
214.2
205.2
196.4
184.6
178.8
170.0
164.9
159.0
160.4
154.7
154.1
159.9
154.4
156.2
155.6
161.0
167.9
177.3
189.5
211.8
218.3
224.5
219.1
218.2
224.1
212.0
209.7
200.5
192.7
181.9
176.4
172.1
170.1
168.8
156.8
163.4
165.4
163.2
165.4
168.6
174.4
185.2
187.6
197.6
207.2
204.5
204.9
203.7
216.6
210.1
208.6
182.3
177.3
169.9
162.4
158.9
157.9
153.0
151.0
144.2
143.8
144.5
145.2
145.7
144.3
139.6
145.5
148.3
157.3
163.2
162.5
159.3
165.1
159.5
161.7
162.9
160.1
154.7
153.8
155.6
148.7
147.0
147.9
141.5
144.5
146.2
139.5
147.6
141.5
140.1
146.4
142.0
149.9
152.6
150.2
151.0
154.4
152.3
149.8
146.7
149.6
142.2
149.5
145.4
149.2
139.1
140.7
135.0
145.2
135.9
140.6
134.2
153.4
158.9
172.4
190.8
215.9
205.0
206.9
198.3
196.0
194.7
190.7
172.7
171.6
162.2
151.0
155.9
144.3
141.7
143.0
133.7
137.3
130.8
129.7
136.3
136.6
148.7
170.2
177.5
184.0
206.2
190.0
190.2
198.5
190.6
182.6
174.7
165.3
161.4
151.9
145.0
143.9
142.9
143.5
133.6
139.2
135.2
136.7
131.8
148.2
149.8
169.1
190.2
211.5
202.3
206.2
218.3
200.6
196.7
197.3
177.6
160.3
157.5
160.9
151.6
151.6
155.0
153.7
148.0
149.7
148.6
155.0
151.1
161.4
172.7
181.6
193.1
211.2
206.0
202.7
203.2
204.4
199.4
200.6
193.9
183.7
173.9
171.6
169.9
167.4
163.9
158.5
160.7
158.2
158.8
159.2
159.2
167.6
183.1
198.1
213.0
235.3
222.8
218.1
230.7
221.1
221.8
223.9
194.6
185.7
176.7
169.3
158.5
156.1
155.8
155.6
152.7
153.2
154.0
153.1
151.5
146.2
154.6
154.5
163.2
176.6
183.8
185.4
189.5
186.5
187.4
183.7
182.5
176.7
172.9
171.7
166.5
166.0
160.6
146.5
156.2
153.8
153.2
155.1
154.7
153.9
154.2
154.9
159.3
160.7
160.3
158.0
156.7
157.2
155.9
152.6
150.1
152.6
144.1
143.3
143.1
143.7
141.1
142.0
140.3
139.2
139.2
135.3
135.2
142.2
159.6
172.0
186.4
197.3
203.8
208.1
200.4
208.4
198.0
198.3
188.9
175.8
162.2
159.7
165.0
152.6
152.6
154.5
145.0
137.6
143.3
135.1
143.4
140.8
155.5
172.3
181.4
195.8
193.1
199.6
194.3
193.9
216.6
190.3
186.0
189.3
173.8
163.8
163.7
156.8
159.1
150.5
156.6
159.0
157.6
158.5
159.1
163.1
174.7
181.8
216.2
199.5
200.8
219.7
210.9
201.8
201.7
195.8
177.5
161.7
151.3
142.4
148.1
146.2
144.7
140.5
153.0
144.6
143.3
142.7
141.5
144.7
161.6
165.7
180.8
195.6
193.7
200.4
197.0
199.1
209.7
190.8
171.5
158.5
145.1
150.1
138.7
138.6
143.5
138.9
141.8
138.9
141.1
132.9
140.2
138.8
154.8
176.1
169.1
189.1
192.4
195.0
192.3
187.8
206.7
196.4
178.0
167.0
154.0
145.7
140.5
141.0
139.6
142.0
135.7
138.5
132.9
136.4
139.1
133.3
142.3
143.7
150.6
153.6
155.3
153.1
158.6
158.8
151.9
154.3
149.1
148.5
150.3
149.7
147.0
149.8
145.9
144.6
145.7
147.5
144.8
139.2
143.7
137.9
142.1
141.9
144.6
151.0
153.1
154.4
153.5
159.0
156.6
156.2
154.2
150.9
149.1
151.8
148.9
144.0
148.0
139.6
144.1
149.9
137.4
144.0
148.8
143.0
144.2
150.2
148.6
147.7
146.2
153.1
141.4
147.5
139.0
153.5
150.9
142.4
149.4
139.5
138.8
138.7
139.1
132.5
136.6
137.8
132.5
134.0
133.3
138.3
150.8
161.1
186.2
190.9
179.7
195.4
186.3
191.1
188.2
187.6
163.4
157.6
151.1
137.9
141.0
133.7
135.6
138.2
127.9
131.8
134.4
129.3
136.2
142.7
147.1
169.9
185.4
199.0
176.8
189.7
201.9
186.1
192.1
178.5
166.5
158.0
148.7
140.6
130.8
132.9
129.5
129.5
124.9
131.4
133.6
125.6
134.4
138.5
146.1
160.8
182.3
183.2
180.1
183.6
191.9
186.8
179.7
180.3
163.3
160.8
139.3
142.5
137.7
131.1
136.1
127.9
128.1
129.6
123.3
129.8
128.2
133.6
169.4
158.0
175.0
183.4
196.6
187.9
188.0
185.0
183.1
174.9
155.2
157.4
146.7
143.6
138.7
134.9
135.5
136.1
126.9
132.1
127.6
129.0
127.1
120.5
125.3
120.6
130.2
126.6
128.7
139.3
131.3
138.4
137.1
134.3
137.5
133.5
138.8
128.9
131.6
129.1
126.9
129.0
127.8
123.4
128.5
121.3
126.9
123.9
125.1
133.7
128.4
138.9
132.0
139.5
137.3
148.7
147.1
151.3
139.2
138.1
143.9
132.3
137.3
131.7
128.9
138.9
124.4
132.2
128.9
130.8
129.5
132.0
151.0
150.0
173.3
189.0
188.3
177.1
190.9
192.0
190.5
177.6
164.5
158.7
153.3
144.3
136.5
142.8
133.0
130.2
133.7
131.0
139.1
129.5
136.7
138.4
145.4
155.1
169.1
182.0
184.0
189.1
188.1
192.9
184.0
182.7
168.8
168.3
144.6
144.0
133.8
134.5
137.1
131.1
133.7
133.0
125.6
132.2
125.3
134.7
145.3
147.3
176.0
195.5
179.5
189.4
197.4
196.0
191.0
184.4
167.2
166.9
147.7
141.8
142.9
128.7
134.4
128.8
130.9
123.9
130.3
126.9
125.1
137.8
141.8
171.2
190.1
191.8
201.0
220.6
207.0
200.1
213.6
197.3
176.1
161.2
159.7
146.4
147.5
142.2
142.9
135.4
136.5
132.1
133.5
133.3
129.2
141.7
146.4
158.7
164.6
185.9
210.3
197.0
195.8
203.4
212.0
213.6
183.2
167.8
150.3
144.2
134.8
138.4
139.6
136.8
137.4
129.7
136.9
133.3
138.6
138.1
143.5
144.5
148.4
139.5
142.7
149.8
147.3
144.8
145.8
140.7
138.6
141.0
133.4
142.8
137.2
144.3
138.9
141.1
135.4
135.7
128.0
133.5
125.8
131.0
132.5
128.4
140.0
127.6
139.6
137.7
145.5
139.6
140.0
145.4
142.1
145.9
135.1
142.1
137.5
136.6
134.9
129.4
132.2
126.2
128.6
127.6
127.9
140.1
151.6
159.6
170.9
195.0
182.6
190.6
195.5
186.0
184.0
179.0
170.0
157.1
149.4
136.6
142.5
137.6
135.1
133.2
133.8
132.5
123.9
130.7
127.3
139.3
140.1
160.3
172.0
191.3
184.3
188.9
186.0
182.0
183.6
177.7
171.4
154.1
150.3
137.9
137.2
132.3
139.5
128.8
134.8
123.3
133.8
128.2
130.5
135.7
147.1
158.4
177.4
191.8
192.7
178.1
178.7
192.6
176.5
174.1
175.9
157.3
143.6
143.5
129.2
136.1
123.6
134.8
122.2
130.8
122.7
130.3
125.7
140.3
142.3
164.6
175.0
197.3
195.2
193.7
195.3
194.9
207.0
199.3
186.4
170.4
155.8
141.5
140.1
137.5
130.2
135.6
129.6
135.0
133.6
130.5
137.0
137.0
153.7
155.0
170.5
184.0
183.5
186.5
190.8
196.3
184.1
172.5
160.1
157.7
147.2
137.0
133.8
132.1
125.3
132.5
120.9
130.2
122.6
130.2
124.6
127.9
128.4
131.1
134.9
145.7
143.1
151.3
149.9
154.8
153.3
148.4
149.2
144.5
137.0
144.6
142.0
138.4
143.9
132.2
139.8
127.6
134.7
126.1
134.4
124.3
131.9
133.2
137.9
138.0
144.6
143.8
144.2
150.0
154.2
146.5
141.5
138.6
136.5
137.2
134.3
136.4
133.9
128.5
136.9
127.1
130.5
133.4
126.1
138.1
151.9
171.2
168.4
177.0
182.6
196.0
178.9
174.2
184.5
175.8
162.9
162.7
145.8
134.9
132.1
124.4
134.0
126.1
132.6
123.1
130.9
122.9
126.4
123.3
146.3
155.2
168.5
163.6
194.6
172.6
181.2
171.9
177.9
168.2
165.6
152.5
152.6
139.6
138.9
130.8
139.2
133.7
140.9
129.5
134.8
125.6
135.0
126.6
150.4
156.4
176.2
174.2
185.5
199.5
197.9
185.6
196.1
178.8
165.1
153.1
151.4
141.2
133.4
140.1
138.7
137.4
136.2
144.5
137.6
144.3
144.5
140.4
153.3
170.1
167.9
184.5
197.0
196.7
202.2
193.5
181.9
184.8
172.4
159.1
155.1
146.9
137.8
143.2
134.0
135.9
133.0
140.1
131.0
138.1
127.9
144.3
145.1
177.8
169.2
184.2
185.8
199.1
192.4
194.1
186.2
183.9
168.9
160.2
144.6
144.1
132.9
135.6
134.2
138.3
134.7
132.9
135.7
128.3
136.4
128.9
135.8
135.6
135.5
144.2
143.1
146.0
146.0
146.6
148.8
143.4
142.0
139.8
140.1
131.5
135.0
140.4
131.0
133.8
125.8
135.4
130.6
130.1
132.6
130.2
133.9
125.2
140.4
138.3
137.7
142.0
148.8
146.5
151.1
149.0
149.5
135.3
137.8
143.1
135.0
138.8
136.5
128.1
135.8
127.4
127.7
134.3
127.1
139.0
147.7
165.8
172.9
178.4
192.5
184.4
189.8
209.5
202.8
187.8
181.7
173.6
150.1
140.4
140.1
139.8
135.6
138.6
137.3
131.5
132.3
134.3
128.3
143.0
149.2
163.1
177.0
187.6
190.5
205.6
195.4
203.8
187.2
188.6
175.6
158.0
145.4
144.6
144.0
131.7
137.2
138.6
132.4
135.2
138.6
130.5
133.5
140.7
152.5
161.8
186.5
185.0
188.0
198.5
220.5
210.7
216.1
195.1
176.0
164.8
156.8
152.5
145.6
143.4
140.8
139.9
142.5
135.3
136.3
141.4
133.3
146.0
159.6
177.3
181.1
206.7
200.6
191.1
199.0
203.7
206.1
196.8
182.5
170.4
160.2
150.3
143.1
140.6
139.0
137.6
133.2
137.2
131.6
129.4
137.9
136.0
150.8
194.1
178.2
185.0
198.9
199.9
209.9
206.0
197.3
187.8
169.6
161.9
151.4
142.1
137.8
137.2
141.3
135.6
133.7
130.1
132.7
137.6
130.4
128.5
133.6
131.9
130.9
129.5
134.1
136.5
136.3
142.0
146.3
143.6
139.1
142.6
140.1
138.3
138.8
137.8
134.2
130.8
132.4
139.5
137.3
133.3
133.9
135.5
133.3
137.9
136.6
136.8
147.1
140.6
145.1
147.8
151.2
148.8
141.4
135.7
134.1
135.7
136.2
135.1
132.6
139.9
131.0
128.9
137.6
125.9
136.4
137.0
160.2
186.4
180.7
191.9
198.5
196.4
192.7
188.2
199.0
181.8
176.3
177.0
158.3
153.4
147.7
141.9
146.9
142.3
144.0
144.8
145.4
144.4
145.1
153.1
154.9
179.8
179.4
182.1
191.9
190.7
188.5
193.1
186.1
184.6
173.5
175.1
161.3
145.5
142.1
142.6
144.9
125.2
136.9
133.9
132.0
140.4
133.8
146.8
154.5
170.0
175.8
172.0
146.4
148.9
149.2
145.2
146.2
138.1
141.1
127.3
127.8
115.1
115.9
111.6
110.8
102.5
110.4
109.9
108.4
110.4
110.1
104.9
110.8
120.1
146.1
150.4
138.0
135.8
141.0
151.8
137.7
134.2
142.8
117.7
107.3
100.5
95.4
95.8
95.5
93.6000000001
92.3
92.8
93.5
92.5
93.0999999999
100.1
110.8
126.0
129.4
134.6
141.9
143.5
139.6
142.2
141.8
131.0
125.9
115.5
105.5
103.2
97.8
94.2
94.2000000001
95.7000000001
94.2
92.4000000001
93.6
93.2000000001
92.2
93.5
120.9
102.0
103.3
109.1
110.4
107.4
105.3
105.5
106.1
105.3
104.5
103.6
103.2
102.5
103.0
102.7
101.2
98.8
99.2
99.3999999999
99.6
100.3
100.3
99.9999999999
98.6000000001
98.9
100.7
102.0
102.0
101.4
101.0
100.8
100.9
100.8
100.8
101.3
100.5
100.5
99.9
98.4
98.5
98.6000000001
98.4
98.4999999999
99.3
98.7000000001
98.4
102.4
115.2
133.3
163.5
144.3
151.5
145.0
146.3
147.7
157.5
138.8
133.1
124.4
112.1
106.9
101.5
101.2
101.9
100.4
102.1
102.9
101.1
101.2
101.0
104.3
114.1
125.6
146.1
151.1
145.2
151.6
147.9
149.3
144.0
133.8
124.4
127.4
117.7
109.2
100.6
99.5999999999
99.7
99.4000000001
100.1
99.4
100.2
99.9
99.7999999998
104.2
116.5
122.1
141.7
142.6
142.0
148.9
145.5
141.0
154.5
138.7
128.7
118.6
119.0
113.2
102.1
100.3
101.1
99.5
100.5
100.4
100.6
99.7000000002
100.7
103.6
114.7
123.9
136.0
160.4
149.6
146.7
165.4
149.3
140.7
133.9
128.0
128.8
115.6
107.4
101.1
100.3
100.2
97.1000000001
98.3
98.6
98.2000000001
98.3999999999
97.5
102.0
115.7
123.3
144.9
145.2
145.6
148.3
145.5
137.4
134.0
131.3
124.1
116.0
109.6
106.0
97.9
97.0000000001
97.3999999999
96.3999999999
96.1
96.0000000001
97.2
96.9
97.0000000001
96.7
96.3
97.8999999999
99.5
101.6
104.2
100.2
100.4
99.8
99.9999999999
97.2
98.0000000001
100.7
98.7999999999
97.8
98.1
98.5
95.9000000001
97.2000000001
95.7999999998
95.9000000001
95.9
96.1
95.6
95.9999999999
96.3000000002
96.2000000001
96.2999999998
98.5
99.7000000001
100.0
99.8000000002
99.7
100.8
100.9
99.3999999999
99.2000000002
100.2
101.1
101.0
100.4
99.3
99.4
98.1
96.7999999999
96.0
96.4999999999
97.7
104.0
111.6
123.0
139.9
146.8
147.4
156.4
143.4
142.8
136.5
133.5
127.6
130.5
113.2
104.4
98.5
99.2000000001
102.5
104.3
98.4000000001
98.8999999999
98.5
97.7000000001
98.2000000001
105.5
126.3
124.1
139.3
148.4
142.2
145.6
144.9
148.4
142.8
141.9
127.9
124.1
117.1
113.2
110.2
109.4
107.4
106.9
105.2
105.0
105.0
104.9
105.7
111.4
116.8
126.2
160.7
152.9
154.5
160.7
155.2
167.7
152.0
150.8
140.8
127.2
128.9
113.8
110.4
109.3
110.0
107.6
107.0
106.2
106.8
105.9
107.3
113.3
122.3
130.6
147.0
154.0
163.4
152.1
155.2
148.6
158.0
147.4
139.6
128.7
119.4
112.5
105.6
105.0
105.9
105.9
105.7
106.4
105.7
106.1
106.5
109.0
114.1
124.2
140.3
150.6
151.3
162.5
136.5
142.6
165.9
139.4
129.9
134.5
116.3
112.5
107.4
106.3
107.0
103.7
107.6
106.5
106.7
106.4
106.4
107.3
107.1
107.1
107.9
103.2
103.4
103.0
101.1
101.4
104.0
103.5
101.6
101.9
102.0
102.5
102.0
102.4
101.7
102.6
102.4
102.4
101.6
102.4
103.1
102.7
102.3
102.1
101.9
103.7
104.3
106.2
104.9
103.5
102.1
101.9
102.0
102.7
102.6
104.6
103.7
104.2
104.1
104.3
101.0
101.5
101.6
101.6
100.9
100.8
101.1
105.0
116.6
125.2
139.8
154.9
157.1
167.4
147.7
150.8
147.3
139.1
137.4
121.5
115.4
108.6
102.8
101.9
101.2
99.2
99.2000000002
98.9
99.2000000001
99.2
99.3
101.9
117.2
126.5
141.4
145.4
142.5
139.0
151.8
146.3
154.7
137.4
128.6
122.1
113.3
107.6
103.8
103.7
103.2
102.7
99.4
99.7
99.7
98.8
99.4999999999
103.1
118.5
130.1
144.9
147.8
157.8
167.1
143.8
148.8
149.1
144.2
141.3
134.3
117.3
110.7
103.6
103.0
98.7999999999
100.7
100.4
100.3
100.7
100.0
99.8
98.0
111.5
118.6
141.6
138.1
130.8
128.1
129.0
128.1
141.7
129.3
120.4
125.9
111.3
104.6
97.1
96.9
93.8000000002
94.7999999998
94.2
94.2
94.5
95.1
93.7000000001
97.2999999999
109.0
125.1
127.1
125.8
132.7
134.3
154.1
133.8
134.8
130.1
118.5
118.9
105.3
99.3999999999
94.8
93.5999999999
92.9999999999
93.4
91.2999999999
91.9000000001
91.0
91.2999999998
90.7000000002
90.5
90.6000000001
90.9
94.3
96.4
98.0
95.7999999999
93.2000000001
93.0
93.6000000001
97.0
96.3999999999
93.8
92.2999999999
91.9
91.4
91.0000000001
92.1000000001
91.7
91.4000000001
90.7
90.5
91.1000000001
89.7
89.8
90.8
91.4
91.7000000001
91.8
92.7000000001
94.2999999999
93.3999999999
93.9
93.4
93.1
92.9
95.6
95.7999999999
96.8
94.8999999999
92.2
97.3999999999
90.9
90.7999999999
90.2
88.2000000001
87.8
90.1
95.7000000001
102.5
111.6
141.9
156.0
165.1
148.7
148.5
164.2
142.4
137.9
132.0
124.0
127.2
108.0
103.3
102.7
105.8
105.2
104.0
103.3
103.1
102.9
103.3
107.7
125.3
122.8
133.1
158.1
148.9
146.3
149.3
156.7
147.4
141.8
142.5
124.4
116.8
113.3
107.9
107.3
107.2
104.9
104.6
104.4
103.2
103.2
102.8
108.3
117.1
122.4
136.0
151.1
147.1
150.4
148.0
162.3
154.4
141.4
135.9
145.9
126.1
115.7
109.9
109.1
106.1
107.0
104.7
104.9
105.3
104.2
106.5
106.0
113.6
119.4
129.7
141.3
146.6
137.7
143.6
150.3
152.8
156.8
132.4
124.4
116.6
112.3
104.7
104.9
104.7
101.9
100.6
101.2
101.7
101.4
101.9
107.8
114.8
123.3
141.2
145.9
142.3
153.5
152.0
149.9
151.4
161.2
134.0
122.4
117.8
112.6
109.1
107.4
105.5
106.0
103.9
102.5
103.5
104.3
102.8
101.5
102.5
103.6
108.6
110.6
112.3
111.6
108.2
104.4
104.6
105.5
107.8
106.5
106.6
106.3
106.2
105.6
104.1
104.1
103.3
102.4
101.6
102.0
100.6
102.2
101.8
103.1
103.4
104.5
105.6
108.9
106.0
106.5
106.6
107.3
106.9
106.2
106.1
106.2
107.0
103.9
105.5
101.5
101.5
101.5
102.4
101.0
102.1
103.9
114.1
122.6
148.4
152.0
143.7
158.5
146.3
143.6
149.6
153.5
133.6
125.3
117.5
115.1
108.4
107.5
105.7
108.9
107.7
103.3
102.5
102.1
101.7
104.8
113.1
121.9
133.9
145.1
142.1
137.5
139.3
139.6
140.5
133.1
126.6
122.1
116.1
109.8
107.9
104.9
105.5
101.0
98.6000000001
99.2
99.1000000001
99.0
99.0
102.0
110.5
122.9
136.8
142.2
145.6
151.1
150.8
145.6
148.2
148.6
132.5
126.6
116.4
111.4
107.2
106.6
101.6
104.8
103.6
103.4
104.2
103.7
103.3
101.9
107.3
114.0
131.8
141.0
146.4
140.0
150.1
153.0
141.2
142.7
125.8
116.0
112.2
107.9
99.7999999998
99.6000000001
96.0
97.6000000001
97.6000000001
98.5
98.5
97.5
98.5999999999
101.7
107.0
116.0
131.8
140.9
145.6
133.2
139.0
136.6
135.3
129.5
119.0
113.0
108.2
99.8
94.7
94.0
93.8
93.8999999999
95.5
94.3
93.8999999999
93.8
93.3999999999
93.2
92.8999999999
94.7000000002
96.1000000001
96.8999999999
97.1000000001
97.7999999998
97.0
99.8
100.8
100.7
99.8
98.7
97.1000000001
97.2
96.3000000003
94.2999999998
95.3999999999
93.7000000002
93.3999999999
93.5
94.3999999999
94.2000000002
93.2999999998
94.0
93.0
94.5
94.1000000001
95.5
97.0
97.3999999999
98.1000000001
97.2
96.3999999999
96.8999999999
97.0
98.3
97.6000000001
97.5
97.5
97.0999999999
100.2
93.7
94.0
94.3999999999
93.6000000001
94.0
94.6000000001
101.8
110.8
116.4
128.1
135.8
141.0
142.7
135.9
172.6
184.3
166.2
159.4
140.3
131.6
120.8
109.8
108.2
116.7
107.3
101.9
100.1
100.4
104.1
110.8
113.0
119.5
131.1
151.5
160.1
168.1
145.2
143.6
145.1
151.8
148.4
155.9
149.7
134.6
131.5
124.3
128.3
124.2
123.4
124.5
123.3
121.7
117.6
117.3
126.4
146.1
143.0
157.4
168.7
154.1
172.8
153.5
148.5
153.5
147.3
144.3
141.7
134.4
127.3
123.5
118.0
105.8
117.8
118.3
119.4
115.7
118.0
124.1
102.2
103.3
110.3
126.5
136.4
143.8
141.7
146.4
143.6
147.8
131.8
126.7
133.0
111.8
103.5
96.7
95.8
92.9000000001
92.8999999999
92.7
93.0
93.0
92.6000000001
92.8999999999
99.8
105.9
113.5
127.2
142.4
139.4
149.1
130.5
130.0
145.7
133.3
123.2
108.1
101.0
95.7
90.9000000001
92.0
90.4999999998
91.7
91.8999999999
91.8999999999
93.0
91.3
91.3
90.7999999998
93.3
93.8
95.2
99.6000000001
102.0
100.2
97.7000000002
95.8999999999
96.4999999998
96.3
97.8999999999
93.9000000001
90.9999999998
92.2000000002
90.8999999999
91.6000000001
91.0
91.3
90.8999999999
90.3
88.0999999999
88.5
88.4999999998
88.9000000001
90.5999999999
92.1000000001
93.8
93.2
92.6000000001
93.1999999997
91.2000000002
93.2999999998
95.0
93.8000000003
93.2999999998
94.3000000003
92.2
92.4000000001
92.2
91.5999999999
99.2
92.5000000002
89.0999999996
88.8999999999
89.6000000001
89.0999999999
88.5
92.1000000001
101.6
108.9
124.2
147.3
185.7
181.8
179.3
187.4
157.8
145.7
144.2
131.5
120.0
114.1
110.3
108.9
112.9
113.7
117.8
113.9
112.9
111.9
112.1
113.5
119.2
131.4
147.4
164.8
172.1
176.6
175.0
163.6
161.5
155.1
139.6
132.6
124.7
124.0
111.8
111.5
111.3
111.6
107.6
108.2
110.2
114.5
115.0
116.3
123.0
133.8
158.5
156.5
151.4
158.9
169.3
153.9
166.6
157.7
148.7
134.4
127.6
120.0
114.5
113.8
110.7
114.5
108.7
108.5
107.3
107.6
108.8
112.3
118.8
141.9
152.6
149.7
167.0
170.3
157.9
156.9
148.7
147.3
139.8
145.4
119.3
113.5
108.0
107.2
111.4
106.3
105.0
105.9
103.7
104.9
102.9
107.0
120.8
124.9
141.6
160.5
141.7
153.2
149.3
158.3
150.7
159.2
135.1
136.3
124.4
115.6
114.8
119.2
107.5
110.7
108.6
106.1
100.9
98.8999999999
98.4000000001
99.7
98.6000000001
99.0
103.4
108.2
107.0
106.2
105.3
105.4
106.3
105.6
104.1
105.4
102.5
103.6
104.2
102.4
100.5
100.1
100.1
99.4000000001
100.6
100.3
99.8999999999
99.0000000002
99.4999999998
99.1000000001
99.9000000001
99.8999999999
100.7
104.5
104.7
103.0
105.4
100.6
102.9
101.2
102.7
102.7
101.8
101.8
103.7
101.1
99.0999999999
99.5
99.0
98.8999999999
101.8
104.4
108.8
117.4
142.2
145.9
152.8
142.4
145.1
158.8
151.6
140.7
128.2
122.4
114.8
107.7
104.6
104.4
