168.25
165.68
168.89
167.4
167.99
172.83
185.84
188.59
194.78
188.08
190.05
186.8
189.54
192.12
192.5
192.15
187.05
188.48
185.37
187.07
171.01
168.26
168.57
165.24
167.98
168.15
165.91
165.22
165.46
170.67
192.16
190.65
192.68
201.41
209.92
212.38
213.13
211.49
204.13
201.16
206.49
204.52
205.09
190.64
171.9
167.92
167.8
168.18
164.88
167.23
163.57
164.44
165.67
162.03
167.82
188.35
185.33
186.35
186.66
184.89
191.2
184.58
185.75
180.48
181.57
181.58
180.78
177.66
168.19
165.21
161.66
162.82
164.23
161.98
163.55
161.76
161.69
163.63
168.69
184.84
185.01
183.18
180.87
182.52
182.62
191.46
191.6
190.57
182.5
182.01
175.65
179.74
166.45
164.32
162.61
162.81
162.18
159.21
164.8
160.76
176.07
184.01
178.9
181.74
185.2
210.61
222.44
226.66
222.61
236.96
227.31
225.22
222.14
214.1
195.01
183.52
174.15
169.54
169.6
168.29
166.48
167.81
166.8
167.17
164.63
168.5
184.1
202.64
204.43
215.44
236.44
241.22
245.16
234.55
240.35
233.08
230.23
219.15
206.11
200.35
188.6
184.41
177.68
176.85
167.91
175.15
173.36
174.81
174.23
176.69
194.86
195.48
198.54
207.78
215.02
224.39
240.62
229.23
225.17
224.76
220.02
221.15
206.45
196.42
183.69
178.5
172.79
172.78
173.03
171.99
166.32
169.85
165.32
172.78
184.36
186.55
202.85
217.98
230.04
222.74
230.64
229.25
225.45
227.52
215.32
212.07
198.95
199.84
184.08
174.56
173.84
175.86
170.02
171.59
166.97
169.87
167.08
176.03
188.91
196.97
211.3
224.92
227.61
239.04
238.71
236.05
230.87
227.34
219.1
203.78
198.15
194.48
179.72
169.92
171.59
162.21
166.9
168.68
169.68
163.16
167.63
165.53
170.89
182.87
182.83
180.86
183.59
188.58
190.66
189.11
191.98
193.36
189.05
190.28
186.44
187.88
172.31
171.37
168.03
169.29
166.49
169.49
167.88
167.79
167.82
169.08
173.38
188.14
180.94
184.72
182.37
182.93
186.26
184.8
186.56
189.24
186.73
187.25
183.35
182.14
171.4
169.42
168.35
166.09
169.27
163.77
170.7
166.59
180.29
182.15
180.03
182.91
197.96
219.66
227.94
223.27
235.26
229.3
226.03
229.41
222.43
218.36
209.28
201.97
185.91
177.48
176.63
175.29
173.83
176.84
172.5
176.67
172.98
174.7
190.09
189.81
198.52
214.0
225.08
225.1
224.98
225.29
232.4
220.26
216.99
215.04
195.51
194.44
177.88
176.82
174.76
172.18
171.2
173.7
168.47
169.81
168.42
172.5
188.78
189.09
194.96
211.52
225.33
228.23
227.93
229.65
228.5925
228.195
225.7875
220.295
211.435
205.77
194.865
187.5625
183.115
181.5325
179.145
178.425
177.8825
176.9125
176.23
178.34
185.39
186.3575
197.62
212.225
222.7225
226.2825
228.68
228.0425
227.4075
228.27
225.16
218.1775
210.1475
204.07
193.765
184.8025
182.5625
181.58
180.3725
180.865
179.8175
179.305
177.6825
180.7725
187.545
187.66
195.86
210.29
225.31
230.09
234.16
227.37
244.54
232.13
226.69
219.73
205.93
201.1
180.3
177.2
171.39
174.02
172.27
171.53
172.23
168.81
169.92
167.03
174.6
186.42
182.9
182.17
182.69
184.85
191.26
191.22
196.49
193.08
190.68
186.25
185.64
182.91
172.57
166.9
168.75
166.57
168.87
165.17
166.69
167.36
167.07
165.63
168.22
188.33
183.27
177.8
186.59
186.67
188.27
188.48
190.4
189.41
195.34
189.59
190.1
187.51
175.16
168.54
173.08
170.01
169.8
172.81
174.45
169.39
185.7
185.67
183.68
184.65
198.16
203.61
215.75
224.35
227.56
223.59
223.63
221.64
217.26
213.62
208.14
199.1
185.95
178.54
177.19
180.57
172.98
175.2
176.29
173.24
171.6
175.7
194.83
192.31
201.15
223.47
224.92
234.97
239.28
237.79
239.58
237.67
232.35
219.93
207.15
197.41
187.79
180.08
173.9
172.55
171.71
172.04
172.44
171.51
169.47
171.65
188.5
187.92
193.71
207.59
216.21
226.54
222.26
223.77
221.39
227.47
223.24
219.77
209.91
200.21
183.45
179.56
175.22
172.47
171.89
169.76
171.36
170.16
171.0
171.86
190.03
185.23
199.52
225.8
229.98
228.9
240.4
230.28
230.67
230.26
232.57
218.78
205.34
200.7
194.38
178.51
175.91
174.23
171.7
173.28
173.37
172.27
173.82
175.24
193.36
193.26
202.96
219.85
228.34
234.97
238.54
238.46
239.28
230.27
223.55
215.87
206.36
207.92
191.24
179.75
177.19
176.88
170.66
173.43
168.9
171.35
169.78
169.74
173.53
188.81
188.14
182.63
184.28
186.21
190.79
192.64
190.08
196.28
196.02
190.55
188.07
185.1
175.94
167.83
169.65
166.83
170.56
167.58
166.63
165.74
169.26
164.72
171.26
185.72
182.55
179.89
187.86
188.44
193.24
193.27
193.47
197.71
193.69
194.95
194.6
188.85
179.39
171.7
172.56
171.37
170.39
170.04
171.82
166.91
181.92
184.07
185.89
185.0
198.52
218.62
235.11
239.51
236.28
247.59
236.18
241.54
237.21
225.68
206.88
200.28
184.55
173.86
173.99
170.43
170.93
175.08
170.11
172.28
168.5
172.28
182.91
190.88
196.02
216.85
232.23
224.8
239.34
230.7
227.17
230.69
236.48
223.8
213.43
207.24
191.39
184.8
181.5
178.5
174.04
175.28
174.1
174.1
172.95
175.14
187.89
188.1
196.67
215.87
226.27
231.64
228.5
234.06
231.7
235.19
224.46
216.11
213.68
202.76
185.82
179.04
169.39
174.08
169.14
170.03
171.65
167.98
168.59
171.54
183.21
184.35
193.97
210.7
217.18
221.6
219.85
222.17
223.75
226.06
223.78
213.5
213.03
202.59
188.46
177.64
178.58
176.67
173.65
174.1
169.02
172.45
169.6
172.47
186.13
185.78
193.97
204.43
214.71
220.98
215.28
220.53
220.16
219.96
221.07
210.1
206.44
193.56
172.93
170.02
167.19
167.3
164.46
165.67
165.76
160.49
161.03
157.2
163.73
176.78
172.64
173.89
176.16
177.34
176.99
182.88
182.96
182.21
182.33
181.4
180.69
181.03
165.09
161.77
159.85
160.42
159.69
159.47
158.65
157.36
160.72
157.78
163.38
175.61
175.17
170.95
173.26
179.56
176.69
182.07
186.33
186.96
190.78
187.96
190.67
191.81
176.63
171.44
168.29
170.02
169.62
170.4
169.53
168.91
183.57
183.18
184.51
180.78
193.53
207.19
224.87
231.72
234.8
232.57
234.71
235.18
235.1
241.98
209.99
204.71
183.38
177.07
176.3
169.97
170.86
170.16
169.75
167.48
168.81
170.34
186.21
187.56
192.4
216.41
229.6
234.24
241.81
240.52
234.08
240.11
233.16
226.06
212.57
202.16
186.41
180.46
176.8
174.24
164.77
169.12
165.99
161.8
162.25
164.1
179.0
180.4
192.9
212.49
219.47
227.25
233.96
236.43
246.04
244.35
236.62
233.22
216.58
204.51
191.61
181.07
178.52
176.91
172.82
174.89
171.36
172.11
170.26
172.33
188.57
188.22
199.56
221.55
229.92
238.08
236.05
231.6
234.66
237.95
231.19
213.45
207.84
204.15
186.43
178.68
179.13
176.38
172.47
174.34
173.3
169.28
168.8
173.91
183.37
183.41
192.73
218.68
226.27
232.1
234.93
241.67
246.97
239.05
233.89
215.91
204.52
198.41
180.69
174.74
171.44
171.53
171.13
168.64
170.53
168.28
166.17
165.95
169.39
184.53
181.76
182.08
185.44
188.98
193.53
194.42
196.0
194.03
190.74
188.5
184.14
184.34
172.44
167.55
166.92
165.4
166.95
166.15
166.47
165.34
167.09
163.84
170.57
184.12
184.13
183.61
183.01
182.7
186.04
187.16
186.06
189.17
190.79
189.69
185.84
185.0
172.26
168.88
166.36
168.56
171.14
170.69
171.63
172.87
182.59
181.39
180.09
184.11
198.5
223.11
229.08
242.82
239.54
233.79
231.66
235.73
227.11
216.83
201.59
192.34
185.29
176.39
169.11
174.8
169.77
168.23
168.07
167.68
162.34
164.57
183.99
183.94
196.91
221.85
233.64
233.0
235.94
228.63
233.25
236.4
221.93
208.23
211.01
202.32
184.21
177.82
174.69
172.32
170.54
171.53
171.78
172.38
170.13
173.8
187.01
186.02
194.07
216.16
224.29
236.17
240.98
244.6
244.96
224.19
219.57
213.7
203.14
203.04
187.02
178.59
177.14
176.18
173.16
175.86
174.28
173.74
172.49
176.11
192.56
189.31
202.91
227.37
239.72
244.61
238.78
227.82
227.33
229.2
226.1
212.32
202.92
200.51
187.66
179.13
176.12
172.89
173.54
174.37
171.09
168.34
168.21
171.69
176.47
177.24
190.78
204.79
244.98
232.63
232.25
231.31
233.47
226.53
221.27
217.48
205.04
201.84
185.14
180.15
178.5
176.47
174.07
173.51
174.41
174.31
171.19
169.75
176.6
189.57
184.45
186.55
188.6
189.66
187.06
187.73
188.52
192.0
193.05
190.61
191.79
192.02
176.73
169.78
169.17
167.53
167.93
169.69
167.62
168.07
169.27
167.14
171.84
185.93
182.81
185.67
188.89
190.51
191.39
192.49
193.27
192.86
193.85
197.24
191.91
189.37
178.3
171.14
170.47
171.31
168.68
168.96
168.75
166.75
183.65
183.94
181.25
185.43
196.21
213.9
225.57
229.19
231.42
232.84
233.91
233.75
230.06
223.03
208.51
200.64
187.37
180.99
178.11
175.41
174.67
173.77
176.29
174.08
173.25
177.3
187.95
190.19
203.34
218.72
223.41
229.28
238.35
229.19
228.4
232.18
220.34
222.28
209.23
204.72
186.46
177.23
175.16
175.18
171.69
171.95
171.82
172.26
170.71
172.86
187.35
186.83
200.38
213.83
226.53
231.69
236.05
230.96
229.99
236.1
236.05
219.62
206.82
197.39
181.26
174.98
173.78
173.11
173.68
173.89
174.45
174.49
175.04
177.22
193.21
186.3
204.59
216.75
223.33
231.99
236.47
235.94
238.08
245.1
229.37
216.55
204.94
205.26
184.5
177.75
175.74
173.59
170.79
170.03
170.33
167.79
169.1
176.13
184.67
186.22
199.04
215.38
229.37
231.17
230.65
231.58
228.57
230.9
222.27
213.14
202.03
196.14
184.67
179.38
176.39
175.89
174.21
173.02
174.22
172.05
170.98
169.68
173.03
186.37
184.99
185.07
185.87
188.74
189.74
191.9
191.33
193.6
193.73
190.72
189.32
188.16
175.28
169.25
170.15
170.17
169.43
169.61
170.18
169.45
167.7
168.18
172.32
187.38
183.89
185.38
183.52
190.04
191.78
195.78
194.06
199.52
198.6
195.32
194.29
193.04
180.99
175.92
173.71
172.77
171.68
171.14
170.16
169.08
183.48
186.52
185.37
186.72
191.06
208.9
223.21
226.76
234.02
238.67
239.29
233.35
238.66
221.74
207.52
200.69
185.8
178.14
175.2
176.47
171.55
170.64
170.22
167.53
168.62
169.29
184.86
185.69
194.44
208.38
218.82
224.74
228.08
235.68
225.24
224.84
221.0
216.52
204.55
203.03
187.8
180.22
173.96
170.45
169.96
167.18
165.93
167.89
164.98
169.52
181.65
183.34
188.68
205.97
223.83
220.12
219.84
217.8
229.83
221.08
224.99
215.45
205.57
205.3
183.8
176.81
174.98
174.85
172.05
173.43
167.41
169.21
166.33
169.46
186.25
187.99
195.45
210.13
226.72
225.77
231.74
229.03
229.24
227.42
227.26
220.13
214.52
205.72
188.17
181.12
179.21
176.66
175.51
178.57
175.11
175.31
174.62
175.27
189.96
191.3
206.49
218.06
228.91
224.49
223.3
220.88
222.39
229.08
230.43
220.66
208.29
203.21
188.07
181.09
179.16
176.45
172.78
172.76
171.1
175.38
170.43
167.94
176.82
185.73
188.48
194.42
196.82
196.89
195.58
207.46
207.52
201.64
190.87
189.76
191.65
189.11
173.17
169.09
172.04
166.72
176.11
168.67
169.47
169.48
167.92
166.47
170.91
185.68
178.38
180.62
188.44
186.96
187.97
189.59
188.82
186.3
188.9
188.08
185.19
185.22
173.4
170.52
172.54
169.39
170.73
173.76
170.42
169.61
181.3
184.58
183.86
185.97
199.12
214.39
215.13
229.76
225.73
222.02
217.23
211.13
204.72
197.6
190.97
194.52
177.54
166.85
165.47
167.11
166.94
166.5
164.37
164.33
165.3
165.86
181.22
178.47
187.24
200.99
213.03
215.5
230.38
228.85
223.0
224.19
233.45
214.64
203.44
197.83
180.66
174.47
172.13
168.24
167.95
169.52
170.52
166.88
167.67
167.42
187.07
186.43
195.82
210.21
219.53
221.27
223.3
220.54
223.86
222.25
220.92
214.36
206.58
204.82
182.17
173.83
171.56
172.64
171.7
172.96
169.76
168.68
163.43
169.69
186.1
187.29
193.68
214.35
225.33
234.19
238.76
238.04
235.02
239.25
233.03
221.12
200.42
198.93
184.33
171.79
171.04
169.98
167.72
171.4
170.05
168.73
167.16
167.79
185.39
184.98
193.79
214.01
230.19
227.78
238.96
238.07
242.52
243.47
235.44
232.23
213.3
209.09
196.45
183.72
179.06
179.07
175.31
171.56
166.03
166.58
166.46
165.51
170.56
186.87
185.35
189.19
190.35
188.37
191.89
190.68
191.92
190.81
188.11
186.78
188.34
187.61
173.22
167.54
170.64
172.17
171.11
170.97
170.67
167.71
171.49
168.01
172.74
187.84
186.62
184.46
189.05
187.07
187.26
188.9
190.71
192.09
193.02
188.63
189.1
186.33
176.16
170.24
172.64
169.95
171.91
167.41
170.9
168.03
180.32
186.18
183.3
182.24
196.79
209.74
197.3
238.92
235.57
229.56
228.52
229.58
230.13
216.56
212.92
207.26
188.18
183.43
187.3
182.95
180.59
180.84
176.78
180.08
175.92
179.96
193.99
194.54
202.33
214.97
225.45
222.47
228.61
223.96
223.02
228.37
232.34
234.37
224.19
209.39
183.83
192.73
178.22
171.92
171.83
172.32
166.66
169.46
174.61
176.22
189.17
188.56
199.56
225.26
237.42
233.54
236.52
244.9
233.31
225.56
220.71
209.34
199.25
197.89
185.36
175.24
174.36
174.19
171.34
171.55
170.71
170.47
167.37
171.87
186.72
187.36
197.96
206.62
225.07
227.34
230.12
230.33
235.3
237.18
228.85
216.28
201.69
197.31
181.94
176.59
171.52
167.38
167.77
171.58
169.68
167.83
166.9
170.2
186.15
190.05
210.85
222.38
227.1
233.0
230.46
235.24
233.56
240.47
242.01
247.06
231.87
227.56
210.5
203.53
204.53
204.96
202.32
202.24
201.04
198.2
196.59
191.39
198.78
224.28
224.74
217.08
218.93
227.8
236.33
228.14
211.19
226.55
225.0
199.56
193.19
195.96
181.08
173.82
173.0
172.8
172.18
172.69
171.4
169.39
170.09
168.17
174.07
187.73
185.4
187.17
189.28
190.18
195.64
194.57
195.66
196.21
197.15
193.41
194.79
193.14
175.68
170.56
168.31
167.91
168.55
169.16
168.57
167.94
184.04
187.7
183.25
184.2
196.44
219.91
226.6
227.59
245.89
235.25
224.23
224.03
233.27
216.21
201.83
197.64
181.11
176.45
182.94
173.49
173.01
172.5
170.08
171.97
168.82
173.7
189.9
187.75
203.56
218.23
221.92
230.2825
233.5575
235.58
242.01
244.95
233.86
208.88
192.4
190.02
177.74
166.56
166.77
164.73
165.76
166.64
161.41
162.93
161.07
165.4
185.0
179.2
200.39
229.26
229.67
240.39
244.54
248.14
242.51
248.26
250.61
236.4
218.4
209.41
193.39
183.07
181.5
180.65
180.73
177.52
179.23
177.03
175.0
178.71
196.33
191.16
206.94
229.53
240.17
251.66
251.56
247.95
248.47
243.66
240.17
224.1
212.89
208.71
191.56
186.52
181.86
181.61
182.77
177.67
175.82
175.95
171.53
178.66
194.26
208.76
224.96
228.12
238.84
245.99
249.84
242.77
250.83
249.05
234.85
220.44
207.51
200.18
182.98
170.06
175.02
168.22
166.13
170.44
167.88
169.95
167.01
163.09
174.04
186.74
188.59
185.34
184.64
185.97
189.36
190.93
188.69
191.44
190.22
185.09
183.18
181.06
169.94
167.7
167.56
166.27
166.87
167.29
165.55
165.41
164.03
163.82
168.86
187.11
184.61
183.75
183.69
184.34
189.96
187.64
188.58
189.0
188.86
189.48
181.65
181.05
170.81
168.51
168.45
165.86
165.61
166.75
166.91
167.06
180.47
183.88
182.9
188.54
202.39
218.92
235.6
235.43
253.23
245.99
250.59
260.39
257.93
227.97
212.25
198.21
183.8
179.08
173.72
172.61
172.36
170.97
168.06
171.37
167.91
173.81
187.61
192.6
210.72
223.08
236.13
254.65
246.78
241.13
242.46
246.09
231.23
222.94
209.09
205.58
187.56
184.28
180.91
179.03
176.53
180.48
175.42
172.13
174.11
179.14
193.6
185.89
188.01
196.38
207.99
216.67
234.58
226.8
224.93
235.76
239.11
234.75
208.4
202.29
181.15
173.36
170.12
172.85
170.37
170.94
169.77
169.22
167.33
171.75
188.43
185.84
199.86
210.4
221.94
224.4
230.16
224.11
231.0
239.03
228.18
218.02
209.86
205.19
186.69
180.92
177.88
178.84
176.86
175.47
172.49
172.5
172.19
175.92
195.48
198.06
200.24
220.39
238.29
234.05
229.05
234.79
232.36
231.55
242.32
220.15
209.55
209.43
184.78
179.25
174.75
177.29
174.5
173.76
171.41
173.62
172.25
168.53
175.2
191.63
192.27
192.06
193.85
192.56
191.64
193.96
192.1
195.64
198.66
193.13
189.73
194.68
189.36
175.5
167.11
166.37
166.12
168.08
168.14
167.63
167.0
164.16
168.95
186.41
187.1
188.48
187.35
186.49
190.5
190.53
190.04
189.3
189.3
190.71
189.81
189.85
174.04
167.91
168.53
162.68
165.55
164.39
166.35
166.48
179.36
186.64
184.12
185.53
191.15
211.74
236.87
250.29
244.34
243.3
234.66
237.15
243.09
223.52
217.98
206.9
192.27
184.03
184.3
177.82
176.15
177.78
176.25
175.86
173.33
176.42
195.27
196.76
206.55
219.0
236.97
246.92
242.64
244.53
242.56
244.92
231.18
232.87
216.33
210.53
191.78
188.09
183.7
176.92
176.38
177.92
176.63
176.47
170.82
175.12
190.76
192.2
204.57
220.63
230.09
233.93
254.16
232.85
247.72
238.95
238.33
225.17
212.17
206.59
184.84
182.08
176.75
178.31
175.89
175.9
174.31
173.08
170.52
173.86
193.05
200.37
214.92
230.52
243.73
232.13
236.45
237.66
239.2
235.39
228.48
220.45
207.27
202.47
186.8
179.22
176.21
173.53
176.17
176.46
173.46
170.25
169.48
171.27
191.95
190.89
204.77
231.89
235.19
237.47
236.7
235.52
229.55
226.64
224.12
210.56
202.1
198.06
184.51
176.67
174.0
170.68
172.29
172.3
171.13
168.53
169.98
167.89
173.37
187.08
187.1
186.97
188.61
206.15
193.99
193.07
193.39
191.61
190.33
189.95
190.83
189.49
174.93
168.95
167.59
167.98
169.24
169.54
168.03
169.89
167.48
166.99
170.8
190.18
187.12
185.74
187.49
187.06
188.44
189.26
193.49
193.89
195.78
203.99
198.51
191.1
177.14
174.14
171.56
169.71
168.47
167.61
169.29
166.9
181.78
187.35
184.04
190.26
198.85
208.01
213.89
221.32
228.0
220.47
213.79
214.29
217.3
208.28
194.11
188.14
172.03
165.97
162.63
164.89
161.63
163.15
156.83
160.02
157.25
163.33
178.36
179.55
196.78
208.88
209.06
216.57
216.03
217.53
226.03
242.47
225.61
215.71
202.93
201.28
187.65
180.32
173.94
171.35
169.57
171.6
171.61
170.84
168.18
173.18
190.24
192.37
198.3
211.33
217.89
243.26
235.41
229.88
228.85
227.28
224.51
239.75
208.65
199.01
182.14
176.64
177.12
177.83
170.93
173.52
167.8
170.18
165.24
171.81
183.9
194.78
215.16
234.75
242.43
244.83
247.05
246.12
245.96
238.29
224.21
213.5
206.63
200.92
192.42
182.49
173.5
176.16
173.43
171.41
173.66
171.04
169.76
177.12
186.23
188.48
200.19
225.15
231.99
230.28
229.72
238.9
238.06
236.16
233.58
214.04
197.31
194.46
179.85
177.36
175.59
171.36
168.66
168.47
173.25
168.1
167.78
162.93
172.7
186.16
186.94
186.17
186.1
191.11
191.23
192.67
194.61
192.96
193.26
193.27
194.69
188.27
176.63
169.29
167.1
167.36
168.82
167.01
167.22
166.79
165.78
166.09
170.01
187.65
185.81
186.84
188.08
191.68
193.53
191.7
191.32
192.6
192.32
192.67
190.46
187.7
175.6
172.52
171.81
168.4
170.61
168.65
169.6
167.68
183.25
188.02
183.4
187.53
197.69
218.97
225.15
232.88
230.1
229.57
239.16
229.8
231.55
209.74
208.01
200.54
184.18
177.25
177.34
174.67
173.5
173.29
172.62
170.55
168.93
172.76
188.23
192.82
199.07
210.23
215.45
222.74
217.98
223.9
227.84
217.37
214.97
209.55
202.43
195.27
177.4
174.94
175.26
173.75
170.96
169.64
165.02
165.39
164.0
164.22
182.51
185.07
197.39
203.37
216.37
217.84
216.14
217.89
222.61
221.28
218.74
214.98
201.2
194.69
176.63
173.07
168.03
167.41
163.05
162.89
164.58
164.54
161.87
162.31
178.59
178.24
203.41
218.41
226.11
232.64
229.59
227.78
222.28
223.94
216.35
217.51
199.69
190.3
173.32
168.32
164.76
166.42
163.47
162.04
164.4
162.01
163.41
162.92
180.42
178.71
193.16
219.61
224.49
230.35
234.43
228.11
232.87
233.79
236.33
222.23
194.47
184.38
173.13
166.07
164.13
163.22
158.07
161.5
159.87
161.66
156.92
157.17
162.65
178.23
178.07
175.91
177.22
176.92
177.99
178.01
179.11
179.72
180.33
180.34
179.99
183.81
169.79
160.04
161.31
156.97
158.01
157.98
157.42
158.47
157.56
160.58
164.03
176.29
175.88
175.09
179.12
180.4
179.41
177.68
177.7
179.48
180.22
180.48
177.32
181.52
166.62
160.24
157.93
157.65
157.13
159.7
158.74
155.8
173.72
176.05
174.37
176.99
184.73
207.87
217.14
223.1
220.81
229.01
234.78
237.34
239.4
227.95
207.01
202.06
187.82
180.47
178.08
176.01
173.12
172.59
172.25
171.15
170.52
173.03
189.3
194.66
204.74
224.18
233.04
231.95
247.95
243.29
240.06
233.26
227.16
224.5
202.76
197.45
179.01
174.81
170.26
168.32
164.18
164.66
165.96
165.95
160.44
166.93
181.71
183.39
195.09
203.49
206.3
216.39
227.14
230.89
234.36
227.89
239.78
219.11
210.17
203.69
190.98
183.34
174.14
169.7
167.27
168.72
169.16
165.22
166.23
170.27
183.52
186.87
207.05
212.04
215.85
222.61
223.44
224.57
226.74
220.72
214.24
206.0
194.58
187.39
174.24
169.9
165.2
162.68
163.04
163.15
160.74
161.38
162.14
163.64
181.05
179.2
189.38
208.01
223.03
217.94
221.62
215.35
219.08
215.04
203.39
190.91
184.72
178.67
167.16
161.94
161.25
160.15
157.85
156.69
156.01
156.14
154.91
153.56
156.74
173.97
168.62
175.18
184.0825
187.37
187.965
187.77
187.9825
188.4075
187.7625
186.1375
184.915
184.705
175.78
168.6825
166.8675
165.5725
165.4
166.0625
166.335
166.615
166.7675
166.25
169.6475
181.295
182.875
180.995
181.225
181.8525
179.01
180.98
182.05
181.48
178.5
173.4
171.67
173.22
161.61
158.09
159.11
157.86
157.4
158.11
155.63
157.25
170.77
172.35
169.36
173.17
189.7
195.7
204.46
208.35
214.44
215.32
224.72
215.77
209.89
203.43
195.34
187.46
171.43
165.77
164.27
162.97
161.96
162.19
161.28
160.67
159.37
160.33
177.27
175.21
189.93
201.05
210.98
217.84
215.31
213.29
219.92
212.35
218.12
209.15
193.62
180.06
165.66
159.66
163.66
168.23
164.28
167.67
163.47
161.93
159.44
159.88
180.96
191.19
198.03
212.78
215.18
216.22
219.51
217.15
219.23
219.36
228.93
211.38
194.31
190.48
178.87
173.4
168.32
168.28
167.18
165.17
164.61
166.75
160.75
167.24
183.87
183.54
207.31
215.4
214.21
217.85
162.87
220.5
167.83
217.09
220.22
212.57
201.82
191.33
178.35
173.33
167.66
169.22
168.53
166.91
165.09
163.4
161.92
168.12
183.75
185.95
205.71
218.86
220.08
233.68
223.94
170.4
169.87
228.1
225.29
215.2
201.84
191.38
135.25
84.99
170.09
168.88
157.6
156.69
156.01
156.14
154.91
153.56
156.74
173.97
168.62
175.18
180.48
177.33
180.45
176.11
178.11
178.65
179.59
180.61
180.12
175.94
166.61
161.35
161.72
160.67
161.27
160.76
157.99
160.28
158.07
160.8
163.06
183.37
180.19
178.72
177.72
181.13
185.42
184.91
183.86
184.89
181.85
183.57
181.47
180.75
165.01
158.89
157.29
160.15
160.79
160.61
162.05
160.95
174.98
179.23
177.41
180.12
187.65
212.63
217.23
229.53
241.78
227.96
230.46
234.05
234.68
218.04
196.19
190.91
177.71
171.53
166.41
168.03
165.05
165.99
163.02
162.2
163.83
167.57
181.81
195.62
199.03
213.02
221.57
222.87
224.66
233.75
234.76
237.92
235.2
213.37
195.01
189.19
171.14
167.2
169.53
166.29
165.21
166.2
164.22
164.33
164.28
167.04
184.95
184.92
191.11
207.26
216.72
220.1
219.57
218.73
221.16
225.45
225.54
214.43
194.43
187.78
173.07
171.13
167.16
163.25
163.75
163.5
163.17
165.26
160.91
167.88
183.51
181.66
189.11
201.6
217.08
224.21
216.0
226.81
241.32
225.48
218.27
207.66
195.95
193.39
180.67
171.03
172.98
169.14
166.95
171.63
166.88
170.83
168.09
170.63
188.07
182.82
194.17
206.47
212.41
219.42
218.84
222.04
218.55
223.95
217.11
205.96
196.54
195.31
178.55
171.56
165.72
166.68
165.07
166.14
165.64
165.93
164.17
165.22
169.16
181.21
178.61
183.22
187.25
188.59
189.74
186.47
188.7
191.62
188.68
187.25
188.2
188.38
174.1
168.44
170.17
166.37
168.19
168.61
168.57
169.28
167.68
170.28
170.36
184.48
185.53
183.32
186.44
188.5
187.51
188.36
186.79
190.28
188.82
189.73
190.39
186.87
174.9
171.21
168.75
169.7
166.37
167.6
162.05
160.95
174.98
178.31
181.02
138.72
194.33
197.73
218.7775
224.37
220.43
219.92
217.28
217.43
216.1
208.05
196.1
191.86
184.98
179.04
176.51
172.36
168.94
164.16
164.96
159.1
158.9
160.69
184.71
184.75
188.44
212.43
233.29
225.95
232.4
231.7
237.92
233.19
228.09
222.83
198.11
182.53
170.51
166.2
172.31
174.6
171.31
170.88
170.98
162.1
160.54
160.23
176.82
180.46
189.59
205.47
227.78
226.46
222.52
220.84
226.38
226.05
228.21
217.86
201.87
190.07
176.26
165.46
164.74
163.78
160.4
161.67
152.27
152.16
153.29
161.94
180.46
179.1
190.31
207.26
224.7
241.56
229.45
239.3
232.09
225.97
221.5
193.38
178.32
167.95
186.8775
179.1175
176.0125
174.545
173.0025
172.845
171.7825
170.935
169.49
172.105
164.19
159.45
175.83
190.62
205.36
213.04
217.76
232.2
238.72
243.38
234.37
207.73
196.91
186.58
173.66
167.67
167.33
165.78
165.02
163.57
159.88
162.27
161.62
158.28
164.09
173.32
76.83
108.22
172.53
178.24
181.46
181.72
186.85
187.05
187.36
183.4
181.61
183.4
168.23
163.34
162.64
163.33
161.55
162.63
163.82
162.27
161.61
162.38
165.87
179.49
175.45
176.76
178.34
179.15
183.32
180.92
173.37
170.92
173.25
171.25
173.08
170.43
156.89
157.36
159.12
156.05
160.83
160.89
159.2
159.77
174.72
175.77
166.92
178.01
196.09
204.41
207.5
219.65
217.89
227.59
228.25
224.53
219.1
214.99
201.32
199.57
183.25
177.17
174.18
175.39
171.56
172.47
166.1
166.88
165.65
169.19
188.34
191.73
190.16
205.0
207.17
214.57
223.4
230.96
241.9
235.79
233.78
229.3
204.69
197.98
182.01
175.43
173.89
173.88
174.94
172.86
169.68
168.65
162.34
169.33
191.86
188.72
202.8
222.91
249.05
274.12
264.03
255.65
256.61
254.31
252.7
237.99
218.01
218.3
200.44
197.31
192.24
189.24
189.8
185.78
190.04
186.71
188.29
187.61
205.58
204.35
215.53
240.07
244.79
261.84
256.7
253.97
250.57
251.88
251.68
241.99
219.72
213.84
195.67
189.37
185.5
186.35
182.74
184.75
180.53
178.69
172.0
178.69
193.76
197.09
204.36
223.45
246.74
239.4
237.89
237.07
238.54
238.63
247.29
230.39
218.68
221.95
200.88
190.2
189.32
188.1
185.5
182.5
185.54
182.51
184.96
186.06
187.28
201.24
189.21
194.99
200.9
207.63
205.38
199.22
194.88
198.91
201.22
207.66
207.98
207.87
190.84
188.85
185.3
185.21
178.54
186.52
182.98
186.2
184.75
182.32
188.81
204.15
202.3
203.19
205.15
204.62
207.6
211.17
213.0
210.92
207.98
206.5
206.92
198.55
190.59
187.17
189.79
185.14
186.29
187.58
184.3
184.89
182.11
184.77
182.56
185.47
184.88
190.72
195.05
194.78
198.25
202.95
205.51
204.98
205.0
203.16
194.83
192.83
193.78
189.78
191.5
188.46
190.96
187.51
189.07
189.16
186.37
194.19
206.57
213.13
226.17
236.07
241.03
252.79
260.48
247.86
254.8
255.1
254.71
245.92
221.67
216.0
202.9
195.9
198.74
190.74
187.69
191.62
194.5
192.02
188.87
190.55
209.86
215.27
211.94
228.65
246.67
245.6
256.86
248.84
255.85
252.41
243.0
234.05
214.92
208.94
197.45
198.14
190.51
194.55
188.66
190.6
188.33
183.66
184.29
182.31
198.08
206.71
222.59
237.06
248.3
246.33
265.78
256.53
251.49
261.36
251.5
245.78
223.27
220.68
203.81
199.27
200.62
196.84
200.31
192.69
194.58
191.52
192.45
195.23
212.59
214.55
225.99
245.33
261.17
257.76
252.12
260.14
260.11
251.87
248.31
237.58
213.2
207.28
191.25
186.71
188.6
190.89
180.16
180.15
177.08
187.91
184.03
187.84
191.95
196.68
198.11
198.26
202.43
201.72
197.9
198.67
201.37
200.0
200.69
203.33
200.32
202.02
186.96
185.63
180.79
187.64
184.97
179.39
179.04
174.94
185.35
183.22
193.11
209.34
211.11
206.81
212.0
207.71
209.73
201.61
200.46
203.56
203.15
205.39
201.53
200.62
181.74
179.14
179.2
184.86
185.22
185.51
185.76
183.98
200.55
205.41
206.74
205.48
216.57
234.3
249.16
259.51
251.52
257.68
250.39
243.95
256.31
237.93
212.41
210.43
193.74
186.02
183.99
178.34
179.77
182.58
178.61
173.44
180.96
183.43
202.95
204.53
208.96
244.31
244.54
263.68
252.3
245.47
254.63
258.29
245.09
229.8
217.5
212.75
191.79
189.31
186.19
188.4
183.74
187.31
183.98
182.26
183.0
187.83
205.6
205.35
222.8
241.33
260.9
260.06
275.69
250.5
247.22
249.94
247.18
232.29
219.44
204.57
186.7
181.71
181.3
181.56
175.77
179.82
176.8
175.89
173.85
181.51
197.74
197.11
210.86
231.31
240.21
244.25
242.13
235.65
239.03
231.48
227.43
217.38
205.32
201.6
190.04
181.98
182.43
182.14
180.91
181.08
177.59
177.79
175.02
181.56
199.44
202.73
209.17
220.98
228.78
234.33
238.34
237.12
238.63
252.28
232.98
240.86
225.09
211.46
195.66
188.89
187.7
181.66
184.31
180.62
178.55
176.47
175.52
178.24
181.37
199.01
195.35
197.65
196.18
194.78
197.61
197.74
198.11
195.28
199.45
197.41
196.61
196.71
179.08
176.99
174.64
176.03
174.53
178.33
178.65
175.91
175.64
175.44
183.37
198.09
197.96
195.36
194.38
198.56
194.32
196.77
195.61
195.36
196.36
192.02
188.42
196.3
180.64
176.6
177.4
177.2
174.22
174.35
174.49
175.18
192.02
195.56
193.55
195.97
205.61
220.92
237.58
243.27
249.66
256.82
246.43
240.88
250.72
237.25
221.38
214.04
200.26
192.94
190.03
192.5
188.76
190.47
192.06
188.14
186.87
190.56
209.39
214.06
227.53
243.53
248.55
253.42
255.49
261.8
260.58
261.25
250.88
241.76
226.53
220.58
204.23
196.4
190.07
190.19
185.84
185.92
188.35
186.45
185.27
189.54
207.43
207.77
217.86
236.88
245.75
246.24
243.6
238.83
240.8
242.93
238.36
229.48
214.83
207.22
195.18
184.94
180.75
185.32
181.18
180.01
181.95
180.94
180.17
183.94
200.84
203.7
215.89
234.72
246.71
254.0
253.52
264.06
254.31
252.9
247.55
231.78
222.03
219.73
196.61
187.25
183.15
182.9
181.67
181.48
177.76
180.13
177.04
182.66
201.0
202.33
209.99
245.15
253.05
246.98
246.66
244.94
248.94
253.49
243.27
230.16
208.03
204.63
190.2
181.91
184.93
178.01
176.77
180.2
177.98
176.19
177.89
175.49
180.62
199.51
196.49
195.47
196.57
190.99
192.18
205.2
203.5
202.74
195.27
201.92
203.72
201.5
192.19
182.86
182.97
183.39
178.86
181.57
181.19
182.21
181.95
181.22
187.78
204.2
203.03
203.5
199.4
201.19
201.6
203.33
205.64
202.7
199.96
201.06
198.95
201.57
186.92
185.23
183.91
181.01
184.97
182.18
182.48
183.09
195.69
203.56
205.86
204.11
216.27
231.89
249.79
253.31
248.8
248.13
258.7
263.42
252.77
244.05
222.17
214.78
190.37
186.05
188.71
183.49
184.07
186.36
179.2
183.77
182.0
182.98
204.96
206.59
216.53
241.17
254.13
254.96
262.02
251.51
255.48
271.45
261.19
246.55
225.2
215.56
204.55
197.05
194.69
190.84
184.77
190.08
186.43
185.84
183.52
182.98
204.96
206.59
221.98
238.83
250.26
257.5
260.8
266.68
250.02
239.31
246.12
227.2
214.93
205.56
187.9
182.68
182.82
179.17
176.57
178.97
177.83
176.34
174.23
177.98
198.67
200.42
200.15
211.86
216.03
233.95
231.73
231.85
235.2
232.54
226.73
217.54
214.39
208.27
194.2
186.39
185.94
179.17
176.57
178.97
177.83
176.34
174.23
177.98
198.67
200.42
204.17
212.56
235.48
229.69
232.66
235.92
223.94
224.5
220.84
216.62
212.35
206.52
186.89
184.99
183.46
181.9
182.37
179.73
180.36
178.18
178.41
178.75
184.15
202.3
201.38
201.24
200.25
202.73
197.53
199.9
199.97
197.99
196.67
199.95
192.77
195.73
180.4
175.87
180.25
175.5
177.29
176.35
176.71
178.47
177.7
175.91
183.17
199.57
202.31
197.2
199.3
199.96
198.92
199.28
198.81
198.02
201.09
201.7
199.6
199.19
181.52
179.99
179.89
177.74
178.4
179.71
176.04
177.89
193.02
201.79
202.59
200.63
208.29
217.87
222.13
231.16
231.77
227.83
231.39
231.76
225.1
222.71
215.4
212.44
196.56
186.64
186.22
183.85
183.2
184.74
182.25
182.91
182.43
182.98
204.96
206.59
221.98
238.83
250.26
258.78
236.61
237.37
249.39
236.13
235.14
222.56
214.37
204.72
189.44
185.17
186.5
183.92
181.94
180.98
180.96
182.71
179.42
182.51
204.55
204.7
202.37
225.79
228.7
230.41
235.82
226.79
240.48
242.55
231.07
221.37
216.54
211.54
192.72
189.14
188.9
184.28
183.63
188.0
184.49
184.02
182.62
187.95
208.14
213.17
215.74
223.04
238.2
245.54
246.18
242.84
242.83
242.17
250.69
238.24
224.83
214.64
195.15
190.57
191.63
188.34
183.97
189.03
187.89
186.21
185.16
191.6
210.56
211.91
219.03
223.62
233.89
231.38
233.44
231.26
222.31
235.38
226.08
216.85
210.23
201.63
184.47
180.54
178.84
176.34
175.0
173.11
172.05
173.92
170.18
170.11
175.66
191.75
194.69
192.54
193.25
200.09
201.53
199.1
199.18
200.47
198.1
197.0
196.94
193.76
178.96
172.72
171.63
174.44
174.7
172.12
173.66
174.64
170.64
173.19
177.39
194.01
195.23
195.18
192.17
195.01
194.87
195.33
199.55
201.16
203.55
202.17
197.01
193.99
182.47
175.92
175.78
176.26
170.82
172.89
173.31
170.62
188.67
198.58
195.43
199.3
210.21
225.26
235.59
241.24
238.96
246.88
245.65
255.66
260.37
248.8
224.11
216.92
204.27
195.63
189.82
188.82
186.65
187.54
189.41
184.17
184.23
190.58
206.88
215.06
223.96
242.9
252.75
248.69
249.88
249.82
251.8
246.36
254.81
241.1
221.85
213.01
199.84
192.3
191.38
185.57
187.13
184.52
188.37
185.37
182.94
189.31
207.12
208.83
214.52
230.55
235.97
249.86
243.89
243.55
249.06
246.02
242.31
230.47
221.87
216.04
201.09
193.55
192.13
191.23
189.54
189.3
187.86
186.72
187.02
191.18
210.53
213.77
217.07
226.52
241.45
252.15
259.85
251.42
250.19
253.97
236.73
230.74
218.66
211.37
195.83
188.43
184.67
184.71
180.91
179.19
181.62
182.57
179.05
182.23
180.59
178.58
196.4
193.69
199.55
201.71
201.11
197.73
198.13
199.08
199.19
193.51
189.36
187.66
187.79
188.28
186.33
182.67
184.62
183.25
183.13
182.41
182.63
185.06
187.47
208.05
207.02
206.34
206.4
205.78
206.63
206.67
200.11
196.48
203.97
202.71
195.7
195.66
179.88
180.21
175.91
171.68
169.86
174.81
174.4
172.18
173.68
172.83
178.22
197.4
195.2
191.36
194.89
197.1
195.63
195.17
195.48
193.48
195.38
194.51
194.12
195.9
189.03
182.99
184.37
186.2
184.24
181.8
180.32
179.92
200.2
203.38
199.77
203.2
211.29
242.36
241.89
242.61
250.93
244.86
245.64
246.09
247.33
236.28
221.67
217.96
202.98
195.67
194.88
195.98
192.25
192.62
192.95
187.72
188.96
193.26
212.37
211.77
222.79
242.54
246.03
246.73
255.94
244.9
248.26
252.0
248.37
234.86
215.01
205.91
192.03
185.87
184.16
183.61
180.71
180.86
179.92
178.47
178.77
182.81
203.56
210.57
219.06
239.89
244.71
245.24
255.62
252.59
256.11
261.41
249.15
250.62
234.3
214.92
200.49
191.67
188.72
183.05
182.34
189.12
187.37
190.93
189.23
191.72
208.96
205.73
225.45
240.45
262.02
263.46
263.0
258.98
257.26
255.6
255.06
244.46
222.52
217.27
205.43
195.97
194.21
193.9
191.36
185.35
191.9
187.07
180.44
186.18
203.58
202.71
203.66
223.82
252.87
259.29
259.96
252.44
253.31
254.83
240.31
231.99
219.37
217.0
199.63
195.12
194.92
191.97
189.27
189.49
190.37
189.62
188.94
188.37
194.65
214.02
214.31
212.84
209.25
215.26
211.75
212.07
212.36
209.14
203.53
203.77
206.15
205.15
199.56
189.85
189.53
187.66
188.5
190.0
190.27
190.26
192.22
190.29
193.86
212.21
206.81
202.92
202.78
201.0
206.04
206.33
203.44
201.8
204.35
202.24
200.87
197.36
185.83
183.83
188.59
186.46
187.77
187.94
188.63
188.04
202.4
209.03
209.84
212.13
226.71
241.01
251.15
255.97
257.31
259.96
257.72
255.8
254.61
245.33
225.06
214.11
197.85
193.96
193.32
190.38
189.47
190.66
188.03
186.07
184.37
190.15
209.39
212.23
221.25
238.66
245.81
252.72
253.82
256.52
254.66
253.14
249.68
241.34
224.3
216.17
201.89
194.59
194.51
194.76
193.38
191.26
191.83
193.97
189.2
194.18
211.09
220.28
227.3
246.6
248.34
257.63
262.72
262.98
261.28
259.29
258.36
249.54
232.28
217.54
205.13
197.09
194.61
191.27
188.45
187.65
187.71
190.73
188.3
192.0
212.99
212.52
219.61
239.03
250.65
251.6
250.73
251.12
250.57
257.05
249.06
235.12
226.41
218.85
207.24
201.04
198.87
195.43
192.66
192.62
191.31
192.41
188.15
193.29
214.57
212.5
221.8
238.11
247.43
264.59
255.66
250.79
262.21
263.54
249.49
238.0
218.52
214.29
198.46
192.1
189.19
188.32
185.06
185.26
186.19
186.52
186.37
185.85
190.18
210.9
210.75
207.59
158.05
212.98
213.16
214.9
212.95
213.61
211.61
209.32
212.34
212.19
197.29
193.42
190.09
190.68
190.64
188.77
190.42
190.18
190.51
189.34
194.57
213.05
209.5
209.38
214.9
215.54
215.79
218.57
218.77
218.85
219.3
215.66
212.3
209.66
196.32
191.57
191.14
190.68
192.97
191.34
188.44
186.44
207.78
213.08
208.18
209.19
219.49
238.17
256.3
258.12
272.72
268.14
269.34
266.44
261.89
255.81
231.52
222.94
208.39
200.13
196.33
195.51
194.42
193.83
193.58
193.12
192.26
196.89
215.52
207.87
219.25
240.83
252.39
249.75
254.96
255.48
255.0
264.39
265.35
247.05
221.0
211.23
194.33
189.08
188.09
186.54
180.07
181.95
180.66
182.24
180.52
181.46
201.72
199.34
204.52
226.0
237.0
242.09
243.57
246.46
247.64
244.04
239.34
229.74
210.21
204.52
190.82
186.5
186.57
184.23
180.63
176.36
173.99
170.12
168.3
171.95
188.96
190.81
197.6
223.99
234.28
239.54
244.53
246.29
248.49
256.64
248.21
256.32
210.62
203.56
188.6
186.87
183.72
183.02
182.05
181.97
182.27
181.75
179.08
182.46
204.25
204.51
210.67
230.97
244.9
249.19
248.09
245.51
245.25
243.61
239.09
248.19
223.29
206.97
186.65
178.67
173.98
174.83
172.88
172.92
173.88
169.35
168.0
166.78
174.88
192.12
186.09
185.69
184.51
185.2
186.96
186.95
187.81
189.86
189.57
189.48
187.44
185.04
171.38
170.37
171.02
167.7
166.7
166.32
167.05
163.86
164.98
167.58
173.08
185.41
183.37
182.34
182.34
183.01
187.52
186.97
193.12
193.55
191.22
185.57
184.67
187.8
170.32
168.98
167.65
171.62
172.31
172.22
174.18
173.81
190.82
196.86
193.57
194.67
202.84
211.49
226.79
235.9
241.46
236.32
231.23
228.15
230.75
219.56
212.31
202.49
188.21
179.2
177.21
177.57
174.23
171.81
170.43
172.27
172.58
173.27
193.59
196.05
208.98
221.61
225.65
225.01
224.39
229.91
235.86
245.87
217.45
206.73
202.74
199.5
178.06
172.46
169.69
166.43
166.82
169.37
168.68
166.53
164.1
168.69
189.21
190.94
197.29
206.15
212.45
218.76
217.77
222.87
229.3
239.34
230.46
218.89
207.64
200.94
189.4
184.44
180.76
182.18
178.95
179.54
177.48
176.4
176.33
180.66
199.57
199.83
207.44
222.84
227.98
232.16
228.66
226.42
230.38
232.24
229.22
221.18
210.19
200.53
186.4
181.45
182.05
181.42
179.29
178.99
179.8
179.56
178.96
180.94
201.12
202.84
208.86
217.35
226.5
229.6
227.36
225.88
229.24
224.05
220.75
215.18
202.98
199.95
181.17
174.56
173.55
173.28
173.57
172.13
170.52
170.52
171.45
170.01
175.63
193.52
191.21
195.53
197.06
197.37
200.22
203.28
202.15
201.44
201.53
200.34
193.4
189.8
176.41
170.13
170.93
170.56
170.05
171.4
170.25
170.0
169.95
171.04
176.58
195.87
191.46
190.36
189.13
190.13
191.21
193.25
192.78
192.71
192.98
193.65
191.62
189.73
180.25
174.63
174.51
173.04
171.01
170.38
171.55
173.15
187.49
194.69
194.21
192.45
196.92
207.45
217.31
221.54
234.15
233.98
228.87
224.15
226.64
215.38
202.53
200.32
184.81
179.85
177.33
173.98
173.06
173.83
172.16
171.13
171.61
176.28
195.66
197.61
215.94
224.54
232.79
238.57
234.33
247.15
238.72
235.19
228.02
219.22
211.31
206.97
193.42
189.09
187.91
176.23
172.13
172.63
173.01
171.22
169.23
168.96
191.05
195.02
204.47
219.02
228.19
223.99
220.75
225.13
223.73
230.23
251.51
220.05
202.89
198.85
182.03
175.7
177.86
172.11
168.97
169.63
169.16
170.72
172.15
173.25
194.27
197.7
212.89
224.05
227.31
240.71
247.57
243.99
253.73
250.68
242.58
234.39
219.14
209.07
192.76
187.2
187.65
184.62
182.56
184.79
180.54
182.68
182.07
186.99
205.07
209.27
213.43
228.47
235.03
235.92
237.05
237.07
236.73
238.72
243.66
224.64
214.91
205.88
192.0
186.57
181.32
182.99
182.63
183.77
181.72
183.31
179.03
179.84
184.9
203.18
200.47
198.95
203.55
204.4
205.47
203.79
204.97
207.66
209.63
202.59
203.4
201.62
184.89
183.93
181.65
177.52
179.24
180.12
182.56
181.27
177.77
180.77
185.85
202.64
199.48
199.41
203.07
200.31
201.2
201.9
198.92
197.19
196.62
196.48
196.51
202.13
187.39
181.7
181.76
180.93
179.67
179.18
178.81
176.88
192.77
201.63
201.9
204.69
220.77
232.52
237.63
245.4
248.33
250.02
242.71
250.46
247.09
231.42
215.89
210.1
196.61
188.74
188.02
183.44
184.84
182.01
183.57
182.37
180.4
185.07
205.75
210.41
219.08
228.07
233.38
236.32
237.43
235.43
239.21
241.15
248.98
238.98
224.28
211.34
197.43
189.31
184.83
186.71
185.08
186.76
184.12
183.89
181.64
187.97
206.71
200.73
207.7
220.97
232.78
245.92
245.38
240.09
241.96
239.24
248.53
235.53
214.76
208.49
194.4
187.26
184.43
182.09
180.02
181.3
181.02
180.7
179.09
183.39
203.69
206.04
209.14
221.43
237.93
235.28
244.42
244.87
238.97
228.07
226.78
215.46
201.02
191.54
177.64
167.32
164.46
163.49
163.4
163.42
163.19
161.39
160.63
165.14
184.94
186.81
194.06
208.17
227.73
233.36
229.06
230.67
234.41
241.04
241.66
229.77
210.05
202.17
187.04
181.3
177.63
177.62
177.4
177.2
178.72
177.21
175.42
181.2
179.88
197.34
196.3
197.71
196.85
199.27
199.95
200.65
201.16
197.59
196.32
194.21
193.68
195.0
184.51
178.34
176.42
174.68
176.96
175.61
174.44
174.14
173.9
175.04
179.74
197.72
196.15
194.35
192.64
195.28
198.0
197.49
198.71
197.51
196.53
197.7
196.89
198.01
183.63
178.5
176.4
174.83
172.5
173.21
172.81
174.56
190.72
70.06
91.74
198.08
205.05
222.11
241.57
234.97
243.82
235.99
250.92
240.98
235.12
230.95
213.45
208.19
189.68
180.32
178.35
176.24
175.5
178.01
177.03
177.22
174.63
177.82
199.54
199.63
205.92
217.83
228.14
230.92
234.45
234.44
240.67
251.95
242.36
235.7
212.33
207.03
190.31
185.19
181.44
178.76
176.57
177.26
175.74
175.31
174.42
177.56
199.07
197.34
219.66
226.95
232.73
238.99
243.06
244.82
240.71
244.46
241.05
234.13
221.67
213.39
194.97
186.01
183.47
179.65
179.08
179.88
177.79
178.21
178.27
183.18
201.79
201.2
205.54
223.06
234.38
238.06
237.24
238.57
250.19
236.06
237.9
221.91
206.34
204.05
188.89
180.2
176.24
173.02
172.64
173.45
172.54
172.39
171.07
174.98
195.88
193.97
199.97
218.93
229.69
231.86
233.54
232.35
229.55
230.23
225.33
217.11
209.72
202.45
182.28
175.07
171.04
168.78
169.23
169.96
169.59
168.85
165.52
165.64
170.45
190.77
185.27
187.71
187.53
188.54
189.94
188.92
190.48
191.11
191.38
190.24
191.04
189.72
175.09
171.2
168.78
168.5
167.0
167.17
167.65
168.92
167.62
166.9
172.61
190.91
188.8
187.32
188.18
188.39
190.95
190.25
193.37
194.25
193.69
192.04
192.97
190.36
178.36
171.76
171.56
169.96
169.05
166.92
167.54
168.44
183.99
188.49
188.86
190.22
198.36
211.06
222.2
241.75
232.9
238.44
234.99
229.34
226.46
224.57
207.21
197.13
182.29
173.89
172.88
168.96
168.65
169.87
170.15
172.38
170.23
173.88
195.56
194.97
205.78
224.9
233.72
244.39
234.5
232.81
230.14
240.37
229.48
231.05
213.01
198.08
182.73
177.0
175.46
175.32
174.29
175.06
174.09
174.01
171.21
175.28
193.49
194.87
209.12
229.16
230.21
240.44
233.65
234.16
240.45
237.44
238.56
235.01
218.58
223.54
196.55
184.72
181.53
181.95
178.04
180.59
178.61
178.04
175.99
181.41
202.09
203.24
209.62
226.56
230.35
238.31
245.5
235.86
239.16
237.17
243.73
230.59
214.51
208.81
196.33
186.66
183.63
184.36
181.42
182.12
178.66
179.9
178.7
182.98
203.08
200.03
201.86
218.01
227.14
235.33
240.23
238.91
230.16
229.14
236.62
216.99
202.05
205.88
189.96
177.53
171.49
169.24
166.35
165.84
164.43
165.15
163.12
162.5
168.81
185.95
185.06
184.69
186.53
186.33
186.54
185.88
186.3
186.82
188.21
189.84
188.14
186.65
170.9
165.21
163.73
163.94
163.36
164.24
163.92
164.22
165.4
164.86
169.12
187.09
188.0
184.6
183.59
185.23
185.34
187.01
188.89
199.87
200.23
197.39
186.44
185.44
172.9
166.75
166.03
164.35
164.23
164.45
165.19
163.79
179.97
187.54
187.84
189.24
193.82
213.13
224.15
229.38
239.88
233.15
226.5
235.85
228.02
228.7
207.22
188.88
172.82
163.97
159.83
158.51
157.91
159.63
158.16
157.9
156.45
150.18
160.62
160.47
168.75
188.53
204.85
211.33
228.23
228.99
236.85
234.65
235.15
216.33
211.43
194.37
176.53
164.7
160.42
159.19
158.6
159.47
157.43
157.58
154.43
159.79
178.79
181.0
189.8
205.46
212.95
216.01
214.66
216.3
217.06
218.44
215.77
210.18
198.07
183.39
165.6
156.46
154.67
146.93
145.94
154.48
151.87
146.55
146.36
149.84
170.34
172.26
181.11
199.15
209.14
214.75
214.27
215.51
243.97
230.84
220.07
212.16
198.56
188.33
172.02
163.73
160.77
160.33
158.52
152.97
151.28
154.08
153.54
152.27
175.45
176.02
176.11
199.28
215.75
221.22
246.33
232.01
224.7
219.01
210.82
202.54
192.78
189.34
174.47
168.0
163.41
163.32
162.47
162.74
160.17
156.25
159.38
159.02
164.36
183.51
180.41
180.67
179.35
185.11
185.77
185.7
183.11
185.67
185.77
180.69
172.3
175.01
162.8
154.8
155.22
156.45
157.68
156.58
158.62
154.07
152.59
152.84
156.8
176.33
173.53
174.89
174.75
175.85
179.08
183.58
185.19
187.91
185.6
184.73
182.78
187.05
173.44
165.26
162.77
163.81
164.41
164.16
163.55
162.68
161.32
161.06
162.65
160.65
162.08
162.71
168.91
174.47
174.76
175.81
178.27
176.07
174.56
173.63
169.23
169.69
169.77
167.94
167.63
167.11
167.69
167.94
166.57
164.52
164.1
169.05
189.42
189.99
193.91
212.71
217.17
225.3
255.17
243.69
249.24
244.16
241.16
227.93
210.8
202.69
181.94
175.23
171.82
170.41
166.58
167.5
166.53
169.43
165.23
167.78
188.37
194.42
201.38
224.09
238.75
235.45
232.84
231.93
233.83
234.53
234.69
219.86
206.6
198.44
182.55
175.34
176.53
173.93
170.9
166.96
162.83
166.5
166.5
171.96
191.32
190.99
196.6
208.92
220.9
231.68
233.12
223.48
225.27
228.39
213.88
198.17
191.67
186.82
171.56
161.69
160.57
160.37
158.26
156.81
148.54
153.1
151.19
162.07
181.24
183.93
186.13
197.43
211.15
210.37
210.02
205.13
206.88
219.29
214.77
206.54
193.33
182.89
167.86
159.0
155.85
155.96
154.56
154.73
155.04
147.93
144.87
149.38
151.56
173.86
176.2
172.87
175.15
185.32
172.26
169.55
169.12
172.01
169.26
170.78
176.24
176.33
162.56
159.96
158.45
159.01
157.4
152.91
154.46
150.04
149.76
152.28
157.48
178.78
177.87
175.68
173.99
182.05
182.44
180.87
181.37
175.03
169.1
165.05
169.63
166.48
153.91
154.9
159.06
158.18
155.2
158.58
155.47
153.51
171.02
180.9
175.93
178.43
187.3
202.56
208.57
213.9
217.83
218.45
230.51
227.95
233.14
215.72
198.48
187.68
170.53
163.01
162.89
159.58
159.27
158.83
160.08
160.56
160.2
162.49
176.51
178.75
186.34
206.04
214.83
227.6
245.27
232.06
238.18
237.17
236.03
227.14
212.45
204.82
189.83
184.75
181.11
179.31
163.58
164.97
164.41
167.91
158.48
167.19
191.35
191.84
195.66
216.05
225.95
234.4
243.4
246.14
242.43
248.24
244.0
225.62
212.63
201.75
186.82
177.6
175.72
173.14
172.64
170.1
165.07
162.46
160.1
167.36
184.03
182.55
186.49
213.37
220.99
228.82
236.94
233.19
231.17
228.32
213.87
213.41
204.56
194.34
181.14
172.56
171.19
165.68
164.69
157.9
157.56
154.41
155.38
157.69
174.54
175.05
180.42
193.79
206.6
215.02
223.66
231.02
241.19
246.25
232.84
217.38
209.65
197.95
183.19
177.69
171.2
162.5
159.63
162.8
160.28
158.08
161.31
159.07
160.93
177.89
178.03
180.62
180.07
179.77
179.86
185.99
186.05
183.52
193.14
191.22
189.73
186.64
168.25
165.05
164.77
165.33
167.35
164.26
161.84
160.07
162.2
162.35
170.35
186.01
185.45
183.32
185.35
185.09
184.01
183.43
196.71
197.09
198.97
197.34
194.67
194.83
180.02
175.25
177.18
173.48
175.57
172.4
175.17
172.25
187.9
195.99
197.5
195.09
205.09
221.81
231.03
221.94
224.97
227.46
225.16
229.47
243.63
208.56
199.32
199.41
179.76
171.79
172.65
167.09
167.82
169.8
165.57
165.35
162.87
159.39
184.05
187.2
188.56
199.11
215.27
228.46
233.59
243.87
254.14
246.87
230.16
226.75
217.73
209.31
195.78
185.0
182.66
173.02
170.0
167.26
169.65
164.21
165.17
172.59
198.11
193.98
202.94
219.12
228.84
235.16
234.8
228.17
229.48
231.51
240.33
232.44
215.46
204.86
191.51
184.38
174.5
169.4
166.6
169.01
161.27
163.15
164.57
170.04
183.15
183.39
193.03
208.51
228.84
235.16
234.8
228.17
229.48
231.51
229.12
220.26
217.62
208.2
191.33
181.43
177.95
168.87
170.24
166.65
166.17
166.6
167.13
165.25
184.97
189.44
196.4
205.95
214.81
221.88
219.02
230.14
228.42
238.62
227.01
214.6
209.42
207.52
190.71
181.99
178.54
177.81
169.7
164.66
164.1
167.74
165.09
163.11
166.47
187.75
195.79
195.64
188.53
190.55
185.98
189.1
192.45
191.54
194.39
191.18
195.08
198.44
181.2
174.18
172.1
165.95
168.53
167.47
164.49
163.49
161.87
165.71
169.22
186.92
184.81
183.71
186.51
185.61
191.24
191.06
190.9
189.81
191.91
186.63
184.16
188.75
174.49
166.96
171.3
168.54
165.35
168.19
164.36
165.6
180.13
187.36
188.18
186.08
195.82
211.73
219.59
237.73
242.02
237.98
231.61
232.25
246.11
238.76
224.15
212.14
187.8
177.65
180.88
173.58
169.04
166.68
168.23
169.51
166.12
167.46
188.39
189.96
196.33
204.88
215.19
226.39
232.55
239.34
242.64
235.35
248.13
232.04
217.01
209.41
193.7
185.73
181.15
182.39
172.2
176.66
170.97
171.32
165.51
174.24
188.68
185.51
195.35
211.63
215.79
221.08
235.18
230.95
223.05
230.42
226.91
223.23
209.45
200.88
187.73
177.85
171.27
166.38
165.08
164.6
163.9
163.43
164.33
165.78
177.29
187.09
186.01
198.22
220.42
217.72
227.35
226.12
237.27
226.21
213.49
205.92
199.96
193.19
180.46
175.14
176.86
175.46
172.63
167.62
165.53
167.61
163.52
167.02
190.56
188.41
194.07
205.64
222.06
221.59
239.82
239.82
228.39
234.41
241.89
231.83
205.33
199.33
184.3
165.58
164.11
160.16
159.3
156.62
158.99
160.52
157.32
157.32
163.13
182.13
179.15
177.42
176.8
185.09
180.66
179.08
182.21
177.44
176.02
179.95
180.16
175.39
163.25
156.14
162.53
158.77
157.36
156.77
169.31
169.25
160.97
157.97
165.93
179.23
184.34
190.5
194.85
190.77
183.74
184.97
189.74
185.97
189.49
188.04
194.17
194.72
179.16
178.14
173.03
169.21
164.5
164.81
163.26
163.85
177.15
189.77
193.44
196.46
209.48
217.39
231.99
231.38
232.58
234.51
238.36
259.06
234.77
220.35
197.2
196.16
186.49
173.46
164.15
170.06
171.75
175.33
172.39
171.27
174.63
173.52
185.75
188.77
205.34
213.79
226.04
238.87
231.46
234.84
239.2
231.76
241.33
225.01
214.78
198.78
186.4
177.64
175.49
170.84
167.13
167.91
171.22
166.28
165.95
166.84
182.05
184.94
186.44
198.42
214.47
216.44
218.84
216.53
220.7
223.15
220.4
208.49
200.95
192.11
172.72
166.53
172.19
161.23
160.56
158.9
159.38
159.27
158.0
163.69
182.84
175.38
184.45
203.31
211.26
222.9
225.69
223.64
229.01
234.41
231.56
221.32
191.79
185.02
177.18
168.08
169.28
165.02
154.87
150.33
151.54
155.62
147.48
151.29
169.79
167.98
173.68
179.03
190.3
197.67
210.44
211.69
208.14
204.51
210.93
189.19
177.25
171.75
160.78
151.87
153.73
152.51
153.57
150.08
151.0
151.74
149.24
147.55
153.83
167.68
167.02
166.38
169.76
168.6
179.05
177.75
173.01
167.84
168.9
172.13
172.25
168.54
153.46
151.35
152.14
149.44
150.4
151.09
149.22
148.9
151.65
148.16
153.8
175.91
177.25
176.45
172.51
168.55
172.97
184.36
179.59
185.14
177.7
179.77
179.4
178.28
166.97
161.18
154.06
151.73
149.37
151.41
155.57
158.42
174.45
182.54
178.58
172.25
181.29
184.8
199.29
213.26
214.65
209.26
217.68
214.0
212.59
207.07
193.15
185.96
172.66
159.82
167.57
163.83
161.01
160.65
162.6
162.52
158.06
164.27
182.87
177.57
179.19
195.06
209.1
213.22
218.32
225.3
223.28
217.8
219.36
215.87
203.95
193.82
178.7
170.7
171.85
166.05
153.7
150.46
152.62
154.43
148.91
152.7
170.11
171.74
173.5
189.84
209.9
213.83
225.9
227.99
218.36
215.21
217.83
209.96
199.92
198.29
180.95
172.82
170.77
166.2
152.93
151.07
153.59
150.04
148.01
157.85
171.57
177.29
187.33
201.14
202.9
205.53
223.24
239.31
231.49
231.08
230.97
223.29
203.5
199.3
187.07
175.74
177.16
172.18
160.01
159.23
159.46
161.74
156.54
159.48
178.5
183.73
192.1
207.56
222.57
225.69
236.47
239.06
233.87
236.53
237.39
222.2
203.26
200.1
179.57
176.07
169.44
165.08
160.24
159.76
160.12
167.14
163.75
156.89
162.57
180.2
181.39
178.77
178.52
181.08
180.88
182.77
184.1
186.83
186.99
182.0
180.58
186.45
181.01
172.17
168.57
165.62
163.77
163.52
160.47
166.55
160.78
159.73
165.46
180.02
181.68
185.08
186.69
189.51
189.17
195.75
203.65
191.56
190.65
191.21
188.38
188.31
181.29
170.75
171.2
171.45
173.13
171.46
167.81
167.2
185.98
188.5
183.69
183.56
202.27
226.95
233.8
241.85
240.25
243.85
244.15
253.41
235.56
230.45
220.07
196.74
184.7
177.59
175.88
174.21
163.04
163.27
161.27
161.85
159.83
166.22
183.66
184.61
194.76
206.81
223.3
225.09
225.01
236.07
228.17
227.5
226.94
233.25
209.88
195.47
186.46
176.54
176.98
174.75
176.0
173.41
171.64
173.83
172.88
173.31
190.9
187.6
192.79
204.66
213.54
218.6
215.17
224.23
221.96
227.89
215.75
214.43
205.25
200.07
180.71
175.56
164.77
160.75
165.11
165.11
161.12
160.36
164.99
162.02
176.04
181.82
186.89
205.32
215.46
222.65
229.27
228.76
231.78
237.99
228.87
208.16
195.41
189.9
180.42
176.87
171.2
163.58
163.22
162.42
159.24
159.47
154.57
157.13
177.12
174.98
178.09
202.26
213.18
221.38
227.48
232.67
248.22
243.69
244.35
221.71
212.58
203.2
192.89
179.04
178.85
175.1
164.67
162.28
161.38
164.8
158.83
158.4
167.03
179.05
180.67
179.89
179.43
179.85
185.78
183.2
184.65
179.41
182.61
181.11
177.89
184.72
167.07
169.39
172.49
166.22
163.03
161.25
159.01
159.69
157.08
158.71
164.4
179.11
179.31
177.32
180.59
184.22
183.45
181.48
182.51
185.54
182.04
183.04
179.05
178.05
168.91
159.35
156.78
157.89
161.98
160.44
163.17
160.37
176.96
180.77
177.42
183.9
188.24
209.17
222.41
225.11
227.51
225.76
226.83
221.57
216.91
209.57
195.87
186.72
171.66
165.46
163.12
162.45
163.33
156.9
158.28
158.21
157.0
161.11
180.56
177.39
184.03
209.84
218.08
229.61
230.49
229.22
237.23
238.93
220.58
201.12
191.76
185.6
173.05
164.8
165.03
160.55
159.5
163.9
160.31
160.04
160.26
163.47
178.32
178.75
190.32
204.12
205.96
222.36
212.54
211.95
207.89
208.96
224.24
211.95
197.3
186.07
172.8
160.77
157.25
157.3
154.95
152.69
151.35
154.71
150.56
152.44
173.05
187.29
189.07
224.43
227.44
227.23
227.57
251.81
219.2
220.26
251.12
264.99
264.99
264.99
264.99
264.99
223.58
192.18
194.34
197.34
190.65
188.86
173.38
173.38
173.38
173.38
192.86
201.88
226.7
232.62
233.19
226.95
238.88
227.4
224.04
228.67
206.18
207.02
188.14
198.75
181.28
179.58
187.19
197.14
186.02
186.69
188.78
188.47
186.58
204.78
195.82
217.17
192.96
215.83
219.88
200.79
214.54
204.11
209.22
199.56
193.02
201.33
182.39
174.97
201.25
197.05
190.7
191.66
196.16
190.78
174.03
180.52
177.75
193.48
202.26
189.6
189.56
187.53
196.13
192.55
199.86
201.21
193.75
200.9
207.69
197.3
197.02
178.3
190.13
170.02
188.72
181.26
172.6
179.09
204.89
217.25
196.74
220.16
225.02
211.75
232.57
227.55
248.83
241.73
228.94
218.18
218.77
216.86
234.34
212.97
191.1
212.76
196.3
201.54
197.4
205.58
193.64
183.91
186.09
194.46
189.09
198.13
207.9
215.53
230.97
229.23
242.35
242.56
250.32
278.59
244.96
228.47
215.71
207.98
205.5
205.6
202.21
216.16
207.17
198.18
200.1
196.49
201.15
205.69
196.44
212.6
209.3
215.12
237.89
234.46
227.35
247.71
241.47
241.84
250.47
231.03
222.49
220.16
228.84
215.61
233.85
210.54
225.78
200.88
202.26
186.57
207.84
187.71
200.07
195.68
214.36
224.88
243.67
246.94
235.18
249.52
257.12
235.92
232.12
226.44
234.76
208.5
211.99
206.94
193.39
193.99
198.57
197.87
193.78
193.25
190.56
202.36
202.05
207.31
201.27
213.24
241.76
231.5
236.29
242.32
247.76
231.31
228.43
227.98
210.66
200.32
207.12
200.2
185.11
199.36
197.18
203.54
199.82
201.91
204.2
187.91
197.89
191.75
192.95
192.19
192.76
195.08
197.01
211.53
194.69
202.09
194.96
198.44
193.3
205.77
195.68
189.68
188.47
201.3
199.26
186.71
206.26
191.37
200.94
205.05
195.11
206.03
220.38
207.12
193.99
197.67
190.1
192.61
191.84
191.35
214.79
195.3
185.92
185.25
206.42
204.28
208.7
193.11
198.68
198.69
195.6
203.64
196.48
200.0
198.42
211.4
202.48
220.85
238.65
227.4
244.27
232.37
234.42
234.09
229.03
228.61
216.21
201.0
184.51
176.68
170.72
167.35
168.42
169.36
164.93
166.34
166.61
169.46
178.62
175.99
182.18
194.14
197.65
214.28
213.55
207.43
206.72
209.5
212.96
208.45
202.93
200.49
185.71
178.9
178.33
177.81
176.84
176.15
175.56
173.3
175.63
176.97
190.21
188.05
195.64
216.88
230.58
240.72
245.83
243.38
242.54
245.17
234.42
225.69
211.14
207.94
183.64
170.67
170.35
167.12
167.01
167.01
167.18
167.71
168.95
173.64
185.12
183.25
200.05
221.0
233.94
239.35
248.76
244.41
253.4
247.36
252.89
226.1
207.74
200.23
188.02
182.34
176.61
175.68
173.48
173.18
173.89
172.31
170.28
176.63
186.84
185.79
195.53
216.04
233.27
254.53
240.91
238.82
244.02
238.85
229.94
220.44
214.95
209.12
189.62
184.56
181.59
182.84
175.76
172.4
171.29
171.13
169.36
170.3
173.17
183.32
181.03
180.78
181.39
184.08
186.62
189.28
191.07
196.29
190.16
193.27
190.48
188.43
173.9
165.94
170.19
167.85
166.3
167.2
166.59
168.28
167.0
165.67
169.86
183.97
178.81
179.6
180.42
180.69
181.63
182.1
183.62
183.83
186.89
185.22
183.47
181.99
170.05
168.41
169.53
169.0
170.2
167.84
166.24
167.24
182.08
187.72
183.39
186.34
196.55
219.51
234.84
239.57
234.25
234.87
235.46
232.17
236.18
224.5
211.31
203.46
184.83
177.9
177.35
175.11
174.57
173.21
172.68
177.78
172.2
177.35
190.54
190.66
207.11
220.5
227.1
238.6
240.92
238.14
242.73
244.4
236.31
216.55
212.96
206.56
191.74
182.14
180.71
178.27
177.86
175.84
174.84
175.03
174.66
178.16
186.95
189.57
199.34
211.82
219.57
220.22
222.46
222.73
230.86
233.99
232.1
220.43
214.54
203.23
183.4
173.92
172.45
168.34
166.67
169.06
168.54
165.06
165.69
169.5
184.64
181.99
203.61
235.42
237.4
246.42
236.56
242.61
247.88
240.95
231.97
224.41
212.39
196.71
186.03
175.77
171.49
173.65
171.33
172.49
170.94
168.3
169.25
172.56
188.8
187.72
196.87
211.86
226.14
233.15
234.37
242.79
238.09
234.4
231.33
231.07
214.05
197.79
182.28
174.29
172.08
171.62
171.13
167.63
169.24
167.29
165.42
165.57
169.52
187.46
181.35
180.13
180.93
182.76
188.6
187.64
191.94
200.81
194.08
192.09
191.77
194.26
183.98
175.87
178.34
176.11
172.19
173.89
176.52
178.39
178.52
181.17
179.98
200.65
193.72
191.5
190.62
192.13
196.5
195.52
194.2
192.83
194.68
194.42
222.51
211.14
184.9
175.2
175.22
179.34
179.86
179.13
177.44
176.4
189.37
194.84
187.66
188.77
201.5
223.98
241.05
246.87
251.6
243.34
247.06
243.17
238.63
238.3
227.33
214.3
191.5
186.1
182.41
179.9
180.07
177.27
179.82
179.35
174.8
181.32
193.92
193.21
205.92
220.31
234.81
236.48
238.13
236.9
238.0
242.62
240.78
233.28
206.59
203.53
193.67
186.12
181.68
177.72
176.2
179.35
178.72
176.29
172.49
175.79
195.92
192.31
196.58
207.09
211.97
224.72
223.99
218.23
220.61
231.67
218.07
215.49
211.22
205.12
193.36
179.72
172.48
175.54
170.25
166.74
169.53
170.94
169.2
171.71
186.4
186.88
184.09
186.61
190.47
193.79
199.37
189.12
187.95
190.86
203.8
198.19
193.79
199.18
182.07
175.97
176.91
170.48
171.75
167.84
170.31
172.47
168.21
172.55
184.92
183.62
186.63
185.04
190.65
190.34
196.83
192.57
193.11
199.39
193.3
192.64
189.69
191.54
180.44
172.28
169.02
167.14
169.67
162.78
164.35
167.71
160.87
165.26
168.11
182.24
181.44
177.27
182.24
187.35
184.62
189.19
188.79
187.37
190.88
187.53
184.33
184.58
172.78
166.04
163.19
163.37
163.68
166.47
163.58
168.31
168.36
165.48
168.83
187.1
181.35
179.38
183.31
184.16
183.91
185.98
189.41
191.81
200.26
197.5
183.51
180.43
176.13
168.06
165.17
165.78
165.46
166.61
161.98
167.22
176.24
182.27
178.96
179.57
187.88
204.58
211.67
234.32
229.58
232.44
228.31
227.11
239.24
214.32
205.41
197.51
184.48
176.52
171.51
173.37
171.47
170.13
171.56
169.85
167.96
167.64
185.73
183.91
193.96
204.73
219.37
233.83
240.72
230.34
234.65
229.97
227.92
226.91
208.43
192.87
180.11
174.85
168.53
170.39
167.52
169.46
167.85
168.26
165.24
168.07
180.84
182.01
188.98
210.78
224.19
228.28
224.4
233.39
236.0
246.08
244.73
236.14
215.49
213.53
199.33
184.15
180.22
179.47
177.45
179.68
177.96
176.4
175.61
181.06
186.16
189.6
202.97
213.34
224.54
233.3
223.22
228.58
231.78
228.92
228.99
223.34
207.08
204.43
188.41
181.37
180.02
179.47
174.68
178.16
174.57
177.22
175.88
176.68
189.03
191.22
196.78
217.68
224.97
229.48
239.49
227.74
229.64
234.37
222.41
225.12
209.61
203.74
189.78
180.6
179.57
177.51
176.28
176.87
173.88
181.22
177.65
175.12
178.32
188.36
188.5
192.22
193.28
195.01
198.75
194.91
194.58
195.9
192.93
195.3
194.9
194.11
183.65
180.3
176.99
176.14
174.13
174.18
176.19
174.56
174.66
176.89
176.15
195.24
188.39
186.92
189.87
194.75
195.04
194.2
196.06
192.94
197.48
195.32
196.53
192.42
174.46
171.72
171.49
169.65
165.74
168.32
165.07
170.4
182.99
184.56
182.69
184.93
196.48
210.37
214.45
222.22
230.03
226.2
230.71
238.16
229.67
226.29
201.46
196.04
178.62
174.18
169.61
167.49
167.72
168.27
163.9
167.64
168.5
169.38
182.55
182.82
195.15
203.51
208.9
214.77
228.57
226.96
221.92
230.82
220.14
215.82
201.24
200.58
181.64
175.18
173.91
170.6
170.06
168.56
168.75
167.14
166.17
168.94
179.2
179.28
188.49
203.64
216.92
229.13
236.02
223.68
235.9
233.93
230.36
209.41
204.28
202.38
177.76
172.18
169.81
165.0
163.91
161.78
161.34
163.51
160.03
164.97
177.8
179.43
191.49
206.78
219.21
228.73
238.78
233.79
226.23
242.68
222.46
218.37
205.82
197.78
182.91
178.05
173.57
172.7
166.68
168.23
166.62
166.69
167.2
169.33
184.04
176.79
189.45
207.22
217.17
226.0
218.39
221.97
232.1
227.27
230.81
214.71
200.6
200.28
180.79
171.5
163.34
166.56
163.98
165.24
162.72
165.4
162.35
162.6
165.56
175.15
174.42
176.66
176.01
177.07
178.32
177.78
175.93
177.61
178.38
178.76
180.12
178.47
166.46
164.75
162.34
160.14
163.68
161.26
162.44
158.61
160.11
159.27
164.74
180.11
178.8
173.29
177.67
175.46
178.59
183.24
187.44
187.62
186.02
190.07
187.58
188.53
174.63
170.84
166.41
166.07
169.6
167.05
168.01
167.17
180.84
185.02
181.14
186.63
188.07
203.76
209.51
93.63
123.71
120.2925
116.8525
114.3775
67.23
113.9775
112.12
125.7525
113.9475
104.1425
106.7175
103.5575
102.3975
103.1475
101.3725
89.115
85.3175
77.0
69.765
67.95
93.445
108.19
116.0425
120.6775
121.3325
119.525
117.45
120.7375
120.605
116.2625
109.8475
117.5525
112.44
102.2425
97.8175
102.4725
97.9175
93.8675
95.3575
87.64
76.34
56.9875
66.1125
60.295
90.585
106.7075
110.915
110.8875
104.485
100.65
105.12
107.4925
105.6275
104.0675
99.1975
114.3275
109.6875
103.0425
95.3075
93.33
93.4625
91.74
85.775
74.4775
71.325
74.255
73.7
73.655
95.125
107.93
109.035
106.2875
106.75
110.285
104.0975
108.5525
112.325
111.05
98.79
113.2675
113.3
108.78
103.21
104.3075
103.5875
102.5625
104.1625
105.17
99.94
100.3325
107.2625
110.3425
114.3175
118.02
129.5525
149.2525
175.2775
186.75
189.915
191.8775
191.3225
170.0625
168.91
158.7375
140.0825
138.18
134.1525
127.9425
132.955
128.65
124.8175
132.795
132.0325
133.05
146.2325
150.0275
140.565
141.4625
147.0825
151.9375
153.365
154.3075
154.065
163.2125
162.765
156.6675
153.455
156.29
150.105
142.75
143.8625
141.39
134.035
130.64
128.3925
131.0
126.5575
126.9325
135.77
151.1375
143.45
145.0075
148.215
154.4825
154.6275
154.9525
156.85
156.8475
156.25
157.2575
159.4625
155.585
147.34
143.305
136.995
132.855
131.585
127.66
122.435
119.925
127.225
127.1275
125.955
135.6325
132.74
137.68
144.3225
140.5925
147.5925
151.3625
152.34
158.93
158.1325
136.0025
127.45
133.82
125.9625
124.2
121.1775
121.0775
121.77
119.7875
117.1925
115.645
115.3775
120.8125
122.3275
121.93
119.94
117.765
118.6075
117.41
122.41
123.54
121.7625
115.4375
110.47
112.25
112.9625
128.7975
129.3
128.7875
130.3125
130.79
133.07
135.4775
138.325
140.035
143.1475
147.9425
143.965
142.3225
135.46
142.43
151.9925
163.63
171.59
177.3975
173.67
172.215
173.125
170.505
157.345
161.47
148.015
137.6325
143.0725
143.1375
142.385
144.55
148.81
149.0375
145.5025
144.9475
141.79
141.1975
138.28
146.3925
157.075
168.8525
172.395
170.5175
167.4325
165.1
158.305
161.5425
153.15
151.77
140.7625
134.74
134.975
132.905
130.97
130.125
126.4675
128.0975
122.2125
124.755
125.3925
127.23
125.5575
127.22
129.8775
126.6425
123.1775
122.4125
127.6575
128.1725
117.71
106.8975
95.1925
115.1675
108.81
99.525
98.7175
97.34
95.6225
102.3475
102.6725
96.4625
88.8075
86.6375
73.6675
81.7225
101.965
110.9325
110.465
116.45
119.92
118.01
119.54
121.075
121.0
119.0375
117.655
115.045
108.1325
104.1925
103.86
103.255
102.4125
95.3925
102.225
105.89
100.01
92.67
63.6375
61.195
98.225
112.08
113.055
118.335
120.55
123.9275
129.755
130.8375
135.9725
130.285
121.8525
124.1675
113.8475
109.0525
105.895
100.26
100.995
98.265
98.585
100.7525
105.3675
93.115
94.865
100.575
109.1075
118.03
123.8125
115.225
111.0975
112.97
126.065
124.4525
119.78
110.8125
102.7675
109.2675
105.505
97.015
96.845
98.615
99.2975
97.4575
97.875
102.4525
106.245
107.325
110.2775
109.0775
108.66
107.395
109.9475
107.2
107.3375
106.2175
106.125
110.35
110.81
106.7975
101.8175
110.8075
112.645
102.5425
97.67
94.8975
91.1975
88.965
80.435
78.54
72.8625
74.3525
78.195
79.12
88.8425
95.8375
104.9275
103.8275
105.4325
102.3375
109.84
118.8275
115.8525
100.9
93.485
103.875
110.385
96.695
90.465
90.4825
88.7275
77.1475
76.7025
71.1325
84.025
84.9275
75.0525
64.66
87.5425
101.8825
104.8
102.1125
99.7
107.93
114.4225
121.8375
121.1575
108.84
100.5625
113.335
116.785
109.7275
105.7125
105.11
