475.2
472.8
452.4
475.8
459.8
460.0
478.8
508.8
568.2
646.9
696.5
713.3
719.9
720.4
721.6
723.4
709.6
654.9
599.1
573.2
554.4
560.8
519.0
487.0
483.0
478.5
472.5
469.0
474.5
468.5
485.5
499.0
564.5
629.5
674.5
701.0
707.0
710.0
729.0
723.5
711.0
664.0
612.5
567.0
561.5
538.5
528.0
493.0
478.0
462.5
476.0
474.0
469.5
459.0
464.5
501.5
550.5
633.5
689.0
701.0
712.5
706.0
708.5
715.5
697.5
648.0
603.0
557.0
559.5
540.0
512.5
508.5
468.5
489.5
463.5
471.0
459.5
483.5
460.0
489.5
551.5
614.5
693.5
683.5
664.5
719.0
701.0
720.0
695.0
631.5
602.0
554.0
552.0
525.0
524.0
477.5
482.5
461.5
476.5
454.5
462.5
476.0
462.5
496.0
553.0
602.5
659.0
681.5
699.5
690.0
717.0
695.5
708.0
647.5
602.0
560.5
554.5
547.0
522.0
510.5
473.0
497.0
487.0
482.5
460.0
484.5
454.0
495.5
460.0
497.5
483.0
525.5
499.0
513.5
528.5
517.0
506.5
533.5
513.0
496.5
486.5
489.0
479.5
458.5
459.0
459.5
463.0
479.0
472.5
461.5
477.5
490.0
491.0
486.0
516.0
511.5
533.0
519.0
534.0
522.0
530.5
503.0
521.5
533.5
507.5
502.5
470.5
459.0
472.5
463.5
463.0
449.0
454.5
457.0
458.0
504.0
551.5
619.5
684.5
690.0
732.5
731.0
718.0
717.0
710.5
662.0
604.0
585.0
553.0
557.5
532.0
486.0
492.5
483.0
479.5
458.0
471.0
469.5
489.5
509.5
548.0
623.0
677.0
680.5
732.0
722.5
733.0
734.0
724.5
669.0
616.5
582.0
566.0
555.5
532.5
490.5
496.5
488.5
489.5
496.5
472.0
497.5
501.5
526.0
589.0
649.5
699.5
714.5
720.5
733.5
720.0
721.0
712.0
663.5
609.5
588.0
562.5
556.0
520.5
488.0
480.0
465.0
479.5
463.5
475.0
480.5
489.0
492.5
571.5
623.0
671.5
701.0
724.0
720.5
712.0
715.5
699.5
659.5
601.5
568.0
553.5
550.0
520.0
492.5
508.800000001
532.4
495.3
533.9
489.2
535.8
518.100000001
552.0
615.5
686.5
748.9
772.2
782.8
783.7
779.5
770.4
757.3
707.3
656.6
619.1
600.9
573.8
557.4
543.6
520.1
517.8
499.0
515.3
514.8
494.0
514.7
538.7
534.8
543.5
546.3
542.2
572.4
563.2
586.6
589.9
574.8
598.8
565.6
566.2
552.1
538.9
520.9
514.6
442.5
445.0
444.0
454.5
458.0
454.5
462.5
488.0
492.0
483.0
500.5
513.5
520.0
522.0
518.5
510.0
518.0
524.5
522.5
519.0
516.0
504.0
489.5
477.5
486.5
477.5
478.5
455.5
479.0
454.5
487.5
487.5
571.0
622.5
655.5
681.0
692.0
686.5
678.5
669.0
672.0
626.0
587.0
563.0
543.0
545.5
505.5
457.5
466.0
450.5
462.5
441.0
463.0
467.0
461.0
482.5
520.5
607.5
623.5
654.5
664.5
675.0
686.0
690.5
669.5
611.0
574.0
545.5
535.5
537.5
511.5
483.0
471.5
472.5
472.5
470.5
464.5
460.0
466.5
487.5
562.0
614.0
663.0
676.0
697.5
709.5
697.5
693.5
691.0
646.0
602.5
569.5
554.0
556.5
515.5
498.5
478.0
464.0
460.5
462.0
463.5
449.0
493.5
505.0
557.0
615.5
664.5
695.5
708.5
707.5
695.5
691.5
678.5
639.0
599.0
565.0
543.5
540.5
507.0
489.5
480.1
475.8
469.3
475.8
463.2
481.1
475.600000001
502.899999999
565.4
631.8
681.0
704.9
718.7
715.6
723.4
712.0
708.9
657.3
600.7
565.7
556.8
542.8
521.6
503.2
449.2
395.5
441.2
479.5
477.7
479.3
476.800000001
494.9
492.5
509.3
506.2
518.8
521.0
525.6
538.6
538.7
534.2
538.2
523.8
513.7
509.4
500.0
485.6
474.8
391.5
395.5
394.0
392.0
382.5
383.5
387.0
396.5
399.0
400.0
410.0
411.0
417.0
418.0
420.0
422.5
423.0
422.5
420.0
418.5
412.0
402.5
395.0
389.5
415.5
387.0
387.5
387.5
383.5
381.0
393.0
405.5
576.5
587.5
592.0
590.0
607.0
606.5
600.5
598.5
586.0
567.5
543.0
509.0
490.5
487.5
467.5
455.0
443.5
441.5
427.0
442.0
434.0
425.5
446.0
455.0
503.0
540.0
553.5
563.5
565.0
567.5
558.5
551.5
555.5
538.5
516.0
498.5
495.5
471.0
458.0
421.5
417.800000001
412.5
416.3
412.4
407.899999999
402.2
414.2
439.6
493.7
532.4
565.4
573.100000001
579.8
580.2
574.5
572.399999999
565.0
533.3
499.600000001
471.1
468.3
458.1
438.8
431.8
390.799999999
391.4
387.5
391.3
386.6
390.1
401.8
409.9
421.8
425.7
430.0
432.9
433.0
439.9
435.7
443.1
435.4
437.6
435.2
431.6
423.1
413.1
396.6
395.0
393.799999999
391.4
386.5
391.3
384.100000001
388.6
400.8
405.4
420.8
427.2
431.0
436.9
439.0
446.9
443.2
452.100000001
445.399999999
442.600000001
444.2
439.6
426.600000001
419.6
398.600000001
397.0
437.2
405.5
395.5
396.5
450.9
454.2
450.0
468.7
464.2
480.5
478.0
487.5
488.399999999
490.3
503.2
502.5
498.2
504.0
492.0
483.899999999
479.2
470.5
458.6
450.6
384.0
405.0
397.5
395.5
396.0
397.0
406.0
422.0
417.0
418.5
421.5
431.0
432.5
440.5
425.0
432.5
429.0
445.0
424.0
425.5
428.5
399.5
395.5
400.5
412.0
407.0
410.5
400.0
413.0
399.5
413.5
442.5
463.0
464.5
463.5
473.0
474.5
474.0
471.5
487.5
501.5
471.5
456.0
446.5
446.5
440.0
415.5
434.0
436.0
422.0
421.0
417.5
409.5
425.5
426.0
450.5
474.5
493.5
495.5
503.0
489.0
495.5
500.5
517.0
500.0
463.0
461.0
456.0
457.0
443.0
430.0
434.5
466.2
464.2
469.9
466.6
461.0
458.7
470.0
491.5
548.100000001
598.9
637.7
644.5
656.100000001
660.6
656.4
655.8
647.7
608.7
567.399999999
539.600000001
526.2
515.9
487.6
478.2
445.3175
418.0
412.5
423.5
410.0
421.5
434.5
436.0
478.0
471.0
460.0
455.5
470.0
473.5
483.0
493.5
492.0
463.5
457.0
448.0
449.0
436.0
414.5
422.5
469.7
475.9
471.7
470.5
459.7
477.9
475.7
505.7
555.9
610.7
663.5
683.3
697.4
693.3
696.3
686.9
681.2
630.3
586.9
556.3
548.2
538.5
513.9
494.2
441.3
440.5
429.1
433.9
426.9
427.8
428.4
451.1
445.3
459.5
455.6
466.8
469.1
467.6
478.6
479.0
476.2
481.7
471.3
462.1
453.2
446.2
437.4
430.7
441.9
431.5
445.4
474.2
465.2
469.4
480.6
485.2
489.9
484.3
504.9
509.0
544.9
511.9
522.8
516.4
510.4
509.5
511.8
484.8
473.5
465.2
456.4
442.2
427.5
425.0
411.5
416.0
419.0
415.5
414.0
436.0
507.0
554.5
598.0
637.5
631.0
618.0
632.0
633.0
629.0
589.0
554.0
519.5
504.0
496.5
476.0
454.0
406.5
428.0
435.5
435.0
440.0
449.5
479.5
486.0
561.0
608.5
627.5
621.5
553.0
559.0
579.0
565.0
671.0
574.0
476.0
441.0
430.5
426.0
404.5
381.5
391.0
370.5
369.5
366.0
366.0
372.0
373.0
392.0
452.5
522.0
546.0
565.5
570.5
576.5
573.5
637.5
644.0
566.0
500.5
478.0
461.5
453.0
435.0
420.0
446.5
396.5
393.0
394.0
392.5
395.5
395.5
419.5
468.0
531.5
647.0
588.5
592.0
725.0
664.0
571.5
571.5
655.5
580.0
540.5
526.5
520.5
506.0
470.0
461.6
461.0
457.8
465.1
445.3
456.3
461.6
484.4
530.5
580.8
614.5
630.0
644.4
640.0
636.5
633.5
623.8
586.2
555.2
532.1
521.4
513.2
486.1
466.8
431.0
419.7
411.7
420.3
420.1
410.1
421.8
435.3
442.6
445.2
445.2
447.2
455.8
450.5
466.6
470.0
470.4
467.6
465.2
455.3
448.5
440.2
431.2
429.2
416.5
413.0
434.5
415.0
414.5
418.5
440.5
438.0
447.5
440.5
457.5
451.5
458.5
486.5
486.0
476.0
472.5
496.5
476.5
470.0
489.5
466.0
433.5
438.5
467.5
417.5
439.5
438.0
425.5
422.0
435.0
477.0
532.5
596.0
655.0
667.0
688.5
689.0
686.0
682.0
678.0
629.5
582.5
545.5
527.5
532.0
497.0
485.0
465.5
473.5
472.5
462.5
452.5
459.5
451.5
487.5
532.5
609.0
643.0
678.0
684.0
681.5
676.5
670.5
662.5
614.0
563.0
507.0
499.0
518.5
483.5
431.5
456.5
439.5
430.0
426.5
437.0
431.5
459.0
474.5
537.5
597.5
672.0
684.5
677.5
688.0
672.5
679.5
651.5
612.5
558.5
541.0
517.5
524.0
486.5
465.0
461.5
445.0
455.0
465.0
452.5
452.0
466.5
476.5
541.5
583.0
639.0
665.0
660.5
679.5
670.0
677.5
660.0
621.0
568.5
529.5
508.0
501.5
498.0
461.5
454.5
451.3
460.9
460.7
453.6
448.5
467.9
486.3
530.7
580.0
612.5
618.7
627.8
628.6
625.4
615.5
608.2
576.2
553.8
527.2
513.8
508.8
476.8
459.4
423.8
420.3
414.7
414.9
411.6
409.9
418.1
428.9
433.7
435.2
432.8
438.2
439.2
438.3
451.9
452.4
457.2
450.1
450.0
442.6
441.8
428.0
417.5
415.1
436.0
421.5
423.0
428.5
433.5
428.0
437.5
445.5
450.5
474.0
448.5
470.5
476.0
490.5
490.0
498.5
486.5
487.0
478.0
472.5
466.0
450.5
434.5
440.5
432.0
438.0
427.0
443.5
438.0
446.5
434.5
478.0
536.5
627.0
660.0
683.5
680.5
681.5
665.5
672.0
663.5
631.0
579.5
535.0
515.5
502.0
490.5
458.0
453.0
454.5
439.5
452.0
437.5
437.5
461.5
472.0
527.0
616.5
646.5
659.0
668.0
678.5
675.5
664.5
664.5
616.0
578.5
534.5
510.5
515.5
468.0
459.0
456.0
422.5
451.0
427.5
427.0
432.5
454.0
473.0
525.0
590.5
649.5
662.5
670.5
694.5
693.0
669.5
677.5
607.5
590.0
541.0
532.5
510.0
470.0
453.0
421.5
459.5
439.0
421.0
446.0
429.5
449.0
462.5
527.5
623.0
638.5
681.0
686.0
685.0
673.0
689.0
677.0
614.5
575.5
535.0
530.5
515.0
475.0
473.0
433.8
446.2
443.7
440.0
437.6
431.3
444.7
466.8
515.6
607.5
648.4
638.7
614.0
613.5
611.7
602.1
592.8
541.3
526.8
487.1
470.0
471.7
432.8
417.9
349.5
353.5
351.0
351.5
350.5
349.0
356.5
362.5
367.0
374.0
382.0
392.0
405.5
406.5
413.0
418.0
414.0
412.5
404.0
397.5
391.5
388.0
359.0
349.0
349.0
346.5
348.5
348.0
348.5
347.0
354.5
371.5
367.5
361.5
372.0
388.5
393.5
394.5
394.5
393.5
394.0
396.5
393.5
387.5
383.0
379.5
358.5
353.0
393.0
346.5
347.0
350.5
343.0
342.0
346.0
383.0
440.0
519.0
626.5
692.5
708.0
683.0
677.0
665.5
676.5
592.0
559.5
511.0
498.5
503.0
463.0
425.0
405.5
414.0
413.5
420.0
411.0
418.5
408.5
442.5
496.5
563.0
638.0
648.5
660.0
664.0
671.0
676.5
654.5
606.0
566.0
509.5
513.0
480.0
479.5
454.5
452.0
428.5
411.0
415.5
432.0
427.5
433.0
465.5
521.5
579.0
649.5
655.5
678.0
659.5
660.0
648.0
647.0
614.0
560.5
537.5
517.5
499.0
483.5
455.5
437.5
427.0
428.5
428.5
445.5
451.0
453.0
472.5
538.0
593.5
637.0
646.5
654.0
652.5
653.0
650.0
592.0
634.5
569.0
524.0
505.0
536.0
481.5
439.5
441.6
431.8
435.0
441.9
429.6
481.1
458.9
506.9
535.6
590.6
623.5
630.5
622.9
662.1
650.4
640.3
640.9
610.3
569.8
532.5
513.9
515.8
492.3
443.5
411.3
405.5
400.9
405.5
398.3
402.6
404.1
408.2
414.1
424.1
429.0
438.2
440.6
445.5
451.9
453.7
449.7
446.1
436.9
436.5
434.9
422.5
407.6
394.0
409.5
396.5
389.0
383.5
402.5
430.5
427.5
426.5
434.0
454.5
430.0
447.5
476.5
470.5
479.0
464.5
465.5
480.5
472.5
458.5
457.5
472.5
431.0
394.0
419.0
407.0
385.0
385.5
416.5
405.5
417.0
455.5
518.5
562.5
626.0
654.0
653.5
646.0
641.5
655.5
644.0
627.0
580.0
546.5
526.5
526.5
494.0
455.0
407.0
424.0
419.0
417.0
428.0
439.5
453.0
473.0
518.0
588.0
630.0
645.5
656.5
651.0
666.5
663.5
655.0
624.5
598.0
554.5
535.0
521.0
483.0
466.5
424.0
425.5
427.5
429.0
426.0
451.0
456.0
474.0
526.0
582.5
612.0
631.5
639.5
648.0
650.0
658.5
642.5
598.0
579.0
538.0
527.0
518.5
479.0
454.5
427.0
428.0
402.0
409.5
441.5
449.5
454.0
473.0
504.0
582.5
626.5
633.5
648.0
661.5
657.5
655.5
633.5
597.5
557.5
536.5
531.0
506.0
487.0
450.0
425.1
422.6
419.9
415.9
419.9
428.3
430.8
464.5
514.0
595.2
636.5
634.6
638.7
647.3
640.2
631.0
624.2
581.0
548.7
505.9
489.0
484.8
449.0
427.8
411.4
420.0
411.5
414.1
407.5
422.6
418.4
425.3
429.0
443.0
445.0
453.0
456.0
462.0
466.9
465.7
466.5
457.8
447.2
452.8
444.4
434.3
420.9
395.9
400.5
403.5
398.0
392.5
407.5
409.5
423.5
438.0
450.5
445.0
442.5
461.0
468.5
478.5
489.5
481.0
476.0
496.5
493.5
482.0
475.0
467.0
437.5
408.5
388.5
392.5
388.0
390.5
400.5
414.0
429.0
463.5
511.0
554.5
621.5
628.5
670.0
657.5
670.0
672.0
652.5
610.5
581.5
540.5
534.0
518.5
487.0
447.5
429.5
415.5
425.0
401.5
421.0
446.5
434.0
476.5
508.0
565.0
632.0
635.0
655.0
684.0
659.0
669.5
665.5
637.0
589.5
538.0
521.5
529.0
471.0
451.0
412.5
413.0
410.5
412.5
431.5
447.5
447.0
474.5
505.5
585.0
624.0
638.5
659.0
662.0
656.5
656.0
641.5
578.0
558.0
543.0
529.0
520.0
474.0
444.5
434.0
422.0
415.0
420.5
425.0
444.0
462.5
485.5
510.5
564.0
620.0
646.5
652.5
655.5
672.0
655.5
649.5
598.5
573.0
534.0
511.0
508.5
478.5
434.0
397.0
406.5
408.5
406.5
444.5
424.0
445.5
477.5
516.5
574.0
625.0
638.0
649.5
647.0
644.5
636.5
637.5
593.0
565.5
517.0
491.5
487.0
457.0
436.5
368.5
398.5
396.0
410.0
412.0
416.0
433.5
433.5
436.0
441.0
455.0
458.0
445.0
489.5
465.0
466.0
485.5
458.5
483.5
467.5
462.5
445.5
418.5
403.5
387.0
399.5
379.5
390.0
403.5
414.5
421.0
429.0
436.5
446.5
430.5
466.5
466.0
459.0
471.5
479.0
472.0
469.5
477.0
466.0
459.5
447.5
440.5
422.5
429.5
401.5
393.0
385.5
399.0
418.5
429.5
450.5
508.0
586.0
616.0
631.0
640.5
648.0
643.5
652.0
643.5
618.5
579.5
525.0
516.0
507.5
462.5
426.5
425.0
421.5
404.5
406.0
417.5
429.5
437.0
472.0
512.0
569.0
603.5
650.5
659.0
652.5
648.5
670.0
657.5
629.5
583.5
538.0
520.0
496.0
463.0
443.0
440.5
419.5
411.5
407.0
417.5
431.0
439.0
472.5
508.0
566.0
638.5
653.5
659.0
666.5
655.0
664.5
663.5
612.5
583.0
541.5
504.5
500.5
457.5
439.5
414.5
434.5
427.0
414.0
421.0
431.0
457.5
471.0
530.0
592.0
633.5
651.5
664.5
671.5
661.0
670.0
657.0
614.5
576.0
546.5
516.5
515.5
477.5
457.0
419.5
427.0
430.5
417.5
430.5
452.5
451.5
471.5
544.5
578.0
614.5
645.5
651.0
658.5
643.5
643.0
640.0
594.0
563.0
510.5
515.5
510.0
457.0
461.0
415.0
390.5
420.0
390.5
424.5
428.5
419.0
436.0
432.0
434.5
436.5
444.0
453.0
466.0
474.5
474.0
486.5
473.0
465.0
459.5
456.5
443.0
427.5
405.5
395.5
390.5
387.0
395.0
401.5
409.0
420.0
428.5
430.0
434.0
439.0
454.0
466.0
458.0
462.0
468.5
449.5
493.0
480.0
465.0
463.0
459.0
431.0
420.0
395.5
398.5
384.0
391.5
398.5
406.5
423.5
454.0
513.5
572.0
628.0
652.5
660.5
668.0
675.0
675.0
666.0
621.0
579.0
544.0
530.5
529.5
483.0
444.0
435.0
411.5
415.5
411.0
426.0
435.0
448.0
462.0
523.5
599.0
632.5
650.0
653.5
655.0
667.0
677.0
660.5
622.5
585.5
542.0
513.0
512.0
477.5
447.5
434.5
408.0
426.5
418.0
412.0
438.5
456.0
468.0
523.0
593.0
642.5
657.0
656.5
667.5
664.5
657.5
646.0
618.5
590.5
546.0
503.5
532.5
481.0
457.0
435.0
416.0
411.0
423.0
428.5
442.0
456.5
487.5
539.5
591.0
638.5
653.0
679.0
687.0
675.5
660.5
656.5
615.5
580.5
531.0
527.0
525.0
473.5
455.0
425.5
416.5
424.0
399.5
430.5
446.5
442.0
460.0
518.5
574.0
621.5
633.5
661.0
658.5
664.0
666.0
661.0
621.5
574.0
524.0
515.0
490.5
478.5
435.0
421.5
423.5
421.0
423.0
427.5
451.5
455.0
449.0
456.5
464.5
449.0
483.5
482.0
477.5
505.5
507.0
501.5
502.5
491.0
491.5
482.0
460.0
454.0
435.5
424.0
425.0
411.5
426.0
428.5
427.5
446.5
450.5
446.5
476.5
469.5
468.0
483.0
483.0
475.0
490.5
486.0
498.0
488.5
498.5
468.5
476.5
452.0
401.0
389.0
417.0
394.0
389.5
407.0
412.0
435.0
467.0
506.0
591.5
628.5
658.5
677.5
667.5
675.0
671.0
662.0
629.0
590.5
534.5
520.0
513.0
476.0
443.0
424.5
415.0
410.0
413.5
431.5
426.0
439.5
479.5
517.0
588.0
633.0
649.0
672.5
666.0
666.5
672.5
669.0
619.5
581.0
530.0
517.5
520.5
481.0
435.5
403.0
418.0
417.5
415.5
436.5
438.0
452.0
476.5
527.0
607.5
630.5
659.0
680.0
678.5
674.5
680.0
665.5
628.0
595.0
548.5
507.5
515.5
487.0
448.0
430.0
413.5
424.0
402.5
427.5
419.5
448.5
460.0
522.0
580.0
630.5
648.0
667.0
664.5
663.5
675.5
667.0
616.5
584.5
554.0
519.0
502.0
500.5
464.0
423.5
417.0
416.5
416.0
423.5
434.0
447.0
487.5
532.5
609.0
642.5
658.0
674.0
675.0
666.5
656.5
652.5
611.0
564.0
534.0
508.5
500.5
470.5
448.0
421.5
420.0
421.5
408.0
421.5
432.0
438.0
438.0
451.0
449.0
481.5
485.5
478.5
496.0
492.0
492.5
500.0
497.0
484.5
487.0
474.0
454.0
453.0
428.5
391.5
404.0
395.0
402.5
419.0
406.5
436.0
452.5
440.5
458.0
464.0
486.0
488.0
479.0
494.5
477.5
501.5
495.0
479.0
497.5
468.0
461.0
444.5
419.0
420.0
400.0
394.0
398.0
401.5
416.0
437.5
465.0
524.5
588.0
639.0
661.0
679.5
677.0
676.5
692.5
671.5
614.0
581.0
558.0
537.5
513.0
496.0
448.0
428.5
434.0
425.5
428.5
435.5
442.0
455.5
477.0
523.5
580.5
636.5
649.5
671.5
672.0
664.5
654.0
642.0
613.5
576.0
547.5
525.5
514.5
482.5
443.0
424.5
434.5
430.0
425.0
436.0
443.5
460.5
483.0
537.5
585.0
636.0
656.0
661.0
673.0
666.5
659.5
655.5
607.5
586.0
544.0
521.5
523.0
491.5
452.5
420.0
417.5
416.5
424.0
424.0
429.0
463.0
486.0
531.5
601.5
655.0
654.0
659.5
660.5
673.5
665.5
656.5
621.0
590.0
546.5
531.0
526.5
474.0
461.5
443.0
414.5
415.0
427.0
434.5
431.0
469.0
495.5
543.0
598.0
632.0
647.0
656.0
665.0
666.5
664.5
641.5
605.0
584.5
537.0
513.0
494.5
483.5
425.5
401.5
414.0
412.0
410.5
418.0
429.0
437.0
441.0
445.5
457.5
475.0
457.5
491.0
484.0
498.0
496.5
492.0
468.0
484.5
470.5
458.5
437.5
435.5
421.0
386.0
391.0
413.0
397.5
410.0
424.5
437.0
437.0
442.0
453.0
449.5
463.5
456.5
488.5
466.0
489.0
481.0
479.5
464.0
464.0
482.0
462.5
431.5
409.0
413.5
386.5
393.0
401.0
412.0
415.5
436.5
449.0
515.5
562.5
629.0
655.0
676.0
683.5
673.5
675.0
656.0
627.0
594.5
554.5
513.5
523.0
473.0
444.0
433.5
410.0
417.0
415.0
437.0
450.5
460.0
488.0
543.5
606.5
644.5
662.5
672.5
681.5
685.5
680.5
668.0
618.5
585.5
549.0
525.5
511.0
482.0
451.0
387.5
422.0
426.5
419.0
446.0
430.5
455.0
476.0
529.0
581.5
649.5
654.5
665.5
663.5
661.5
656.5
652.0
616.5
586.0
544.5
523.0
502.5
497.5
457.0
438.0
417.0
416.0
412.5
433.0
438.0
441.0
473.0
527.0
605.5
643.5
655.5
668.5
686.0
687.0
678.5
658.0
622.0
588.5
554.0
518.5
526.5
488.5
454.5
423.0
418.0
412.5
429.0
419.5
440.0
448.0
488.5
532.5
585.0
635.5
645.5
670.0
668.0
667.5
676.0
633.0
598.5
562.5
520.0
498.0
472.0
473.5
438.5
418.0
433.0
420.5
431.0
410.0
423.5
445.0
428.0
456.0
460.5
461.0
472.0
469.0
501.0
500.5
493.0
507.0
490.0
488.5
473.0
477.0
460.5
430.5
431.0
420.5
431.5
415.5
424.0
424.0
430.0
440.5
443.5
452.5
458.5
474.0
483.5
479.0
497.0
499.5
492.5
495.5
498.5
487.5
489.5
482.5
478.0
438.0
441.5
457.0
429.5
434.5
439.0
429.0
431.0
437.5
484.0
541.5
603.0
647.5
657.5
665.5
662.0
657.5
666.0
651.5
628.5
605.0
551.0
513.5
539.0
488.5
474.0
420.0
443.5
450.5
421.5
433.0
433.5
451.0
457.5
525.5
568.5
600.5
605.5
630.5
626.5
636.5
641.0
624.5
584.0
569.5
525.0
514.0
495.5
469.0
454.0
435.5
435.0
438.0
413.0
418.0
430.5
439.0
461.5
537.0
570.0
625.0
645.5
654.0
647.5
651.5
646.0
636.5
601.0
581.0
540.5
532.0
492.0
468.5
457.5
406.0
411.0
422.0
424.0
419.0
444.0
436.0
462.0
529.5
578.0
655.5
659.5
664.5
664.0
660.5
657.0
647.5
598.0
568.5
536.0
526.0
504.0
481.0
457.5
413.0
420.5
405.5
395.5
444.5
422.5
442.0
489.0
515.0
610.5
626.5
636.0
639.5
642.5
636.5
645.5
632.0
604.0
568.0
530.5
511.0
484.5
469.0
465.5
401.5
410.5
416.5
407.5
426.0
417.5
437.0
449.5
442.5
463.0
468.5
481.5
481.0
501.0
487.0
501.5
500.0
475.5
500.0
490.5
468.5
452.5
430.5
416.5
411.0
403.5
416.5
410.0
423.0
458.0
454.5
450.0
462.5
470.5
479.0
458.5
488.5
471.0
466.0
457.5
458.0
450.0
455.0
440.0
439.0
414.0
398.0
406.5
374.0
407.5
388.5
400.5
426.0
449.0
509.5
567.0
626.0
626.0
636.5
601.5
578.5
581.0
638.0
641.0
578.5
537.5
512.0
494.0
493.0
441.0
433.5
434.0
408.0
419.0
427.5
430.5
443.0
470.5
528.5
567.5
609.0
614.5
621.0
618.0
624.5
629.0
629.0
602.0
578.0
537.0
503.0
500.5
481.5
454.0
408.5
434.0
418.5
409.0
445.5
441.5
445.0
482.0
541.0
573.5
616.5
618.0
622.0
628.0
628.5
614.5
602.0
572.0
546.5
512.5
513.0
493.5
471.0
446.0
415.5
407.0
404.0
431.5
426.5
424.0
431.0
460.5
468.5
506.5
513.5
537.0
531.5
537.5
545.0
534.5
535.0
534.5
528.5
484.0
487.0
471.5
458.5
411.0
407.0
389.5
404.5
405.0
395.0
409.5
430.0
445.0
465.0
464.5
460.5
479.0
486.5
488.5
491.0
500.5
495.0
498.0
497.0
480.0
456.0
441.0
411.5
409.5
414.5
396.5
399.0
384.5
398.5
403.0
417.5
427.0
428.0
433.5
428.0
424.0
429.5
456.0
446.0
425.0
437.5
434.0
446.5
445.0
417.0
408.5
435.0
397.0
376.0
412.5
378.0
391.5
408.5
390.0
400.5
442.5
431.5
433.0
431.0
441.0
453.0
440.0
435.0
459.5
441.0
432.5
428.0
440.0
434.5
426.0
424.5
404.5
400.0
384.0
407.0
381.0
407.5
409.0
416.0
448.0
457.0
474.0
483.5
481.5
488.5
495.5
499.0
504.0
494.0
490.5
480.5
455.5
456.5
422.0
419.5
416.5
391.0
390.0
379.5
407.5
396.0
411.0
421.5
450.5
483.0
509.0
514.5
521.0
526.0
539.0
539.5
555.0
556.0
553.0
541.0
516.0
503.0
484.5
486.5
450.0
418.5
435.5
424.0
421.0
435.5
421.0
433.0
479.0
518.0
569.5
612.5
627.5
647.0
640.0
647.0
646.0
626.0
572.0
549.0
521.5
502.0
493.5
461.0
424.5
424.5
421.0
423.0
423.5
420.0
432.5
427.0
451.0
514.0
573.0
620.0
605.5
606.0
604.0
618.5
632.5
619.0
606.0
582.0
543.0
509.0
493.5
467.0
446.0
420.0
406.5
411.0
403.5
432.5
423.5
443.0
475.5
522.0
567.0
598.0
616.0
634.5
669.5
680.5
677.5
666.0
642.0
624.5
564.5
533.5
506.0
487.0
437.5
434.5
409.5
404.0
407.5
423.5
445.5
444.0
438.5
467.5
466.5
454.5
485.5
477.5
469.5
482.0
471.5
471.0
451.5
477.0
454.5
460.5
439.0
446.5
415.5
397.5
411.0
400.5
397.0
412.5
406.5
427.5
442.0
438.0
450.5
455.5
465.0
468.0
469.0
469.0
473.5
476.0
481.5
476.0
467.5
457.5
460.0
432.0
412.5
415.5
433.0
409.0
392.5
423.0
425.0
424.0
491.0
523.5
577.0
618.0
649.5
651.5
640.0
648.0
638.5
635.0
601.5
585.0
538.0
516.5
512.0
474.0
446.5
413.5
425.0
424.0
424.5
428.5
450.5
448.5
487.0
537.0
583.0
630.5
628.5
634.5
653.0
678.0
703.5
702.0
677.0
634.0
596.5
551.5
528.5
494.0
450.0
428.0
412.0
434.5
435.5
440.5
445.5
439.5
483.5
535.5
592.5
629.0
662.5
693.0
699.0
708.5
716.0
722.5
695.5
662.5
636.0
605.5
551.5
501.0
453.0
421.5
433.0
413.5
449.0
444.0
450.5
453.5
480.5
530.5
602.5
643.5
634.0
653.0
652.5
652.5
658.0
642.5
600.0
575.5
546.5
525.0
513.0
479.5
464.5
441.0
417.0
423.5
423.0
461.0
465.5
458.5
483.0
535.0
599.5
632.0
657.5
652.0
640.5
642.5
636.0
615.5
586.5
546.5
505.5
481.0
468.5
430.0
403.5
380.0
381.0
387.0
367.0
374.5
395.0
391.0
396.5
392.0
454.2425
458.625
468.0025
346.5
366.0
383.5
484.0
547.5
446.0
442.0
437.5
433.5
428.5
421.5
416.0
411.0
402.0
389.5
391.5
405.0
385.0
417.5
404.5
417.5
405.0
420.0
430.0
448.5
443.5
454.5
434.0
437.5
436.5
443.5
439.5
430.5
425.5
425.5
402.5
413.5
408.0
397.5
408.0
395.5
396.5
405.0
432.0
496.5
558.0
647.0
662.0
647.0
649.5
652.0
667.0
657.5
607.0
623.0
524.0
511.5
501.5
506.5
456.0
456.0
417.0
442.0
446.5
438.5
436.0
442.5
454.5
514.0
550.0
599.5
611.5
625.0
629.0
650.5
648.5
667.0
640.5
571.5
536.5
509.5
515.0
481.0
467.5
452.5
449.0
429.0
424.0
424.0
431.5
450.0
472.0
513.0
556.0
602.5
616.5
630.0
617.5
636.5
639.0
632.5
587.5
546.5
519.5
512.0
491.5
495.0
447.5
431.0
422.0
423.5
446.0
425.5
429.5
444.0
466.5
501.5
563.5
610.5
632.5
637.5
630.0
629.5
638.0
643.5
614.0
580.0
575.5
523.0
524.5
489.0
468.0
446.5
434.0
439.5
428.0
440.5
427.5
451.0
458.0
508.5
565.5
604.5
618.0
627.5
621.5
623.0
630.5
626.0
627.0
577.0
525.0
513.5
509.5
485.5
463.5
450.5
431.0
434.5
438.0
438.0
432.0
438.5
437.5
447.0
453.5
467.5
476.5
480.0
485.5
490.0
502.0
504.0
501.5
489.0
482.5
476.0
464.0
440.5
444.0
427.0
426.5
427.0
418.0
425.0
420.5
415.0
417.0
423.5
433.0
433.5
443.5
465.0
468.0
468.0
488.5
473.5
483.0
474.0
480.5
461.0
438.0
447.0
417.5
428.0
416.0
433.5
416.5
426.0
418.0
420.5
462.0
491.0
563.0
619.5
636.5
645.0
640.5
651.5
635.0
620.0
601.0
569.0
531.5
508.0
526.0
478.5
454.0
453.0
431.0
452.5
425.5
451.5
435.0
454.5
456.5
527.5
592.0
637.5
643.0
641.0
635.0
644.5
644.5
629.5
596.5
564.5
538.0
511.0
530.5
489.5
472.5
448.5
409.5
459.5
441.5
437.5
451.0
445.5
467.0
519.5
563.0
613.0
628.5
647.5
657.0
651.0
657.5
640.5
599.5
551.0
528.5
521.5
510.0
469.0
436.0
414.0
422.0
414.0
399.0
425.0
418.5
423.0
455.5
504.0
574.5
619.0
637.5
637.0
635.0
639.5
646.0
639.0
595.0
555.0
528.5
498.5
492.5
484.5
426.5
425.0
392.5
405.0
418.5
403.5
438.0
429.5
456.0
513.0
581.5
626.5
654.5
664.0
670.0
671.0
651.0
642.0
596.5
561.0
516.5
500.5
483.5
479.5
436.5
422.0
416.0
413.5
410.5
419.5
420.5
446.5
435.5
452.5
450.5
457.5
474.5
466.0
471.5
471.5
484.0
489.0
497.5
472.0
470.5
471.0
459.0
449.5
427.5
411.0
415.5
413.0
429.0
423.0
445.5
440.5
462.5
466.0
462.0
485.0
492.5
497.0
504.5
505.5
506.5
497.5
495.0
490.0
484.5
478.0
461.5
458.0
427.5
414.0
420.5
401.0
401.0
416.0
421.0
439.0
438.5
473.5
477.0
509.0
507.0
520.0
528.0
543.5
554.0
543.5
537.5
526.5
500.5
484.5
476.5
463.5
435.5
420.0
430.5
424.0
420.5
436.0
459.5
458.5
488.5
537.0
588.5
634.5
627.5
651.0
642.0
642.0
656.0
645.0
689.0
603.0
557.5
529.5
517.0
488.0
466.5
431.5
416.5
434.5
428.5
436.5
437.5
442.0
484.0
515.0
585.5
635.5
649.0
651.5
644.0
652.0
659.5
638.5
586.5
561.5
532.5
507.0
505.5
467.0
451.0
411.5
414.5
429.5
406.5
439.0
438.0
443.5
469.0
523.0
573.0
620.5
624.0
635.5
639.5
635.5
645.5
640.5
601.0
572.5
535.5
515.0
508.5
472.5
477.0
438.5
419.5
427.0
423.0
436.5
452.0
451.5
486.0
535.5
584.0
620.5
630.5
638.5
657.0
656.5
693.5
676.5
639.0
607.5
529.5
505.0
490.5
467.5
460.0
424.0
408.0
413.0
428.0
417.5
442.0
441.5
443.0
444.5
456.5
457.0
473.0
479.0
480.0
485.0
489.5
491.5
495.0
481.5
470.0
464.5
446.0
438.0
430.5
401.5
409.0
404.0
390.0
423.0
413.5
428.0
444.0
439.0
436.0
460.0
458.0
465.5
490.5
491.5
490.0
494.0
492.5
489.5
485.0
465.0
450.5
444.5
422.0
410.0
406.5
393.0
399.5
408.0
416.5
433.0
470.0
518.5
581.0
631.0
651.5
700.0
710.5
726.5
721.0
702.5
657.5
630.0
588.5
543.5
525.0
492.0
457.5
411.0
475.3225
467.465
460.7625
462.55
467.3125
474.26
494.63
537.5375
577.39
620.1225
638.9725
656.755
681.7875
685.7175
699.0075
697.5975
669.5175
639.63
607.7425
581.08
560.76
531.85
498.935
462.0975
446.31
423.5
439.0
448.5
462.0
457.5
487.0
543.0
594.0
638.0
657.0
662.5
675.0
694.0
710.5
690.5
658.5
632.0
585.5
541.0
525.0
496.5
462.5
438.0
446.0
440.0
421.5
457.5
453.0
462.0
479.0
556.5
594.5
649.5
676.0
677.5
676.5
676.0
687.0
658.0
622.5
577.5
539.0
513.0
528.0
490.5
456.0
430.5
435.5
442.0
431.0
435.5
444.0
462.0
483.5
523.5
563.5
622.5
653.0
657.0
643.5
646.5
650.5
660.0
644.5
628.0
571.5
559.0
534.0
508.5
479.0
450.5
451.0
449.5
447.0
469.5
479.5
476.5
492.5
498.5
510.5
507.5
519.0
530.5
525.5
533.0
539.5
544.5
540.0
529.0
526.5
511.0
496.5
477.0
463.0
435.0
445.0
439.0
430.0
447.0
439.5
440.5
456.0
479.5
470.0
465.0
484.0
514.0
535.5
539.0
537.0
524.0
523.5
515.0
511.0
503.0
487.5
475.5
443.0
446.5
438.5
432.5
421.0
451.5
454.0
459.0
497.0
538.0
599.5
656.5
672.0
681.5
695.5
687.0
689.0
689.0
650.0
613.5
576.5
548.0
551.5
514.5
482.0
473.0
471.0
446.5
463.5
468.0
468.0
488.5
510.5
563.0
614.5
660.5
677.5
672.0
689.0
693.0
682.5
675.5
643.0
621.5
583.0
562.5
538.5
508.0
497.0
442.0
454.5
449.0
446.5
463.0
453.0
487.0
501.0
549.5
626.5
662.0
673.5
682.0
689.0
690.5
690.0
661.5
617.0
597.0
571.0
545.0
542.5
517.5
465.0
454.5
451.5
461.5
442.5
458.0
473.0
475.5
502.5
556.5
616.5
661.0
677.0
689.5
698.5
713.5
715.5
710.0
675.5
649.0
616.0
565.0
552.5
517.5
478.5
451.5
445.0
462.0
451.5
458.0
480.0
479.5
507.0
572.5
613.0
650.5
674.5
708.0
708.0
712.0
696.5
694.5
666.0
642.5
622.0
590.0
562.5
536.5
496.5
470.0
434.5
462.0
454.0
460.0
474.0
471.5
480.0
495.5
488.5
495.5
505.0
511.0
509.0
511.0
519.5
517.0
508.5
495.0
491.5
482.5
473.5
463.0
440.5
427.5
413.5
412.5
432.5
440.0
439.5
444.0
460.5
457.5
463.5
470.5
483.0
499.0
511.5
512.0
514.0
514.0
517.0
512.5
508.5
498.0
491.0
484.5
459.5
441.0
401.0
429.0
410.5
437.0
436.0
465.0
463.5
488.0
490.5
507.5
523.0
536.0
542.0
550.0
562.5
562.5
560.0
546.0
522.5
502.0
486.0
476.5
460.0
446.0
448.5
442.0
424.5
461.0
463.0
469.0
502.0
555.0
586.0
638.0
642.5
656.5
674.0
694.0
701.5
692.5
653.5
627.0
583.5
543.5
541.5
505.0
472.5
448.5
449.5
435.0
416.5
377.0
389.0
403.5
423.0
549.5
617.5
671.0
686.0
703.5
712.5
711.0
728.5
723.5
692.5
653.0
622.5
567.5
556.0
529.5
497.5
473.0
463.0
464.5
465.5
481.5
508.0
519.0
536.5
590.0
644.0
676.0
694.0
709.5
699.0
711.0
718.5
708.5
669.5
639.0
601.5
564.5
550.0
520.0
486.0
465.0
464.5
458.0
459.0
476.0
488.5
497.5
524.5
576.5
643.5
654.5
667.0
682.5
689.0
681.5
664.5
664.0
619.5
605.0
562.5
543.5
527.0
513.5
495.0
469.0
459.0
450.5
468.0
471.0
486.0
483.0
498.5
508.5
511.5
515.0
525.5
525.0
531.0
541.0
546.0
554.5
544.0
535.5
529.0
523.0
507.0
489.5
472.5
454.5
439.5
446.0
446.0
459.5
476.5
485.5
498.5
502.5
507.5
515.0
521.5
531.0
537.0
541.5
535.0
529.5
524.5
518.0
500.5
496.0
488.0
477.5
443.0
447.5
466.5
442.0
443.0
457.5
463.0
468.0
500.0
564.5
611.0
664.0
679.0
688.5
694.5
698.5
701.5
684.5
638.5
613.5
577.0
558.5
562.5
523.0
491.5
475.5
462.0
480.0
487.0
507.0
512.0
520.0
554.5
635.0
677.0
716.5
726.0
744.5
750.0
747.0
751.0
727.0
697.5
666.0
632.5
581.5
567.0
543.5
496.0
475.5
462.5
449.5
462.0
466.5
481.0
492.0
527.5
574.0
628.5
692.0
708.5
719.5
723.5
737.5
743.0
719.0
690.0
664.5
628.5
587.5
571.5
530.0
493.5
464.5
463.5
455.0
452.0
459.5
475.5
488.5
533.5
591.0
651.5
714.0
741.5
765.5
773.5
775.5
781.0
761.0
716.0
697.5
674.0
643.5
631.5
558.5
507.0
480.0
461.0
467.5
462.0
479.0
486.5
512.0
566.0
626.0
698.5
751.0
766.0
779.5
772.5
776.5
775.0
770.0
739.0
706.5
671.0
640.5
597.0
527.0
483.5
453.5
436.5
444.0
456.0
465.0
480.5
476.0
491.0
501.5
509.5
511.0
521.5
519.5
529.5
532.5
545.5
556.0
555.5
534.5
522.0
511.5
502.0
483.0
467.5
444.5
438.5
443.0
437.0
453.0
464.5
474.0
492.5
501.5
501.0
506.0
518.0
532.0
542.5
553.5
559.0
566.5
566.0
569.0
553.0
534.5
523.0
497.0
469.5
450.0
446.0
433.5
426.0
440.0
460.5
474.5
509.5
564.0
633.0
682.5
722.0
728.5
713.0
730.5
730.0
713.5
665.5
638.5
580.5
550.5
549.5
522.0
489.0
448.5
452.5
448.5
459.5
460.5
471.0
480.5
516.5
574.5
607.5
653.0
671.5
684.0
677.5
684.5
700.5
695.0
656.5
627.0
574.5
553.5
546.0
523.0
484.5
451.5
458.5
451.0
450.0
468.0
481.0
479.0
510.0
559.5
594.0
640.0
658.0
669.5
672.0
686.5
699.5
705.0
696.5
676.0
623.0
582.5
557.5
537.5
494.5
469.5
475.5
451.5
461.5
472.5
479.5
486.0
532.5
589.0
656.0
729.0
757.5
774.5
779.0
788.0
795.5
779.5
743.5
717.0
690.5
668.5
644.0
571.5
523.5
499.5
520.0
485.5
482.5
490.0
497.5
508.0
552.0
645.5
696.0
729.0
756.0
771.5
777.5
792.5
789.0
776.5
746.0
724.0
698.0
684.0
667.5
632.5
595.0
576.0
512.0
539.0
519.0
529.0
538.0
519.5
536.0
542.5
555.0
554.5
559.0
565.0
567.5
571.0
594.0
602.5
612.5
589.5
585.5
571.5
558.5
536.0
502.5
473.5
471.0
472.0
467.0
476.0
486.5
493.5
507.0
519.0
523.5
521.5
527.5
534.0
536.5
539.5
539.5
541.5
540.0
533.5
528.0
515.0
501.0
486.0
468.0
433.0
464.0
434.0
449.0
453.5
478.5
485.5
526.0
573.0
634.5
680.5
704.5
736.0
743.0
756.5
748.5
732.0
707.0
678.0
628.5
576.5
567.5
538.0
501.5
472.0
482.0
466.5
453.0
472.5
482.5
498.0
540.0
595.0
645.0
700.0
740.5
763.5
777.5
783.5
781.5
774.0
750.5
726.5
700.0
681.5
672.5
624.5
557.5
511.5
510.5
491.5
487.5
502.0
506.0
517.5
551.5
639.0
698.5
740.5
758.0
782.0
788.0
793.5
808.0
792.0
758.0
724.5
703.0
677.5
663.0
631.0
601.5
547.5
501.5
502.0
503.5
509.0
516.0
511.5
542.5
611.0
653.5
711.5
732.5
755.0
763.0
765.5
772.5
752.5
717.0
704.0
677.0
656.0
638.0
570.5
516.5
490.5
466.0
465.0
462.5
475.5
486.0
501.0
533.5
590.5
643.5
674.0
699.5
723.0
728.0
738.0
743.0
736.0
703.5
680.0
663.0
654.5
631.0
579.5
525.5
476.5
497.0
474.5
473.0
487.5
489.0
488.5
501.0
520.5
537.0
557.0
564.5
575.5
587.5
604.5
616.0
631.5
625.5
620.5
612.0
616.5
606.0
599.5
570.0
552.5
493.5
508.0
499.5
504.0
506.0
516.0
522.0
533.0
540.0
536.0
543.0
564.5
584.0
584.5
588.5
598.5
608.0
604.5
594.0
583.5
567.5
546.0
508.5
485.0
485.5
479.5
476.0
484.0
494.0
509.5
537.0
558.0
610.5
675.0
688.0
712.5
702.0
720.0
719.5
721.5
706.0
673.0
650.0
625.5
603.5
581.5
546.5
497.0
501.5
485.5
485.0
503.0
517.0
509.5
544.5
574.5
635.0
692.5
706.0
723.5
727.5
722.5
743.5
749.0
720.0
690.5
666.5
662.5
646.5
618.5
571.0
536.0
515.0
501.5
495.0
498.0
510.0
511.5
549.0
577.0
642.0
696.5
746.5
777.5
780.0
786.5
789.5
784.0
752.5
722.0
702.5
694.0
671.0
643.5
615.5
554.5
556.0
511.5
505.5
522.5
528.5
530.5
573.5
624.5
694.5
755.0
785.5
792.5
786.5
805.0
810.0
801.0
769.0
743.0
721.5
712.5
710.0
683.5
648.0
624.5
600.5
585.0
558.0
566.0
576.0
569.5
614.0
657.5
709.0
755.0
791.0
810.0
816.5
805.5
804.0
781.0
755.0
735.5
713.0
706.5
695.0
671.5
641.0
622.0
596.5
590.5
576.5
571.0
582.5
572.5
590.5
608.0
615.0
628.0
651.5
662.0
683.5
688.0
694.5
693.5
696.0
694.5
684.0
675.5
664.0
644.5
622.0
595.0
572.0
582.0
580.0
584.0
592.5
584.5
597.5
609.0
612.5
627.0
644.5
649.5
646.0
644.5
645.5
657.0
662.5
657.5
653.5
641.5
630.5
616.5
598.5
570.5
579.5
532.5
524.0
542.0
544.0
545.0
592.5
634.0
699.0
741.0
765.0
783.5
783.5
799.0
809.5
810.5
764.0
741.0
717.5
703.0
696.5
689.0
638.5
612.5
523.0
599.0
587.0
588.0
597.0
609.5
644.0
685.5
743.0
793.0
807.5
814.0
803.0
797.0
792.5
784.0
594.0
556.0
538.0
535.0
523.0
504.0
463.5
448.0
500.5
440.5
436.0
447.0
458.5
463.5
491.0
670.5
754.5
798.0
725.0
728.0
725.5
786.5
758.5
748.5
756.0
738.5
717.0
707.5
694.0
673.5
623.5
584.5
523.5
532.0
523.0
533.5
554.5
559.0
589.5
614.5
692.5
750.5
764.0
765.0
775.5
768.5
767.0
753.5
725.5
704.0
673.5
662.5
650.5
630.5
580.0
520.5
552.5
499.0
486.0
508.5
525.5
529.0
553.0
613.0
687.0
722.0
751.0
798.5
808.7625
810.455
811.0
788.7325
834.5
797.0
754.0
730.0
707.0
683.5
639.0
601.5
578.5
608.0
603.0
628.0
638.0
644.5
667.0
683.0
705.0
716.0
721.0
738.5
763.5
774.5
776.0
774.5
758.5
738.5
717.5
682.0
638.0
605.0
576.0
542.5
553.0
533.0
533.5
545.0
557.0
557.0
583.5
591.0
593.0
590.0
599.5
608.0
611.0
635.0
655.5
656.5
661.5
638.5
631.5
619.5
605.5
579.5
576.0
570.0
584.5
566.0
561.5
569.0
576.5
584.5
625.5
671.5
712.0
767.0
800.0
824.5
839.0
844.5
851.0
852.0
836.0
797.5
762.5
748.0
726.5
683.5
644.0
613.0
577.5
589.0
586.5
602.5
614.5
616.5
654.5
703.5
768.0
837.0
856.5
873.0
876.0
849.0
849.0
826.5
798.0
766.5
725.5
701.0
685.5
643.5
599.5
552.5
551.0
549.5
545.5
583.5
570.0
563.0
592.0
662.5
713.5
772.0
800.5
821.0
805.0
813.5
820.5
813.5
767.0
730.5
709.0
694.5
677.5
647.0
593.5
558.5
569.0
545.5
561.0
532.0
541.0
543.0
567.0
594.0
683.0
721.0
753.0
774.5
790.0
803.0
796.0
778.5
765.0
755.0
738.0
717.5
705.0
676.0
628.0
588.5
585.5
552.0
557.0
573.0
579.0
580.0
618.0
681.5
739.5
796.5
812.5
841.0
854.5
869.0
871.0
874.5
844.0
808.0
763.5
730.5
706.5
685.5
640.5
602.5
556.0
569.0
562.5
575.0
581.0
583.0
595.5
606.5
661.5
678.5
697.5
704.5
667.0
657.5
660.5
667.0
661.5
643.0
625.0
602.5
581.5
548.0
532.0
522.5
441.5
521.5
515.0
505.5
506.5
508.5
515.5
527.0
543.0
558.5
570.5
613.5
623.5
639.5
650.5
655.0
648.5
645.0
639.0
635.0
612.5
588.0
476.5
370.0
479.5
365.0
365.0
365.0
363.0
367.0
398.5
473.0
718.0
783.0
800.5
806.0
815.0
804.0
807.0
797.0
751.0
737.0
713.0
707.0
685.5
657.5
607.0
587.5
595.5
587.0
583.5
582.5
577.5
576.5
605.0
657.0
698.0
760.5
771.0
781.0
773.0
776.5
785.0
783.5
744.5
712.0
706.5
702.5
691.0
660.5
615.5
599.5
568.0
594.0
588.0
593.0
589.0
591.5
630.0
676.5
716.0
765.0
798.0
807.0
776.0
789.0
795.5
778.5
759.5
733.0
700.5
688.5
669.5
648.0
596.5
561.0
579.0
541.0
546.5
561.0
578.5
571.5
604.5
662.5
698.0
747.0
763.5
806.5
806.5
807.0
832.5
814.5
779.0
738.5
705.0
700.5
688.5
661.0
638.0
617.0
585.5
601.5
593.0
596.5
595.0
599.0
653.0
702.0
748.0
792.5
811.5
807.0
812.5
815.0
804.5
784.0
757.0
714.0
692.0
688.0
659.5
631.5
594.0
569.5
554.5
559.5
555.5
557.5
548.5
543.0
555.5
589.0
600.0
610.0
614.0
627.0
643.5
648.5
658.0
662.0
670.5
670.0
651.5
634.5
614.0
593.0
564.5
553.0
565.0
548.5
549.0
545.5
552.5
558.0
566.5
584.0
587.5
606.5
631.5
648.5
649.5
657.5
674.0
679.5
678.0
680.5
670.5
650.0
630.5
601.0
584.5
575.0
578.0
567.0
566.5
563.0
565.0
576.5
620.0
655.5
706.5
761.5
809.5
819.0
823.0
856.0
865.5
855.0
833.5
803.5
766.0
746.5
723.5
693.0
659.5
612.5
580.0
562.5
556.5
552.0
553.0
549.0
579.5
635.5
718.5
761.5
786.0
810.5
806.0
832.5
833.0
817.0
773.5
745.0
719.0
703.5
695.0
665.5
628.5
594.0
578.5
585.0
562.5
565.5
563.5
564.5
596.5
660.5
709.5
755.0
783.0
787.5
789.0
793.5
797.0
779.5
743.5
723.5
699.5
683.0
661.0
636.5
611.5
574.5
565.0
563.0
558.0
546.0
538.0
534.0
564.0
640.0
699.5
735.5
759.0
777.5
776.5
800.0
795.5
786.5
739.5
717.0
697.0
688.5
671.0
652.5
616.5
581.5
543.0
565.5
565.5
578.0
578.0
569.5
598.5
634.5
693.0
738.0
770.0
776.5
773.0
763.5
744.0
696.0
661.5
647.0
622.5
619.5
606.5
587.0
542.5
530.5
521.0
492.5
489.5
503.0
539.5
523.5
530.0
548.5
557.0
556.5
584.0
597.0
619.0
635.5
631.5
631.0
627.5
627.5
626.5
616.0
606.0
567.5
556.0
534.5
519.0
510.5
501.0
517.5
515.5
523.5
537.0
555.0
566.0
563.5
576.5
566.5
578.0
575.5
591.0
607.0
606.0
609.0
621.0
626.0
614.5
592.5
556.5
528.0
539.5
533.5
528.5
549.5
543.0
540.0
571.0
609.5
662.0
734.5
758.5
785.0
778.0
772.5
767.5
758.0
707.5
680.0
644.5
631.5
625.0
601.0
554.5
538.5
518.0
523.5
519.0
518.0
526.0
524.5
550.0
581.5
637.5
693.5
714.0
717.5
723.5
757.0
761.5
746.0
713.5
680.0
664.0
634.0
632.5
608.5
554.5
523.0
506.5
500.0
488.5
512.0
505.0
502.0
551.0
570.5
631.5
698.5
734.5
754.0
759.0
758.5
760.5
753.5
713.0
677.5
651.5
639.5
634.0
608.5
550.5
523.0
519.0
502.5
499.0
503.0
511.5
503.5
545.0
564.0
651.0
695.5
722.5
741.0
731.0
743.5
738.0
746.0
707.0
676.0
651.5
632.0
622.0
598.5
562.5
541.0
525.5
515.5
510.5
505.0
514.0
507.5
541.0
580.0
672.0
699.5
728.0
750.5
751.0
753.0
761.0
735.0
702.5
683.5
671.0
663.5
644.5
606.0
562.5
523.5
520.5
507.5
496.5
501.0
501.5
497.0
511.5
521.5
532.5
564.5
584.0
593.0
624.5
641.0
645.5
648.5
639.0
628.5
620.5
615.0
604.5
575.5
553.5
527.5
540.0
520.0
517.5
520.0
521.0
514.0
540.5
564.0
573.5
574.5
618.0
639.5
650.5
658.0
671.0
680.0
680.0
681.5
671.0
663.0
630.0
614.0
581.5
550.5
564.5
547.5
547.5
565.5
572.0
580.5
626.0
664.5
723.5
784.0
792.0
806.0
813.0
829.0
830.0
815.5
773.0
734.0
698.5
693.0
679.0
647.0
619.0
585.5
559.5
560.0
558.5
569.5
574.5
563.0
582.5
632.0
685.5
728.0
747.0
773.5
777.0
780.0
790.5
765.0
722.0
697.0
676.5
663.0
657.5
634.5
591.5
554.0
564.5
556.0
549.5
566.0
572.5
577.0
607.0
629.5
678.0
729.5
772.0
782.0
776.0
777.5
779.0
758.0
741.0
707.5
695.5
678.0
664.0
645.5
614.5
563.0
565.5
568.0
561.0
571.5
580.0
593.0
640.0
681.5
724.0
755.0
781.0
789.5
790.5
781.5
799.5
770.5
745.0
729.0
710.5
699.0
678.0
658.5
620.0
573.5
589.0
561.5
561.0
571.5
573.0
570.0
597.0
632.0
680.0
755.5
787.0
789.0
807.0
812.0
804.5
797.5
765.5
736.0
716.0
708.5
697.0
673.0
638.0
602.5
586.5
590.5
582.0
594.0
606.5
614.5
617.0
634.5
649.0
662.5
678.5
693.5
703.0
719.0
721.0
719.0
724.0
717.0
708.0
692.0
673.5
650.0
635.0
602.5
577.0
564.5
552.0
581.5
588.0
581.0
580.5
593.0
626.0
633.5
650.0
670.0
691.0
693.5
693.5
698.0
709.5
717.5
711.5
701.0
682.0
656.5
583.0
577.5
582.5
565.0
570.0
576.0
587.5
591.5
624.0
660.0
698.0
748.5
768.0
787.0
785.5
790.0
786.0
773.0
738.5
714.5
692.5
686.0
682.0
658.0
618.0
600.5
585.0
558.5
543.0
556.0
573.5
574.0
606.5
650.0
700.5
745.5
753.0
770.0
781.5
786.0
788.0
777.5
741.5
710.0
694.0
691.0
678.5
655.5
624.5
611.5
583.5
598.5
578.5
583.0
598.0
595.0
619.5
647.5
706.5
753.0
770.5
790.0
786.5
802.0
814.0
778.5
735.5
705.0
691.0
684.0
675.5
654.5
610.0
576.0
589.5
558.0
559.0
583.5
597.0
601.5
629.0
674.0
713.0
752.0
768.5
781.5
785.0
705.0
690.0
741.76
794.5
752.5
731.0
718.5
701.5
686.0
642.0
608.5
583.5
604.5
597.5
622.5
632.0
635.5
663.0
691.0
738.5
768.5
798.0
806.5
805.5
795.0
788.5
768.0
721.0
691.5
672.0
662.0
657.0
628.0
592.5
566.0
532.5
531.5
530.0
546.5
546.0
541.0
531.0
547.0
551.5
565.0
579.5
585.0
592.0
596.5
598.0
615.0
604.0
607.0
595.0
577.5
564.5
545.5
523.5
505.5
514.0
502.5
501.5
508.5
507.5
504.5
511.0
522.5
534.0
549.5
571.0
583.0
588.5
588.0
586.5
588.0
595.5
595.0
591.5
583.0
573.0
555.0
547.0
522.0
523.5
510.0
515.0
519.5
522.0
522.5
550.5
599.5
653.0
698.5
717.0
731.0
732.0
773.5
758.0
743.5
715.5
691.0
665.5
663.5
633.5
604.5
576.0
551.5
535.5
536.5
536.5
550.0
557.5
559.0
579.5
610.0
652.0
689.5
707.0
721.5
725.0
727.5
729.5
711.0
674.0
646.0
629.5
644.5
639.5
616.5
575.0
532.5
547.5
534.0
530.5
544.0
542.0
533.0
556.0
600.0
666.5
715.5
760.5
756.5
762.0
757.0
763.0
762.5
720.5
684.5
670.0
666.0
665.5
649.0
603.5
550.0
580.5
564.5
557.5
594.0
606.5
611.0
645.5
677.5
736.0
780.5
804.5
815.0
815.5
817.5
815.0
803.0
767.0
753.5
729.0
721.5
718.0
694.0
647.5
618.5
607.5
622.0
600.5
617.5
625.5
638.5
668.5
698.0
759.5
814.0
836.0
853.5
882.0
885.0
886.0
887.0
847.0
793.0
766.0
757.5
730.0
695.5
657.0
620.0
610.5
607.0
602.0
620.5
625.0
626.0
640.0
640.5
658.0
687.0
728.5
801.0
832.5
850.5
833.5
833.5
822.0
815.0
787.5
747.5
719.5
696.0
657.0
628.0
577.5
600.5
590.0
608.0
612.5
610.5
628.0
636.0
658.0
669.0
674.0
683.5
686.5
676.5
675.5
675.5
671.0
658.5
661.0
649.0
621.5
602.0
551.5
544.5
527.0
526.0
536.0
546.5
553.0
559.5
589.0
615.5
682.0
700.0
727.5
752.5
762.5
761.5
755.5
749.0
709.0
679.0
659.0
639.0
633.0
604.0
561.5
531.0
543.0
516.0
504.5
507.0
511.5
503.5
527.0
563.5
626.5
693.0
728.5
732.0
741.5
722.0
737.5
741.0
714.0
679.5
656.0
649.5
646.5
615.0
585.5
566.0
552.5
569.0
569.5
587.5
595.5
598.0
623.0
655.0
699.5
727.0
736.5
740.0
752.0
752.0
749.5
726.5
690.5
668.5
646.5
619.5
615.5
598.0
566.5
534.5
536.5
541.0
529.0
537.0
544.5
540.5
570.0
610.0
652.5
682.5
708.0
713.0
717.0
715.5
720.5
705.5
677.5
649.5
624.5
623.0
614.5
586.5
543.5
528.5
526.0
512.5
502.0
501.0
507.0
500.5
527.0
570.0
641.0
680.0
709.0
727.0
731.5
722.5
718.5
706.5
683.0
661.0
627.0
621.0
623.5
594.5
556.5
541.0
540.5
527.5
525.5
542.5
550.0
553.5
565.0
575.0
580.0
588.0
613.0
627.0
636.5
636.5
632.0
634.5
627.0
621.0
610.5
606.0
593.5
578.0
563.5
545.0
538.5
543.5
537.5
549.5
558.0
557.5
569.0
584.0
584.0
592.5
601.0
613.0
617.5
619.5
626.0
628.5
629.5
628.0
614.5
605.5
599.0
576.5
542.0
550.5
519.5
532.5
528.0
540.5
552.0
544.5
569.0
560.5
570.0
578.0
567.5
573.0
586.0
599.5
606.0
603.5
599.5
592.0
583.5
573.0
559.0
550.0
520.5
498.0
502.0
490.0
488.5
497.0
510.0
512.5
541.0
575.5
640.5
673.5
689.0
711.0
713.5
708.0
715.0
713.5
679.0
654.5
637.5
623.0
635.5
593.0
542.0
515.0
499.0
493.5
481.0
484.0
490.0
491.0
529.5
548.5
625.5
665.5
690.5
724.5
724.5
717.0
718.5
709.5
683.0
657.0
632.5
607.5
602.0
572.5
539.0
505.5
488.5
497.0
486.0
488.5
500.0
530.0
558.5
564.0
600.5
651.5
671.5
694.5
713.0
721.5
717.5
716.0
669.5
628.5
592.0
577.0
573.0
560.0
530.5
499.5
478.0
476.0
476.0
496.0
507.5
507.0
535.0
557.5
629.5
666.0
683.5
714.0
700.5
707.0
705.0
690.5
645.0
627.5
607.0
595.0
584.0
564.0
521.0
494.5
472.5
482.5
481.0
510.5
537.5
531.0
536.0
531.0
527.0
535.5
539.0
552.5
554.5
558.0
559.5
567.0
567.0
567.5
563.0
548.0
525.5
503.5
489.0
476.5
471.5
501.0
493.5
507.0
514.0
521.0
524.0
525.5
533.0
531.0
544.0
578.5
595.5
600.5
600.5
606.5
614.5
611.5
601.0
590.0
579.5
555.5
516.0
497.5
482.0
467.0
464.5
473.0
478.5
483.5
504.0
543.0
595.0
652.5
704.5
724.0
729.0
720.5
734.0
723.0
682.0
657.0
641.5
635.5
617.5
581.5
543.5
517.5
505.0
493.0
490.5
505.0
505.5
499.5
530.0
570.0
608.5
667.5
678.0
689.5
706.5
703.0
710.5
707.0
691.0
657.0
629.5
620.5
620.5
592.5
547.0
518.5
515.5
502.5
499.0
506.5
519.0
524.0
550.0
595.5
641.0
675.5
701.0
728.0
734.5
735.0
733.5
709.0
672.5
639.5
627.0
620.5
608.0
591.5
550.5
524.0
520.5
515.0
506.0
505.0
506.0
497.5
522.5
566.0
623.0
682.5
723.5
728.5
709.5
716.5
719.5
708.5
665.5
643.0
628.0
626.5
617.0
592.5
554.0
538.5
528.5
521.5
518.0
520.0
523.0
522.0
542.5
592.5
654.5
702.0
715.0
731.0
727.5
724.0
734.0
722.5
682.5
657.5
640.0
627.0
614.5
596.0
551.5
527.0
516.5
534.5
526.0
545.0
556.0
569.0
575.0
586.0
603.5
604.5
607.0
623.5
637.0
635.0
632.0
624.5
622.5
607.0
600.5
583.5
577.5
544.0
524.5
506.5
480.5
480.0
480.5
506.0
502.5
498.0
507.5
515.5
530.5
538.0
554.5
567.0
576.5
571.0
570.0
571.5
579.0
568.0
556.5
555.0
551.5
513.5
479.0
466.0
476.0
471.0
462.5
478.5
486.5
509.0
545.5
577.5
642.5
692.5
708.0
716.5
728.5
721.5
720.5
690.0
634.0
602.0
583.0
568.0
555.0
527.5
493.5
481.0
478.0
476.5
475.0
512.5
520.0
522.5
541.5
582.5
618.0
636.0
659.0
690.0
696.5
710.5
730.0
709.0
672.5
639.0
609.0
602.0
589.0
561.0
521.0
491.5
495.5
465.0
463.5
478.5
488.0
489.0
524.0
556.0
633.5
679.5
680.0
688.0
679.0
668.0
673.0
657.5
638.5
615.0
601.5
588.5
579.0
563.0
519.5
515.5
508.5
516.0
513.5
512.5
520.0
537.0
563.5
586.5
631.5
637.0
659.5
693.0
697.0
706.0
716.5
702.0
674.5
655.0
633.0
621.5
599.5
568.5
534.5
505.0
484.5
494.0
495.5
505.5
510.5
519.5
536.0
572.0
621.5
647.5
665.5
703.5
691.5
693.5
706.5
696.5
668.5
645.0
630.0
612.0
594.5
570.5
528.5
486.0
475.5
470.5
472.0
479.0
496.0
496.0
517.0
518.0
522.0
523.5
543.5
589.0
597.0
595.5
600.0
599.5
596.0
592.5
588.5
587.0
571.5
550.5
525.5
500.0
481.5
467.0
463.0
439.5
480.0
476.0
484.0
493.0
498.5
510.5
551.0
587.0
606.0
605.5
609.5
610.0
608.0
610.0
597.5
592.0
574.5
544.5
510.0
492.0
493.5
495.0
497.0
506.5
510.5
522.5
546.0
579.0
634.5
672.5
692.0
697.0
685.0
696.0
682.0
681.5
639.5
621.5
599.0
590.0
573.0
557.0
510.0
483.5
491.0
491.0
491.0
503.5
503.0
515.0
541.5
564.5
619.5
669.0
660.0
673.0
661.0
677.0
671.0
655.5
618.5
574.5
552.0
551.0
544.5
513.0
521.5
493.5
487.0
490.0
492.5
491.5
510.0
509.5
516.0
567.0
608.0
651.0
650.5
674.0
716.5
707.0
700.5
677.0
644.0
613.0
596.0
598.5
585.0
559.5
515.0
490.5
490.5
486.0
489.5
503.5
517.0
520.5
542.0
540.0
588.5
644.0
673.5
691.5
689.0
703.0
705.5
686.5
652.5
618.5
588.5
572.5
568.0
534.5
497.0
460.5
444.5
486.0
505.0
516.0
514.0
518.0
542.0
570.0
603.5
628.5
638.0
665.5
688.0
697.5
698.0
681.5
654.5
622.5
590.5
563.0
546.5
525.0
481.0
458.0
462.0
453.0
445.0
468.0
496.0
497.0
503.0
499.5
507.5
502.5
501.5
528.5
558.0
564.5
561.0
562.0
563.0
556.0
545.0
527.5
512.0
494.0
478.5
431.0
453.5
455.0
450.5
474.0
490.5
490.0
499.5
508.0
514.0
498.5
507.0
550.0
569.5
573.5
575.0
576.0
572.0
570.5
563.5
546.5
520.5
494.0
459.5
454.5
470.5
440.5
447.5
460.0
466.0
482.0
523.0
551.5
599.5
655.5
698.5
740.5
741.5
738.5
734.0
711.5
673.5
643.0
620.5
609.5
589.0
562.5
522.0
490.5
479.5
477.5
470.0
477.0
482.5
485.0
491.0
553.0
612.0
681.5
705.5
735.5
734.0
737.5
736.5
721.5
674.5
640.0
611.0
604.0
567.0
541.5
502.5
488.0
481.5
471.5
468.0
479.0
487.0
485.0
507.5
541.0
606.0
668.0
695.5
726.5
730.5
734.5
735.5
722.5
687.5
652.0
634.5
623.0
613.0
589.0
530.5
500.5
511.5
486.5
485.5
491.0
497.0
494.0
521.5
559.5
614.5
677.5
708.0
736.0
733.0
729.5
732.0
727.5
695.5
654.5
630.0
622.5
609.0
589.5
548.0
529.0
505.0
508.0
501.0
506.5
510.5
499.0
519.5
554.5
599.0
671.5
699.5
732.5
748.0
743.5
752.5
744.0
700.0
660.5
633.0
624.5
604.5
578.5
534.5
491.5
481.0
498.5
484.5
490.5
495.5
493.0
519.5
532.0
529.0
518.0
529.5
551.5
564.5
583.5
577.5
589.0
589.5
577.0
568.5
553.5
536.5
518.0
495.5
479.0
486.5
467.0
477.0
484.5
498.0
499.0
505.5
517.0
515.0
519.0
521.5
539.5
584.5
593.0
603.0
606.0
604.5
598.0
589.5
577.0
561.0
536.0
511.5
496.5
522.5
506.0
509.0
516.0
525.0
522.0
546.0
585.0
654.0
710.0
746.5
764.0
760.5
768.0
784.0
775.5
730.0
693.5
671.0
649.0
640.0
626.0
576.0
547.0
546.5
553.0
556.0
573.0
578.5
575.0
600.0
640.0
697.0
751.0
768.0
791.0
784.5
785.0
775.5
762.0
730.0
684.0
658.5
644.0
644.5
623.5
579.5
555.0
475.5
526.0
524.0
522.5
538.5
542.5
565.5
616.5
655.0
689.0
706.5
716.0
725.0
739.5
714.5
704.0
653.0
612.5
593.5
581.5
569.0
539.0
498.5
472.0
484.5
484.5
484.5
496.5
500.5
500.5
500.5
560.5
624.0
667.5
673.0
675.5
697.5
700.5
703.5
695.5
664.0
621.5
593.0
594.0
584.5
550.5
509.0
488.0
469.399999999
471.100000001
444.7
493.7
498.3
500.5
522.8
554.5
606.0
634.5
649.0
681.6
707.9
707.7
693.1
676.2
646.1
612.4
587.1
576.4
554.0
532.7
496.0
471.3
466.0
473.5
486.5
502.5
508.0
504.5
503.5
516.5
522.5
518.0
545.0
563.5
574.0
580.0
581.5
578.5
571.0
560.5
549.5
530.0
516.0
505.0
484.5
468.0
473.4
467.4
474.2
473.7
493.8
490.1
497.8
510.9
517.6
521.8
534.9
559.3
588.1
586.8
590.0
592.4
588.4
588.0
579.8
567.9
554.5
523.9
487.1
478.5
482.0
472.5
470.5
478.5
495.5
495.5
524.0
556.5
616.5
660.5
660.0
671.5
679.0
685.5
710.5
704.5
670.0
608.0
581.0
569.0
566.5
532.0
522.5
494.0
489.5
484.0
484.5
489.5
502.0
500.0
505.5
563.5
635.0
680.5
683.0
698.5
689.5
687.5
698.0
674.5
639.0
601.5
583.0
576.5
576.0
538.5
512.0
493.5
503.5
496.0
482.0
489.5
465.5
511.0
498.5
563.5
637.0
688.5
708.0
706.5
685.5
698.0
696.0
677.5
648.0
604.0
583.5
589.5
595.5
561.0
523.5
513.0
505.0
506.0
512.5
515.0
520.5
514.5
543.5
580.5
654.5
686.0
693.5
709.5
693.0
700.5
700.0
702.0
668.0
623.5
594.5
579.0
596.5
568.0
532.5
516.5
494.0
511.5
505.5
524.5
525.5
528.0
555.5
588.0
642.5
672.0
697.0
713.0
716.5
716.5
709.0
697.5
658.0
620.5
584.5
559.0
541.5
525.5
493.5
478.5
487.5
494.5
498.5
510.0
510.5
512.0
512.5
511.5
515.5
514.5
510.5
522.5
533.0
547.0
556.5
553.5
562.5
548.0
542.0
534.5
516.5
506.0
490.5
477.5
490.5
487.0
481.0
496.0
508.0
532.5
536.0
548.5
537.0
532.5
537.0
547.5
564.5
574.5
572.0
567.5
562.5
557.0
560.5
555.5
550.0
528.0
502.5
492.0
481.5
466.5
473.0
486.5
490.5
497.5
529.5
563.0
618.0
663.0
703.0
712.5
709.0
702.5
698.0
683.0
649.5
612.0
594.5
591.5
574.5
534.0
538.0
508.5
503.5
497.0
497.5
511.0
519.0
520.0
548.5
569.0
644.5
688.0
696.5
704.5
723.0
759.0
734.0
727.5
683.5
637.0
600.5
593.0
575.0
541.0
502.0
519.0
505.5
519.5
511.0
525.5
533.0
529.0
556.5
591.5
672.0
708.0
727.5
710.5
726.0
730.5
700.5
676.0
637.5
607.0
590.5
603.0
578.0
558.5
521.0
506.0
478.5
490.0
490.0
501.5
504.5
505.5
531.0
555.0
630.0
675.0
682.0
705.0
698.5
697.0
695.0
681.0
649.0
609.0
585.0
577.5
564.5
539.0
495.0
481.0
476.5
467.5
475.0
487.5
505.5
513.0
552.5
588.0
634.9
658.5
680.3
683.5
689.8
686.9
684.0
664.7
627.3
592.1
568.2
559.6
543.7
520.0
491.3
471.8
480.5
479.0
483.0
489.5
506.0
505.0
515.5
496.5
524.0
527.0
540.0
549.5
549.5
555.0
554.0
552.0
556.5
550.0
557.0
546.5
537.5
520.0
494.0
489.0
478.0
468.0
468.0
471.5
473.5
480.5
490.5
498.5
503.0
509.0
509.0
509.0
521.0
534.0
540.0
543.0
551.5
547.0
550.5
549.5
544.5
531.5
522.0
498.5
484.0
493.0
474.0
473.0
482.5
483.5
491.0
494.0
519.5
562.0
639.0
681.5
704.0
723.0
741.0
736.0
736.5
697.5
660.5
620.0
589.5
589.0
575.0
540.0
521.0
526.0
494.0
490.0
483.5
497.0
505.5
516.0
534.0
580.0
661.5
687.0
714.5
742.0
763.0
771.5
777.0
751.5
711.0
662.0
634.0
630.5
617.5
590.5
577.5
538.5
553.0
551.0
525.5
532.0
532.0
526.5
554.0
601.5
661.5
687.5
708.0
710.0
725.0
734.5
737.5
732.0
680.0
630.0
608.5
607.5
593.0
553.0
535.0
524.5
519.0
516.0
509.5
513.5
527.5
532.5
559.0
590.0
661.5
706.0
726.0
732.5
736.0
743.0
731.0
722.5
693.5
649.5
633.0
623.0
603.5
576.5
548.0
495.3
501.4
490.5
501.2
512.5
522.7
528.5
563.2
597.3
645.8
678.0
713.1
718.1
712.1
711.0
703.1
682.0
640.3
602.1
583.7
564.4
546.6
516.5
498.2
499.5
540.0
533.5
525.5
531.0
536.5
536.0
549.0
550.5
552.0
564.5
576.5
618.0
641.0
644.5
639.0
636.5
624.5
606.0
599.5
596.0
565.5
544.0
518.5
414.5
411.5
535.0
570.5
549.0
530.5
544.5
552.5
560.5
563.0
595.5
603.5
586.0
609.5
618.0
618.0
615.0
593.0
597.5
577.5
583.0
571.0
559.5
496.5
490.0
416.0
419.0
418.5
425.5
430.0
435.5
455.0
497.0
628.5
769.5
758.5
747.5
731.5
762.5
767.5
752.0
715.0
663.5
631.5
618.0
614.5
586.0
580.5
545.0
548.0
526.0
525.5
538.0
542.5
548.5
561.0
589.5
662.5
707.0
705.0
723.0
699.5
741.0
737.5
713.5
665.5
649.0
637.5
638.5
594.5
581.5
568.5
520.5
539.0
538.5
525.0
566.0
563.5
574.0
612.5
615.5
668.0
724.5
744.5
753.5
758.0
752.5
756.5
726.5
687.0
646.5
620.5
608.5
611.5
560.0
558.5
549.0
539.5
539.0
547.5
561.5
566.5
572.0
583.0
632.0
695.5
746.0
753.5
762.5
763.5
742.0
731.5
732.5
687.5
647.0
653.0
647.0
610.5
609.0
583.5
552.0
564.5
556.5
555.0
562.0
577.0
575.0
603.5
631.0
695.0
711.0
747.0
766.0
795.0
814.5
823.5
799.0
766.5
718.5
691.5
691.0
655.0
613.5
577.0
510.5
541.0
558.0
544.0
564.0
556.5
593.0
604.0
605.5
602.5
609.5
614.5
610.0
617.5
644.0
632.0
635.0
623.0
587.0
567.0
555.0
538.5
510.0
490.0
500.5
472.5
482.0
472.5
478.5
492.0
488.0
516.5
511.0
520.5
547.5
563.5
568.5
579.0
560.5
588.5
614.0
605.0
600.0
588.0
589.0
563.0
531.5
531.0
506.0
493.5
468.5
463.5
493.0
505.5
520.0
532.0
585.5
632.0
665.5
671.5
693.0
690.5
694.5
694.5
685.0
664.0
624.0
603.5
611.5
586.0
566.5
538.5
521.5
530.0
522.0
542.0
563.0
554.5
585.5
584.5
634.5
696.0
745.5
753.0
750.5
749.0
742.0
756.0
746.0
679.5
675.5
618.0
605.5
580.5
559.0
548.0
516.5
518.5
522.5
518.0
529.5
555.0
562.5
586.0
591.0
655.0
696.5
717.0
725.5
719.0
722.0
712.0
717.0
683.5
654.0
603.5
616.0
573.5
548.5
528.5
514.5
499.5
501.5
495.0
507.0
511.0
515.0
524.5
566.0
648.0
712.0
737.5
755.0
758.0
747.0
750.0
715.0
698.5
661.5
619.0
614.5
595.0
563.5
545.0
517.0
516.5
496.5
511.5
527.5
530.5
531.0
546.5
581.0
647.5
704.0
719.5
717.5
708.5
718.0
711.5
701.0
672.0
625.5
594.5
601.5
572.5
544.5
522.5
504.0
499.0
496.5
497.0
505.0
517.5
520.0
521.0
523.5
530.0
536.0
535.0
551.5
551.0
550.0
552.0
567.0
569.5
568.5
558.5
571.5
567.5
539.0
531.5
507.5
511.0
511.0
514.5
527.0
533.0
531.5
540.0
541.0
552.0
563.5
564.5
578.5
583.0
582.0
581.0
577.5
578.5
567.0
560.5
553.5
535.5
511.5
514.5
505.5
482.0
498.0
480.5
519.5
529.5
552.5
557.5
557.5
628.5
668.0
704.5
704.0
719.0
733.0
719.0
693.5
692.5
634.5
608.5
613.0
601.5
569.5
551.0
496.0
545.5
517.5
526.5
540.0
546.0
540.0
594.0
576.5
653.0
686.0
686.5
717.0
727.5
740.0
752.5
757.0
704.0
637.5
612.5
601.0
575.5
545.0
521.0
513.5
516.5
508.5
508.0
530.0
540.0
537.5
549.0
581.5
643.0
674.0
729.0
736.0
737.0
702.5
733.5
675.5
649.5
615.0
576.5
579.5
567.5
551.0
531.0
515.5
516.5
518.0
506.0
517.0
522.5
528.0
541.5
572.5
637.5
685.0
710.0
736.5
723.5
731.5
724.5
691.5
649.5
624.5
603.5
604.5
586.5
565.0
547.5
519.0
518.5
523.5
513.5
522.5
537.0
533.5
555.0
581.0
643.0
658.0
692.0
700.5
712.0
702.0
679.0
689.5
656.0
615.0
594.0
607.5
574.0
544.5
538.0
493.0
513.0
510.5
501.5
510.5
529.0
531.5
530.0
532.5
539.0
547.5
537.0
555.5
553.5
569.0
570.0
570.0
573.0
553.0
547.0
552.5
538.5
529.0
499.0
491.5
486.0
492.5
490.5
494.5
495.5
509.5
506.0
511.0
535.0
534.5
503.5
558.0
549.5
561.5
558.5
559.0
560.0
566.5
546.0
559.5
548.5
509.0
489.0
493.5
470.0
473.0
454.5
461.5
482.5
461.5
520.5
533.0
586.0
674.0
686.0
722.0
717.5
711.5
717.0
708.0
679.0
629.0
609.0
612.5
599.5
585.5
559.0
531.0
537.5
538.0
536.5
545.0
554.0
555.5
567.0
590.5
648.5
699.5
714.0
730.5
737.0
731.5
732.0
723.0
673.0
642.0
617.0
629.5
626.0
577.5
543.5
524.0
526.0
523.5
521.5
533.0
537.0
531.5
554.0
581.5
642.5
690.0
724.5
737.0
733.5
738.5
736.0
725.0
690.0
650.5
619.0
624.0
608.0
562.0
554.5
523.5
519.0
519.5
512.5
531.5
542.5
544.5
559.0
583.0
651.0
696.5
730.0
734.0
736.0
730.5
739.5
719.0
695.5
650.0
631.5
627.5
616.5
582.0
560.0
532.5
528.5
530.0
524.5
537.0
554.5
551.5
569.0
600.5
661.5
728.5
753.0
763.5
739.0
740.0
756.5
744.5
700.0
665.0
617.0
645.0
614.5
564.5
536.0
514.5
520.5
519.5
516.5
526.5
535.0
529.5
535.0
533.0
536.5
545.0
558.0
568.5
572.5
575.5
579.5
585.5
590.0
581.0
570.0
570.0
555.5
534.0
528.0
519.0
506.0
509.5
504.5
519.5
534.0
539.5
541.5
542.0
556.5
557.5
571.0
589.5
587.5
596.5
598.5
591.5
595.5
598.5
592.5
595.5
578.0
553.0
542.5
523.5
514.0
510.0
513.5
523.0
535.0
534.5
564.5
589.0
657.0
721.0
749.5
762.5
735.5
755.5
760.5
732.0
683.5
655.0
631.5
633.0
617.5
589.5
567.5
