73.17
74.4
73.67
72.18
72.85
72.23
72.7
73.66
71.6
71.25
72.84
48.04
68.46
71.94
70.52
71.3
71.64
70.12
71.77
71.36
71.52
73.37
72.54
72.76
73.13
71.9
71.85
72.4
72.3
78.47
77.57
78.6
81.06
84.82
89.07
92.06
94.18
92.35
91.53
87.04
83.33
80.77
82.58
80.15
81.17
81.3
75.74
72.23
72.9
73.93
72.23
72.17
71.63
75.91
76.72
77.54
79.56
83.4
88.14
88.24
91.49
92.37
93.98
92.82
97.48
97.13
94.56
90.89
83.39
80.37
76.87
72.51
72.1
71.36
72.52
72.41
71.91
78.47
78.87
79.97
82.0
86.43
89.18
91.83
91.83
93.57
92.55
91.79
90.24
88.86
84.42
85.51
86.0
86.55
83.26
80.23
79.32
78.53
80.05
80.35
80.14
85.81
88.81
85.8
94.36
104.56
108.59
113.1
107.99
106.28
106.78
101.62
106.22
104.03
95.81
90.97
91.59
91.27
82.05
78.14
77.74
77.12
77.88
78.52
76.32
81.69
83.62
84.44
89.45
105.44
111.91
108.71
106.73
106.24
112.92
114.76
113.1
106.74
103.51
97.72
95.53
97.05
94.96
92.39
90.08
85.99
85.81
83.5
77.01
81.38
89.33
87.32
83.47
102.78
110.66
116.57
107.5
112.43
110.25
110.24
109.29
104.97
101.35
95.41
91.16
86.9
81.08
78.87
77.29
79.35
81.93
77.31
78.36
83.42
84.56
82.99
86.47
98.32
108.24
110.45
115.89
121.9
122.7
118.47
119.08
112.4
107.35
107.88
104.24
102.85
94.0
91.81
90.68
86.9
84.73
84.65
82.15
89.66
89.99
89.16
92.12
106.87
114.65
114.66
121.28
122.19
122.51
122.4
118.34
115.7
109.49
108.79
97.92
92.12
83.93
80.99
81.24
83.12
83.24
82.97
79.83
84.45
83.4
84.54
85.29
92.56
95.05
97.99
97.16
95.95
95.32
96.22
98.4
93.76
92.11
94.02
94.11
92.72
82.29
79.7
79.42
77.7
77.18
77.65
77.46
82.76
83.71
84.37
86.06
85.06
86.12
85.26
90.24
89.54
97.29
93.23
88.82
90.5
93.68
91.55
91.47
88.37
81.58
81.39
81.1
79.82
80.99
81.36
81.89
85.32
85.96
93.74
103.68
81.66
120.52
124.1
125.2
126.78
128.34
127.99
128.34
126.6
124.15
113.84
108.63
104.7
96.03
95.35
95.53
95.16
92.19
90.1
86.24
92.18
92.77
95.51
105.59
118.31
133.04
140.26
143.54
139.72
139.63
144.22
139.8
131.45
133.73
124.03
114.52
108.22
99.93
96.44
98.77
95.72
94.87
91.33
85.67
91.83
94.87
100.28
105.66
122.8
135.68
127.37
135.77
133.91
131.39
132.585
133.1
126.745
125.38
124.1075
121.6725
119.095
106.705
97.825
94.295
93.61
92.4875
88.2875
84.37
87.165
90.2575
90.805
101.0025
115.78
130.94
135.2025
138.825
141.84
141.245
140.525
136.9175
134.025
126.3625
121.78
116.645
114.1075
106.565
101.1475
99.21
98.39
96.9075
95.75
88.61
92.9025
92.64
106.61
112.74
120.73
129.84
133.1
135.45
134.69
141.51
141.69
140.9
133.64
134.74
124.85
113.31
110.6
89.29
83.86
84.51
86.03
84.99
83.16
75.03
80.62
83.41
83.16
83.93
85.3
88.02
88.16
96.62
102.21
105.84
106.29
108.39
108.23
101.51
94.35
92.05
87.06
79.9
77.98
79.13
79.65
77.73
77.33
76.87
82.02
82.92
83.93
85.03
87.06
89.58
90.44
93.56
95.88
94.36
99.79
97.62
101.14
101.41
102.75
99.6
95.7
85.77
84.41
82.37
84.1
86.51
81.94
83.27
82.4
81.83
82.86
82.0
84.58
87.74
88.23
89.81
97.84
96.89
104.28
102.9
94.61
92.93
91.43
86.54
89.9
88.57
86.67
81.78
77.97
78.85
78.46
77.35
83.69
85.16
88.52
102.19
111.59
128.41
136.62
140.47
149.69
136.5
142.78
142.14
133.32
125.47
120.99
111.42
109.98
102.98
99.09
99.15
101.78
102.14
100.67
87.46
94.03
93.3
93.99
105.87
116.02
124.69
130.37
127.54
132.99
130.48
130.63
128.76
130.28
130.37
128.84
123.79
120.73
101.01
101.4
101.02
97.99
98.14
99.85
97.15
101.67
105.49
112.62
116.94
129.89
142.4
142.16
146.64
153.43
151.73
149.2
107.91
133.2
127.89
119.28
108.65
105.48
97.34
95.26
93.56
96.08
92.19
90.33
85.55
85.53
84.33
85.12
98.78
107.41
117.32
118.85
120.51
123.76
121.61
119.47
119.21
121.49
114.23
109.48
102.23
101.25
90.4
86.98
86.47
87.61
89.59
88.57
83.17
89.49
92.31
93.97
96.02
98.0
98.38
102.01
106.8
102.63
103.21
103.34
99.5
101.85
105.55
108.68
110.21
114.57
104.42
102.51
105.57
99.58
95.44
95.81
90.12
90.8
91.63
92.98
91.09
91.88
95.72
99.52
106.06
116.01
121.48
124.26
122.3
119.83
119.55
114.95
112.78
113.73
108.28
104.54
104.01
101.37
102.8
101.47
101.33
104.54
102.14
106.4
115.25
114.8
129.92
129.27
134.75
135.65
131.87
136.79
135.88
128.92
131.38
131.61
124.58
131.8
116.06
107.17
107.11
102.1
96.45
96.7
87.39
92.58
93.73
98.48
102.35
115.14
129.58
145.92
154.64
152.83
146.45
147.94
144.83
129.9
134.5
130.87
122.0
112.03
105.16
99.97
100.19
104.42
105.83
103.29
94.62
92.67
97.93
102.98
113.0
121.8
129.95
133.59
136.05
132.27
129.04
131.26
135.51
131.06
137.15
129.52
136.08
137.51
124.4
116.59
115.91
108.97
102.48
104.87
94.37
102.06
102.58
105.73
114.15
124.76
140.05
151.98
149.2
151.21
150.84
152.67
148.85
141.77
138.53
133.89
123.15
118.05
107.4
106.31
105.09
99.78
99.07
99.21
91.25
98.83
99.04
101.31
105.31
110.52
127.03
132.24
132.88
130.55
128.72
130.19
131.3
118.72
121.63
119.46
117.5
113.2
112.69
101.87
102.08
100.86
93.37
108.14
96.97
102.76
103.4
104.51
106.75
104.29
105.54
111.87
108.81
113.7
115.35
119.19
115.53
111.7
116.91
120.85
113.97
112.55
107.19
103.33
102.22
100.07
101.98
98.97
97.8
105.27
106.87
105.53
107.34
106.32
95.7
99.07
100.35
106.08
113.18
113.75
114.4
116.87
114.91
103.61
102.35
101.31
91.73
88.7
92.41
89.28
88.18
89.15
90.22
97.64
101.17
104.91
118.64
129.07
141.23
150.12
151.67
144.36
147.35
144.35
142.41
136.66
136.22
129.46
127.14
130.13
113.99
104.78
105.32
103.24
102.01
96.15
85.79
84.84
86.92
91.12
95.37
110.62
128.99
137.63
135.41
139.95
146.76
142.99
146.71
142.66
140.94
129.94
129.0
120.17
103.73
92.59
90.47
88.36
88.03
81.85
84.23
91.71
93.38
93.89
105.83
119.5
130.31
134.07
132.81
130.0
133.54
141.08
143.19
139.68
144.4
145.6
141.23
141.26
123.37
113.76
117.19
116.93
101.65
103.91
93.35
100.18
102.32
108.24
108.48
118.11
130.55
140.22
143.13
146.23
146.52
141.54
144.28
133.08
133.49
137.25
129.49
127.99
118.31
109.16
110.44
114.52
112.37
106.85
96.65
99.06
102.35
104.63
112.69
118.28
119.51
124.71
131.0
127.54
134.26
131.15
130.19
122.45
119.51
114.75
113.65
109.36
98.44
93.54
94.38
92.87
93.17
92.36
84.82
92.52
92.66
92.07
92.97
94.89
102.36
109.5
112.4
112.14
112.93
110.89
116.55
110.52
111.47
112.28
102.45
98.83
90.11
86.39
81.78
81.27
81.46
82.16
83.28
91.3
93.06
95.77
95.97
98.31
100.79
104.13
105.98
108.38
112.33
114.71
117.37
115.7
115.09
113.25
108.7
100.03
85.8
87.05
86.21
88.02
82.63
77.46
77.63
87.07
93.56
94.41
105.95
117.69
135.92
131.16
147.58
153.84
156.45
155.0
159.11
150.93
152.85
155.99
150.1
143.49
121.65
104.91
105.25
108.92
93.18
85.0
80.29
88.13
88.75
93.9
104.29
125.48
132.75
141.14
146.19
146.11
143.94
148.16
144.25
141.24
137.72
139.39
130.27
122.33
98.87
90.52
90.35
90.97
91.53
90.77
87.23
93.86
98.44
100.5
117.82
126.94
138.43
137.22
134.78
140.68
136.28
141.51
143.2
137.66
135.09
137.64
132.17
134.05
115.97
110.5
105.16
108.98
108.08
92.7
89.66
97.28
96.69
101.83
117.56
128.57
155.71
154.79
157.85
156.97
157.05
161.38
163.21
152.06
153.48
142.74
127.4
119.9
111.5
100.19
94.65
93.54
89.52
90.11
84.82
92.88
96.03
99.11
103.86
114.08
122.92
124.33
124.73
129.62
135.23
135.07
128.81
126.46
123.06
119.26
120.01
113.23
102.78
101.38
99.49
106.53
104.36
101.2
98.73
104.58
103.81
107.67
110.67
112.22
119.27
128.15
128.97
129.97
132.59
129.69
113.7
113.36
109.8
109.31
106.02
106.65
97.69
85.65
81.58
82.2
82.59
82.65
83.03
92.53
95.1
94.85
96.81
96.91
98.43
108.9
111.59
114.76
121.26
127.89
129.2
129.09
125.84
124.03
117.68
110.32
99.78
96.16
94.5
85.65
84.08
84.5
84.35
92.33
94.85
99.35
111.03
122.37
129.9
128.25
138.31
140.02
139.84
139.09
137.33
136.52
130.4
131.24
132.65
126.32
111.79
99.03
93.32
98.21
95.85
97.47
89.79
96.09
97.57
100.88
112.29
127.94
136.84
141.64
142.41
145.71
154.42
152.25
157.44
139.22
138.13
139.2
130.9
139.64
127.95
129.49
134.49
128.36
127.53
127.53
113.12
117.03
115.29
110.66
124.51
133.38
141.76
143.6
144.99
147.03
144.3
148.18
149.68
138.47
135.68
136.3
128.77
120.89
107.14
104.63
104.86
106.89
106.33
104.01
92.04
99.21
103.79
104.35
111.45
129.31
138.1
137.2
141.61
150.85
148.61
149.72
157.36
150.7
143.5
139.03
127.24
126.56
117.05
111.14
109.5
109.28
105.21
100.72
98.5
108.76
104.37
103.39
110.21
120.21
130.66
130.82
140.38
135.66
139.32
130.94
125.48
113.48
111.42
109.95
110.37
109.72
98.26
94.36
90.85
90.55
92.89
90.24
85.21
90.85
92.59
92.78
96.77
98.67
103.3
110.58
116.11
116.5
119.1
115.1
120.98
119.04
115.17
113.36
104.75
104.72
99.9
96.06
96.99
89.82
89.88
86.59
85.54
91.82
96.62
97.95
104.88
103.69
106.72
105.24
107.22
112.08
118.16
121.49
117.71
113.22
107.4
105.14
102.01
100.89
93.77
91.1
91.76
89.75
88.08
82.59
83.58
88.59
91.7
97.13
107.65
117.08
123.88
131.69
132.79
139.21
140.99
147.04
147.75
139.93
148.23
140.56
134.56
129.22
100.97
94.89
93.09
96.95
95.2
93.02
84.87
91.13
93.17
95.85
99.23
116.49
134.26
138.74
148.24
149.66
144.31
145.74
147.19
145.53
140.48
138.32
125.61
111.91
100.29
96.04
97.81
103.4
102.26
105.77
100.77
107.68
110.4
109.87
124.13
134.67
133.52
139.55
145.81
146.73
151.91
152.23
146.62
145.0
150.27
147.42
133.39
130.59
116.22
107.66
107.66
107.6
100.73
99.04
95.86
102.69
104.03
100.72
111.4
128.2
139.79
154.56
156.17
159.66
160.63
161.79
162.16
160.02
145.15
144.31
146.48
135.78
119.52
111.16
111.52
113.32
108.58
108.1
102.1
109.46
112.59
110.5
109.84
116.8
126.48
127.82
129.98
137.28
141.83
106.34
140.04
138.5
135.03
134.67
131.65
125.33
117.76
113.0
103.98
104.8
99.32
99.16
92.7
93.23
96.08
97.03
100.64
100.79
102.62
108.57
106.65
109.3
117.39
117.75
120.72
120.2
117.94
121.21
119.13
116.98
110.19
98.95
91.97
88.63
87.79
86.94
87.89
94.49
96.87
97.16
100.43
101.52
106.56
109.83
116.61
120.94
113.16
125.55
130.88
127.64
122.18
115.61
115.33
118.11
105.26
98.54
93.56
90.54
89.85
89.38
87.87
96.51
99.97
102.39
109.98
126.2
137.33
144.42
147.97
147.18
142.99
150.39
153.37
142.46
131.59
128.84
135.55
131.67
105.62
99.31
99.1
100.85
101.1
94.15
88.14
94.02
96.23
98.46
108.66
116.88
133.45
144.79
145.36
158.19
154.87
159.42
161.74
164.49
169.72
158.4
142.18
127.31
115.52
98.33
100.91
104.44
101.51
100.18
96.9
100.24
103.58
105.28
115.76
114.03
127.93
140.92
139.9
138.96
137.41
140.46
146.32
144.54
146.26
153.89
141.53
137.72
122.03
108.64
99.84
89.28
92.27
87.75
82.66
86.42
87.82
89.83
101.76
117.57
130.05
145.33
147.39
150.19
145.39
146.81
148.33
139.78
135.52
130.57
125.66
124.25
112.8
108.62
108.22
106.44
101.23
94.28
85.69
93.04
92.92
94.91
101.27
113.5
116.99
127.12
128.92
129.58
132.8
131.32
127.72
122.38
120.42
116.8
117.26
116.8
101.32
98.79
95.49
97.21
99.41
92.51
90.51
100.07
103.29
104.45
98.18
101.2
99.36
100.61
99.66
102.38
101.46
102.02
102.36
99.87
100.76
100.78
102.42
98.34
88.33
79.39
79.61
80.15
84.3
85.36
85.98
93.36
93.62
94.73
98.41
97.68
98.24
99.38
97.93
102.5
104.44
104.67
106.98
106.3
106.9
104.1
103.49
109.93
99.24
93.96
96.75
87.5
86.25
87.44
87.05
94.52
93.59
93.99
94.4
97.24
89.15
97.48
96.31
100.65
104.26
103.79
102.9
102.36
101.05
98.33
98.31
105.48
87.39
82.98
85.95
87.3
86.12
81.87
78.93
87.14
89.62
86.61
80.46
99.68
104.6
113.56
108.69
108.22
110.41
78.48
104.19
99.61
101.28
102.93
101.05
77.94
94.28
87.21
88.65
93.69
93.36
91.37
85.51
84.58
86.14
88.35
89.09
90.48
98.2
93.43
94.4
96.31
100.92
100.83
100.23
91.44
89.49
95.73
98.22
95.47
87.44
83.47
77.65
76.01
78.04
74.68
71.63
82.1
87.73
89.44
92.72
94.49
102.59
111.84
117.05
119.01
117.78
111.23
104.88
101.89
104.71
102.91
100.64
94.71
86.92
81.72
79.69
78.0
78.9
78.79
76.92
85.58
86.48
92.72
101.71
112.69
109.52
106.34
105.35
101.2
102.76
105.92
108.57
98.15
95.4
98.59
96.15
97.26
87.43
75.1
75.37
75.45
76.75
76.04
73.33
85.14
91.47
91.8
91.63
90.88
94.59
96.53
99.05
97.99
102.46
104.07
101.41
99.98
102.39
103.67
103.84
100.99
94.65
88.29
89.25
90.75
88.34
85.57
86.53
95.35
99.2
98.1
96.74
91.11
95.79
96.82
95.58
92.57
97.94
100.12
99.99
106.52
106.18
106.67
105.82
105.92
91.63
84.25
78.9
77.73
75.71
74.79
76.09
87.27
89.36
96.57
102.66
113.93
126.64
132.01
135.26
134.74
133.48
135.18
138.82
147.35
146.62
144.92
137.38
134.26
112.12
98.75
97.86
98.23
98.89
96.61
91.43
94.52
93.12
94.08
102.41
113.73
129.79
130.26
133.5175
142.4
142.68
143.59
143.07
140.25
143.94
133.79
123.13
119.04
103.93
105.15
111.39
112.92
105.76
105.43
106.36
114.03
111.83
109.54
116.76
112.65
128.06
139.14
141.09
142.99
147.91
155.06
148.46
147.51
136.37
129.35
127.12
127.3
112.44
93.87
91.53
91.62
83.64
83.48
77.01
86.44
88.27
88.72
98.23
117.05
133.92
141.74
148.16
149.0
149.92
155.59
155.68
144.95
132.83
131.66
132.84
135.29
123.27
102.78
96.92
93.34
89.82
88.58
83.95
93.46
95.14
96.48
104.11
111.37
116.13
120.54
125.9
122.9
124.0
122.54
120.52
114.66
118.3
118.53
113.92
109.87
99.96
96.37
94.32
90.81
90.6
86.4
85.2
95.76
100.7
102.27
103.26
104.4
103.15
95.09
104.35
115.13
117.82
121.12
119.67
125.89
120.02
115.13
115.59
115.81
105.67
101.13
93.72
90.53
86.11
83.19
81.11
91.85
94.28
95.3
96.84
97.7
103.02
110.04
113.39
110.41
109.86
119.68
123.89
123.78
126.99
123.82
118.01
116.85
101.49
94.64
84.55
88.47
89.61
89.0
90.71
103.51
106.42
109.12
122.52
127.34
149.36
144.63
144.11
149.66
151.23
152.72
149.93
146.5
145.09
142.57
138.77
139.32
120.55
99.76
99.09
105.38
106.38
100.27
97.34
100.73
105.41
107.77
104.55
120.06
134.53
132.46
131.61
136.77
139.63
139.79
144.25
133.28
141.75
142.14
148.23
146.72
120.49
109.0
109.25
107.16
102.25
104.3
100.63
105.8
99.61
104.17
115.6
121.07
128.74
128.17
136.74
138.28
141.91
149.15
145.0
148.65
150.87
150.78
138.33
134.25
120.3
112.67
107.92
105.38
108.84
99.3
97.14
102.95
107.26
111.54
116.56
119.76
132.83
142.05
144.28
145.34
147.92
152.21
157.28
139.3
133.27
128.66
126.49
125.59
106.98
92.7
87.93
89.57
96.04
92.04
91.15
101.9
100.89
96.71
104.09
111.39
114.14
122.57
125.65
130.73
123.44
120.55
123.86
118.38
115.69
125.31
128.93
125.82
110.82
101.5
98.23
104.18
103.95
100.8
99.54
110.08
111.71
109.13
109.97
114.48
114.7
112.76
115.22
120.91
127.23
128.07
132.9
128.74
125.57
117.4
117.3
113.28
98.42
87.38
81.74
83.06
83.31
84.33
83.57
95.87
97.91
98.81
100.33
106.7
111.7
113.66
116.69
117.35
119.74
120.66
118.6
123.12
126.64
122.73
112.21
110.37
96.77
88.37
92.84
90.58
90.91
88.73
87.76
100.21
101.68
103.85
112.29
120.15
128.63
133.91
138.41
136.97
138.31
150.03
149.88
158.2
157.8
149.17
143.16
135.27
120.54
115.84
117.97
119.54
122.4
115.42
100.45
108.53
95.52
92.28
100.51
112.35
136.62
138.47
140.73
145.43
146.11
144.32
146.99
136.11
140.14
146.86
132.09
125.65
100.32
91.61
87.25
86.35
79.49
82.72
79.75
89.43
91.87
91.1
101.62
115.75
132.73
136.59
140.03
139.46
138.94
140.24
147.99
140.99
143.3
139.89
130.9
125.88
112.74
105.75
108.56
104.06
106.69
102.81
98.08
108.42
109.67
113.47
117.76
131.24
148.1
150.05
153.23
156.67
146.59
148.31
153.21
145.03
138.58
123.44
122.18
125.4
112.04
103.18
105.1
103.67
95.34
97.04
92.72
100.4
96.2
96.9
101.99
107.35
112.33
123.01
120.13
120.46
121.32
124.01
125.06
116.72
111.88
112.95
108.4
108.52
93.72
89.48
93.01
90.35
88.93
86.27
80.49
89.66
92.38
95.78
97.13
102.83
101.04
110.2
105.74
105.05
110.85
110.01
111.25
111.38
107.42
105.75
108.57
104.65
95.16
88.47
84.41
84.31
85.88
86.71
86.38
96.37
98.89
100.17
93.06
92.96
95.48
96.0
95.37
100.89
96.47
96.62
99.08
99.54
100.75
102.62
103.83
102.12
93.07
81.92
81.82
82.63
83.84
84.67
82.44
88.71
87.56
89.63
98.78
107.85
122.26
125.62
133.78
138.65
140.71
142.42
141.75
127.72
130.04
132.68
131.76
133.8
116.22
113.38
109.57
111.52
103.83
105.14
98.25
102.01
104.03
106.79
116.06
124.05
143.17
146.57
147.07
142.73
145.32
150.47
157.56
157.37
162.1
160.48
151.25
133.67
120.19
106.07
94.78
91.36
90.02
85.17
77.07
84.61
87.22
92.72
103.42
116.72
132.18
142.98
147.87
152.17
148.41
144.74
145.66
143.4
131.89
134.63
139.64
133.47
119.11
110.86
112.63
107.4
107.47
104.61
102.16
105.87
107.19
108.23
103.31
123.96
136.34
138.37
143.6
148.06
148.18
145.28
151.92
144.32
137.42
141.21
143.67
139.65
122.31
115.81
113.22
119.95
112.55
106.64
93.46
95.66
94.45
94.0
101.76
109.46
115.49
117.08
119.6
120.44
122.64
122.42
122.22
122.55
122.63
125.41
130.42
130.19
118.9
111.51
113.99
110.59
101.29
98.14
88.75
92.69
93.33
91.35
87.66
88.93
92.49
99.12
103.93
106.0
120.92
120.52
113.98
112.6
112.55
111.8
107.58
106.57
94.48
82.62
76.3
74.37
72.62
72.82
74.54
83.32
86.84
90.03
90.41
90.5
92.71
101.95
100.4
102.89
107.16
110.8
109.95
107.84
105.59
102.01
100.25
107.3
99.89
96.41
91.73
94.64
85.43
82.58
82.79
93.28
96.31
98.66
108.66
112.52
123.34
128.0
130.22
139.43
150.75
159.62
159.99
154.97
151.56
157.12
154.17
164.5
141.5
128.83
123.58
118.06
108.46
99.19
94.49
103.37
105.2
107.48
122.36
134.51
147.8
162.7
165.64
168.75
173.59
132.8075
134.85
132.1475
131.4025
173.13
163.5
153.97
137.1
127.69
115.64
117.45
108.62
108.16
103.96
106.0
108.48
116.29
112.07
129.17
143.01
150.41
152.44
149.49
147.93
149.55
147.74
136.61
134.54
136.19
144.6
147.85
124.86
99.51
96.27
99.75
94.17
90.51
90.19
96.73
97.58
100.2
107.71
121.33
134.95
144.25
147.88
156.04
155.22
152.76
159.36
154.53
151.76
138.72
129.52
137.32
117.46
117.6
120.09
120.23
117.71
116.88
105.82
95.58
101.4
96.43
108.6
119.44
124.96
132.72
133.91
133.7
130.68
128.71
122.14
123.46
117.51
113.03
113.34
117.97
119.83
120.43
115.99
118.73
119.65
110.53
102.7
92.31
94.51
94.99
98.56
101.29
108.13
114.5
122.33
118.25
122.48
126.42
132.38
124.71
122.8
129.42
133.52
130.87
119.17
111.0
113.33
102.66
96.36
95.46
87.81
96.22
96.3
98.91
101.71
103.82
106.46
108.45
116.51
127.82
131.86
131.78
126.4
127.18
130.16
124.34
123.1
115.35
103.38
99.91
102.98
99.93
99.64
98.01
93.53
104.59
103.07
102.61
113.9
127.35
133.96
140.67
144.78
150.14
149.12
155.08
152.46
135.94
134.39
140.39
146.87
145.93
124.44
110.72
112.66
113.0
117.62
110.69
101.09
111.17
113.04
112.32
127.61
139.0
152.55
144.84
150.0
156.25
161.25
165.65
168.65
161.3
151.34
154.21
144.66
140.64
117.78
92.57
88.47
92.91
95.24
93.17
88.02
89.88
89.92
91.17
101.89
113.05
130.6
135.09
136.4
140.8
134.94
134.61
137.7
140.01
145.03
147.63
148.6
137.48
127.08
111.7
106.74
102.7
99.8
98.88
89.81
96.73
97.42
99.52
106.5
126.03
152.97
159.96
169.72
136.5175
134.3825
135.225
173.3
165.22
158.51
150.32
147.94
154.4
136.35
129.79
121.33
117.82
120.13
114.2
107.77
111.77
111.17
101.49
105.0
114.63
120.27
124.64
133.37
133.97
133.49
138.7
131.93
136.21
126.03
130.32
131.24
132.05
119.96
112.42
109.07
103.87
102.91
98.9
91.34
100.58
102.85
98.71
98.68
100.83
98.42
100.2575
103.17
105.035
108.28
111.13
112.5775
111.8975
110.755
110.225
110.0725
109.3975
101.695
95.0375
92.57
90.9575
88.965
87.9225
86.1375
92.275
95.5425
96.685
98.0975
99.845
101.08
102.9075
121.97
132.51
138.73
144.33
150.76
154.35
140.68
132.93
128.82
126.02
117.17
121.75
123.03
122.16
116.65
108.75
110.26
119.55
118.84
121.05
124.12
119.35
133.37
134.22
140.78
150.42
155.23
154.41
153.39
151.96
150.7
148.05
141.5
134.7
135.94
129.18
124.83
116.5
109.04
105.53
97.97
104.52
105.0
107.4
113.82
125.7
138.91
150.41
154.97
159.19
159.1
157.79
155.75
155.67
162.01
160.99
162.65
167.87
155.25
141.58
139.45
128.27
118.29
112.91
97.72
104.28
106.55
108.14
112.38
121.32
136.36
140.74
142.55
145.3
148.37
146.87
147.62
149.24
145.71
141.05
150.49
146.67
139.32
128.14
121.42
125.07
124.14
119.63
108.03
108.93
110.05
110.47
117.85
130.11
145.92
150.04
113.06
149.32
116.13
154.29
153.84
162.41
157.95
144.21
137.71
142.7
132.78
121.2
119.13
107.86
114.94
111.47
97.97
105.5
102.14
103.75
106.84
120.99
132.73
140.7
140.57
136.5
94.44
129.7
131.56
132.38
126.13
120.97
90.01
61.98
86.11
112.15
108.68
103.87
102.91
98.9
91.34
100.58
102.85
98.71
98.68
100.83
104.36
102.34
112.37
115.08
121.16
121.84
121.6
118.88
116.66
119.59
119.2
123.45
116.37
114.32
113.97
117.19
113.93
115.13
106.55
110.62
104.36
97.4
98.28
103.42
104.75
107.37
110.34
108.97
119.03
118.32
121.56
123.88
117.87
121.13
120.8
124.74
115.7
109.16
110.99
101.72
95.16
94.62
93.85
105.08
106.53
104.9
107.61
120.96
131.05
127.33
127.57
133.85
138.46
130.48
124.66
119.48
112.21
111.98
109.99
111.37
105.53
101.09
109.39
113.01
110.56
101.16
87.22
96.31
97.4
98.79
106.61
116.82
129.99
136.68
140.84
135.06
127.27
128.75
131.44
117.41
114.02
108.74
100.2
103.12
94.95
91.2
93.44
95.69
100.49
103.06
98.45
105.66
106.7
103.57
107.17
110.41
112.06
110.7
118.83
120.54
124.42
125.64
122.82
119.27
115.32
117.99
112.05
115.24
105.93
106.72
110.34
112.75
116.14
111.9
108.23
119.32
110.97
109.23
113.56
115.06
107.06
123.67
113.58
107.98
122.45
115.15
111.54
109.41
107.35
106.38
106.68
97.31
84.96
82.9
82.58
86.83
90.67
91.48
84.28
95.08
97.88
102.34
112.05
118.81
114.85
115.42
104.42
112.68
121.17
116.42
111.66
105.73
100.0
94.97
95.34
95.19
93.52
93.9
90.5
90.64
88.36
89.2
87.27
86.58
87.29
85.57
89.83
87.15
72.62
75.35
76.69
77.43
82.39
93.92
94.59
94.03
93.94
97.6
99.57
96.73
90.32
82.15
82.56
84.73
80.05
77.1
76.57
87.14
86.32
88.05
91.81
91.14
83.33
80.8
81.72
83.73
87.13
91.63
91.21
89.87
95.71
93.89
99.01
98.52
90.87
89.13
87.01
101.49
96.65
94.76
82.93
88.9
94.18
94.24
95.52
115.94
110.015
122.72
112.91
105.46
102.92
100.01
99.95
95.69
90.35
88.65
94.35
95.73
86.34
84.56
84.66
84.03
84.36
89.15
80.65
89.49
91.48
92.96
93.12
95.38
100.26
101.46
103.97
100.53
102.52
106.47
103.58
98.47
95.31
96.16
98.0
98.19
93.97
90.74
89.69
90.54
91.92
90.79
86.53
98.46
101.04
98.93
96.59
97.19
95.99
95.12
98.75
97.4
99.49
100.04
101.53
96.74
91.8
90.38
89.09
91.35
83.78
81.39
79.58
82.68
82.95
82.51
78.23
88.93
90.0
89.81
92.49
97.11
99.24
91.29
104.24
102.78
98.21
100.1
97.48
91.85
87.44
88.23
92.13
89.01
82.0
79.46
82.22
82.96
84.66
81.6
80.4
90.51
89.97
84.46
88.46
90.99
97.87
98.38
94.65
95.01
100.45
101.2
98.19
92.62
87.25
88.47
91.7
91.84
82.64
81.48
80.09
82.35
87.17
87.76
83.13
90.76
92.95
90.84
91.59
87.29
85.5
91.74
93.52
86.91
89.74
94.62
93.99
92.4
89.96
89.42
90.18
90.02
83.26
79.95
80.25
79.35
79.23
80.26
79.4
87.22
88.53
88.46
89.08
88.1
81.47
77.67
80.48
78.87
82.88
91.45
93.52
90.95
91.71
91.43
90.42
88.94
81.45
77.23
78.67
76.57
78.13
78.26
77.76
87.06
88.75
89.04
93.06
98.48
95.86
98.27
98.18
98.83
95.49
95.04
93.87
93.2
88.76
96.94
104.89
104.98
91.1
88.57
88.46
82.93
79.07
79.42
76.56
84.88
85.45
85.57
92.0
107.26
108.57
107.66
106.84
102.78
102.83
104.31
105.66
103.67
96.46
96.6
102.96
95.49
86.5
83.06
82.9
86.22
88.53
87.19
87.6
96.45
94.94
89.49
91.38
104.95
106.63
103.0
101.34
102.05
100.06
93.18
92.26
89.3
88.44
88.55
96.67
96.26
85.8
80.24
81.17
80.94
84.32
84.4
80.06
89.43
91.31
90.39
90.71
96.89
103.08
100.95
103.28
104.69
110.79
104.96
105.25
103.91
101.36
101.52
99.02
95.98
88.51
82.69
80.5
83.09
85.9
82.68
78.11
87.76
88.26
88.53
92.45
96.58
100.22
103.43
102.29
100.94
105.76
103.18
97.76
95.43
95.64
95.22
96.44
97.03
89.86
84.93
83.02
77.98
74.8
73.75
73.24
82.55
84.05
83.45
83.85
85.98
78.68
73.18
72.09
74.46
73.14
81.14
82.86
81.57
81.55
80.52
82.55
84.07
75.47
72.54
72.67
73.39
73.02
73.42
73.02
83.04
82.67
83.97
83.88
86.99
88.15
88.48
86.2
80.61
86.3
86.66
88.02
85.77
81.38
82.12
84.61
85.77
76.77
73.25
73.46
73.57
74.21
72.62
73.57
73.6
72.0
73.02
71.06
51.33
40.28
118.715
119.4525
118.7425
42.64
47.04
62.28
72.54
73.55
73.2
75.03
77.1
78.09
77.57
81.95
82.11
82.93
81.92
81.43
89.88
84.4
85.11
91.85
100.46
102.97
104.17
103.32
104.72
102.26
100.86
104.78
103.16
101.1
99.88
104.72
108.09
97.87
87.12
84.77
84.45
81.04
81.69
84.01
90.18
89.02
86.64
92.06
97.94
99.77
107.86
110.37
109.07
109.11
103.39
100.75
92.24
89.22
86.78
90.11
96.13
78.49
75.41
75.02
73.64
75.8
75.19
75.13
85.15
85.01
85.86
89.14
99.87
100.74
100.94
103.48
101.44
97.04
95.21
100.52
94.58
89.79
86.98
89.09
87.8
80.31
80.05
79.29
81.93
86.85
87.68
80.52
89.83
90.41
90.16
94.51
100.15
98.8
106.56
106.37
106.04
105.55
108.56
109.44
101.55
101.12
104.22
103.96
99.77
92.0
88.87
88.17
77.71
77.43
79.67
77.02
83.85
87.22
84.84
84.16
87.66
89.13
85.61
84.1
83.99
81.84
84.57
84.6
83.96
83.91
83.18
85.96
85.78
75.85
72.17
71.89
71.48
71.9
71.66
72.65
84.35
83.82
83.57
85.3
85.94
86.78
83.82
82.91
85.33
83.34
83.18
83.6
83.6
86.2
86.79
86.37
85.61
75.9
71.66
71.21
72.4
71.7
71.96
74.63
84.42
84.85
83.75
88.83
100.35
103.15
111.73
101.24
98.65
95.09
96.39
95.06
86.99
86.72
85.81
89.55
89.79
78.63
74.62
73.71
73.85
74.95
78.15
76.42
86.57
86.7
85.67
95.02
102.88
106.93
107.96
110.19
109.24
104.54
101.82
98.96
92.85
88.09
90.13
91.14
90.27
79.77
80.51
79.52
81.39
87.43
87.48
83.74
91.96
93.63
92.93
94.91
102.75
102.31
104.17
101.97
101.58
102.87
103.42
102.78
95.71
98.17
93.19
94.78
93.9
82.2
80.85
78.65
80.2
78.05
79.16
75.25
84.78
85.52
85.77
93.04
102.87
114.88
114.58
117.99
107.45
102.66
105.41
107.11
100.6
91.82
89.7
93.06
91.42
79.15
75.28
75.84
75.27
73.76
74.69
70.29
84.14
86.94
84.67
91.86
92.15
91.45
91.85
90.78
91.11
94.18
95.46
96.85
102.49
90.52
92.51
97.67
95.55
90.3
86.87
85.05
82.64
81.37
84.22
83.31
88.08
85.99
84.33
83.38
87.89
79.84
78.35
71.11
89.63
81.77
80.3
84.63
81.59
82.4
83.23
84.65
84.73
76.49
71.1
70.91
71.92
72.1
72.35
72.61
83.83
84.8
85.17
84.22
84.2
83.08
82.27
78.63
80.06
81.35
84.05
84.2
86.43
84.14
85.83
84.81
86.75
75.2
69.23
71.89
70.41
70.64
71.22
71.86
82.96
85.32
84.62
91.92
100.6
110.88
109.44
110.32
101.19
97.61
100.46
100.75
94.05
90.1
90.84
93.59
97.43
87.25
83.14
85.42
84.56
87.72
79.3
72.48
83.66
85.7
84.65
90.86
100.94
110.82
117.39
115.27
112.29
104.66
101.06
101.6
94.84
87.96
88.58
91.64
94.58
87.56
85.81
83.07
86.92
87.2
89.31
83.69
95.12
96.44
90.2
91.47
99.16
107.73
110.55
110.08
100.63
99.83
102.92
100.33
96.62
95.05
96.3
94.54
95.64
85.61
82.65
80.57
79.59
80.12
79.22
74.39
86.29
87.01
86.42
93.17
106.73
107.44
113.12
121.29
118.65
111.38
110.87
109.13
105.08
101.19
92.67
93.59
90.88
79.69
75.53
76.49
75.35
78.54
78.74
73.81
85.77
88.96
88.26
93.61
96.86
96.9
98.38
99.9
101.18
101.31
99.61
96.58
90.49
88.58
88.56
94.88
95.93
81.35
76.5
75.46
74.95
74.39
74.72
72.93
85.3
87.97
88.23
87.35
87.16
88.33
86.34
82.24
83.93
89.7
90.39
88.16
86.85
86.96
87.09
87.87
88.54
76.34
73.34
73.97
73.57
73.8
72.5
73.61
87.38
89.37
89.72
90.3
90.42
89.62
88.35
87.81
86.02
95.12
99.14
97.48
101.54
102.54
104.03
104.15
100.92
90.26
88.3
78.03
73.87
73.49
74.01
73.63
87.8
92.8
91.05
96.44
103.12
110.09
117.79
110.43
111.26
106.45
106.17
104.1
95.89
91.94
91.38
92.15
92.19
81.63
74.59
74.95
77.31
75.7
75.44
73.09
85.19
86.15
87.72
93.14
106.02
107.68
111.61
112.78
112.2
111.4
111.51
108.22
105.29
99.06
99.18
104.97
99.7
84.82
81.54
79.7
80.66
79.97
82.29
76.53
85.19
86.15
87.72
93.53
105.27
113.04
115.66
114.66
123.8
124.39
122.37
106.94
103.15
104.59
98.78
96.55
92.89
82.45
80.16
79.08
80.23
76.52
75.01
72.76
85.68
90.97
93.82
101.67
113.41
119.63
118.62
117.18
120.74
113.45
113.88
105.02
94.94
92.74
92.05
93.66
92.62
79.71
80.16
79.08
80.23
76.52
75.01
72.76
85.68
90.97
93.82
92.98
98.88
102.11
102.25
100.86
99.31
100.51
99.71
96.59
89.4
86.93
86.35
89.14
88.39
78.14
73.84
73.64
73.12
74.42
73.8
68.45
81.97
86.09
86.71
85.72
87.75
89.11
90.37
94.57
98.66
102.41
100.73
101.16
95.85
98.69
98.05
97.5
97.41
82.27
70.58
71.09
71.4
71.38
71.42
69.62
83.61
86.67
87.76
87.7
87.05
88.11
88.07
89.19
88.39
89.7
88.02
89.35
91.17
95.23
97.42
96.39
99.57
90.62
87.57
87.81
85.99
78.21
78.22
76.84
91.56
90.64
88.46
94.92
105.93
113.92
116.67
113.95
114.21
110.14
109.5
108.84
96.42
97.54
99.52
101.05
102.87
93.26
89.91
88.57
88.73
79.11
80.6
77.55
85.19
86.15
87.72
93.53
105.27
113.04
113.57
110.96
109.66
106.04
104.78
114.42
109.25
104.91
109.75
111.16
111.02
107.05
100.61
97.24
92.09
92.74
92.15
87.51
99.62
102.85
99.11
103.67
104.94
108.81
108.1
105.83
105.04
109.33
112.86
110.98
108.14
104.52
105.86
101.8
94.37
82.76
79.52
79.78
78.89
77.95
78.22
75.09
89.71
93.61
92.71
98.09
111.36
113.58
115.63
113.92
116.31
119.69
121.44
121.12
117.66
112.75
108.93
109.38
106.35
89.81
85.51
79.63
74.29
76.36
76.72
72.33
86.08
88.18
88.94
92.98
98.88
102.11
102.25
100.86
99.31
100.51
99.71
96.59
89.4
86.93
86.35
89.14
88.39
78.14
73.84
73.64
73.12
74.42
73.8
68.45
81.97
86.09
86.71
85.72
87.75
89.11
90.37
94.57
98.66
102.41
100.73
101.16
95.85
98.69
98.05
97.5
97.41
82.27
70.58
71.09
71.4
71.38
71.42
69.62
83.61
86.67
87.76
87.7
87.05
88.11
88.07
89.19
88.39
89.7
88.02
89.35
91.17
95.23
97.42
96.39
99.57
90.62
87.57
87.81
85.99
78.21
78.22
76.84
91.56
90.64
88.46
94.92
105.93
98.81
100.55
101.44
98.78
100.06
103.5
97.2
92.77
91.76
91.39
93.37
94.87
85.14
80.64
78.83
79.68
80.82
79.26
75.52
90.26
90.02
90.96
88.73
95.64
97.97
99.57
95.91
98.35
96.53
94.98
97.05
92.85
95.13
94.72
94.77
91.02
80.97
84.58
85.49
84.34
85.55
83.61
81.03
96.23
98.01
98.03
101.19
98.83
94.03
93.89
98.07
96.79
96.88
96.35
95.33
90.67
89.67
90.78
91.69
94.22
80.12
78.25
78.28
78.07
76.62
76.57
73.33
87.16
89.91
90.04
91.61
94.99
99.61
99.49
99.42
99.84
98.59
95.37
93.77
91.85
91.67
91.53
93.96
92.43
80.8
80.25
76.72
72.11
70.74
71.69
72.55
69.74
68.52
70.45
71.64
71.76
70.38
66.57
70.25
59.21
71.13
67.58
64.37
70.36
70.99
71.22
71.3
72.09
73.57
73.22
73.37
73.74
73.61
73.36
74.46
86.91
91.07
89.07
89.83
89.43
85.81
90.69
88.65
91.34
88.35
90.27
89.54
91.58
89.82
90.83
91.67
93.97
82.74
77.26
78.23
74.32
72.15
73.93
71.33
87.64
89.02
89.16
88.77
89.0
88.31
89.56
89.07
87.68
88.24
88.8
86.39
88.68
88.85
88.44
89.91
89.01
78.01
73.34
72.34
72.12
72.65
72.76
72.79
87.25
91.96
90.36
92.59
94.84
98.69
97.27
99.73
100.21
100.23
100.06
99.0
95.95
94.34
95.79
96.1
105.03
97.27
98.97
102.53
100.49
105.86
108.15
107.01
113.02
105.01
94.83
96.48
102.96
104.85
104.78
102.89
107.01
111.31
105.76
109.08
106.19
102.52
102.81
100.92
96.27
83.37
78.45
75.43
76.29
78.55
77.57
74.75
87.32
90.68
89.62
94.25
94.78
102.08
91.22
97.25
95.47
96.43
96.22
97.36
96.57
97.4
95.02
96.45
96.07
81.0
73.6
74.19
76.75
77.65
75.98
71.3
86.31
88.75
90.54
94.27
93.03
96.18
98.19
91.72
104.26
104.86
101.3
100.04
95.28
93.27
92.7
94.26
93.11
82.94
77.95
75.72
75.17
77.8
77.74
74.22
87.22
89.24
88.25
95.47
101.0
104.55
106.27
106.84
105.92
103.24
104.88
96.64
91.54
92.44
91.75
97.58
95.55
82.66
78.35
76.98
73.26
72.19
74.45
74.08
87.7
90.43
92.74
92.51
95.65
96.0
94.8
91.65
98.8
90.99
92.11
90.26
89.26
88.43
88.56
93.53
96.0
87.46
84.91
83.14
83.2
82.83
79.28
77.65
89.66
90.34
88.74
87.82
90.02
88.8
88.19
90.21
89.46
91.0
89.39
87.8
88.15
88.51
90.31
91.12
95.47
80.64
74.24
72.59
72.99
74.18
73.37
74.76
89.86
91.59
91.4
97.02
102.15
101.14
104.05
103.67
102.71
104.94
104.24
101.63
99.14
102.02
104.3
103.83
99.55
79.87
77.98
78.74
76.13
76.96
76.61
72.88
87.85
88.71
88.64
96.92
99.36
101.01
102.47
99.77
101.62
98.27
99.58
100.4
95.06
90.8
91.41
91.77
92.86
83.11
77.88
77.97
77.51
77.54
80.6
73.79
89.75
90.15
90.04
95.66
96.06
99.79
107.14
110.29
116.07
115.78
101.6
100.0
96.73
97.31
97.26
96.69
97.23
85.41
77.72
74.38
75.13
75.83
75.03
73.11
86.93
89.16
90.54
92.88
96.3
94.24
96.88
97.68
98.03
97.14
96.15
98.11
96.2
95.59
95.25
96.47
96.97
87.1
80.92
76.53
77.14
77.51
78.61
73.24
87.7
91.93
94.62
97.84
99.89
94.26
100.29
110.37
105.9
104.8
104.62
99.18
96.2
93.36
92.66
97.94
95.92
91.41
87.05
83.68
80.01
80.99
80.06
76.59
88.46
90.38
90.01
89.53
66.56
69.93
90.13
89.75
90.87
92.68
95.14
100.24
96.36
89.13
91.22
90.26
90.02
78.65
75.6
76.11
73.88
73.97
73.54
74.89
88.43
90.73
90.55
88.15
91.63
90.84
92.52
92.61
91.42
95.95
88.97
90.17
91.16
91.02
89.95
90.36
89.93
79.26
74.05
73.99
73.48
74.1
73.06
74.48
88.8
92.06
90.9
98.26
95.01
102.56
98.75
98.52
98.13
97.98
96.62
99.13
95.62
93.89
92.94
91.25
91.66
79.85
75.93
77.02
76.32
75.8
77.95
75.11
88.24
90.97
91.8
94.79
97.28
98.9
102.55
102.1
109.75
108.65
105.69
104.29
95.03
91.9
91.25
92.42
92.29
79.96
76.9
77.15
75.02
76.24
77.06
73.17
87.36
89.25
87.81
92.15
91.93
95.03
98.39
98.67
98.27
98.29
95.59
98.03
94.43
93.81
96.92
95.33
97.19
85.58
81.36
78.26
79.73
79.38
82.45
78.42
90.82
96.98
98.87
104.24
106.57
109.32
107.48
103.0
101.18
99.16
97.56
100.63
100.28
128.13
135.37
137.7
108.58
88.6
82.58
82.11
79.3
76.93
80.72
75.88
89.83
101.92
121.26
124.99
112.53
105.61
90.15
77.7
88.06
101.65
113.49
111.94
109.79
110.64
118.19
127.07
124.56
92.17
89.95
81.5
73.82
73.67
74.72
72.41
86.06
89.72
90.07
90.58
89.28
89.29
87.43
89.51
85.19
91.33
89.2
94.28
92.74
94.28
97.92
100.53
101.08
87.56
84.23
80.26
79.01
78.42
72.2
71.76
85.74
88.51
89.15
89.74
91.3
95.38
91.84
91.43
93.33
93.6
91.89
91.88
94.64
92.66
93.96
94.95
96.14
86.2
83.69
82.78
75.48
74.03
72.66
72.1
87.19
90.9
91.84
95.82
98.83
103.85
101.87
103.38
103.37
104.08
106.25
106.51
103.84
103.43
103.24
103.65
103.64
86.35
80.86
78.63
77.72
78.44
75.28
73.92
89.52
92.27
92.25
95.34
97.01
99.19
99.6
102.79
103.41
101.52
106.25
104.52
97.75
93.8
94.23
96.3
96.13
81.92
76.63
77.55
78.33
80.15
80.37
78.73
94.99
98.82
96.81
101.63
101.43
97.33
99.95
100.29
101.78
97.78
99.86
78.54
73.1
88.36
92.6
96.36
99.21
78.63
71.86
72.05
72.88
72.63
74.54
70.45
80.97
77.24
83.89
96.31
97.88
101.11
101.13
105.17
102.88
106.16
104.46
99.32
95.72
94.6
94.55
95.07
96.65
83.5
75.74
76.0
75.45
74.72
75.22
73.31
86.26
90.38
90.17
92.29
100.38
100.58
100.17
96.96
96.45
96.9
95.79
83.89
94.3
91.59
89.73
90.45
90.03
77.74
73.05
72.42
70.85
73.06
73.52
70.94
83.81
87.27
87.56
86.57
85.86
87.35
87.32
65.73
87.71
86.73
89.06
88.85
91.25
97.71
97.5
98.99
98.88
80.33
70.39
70.19
70.73
70.88
71.0
70.03
83.24
86.77
87.13
88.28
87.63
87.34
88.57
86.94
86.42
88.01
90.85
93.73
94.38
87.78
89.52
90.55
92.04
80.07
76.22
77.97
76.98
76.72
74.0
73.02
86.8
88.21
88.53
94.77
96.14
98.07
94.13
86.58
103.79
101.95
102.18
98.64
102.06
101.32
103.56
107.38
114.61
91.36
84.56
77.96
77.37
72.36
73.9
71.05
84.76
87.49
88.63
92.72
97.03
98.74
105.09
98.77
104.76
107.89
99.11
100.09
99.35
106.61
113.68
114.67
115.52
95.86
79.57
78.17
79.82
78.97
72.01
70.6
84.18
86.97
85.94
90.71
92.32
94.0
96.99
97.4
101.18
98.01
101.17
106.27
103.17
101.25
93.11
94.44
92.64
80.42
78.6
77.31
77.5
76.83
74.95
70.65
84.61
87.65
87.16
93.44
97.21
99.85
101.43
99.57
103.72
108.94
108.19
105.56
103.12
101.8
99.03
103.19
102.65
85.21
76.9
76.23
78.22
78.83
80.94
75.56
90.59
91.12
88.46
97.65
99.64
105.09
106.78
105.21
108.48
109.33
116.4
109.38
101.74
98.12
96.64
94.61
94.4
83.91
88.53
91.51
89.95
90.6
90.02
85.62
100.81
95.16
90.35
90.0
93.8
94.08
96.62
91.1
93.05
93.12
92.69
92.58
91.76
92.67
92.32
90.03
89.88
75.12
71.17
70.61
70.13
71.4
71.91
70.38
84.8
87.0
87.46
91.03
98.09
105.13
107.91
106.39
105.36
100.87
95.69
97.31
97.29
97.97
100.13
89.56
89.43
76.48
70.8
69.56
71.38
70.62
71.43
73.12
89.64
92.15
93.94
96.33
100.72
105.59
110.47
119.35
106.7
104.78
102.61
108.64
102.96
102.34
103.45
100.06
98.61
81.56
76.04
75.05
75.42
74.65
73.8
72.11
84.81
91.04
91.46
98.62
102.83
104.88
106.05
109.62
111.48
114.07
110.93
114.36
106.52
105.97
99.17
101.29
100.96
81.21
73.24
73.81
77.05
74.01
73.63
69.8
83.28
88.66
90.5
94.9
97.44
100.65
105.2
105.42
102.2
104.41
110.75
110.16
105.67
103.16
102.33
103.89
105.47
89.33
80.34
79.31
77.76
77.78
77.06
74.94
87.24
93.66
96.03
98.93
99.25
105.65
107.3
109.99
110.09
113.89
116.27
115.84
112.44
101.37
101.6
98.81
96.83
83.37
82.04
80.79
76.56
76.45
74.51
70.76
86.97
91.13
92.48
92.46
99.09
101.87
104.06
103.62
104.16
111.13
112.93
108.4
102.41
99.89
101.28
103.48
101.11
82.68
78.42
76.88
77.85
76.21
74.01
71.7
86.34
91.31
94.95
92.83
92.98
95.07
96.71
99.35
96.69
97.2
94.22
92.49
99.63
93.66
92.26
90.98
91.37
78.35
79.48
79.84
82.29
83.17
84.77
83.34
89.68
94.96
97.85
95.62
94.06
94.04
93.68
95.94
90.89
91.24
93.21
97.02
96.85
96.48
105.81
104.49
99.28
87.87
85.41
79.45
80.97
81.01
76.71
80.87
94.35
99.25
103.56
103.33
106.03
110.5
114.55
113.53
112.86
99.18
102.84
107.61
100.18
98.77
96.17
97.25
96.82
86.38
80.24
78.43
75.76
79.14
82.51
78.18
93.97
99.22
103.74
107.87
103.99
114.66
112.06
113.96
111.78
119.6
121.22
113.13
105.75
100.87
99.87
101.86
98.99
86.39
81.06
82.37
87.61
85.35
82.71
78.68
92.96
95.47
101.63
96.85
104.36
112.23
108.18
106.99
107.99
114.86
115.89
116.01
111.57
108.25
107.17
107.24
101.91
92.45
93.97
96.55
94.64
94.95
93.03
88.0
94.79
98.19
104.73
115.55
120.97
135.27
142.32
139.39
144.05
143.91
142.16
127.6
127.45
125.62
121.33
119.43
117.63
106.34
103.4
99.51
98.11
94.62
88.46
84.4
102.45
107.15
112.26
114.16
129.79
135.77
134.79
123.15
127.58
119.06
118.75
118.49
120.32
121.21
117.1
106.1
100.54
86.83
83.69
80.55
79.08
78.69
73.38
73.69
87.78
94.05
98.92
96.51
96.87
97.09
97.98
100.21
101.12
100.88
100.7
94.59
95.42
93.74
94.54
96.18
94.65
80.68
76.7
77.14
76.31
77.11
76.58
76.23
88.98
92.0
93.61
91.68
93.23
96.98
94.69
93.06
95.67
96.37
98.87
94.91
95.21
94.5
92.87
92.66
92.75
82.56
83.64
84.37
83.08
81.55
79.97
82.02
97.12
94.61
104.64
112.37
120.46
124.57
132.66
133.63
138.64
136.05
136.24
140.15
131.88
131.92
135.24
130.67
127.54
108.02
97.23
94.57
94.76
83.62
81.16
76.91
91.76
97.51
106.79
115.25
122.9
138.62
137.81
148.02
147.06
149.02
137.31
145.34
133.5
127.18
121.55
109.89
110.79
94.07
84.07
82.59
85.33
83.03
80.98
75.15
89.94
94.97
103.17
108.65
115.8
134.52
137.52
140.1
139.97
139.24
139.18
140.21
139.43
128.46
127.61
125.86
118.19
103.74
95.75
95.52
88.92
89.27
83.81
77.07
93.06
96.37
108.4
116.5
122.03
138.32
142.41
135.67
133.79
135.15
126.74
137.89
122.45
114.16
108.75
106.38
105.48
88.53
83.83
84.82
85.88
85.09
82.49
81.7
96.65
100.22
107.27
109.21
118.75
121.09
125.11
125.17
120.11
114.78
112.52
112.14
111.08
114.47
110.83
108.92
107.21
89.25
83.54
84.14
82.74
80.32
77.66
75.12
88.81
92.56
93.7
93.47
94.16
94.68
102.08
100.63
103.84
102.18
104.05
108.45
104.58
105.23
104.54
101.13
100.57
85.58
78.2
78.15
78.66
76.71
76.49
77.87
91.4
96.59
101.08
99.88
96.3
93.35
93.74
101.86
99.46
101.84
100.34
101.75
103.47
102.72
105.23
98.87
97.38
86.81
80.89
74.06
73.14
74.22
73.51
73.63
88.86
93.4
103.45
110.08
117.57
128.38
132.87
137.17
145.59
146.32
144.23
145.57
141.82
139.81
137.84
136.26
132.51
110.83
94.52
97.04
92.92
91.68
89.09
84.9
100.12
99.68
111.67
124.02
123.53
135.94
136.94
142.86
145.96
139.38
141.46
140.65
137.06
134.71
131.09
126.19
119.47
107.96
96.22
96.23
94.19
92.8
89.32
85.53
100.33
103.61
112.65
122.59
136.61
148.36
150.45
157.83
171.35
170.5
168.76
169.55
164.84
158.39
146.9
139.25
134.0
107.26
97.51
97.68
91.74
92.88
92.96
89.54
104.31
109.23
122.09
129.17
146.65
160.8
158.13
162.13
165.27
156.63
158.69
154.25
154.66
144.53
129.08
124.96
121.42
105.32
100.8
100.12
94.01
92.48
88.44
84.02
97.6
101.09
107.53
111.21
117.93
123.84
129.62
122.57
117.7
116.33
117.9
123.18
124.92
118.48
119.17
114.18
109.91
99.83
90.82
87.2
87.22
89.0
86.97
81.49
93.44
100.64
104.37
119.2
119.07
118.82
116.66
119.02
110.95
112.98
116.86
118.24
124.29
125.08
118.72
118.34
117.32
99.11
91.23
91.27
89.08
80.89
80.35
82.9
95.17
97.51
100.68
107.68
100.08
102.01
104.22
108.94
112.36
114.96
110.78
111.01
118.76
115.64
113.04
112.26
112.43
93.64
86.28
88.88
89.64
89.84
90.54
90.49
89.6
93.54
97.48
96.13
84.05
86.09
80.64
89.51
89.31
94.54
94.13
93.91
97.77
96.93
96.42
95.58
94.03
93.31
93.48
93.45
94.17
93.11
94.07
94.27
107.42
105.88
108.83
112.6
117.83
133.64
144.12
148.13
138.09
138.2
143.39
142.98
134.01
141.1
143.57
141.75
138.78
117.83
114.23
101.79
95.3
89.71
85.25
83.35
98.84
103.34
108.47
111.98
116.63
127.76
131.49
132.53
138.53
139.2
146.43
135.02
147.66
149.2
145.68
135.86
129.96
117.01
112.08
106.21
101.64
98.88
98.13
96.44
109.8
114.52
124.55
125.23
136.54
155.59
165.96
161.72
155.65
143.73
146.68
142.28
133.88
135.86
137.2
126.95
117.55
100.09
92.69
89.69
87.94
86.88
85.68
81.79
93.93
98.5
102.18
109.42
110.44
122.82
131.34
132.81
126.41
121.34
115.52
121.15
118.94
119.4
117.23
112.57
112.57
99.97
97.04
104.25
99.84
98.95
99.01
97.2
112.95
119.37
125.02
138.03
135.33
134.87
123.0
123.74
120.95
123.71
126.61
126.72
128.62
127.92
128.17
129.68
128.09
109.96
98.95
95.89
90.12
91.87
90.19
90.52
104.1
106.38
107.63
109.79
109.86
112.63
112.7
112.52
118.46
116.17
118.11
120.76
118.88
124.77
125.38
119.57
121.76
107.18
99.95
100.23
99.63
98.16
94.98
94.64
108.21
111.39
116.04
120.24
126.01
140.48
141.54
142.35
147.79
144.54
146.47
144.65
136.22
134.76
134.15
130.97
121.76
103.98
95.12
98.0
92.77
92.79
87.61
85.05
97.64
99.23
107.39
121.42
118.64
141.51
149.81
157.83
162.4
153.6
156.2
153.56
146.44
151.02
142.34
140.7
139.44
122.66
117.27
115.14
113.68
109.2
103.65
95.88
103.71
104.7
116.24
123.53
132.03
143.54
142.05
146.52
155.07
150.04
144.27
148.13
137.42
137.22
137.05
135.41
132.0
115.66
101.24
95.91
91.36
88.66
86.22
85.18
98.04
103.43
109.81
120.61
129.96
141.17
145.33
146.0
149.19
148.66
156.18
156.26
147.35
144.99
150.71
140.74
137.38
119.98
106.05
104.05
96.15
94.41
90.27
88.89
103.31
106.07
111.94
125.6
125.3
128.22
128.06
131.08
130.65
128.41
130.67
130.31
130.16
128.97
131.1
126.31
128.23
105.44
101.57
101.22
97.79
88.94
85.48
82.42
96.23
99.41
108.69
120.5
128.72
132.43
129.14
124.99
121.09
118.88
121.68
120.73
117.23
117.71
121.93
126.79
121.67
108.13
104.54
101.95
102.49
100.39
98.45
93.52
101.23
100.06
108.3
119.03
125.26
130.09
138.31
147.34
142.18
129.95
128.66
132.8
128.2
124.36
127.81
128.08
127.52
110.52
108.28
107.9
104.11
106.45
99.17
105.28
115.59
113.05
120.6
129.38
141.86
150.57
154.5
142.88
156.15
153.28
153.17
154.52
152.77
148.36
138.91
130.61
124.76
107.51
101.59
100.78
100.23
100.27
97.59
95.27
99.96
100.12
107.57
116.63
127.25
138.53
159.2
158.02
154.14
156.86
154.08
155.09
149.38
147.58
146.7
141.09
141.1
127.8
118.36
115.99
108.75
106.46
102.74
98.65
112.09
97.39
124.07
122.75
136.29
146.71
147.27
152.42
157.07
151.91
157.6
160.89
150.9
154.42
146.68
137.02
133.93
115.54
103.44
101.35
104.76
103.05
103.58
97.97
112.53
116.87
125.43
131.42
137.95
146.71
147.27
152.42
157.07
151.91
157.6
160.89
150.9
154.42
146.68
137.02
133.93
115.54
103.44
101.35
104.76
103.05
103.58
97.97
112.53
116.87
125.43
131.42
137.95
146.71
73.24
117.825
135.85
130.27
134.17
129.24
126.03
123.06
119.45
122.61
121.37
109.68
102.91
103.51
100.88
97.06
102.44
95.55
108.8
112.75
116.29
126.61
123.21
123.61
132.91
129.99
125.23
120.05
118.67
122.66
124.96
128.11
127.63
129.03
127.9
121.43
109.09
106.22
103.7
98.11
97.55
94.73
102.46
105.32
106.77
106.91
105.84
107.19
118.18
121.42
118.46
120.24
118.24
127.66
130.48
131.69
130.01
130.25
129.32
113.87
109.53
104.07
96.89
93.19
92.16
93.1
106.25
109.61
115.36
124.24
139.44
148.49
150.84
155.48
160.92
158.92
168.67
166.76
157.68
146.33
137.83
132.42
134.33
125.29
115.3
120.35
117.95
116.16
115.59
100.98
110.04
112.76
114.59
118.74
125.84
134.83
146.59
151.17
150.5
147.09
155.45
151.86
142.99
142.95
142.01
133.7
131.86
115.8
107.2
100.35
100.74
101.34
105.03
99.3
110.37
115.04
114.75
132.94
138.97
149.78
150.4
146.94
150.73
154.1
155.78
160.16
142.29
148.38
141.88
141.9
143.59
128.1
114.9
113.51
109.05
105.14
102.19
102.41
116.05
121.28
126.5
133.51
139.06
152.86
159.21
156.9
159.07
148.37
149.2
148.79
142.09
134.71
131.36
126.43
120.08
101.63
92.96
92.24
90.6
96.79
97.95
94.02
108.93
108.06
114.15
118.97
127.17
130.5
133.93
141.74
134.68
136.32
134.67
135.08
133.85
136.18
135.03
132.39
128.91
116.63
105.27
103.54
107.13
107.21
105.46
98.72
103.95
107.92
114.35
119.32
123.96
128.0
134.82
141.69
136.51
142.05
139.87
143.79
149.76
155.76
145.94
148.99
131.25
121.73
114.54
110.11
104.31
102.14
103.48
104.4
115.12
115.66
108.14
108.85
113.05
113.96
114.44
111.21
118.03
119.43
129.02
130.7
132.87
133.14
130.21
128.58
121.44
101.05
91.8
91.89
93.07
91.79
90.14
86.4
100.09
106.53
115.44
115.2
131.02
133.45
138.2
152.42
146.05
143.1
141.7
139.43
144.48
151.82
155.83
150.8
147.76
130.08
118.57
114.97
112.86
107.21
105.45
98.89
107.39
106.19
113.54
123.93
130.93
142.81
159.02
165.25
166.43
155.75
160.24
163.97
159.17
153.21
151.42
143.15
140.35
116.66
101.02
103.23
112.09
108.96
111.6
110.82
123.07
130.75
132.78
140.11
148.91
151.2
149.63
145.34
151.48
144.44
152.18
153.69
151.54
151.22
150.08
144.08
147.64
125.79
116.48
118.92
106.26
102.45
98.28
88.65
100.76
102.53
102.25
115.1
124.73
139.02
149.27
149.38
147.99
142.85
148.7
154.45
149.46
144.04
141.34
142.36
143.44
128.11
115.96
115.54
110.33
106.95
104.96
94.67
102.33
105.08
107.83
109.73
114.42
120.61
125.74
136.25
141.24
129.72
138.76
133.95
115.05
113.24
114.72
117.37
118.14
102.65
99.69
100.41
95.08
94.29
94.56
89.17
101.99
103.78
104.45
105.26
107.22
110.76
120.33
117.97
120.14
120.04
120.01
126.11
133.61
137.17
138.82
137.52
120.99
101.34
96.69
96.63
96.54
94.11
88.8
88.83
100.75
104.94
103.8
104.36
103.91
106.65
112.94
113.84
118.7
118.56
117.85
121.38
122.26
124.96
123.47
122.85
118.91
108.54
107.83
103.64
100.86
99.75
97.0
86.67
95.57
96.3
99.84
102.36
106.48
115.07
116.88
120.94
127.61
126.27
121.89
125.18
116.1
115.37
118.94
116.99
116.84
108.41
108.6
108.52
103.45
107.63
107.01
104.59
114.98
114.56
108.31
115.59
124.06
132.78
134.76
132.63
131.02
132.61
131.09
132.44
126.21
120.13
120.43
126.54
122.6
106.33
101.12
102.96
108.03
106.72
105.96
102.5
109.55
106.99
115.4
121.88
131.68
140.15
144.46
143.24
155.43
151.99
158.36
155.13
149.16
147.2
147.43
146.92
146.21
132.32
116.33
111.15
109.11
108.76
108.48
107.13
111.87
111.06
119.63
137.64
137.05
153.67
160.84
164.15
158.85
145.39
146.65
150.54
140.98
139.25
134.41
131.69
127.05
109.85
104.81
101.56
98.2
91.52
91.85
90.72
98.47
99.4
101.59
106.8
115.24
118.13
127.57
128.58
126.73
131.54
127.97
139.16
142.26
145.98
151.37
157.24
154.77
143.81
115.9
104.23
101.02
99.54
102.46
98.73
106.36
109.27
105.03
117.98
121.52
124.97
126.15
123.82
116.11
113.3
113.89
115.71
115.5
115.3
111.18
108.67
112.64
104.28
100.66
97.54
98.34
97.63
97.93
90.76
98.93
103.94
105.23
104.49
106.99
103.45
111.91
115.13
121.17
123.33
128.07
127.49
132.08
125.46
116.61
111.12
106.73
104.61
104.95
102.8
100.76
99.1
97.05
97.91
108.87
104.33
106.54
113.77
123.06
133.46
138.25
145.33
145.22
147.21
145.23
152.02
141.72
141.32
141.87
154.04
149.14
136.98
127.32
124.93
123.34
121.53
115.86
109.25
107.61
107.25
103.26
114.65
126.58
139.04
144.11
150.04
147.01
156.54
158.63
158.8
153.75
155.14
158.62
150.04
152.96
132.25
121.56
114.16
103.98
103.34
105.48
108.96
120.36
123.3
135.17
147.1
160.35
169.39
153.63
155.32
160.97
168.38
167.69
161.07
150.24
142.44
137.06
134.97
135.0
114.42
105.63
104.2
96.93
96.82
100.57
94.73
108.06
112.0
115.77
122.42
139.32
160.1
165.13
174.44
169.6
165.63
168.22
169.87
154.32
158.57
157.28
152.18
149.19
123.88
106.03
105.42
104.81
103.92
99.53
91.29
105.88
109.35
113.09
114.87
123.14
130.24
133.51
135.17
134.41
133.44
132.66
131.15
128.14
128.29
130.05
138.23
136.6
121.91
115.39
112.71
111.15
110.74
113.74
109.89
118.89
116.62
119.35
135.93
136.31
134.03
136.0
140.45
131.57
129.62
131.82
130.43
126.89
127.59
129.98
133.01
134.59
116.43
119.42
120.16
118.49
116.88
98.21
97.83
112.17
117.85
118.43
118.64
116.62
113.75
114.85
120.27
125.66
130.28
128.28
128.47
125.37
121.87
115.31
109.59
108.74
100.45
91.5
88.2
85.5
85.8
87.14
87.27
101.56
102.65
107.83
113.92
125.72
131.71
130.59
126.46
139.27
135.53
145.72
149.88
141.31
141.75
142.8
139.4
140.27
127.81
111.0
107.94
100.55
100.8
101.17
97.46
108.93
112.92
118.15
126.51
137.08
149.71
150.9
156.03
154.86
152.56
154.63
158.44
156.33
154.33
158.24
157.66
150.68
138.12
135.13
130.53
127.43
116.12
122.63
118.36
128.03
131.8
129.66
129.17
140.67
149.31
153.26
150.53
152.86
162.39
161.44
161.57
157.63
159.8
162.0
156.89
155.38
135.98
135.89
128.65
130.09
127.73
124.51
123.19
129.45
127.37
131.4
142.14
158.7
163.43
155.31
158.04
155.56
158.31
158.47
155.2
153.3
147.52
145.14
145.94
144.9
128.9
115.72
117.22
116.54
117.5
113.23
110.23
118.29
112.98
113.61
121.0
127.69
135.95
131.74
139.19
142.05
142.35
142.4
139.75
142.31
143.97
149.23
145.76
135.38
118.16
110.84
112.63
110.9
95.05
97.37
94.42
108.28
112.12
108.96
125.63
127.22
130.95
137.98
135.64
126.43
122.35
127.62
129.73
125.69
130.44
133.99
142.78
141.87
128.64
109.35
104.47
96.12
95.45
95.45
92.06
103.69
106.45
106.75
106.19
105.23
106.41
113.82
120.29
119.37
121.13
123.69
124.56
126.51
130.83
135.23
136.8
128.6
120.8
111.19
103.07
96.48
91.75
92.65
94.05
105.93
108.28
111.7
121.44
130.38
140.49
140.43
144.88
150.72
153.57
156.25
154.15
155.36
153.74
146.13
144.34
145.74
126.06
116.02
114.71
114.55
116.64
113.93
111.17
108.07
107.84
115.22
121.99
138.14
155.85
166.99
170.24
160.59
160.71
170.52
174.38
149.22
144.45
172.52
162.07
160.08
141.92
132.59
132.41
131.07
126.04
121.92
116.33
127.08
130.12
130.78
128.86
139.64
144.75
147.48
149.75
153.11
156.35
147.78
146.61
141.09
137.53
134.76
129.29
125.99
107.78
101.75
104.44
102.03
92.43
91.05
88.91
100.97
103.48
108.44
121.48
131.57
143.16
146.96
154.5
155.01
152.59
153.84
157.16
154.27
158.85
156.8
150.82
152.91
134.25
126.42
128.34
134.86
134.34
122.4
108.24
116.15
115.89
118.75
126.78
136.31
136.33
143.24
146.8
155.26
145.87
146.82
149.98
144.32
140.35
134.27
130.7
125.54
113.23
109.89
107.37
107.15
106.38
94.42
89.13
100.11
99.67
101.59
120.1
123.65
125.42
131.33
129.88
125.24
133.75
142.01
142.63
142.75
151.91
154.9
153.12
151.13
121.82
111.73
111.21
112.82
105.57
94.61
93.4
108.06
113.0
114.52
114.96
121.13
123.19
126.43
130.38
127.44
122.8
125.1
125.23
120.44
122.23
125.96
125.15
118.94
99.94
95.77
91.03
90.63
88.89
89.81
90.59
102.78
104.6
105.77
113.01
122.3
134.2
139.8
149.09
150.34
153.17
151.31
146.03
141.8
139.43
140.52
140.54
138.72
120.58
113.72
112.27
105.87
102.42
105.96
94.42
99.08
102.07
107.44
116.83
126.33
139.53
151.63
153.38
151.06
149.34
154.04
149.64
146.27
145.7
141.79
146.12
140.01
124.88
120.77
129.95
135.37
132.74
128.15
118.99
116.08
108.42
106.03
109.87
101.51
95.25
85.92
80.94
93.88
100.66
103.24
103.76
100.72
100.03
101.22
101.33
103.27
102.65
96.81
97.06
92.0
90.85
90.67
89.44
102.92
105.67
104.94
120.03
128.94
142.92
150.33
154.94
153.35
144.57
143.97
144.18
142.67
135.68
132.74
143.96
143.06
124.47
117.95
116.82
116.95
115.6
116.47
107.53
110.85
111.67
107.81
115.5
125.16
121.94
125.7
129.52
130.59
135.43
138.41
133.18
128.04
127.2
129.86
125.45
124.75
112.93
112.92
114.04
112.68
110.16
105.42
98.14
102.46
104.72
100.22
108.96
110.57
112.79
114.52
120.83
122.68
119.26
123.61
121.16
119.35
118.37
117.27
123.52
123.69
109.66
106.34
107.89
110.66
109.71
104.77
100.86
110.72
113.99
106.38
106.89
108.53
112.09
112.18
119.54
126.36
133.98
134.01
130.66
127.22
126.07
126.04
125.68
123.26
110.15
106.82
106.72
108.01
103.65
98.46
95.46
105.89
110.1
111.76
119.36
128.49
139.32
138.68
141.53
146.11
146.9
146.81
148.03
133.75
138.64
141.66
132.04
124.83
110.66
101.82
114.35
112.14
118.66
110.1
106.95
114.01
118.66
126.51
128.27
136.17
146.38
156.58
163.26
165.28
157.69
157.29
158.87
148.42
152.68
146.24
135.52
128.81
106.89
103.22
104.06
105.13
111.09
105.31
103.96
114.73
111.22
114.64
121.73
127.54
135.83
140.83
147.43
148.34
151.21
149.97
151.37
155.51
154.43
145.7
140.42
139.01
116.68
109.89
105.44
103.24
97.02
95.34
89.28
98.39
100.39
104.31
113.4
124.21
137.27
153.56
171.71
167.25
166.15
171.56
172.71
166.9
152.24
152.68
149.68
147.24
139.22
137.45
136.23
139.16
133.69
135.19
127.12
127.96
123.58
120.02
111.31
121.21
125.28
130.16
131.42
127.61
128.15
127.06
128.61
123.09
118.95
120.12
118.65
114.55
99.11
96.25
89.66
88.8
89.29
90.92
84.33
94.14
96.79
97.25
101.8
104.37
107.09
107.88
110.41
115.59
117.12
118.8
123.74
126.89
120.64
116.34
111.97
110.6
103.1
100.53
96.23
92.48
92.81
92.97
92.21
104.39
109.51
110.92
109.97
111.03
106.8
108.69
116.32
122.15
124.3
126.4
120.99
119.45
120.99
120.49
119.69
115.87
101.97
106.97
106.72
106.15
94.92
94.37
96.59
108.04
111.74
116.68
123.08
126.44
135.86
138.0
138.19
144.3
147.66
153.53
147.44
136.1
142.27
140.9
136.65
129.89
112.78
106.04
103.09
110.37
115.09
102.19
91.42
95.94
102.12
107.93
119.61
131.67
149.63
157.57
162.17
162.88
151.56
157.42
162.75
158.83
147.44
145.97
156.85
154.28
141.95
132.87
131.06
130.89
122.39
122.84
112.68
115.55
108.34
102.94
112.34
128.44
147.59
152.31
146.83
147.41
148.54
151.75
148.2
139.67
136.28
136.48
132.63
130.53
112.69
97.87
102.8
103.4
101.91
97.07
91.35
93.89
94.03
93.43
90.35
87.87
86.85
89.05
93.18
82.5
91.87
93.43
94.58
95.59
94.81
95.06
97.64
93.24
93.18
90.96
92.58
94.41
91.11
91.04
81.78
82.84
81.83
81.77
82.87
84.24
83.53
82.92
79.35
79.33
86.72
92.68
95.77
95.4
98.6
99.28
96.58
98.27
94.74
91.16
87.94
82.99
77.89
78.4
77.81
90.62
93.25
94.16
98.37
101.41
107.25
111.11
115.18
115.49
119.78
122.07
123.58
125.88
127.26
123.41
120.45
115.23
106.32
101.28
97.96
96.03
97.6
95.22
95.53
104.4
105.95
106.17
107.21
103.86
104.6
110.1
121.84
122.73
122.53
122.98
127.27
129.24
133.06
128.39
129.9
132.47
119.88
113.22
107.21
102.97
102.54
105.76
107.67
116.94
121.91
129.38
138.35
147.05
153.08
152.07
149.61
152.66
160.12
165.79
162.89
146.96
146.51
147.93
141.88
138.93
113.61
104.27
109.17
107.96
108.93
115.41
104.9
105.23
104.78
107.38
123.85
140.92
148.63
157.77
160.72
156.3
155.45
159.1
159.52
150.83
140.4
138.34
141.78
141.5
124.74
126.11
132.52
130.52
124.18
129.47
136.64
150.23
158.03
151.54
163.72
114.0325
114.0875
119.515
125.7275
166.89
158.2
157.49
148.4
146.52
145.47
140.02
139.68
139.47
121.51
107.36
104.66
104.23
98.96
97.64
97.23
107.39
108.91
109.91
120.09
131.4
141.88
145.86
151.3
150.24
147.56
150.62
149.43
142.93
131.83
136.64
130.87
130.68
125.71
115.25
116.68
120.41
117.46
115.45
111.89
124.23
121.8
123.91
133.66
139.3
147.75
150.88
149.51
150.49
150.95
136.07
139.57
133.02
126.08
125.61
117.73
120.7
111.16
109.76
110.14
106.77
106.17
111.71
106.87
117.87
118.04
119.39
117.57
118.82
122.33
118.09
114.78
118.56
127.82
126.8
128.31
131.58
130.47
131.52
131.6
130.63
114.52
108.37
105.53
105.74
93.31
92.21
88.79
98.17
103.14
104.2
108.17
108.54
107.72
107.43
122.55
128.45
132.48
136.12
133.81
138.42
145.25
141.67
134.72
120.72
105.29
99.05
100.36
97.73
99.34
99.74
102.12
113.43
114.07
112.36
116.46
122.82
126.29
126.22
122.91
128.56
127.57
121.32
122.59
125.76
124.75
123.54
119.18
120.13
104.18
100.14
105.96
101.58
104.27
101.87
104.02
114.99
113.64
113.92
122.61
127.88
136.15
144.59
143.98
134.44
130.27
131.36
120.0
117.7
117.69
116.82
113.09
113.26
103.85
102.33
99.67
100.0
96.57
91.92
87.69
93.45
95.68
99.27
104.06
108.55
109.09
110.0
111.56
115.28
112.66
117.9
115.63
109.7
108.74
109.78
111.02
111.0
96.25
98.08
98.62
94.79
94.75
91.52
89.56
100.22
106.14
103.32
109.29
121.04
126.15
131.96
136.9
133.21
132.08
128.16
126.2
120.68
107.09
109.77
106.87
108.34
91.79
88.42
89.54
88.69
85.13
84.98
82.17
93.5
96.88
96.17
100.63
103.3
104.75
108.02
110.49
108.81
106.37
106.17
102.03
104.36
98.97
101.91
99.65
95.15
83.57
80.14
80.49
79.34
83.34
79.7
76.02
86.76
89.57
90.63
89.93
89.54
89.71
92.4
100.65
101.41
103.02
105.84
111.07
113.72
117.98
113.48
109.82
101.99
89.06
79.92
80.16
81.06
79.86
81.01
80.57
90.48
93.16
94.53
91.29
90.8
91.25
93.16
92.85
94.31
96.66
95.0
96.24
97.92
98.15
96.26
95.31
95.39
87.87
85.42
85.37
85.81
84.99
87.03
85.59
94.07
96.63
96.33
99.39
100.83
104.14
104.42
109.64
103.5
103.25
104.95
101.95
92.24
90.8
91.57
97.2
96.82
84.11
81.7
81.26
81.85
81.76
80.33
73.78
84.38
87.38
88.0
92.79
99.39
100.91
105.79
105.39
104.99
107.38
106.63
102.92
95.58
91.32
90.73
90.32
89.68
81.16
77.58
78.16
77.02
77.55
78.99
75.44
84.63
88.35
89.9
95.26
97.73
101.79
100.69
99.48
100.92
101.95
101.56
99.62
93.8
95.17
94.28
96.66
96.71
84.66
79.25
77.29
78.14
80.01
81.46
76.88
86.87
91.19
90.9
99.23
103.54
106.22
106.09
107.9
109.66
112.26
113.85
110.85
98.02
96.46
94.47
96.12
97.01
83.8
81.6
80.53
79.87
80.05
78.11
72.12
86.71
89.87
90.12
94.88
102.19
108.68
111.11
111.89
109.12
108.97
107.9
105.72
96.58
93.88
95.63
95.31
92.64
81.5
78.84
78.53
76.41
76.22
79.48
80.65
91.97
96.76
96.37
95.32
100.06
101.11
102.51
100.96
104.49
102.71
95.12
93.02
95.64
95.24
94.65
93.07
92.19
83.76
81.03
77.19
74.56
75.9
74.39
74.02
84.28
86.57
87.6
87.28
95.36
98.36
99.69
99.77
96.16
100.94
100.6
105.85
102.91
100.21
101.74
100.25
101.41
87.64
83.69
83.06
83.44
82.38
83.5
79.62
88.76
93.32
90.73
92.02
106.83
110.43
113.48
117.82
115.87
114.68
113.1
109.72
107.83
104.52
103.73
103.45
105.53
95.25
91.91
91.37
92.56
92.57
89.92
84.77
96.61
98.06
98.19
101.68
104.65
109.68
112.63
115.79
113.79
114.83
115.41
107.56
104.24
101.53
99.52
99.31
99.55
89.84
85.47
86.93
86.48
85.93
85.39
84.65
95.65
99.24
99.49
102.93
109.91
109.82
110.86
105.24
101.97
100.38
102.94
98.21
96.87
95.64
92.54
91.68
96.57
86.11
83.6
83.64
81.54
85.65
86.34
86.75
86.25
77.17
75.98
76.99
78.12
78.42
67.0
58.47
67.37
72.97
79.42
79.05
77.85
79.53
78.46
77.99
78.21
77.42
77.97
76.49
77.65
77.22
77.16
78.13
77.19
77.0
76.64
76.04
76.25
65.23
60.94
57.67
56.32
55.04
71.08
76.49
75.98
76.57
77.07
76.16
76.88
76.29
76.92
75.77
77.75
73.59
77.1
76.29
84.9
89.65
88.94
88.69
89.49
91.84
88.64
88.6
89.92
91.34
90.79
90.21
89.59
89.21
89.39
88.88
88.29
77.8
78.61
78.96
81.91
81.75
82.38
83.97
95.23
96.12
95.38
87.32
88.31
88.34
88.72
90.96
90.27
89.91
89.92
89.63
90.83
93.21
91.76
91.73
89.77
78.84
74.19
73.77
74.22
74.79
73.98
74.86
84.37
87.43
86.48
88.87
94.15
97.77
101.2
100.27
101.68
101.76
100.71
96.05
90.06
93.4
90.95
90.34
90.82
77.38
74.45
75.57
75.87
75.01
73.41
72.79
83.61
85.59
86.91
91.06
94.92
99.94
102.95
99.79
103.36
103.7
102.12
95.47
91.86
89.2
88.64
88.68
89.24
79.53
76.31
75.0
76.89
78.07
79.77
77.6
88.02
90.56
90.06
92.77
97.77
103.52
106.23
108.45
105.63
103.87
100.79
98.87
96.83
93.19
93.02
92.14
94.03
85.31
78.16
76.3
80.01
81.23
75.99
73.53
82.86
86.54
86.82
87.99
95.01
101.53
104.42
105.88
102.5
101.34
98.02
96.74
99.08
97.51
94.19
95.18
103.4275
82.53
77.64
