34.575
34.7083333333
34.4583333333
34.0083333333
38.0333333333
34.0666666667
33.975
34.6333333333
34.0166666667
37.4833333333
34.35
34.1916666667
33.6333333333
34.2416666667
36.05
33.625
34.3666666667
34.6916666667
34.9583333333
37.7
44.025
35.9916666667
35.7833333333
37.15
34.6
34.0416666667
33.575
33.25
33.0416666667
32.5916666667
33.2666666667
33.025
33.1416666667
35.4083333333
34.725
34.7416666667
44.9583333333
38.2583333333
35.5333333333
34.85
34.7333333333
35.6833333333
36.65
36.3416666667
36.6666666667
36.7666666667
36.4
36.9083333333
35.7083333333
35.5916666667
33.95
33.9166666667
33.575
33.5666666667
35.3083333333
33.6833333333
34.0166666667
33.7666666667
33.45
38.65
34.6
38.525
35.65
53.225
39.9
46.575
49.7666666667
46.6166666667
38.1416666667
41.3916666667
37.9
37.3083333333
35.2083333333
34.3166666667
34.25
33.8833333333
37.3583333333
37.1083333333
33.4666666667
33.375
33.8583333333
34.475
34.7666666667
37.3416666667
34.2583333333
35.3833333333
35.9083333333
48.7166666667
47.075
44.525
43.6416666667
43.15
42.7583333333
43.8666666667
47.6583333333
48.625
44.4166666667
40.2
38.8833333333
36.7
35.5916666667
34.8083333333
35.875
36.5333333333
36.625
37.2583333333
37.9333333333
37.85
37.0333333333
37.6916666667
43.6166666667
39.55
41.4916666667
50.5833333333
42.4916666667
46.1166666667
50.9333333333
56.5666666667
53.9666666667
44.5416666667
45.975
43.7666666667
37.9416666667
36.5916666667
35.5666666667
36.15
35.55
36.825
38.1833333333
37.8916666667
41.4
39.1
44.225
38.4
41.0833333333
43.3166666667
40.9833333333
41.6833333333
39.8333333333
42.725
47.85
55.5583333333
54.9583333333
54.9916666667
42.475
44.0916666667
41.9916666667
36.8916666667
35.7666666667
38.1333333333
36.2
35.65
37.7333333333
43.0916666667
42.625
37.5666666667
38.6083333333
45.3
45.0416666667
44.5416666667
49.8833333333
48.9333333333
46.5333333333
44.675
47.1166666667
46.15
45.25
42.3416666667
44.425
40.0166666667
38.8416666667
37.4666666667
35.8583333333
35.6
34.8166666667
37.8333333333
41.3
43.5333333333
37.45
44.7166666667
38.3083333333
39.35
44.6333333333
40.4583333333
42.0
42.675
40.7916666667
51.275
48.7833333333
44.8
49.7916666667
48.8166666667
45.8166666667
40.775
45.6416666667
45.4166666667
41.2
37.35
36.2416666667
36.025
37.8166666667
47.1416666667
43.1583333333
42.0166666667
44.1083333333
41.7083333333
40.15
39.8833333333
49.3333333333
45.125
42.0583333333
40.4333333333
43.2333333333
49.3833333333
47.5833333333
48.3833333333
46.8666666667
43.2916666667
39.4666666667
38.7166666667
37.15
37.35
39.6583333333
37.95
38.0583333333
40.7333333333
41.8666666667
42.7
47.0333333333
46.925
51.45
53.6083333333
57.0583333333
49.6666666667
48.0333333333
46.925
46.9833333333
48.6583333333
47.9583333333
45.4
43.4166666667
42.95
51.8083333333
39.5416666667
37.725
36.6583333333
36.525
36.975
41.0
40.7666666667
45.3333333333
44.4833333333
38.0916666667
37.425
45.1833333333
38.9166666667
41.9333333333
41.2916666667
46.0166666667
47.3333333333
46.5166666667
46.275
51.8083333333
51.5166666667
48.4333333333
49.5333333333
39.65
38.3
37.7333333333
36.875
36.9833333333
37.9916666667
38.9083333333
47.6
43.8333333333
51.6916666667
49.4
41.9166666667
52.1583333333
46.8833333333
56.675
45.175
47.7083333333
43.5083333333
52.9416666667
42.7416666667
48.4666666667
55.05
45.1
54.1083333333
42.3
40.2333333333
39.1583333333
38.5916666667
38.0083333333
41.7333333333
42.9833333333
39.5333333333
41.7833333333
44.6416666667
41.45
44.5083333333
42.1333333333
50.6416666667
53.9
59.7916666667
57.3416666667
57.275
45.2583333333
45.2416666667
48.5166666667
54.15
48.15
41.5916666667
39.8083333333
42.5166666667
37.5083333333
36.6166666667
36.75
37.5583333333
46.9916666667
47.2166666667
44.8583333333
45.9583333333
37.5833333333
38.1583333333
45.3166666667
45.2833333333
44.5
50.225
53.7583333333
49.8916666667
61.3083333333
47.7416666667
53.9666666667
51.9916666667
47.0416666667
44.175
40.5833333333
39.1166666667
37.825
36.6083333333
37.075
38.0
53.1833333333
41.5583333333
47.1333333333
42.25
45.5
38.5833333333
49.4083333333
43.925
43.8583333333
46.2916666667
44.475
46.9916666667
50.8416666667
47.795
63.2
59.15
54.4833333333
49.05
40.1666666667
39.65
38.4416666667
39.4916666667
36.7833333333
40.1666666667
38.85
40.0
49.275
44.2083333333
46.4916666667
47.9666666667
46.6
47.5666666667
44.9416666667
47.475
47.1666666667
56.3333333333
47.7416666667
49.125
52.15
45.3
48.95
46.2916666667
43.5833333333
39.2583333333
37.3333333333
36.3833333333
36.4416666667
37.1083333333
38.1083333333
38.85
42.0
49.9916666667
44.5833333333
49.375
49.5666666667
51.5416666667
45.2583333333
56.225
42.8166666667
44.6583333333
45.9
44.25
48.6416666667
50.3916666667
46.6833333333
41.6833333333
43.8166666667
39.475
36.8416666667
36.4166666667
36.2666666667
36.3
36.6333333333
42.075
51.6833333333
48.9833333333
48.35
48.925
43.1
53.1416666667
46.2416666667
57.55
55.7583333333
48.2333333333
46.5666666667
52.0666666667
56.0833333333
48.575
44.7916666667
48.0333333333
40.8
38.7166666667
37.8416666667
36.7583333333
36.8416666667
37.825
42.6583333333
42.225
49.875
56.225
52.275
41.7833333333
41.1666666667
41.7166666667
50.25
43.6666666667
46.5333333333
41.9333333333
55.4
46.9
46.4333333333
47.5
44.7916666667
43.875
38.775
37.1583333333
36.7666666667
36.2833333333
36.125
36.8333333333
40.5083333333
37.4416666667
47.9416666667
44.5
44.4666666667
37.8083333333
44.5333333333
50.2166666667
53.875
57.2583333333
44.3583333333
43.4083333333
43.9333333333
59.9
44.3916666667
58.1083333333
43.0083333333
44.4166666667
43.4583333333
44.025
36.4583333333
35.5
35.3166666667
36.5583333333
37.5166666667
44.5166666667
54.6166666667
46.1583333333
46.3333333333
38.5166666667
46.1666666667
54.8416666667
55.3916666667
55.9833333333
46.0083333333
46.55
51.225
49.2583333333
47.9833333333
46.6333333333
41.6166666667
40.0583333333
39.025
37.55
39.425
34.9333333333
35.1916666667
35.8333333333
40.1666666667
38.175
46.2583333333
43.5833333333
38.125
44.4416666667
52.5583333333
50.1583333333
52.475
45.6
47.0333333333
46.2333333333
53.3083333333
54.6
56.175
55.05
53.6333333333
44.9416666667
38.9583333333
41.1333333333
34.7666666667
38.6083333333
37.6583333333
35.7333333333
39.6833333333
44.175
39.85
43.4583333333
51.5166666667
45.225
44.2583333333
50.0666666667
48.625
58.1416666667
52.275
53.7833333333
48.325
56.6416666667
54.675
53.1083333333
47.95
57.8333333333
39.7
37.2583333333
39.1583333333
35.225
35.5
35.7416666667
36.2916666667
37.2916666667
37.3583333333
36.7916666667
38.8
44.775
38.725
52.0666666667
54.0166666667
55.7166666667
43.025
46.425
44.9833333333
55.425
56.2333333333
55.4666666667
48.5
48.1083333333
41.6083333333
40.9
37.3166666667
34.5833333333
34.4333333333
33.6583333333
37.225
35.4166666667
40.3
41.375
36.6333333333
40.7833333333
38.2
39.5416666667
37.2833333333
51.5416666667
58.375
49.3666666667
46.725
46.8666666667
52.675
41.3333333333
39.8083333333
37.7583333333
37.3
35.6333333333
35.625
35.0333333333
35.5
35.7916666667
35.975
36.2083333333
36.55
36.9166666667
40.4916666667
45.5
49.5
48.0666666667
46.9583333333
43.75
46.2
41.7333333333
46.4416666667
41.9
47.1083333333
43.1583333333
40.8916666667
39.175
37.55
38.4916666667
36.775
35.4083333333
35.5333333333
34.9583333333
36.275
38.6416666667
37.6333333333
44.65
42.0916666667
34.4666666667
41.1833333333
38.9666666667
39.0
38.65
39.4833333333
44.2666666667
40.325
44.5
42.2333333333
40.9166666667
40.0333333333
38.35
37.7166666667
37.225
36.825
35.7583333333
35.8166666667
36.0916666667
37.375
44.1166666667
41.525
38.875
37.2833333333
40.2166666667
41.1833333333
37.8833333333
35.95
48.8333333333
39.7333333333
43.5583333333
43.6833333333
39.1916666667
42.3083333333
42.825
45.7083333333
36.375
35.7666666667
38.625
35.05
41.4166666667
35.3583333333
35.4833333333
37.625
39.8666666667
41.1083333333
48.1666666667
44.8
44.625
45.8666666667
49.55
44.5916666667
50.6083333333
42.925
44.525
42.7666666667
42.025
41.225
45.0
43.5666666667
42.5583333333
43.1666666667
40.4666666667
36.2416666667
35.8583333333
35.6916666667
36.1
36.7916666667
41.3916666667
40.4583333333
42.5416666667
53.0583333333
38.45
47.0666666667
46.35
43.7166666667
39.1833333333
47.4916666667
48.875
44.55
56.875
43.4166666667
51.0916666667
44.8166666667
40.6083333333
36.95
36.3166666667
35.3833333333
34.7666666667
34.875
35.8083333333
35.0166666667
38.075
43.2833333333
46.9833333333
41.6416666667
36.825
38.5833333333
51.35
45.675
47.5916666667
50.775
53.0
52.0666666667
50.475
55.425
60.8
54.6833333333
41.075
38.2083333333
40.225
36.0
35.75
39.0166666667
35.15
37.6333333333
37.6583333333
44.625
45.875
43.7833333333
43.55
45.3166666667
50.9833333333
52.5333333333
54.325
41.6583333333
46.075
53.9583333333
52.4
52.6333333333
47.1
42.0833333333
42.7166666667
38.1333333333
36.7166666667
35.8083333333
35.2333333333
35.525
36.975
39.9916666667
43.525
44.1083333333
39.3916666667
41.1666666667
39.2416666667
50.2583333333
45.8416666667
51.05
57.4666666667
53.8166666667
50.4166666667
52.05
52.7833333333
61.0
63.4083333333
52.1666666667
45.2333333333
39.025
36.9416666667
38.9416666667
35.15
36.8666666667
43.3916666667
39.2
45.925
45.3166666667
44.2666666667
42.475
38.2583333333
30.7153846154
41.6583333333
42.0833333333
50.55
46.225
45.8333333333
46.3916666667
53.3416666667
55.2
45.7916666667
44.2666666667
42.575
41.3583333333
45.8666666667
37.0708333333
36.6
36.8166666667
36.85
41.4
38.5916666667
40.2916666667
42.125
40.6083333333
40.75
43.7166666667
40.4
42.85
47.0416666667
46.5
51.4583333333
43.0583333333
42.4916666667
45.1166666667
56.6666666667
40.875
39.375
39.975
36.7666666667
35.55
36.4833333333
36.325
36.4083333333
41.3833333333
44.2666666667
43.525
37.45
40.4083333333
39.9333333333
42.0666666667
44.05
38.7833333333
52.8916666667
48.5916666667
45.7666666667
46.0
55.9
47.95
41.9083333333
41.15
42.0166666667
38.0333333333
38.025
36.8666666667
36.625
36.3833333333
36.9833333333
36.7333333333
42.45
38.1
40.35
45.4416666667
40.6833333333
46.35
55.7416666667
45.3
48.5166666667
52.9833333333
45.7
46.9916666667
50.2916666667
50.4916666667
49.7
51.0416666667
43.5166666667
38.7833333333
47.9666666667
39.4666666667
35.7083333333
34.9333333333
35.8416666667
45.8083333333
53.3333333333
41.9833333333
39.4833333333
44.2916666667
37.3333333333
37.9583333333
46.025
60.9
54.7083333333
54.1583333333
46.9833333333
52.825
44.575
45.0833333333
50.7583333333
52.2666666667
43.2666666667
47.725
38.1583333333
36.4416666667
36.5
36.075
36.1083333333
37.3333333333
47.0333333333
45.7
46.8083333333
39.6833333333
48.6
58.0583333333
46.355
43.3
52.8
60.175
62.4166666667
50.1833333333
63.5583333333
51.3666666667
63.1083333333
54.1916666667
57.6333333333
43.7333333333
37.975
35.3666666667
35.05
36.0166666667
35.9666666667
38.725
39.2833333333
44.6083333333
48.3583333333
38.8166666667
38.3166666667
39.2166666667
48.85
44.3666666667
43.9
46.6916666667
45.2666666667
48.7583333333
49.7333333333
51.6416666667
57.8
52.5916666667
43.0166666667
41.675
36.8916666667
35.2416666667
34.9583333333
35.625
37.0
48.6166666667
47.5916666667
50.2166666667
41.5333333333
50.4083333333
40.4416666667
39.9083333333
43.0083333333
41.8416666667
58.3833333333
46.0833333333
46.3666666667
55.1333333333
44.9
49.5
51.4166666667
54.6166666667
50.1333333333
41.6083333333
35.6
35.2833333333
37.4
36.0
36.5083333333
44.6166666667
37.7166666667
40.85
39.6666666667
37.075
38.15
41.0083333333
36.7416666667
57.175
46.1083333333
50.8583333333
43.9666666667
43.575
47.4333333333
48.8666666667
45.725
45.7083333333
46.0916666667
38.7583333333
36.6166666667
35.9583333333
35.7416666667
36.1833333333
36.625
41.1416666667
43.8833333333
37.4916666667
38.2583333333
41.425
53.6666666667
45.4333333333
43.9416666667
52.7583333333
46.3833333333
46.5083333333
48.9833333333
57.1583333333
55.325
46.5833333333
47.075
47.75
44.2083333333
49.375
43.9416666667
38.175
35.25
35.9583333333
36.3583333333
37.8833333333
52.5083333333
51.325
45.8083333333
48.25
47.0166666667
52.075
49.025
51.6583333333
46.375
47.95
41.325
42.9666666667
57.1
51.5416666667
53.225
43.6666666667
41.8416666667
38.7416666667
37.6666666667
36.6916666667
36.3333333333
35.9916666667
36.025
39.7166666667
39.0416666667
50.6583333333
61.2416666667
41.7583333333
50.025
54.6333333333
53.95
58.4666666667
45.1583333333
50.7166666667
47.4166666667
47.0083333333
45.7083333333
48.7666666667
44.8166666667
51.1833333333
47.4
41.7583333333
44.1166666667
39.7
35.4333333333
35.75
37.5166666667
40.4833333333
35.7916666667
37.625
38.075
39.6333333333
53.9166666667
47.9583333333
50.125
47.1583333333
46.6583333333
46.0083333333
45.3666666667
55.45
53.0916666667
52.15
59.8083333333
53.8666666667
42.6333333333
38.5916666667
41.725
37.6666666667
37.4083333333
36.65
41.6833333333
41.5916666667
45.1583333333
40.5916666667
43.7166666667
48.9666666667
39.625
42.3333333333
38.5
42.85
48.2416666667
52.3166666667
50.8416666667
57.775
58.1083333333
52.89
58.6166666667
61.6166666667
52.3833333333
45.6583333333
36.7916666667
35.45
35.3916666667
35.3916666667
35.9333333333
37.35
39.4416666667
45.2583333333
48.3833333333
38.7916666667
43.2
39.2333333333
44.7
42.6333333333
40.875
48.2083333333
51.4833333333
57.5666666667
50.45
57.55
48.2
46.3
40.8416666667
38.1833333333
37.5833333333
39.2
35.4583333333
38.975
36.0833333333
37.075
38.8083333333
37.8916666667
46.7416666667
41.6
39.4583333333
41.85
40.8333333333
36.8833333333
42.2583333333
41.975
53.7833333333
48.1775
48.4325
53.2416666667
60.6166666667
56.9083333333
47.4583333333
41.4833333333
37.2083333333
36.7166666667
36.3166666667
36.2916666667
42.125
40.225
38.7166666667
50.2083333333
41.3583333333
40.6916666667
40.3083333333
43.4916666667
45.925
51.4083333333
49.175
39.7416666667
43.5583333333
42.9333333333
47.075
50.8583333333
44.0166666667
45.3916666667
40.5916666667
40.5583333333
37.2833333333
36.3583333333
36.825
37.225
36.5666666667
40.6
38.4
39.3583333333
42.5833333333
38.4416666667
48.1416666667
39.95
40.9416666667
44.7416666667
55.95
58.1666666667
45.5083333333
47.9916666667
53.9916666667
52.8583333333
46.5166666667
48.3666666667
61.4
50.2833333333
38.6
36.6916666667
40.2166666667
35.5583333333
35.6083333333
36.0666666667
39.7416666667
41.3833333333
53.6916666667
43.85
44.1
62.175
49.5333333333
58.475
59.4583333333
51.3
54.3416666667
53.1916666667
49.39
45.05
59.3666666667
47.3583333333
41.0166666667
40.125
42.3583333333
36.4666666667
36.0583333333
36.55
35.5833333333
35.2833333333
36.775
40.1416666667
39.2583333333
43.9083333333
44.4666666667
50.9833333333
51.25
43.9916666667
46.35
42.025
47.8583333333
52.625
53.425
54.7
52.625
58.3
45.525
52.975
39.3
36.5083333333
35.7583333333
36.6916666667
38.4833333333
46.7083333333
43.4
42.325
38.5916666667
43.2333333333
41.85
40.825
38.5833333333
42.0
47.0916666667
43.8583333333
54.175
46.5833333333
56.2833333333
61.225
52.2225
52.3166666667
42.6583333333
39.725
45.3583333333
36.8
36.3833333333
35.8833333333
35.8833333333
41.35
38.4416666667
44.7
55.6666666667
44.325
36.8
37.825
38.25
41.0916666667
40.825
41.6833333333
41.95
46.6166666667
51.45
63.5416666667
53.1833333333
47.7083333333
40.5083333333
38.575
36.0333333333
35.3166666667
34.8666666667
34.8083333333
35.2083333333
40.8416666667
37.225
37.3833333333
53.2333333333
52.5166666667
41.5666666667
40.125
40.925
42.1333333333
49.4666666667
41.925
41.1666666667
46.5666666667
46.925
52.7333333333
46.525
53.7333333333
44.625
38.5333333333
36.45
36.1416666667
36.4583333333
36.425
36.375
37.1583333333
38.2666666667
44.825
37.8833333333
37.225
40.55
40.15
50.0833333333
49.6416666667
45.1166666667
55.8916666667
48.4083333333
45.9
44.5583333333
55.4833333333
52.7666666667
49.0083333333
50.875
47.85
38.5166666667
36.3333333333
36.1833333333
39.775
38.3583333333
40.275
38.2666666667
38.475
38.7416666667
37.825
37.4916666667
43.6
44.5666666667
41.75
51.8833333333
46.1666666667
39.9333333333
42.175
45.6583333333
48.8166666667
46.05
44.7166666667
39.0583333333
36.9583333333
35.825
35.2166666667
40.0416666667
35.0916666667
37.4666666667
38.9833333333
42.4333333333
49.8583333333
41.3083333333
43.9333333333
49.2833333333
46.5583333333
58.4083333333
48.2416666667
51.2416666667
45.6083333333
55.7666666667
52.4333333333
53.5
57.4
46.9666666667
52.8083333333
47.2166666667
50.8666666667
44.5416666667
37.6166666667
36.15
35.4666666667
35.5666666667
36.125
44.4166666667
43.725
40.9416666667
45.0166666667
41.4333333333
49.1
46.2916666667
43.6916666667
46.9583333333
45.8083333333
43.6416666667
50.2583333333
53.5916666667
53.56
56.5916666667
49.8166666667
50.6666666667
48.05
40.5666666667
36.3666666667
35.7833333333
35.675
41.3083333333
40.7666666667
45.0416666667
46.1166666667
41.1333333333
41.4583333333
40.175
42.0166666667
46.1666666667
53.8583333333
47.7166666667
50.9583333333
48.1583333333
57.0416666667
51.75
51.65
46.5583333333
52.6916666667
46.8583333333
39.6833333333
37.25
37.1416666667
36.0666666667
35.7916666667
36.6666666667
43.5166666667
40.025
37.175
39.65
36.4333333333
37.9166666667
42.6666666667
42.6583333333
39.8083333333
38.925
42.925
41.675
48.8416666667
59.7916666667
52.7333333333
52.0666666667
46.9583333333
46.0833333333
41.6833333333
40.2083333333
38.6083333333
36.325
41.6583333333
37.2083333333
40.6333333333
41.8416666667
44.3
41.0583333333
36.4916666667
40.75
36.9
35.95
36.9916666667
39.375
39.5583333333
41.9916666667
52.0916666667
55.7083333333
53.35
57.1416666667
62.0583333333
50.25
43.325
37.0833333333
36.3666666667
35.425
34.6666666667
38.6583333333
37.15
41.625
39.0083333333
40.55
39.2
39.7166666667
37.0166666667
38.3583333333
43.7083333333
48.9833333333
43.9
43.125
47.7416666667
53.6583333333
53.3333333333
47.425
47.8416666667
48.225
39.825
37.825
37.05
36.3416666667
36.5083333333
34.7333333333
34.425
41.3166666667
35.575
36.3166666667
41.1583333333
41.5333333333
36.075
41.5666666667
45.55
45.8666666667
45.775
43.175
52.175
50.625
43.9083333333
45.2916666667
42.0083333333
44.45
43.95
39.5333333333
36.4333333333
35.2333333333
34.35
34.6333333333
34.2333333333
35.4
44.425
42.1
38.8583333333
43.4833333333
43.7
45.3083333333
49.1833333333
51.7083333333
47.1333333333
43.375
53.9833333333
52.9916666667
55.875
44.2583333333
43.075
42.5416666667
40.935
37.675
40.2
41.35
35.0583333333
35.225
35.4166666667
36.1833333333
37.875
41.3916666667
40.5166666667
44.0416666667
42.5916666667
38.1
37.8333333333
40.65
42.1916666667
49.6166666667
49.7916666667
54.2416666667
53.05
48.0666666667
48.9583333333
48.8083333333
42.4833333333
39.5166666667
38.3
37.1833333333
39.6833333333
42.8
42.7833333333
40.3333333333
40.4
37.625
41.25
42.5833333333
38.5416666667
42.8333333333
41.3083333333
42.6
42.85
45.2916666667
53.3416666667
55.975
54.5416666667
47.3166666667
42.5166666667
39.3083333333
37.7666666667
38.8583333333
35.725
36.075
39.9166666667
37.1166666667
39.9416666667
36.8333333333
55.0
47.3166666667
39.9666666667
42.1166666667
44.675
41.225
39.025
38.4833333333
40.6166666667
40.2416666667
50.7083333333
56.1666666667
53.325
63.075
44.9416666667
39.275
38.1916666667
36.3083333333
36.175
36.9083333333
37.7333333333
44.9083333333
42.0416666667
37.8666666667
37.2916666667
40.2333333333
40.0166666667
37.7833333333
37.05
41.2083333333
49.05
46.8333333333
39.1583333333
54.3833333333
47.425
47.7916666667
50.0416666667
56.8333333333
49.05
41.0166666667
39.6833333333
38.375
35.675
36.2
36.45
38.9833333333
37.5
37.225
37.55
39.0916666667
42.225
54.2083333333
46.7833333333
58.2916666667
42.575
46.3333333333
44.9
51.7666666667
58.5583333333
50.1166666667
55.5833333333
46.9666666667
40.1833333333
40.7916666667
41.9083333333
36.4416666667
35.2166666667
36.4166666667
40.4666666667
47.3166666667
42.3583333333
46.275
47.125
42.675
41.2083333333
48.1583333333
51.6583333333
45.05
52.5583333333
46.9833333333
59.7166666667
47.325
54.5583333333
49.6916666667
45.625
52.4916666667
44.6416666667
41.0416666667
38.0333333333
36.6166666667
36.075
35.4833333333
36.5166666667
38.975
37.1666666667
44.0166666667
38.1333333333
40.4833333333
39.6083333333
44.2666666667
53.7333333333
50.775
49.8833333333
58.1333333333
49.9833333333
53.8416666667
47.3333333333
56.625
52.0083333333
44.5166666667
38.6666666667
37.7666666667
37.7833333333
36.1083333333
38.9916666667
34.9
35.1416666667
39.0083333333
37.2416666667
41.6
40.8
42.4333333333
42.9
40.0416666667
38.3666666667
41.3916666667
40.5
47.5333333333
45.2583333333
52.0166666667
57.475
51.9166666667
45.7916666667
44.5916666667
39.15
37.6333333333
36.7916666667
35.6416666667
36.4666666667
36.0
35.0166666667
38.7666666667
40.7833333333
45.15
47.0
36.925
36.65
44.2083333333
41.1583333333
41.2583333333
41.7083333333
40.7583333333
49.8833333333
45.3333333333
45.85
49.0333333333
43.575
45.75
43.4833333333
37.2833333333
36.1916666667
34.875
37.0416666667
34.4416666667
35.3583333333
39.9416666667
40.0
36.9083333333
40.6666666667
38.2416666667
39.2083333333
40.325
44.4583333333
48.9416666667
42.7916666667
39.6
55.8416666667
48.6166666667
51.25
54.0166666667
50.9583333333
43.3916666667
44.2333333333
40.1916666667
36.925
37.2083333333
38.175
41.5583333333
37.6416666667
37.2666666667
36.1916666667
44.7166666667
38.2416666667
37.1416666667
39.2333333333
41.05
38.925
48.0583333333
45.2916666667
52.9083333333
50.8916666667
46.5583333333
49.0166666667
48.1416666667
48.3083333333
46.6083333333
44.2
40.775
37.5833333333
36.3666666667
35.6583333333
37.7083333333
35.9416666667
36.875
39.1583333333
40.1916666667
38.9833333333
49.4916666667
42.975
37.2666666667
37.475
44.5083333333
40.7916666667
47.675
46.6833333333
41.0916666667
40.55
41.3
45.1333333333
51.9
39.3166666667
38.1333333333
39.0333333333
36.9833333333
36.2833333333
36.7
36.575
37.7916666667
41.3583333333
37.375
41.85
45.9916666667
39.0416666667
42.5916666667
43.025
43.325
40.875
41.2
42.4416666667
44.8083333333
46.3083333333
56.2
52.15
44.9
44.3916666667
49.625
39.5166666667
39.5833333333
35.8666666667
37.35
35.425
36.1083333333
37.175
41.5416666667
41.95
45.825
37.2916666667
38.4833333333
40.1
42.7166666667
40.4583333333
43.9416666667
44.9166666667
43.8916666667
45.525
47.8666666667
47.375
42.6666666667
41.775
41.9083333333
39.7916666667
36.8416666667
36.0083333333
38.3
36.0333333333
36.1666666667
37.0833333333
40.1416666667
47.5416666667
56.7416666667
43.2416666667
40.0166666667
44.3333333333
43.6
37.5916666667
43.4583333333
44.15
49.7333333333
46.3166666667
53.25
51.8166666667
50.7583333333
44.4166666667
48.55
42.175
36.525
36.6583333333
36.55
37.1833333333
41.6416666667
38.5333333333
43.5666666667
41.9416666667
45.7166666667
42.5583333333
41.8583333333
40.8416666667
37.6416666667
41.275
49.5166666667
41.3833333333
55.4
50.5416666667
46.975
44.3666666667
44.3666666667
42.3833333333
39.0333333333
40.6583333333
35.875
35.3166666667
35.65
36.0833333333
41.5416666667
40.7416666667
38.6833333333
46.5333333333
41.825
38.625
38.2416666667
38.4333333333
42.9083333333
41.1166666667
40.4416666667
41.5083333333
41.9833333333
47.0166666667
51.15
63.1083333333
55.225
58.675
45.675
37.1916666667
36.8333333333
39.5916666667
40.75
39.5083333333
43.7333333333
37.3416666667
43.725
38.5916666667
37.1416666667
42.4166666667
38.1583333333
37.35
45.1416666667
40.6666666667
40.775
48.5
46.0666666667
44.65
47.1333333333
52.875
50.175
47.1833333333
40.775
37.15
35.525
37.65
35.35
40.6083333333
46.5583333333
43.4
49.3083333333
44.7833333333
44.3083333333
37.8333333333
45.0416666667
43.5833333333
38.0166666667
39.775
39.3333333333
36.0583333333
46.0916666667
50.1166666667
51.35
49.5166666667
56.2
43.4583333333
43.6
45.2
39.6166666667
37.0666666667
39.0
36.7666666667
45.6083333333
44.7
46.5333333333
51.4916666667
45.8
39.0166666667
41.5
38.8083333333
47.3166666667
40.2166666667
39.5333333333
43.3
54.0416666667
59.375
58.4833333333
54.35
56.4
42.6583333333
40.3666666667
41.4916666667
36.1666666667
36.7416666667
36.1916666667
35.75
36.7
40.375
47.0333333333
55.6833333333
49.5
46.275
50.6833333333
57.475
48.9166666667
42.5333333333
41.5583333333
46.7
42.525
45.9333333333
60.4083333333
50.275
44.3916666667
44.5083333333
48.4916666667
38.55
36.3666666667
35.5666666667
38.7083333333
38.3
34.9333333333
42.1666666667
43.3583333333
38.9916666667
41.0083333333
45.775
39.3666666667
41.15
38.925
41.2166666667
44.95
53.5916666667
53.975
56.525
63.1166666667
56.875
49.8333333333
51.8583333333
46.7
37.875
36.4583333333
37.8166666667
35.95
36.5583333333
44.9083333333
39.525
43.0416666667
45.7
41.9916666667
45.425
42.2833333333
41.8916666667
44.65
42.9916666667
45.1833333333
41.5166666667
42.5
42.8166666667
44.6083333333
44.475
53.3166666667
44.7083333333
39.5333333333
37.8583333333
36.7333333333
37.4416666667
35.9166666667
39.7083333333
47.375
36.8833333333
36.5333333333
39.45
37.1166666667
45.3416666667
44.9583333333
38.2666666667
39.2166666667
41.75
41.8333333333
44.0166666667
57.3
44.3416666667
52.1166666667
49.8166666667
54.0
44.325
44.0416666667
42.475
37.3083333333
36.4666666667
37.325
38.575
43.0
40.775
45.1416666667
49.2
41.3916666667
37.6166666667
40.9416666667
40.7416666667
39.275
44.5416666667
52.7833333333
39.2083333333
54.4916666667
54.95
49.655
57.0916666667
47.7583333333
48.2416666667
47.825
38.3833333333
36.9
35.525
38.7
39.1916666667
39.5583333333
41.425
47.9166666667
45.0666666667
41.8666666667
43.925
39.9416666667
37.5666666667
37.075
41.85
46.4166666667
42.9833333333
43.2416666667
48.875
41.5416666667
43.85
44.4
38.9666666667
37.8583333333
35.6
34.0333333333
35.0083333333
34.275
33.3833333333
40.35
37.9333333333
38.4
37.775
42.225
46.125
42.9
37.775
49.3416666667
38.9583333333
38.7166666667
46.8333333333
40.8
52.5583333333
47.8166666667
47.0083333333
48.1083333333
46.65
39.3833333333
34.3166666667
33.3583333333
35.6833333333
36.1166666667
36.6333333333
37.3166666667
44.2333333333
45.45
46.15
44.0083333333
50.2333333333
46.2166666667
50.3666666667
37.8916666667
38.0083333333
42.1416666667
52.325
47.575
56.2833333333
48.8583333333
44.2
51.45
47.9416666667
40.1833333333
41.8416666667
40.5166666667
37.6
41.1166666667
37.1083333333
41.975
53.5166666667
59.225
48.325
43.5666666667
40.3
38.65
46.4
42.3166666667
38.125
46.6083333333
42.95
45.6583333333
47.0583333333
54.275
46.7
58.5333333333
47.3416666667
45.4666666667
39.35
36.9583333333
36.8083333333
40.6833333333
36.9083333333
44.3083333333
42.2083333333
48.6666666667
46.1083333333
37.4666666667
38.575
36.2916666667
36.275
39.2
39.3416666667
38.5666666667
58.85
43.8833333333
40.3333333333
44.9
41.1916666667
42.6333333333
38.4166666667
46.3833333333
37.7333333333
34.0666666667
33.9083333333
36.8583333333
34.45
38.2833333333
41.875
36.45
36.2166666667
43.2833333333
33.4166666667
36.6333333333
35.0166666667
47.225
40.7666666667
44.625
44.0916666667
54.7416666667
47.75
45.2
59.2416666667
53.2272727273
41.6666666667
43.275
43.0916666667
36.9
36.4833333333
35.7916666667
36.8583333333
53.4583333333
41.3333333333
47.0
39.2416666667
45.9833333333
37.8666666667
42.45
39.6083333333
50.525
47.1916666667
49.3916666667
51.0666666667
52.6416666667
55.3083333333
50.405
48.4583333333
44.5916666667
49.25
42.75
37.525
36.375
35.7166666667
35.4
37.2666666667
37.1916666667
38.7666666667
38.0583333333
38.7916666667
51.0916666667
38.7333333333
43.15
49.5166666667
51.325
46.7416666667
42.1166666667
41.4083333333
46.6583333333
57.875
56.6166666667
45.325
45.6083333333
49.2416666667
42.925
39.525
37.4916666667
40.6166666667
40.2333333333
37.675
38.1833333333
38.6416666667
49.5333333333
58.3166666667
40.8166666667
39.625
45.525
39.6666666667
45.3916666667
61.8583333333
43.8
47.975
49.975
52.6
46.4666666667
44.6083333333
43.3416666667
46.0
40.3166666667
38.5916666667
36.8583333333
37.25
36.3083333333
35.8
36.1
36.3666666667
45.5166666667
46.025
47.2416666667
40.1916666667
44.725
41.3916666667
36.9916666667
41.2916666667
46.075
40.3333333333
46.875
52.0166666667
48.8083333333
49.75
44.9166666667
45.6666666667
39.2083333333
37.125
37.3666666667
36.4916666667
36.025
37.6666666667
35.6583333333
37.025
38.4166666667
37.2333333333
42.425
35.625
33.95
35.7333333333
43.0
49.95
43.2083333333
43.4833333333
38.475
42.1583333333
44.5666666667
45.3666666667
48.2166666667
45.25
40.6333333333
39.1916666667
37.375
38.8416666667
37.3416666667
48.2
35.8166666667
40.8125
40.9025
40.505
39.3425
38.1975
38.6425
39.6375
40.0325
39.45
40.4775
42.81
44.68
45.6975
47.925
46.29
44.56
42.41
39.52
37.1925
35.0725
33.9475
33.7575
34.675
39.175
41.9666666667
46.825
39.125
39.375
44.1416666667
40.2916666667
40.4833333333
43.2583333333
44.9916666667
41.525
37.75
42.2916666667
47.35
48.0583333333
48.5833333333
43.9666666667
41.8416666667
47.7833333333
38.25
36.8833333333
36.525
37.7666666667
40.9416666667
37.2666666667
41.0583333333
39.725
38.9333333333
36.0416666667
39.3916666667
36.4333333333
38.075
43.6916666667
47.4916666667
39.5083333333
46.9416666667
43.15
44.1666666667
42.7
41.55
45.85
44.975
38.2083333333
38.1333333333
36.3916666667
37.3666666667
36.15
38.85
41.5166666667
40.1166666667
36.6083333333
42.1416666667
40.8916666667
35.3666666667
53.525
35.6083333333
45.7916666667
49.0833333333
38.85
48.7666666667
44.2916666667
45.7416666667
55.7416666667
48.9166666667
51.5833333333
45.075
43.6
39.4333333333
32.9583333333
34.8916666667
36.475
36.0916666667
37.8833333333
50.575
44.425
43.85
40.125
55.1833333333
48.2416666667
38.675
51.2916666667
52.6833333333
39.875
57.0916666667
45.0416666667
46.4166666667
57.4416666667
58.8
50.8666666667
39.475
42.075
39.6333333333
35.0166666667
33.7833333333
33.3
38.9333333333
34.1166666667
45.25
39.475
34.5833333333
39.3833333333
48.6416666667
57.5666666667
44.6583333333
35.425
37.675
42.7583333333
42.425
54.7333333333
52.4
45.1833333333
45.6833333333
47.475
44.3916666667
38.0166666667
36.1
35.175
33.0666666667
33.6083333333
34.6
35.225
34.0833333333
36.125
42.3833333333
55.6583333333
48.3166666667
42.1833333333
40.3416666667
39.2
47.2916666667
40.9583333333
46.85
55.2333333333
50.4666666667
57.1666666667
49.1916666667
51.7583333333
46.5333333333
40.5833333333
39.075
37.2916666667
38.9083333333
37.4833333333
38.5416666667
43.5333333333
50.4166666667
44.6583333333
43.5416666667
45.8333333333
41.8
47.6583333333
51.1416666667
40.8583333333
40.9
37.1166666667
43.0166666667
47.3833333333
52.5333333333
55.7916666667
49.4916666667
41.5083333333
42.7833333333
38.0583333333
36.625
34.625
35.5333333333
32.9083333333
33.35
35.7583333333
40.8583333333
39.7833333333
38.2416666667
38.025
37.225
37.9833333333
37.175
44.1333333333
37.9416666667
36.675
41.0333333333
39.225
44.55
50.1166666667
53.2666666667
54.6
42.55
44.025
38.8583333333
36.6666666667
36.0583333333
38.4833333333
35.8916666667
37.05
37.9083333333
43.5333333333
40.9166666667
37.2416666667
34.375
36.8083333333
37.775
40.025
41.1666666667
51.7916666667
50.9583333333
48.4166666667
45.175
53.7333333333
62.4166666667
52.3666666667
48.4666666667
43.925
46.2916666667
37.9083333333
36.9083333333
37.175
37.2166666667
46.3916666667
41.6916666667
41.4833333333
38.1333333333
41.175
41.5833333333
47.1666666667
44.65
50.125
43.1666666667
39.5416666667
39.4416666667
49.6
58.7833333333
50.7
50.775
63.0666666667
42.65
46.0666666667
39.1666666667
38.175
37.3333333333
37.0916666667
39.1666666667
37.3666666667
42.175
48.675
49.2833333333
40.8166666667
38.5666666667
39.7833333333
45.1583333333
49.75
52.0083333333
44.9833333333
38.875
43.8333333333
52.5333333333
62.4333333333
48.6
57.0916666667
43.375
40.4916666667
38.025
36.6416666667
36.7
35.8833333333
39.6333333333
36.7
39.375
42.8833333333
39.95
40.5666666667
40.2583333333
50.7166666667
37.8666666667
47.8416666667
55.8916666667
47.9416666667
42.95
52.35
47.5833333333
43.9333333333
46.5166666667
49.3083333333
47.6583333333
44.4166666667
41.8
37.0583333333
35.7833333333
34.2083333333
33.3666666667
34.6166666667
43.35
38.5
43.2083333333
40.8416666667
41.6833333333
47.825
40.075
38.1083333333
38.1916666667
45.85
46.8666666667
53.425
60.025
61.7083333333
51.65
43.1833333333
43.9333333333
42.5333333333
37.1833333333
35.8583333333
35.4916666667
35.9583333333
39.8833333333
44.65
37.625
47.5583333333
51.1166666667
45.7083333333
40.875
40.7833333333
41.5666666667
43.0416666667
44.6916666667
36.5083333333
37.7583333333
44.6333333333
48.25
48.075
49.75
49.2666666667
46.1833333333
40.9666666667
38.675
36.225
35.4416666667
35.7916666667
36.4333333333
36.4583333333
37.225
36.1416666667
37.5333333333
36.95
32.0083333333
34.9833333333
34.7666666667
42.725
38.2666666667
42.6166666667
42.3833333333
39.925
49.25
47.825
51.8833333333
49.3666666667
48.225
41.65
35.0
37.0166666667
36.45
36.1833333333
41.4583333333
40.5666666667
34.9416666667
40.0166666667
50.6583333333
45.65
34.6583333333
38.9583333333
40.0666666667
37.3416666667
34.8
39.8083333333
40.5583333333
50.325
45.7666666667
52.4916666667
46.675
44.125
40.0666666667
44.675
43.0166666667
38.9166666667
37.9
39.875
38.9166666667
40.9
43.0
42.95
36.5916666667
46.2
39.8666666667
35.975
38.3
51.2083333333
37.475
36.3
41.975
45.7916666667
53.6333333333
54.3833333333
50.7916666667
57.9416666667
55.5333333333
50.475
42.1333333333
37.2666666667
36.5083333333
36.9916666667
41.5083333333
51.8083333333
46.4333333333
59.125
48.2083333333
48.8083333333
53.775
54.75
62.15
51.625
47.9333333333
40.9583333333
48.175
41.325
41.7
44.5083333333
47.1333333333
43.1083333333
48.425
39.7166666667
38.1416666667
37.125
37.8916666667
39.0
35.0083333333
35.0083333333
37.0916666667
35.725
42.25
45.4083333333
37.35
40.725
37.4583333333
54.4083333333
49.2333333333
43.8416666667
49.575
50.5166666667
47.475
43.0916666667
41.825
42.4583333333
41.0583333333
39.5833333333
39.2166666667
37.6333333333
35.1
36.8083333333
40.5083333333
38.9916666667
42.8083333333
42.5666666667
36.2083333333
37.5666666667
34.9583333333
35.3833333333
41.8416666667
36.3666666667
39.6833333333
37.3333333333
41.9916666667
60.625
57.025
52.175
54.9916666667
44.9
39.5583333333
39.875
40.2333333333
35.3833333333
34.3916666667
34.0916666667
38.7166666667
35.6
39.6666666667
41.3
38.8916666667
40.4416666667
38.0833333333
39.3666666667
47.1333333333
52.8333333333
46.9083333333
51.9333333333
45.75
56.3
54.4
57.2166666667
54.25
46.2833333333
47.2916666667
38.4166666667
36.875
34.4916666667
33.9916666667
33.8833333333
34.65
42.05
44.3416666667
43.275
39.2333333333
40.4
33.45
35.2416666667
40.3416666667
45.3416666667
42.3166666667
39.0083333333
40.9
40.4166666667
42.0083333333
49.55
61.7166666667
53.0833333333
42.7
40.4416666667
37.2333333333
35.8
35.8333333333
35.3583333333
35.5666666667
40.5583333333
37.1916666667
37.4416666667
41.1833333333
37.7083333333
39.8833333333
40.8
39.325
46.4
43.4083333333
37.9666666667
45.8583333333
41.1333333333
52.75
49.9083333333
42.6083333333
48.0
42.5666666667
38.075
39.7166666667
38.7
33.8833333333
33.6166666667
33.7833333333
41.925
44.45
44.175
37.125
39.6333333333
40.45
36.3083333333
41.1166666667
41.2833333333
42.0333333333
42.8416666667
38.8333333333
45.1583333333
53.7166666667
50.2583333333
45.45
49.8833333333
46.025
37.5083333333
36.75
38.8833333333
35.075
34.325
39.1166666667
36.1083333333
37.9916666667
44.6416666667
41.0666666667
40.6166666667
40.475
39.6666666667
42.7833333333
43.5583333333
40.7916666667
37.6166666667
36.925
40.0666666667
48.6416666667
45.7583333333
49.8
55.25
42.9
38.5833333333
37.8583333333
38.5583333333
35.9833333333
35.4833333333
36.0583333333
35.1833333333
36.325
39.225
42.9333333333
38.0583333333
38.2666666667
37.5416666667
39.3333333333
47.9833333333
36.95
36.6
37.1083333333
41.6833333333
48.3416666667
47.075
53.5166666667
46.875
39.1416666667
37.55
36.9
38.6333333333
34.1666666667
39.4833333333
32.55
36.8333333333
39.0333333333
38.7916666667
35.275
39.2166666667
38.3666666667
48.7916666667
52.875
45.2
47.35
37.8916666667
44.475
48.375
57.7083333333
52.9916666667
46.0583333333
49.0
44.2916666667
39.2583333333
36.5666666667
35.1666666667
34.975
35.075
35.2
38.1083333333
42.55
36.2583333333
39.5416666667
40.0916666667
38.8333333333
41.075
43.7
41.9416666667
42.525
49.0583333333
45.1083333333
47.5083333333
47.4583333333
59.6833333333
49.8416666667
46.6833333333
48.8666666667
49.8
39.8416666667
44.3166666667
38.825
36.9583333333
36.2666666667
37.125
38.65
40.125
47.8916666667
48.6666666667
36.1583333333
41.0833333333
44.9166666667
53.3833333333
42.2
44.2333333333
44.175
47.1583333333
47.0083333333
49.1083333333
49.1333333333
45.2666666667
42.775
38.6833333333
36.8333333333
35.4416666667
35.2916666667
34.9
35.1416666667
39.95
38.8416666667
42.3833333333
58.4416666667
40.7333333333
43.6333333333
40.2083333333
43.2166666667
38.3166666667
40.6416666667
49.7083333333
52.8083333333
51.8583333333
47.425
48.2833333333
50.5083333333
42.9416666667
39.3583333333
38.725
38.9583333333
37.0916666667
36.325
39.875
36.5833333333
41.0333333333
40.4416666667
43.2583333333
39.375
51.4666666667
44.525
45.2166666667
35.7
38.0083333333
51.3333333333
52.1916666667
37.625
50.9333333333
52.1
48.325
44.3166666667
45.9583333333
36.8333333333
37.4333333333
37.2416666667
36.3916666667
38.7583333333
39.7416666667
42.2916666667
40.9916666667
39.1833333333
35.55
46.4083333333
35.3
38.9333333333
39.3666666667
41.5583333333
35.1916666667
37.075
37.0083333333
47.575
45.275
43.4583333333
40.9166666667
52.9
51.9666666667
40.5
37.525
34.7583333333
33.6166666667
33.3583333333
32.8083333333
33.0083333333
34.0666666667
34.75
35.85
38.4
48.1583333333
44.0916666667
44.2416666667
51.3916666667
42.2583333333
42.1333333333
41.675
45.8333333333
47.425
50.9916666667
46.85
49.6416666667
53.4583333333
42.5166666667
43.4583333333
37.9583333333
36.1916666667
35.625
35.1833333333
38.4333333333
42.5333333333
42.8583333333
36.6916666667
41.7916666667
42.6583333333
44.05
37.7333333333
40.2666666667
47.7333333333
44.4083333333
50.6666666667
48.875
57.225
56.9416666667
50.7
47.8916666667
46.25
44.475
40.5583333333
39.225
37.5833333333
36.9583333333
36.75
40.65
37.725
39.375
51.5083333333
45.1666666667
48.05
43.9416666667
46.7583333333
51.225
42.9416666667
41.9833333333
46.2083333333
47.875
40.675
49.9
62.6
54.6916666667
59.075
43.8666666667
42.975
44.6166666667
34.3666666667
33.85
34.0666666667
34.5166666667
34.2083333333
36.525
42.525
42.8583333333
40.825
34.6083333333
50.4666666667
46.0
38.8666666667
46.4416666667
58.3083333333
48.475
47.4166666667
43.575
46.35
51.4916666667
60.6333333333
55.2333333333
42.9666666667
38.5833333333
39.2166666667
36.4916666667
35.65
37.825
38.4916666667
37.45
41.9083333333
42.8416666667
41.85
37.7166666667
39.6833333333
47.7666666667
44.4166666667
47.525
42.6666666667
38.1916666667
46.7166666667
50.0333333333
51.325
45.2325
44.675
36.575
34.5916666667
33.3583333333
33.0333333333
31.7
31.7666666667
33.125
40.4833333333
35.2583333333
43.95
45.3916666667
48.625
45.4083333333
43.7833333333
50.0916666667
54.975
48.8083333333
47.4333333333
39.6416666667
48.6166666667
51.2333333333
47.465
60.6
53.3
38.8166666667
42.3416666667
35.375
39.8958333333
32.3083333333
33.65
37.1083333333
34.7916666667
41.4916666667
35.6333333333
44.275
38.0166666667
37.2833333333
39.0166666667
37.2583333333
49.1666666667
52.4083333333
36.9833333333
41.4916666667
50.4666666667
49.7416666667
50.4166666667
43.725
42.4
34.625
33.7333333333
34.8916666667
34.2416666667
31.3583333333
35.0333333333
33.45
31.2416666667
31.8666666667
31.45
32.0416666667
34.6583333333
44.7916666667
32.775
48.1583333333
32.9
38.2
32.8083333333
39.7166666667
32.0666666667
35.025
33.9083333333
33.1083333333
32.0916666667
32.0583333333
36.425
31.375
33.0416666667
30.7
30.6333333333
33.7833333333
33.8916666667
31.0916666667
31.5916666667
33.9166666667
36.375
31.9416666667
34.7083333333
31.55
30.675
31.0833333333
31.1
31.0083333333
35.5166666667
37.825
32.7166666667
37.3666666667
35.475
33.6333333333
31.05
31.2916666667
30.9833333333
30.6833333333
34.7166666667
30.975
30.8833333333
33.35
31.1833333333
32.0166666667
34.625
36.7666666667
30.6666666667
30.6916666667
32.6833333333
30.8916666667
33.775
36.3416666667
32.7
32.4416666667
38.2416666667
33.5166666667
31.65
33.775
31.6083333333
32.8916666667
30.9333333333
30.675
30.8333333333
30.275
33.7916666667
31.575
31.8166666667
31.4
31.75
31.1166666667
35.9166666667
36.3
44.9
41.7416666667
44.1416666667
40.625
33.9333333333
34.0166666667
34.5916666667
33.925
33.8
33.3083333333
32.75
32.9416666667
35.9833333333
32.375
32.275
33.8416666667
34.725
32.3416666667
32.7166666667
34.8083333333
33.0833333333
32.6416666667
35.3833333333
34.6583333333
38.6583333333
35.5583333333
43.375
38.225
37.2583333333
50.2416666667
44.8416666667
46.4
51.0666666667
38.4416666667
36.1166666667
35.0833333333
34.2416666667
34.375
34.2
36.625
40.9
37.1583333333
42.625
55.525
49.2333333333
57.6833333333
51.8416666667
53.35
58.2083333333
58.9333333333
51.6166666667
50.1
55.2416666667
56.4916666667
57.125
53.4666666667
56.7416666667
48.6583333333
57.075
51.275
45.425
42.425
42.475
42.5416666667
44.875
55.7416666667
52.7916666667
49.25
35.4775
55.5166666667
61.0166666667
58.2166666667
52.45
55.5083333333
56.825
50.8916666667
57.0583333333
55.925
53.9083333333
60.0666666667
55.8083333333
58.1333333333
52.675
47.2583333333
50.3416666667
45.4083333333
44.1833333333
41.2416666667
45.95
42.7583333333
53.7083333333
55.5916666667
45.7
46.225
48.725
48.325
53.275
50.425
54.475
54.2916666667
49.5166666667
48.0666666667
58.1916666667
60.7833333333
56.5416666667
49.9916666667
49.325
50.8
45.575
43.7416666667
43.1916666667
42.15
38.0916666667
45.6333333333
48.7166666667
58.0083333333
46.95
47.3
37.55
48.95
59.2166666667
48.3833333333
51.0333333333
47.6833333333
62.3166666667
59.35
40.835
58.25
50.85
42.225
38.4
34.9666666667
33.2083333333
33.05
33.0916666667
34.8416666667
39.4833333333
49.2166666667
40.75
34.7666666667
38.9333333333
46.8083333333
43.3583333333
55.95
44.2333333333
38.7833333333
54.3083333333
43.0
40.3666666667
43.5166666667
52.925
43.75
44.2583333333
43.8333333333
38.3666666667
40.9333333333
33.9166666667
31.75
31.6833333333
38.1166666667
35.45
38.475
34.5583333333
41.55
37.6416666667
39.3416666667
49.625
48.075
57.3083333333
58.5
51.9583333333
50.425
51.4583333333
46.775
57.825
45.7666666667
37.35
37.0666666667
42.9666666667
36.275
32.075
30.675
31.1916666667
43.6833333333
42.575
46.8666666667
45.75
48.1583333333
37.375
45.2583333333
33.0583333333
31.4916666667
36.5583333333
29.05
29.2166666667
29.0666666667
29.1
29.4083333333
29.35
29.6583333333
30.575
29.25
28.8833333333
28.9
30.5583333333
30.25
33.3083333333
33.275
35.0916666667
31.3583333333
33.2416666667
31.425
36.3083333333
30.2083333333
31.6416666667
29.6083333333
31.575
30.0416666667
33.1083333333
29.525
31.3166666667
31.7083333333
29.75
30.7083333333
31.475
29.4583333333
29.5833333333
30.2083333333
31.7083333333
29.65
30.85
31.4666666667
31.5666666667
35.4833333333
31.325
31.2833333333
31.525
31.1083333333
30.9416666667
30.8166666667
32.6333333333
32.25
30.9583333333
34.8833333333
30.5833333333
31.1166666667
30.5416666667
30.95
32.1333333333
34.2833333333
31.8916666667
30.6916666667
30.0666666667
30.2
32.6083333333
30.6833333333
30.2916666667
31.0916666667
30.5166666667
29.4333333333
29.8
28.4666666667
27.7416666667
31.4166666667
27.775
27.9416666667
27.925
28.025
28.0416666667
28.1666666667
28.15
28.25
28.55
27.8916666667
29.625
28.2333333333
31.8583333333
28.025
28.275
28.4666666667
27.9583333333
31.8166666667
27.8
29.475
27.825
28.9833333333
27.6
27.6666666667
30.9666666667
27.65
27.2
27.475
27.85
27.9083333333
28.075
30.2166666667
28.2666666667
27.775
27.7833333333
29.6833333333
27.8666666667
29.275
27.9666666667
31.2166666667
34.15
34.2833333333
34.7
37.0416666667
37.5666666667
36.55
35.7416666667
34.55
34.0916666667
33.7166666667
33.3833333333
35.4666666667
34.2333333333
34.075
35.7666666667
34.275
34.35
35.8083333333
34.2166666667
34.475
38.0083333333
33.9166666667
38.5833333333
37.1166666667
41.0083333333
40.025
39.65
39.8666666667
37.475
35.1
30.575
29.7583333333
29.1
29.025
29.2666666667
29.2583333333
29.475
31.6166666667
29.6166666667
29.9416666667
29.8333333333
29.6333333333
29.7333333333
29.6916666667
29.7
29.4083333333
30.3
33.9416666667
31.3583333333
32.3166666667
32.075
34.8083333333
33.1333333333
31.3166666667
33.1416666667
28.3083333333
27.35
27.475
27.7083333333
27.9666666667
31.5
28.0166666667
28.1416666667
27.8
27.9333333333
27.9416666667
27.775
29.8583333333
29.65
28.0
29.2166666667
33.3416666667
32.725
37.0666666667
32.9416666667
32.275
28.3333333333
27.975
27.9083333333
27.8
27.4166666667
27.475
27.5416666667
27.7416666667
29.2916666667
27.6833333333
27.625
27.7583333333
28.0666666667
27.7833333333
29.6833333333
29.8833333333
28.0083333333
27.8833333333
28.3083333333
33.7
36.8083333333
30.3166666667
33.3583333333
29.8416666667
29.1833333333
29.5666666667
28.0333333333
27.7
27.2833333333
27.5333333333
27.3333333333
27.5166666667
27.6666666667
27.55
27.6416666667
27.8916666667
29.8916666667
27.75
27.7833333333
27.9
27.5833333333
30.3416666667
29.525
30.2
32.8583333333
32.9083333333
30.6333333333
30.1
29.05
28.925
26.7
26.625
26.6833333333
26.6583333333
26.6333333333
26.4333333333
26.775
26.9166666667
28.7666666667
27.0083333333
27.25
27.325
26.975
27.2166666667
29.025
27.5
27.0
26.8
26.725
26.6583333333
26.5333333333
26.7
26.8083333333
26.7166666667
26.85
26.7583333333
26.6166666667
26.7916666667
26.7083333333
26.675
26.8416666667
26.8416666667
28.825
27.1333333333
27.0583333333
26.9583333333
27.25
26.8666666667
27.0916666667
27.1666666667
28.1916666667
28.7
28.825
29.6666666667
29.6583333333
33.55
29.7
29.8416666667
29.0833333333
27.025
26.425
26.5166666667
26.9416666667
26.9
28.7416666667
28.8333333333
27.0916666667
27.5083333333
27.25
29.0
27.0666666667
26.9333333333
27.1416666667
27.1416666667
27.875
30.8166666667
28.6583333333
28.5416666667
28.3583333333
28.75
31.6916666667
28.6583333333
28.1416666667
27.3
26.7916666667
26.825
26.8333333333
29.4916666667
27.375
27.0666666667
27.1416666667
27.275
29.1166666667
27.2
27.5083333333
27.2666666667
27.4
27.2
27.3833333333
26.7166666667
27.2666666667
27.3166666667
27.2833333333
26.675
26.3083333333
26.4
26.2333333333
26.1166666667
25.6583333333
27.725
25.9083333333
26.4583333333
26.05
26.05
29.6666666667
29.9833333333
26.4333333333
26.2083333333
29.8666666667
26.3083333333
26.0416666667
26.2166666667
28.0166666667
30.6333333333
28.35
28.4416666667
31.2083333333
28.5416666667
30.25
28.1916666667
28.025
27.4
27.6333333333
29.1
27.3916666667
27.3666666667
27.6
27.525
27.5
27.45
27.2916666667
27.3166666667
27.5
27.575
30.475
27.3
27.725
31.5166666667
27.6333333333
27.4166666667
27.0333333333
27.8833333333
26.9416666667
30.9166666667
26.6333333333
26.4416666667
26.6166666667
26.4666666667
28.625
26.5416666667
27.05
27.0166666667
28.7
27.225
27.2083333333
26.8416666667
26.9833333333
28.8
26.85
27.1416666667
28.7166666667
26.8833333333
26.9166666667
27.2083333333
26.925
26.8583333333
26.7916666667
26.6083333333
26.85
27.025
26.675
28.6666666667
26.9833333333
26.6833333333
26.8666666667
27.1083333333
26.9166666667
27.2416666667
27.1416666667
27.0
26.7916666667
27.4
26.7166666667
26.8833333333
26.9166666667
26.5166666667
26.7583333333
26.6916666667
26.3833333333
26.75
30.1166666667
26.5416666667
26.4
26.5416666667
26.4333333333
29.85
26.6333333333
26.1666666667
26.7083333333
26.65
26.5083333333
26.6833333333
26.7333333333
26.725
26.9166666667
28.6416666667
26.7333333333
27.0
26.6583333333
26.4666666667
29.75
26.5583333333
26.475
26.75
26.4916666667
26.2916666667
26.4666666667
26.6666666667
26.2333333333
26.6083333333
26.475
26.3416666667
26.625
26.9166666667
26.9
27.2666666667
26.6
28.4916666667
27.0833333333
27.125
26.65
26.7416666667
26.6666666667
26.5416666667
26.5416666667
25.8166666667
25.8083333333
25.75
29.75
23.35
23.15
22.8
22.7916666667
24.975
30.4166666667
30.1666666667
27.1166666667
27.3833333333
27.625
28.0916666667
27.75
27.2583333333
27.4833333333
27.3833333333
27.3083333333
27.5166666667
29.275
27.225
27.4083333333
27.75
27.3333333333
27.4416666667
27.7
28.2166666667
31.15
27.0833333333
27.575
27.45
27.1583333333
27.025
37.3166666667
29.6166666667
27.95
27.8416666667
30.5
27.7083333333
31.0583333333
27.7083333333
27.6583333333
27.6333333333
27.9333333333
28.0666666667
30.4333333333
28.3
28.8
28.2916666667
28.3
33.3916666667
28.0333333333
27.8916666667
27.8583333333
27.8333333333
31.4916666667
28.1166666667
28.1833333333
28.3916666667
28.3416666667
28.8916666667
28.2416666667
28.5666666667
27.8583333333
27.4833333333
27.25
27.4416666667
27.425
27.2
26.9666666667
27.2166666667
27.5333333333
27.0583333333
27.1333333333
27.425
27.8083333333
27.625
31.0333333333
27.9416666667
27.975
31.9083333333
31.675
28.2833333333
28.4
28.2333333333
28.35
28.3666666667
31.4916666667
28.225
27.9333333333
29.4166666667
28.275
28.1166666667
29.1166666667
32.5416666667
30.5166666667
30.0083333333
34.1333333333
31.075
41.9833333333
38.0916666667
40.575
37.9833333333
31.4416666667
39.2083333333
30.7583333333
30.7416666667
37.8
33.0916666667
32.6916666667
29.4166666667
28.7833333333
29.0416666667
28.6916666667
28.8333333333
28.8416666667
33.525
33.35
36.7166666667
33.2416666667
34.1583333333
35.6166666667
32.0666666667
30.3416666667
33.3916666667
30.85
30.65
36.6416666667
35.1
31.825
32.875
37.025
32.6666666667
31.7166666667
30.1333333333
29.7583333333
29.7083333333
29.7583333333
29.925
31.3416666667
36.925
30.15
32.9583333333
29.7666666667
33.5666666667
35.2333333333
32.6083333333
35.925
29.9416666667
30.2083333333
30.6583333333
36.7333333333
38.3
39.775
33.4
34.225
33.6416666667
31.5333333333
30.3333333333
29.875
29.75
29.7333333333
29.575
33.0416666667
30.025
29.7666666667
29.5333333333
29.5916666667
29.8333333333
29.2916666667
30.6916666667
29.175
29.9583333333
32.5
33.8083333333
30.8583333333
33.7
41.1833333333
38.375
33.775
34.5916666667
33.6916666667
32.7583333333
30.8833333333
30.2166666667
30.0833333333
30.275
32.65
33.0583333333
33.725
31.4916666667
32.8833333333
31.9166666667
33.4
34.5666666667
32.5916666667
30.1166666667
30.575
34.8166666667
41.0666666667
33.9583333333
34.575
40.1666666667
36.8916666667
38.025
36.7833333333
32.475
31.925
31.6416666667
31.2166666667
31.125
31.8833333333
31.425
34.9833333333
33.4833333333
31.6833333333
47.7166666667
31.6
31.7583333333
31.4416666667
31.2083333333
35.2916666667
41.7416666667
41.8
36.4083333333
37.3666666667
33.1083333333
32.9916666667
33.5833333333
37.1
40.7083333333
32.75
31.6083333333
31.425
31.5416666667
31.4166666667
35.225
35.55
38.0
40.3333333333
56.1166666667
39.725
51.7083333333
45.8916666667
36.5666666667
38.425
39.275
35.8916666667
36.3333333333
38.6583333333
42.5
37.2
37.7333333333
40.5833333333
35.75
34.4583333333
33.1583333333
35.4916666667
32.7666666667
32.6916666667
32.675
37.775
33.7333333333
42.9333333333
47.75
51.5333333333
34.9166666667
32.0833333333
34.025
32.025
40.5666666667
36.5666666667
45.9583333333
46.7166666667
42.325
46.0083333333
41.7166666667
38.8333333333
36.8666666667
35.2916666667
33.725
33.0333333333
33.25
33.225
32.7166666667
36.6583333333
37.2916666667
36.8666666667
34.5083333333
40.5416666667
41.1166666667
35.3916666667
35.175
36.5333333333
37.6916666667
36.6083333333
35.175
43.6416666667
38.2
48.4083333333
58.025
39.3083333333
36.2333333333
34.8833333333
38.1833333333
34.3666666667
34.5
40.1833333333
45.3083333333
34.0916666667
33.75
33.0416666667
33.65
33.375
33.1833333333
33.8083333333
34.2416666667
37.8333333333
52.9666666667
40.7166666667
54.0916666667
51.95
47.5583333333
50.1083333333
43.875
38.7416666667
36.8833333333
35.675
34.7416666667
34.1583333333
34.4
35.8333333333
35.4
33.2083333333
33.2916666667
33.075
33.2166666667
36.5916666667
30.5
33.0083333333
38.475
35.6083333333
50.0416666667
43.3333333333
41.0916666667
39.2833333333
54.0583333333
51.45
44.1833333333
39.725
36.3416666667
35.4833333333
38.8
34.7666666667
34.9083333333
38.0166666667
39.55
36.9916666667
34.9166666667
34.5833333333
35.1
41.725
34.8083333333
34.5
37.8166666667
46.1166666667
41.2916666667
42.2083333333
40.675
42.2333333333
49.35
48.625
43.0083333333
40.0833333333
37.95
36.8916666667
35.8916666667
35.5166666667
35.1083333333
36.2833333333
43.8166666667
37.8083333333
37.95
35.5083333333
34.9416666667
41.6333333333
37.1
34.875
38.125
42.2416666667
41.2583333333
36.5583333333
44.875
49.3083333333
38.0
46.1416666667
57.675
48.0916666667
43.175
35.8916666667
35.2583333333
34.925
34.7333333333
38.1166666667
43.9166666667
34.6916666667
52.1333333333
41.5833333333
50.5333333333
39.35
38.6166666667
39.3083333333
37.8166666667
34.25
38.4083333333
47.575
41.0916666667
48.1333333333
45.525
49.675
44.8416666667
47.025
39.5833333333
44.4166666667
36.325
34.2
34.6
33.8916666667
33.1583333333
37.6583333333
40.5333333333
41.5916666667
56.8166666667
48.9333333333
44.55
34.95
35.675
33.6416666667
33.625
33.3583333333
33.425
33.8333333333
34.5583333333
44.775
45.85
43.0583333333
36.1083333333
34.5333333333
34.25
34.0583333333
33.225
33.45
32.7583333333
33.775
34.1
43.4
41.725
50.6833333333
38.8416666667
41.9583333333
45.4166666667
35.6083333333
35.925
36.9
40.4083333333
42.8333333333
46.3
47.5083333333
43.2916666667
40.5083333333
37.1416666667
39.8
36.15
35.1416666667
35.05
36.325
41.125
33.2083333333
33.025
32.875
33.5583333333
39.75
34.0333333333
33.9416666667
34.3166666667
41.3166666667
37.7333333333
40.4083333333
37.5583333333
41.1833333333
50.9416666667
45.875
43.5083333333
43.5
37.4833333333
36.6333333333
36.25
36.225
35.9666666667
36.4333333333
41.3083333333
34.0166666667
36.425
37.5083333333
33.375
33.5166666667
31.9333333333
33.5916666667
34.2166666667
34.4416666667
41.7333333333
35.9916666667
44.6
39.35
43.15
48.65
43.8083333333
40.4833333333
37.4583333333
36.7166666667
36.3416666667
35.7083333333
35.5166666667
35.775
41.6083333333
34.5833333333
34.3333333333
34.6833333333
34.825
34.7
34.7583333333
34.375
33.3416666667
33.3333333333
37.5166666667
46.8583333333
44.1083333333
47.3583333333
50.7083333333
37.665
46.3833333333
41.7583333333
38.0666666667
36.9
35.7666666667
35.3583333333
35.325
35.2416666667
46.1083333333
37.4583333333
34.7416666667
41.05
34.875
37.6
34.4583333333
37.6666666667
36.1833333333
33.8666666667
34.5333333333
39.55
39.1166666667
43.7333333333
41.3666666667
42.3166666667
51.2916666667
39.9916666667
37.0166666667
35.0333333333
34.95
34.4916666667
34.2833333333
34.3666666667
33.4416666667
33.6416666667
41.0
51.5666666667
39.3333333333
33.9333333333
46.8333333333
50.0
37.7166666667
44.2666666667
42.8833333333
37.8083333333
44.4666666667
37.95
39.0333333333
44.4833333333
42.175
42.475
41.975
40.05
35.3916666667
34.4416666667
34.675
34.3166666667
36.7333333333
39.025
48.95
45.7333333333
40.7916666667
41.875
40.9916666667
45.8
48.5333333333
36.9666666667
41.7583333333
40.775
43.2916666667
35.4583333333
38.7666666667
45.9416666667
42.5416666667
42.3666666667
37.525
36.0416666667
35.875
36.9583333333
35.0083333333
34.5583333333
34.6
35.3916666667
34.2166666667
37.1166666667
44.0166666667
44.275
48.7583333333
41.7333333333
40.2916666667
35.8916666667
40.5416666667
51.0166666667
52.3833333333
49.0083333333
52.7833333333
60.3416666667
44.1833333333
40.1166666667
40.975
36.1333333333
35.0833333333
35.1416666667
35.175
40.875
36.05
38.7583333333
35.0416666667
34.3166666667
41.3333333333
35.3166666667
41.7
34.1583333333
34.25
38.2
39.7833333333
44.325
42.9416666667
50.1333333333
53.3416666667
41.775
46.4333333333
42.4166666667
37.3
36.6166666667
36.6333333333
30.3833333333
35.7833333333
36.275
35.6
34.0166666667
34.15
34.0916666667
35.7666666667
33.5
35.8166666667
36.4416666667
35.275
32.6
33.8833333333
43.1
38.65
41.1083333333
45.95
44.6333333333
39.6833333333
38.4916666667
37.7916666667
36.1083333333
35.6
39.25
41.7333333333
42.6833333333
39.35
33.9583333333
34.2
32.7083333333
33.1
33.6666666667
36.6583333333
36.4666666667
34.9333333333
35.5666666667
36.7833333333
46.5916666667
38.75
48.4083333333
49.8333333333
42.725
39.5
38.1833333333
36.5416666667
38.9416666667
36.325
34.7666666667
34.6083333333
36.5833333333
37.7416666667
33.2083333333
32.8583333333
34.9666666667
32.8333333333
36.8083333333
36.4916666667
36.8583333333
32.3083333333
35.4916666667
34.7416666667
36.675
36.275
35.375
35.675
41.0916666667
41.8
38.1083333333
34.9666666667
34.125
33.1833333333
32.8333333333
33.2416666667
34.1916666667
35.875
36.5
33.8583333333
40.8083333333
42.2083333333
33.0083333333
35.2333333333
35.3166666667
31.7666666667
32.15
43.5083333333
40.5083333333
36.1833333333
32.1583333333
44.8583333333
45.1166666667
39.1416666667
37.7833333333
36.9
36.4416666667
35.55
34.5583333333
34.625
38.0666666667
33.7583333333
35.15
34.1083333333
44.6666666667
47.3666666667
47.1833333333
39.1583333333
38.2166666667
44.0083333333
36.3416666667
51.3416666667
42.2583333333
39.8666666667
40.6833333333
50.6083333333
49.8666666667
42.9083333333
38.65
39.1916666667
36.525
35.4083333333
35.175
34.675
34.625
36.1583333333
36.825
36.775
36.5083333333
47.35
46.4583333333
48.6916666667
45.8333333333
44.1083333333
35.9833333333
35.6416666667
35.275
40.2916666667
49.575
50.5583333333
57.45
41.25
39.6333333333
37.25
36.175
35.55
35.0
34.6333333333
38.4916666667
37.0583333333
40.5583333333
37.025
40.275
43.825
42.4416666667
36.7333333333
36.7916666667
37.575
36.1416666667
38.6833333333
40.0
40.6916666667
38.7083333333
48.0166666667
58.425
40.2083333333
38.65
37.0666666667
36.8
36.2666666667
35.3333333333
35.5833333333
34.9583333333
40.825
34.9666666667
34.7583333333
34.675
36.8583333333
35.475
34.875
34.7333333333
34.0666666667
37.7833333333
34.6083333333
35.95
36.7416666667
43.125
49.8666666667
45.2166666667
43.675
40.975
39.9083333333
36.225
35.8
39.125
36.5666666667
36.1
40.9416666667
35.5583333333
34.9
34.725
34.6666666667
38.1666666667
34.7
34.4333333333
34.4166666667
38.2083333333
33.7416666667
36.7
40.05
37.9
46.4666666667
45.4166666667
43.0416666667
39.7166666667
38.7333333333
38.0416666667
37.1583333333
36.3916666667
35.85
36.4583333333
39.3083333333
39.2666666667
35.5916666667
38.5916666667
35.175
35.3
35.4666666667
39.0
35.75
43.8
50.7666666667
38.5916666667
35.1333333333
39.85
37.7083333333
44.9916666667
57.6916666667
46.05
38.725
38.2916666667
35.8916666667
35.4916666667
35.2166666667
35.625
43.3833333333
34.15
33.9916666667
33.8583333333
33.9833333333
34.3083333333
34.225
37.6083333333
34.4333333333
42.425
55.05
42.0833333333
36.25
55.3916666667
48.25
56.45
57.9916666667
46.825
61.4583333333
41.75
35.575
35.0166666667
34.7416666667
35.6333333333
51.7416666667
34.0
33.5916666667
35.5
33.4833333333
33.425
33.4416666667
38.6916666667
30.975
33.9166666667
30.2833333333
30.3416666667
38.9166666667
32.1083333333
34.5916666667
31.2833333333
30.9666666667
30.8
34.035
33.2625
32.5875
31.83
31.3
31.055
30.65
31.13
31.7275
32.4825
33.98
35.5425
35.05
33.9875
30.9
33.0666666667
31.5583333333
34.1583333333
37.7083333333
30.3666666667
30.3583333333
30.35
33.175
30.675
30.55
30.775
30.5666666667
31.9583333333
30.6333333333
30.55
30.2833333333
33.95
30.9916666667
30.6916666667
33.6083333333
33.85
30.8833333333
30.3166666667
30.4583333333
30.25
30.0416666667
29.675
29.8
30.0166666667
30.2666666667
30.1083333333
33.9333333333
43.3833333333
33.4166666667
29.6333333333
29.6583333333
29.2166666667
29.75
30.35
29.3333333333
29.45
29.5166666667
29.475
29.9083333333
29.2916666667
27.7916666667
29.7416666667
28.8583333333
30.6333333333
28.925
28.9666666667
29.0583333333
28.9833333333
28.95
30.9083333333
29.0666666667
29.2916666667
29.1083333333
29.3583333333
29.05
29.0833333333
29.225
31.1416666667
29.4833333333
29.7333333333
32.225
29.1083333333
36.975
32.825
29.3416666667
29.05
28.65
28.725
28.775
30.8083333333
28.8
29.2166666667
29.025
28.9583333333
29.375
32.3416666667
28.9666666667
29.5166666667
29.0333333333
29.2666666667
29.0833333333
29.0
29.4083333333
32.5083333333
28.5
32.0833333333
28.4583333333
28.0666666667
32.1333333333
28.6333333333
27.65
26.5833333333
26.8583333333
28.675
26.975
28.7833333333
29.3833333333
27.6833333333
27.0416666667
26.8583333333
27.0583333333
27.2166666667
28.6666666667
27.025
27.15
26.85
28.9666666667
26.8916666667
26.8833333333
27.0
28.2166666667
28.7416666667
28.475
28.525
30.125
30.3583333333
28.1083333333
28.5416666667
30.2166666667
28.775
28.4333333333
29.0083333333
28.9416666667
34.6583333333
28.8083333333
28.8166666667
28.625
28.6833333333
29.2166666667
28.625
28.65
28.8583333333
28.4916666667
30.6833333333
28.9416666667
29.0416666667
28.9583333333
28.8333333333
28.5583333333
28.6666666667
30.6583333333
28.6333333333
28.55
28.9166666667
28.9333333333
29.1416666667
28.825
30.6083333333
28.7416666667
28.9916666667
30.875
28.8833333333
28.9333333333
30.8166666667
28.8833333333
28.5333333333
30.325
28.8833333333
28.6666666667
28.625
30.4166666667
28.575
28.8
28.4833333333
28.9
28.225
28.5833333333
28.75
28.5833333333
28.9666666667
28.85
28.8333333333
28.9416666667
28.9666666667
31.2916666667
29.175
29.05
32.4916666667
31.7666666667
32.4416666667
33.9916666667
32.1916666667
32.7583333333
34.6416666667
34.1416666667
34.3166666667
33.75
33.525
33.7416666667
33.7333333333
33.75
33.8083333333
35.4916666667
34.0666666667
34.0333333333
33.9583333333
33.8333333333
34.1416666667
33.9416666667
34.25
34.025
34.1083333333
38.6916666667
35.9583333333
39.6666666667
42.1833333333
42.85
39.2333333333
37.325
44.3166666667
37.2916666667
38.35
37.8916666667
37.5833333333
37.95
37.7916666667
39.8666666667
38.4333333333
37.9916666667
39.7916666667
40.2333333333
38.0333333333
38.2083333333
38.15
38.15
37.975
41.4583333333
38.1
39.3083333333
38.9833333333
33.7416666667
32.0916666667
39.4333333333
28.3166666667
27.2416666667
27.1083333333
27.0833333333
27.2583333333
27.075
27.475
29.075
27.525
27.5833333333
29.0666666667
27.5833333333
27.5416666667
27.7166666667
27.3583333333
27.45
29.1916666667
28.2666666667
27.9083333333
30.4083333333
27.675
27.7166666667
31.0333333333
27.8166666667
27.5
28.7833333333
27.4833333333
27.1333333333
27.1666666667
30.65
27.5833333333
27.25
31.2416666667
27.7
27.6333333333
27.5416666667
27.6416666667
27.6583333333
29.4416666667
27.6333333333
27.7
29.4833333333
27.6666666667
27.4333333333
27.9333333333
27.7
27.5166666667
27.975
29.4416666667
29.125
28.8583333333
27.2416666667
27.125
27.6
27.7166666667
27.2166666667
29.1666666667
27.6833333333
27.7083333333
27.6583333333
27.3166666667
27.4416666667
27.5
29.4083333333
27.2583333333
27.2333333333
29.5166666667
27.425
27.1416666667
29.1
27.225
27.3833333333
27.275
28.9
27.4333333333
27.0416666667
27.1666666667
26.975
27.2916666667
27.3583333333
27.3083333333
27.5583333333
29.0333333333
27.475
27.575
27.4833333333
29.4833333333
29.3416666667
27.575
27.4
29.0
27.1916666667
27.45
27.0333333333
27.025
27.1083333333
27.1583333333
27.0333333333
26.9166666667
27.0666666667
27.0583333333
27.0416666667
27.3833333333
27.0166666667
27.5
29.2083333333
27.2916666667
27.1666666667
27.7
27.3166666667
27.5083333333
27.4583333333
27.3166666667
27.3
27.6166666667
27.7083333333
27.8166666667
27.5333333333
27.3916666667
27.625
27.5916666667
27.0916666667
27.2
27.025
28.7833333333
26.95
27.1166666667
27.0833333333
27.1833333333
29.0333333333
27.4333333333
27.3166666667
27.1416666667
27.6583333333
30.8333333333
27.5083333333
27.8666666667
28.6166666667
32.2166666667
28.0666666667
27.7666666667
27.6166666667
26.9916666667
25.95
27.275
28.7416666667
26.9166666667
27.15
27.125
26.9833333333
27.3
30.8666666667
27.2916666667
27.3333333333
27.1333333333
27.2916666667
27.6416666667
27.275
27.3666666667
27.3916666667
27.1
30.8666666667
30.2833333333
27.0
27.2583333333
27.3083333333
30.6583333333
26.8083333333
27.0666666667
27.5583333333
27.5916666667
27.65
27.625
27.6
27.6583333333
27.5166666667
27.575
27.825
27.7
27.6083333333
27.7583333333
27.8916666667
27.8916666667
27.8
27.625
27.7416666667
27.3333333333
29.3666666667
27.275
27.3
27.5583333333
27.8666666667
27.2833333333
29.175
27.425
27.5166666667
27.4083333333
27.3916666667
30.475
27.5416666667
27.8666666667
27.625
27.4666666667
27.7583333333
27.5333333333
27.6833333333
27.7666666667
27.4333333333
29.5833333333
27.5583333333
27.6
27.7833333333
29.7083333333
27.875
27.95
27.3916666667
31.225
27.7333333333
27.8083333333
27.6166666667
27.9083333333
29.4333333333
27.7916666667
28.0083333333
27.925
27.925
27.9833333333
27.95
27.975
28.2416666667
28.175
28.025
28.1583333333
27.9333333333
27.775
27.5916666667
29.625
29.6083333333
27.9166666667
27.5333333333
29.3
27.55
27.5416666667
27.6166666667
27.35
27.3833333333
27.6666666667
27.6833333333
27.7416666667
31.625
27.975
28.0083333333
27.9333333333
27.8
28.0
29.7416666667
29.7916666667
28.0166666667
27.7083333333
27.8333333333
28.0
27.6916666667
29.425
27.525
27.8833333333
29.325
27.7083333333
27.8416666667
27.5333333333
28.0166666667
27.9166666667
27.9083333333
28.025
28.175
27.9583333333
28.05
33.7
27.9416666667
28.2416666667
27.975
31.6666666667
27.6583333333
27.7083333333
31.4416666667
28.1416666667
27.8666666667
27.625
29.35
27.4833333333
27.5416666667
27.25
30.7916666667
27.1416666667
27.2166666667
27.35
29.0
27.625
27.4083333333
27.2083333333
29.1416666667
27.7166666667
27.275
27.6166666667
27.3333333333
27.4083333333
27.2083333333
27.0916666667
27.1916666667
27.4333333333
27.3833333333
28.5583333333
25.3666666667
30.925
27.0916666667
27.125
28.9333333333
27.0833333333
27.4583333333
27.4833333333
28.05
27.5833333333
27.45
27.7916666667
29.3916666667
27.5916666667
27.7
27.775
29.675
27.9416666667
27.95
27.425
31.0916666667
27.8416666667
27.5333333333
31.075
27.5083333333
21.0846153846
31.1333333333
27.325
27.6166666667
27.5833333333
27.4833333333
27.425
27.7166666667
29.3833333333
27.75
27.9083333333
27.8166666667
27.65
27.775
28.0333333333
27.65
27.7916666667
28.2166666667
27.325
27.7666666667
27.8
27.5333333333
30.85
27.9083333333
27.9
27.3166666667
27.675
27.5416666667
27.325
27.5666666667
27.575
28.1833333333
27.75
29.6583333333
28.125
28.2666666667
31.55
28.2666666667
28.1333333333
28.0666666667
28.4083333333
29.6916666667
28.1
27.9833333333
28.0416666667
27.8416666667
29.8666666667
28.225
27.6583333333
27.4083333333
30.5833333333
27.2666666667
31.3166666667
27.4083333333
27.7
27.6333333333
29.55
30.8416666667
28.1
29.5916666667
27.7416666667
29.725
27.9083333333
27.775
29.675
27.7666666667
29.1666666667
27.4666666667
27.6916666667
29.4166666667
27.65
27.5666666667
29.25
27.375
27.5083333333
29.0666666667
27.2083333333
27.625
29.375
27.6
27.7166666667
27.7666666667
29.7416666667
28.05
27.7583333333
31.3083333333
27.9833333333
27.7416666667
29.9
27.7666666667
27.3916666667
27.5083333333
27.4416666667
27.5833333333
27.4833333333
27.4666666667
27.275
27.0333333333
29.0916666667
27.35
27.0833333333
27.575
27.5916666667
27.6583333333
27.7
28.0
29.7083333333
27.625
27.6583333333
27.7083333333
27.5583333333
27.5916666667
27.6083333333
30.6
27.7583333333
27.5416666667
27.825
27.5916666667
27.3583333333
27.4333333333
27.7
27.2916666667
27.1916666667
27.25
27.05
27.4583333333
29.2166666667
27.525
27.6916666667
27.6
27.4333333333
29.4
27.6416666667
27.6833333333
27.7166666667
27.4416666667
31.2333333333
28.0166666667
31.05
33.725
27.9583333333
29.2166666667
31.0166666667
32.2083333333
28.7
28.4333333333
31.2666666667
28.3916666667
28.0833333333
27.9333333333
31.9
32.475
33.8583333333
39.7416666667
29.7333333333
28.8
28.7166666667
28.8333333333
32.5
28.7166666667
30.4
32.2083333333
29.0416666667
28.4416666667
28.4666666667
28.7166666667
31.05
28.7666666667
29.1166666667
28.7833333333
32.15
28.7666666667
35.6416666667
35.925
30.0833333333
32.8916666667
35.4333333333
34.25
31.4166666667
28.25
27.7916666667
27.8083333333
27.85
27.8916666667
30.8333333333
29.7416666667
35.0333333333
32.175
28.5833333333
28.5916666667
32.1333333333
32.1916666667
28.1583333333
28.125
31.5083333333
29.6
28.2666666667
28.9916666667
40.1083333333
34.5916666667
39.9666666667
35.0166666667
28.0
27.4166666667
27.4666666667
27.3166666667
27.375
27.5416666667
27.3583333333
27.275
28.2083333333
31.9416666667
28.0
28.275
28.4166666667
32.6
29.0416666667
28.975
28.45
29.0333333333
29.1
31.1083333333
29.55
34.3333333333
31.3166666667
34.7333333333
29.7083333333
29.3166666667
28.8333333333
28.5916666667
28.45
30.3333333333
28.75
28.8166666667
28.3916666667
28.3083333333
28.7666666667
28.75
28.35
37.1666666667
28.9916666667
28.4666666667
29.1916666667
28.575
30.1
33.65
29.95
33.25
30.7083333333
36.3916666667
31.75
27.65
27.4166666667
27.2833333333
28.6833333333
29.7333333333
30.6166666667
28.9333333333
28.2916666667
28.4333333333
28.5916666667
28.2
28.125
28.5416666667
31.2833333333
27.9333333333
28.1583333333
27.9583333333
28.125
28.475
29.2083333333
29.125
32.0166666667
29.05
28.6416666667
29.8666666667
28.3583333333
28.3583333333
28.3833333333
28.1666666667
28.1916666667
28.2333333333
28.0666666667
28.15
33.875
36.375
32.3833333333
29.4
32.9333333333
37.3
32.625
30.8083333333
31.1666666667
28.7666666667
28.6583333333
28.8666666667
29.575
36.175
33.2416666667
32.1166666667
28.7666666667
28.6166666667
29.0666666667
28.5416666667
28.6
31.2416666667
28.95
29.2416666667
29.4333333333
29.4083333333
28.7833333333
26.9916666667
28.6583333333
31.2416666667
26.975
25.0166666667
28.1416666667
28.475
29.4
34.5833333333
29.1583333333
35.9416666667
31.4166666667
28.9166666667
28.7083333333
28.6583333333
29.0
30.4333333333
28.7666666667
28.8666666667
29.0
29.0166666667
31.7
28.6416666667
28.5
28.2333333333
28.4166666667
28.425
28.1916666667
28.4083333333
28.2166666667
28.4916666667
35.975
32.9416666667
29.6333333333
30.4083333333
29.375
33.0833333333
28.95
32.075
28.8166666667
29.05
29.0416666667
29.225
29.0583333333
32.0833333333
32.6666666667
29.3166666667
29.0166666667
29.2
36.5666666667
29.7
32.4583333333
41.3
32.1333333333
31.2
32.1833333333
31.9666666667
35.9583333333
31.6583333333
33.75
31.1166666667
30.05
29.425
32.95
29.3583333333
29.275
29.225
29.2916666667
29.5333333333
32.8083333333
32.8833333333
37.9916666667
43.0416666667
40.975
38.1666666667
34.2166666667
37.775
40.3916666667
34.4333333333
34.6333333333
35.175
37.1333333333
36.0083333333
40.3166666667
31.025
30.4166666667
30.0416666667
30.0083333333
29.3
29.625
29.4666666667
36.0083333333
31.05
36.8333333333
38.7083333333
41.8
32.0
40.575
59.4666666667
50.1333333333
43.8166666667
52.05
42.5
46.5
42.55
42.1583333333
39.3166666667
36.925
35.8916666667
38.8
39.2583333333
33.225
32.3833333333
32.025
31.9583333333
34.2416666667
34.8666666667
37.05
42.15
40.1083333333
40.55
48.0333333333
45.6666666667
46.0833333333
50.9583333333
51.3833333333
49.05
62.5833333333
50.4416666667
43.2
51.275
44.1583333333
37.3416666667
34.8333333333
32.825
31.9166666667
31.1666666667
31.4666666667
34.175
34.4583333333
33.0
37.1916666667
36.4083333333
41.05
42.0833333333
40.6166666667
41.3666666667
50.9833333333
43.7083333333
46.9833333333
47.1083333333
43.7833333333
56.05
46.4083333333
41.075
38.7083333333
37.3416666667
36.375
38.6083333333
32.6666666667
32.5666666667
32.5333333333
32.1416666667
36.225
34.5166666667
39.2833333333
48.1916666667
39.1583333333
36.275
45.1
59.2916666667
47.9583333333
40.675
39.5666666667
51.8
48.3166666667
43.93
60.2583333333
50.925
51.3583333333
44.125
34.5
33.6
33.4333333333
32.9
33.2
33.2416666667
39.9333333333
43.0
35.025
34.6416666667
35.4916666667
41.925
35.8166666667
39.6666666667
45.0333333333
40.725
37.1583333333
43.6666666667
43.225
45.1416666667
50.55
56.0416666667
45.05
38.225
35.1666666667
34.0583333333
34.0
33.7666666667
33.9166666667
37.8
34.9583333333
41.1083333333
43.4333333333
36.6166666667
39.425
44.1
43.3833333333
48.2166666667
40.5416666667
42.725
37.175
39.2666666667
47.1583333333
59.7416666667
55.6833333333
44.5083333333
41.8583333333
40.7666666667
36.15
34.8083333333
34.3333333333
33.5166666667
37.2916666667
37.75
34.0
35.8
55.0333333333
46.025
41.975
39.9416666667
44.5833333333
52.9583333333
54.2
41.1666666667
42.775
48.6333333333
43.25
52.875
42.95
45.0916666667
44.2
38.1
35.5833333333
34.45
33.85
33.5083333333
33.4
33.2166666667
33.25
37.3166666667
40.0166666667
43.0
49.2166666667
45.5583333333
43.8833333333
47.2
46.8666666667
50.2833333333
43.7916666667
45.5666666667
60.95
61.45
49.975
60.9666666667
48.125
48.925
38.2166666667
42.175
34.575
34.3583333333
34.0916666667
34.275
34.8083333333
37.9916666667
41.5416666667
42.0
39.2916666667
37.1333333333
35.9916666667
41.4
39.6583333333
41.65
39.175
51.9416666667
53.525
54.5666666667
61.775
58.7916666667
45.7166666667
38.5833333333
36.0166666667
34.8416666667
34.6583333333
33.9833333333
34.125
34.4166666667
40.1083333333
41.475
42.6166666667
35.5583333333
40.375
44.325
43.7
39.025
43.3416666667
41.0583333333
41.8416666667
38.2916666667
40.575
51.0083333333
51.9583333333
50.3166666667
44.2583333333
38.6083333333
35.125
33.6833333333
32.3666666667
31.9916666667
34.1333333333
32.6166666667
33.9916666667
43.5083333333
49.7333333333
33.8583333333
43.5583333333
34.725
34.8833333333
34.75
44.625
41.475
36.9916666667
42.2166666667
40.7083333333
43.5583333333
45.7
56.3666666667
54.3083333333
47.8333333333
43.1416666667
34.625
33.7666666667
35.1083333333
33.6333333333
33.375
41.4583333333
35.2
39.725
35.525
41.6416666667
38.0333333333
37.5166666667
42.15
40.525
39.9583333333
36.6416666667
44.125
50.05
50.975
54.4666666667
55.225
47.4333333333
38.1916666667
35.375
33.7583333333
33.0833333333
34.3333333333
34.55
33.15
37.8833333333
38.8666666667
39.05
34.8416666667
34.1083333333
34.075
37.4166666667
52.7583333333
48.4166666667
38.25
38.0
38.8166666667
42.575
49.1916666667
53.075
44.4666666667
52.65
47.2166666667
37.3916666667
35.4
34.4833333333
33.9916666667
34.8333333333
34.0583333333
35.975
39.0
36.125
45.5666666667
37.975
40.4666666667
36.875
40.0833333333
53.2
41.4583333333
39.6166666667
41.275
45.3333333333
50.8083333333
53.5
45.07
46.875
48.6666666667
43.8
37.6083333333
40.2
36.05
33.8916666667
33.625
37.4166666667
34.8083333333
38.2166666667
40.95
42.875
41.3416666667
49.5333333333
43.375
54.75
42.9416666667
48.3083333333
48.9416666667
60.6083333333
50.8666666667
54.4916666667
46.7083333333
43.4833333333
43.2166666667
50.75
38.275
33.6333333333
33.3666666667
32.6666666667
36.8916666667
35.6666666667
32.3416666667
36.95
41.0916666667
43.4166666667
45.15
46.1583333333
53.625
51.275
48.4166666667
40.9916666667
55.5
57.25
59.1583333333
48.6025
49.7916666667
56.1166666667
41.6
35.1166666667
37.5916666667
33.3166666667
32.7333333333
34.55
33.4833333333
34.8083333333
39.0916666667
36.0333333333
39.4916666667
36.5166666667
42.975
35.7083333333
38.9833333333
38.7916666667
43.875
43.525
41.9833333333
46.5166666667
40.6833333333
45.925
49.8583333333
44.6833333333
42.2833333333
37.5916666667
35.1916666667
34.1083333333
33.5916666667
33.3916666667
37.425
36.0666666667
42.675
44.8833333333
39.0166666667
35.6916666667
32.325
37.5083333333
41.95
48.6916666667
41.1333333333
41.475
46.1
46.0
49.8166666667
48.1333333333
49.6083333333
44.1083333333
49.875
41.5416666667
39.9166666667
35.1416666667
34.85
35.1166666667
35.275
38.775
37.2416666667
40.6666666667
41.125
37.7333333333
36.525
40.25
40.0166666667
40.05
38.15
42.5416666667
47.7083333333
58.7583333333
54.1166666667
46.65
44.9
50.5833333333
43.225
38.3083333333
36.175
35.1833333333
34.2583333333
34.8083333333
38.7416666667
35.3583333333
36.65
43.2166666667
36.725
37.6666666667
49.25
40.7916666667
47.9916666667
50.825
48.9583333333
59.9
52.8583333333
45.275
43.95
44.9416666667
46.025
53.025
44.8166666667
35.8916666667
34.2416666667
33.3083333333
32.7666666667
32.4166666667
32.7416666667
39.25
34.3166666667
38.625
43.6833333333
36.0083333333
46.225
49.9083333333
38.9666666667
44.575
52.125
46.5583333333
38.3916666667
40.65
43.7
54.1
47.1583333333
44.8833333333
40.875
36.4583333333
34.0166666667
33.05
32.2166666667
32.475
35.8833333333
32.2083333333
34.9166666667
33.775
35.4416666667
39.325
45.9916666667
37.9333333333
53.0666666667
44.8
49.5583333333
52.3416666667
46.075
38.125
51.275
52.1416666667
45.0083333333
45.7083333333
50.7333333333
35.375
33.3083333333
35.375
35.825
33.1416666667
31.575
33.9166666667
32.3416666667
33.3
34.8333333333
46.1
42.5666666667
40.4666666667
44.575
44.2166666667
46.2916666667
44.9666666667
48.475
41.6166666667
50.5
60.1666666667
60.2166666667
54.8333333333
49.175
43.1833333333
33.675
31.475
31.2416666667
33.2583333333
31.5916666667
35.7833333333
38.4083333333
40.6583333333
43.1333333333
39.15
34.6583333333
38.2
33.8916666667
43.6666666667
37.9583333333
43.1
37.775
39.5916666667
41.2083333333
53.0666666667
52.0083333333
45.4666666667
38.775
35.6333333333
36.2833333333
38.3
38.775
37.0916666667
40.5916666667
38.0416666667
38.8833333333
38.7666666667
33.8083333333
36.8916666667
37.2916666667
39.25
40.85
35.7166666667
48.5333333333
45.7083333333
52.9166666667
47.85
44.4333333333
53.6916666667
49.875
51.9416666667
40.7333333333
35.9
33.6166666667
32.3333333333
31.9083333333
33.35
31.925
37.3
37.9083333333
37.4416666667
35.325
38.0916666667
40.6583333333
36.6583333333
37.5583333333
37.4666666667
35.3
38.275
35.625
47.1083333333
47.4583333333
57.3333333333
50.6916666667
47.3416666667
44.7916666667
40.6916666667
33.4333333333
32.3083333333
34.225
35.4083333333
34.3833333333
33.2083333333
40.7416666667
37.8166666667
33.825
34.3166666667
34.3833333333
34.3583333333
39.8083333333
37.1916666667
42.1666666667
42.3916666667
45.8833333333
53.9416666667
53.5
44.3333333333
44.7666666667
50.1166666667
46.55
42.7583333333
35.2416666667
33.4333333333
32.6416666667
36.5083333333
32.5583333333
33.6166666667
37.6
42.625
44.075
47.8833333333
47.5166666667
44.9416666667
59.125
53.0416666667
41.0166666667
46.25
56.0916666667
55.4333333333
55.4
43.7333333333
57.8666666667
49.8916666667
39.725
36.7833333333
34.675
32.8583333333
32.95
32.5916666667
34.9416666667
42.0416666667
37.4
38.3583333333
49.8083333333
51.8666666667
55.8416666667
44.0583333333
42.0083333333
43.6666666667
53.8416666667
42.225
41.9333333333
45.8333333333
46.7666666667
53.0416666667
54.9083333333
44.2
45.9416666667
47.8916666667
42.4
39.8
37.3083333333
37.0333333333
35.8333333333
39.1916666667
44.3833333333
41.75
44.6583333333
52.05
39.15
43.75
51.875
49.8583333333
46.7666666667
44.6916666667
45.8583333333
51.8416666667
55.0416666667
54.1583333333
53.9083333333
51.125
51.25
43.9916666667
40.0
37.7083333333
36.1083333333
36.325
38.4916666667
37.6083333333
39.65
36.8416666667
39.7166666667
41.3833333333
35.6833333333
37.4166666667
40.5583333333
35.25
43.3083333333
50.4333333333
43.4
53.05
48.9333333333
49.8666666667
43.9166666667
46.3916666667
52.2833333333
48.7333333333
47.3
34.3916666667
33.5916666667
33.5416666667
35.6166666667
34.7166666667
43.0833333333
38.2416666667
33.9916666667
33.7416666667
39.5333333333
34.6333333333
38.3333333333
35.7916666667
37.1583333333
41.5916666667
44.075
44.9166666667
45.5583333333
52.5333333333
56.6083333333
54.275
44.7
41.325
39.3916666667
34.4083333333
33.7
34.7916666667
36.925
34.9833333333
35.4916666667
38.2416666667
37.6416666667
35.475
34.7333333333
35.7666666667
46.225
45.925
40.8833333333
36.5666666667
37.7416666667
39.9916666667
43.8833333333
46.2583333333
43.3583333333
50.5833333333
40.275
35.8416666667
37.1416666667
33.175
32.2166666667
40.6
38.2833333333
38.7083333333
39.925
39.6833333333
36.1416666667
37.75
40.3666666667
35.0083333333
34.5
38.275
36.6333333333
40.8916666667
53.9166666667
48.65
43.9833333333
43.8
45.5583333333
50.0
44.225
46.5583333333
41.025
38.9166666667
37.8083333333
37.6666666667
38.1583333333
39.2833333333
39.6
44.55
52.225
43.2833333333
35.1916666667
39.2083333333
41.025
41.85
45.2666666667
51.5666666667
41.725
44.7083333333
50.175
55.775
46.9666666667
45.7333333333
49.875
47.25
40.0666666667
38.7416666667
38.3166666667
38.8
39.725
40.7083333333
41.1166666667
43.425
43.5333333333
41.0666666667
46.5916666667
60.1833333333
52.7833333333
54.9833333333
55.3833333333
47.775
53.0333333333
49.7833333333
49.9583333333
49.1583333333
55.4166666667
45.2666666667
46.9333333333
47.8
43.8583333333
42.25
37.8
37.1833333333
37.4083333333
38.55
39.5666666667
48.0833333333
52.6666666667
42.5
51.6
43.3083333333
43.3333333333
48.775
50.4333333333
43.9
51.19
56.9833333333
53.535
58.0
62.5416666667
60.4916666667
49.65
41.1833333333
39.0166666667
37.5833333333
36.9916666667
36.7083333333
38.8083333333
39.9333333333
43.1
42.7583333333
40.3916666667
48.2416666667
40.4666666667
43.45
40.475
49.95
48.5083333333
51.95
47.775
52.9166666667
48.9
59.05
54.3083333333
46.3583333333
50.7583333333
45.95
37.525
35.725
35.3666666667
35.4833333333
43.3
39.3666666667
53.1583333333
52.3
39.9166666667
33.975
39.6166666667
34.2416666667
46.825
43.5
48.0
55.925
45.8666666667
42.85
48.525
53.2083333333
49.65
49.3083333333
41.2916666667
36.9083333333
35.45
36.7666666667
38.075
39.45
37.525
37.8833333333
41.375
44.8666666667
37.4666666667
38.4166666667
34.65
34.6333333333
38.15
39.9166666667
38.65
37.5833333333
43.9333333333
49.0833333333
55.375
57.8416666667
47.7083333333
45.75
45.1583333333
40.8916666667
40.5083333333
38.3416666667
36.775
38.1916666667
37.4166666667
36.8416666667
38.2083333333
36.2083333333
32.9666666667
33.7
33.9666666667
40.5416666667
35.2916666667
37.2833333333
40.725
38.3833333333
52.9916666667
44.7583333333
46.4
54.5
50.4
43.025
40.0583333333
40.825
35.9916666667
34.0666666667
33.5666666667
33.175
33.45
35.3833333333
33.4166666667
33.8833333333
42.4083333333
37.8833333333
44.5583333333
38.5083333333
35.6916666667
39.1666666667
48.1666666667
41.6083333333
42.0083333333
48.8333333333
62.5333333333
55.3833333333
55.7083333333
48.05
50.5833333333
40.8333333333
38.5166666667
37.9083333333
37.1416666667
39.2666666667
37.15
36.7166666667
40.2583333333
38.5333333333
40.6916666667
48.225
53.45
46.5166666667
54.2916666667
47.3083333333
41.9416666667
40.1916666667
48.7166666667
40.8416666667
50.5666666667
63.5583333333
48.1916666667
43.5083333333
38.0166666667
37.55
37.5
32.7916666667
32.4333333333
31.9833333333
31.7916666667
32.5583333333
33.3833333333
47.325
44.0083333333
53.275
44.3916666667
48.4583333333
41.8916666667
49.575
49.85
48.1
47.2083333333
51.85
56.0083333333
50.4875
52.375
52.425
50.0916666667
40.4833333333
37.85
37.75
42.1833333333
37.7083333333
36.3833333333
37.0083333333
44.2
38.15
43.5166666667
42.2333333333
42.0833333333
41.1333333333
39.575
34.7583333333
43.1916666667
54.1
40.775
46.3
56.5583333333
53.08
51.5166666667
46.775
42.9166666667
43.9
41.1833333333
37.4583333333
36.3
36.5333333333
36.8
37.725
39.2666666667
41.1083333333
43.2333333333
37.7583333333
34.0416666667
34.25
34.7083333333
43.4416666667
42.7333333333
41.325
41.15
43.7666666667
59.4583333333
51.0333333333
57.8333333333
56.4583333333
48.1083333333
41.5083333333
43.0583333333
38.0416666667
37.5416666667
35.6083333333
34.3
35.2916666667
37.7083333333
36.4833333333
35.85
36.5416666667
37.0083333333
43.875
37.0916666667
41.2333333333
52.3666666667
39.9333333333
46.325
47.8
58.2083333333
61.7333333333
49.6083333333
51.2
45.6666666667
38.5583333333
36.0833333333
34.3833333333
33.8083333333
33.425
44.475
38.5166666667
38.925
35.3666666667
42.6583333333
38.0083333333
37.7083333333
34.7916666667
39.7416666667
40.125
46.3083333333
49.9083333333
45.2916666667
55.3416666667
58.8166666667
55.8583333333
48.1083333333
47.3416666667
48.8083333333
38.9416666667
38.4
34.3333333333
35.2833333333
40.925
41.2666666667
42.0333333333
42.3
39.5833333333
41.3
49.275
45.6833333333
53.5833333333
43.1
50.3666666667
48.8666666667
49.5833333333
47.7833333333
52.1333333333
56.0583333333
49.2475
56.325
57.9833333333
54.725
46.1583333333
40.075
42.1416666667
38.4416666667
37.95
37.3833333333
37.6666666667
40.2666666667
38.1166666667
39.4333333333
41.675
41.8
50.3416666667
40.775
53.4333333333
45.1833333333
40.7
42.4833333333
43.0
44.275
41.3
50.8833333333
44.9
40.35
40.35
38.6083333333
39.0166666667
36.5666666667
36.1416666667
35.7916666667
35.4583333333
37.3333333333
33.2083333333
34.2833333333
33.4666666667
45.5666666667
43.9083333333
38.2333333333
33.3583333333
33.7083333333
38.9916666667
41.3333333333
40.475
40.4
40.8583333333
35.575
34.6583333333
34.5416666667
34.2083333333
35.95
32.5416666667
32.2833333333
33.75
31.9083333333
32.6083333333
32.5083333333
35.7333333333
38.5
36.8916666667
43.9833333333
47.2333333333
45.2
41.5416666667
37.9
38.5916666667
38.425
39.9416666667
37.325
45.2833333333
54.975
49.4333333333
41.4416666667
39.3
38.1
44.3916666667
36.2916666667
35.875
35.925
36.0
37.55
35.2666666667
39.7666666667
37.8333333333
40.3833333333
41.1583333333
45.8666666667
39.9083333333
36.375
36.2416666667
38.5583333333
36.2083333333
45.825
37.6
39.2333333333
39.85
36.8166666667
40.1833333333
43.625
36.3833333333
37.5666666667
35.8083333333
37.2583333333
34.9583333333
39.375
41.4
33.55
36.0166666667
41.3
41.6166666667
37.3833333333
39.5916666667
33.6416666667
38.575
38.2666666667
36.4583333333
39.7583333333
41.375
43.0583333333
37.9083333333
37.0083333333
41.5166666667
34.0
32.55
32.1833333333
31.8083333333
38.4583333333
32.75
33.7583333333
32.7666666667
34.7083333333
39.8583333333
38.8166666667
42.9666666667
46.575
36.65
38.175
44.0
35.2833333333
35.55
35.7333333333
39.4916666667
36.7
38.65
37.8666666667
40.0666666667
33.6416666667
31.75
31.2916666667
40.05
38.7666666667
32.75
31.325
32.275
32.7
45.9416666667
36.1333333333
38.6333333333
37.575
35.1416666667
34.4916666667
45.3916666667
40.0583333333
38.6083333333
39.0416666667
42.3
36.7166666667
44.4833333333
41.6333333333
39.4666666667
34.525
35.825
32.4166666667
32.1166666667
35.45
31.5166666667
31.825
34.1666666667
32.15
31.725
36.3916666667
45.6833333333
37.8833333333
41.4166666667
35.9833333333
40.0833333333
43.2916666667
38.6416666667
42.9583333333
41.6
44.6
51.3666666667
42.1
41.0583333333
40.025
33.375
36.8916666667
37.4666666667
36.75
34.25
35.6083333333
37.7666666667
41.7166666667
44.2916666667
49.475
55.0333333333
48.9416666667
49.2583333333
46.8333333333
56.2833333333
52.4083333333
60.9083333333
55.2166666667
48.5666666667
50.95
51.2916666667
46.775
45.6666666667
40.525
47.2916666667
37.8916666667
38.3916666667
36.575
38.6666666667
37.9583333333
45.9166666667
44.625
39.3833333333
37.8
45.675
40.675
42.8833333333
38.9916666667
46.5583333333
47.425
47.7833333333
45.225
45.9083333333
42.1
50.95
53.275
45.2083333333
36.5416666667
34.7
33.7
35.125
34.3916666667
40.525
45.85
38.1416666667
39.2833333333
38.7416666667
40.7583333333
36.0833333333
38.4
35.1833333333
43.9666666667
41.3666666667
45.9833333333
39.2416666667
51.0916666667
46.45
49.225
44.6916666667
43.0416666667
41.2583333333
36.375
34.2083333333
33.4083333333
32.9916666667
34.7666666667
32.6083333333
33.8416666667
36.9166666667
37.2333333333
38.95
40.0583333333
42.4166666667
34.0333333333
52.5916666667
53.0
43.1916666667
45.3333333333
48.7916666667
44.2583333333
48.0583333333
47.0166666667
43.0583333333
43.8333333333
37.8916666667
41.1416666667
39.8083333333
41.2333333333
37.15
39.1916666667
37.675
41.2
39.6666666667
42.8833333333
40.4916666667
43.1416666667
38.1083333333
37.85
42.125
42.6833333333
50.2
44.9833333333
47.1666666667
43.2416666667
43.9416666667
49.2916666667
44.3583333333
41.325
46.3583333333
44.975
36.8333333333
34.8583333333
37.8166666667
33.1
39.125
33.8916666667
37.7083333333
34.8
45.1166666667
35.75
47.0333333333
43.025
43.5
39.7916666667
41.675
41.0333333333
56.1083333333
53.4583333333
57.4333333333
49.4833333333
54.05
60.1583333333
46.875
41.0916666667
39.0583333333
38.4
37.55
37.1666666667
36.8166666667
36.775
48.0
47.9083333333
40.0916666667
48.125
44.775
51.2416666667
44.4916666667
53.8083333333
48.1425
61.3
62.8833333333
49.0666666667
59.7
58.625
51.725
46.0166666667
42.3916666667
40.8666666667
40.3666666667
38.375
36.9833333333
36.775
38.425
36.7333333333
37.175
37.575
44.125
44.4166666667
46.2333333333
41.1083333333
49.2666666667
40.3666666667
44.9833333333
41.5416666667
43.4416666667
41.25
53.825
57.7416666667
60.9166666667
61.9
48.1166666667
39.8
35.275
33.4
36.7166666667
39.6583333333
39.5416666667
38.875
45.5416666667
44.3416666667
34.9
39.3916666667
40.1583333333
49.3083333333
36.975
38.4166666667
40.9916666667
47.1833333333
39.9083333333
45.2833333333
52.1083333333
59.05
52.5416666667
55.625
39.025
46.375
40.8583333333
39.8
38.1333333333
41.4
37.825
38.875
38.3
38.2166666667
42.725
44.15
39.425
41.025
41.0583333333
47.8166666667
51.9916666667
44.2833333333
52.025
46.0583333333
54.8416666667
50.15
54.7333333333
50.0833333333
50.3583333333
41.95
38.1166666667
36.8666666667
36.575
40.075
40.7833333333
43.5333333333
49.5666666667
42.2833333333
43.525
37.9666666667
46.65
34.85
38.225
40.875
37.9916666667
44.1916666667
41.5916666667
38.0666666667
43.15
49.0083333333
61.5083333333
48.7
50.0166666667
38.725
34.1333333333
33.2166666667
33.0833333333
34.85
33.2333333333
34.4583333333
39.2833333333
34.4916666667
35.1333333333
36.4416666667
34.3833333333
41.925
37.7666666667
39.675
44.0083333333
44.325
44.9333333333
42.1666666667
45.05
50.1083333333
42.6916666667
45.5416666667
42.8083333333
36.35
35.1083333333
33.7916666667
33.2583333333
33.525
38.4333333333
45.45
41.7333333333
40.9333333333
50.4916666667
46.1416666667
41.0833333333
41.4666666667
56.1916666667
54.6833333333
44.355
59.9583333333
50.475
44.575
47.7583333333
53.1916666667
47.1166666667
43.4166666667
46.0333333333
43.6416666667
38.4583333333
37.8916666667
37.0
37.4833333333
39.5083333333
38.2
38.4
46.6333333333
40.4666666667
46.35
51.375
40.575
46.15
55.8416666667
46.8916666667
56.925
57.55
61.95
57.225
51.9833333333
57.7583333333
58.55
53.175
40.8166666667
44.5416666667
36.9916666667
39.0833333333
36.6083333333
40.4666666667
36.7416666667
36.8916666667
40.7416666667
43.3083333333
43.2833333333
50.5166666667
50.525
50.8083333333
54.8666666667
44.2583333333
50.3916666667
56.9416666667
61.0833333333
60.4
57.45
57.3416666667
59.0583333333
50.6
41.1333333333
40.9666666667
39.675
38.425
37.975
45.2583333333
39.85
44.5916666667
45.4583333333
42.3333333333
40.775
40.0583333333
43.175
40.8583333333
48.3583333333
45.2416666667
54.2916666667
52.9916666667
43.9875
49.275
60.9166666667
48.565
46.65
56.5083333333
43.7333333333
41.675
38.275
39.9583333333
36.6583333333
37.0416666667
43.2583333333
38.8166666667
39.625
46.9083333333
52.225
38.05
45.4333333333
47.525
61.1333333333
52.3333333333
43.0083333333
46.1
46.7083333333
46.525
47.6166666667
53.4416666667
45.75
44.4333333333
40.4916666667
40.025
41.2416666667
37.175
40.625
39.0083333333
39.675
49.5833333333
50.5583333333
41.3666666667
39.2916666667
42.2583333333
52.9833333333
47.1583333333
44.0166666667
45.6416666667
44.8
39.7083333333
38.3166666667
38.6083333333
39.1666666667
41.225
42.55
44.375
37.975
36.9916666667
39.6583333333
35.7583333333
35.3583333333
35.3833333333
37.7916666667
36.7166666667
41.8916666667
36.1916666667
36.4416666667
31.6166666667
31.7416666667
32.8833333333
32.4416666667
32.6916666667
32.4916666667
35.4083333333
37.9833333333
38.525
42.0166666667
37.4833333333
37.225
36.775
37.675
36.8583333333
34.475
34.675
34.7333333333
34.2583333333
34.25
35.8083333333
35.6333333333
34.0583333333
33.2
35.4916666667
39.8666666667
33.8166666667
36.325
35.1416666667
34.5166666667
34.5916666667
34.05
34.4416666667
42.1916666667
43.6
50.1916666667
44.2583333333
36.725
42.1416666667
35.0416666667
35.8
34.9416666667
34.9083333333
37.7416666667
34.7
36.5416666667
35.5833333333
41.1083333333
33.225
41.4166666667
38.825
34.725
36.1
37.3
39.9
45.25
54.35
42.75
44.3166666667
43.2166666667
42.0583333333
41.125
43.0833333333
36.675
37.7666666667
35.425
37.2416666667
35.7833333333
35.4916666667
36.15
36.625
42.7333333333
37.9666666667
38.2166666667
48.675
55.6666666667
49.3416666667
50.0166666667
56.7666666667
53.375
61.875
56.4666666667
51.1166666667
57.5
54.5333333333
42.9416666667
46.3333333333
41.7583333333
37.3333333333
36.9083333333
37.0166666667
37.9416666667
38.7166666667
38.55
41.9583333333
38.8666666667
42.6916666667
38.7083333333
40.6416666667
41.9416666667
43.9083333333
46.8
45.6666666667
46.7916666667
47.7
47.3
48.875
53.025
48.7083333333
43.1833333333
38.125
37.0916666667
40.1833333333
38.2916666667
37.0416666667
40.7833333333
43.1166666667
38.825
37.4166666667
40.2333333333
41.625
44.5416666667
39.6666666667
43.375
44.0083333333
41.6166666667
42.1666666667
45.025
51.9666666667
51.9083333333
49.6375
62.1833333333
49.5666666667
52.3666666667
43.6416666667
37.0583333333
35.9333333333
36.7166666667
41.8
40.6416666667
41.375
42.225
44.0416666667
40.6333333333
39.2083333333
42.35
44.525
55.2083333333
48.025
42.3
40.85
40.4
52.6666666667
48.4833333333
48.6416666667
48.2416666667
50.3666666667
42.6
40.3
41.825
37.65
37.2583333333
43.1416666667
41.0833333333
42.5583333333
38.175
42.7583333333
45.1166666667
45.1583333333
46.9333333333
46.2416666667
49.7
45.8
45.5916666667
46.425
57.3333333333
61.6333333333
50.4166666667
51.2916666667
50.575
47.6083333333
45.075
41.15
40.6583333333
40.4416666667
37.025
36.7666666667
39.1
43.1166666667
43.45
41.0166666667
39.5666666667
56.275
38.9
51.125
48.0833333333
42.9166666667
46.225
45.55
45.575
49.0416666667
50.65
47.1083333333
52.3583333333
52.1666666667
40.0583333333
37.7166666667
36.05
35.8
35.4416666667
35.4916666667
37.9416666667
42.25
37.4083333333
37.4916666667
47.6583333333
46.325
51.3666666667
55.075
60.0833333333
56.6166666667
49.4166666667
44.2833333333
44.8583333333
52.5833333333
49.375
44.575
45.925
46.3333333333
43.625
37.7833333333
36.225
36.0916666667
35.5666666667
36.2166666667
39.3833333333
36.2333333333
37.6916666667
43.1166666667
44.3333333333
45.2916666667
43.8
55.9166666667
57.6166666667
50.7833333333
54.8083333333
49.5075
52.5083333333
48.9583333333
62.6333333333
63.5083333333
54.35
49.3583333333
40.9166666667
37.7333333333
36.4916666667
38.1583333333
36.05
36.0416666667
37.3166666667
37.6833333333
37.4666666667
37.975
45.2416666667
39.4333333333
43.1916666667
35.8833333333
35.975
48.1
49.2
45.0583333333
43.525
59.0333333333
55.1333333333
61.0583333333
56.0333333333
44.0333333333
41.1666666667
42.1583333333
37.8166666667
37.3666666667
40.4333333333
40.4416666667
38.65
41.7416666667
48.4083333333
44.9666666667
40.6583333333
34.8333333333
41.5333333333
40.375
39.125
40.8333333333
40.7333333333
43.825
44.6416666667
51.15
53.4833333333
49.9333333333
44.3833333333
48.5916666667
40.2
38.375
36.8
36.6083333333
36.05
41.2916666667
38.7583333333
47.9916666667
38.8
40.1083333333
39.05
37.8166666667
39.6583333333
38.7333333333
46.15
48.0666666667
46.2916666667
42.125
50.125
50.7333333333
50.9416666667
47.55
49.0583333333
43.75
41.4166666667
41.9583333333
37.6166666667
37.3333333333
37.225
39.075
40.525
40.6666666667
47.75
46.425
43.1416666667
35.6083333333
34.3666666667
38.2083333333
42.8833333333
41.7833333333
41.9083333333
50.0166666667
53.4333333333
48.7416666667
55.3583333333
54.9583333333
50.6
46.5166666667
45.225
39.1166666667
40.8
37.4083333333
37.1916666667
37.625
40.7666666667
43.6916666667
46.75
38.8833333333
45.5833333333
41.95
40.8416666667
36.8333333333
37.2
39.3166666667
46.2333333333
48.4916666667
54.5
44.8583333333
45.2525
51.4083333333
49.9583333333
42.75
40.8083333333
38.6416666667
37.5
37.175
38.775
36.5083333333
40.25
44.4083333333
49.75
50.3
54.3916666667
45.8166666667
54.3083333333
56.05
47.3916666667
45.7083333333
51.8166666667
42.0916666667
37.8666666667
39.7916666667
37.7333333333
42.5583333333
39.7166666667
42.3333333333
39.6916666667
35.0833333333
35.3833333333
33.3333333333
32.9916666667
37.475
32.2
37.75
44.0166666667
50.8916666667
42.8166666667
48.175
54.775
52.725
44.775
51.7666666667
42.2166666667
61.4833333333
63.525
48.155
55.5333333333
62.9583333333
56.65
50.0833333333
36.9583333333
39.7916666667
33.9833333333
36.1833333333
37.65
38.2333333333
45.4833333333
46.7666666667
41.8166666667
42.0083333333
38.7583333333
38.8416666667
39.575
49.2083333333
40.1416666667
43.1416666667
38.8916666667
42.7
48.9416666667
50.3
56.0083333333
50.8083333333
54.325
44.825
40.1666666667
35.3416666667
33.9666666667
33.175
36.1916666667
34.5
36.6583333333
34.1833333333
38.425
34.6833333333
38.9
34.6
34.4166666667
40.75
39.625
40.3333333333
45.4083333333
37.45
44.6
49.4333333333
52.0416666667
52.55
47.1833333333
51.4416666667
43.65
38.4166666667
36.825
36.1416666667
36.6416666667
37.7166666667
37.2666666667
38.0416666667
41.9166666667
44.1833333333
47.025
44.9416666667
38.3
41.0916666667
43.7
50.55
46.5166666667
45.1916666667
46.7416666667
48.3
55.1333333333
47.1166666667
48.3916666667
55.7
42.5833333333
41.525
40.4833333333
36.9333333333
37.3916666667
37.1416666667
40.95
50.8416666667
43.0416666667
39.475
38.7916666667
44.9083333333
53.9083333333
55.925
41.84
46.7666666667
49.7833333333
47.4916666667
50.2833333333
60.9333333333
44.8525
59.875
61.575
59.1666666667
59.5166666667
42.875
40.325
37.7083333333
35.8833333333
35.675
36.1916666667
40.8583333333
50.2416666667
50.4583333333
50.3166666667
49.525
47.7916666667
59.1166666667
45.925
45.9333333333
41.1583333333
40.125
42.775
41.65
49.8416666667
53.2416666667
42.725
37.525
41.2
36.425
35.7833333333
37.2
35.425
35.5583333333
36.7916666667
36.2166666667
38.0583333333
38.7083333333
42.1
44.5916666667
52.1833333333
38.7666666667
49.8333333333
41.9833333333
36.6333333333
43.1916666667
37.2
45.6333333333
40.475
40.2833333333
36.55
36.3083333333
40.5333333333
34.0583333333
33.5916666667
38.6333333333
33.45
32.7416666667
36.2166666667
32.9083333333
34.6083333333
33.775
36.2416666667
35.3833333333
35.4083333333
43.1583333333
34.2083333333
38.4333333333
43.575
33.6166666667
35.0833333333
33.925
34.4833333333
34.7416666667
37.2833333333
34.2333333333
33.725
33.6416666667
33.7416666667
33.4166666667
33.0583333333
36.95
33.6916666667
36.875
43.45
40.5583333333
33.4916666667
34.775
36.9333333333
34.1583333333
35.5916666667
38.4833333333
41.325
37.4333333333
36.1416666667
33.625
34.6416666667
37.2833333333
33.575
37.6
33.35
33.0666666667
37.1166666667
32.9583333333
39.1666666667
33.3083333333
32.65
36.4583333333
38.4333333333
35.5916666667
35.8166666667
27.1833333333
33.6166666667
32.1583333333
30.3416666667
33.5916666667
32.75
30.225
29.825
32.9583333333
36.3
49.4083333333
41.5833333333
35.1333333333
29.375
29.3583333333
31.6583333333
29.1416666667
30.9916666667
29.45
31.0333333333
37.0333333333
34.8083333333
43.5666666667
39.71
39.1575
38.4125
38.3675
33.4833333333
31.375
29.9583333333
30.6833333333
33.525
29.05
29.35
31.7333333333
29.2416666667
29.975
29.6416666667
29.7416666667
31.6833333333
29.1583333333
29.825
29.4083333333
29.225
30.4166666667
28.85
29.1666666667
32.4666666667
29.7666666667
33.6666666667
30.225
31.4583333333
30.0666666667
32.1
30.1083333333
37.0833333333
30.5583333333
30.35
30.125
29.9166666667
29.8833333333
29.8083333333
29.6666666667
29.5916666667
32.675
29.4833333333
31.2166666667
29.375
29.3833333333
29.6166666667
29.525
29.7333333333
29.7333333333
33.8
31.425
32.8666666667
30.5833333333
30.0166666667
30.9583333333
29.9916666667
34.1083333333
30.0
31.8583333333
30.3083333333
32.0
29.8166666667
31.2916666667
29.5833333333
29.3916666667
31.3
28.925
31.4833333333
33.6416666667
33.5
33.3666666667
36.6583333333
33.1666666667
33.175
33.2416666667
35.55
33.95
35.6
33.5583333333
35.2666666667
34.8083333333
40.4416666667
33.6833333333
34.7083333333
32.7166666667
33.25
34.5
33.0833333333
32.4166666667
32.4333333333
32.5416666667
34.15
32.675
32.125
32.1583333333
34.3916666667
33.6916666667
29.1166666667
33.0416666667
29.55
32.3666666667
31.05
32.4416666667
38.725
44.825
32.8333333333
36.3416666667
34.15
36.4
33.8416666667
33.8166666667
35.6583333333
33.5416666667
33.5833333333
33.3
35.225
33.575
33.3916666667
34.3833333333
34.5833333333
34.0916666667
37.2833333333
34.2583333333
36.3
37.0083333333
38.5083333333
34.75
36.8916666667
36.875
35.3416666667
36.6333333333
34.5166666667
36.2166666667
34.1166666667
37.5416666667
34.0833333333
33.6833333333
33.6333333333
35.175
33.5583333333
33.6083333333
33.4
33.4
33.7416666667
30.6166666667
34.4083333333
32.3916666667
34.6666666667
36.2583333333
33.7833333333
35.975
33.775
34.6583333333
34.2416666667
34.2
33.5833333333
35.65
33.3083333333
33.1916666667
33.2666666667
32.775
35.0833333333
32.6083333333
34.925
35.475
34.475
32.4833333333
34.7833333333
33.3416666667
35.15
33.4
33.8083333333
37.6083333333
35.825
37.1916666667
34.1833333333
36.5
36.925
36.4
33.9666666667
33.95
33.5083333333
33.1083333333
36.8166666667
33.4833333333
36.5083333333
35.0
35.5
33.4416666667
36.975
33.05
36.6166666667
36.0166666667
33.0333333333
37.625
41.2
34.425
34.1833333333
33.9
33.8916666667
35.825
33.1916666667
33.7083333333
