119.0
128.0
135.25
129.75
119.0
134.75
132.25
127.25
128.5
124.5
137.0
120.0
128.75
128.0
129.75
117.75
121.5
131.25
135.0
129.5
130.0
125.5
132.5
134.25
126.75
137.75
126.75
127.5
128.75
122.0
129.75
126.0
124.0
129.0
130.0
129.5
127.5
126.5
134.75
127.75
131.75
127.25
132.75
132.5
130.5
132.25
135.5
132.25
139.5
130.0
137.5
129.5
125.0
125.5
131.75
131.0
130.0
130.25
115.75
135.25
116.5
117.5
138.0
129.75
137.0
150.5
148.0
157.75
150.0
161.75
159.25
154.25
152.25
145.75
142.75
141.25
133.75
127.0
138.25
126.0
131.0
135.0
130.5
125.75
129.75
130.5
137.25
124.0
142.0
142.25
160.75
158.0
158.5
151.5
151.0
151.75
152.0
163.5
143.5
135.75
138.75
134.0
130.25
132.0
126.25
130.5
134.25
130.75
130.0
130.75
129.75
127.0
142.25
150.75
148.75
149.5
146.75
148.5
152.5
157.0
143.5
142.5
141.0
134.0
124.25
137.25
130.0
127.25
126.75
122.25
139.25
124.75
122.25
143.25
122.0
134.75
143.25
141.25
155.75
146.5
143.25
145.0
153.5
146.5
140.0
140.0
144.5
127.0
135.25
135.75
122.5
128.75
126.0
139.25
140.0
131.5
126.25
116.0
140.25
123.5
133.0
130.25
120.0
132.5
135.75
137.75
130.0
141.0
140.5
144.5
139.0
131.75
133.75
128.25
140.0
133.5
128.25
131.0
134.0
132.75
131.75
128.5
131.0
135.75
132.75
139.5
127.0
134.75
135.75
135.5
135.0
136.5
134.5
133.75
137.5
127.5
139.5
133.75
129.25
134.5
128.25
125.75
130.75
135.5
128.0
133.5
124.5
133.75
142.75
145.75
161.25
154.75
152.75
149.5
150.5
150.5
151.75
147.25
140.75
134.25
133.5
139.5
129.0
128.75
131.25
131.75
127.25
128.25
130.0
134.75
140.25
135.25
128.25
155.5
155.5
160.5
156.75
166.25
155.75
153.25
153.0
136.5
153.0
147.5
130.75
136.0
128.75
131.75
135.0
131.5
132.0
125.5
134.75
118.25
130.75
145.25
139.0
153.75
156.25
158.75
160.5
159.0
160.5
155.0
155.25
152.0
144.25
127.0
141.5
146.0
142.5
134.25
133.25
129.5
137.25
133.0
133.5
136.0
133.25
133.5
138.75
154.5
150.75
162.0
164.25
167.25
158.0
162.5
163.25
158.25
147.5
139.25
136.75
144.0
135.5
122.25
139.25
135.0
139.75
126.5
135.75
133.25
136.25
133.25
143.75
156.25
151.25
161.75
161.5
153.5
161.5
167.0
158.25
160.25
147.25
140.0
135.75
123.75
129.25
138.0
136.75
126.5
139.5
131.75
124.5
133.0
132.25
134.75
130.0
133.75
140.0
140.25
146.25
133.25
137.75
147.5
144.75
133.25
131.0
129.75
125.75
129.0
128.0
125.5
133.25
130.75
135.75
137.25
124.25
127.25
131.25
132.0
121.25
128.5
136.75
132.75
129.75
134.0
133.0
133.25
131.75
121.75
136.5
121.5
139.5
134.5
127.75
120.5
122.25
141.5
123.0
131.0
123.25
132.5
124.25
130.75
134.25
133.25
128.75
139.5
140.75
139.5
147.75
135.25
139.25
141.75
131.75
134.75
136.75
130.0
131.5
129.25
124.75
130.25
127.25
130.0
129.75
130.5
123.5
131.75
151.0
165.75
171.75
164.5
171.5
171.0
167.25
158.5
161.25
160.5
142.5
144.25
132.5
130.5
134.0
127.75
129.0
130.75
129.5
127.5
127.75
134.5
128.75
137.5
154.25
158.75
168.0
167.25
163.5
164.5
154.25
163.25
151.5
148.0
153.25
132.5
151.75
132.0
141.5
137.5
120.75
118.5
120.5
135.0
142.5
125.5
136.25
128.75
146.5
170.75
170.0
161.0
163.5
163.0
163.0
169.5
167.75
162.25
143.25
152.0
150.0
135.75
144.75
148.5
146.0
145.0
132.5
142.5
133.75
148.25
144.0
141.5
148.75
163.5
160.5
162.25
164.25
166.75
161.75
156.5
162.75
149.25
134.75
137.0
146.75
138.5
135.25
136.5
142.75
129.0
134.75
137.0
121.25
131.5
130.75
141.25
132.75
125.25
132.0
134.5
131.75
139.25
135.0
137.75
137.25
136.0
132.5
138.5
121.25
119.25
121.0
138.0
142.25
136.75
121.5
136.25
127.0
138.25
131.75
135.75
139.75
126.25
135.75
142.25
133.75
138.25
136.25
134.75
131.5
127.25
139.75
141.0
129.0
129.25
129.25
123.25
128.25
125.75
130.0
138.75
132.0
126.75
133.75
137.5
154.5
158.25
164.0
164.5
160.0
158.25
164.75
158.5
165.0
157.5
140.5
140.25
135.75
146.75
146.25
132.75
133.25
138.75
129.25
133.75
135.75
130.5
140.0
138.75
148.0
152.25
162.0
161.5
169.0
165.5
160.25
157.0
160.0
152.75
137.75
145.0
139.5
132.75
135.0
129.5
132.5
130.25
125.75
134.0
129.0
135.5
132.0
139.5
156.5
154.0
151.25
164.75
163.25
165.75
171.5
166.75
165.25
161.0
155.75
156.75
141.25
150.25
134.5
130.75
142.0
133.5
145.5
129.75
136.0
143.75
132.5
143.5
152.5
156.5
155.5
173.75
172.75
151.75
167.75
170.0
161.5
148.25
153.75
144.75
138.0
143.5
136.75
133.0
130.5
134.0
135.25
134.25
128.5
131.5
127.5
134.5
145.5
149.5
163.25
153.75
158.0
157.25
157.75
164.25
147.5
155.25
141.25
137.25
137.0
135.75
134.0
133.75
130.25
136.5
133.0
130.75
136.25
135.5
130.5
124.5
135.75
131.75
132.5
133.75
137.5
137.5
141.75
141.5
135.25
145.75
133.5
122.0
121.0
133.75
124.5
134.75
124.0
127.75
133.0
124.5
135.0
132.5
132.0
144.75
132.75
144.75
140.0
136.5
135.75
147.0
134.25
148.25
143.75
146.0
143.0
130.75
134.0
131.5
130.5
130.75
140.75
134.5
132.0
129.5
135.0
129.5
129.5
140.5
151.5
147.75
163.0
148.5
140.75
164.0
154.75
156.75
154.5
148.25
144.25
135.25
140.0
128.25
138.75
129.5
123.0
127.5
128.5
130.75
126.5
131.5
136.5
140.0
147.75
148.25
166.5
161.5
163.25
158.25
157.25
149.25
148.5
147.0
134.5
144.0
136.75
137.75
133.5
125.25
123.5
121.0
129.5
122.0
129.75
130.75
123.75
126.5
147.25
135.5
148.25
160.5
156.25
149.5
161.5
153.5
161.0
140.25
152.5
129.0
133.25
142.5
132.25
119.0
137.75
132.0
122.5
132.0
132.0
124.0
131.25
137.0
139.75
151.25
147.25
167.75
154.75
153.0
156.0
163.25
145.0
151.0
145.0
139.5
139.5
134.5
141.0
142.0
130.25
121.0
127.75
131.75
124.25
131.5
128.25
132.5
143.0
148.25
148.25
150.75
156.75
152.0
154.75
154.25
156.0
142.75
144.0
132.0
136.5
133.5
130.0
139.75
136.25
112.25
131.25
123.75
132.75
126.75
131.5
124.5
130.5
128.0
132.5
127.25
131.0
134.5
134.0
132.75
145.5
139.5
132.5
132.25
133.25
126.0
125.0
129.25
125.25
113.5
121.0
115.5
120.0
137.5
120.5
131.25
133.25
133.75
119.5
136.0
134.75
137.25
137.25
137.5
127.5
129.75
134.5
124.25
132.75
128.25
125.5
128.75
128.5
122.25
127.5
124.5
131.0
122.75
134.25
140.6
145.25
149.0
147.5
153.5
141.75
149.75
151.0
146.0
145.25
147.25
130.25
133.25
136.25
128.0
124.25
123.5
124.5
115.25
130.75
123.0
132.0
121.5
120.25
136.0
144.75
142.0
145.5
140.5
159.75
161.25
157.5
148.5
160.0
153.5
139.0
136.75
138.0
136.25
134.75
128.75
131.75
131.25
135.75
138.5
131.75
133.5
129.25
132.75
149.75
155.25
140.0
162.25
160.0
162.5
164.25
154.0
166.25
145.75
151.5
131.5
141.5
148.0
145.5
135.25
142.0
138.5
128.5
145.0
132.25
133.75
135.5
133.0
153.5
154.75
162.5
158.0
170.75
168.0
166.75
174.5
160.75
157.5
147.75
146.25
128.5
143.25
131.5
128.25
126.5
136.25
142.25
135.0
129.5
132.25
129.75
135.5
151.25
151.0
156.25
148.25
166.75
167.5
166.0
153.25
143.75
137.5
132.5
137.5
129.25
135.75
135.5
131.5
130.5
129.75
130.5
136.75
134.0
142.5
138.0
128.25
129.5
138.0
139.0
132.5
140.5
137.0
144.75
132.5
128.75
135.25
132.0
135.0
137.25
128.25
135.5
126.5
123.0
131.25
135.25
131.0
132.5
134.75
122.0
137.0
138.0
127.0
121.0
142.5
137.25
140.25
136.0
136.75
128.5
131.25
127.0
128.75
121.5
129.0
128.75
118.5
127.0
139.25
140.25
127.25
138.4
131.25
136.5
137.5
146.0
157.5
166.25
153.25
166.25
159.5
147.5
159.75
148.25
144.0
130.0
131.25
133.75
134.75
120.75
136.25
132.75
123.25
128.5
141.0
129.5
118.0
118.75
130.75
137.25
153.25
156.25
152.25
155.0
146.75
173.5
166.25
151.75
151.5
142.5
138.25
138.0
133.0
130.5
136.5
131.5
129.5
113.25
119.0
118.0
125.25
129.0
138.5
150.5
161.25
160.25
159.5
145.5
160.0
162.5
157.0
163.75
150.5
141.0
144.25
140.75
136.5
130.5
126.25
134.0
127.5
138.75
132.25
137.5
129.5
142.5
140.0
145.5
149.25
168.5
174.0
171.75
162.0
164.0
164.5
158.0
167.75
142.75
139.5
143.25
135.5
136.75
134.5
138.25
133.25
132.5
139.25
137.25
141.75
137.75
138.5
147.25
148.25
153.75
165.0
167.0
161.75
163.75
160.0
152.75
149.5
145.5
138.0
133.25
135.25
128.0
128.75
137.25
136.0
136.75
124.75
128.75
127.5
132.75
128.25
126.5
125.75
142.25
139.75
129.25
137.75
139.75
136.75
136.0
126.75
131.5
131.5
126.75
137.25
127.75
123.25
125.75
134.5
121.75
132.25
119.0
134.25
123.5
130.25
127.5
125.5
127.25
135.0
131.0
128.75
142.75
136.5
143.25
125.5
136.25
130.0
136.0
129.25
123.75
127.75
127.75
130.5
132.75
135.0
131.75
125.5
142.25
128.75
134.5
136.5
127.75
134.25
145.75
138.75
142.25
146.25
148.25
152.5
139.5
137.5
129.75
132.5
128.75
126.5
125.5
132.5
130.0
129.75
140.75
132.0
134.5
136.5
142.5
157.25
162.75
161.75
155.25
169.0
155.5
171.0
163.5
158.75
142.75
129.0
143.5
147.0
146.5
143.5
142.25
137.0
123.75
137.0
135.75
133.25
126.5
148.5
140.75
156.75
161.75
174.25
162.25
161.75
159.25
175.5
171.0
156.5
145.25
150.5
145.0
145.25
142.75
139.75
138.5
135.5
140.0
137.5
143.5
145.25
145.25
137.0
144.25
156.75
154.25
160.75
155.25
164.75
168.25
163.0
168.75
156.0
151.0
139.0
141.25
134.75
133.5
138.0
135.5
137.75
132.5
133.25
138.0
127.75
138.75
136.75
150.5
156.75
161.0
159.25
164.25
157.5
168.25
165.25
157.0
138.75
140.0
138.0
137.75
122.5
133.5
134.0
129.75
131.25
133.25
127.5
136.75
136.5
136.0
127.0
133.5
134.75
133.75
124.25
138.5
126.0
135.25
133.5
131.0
133.25
133.0
136.25
135.5
128.5
119.75
126.0
119.25
129.0
122.75
125.0
128.5
129.0
128.5
131.0
127.25
130.5
133.75
124.75
139.0
125.25
129.5
134.5
134.75
143.5
134.5
132.5
129.0
120.75
126.75
118.75
127.25
120.0
132.0
125.25
124.0
127.0
133.5
131.0
153.0
159.75
166.5
166.25
167.5
165.5
171.25
163.75
165.25
159.75
142.5
148.5
128.25
137.0
128.0
131.75
130.75
131.5
133.5
132.25
134.75
128.25
135.25
145.0
152.75
162.25
154.75
160.0
159.25
152.75
163.75
160.75
156.1
150.665
143.7425
138.2125
136.7075
135.6975
134.9025
133.2325
132.34
132.0975
130.4925
129.865
130.4825
130.115
130.0775
137.105
148.3025
153.7725
157.67
162.17
160.945
162.4525
162.515
161.4925
154.75
149.25
146.0
137.25
138.0
133.0
127.75
131.0
136.75
133.0
134.25
131.75
131.75
123.0
132.25
144.5
141.5
143.25
150.0
156.75
157.25
143.75
139.25
161.25
151.0
141.5
141.75
135.75
139.75
125.0
129.5
133.25
121.0
130.75
127.0
130.5
141.25
135.5
132.5
123.75
148.5
165.0
177.25
162.25
172.0
170.5
167.0
158.75
156.5
150.5
154.5
128.75
142.75
132.25
133.0
135.5
127.25
127.0
143.0
129.75
128.0
133.25
128.5
128.0
123.75
138.0
135.25
134.5
136.25
138.0
139.25
134.25
140.0
140.0
134.75
131.5
138.0
135.75
129.5
129.5
129.75
129.75
128.25
133.0
144.5
143.0
119.0
128.75
138.0
130.5
128.75
134.25
131.75
142.5
136.0
136.5
141.75
142.25
142.25
137.25
135.25
133.5
137.5
129.25
139.75
132.0
130.5
127.5
133.75
134.25
133.5
131.25
147.75
153.75
153.25
155.0
170.5
167.75
168.5
168.0
156.75
147.75
138.75
136.75
134.75
140.25
128.0
132.0
131.5
127.25
127.5
127.25
129.25
123.0
130.5
139.5
155.0
154.5
165.5
158.5
156.0
164.25
152.0
162.5
153.75
158.0
142.5
134.25
135.0
135.0
129.0
130.25
135.75
123.0
136.0
125.5
143.0
121.75
121.5
141.0
158.75
155.75
169.75
164.25
171.5
165.25
156.25
166.5
168.75
159.25
152.5
146.0
140.5
135.0
133.25
134.0
134.5
137.25
134.25
129.0
137.5
136.0
130.25
134.25
147.0
154.25
157.75
162.75
168.5
164.75
160.25
167.5
164.25
166.0
138.25
148.5
142.25
140.5
135.0
141.0
132.25
133.5
136.25
133.0
137.25
134.75
134.25
135.25
140.75
154.0
160.75
162.5
158.75
160.0
171.5
174.0
156.25
151.75
142.25
142.75
141.25
143.0
132.0
139.75
139.5
130.0
130.75
122.25
129.75
128.25
132.5
124.25
125.75
130.25
142.5
130.25
139.25
137.5
130.25
134.5
138.75
136.25
137.0
138.25
130.5
126.5
130.75
137.0
123.0
121.0
136.5
129.5
127.0
131.75
130.25
129.75
131.25
133.5
133.25
138.75
142.25
143.25
138.5
133.5
137.0
133.5
118.0
136.25
135.75
141.0
121.75
125.5
137.0
116.75
135.75
122.5
134.5
136.25
146.5
156.5
159.25
157.5
159.5
161.25
167.25
167.5
163.0
165.0
153.25
147.25
142.5
143.75
128.75
135.5
127.25
133.5
135.25
131.5
128.25
126.0
136.0
133.0
147.25
155.0
158.0
153.25
159.25
161.75
154.0
156.0
146.5
161.75
146.75
145.75
127.75
132.25
132.75
137.0
137.25
130.0
137.5
139.0
136.25
129.0
128.5
131.5
134.75
164.25
152.5
163.75
168.5
154.25
173.25
168.75
153.75
155.25
146.0
137.5
135.25
148.75
129.25
131.5
130.25
132.25
133.5
139.25
134.25
129.0
138.25
132.0
143.0
149.5
166.0
155.25
150.0
167.75
162.5
161.75
149.25
161.0
155.0
147.75
134.25
124.75
137.5
134.75
133.25
131.5
134.75
132.5
133.25
136.75
138.0
136.0
140.25
161.5
155.0
167.5
148.75
155.75
150.5
151.25
160.0
147.5
139.75
132.5
142.25
135.25
127.75
127.25
128.75
129.5
129.0
130.75
120.0
126.0
128.25
141.25
130.25
140.5
129.25
124.25
134.25
133.25
135.25
140.25
135.75
130.25
134.5
136.5
131.0
128.5
134.75
129.5
129.5
127.75
143.25
127.0
142.25
126.5
143.25
144.0
138.0
123.75
135.75
133.25
127.25
134.0
125.75
139.75
130.75
132.5
131.5
133.25
135.5
135.25
126.0
126.75
143.75
144.5
127.25
136.5
127.75
130.0
136.0
134.5
147.25
166.75
155.5
164.75
165.0
154.0
165.0
165.5
162.75
146.0
149.25
137.75
132.5
131.25
135.0
128.0
134.5
133.75
130.5
130.25
129.5
130.75
130.5
131.5
145.5
154.5
146.0
147.5
163.0
153.5
158.5
160.25
161.5
152.0
139.5
138.25
129.25
140.25
134.75
142.5
141.25
124.0
130.75
131.25
129.25
130.0
133.25
135.75
138.25
158.25
163.5
163.75
169.75
163.25
167.75
162.75
162.5
153.0
154.0
141.0
146.5
136.25
122.25
147.0
145.25
132.25
130.5
125.75
129.0
137.0
127.25
131.25
143.25
157.0
152.75
157.25
174.25
158.75
160.25
165.0
163.25
152.25
150.0
144.5
133.75
136.5
134.25
135.25
137.5
128.0
137.0
138.75
134.25
136.0
141.5
138.75
133.25
152.75
155.75
159.0
166.0
158.25
160.25
155.0
153.75
154.25
144.0
145.25
138.25
137.75
121.75
145.75
138.5
133.25
137.5
139.5
130.0
144.0
129.5
135.25
122.5
140.25
130.75
139.0
135.5
140.25
145.75
127.25
145.75
138.0
125.25
133.5
134.0
136.75
137.5
133.0
131.25
141.5
134.0
130.5
142.75
124.0
120.75
117.0
127.5
126.75
132.25
136.0
121.75
124.25
132.5
145.5
137.25
135.0
146.75
137.5
134.75
136.5
130.0
140.5
133.25
139.75
125.25
144.0
129.5
120.0
121.0
142.25
148.0
162.25
155.0
161.75
158.0
171.25
151.0
159.75
159.0
149.75
137.5
135.0
137.0
137.75
134.75
131.25
130.25
137.25
128.5
129.5
125.75
135.75
119.5
128.75
148.25
162.0
152.75
156.75
159.0
159.0
167.0
162.5
160.75
146.25
138.0
128.75
138.0
140.0
144.0
129.5
131.0
134.0
138.0
140.0
134.75
135.25
141.25
147.5
156.5
151.0
147.75
152.25
149.75
152.0
163.25
167.25
163.75
154.0
140.0
149.0
131.5
137.75
141.25
134.75
137.0
137.0
133.25
132.0
135.25
136.25
133.75
141.5
147.5
159.0
161.5
163.5
165.0
157.0
163.75
153.0
148.5
161.75
140.75
150.5
134.5
122.5
135.25
144.5
139.5
125.0
140.25
131.75
144.75
138.5
143.75
135.25
137.25
154.5
157.75
156.0
159.25
155.75
150.25
158.25
158.75
150.0
137.25
143.75
122.5
131.25
136.5
118.0
143.0
129.75
135.75
125.5
143.5
141.5
138.75
135.75
129.0
135.25
130.25
133.25
133.75
134.75
128.5
134.75
119.75
135.0
131.0
135.5
137.75
129.25
130.0
128.5
131.5
135.5
132.0
126.75
136.25
135.0
129.25
124.0
139.25
134.25
137.0
143.25
133.75
135.0
135.0
132.5
139.0
138.5
129.0
135.75
134.25
134.25
129.5
129.5
129.5
129.25
135.75
138.25
135.25
125.0
130.0
140.5
156.25
152.75
152.0
165.0
160.0
168.0
160.0
159.75
156.5
151.75
141.75
137.5
128.25
131.5
136.25
129.75
136.5
131.0
135.2
122.5
130.5
133.75
129.5
140.25
146.75
164.25
160.75
158.5
162.25
152.75
178.5
167.75
155.0
150.75
139.75
153.0
147.0
136.0
130.5
128.25
131.5
135.75
139.0
136.0
126.75
132.0
132.0
135.25
151.5
156.0
155.5
156.75
153.25
170.25
164.5
160.5
164.5
156.75
152.5
147.25
137.75
141.25
133.0
140.25
139.0
136.75
132.75
137.0
129.75
130.25
131.0
144.5
153.5
162.25
155.5
163.5
165.25
170.5
162.75
163.5
161.0
165.5
145.5
145.75
143.0
150.5
137.75
137.0
136.25
125.25
129.5
134.5
133.75
143.25
147.5
147.25
148.25
144.25
157.0
165.0
165.75
164.75
154.75
164.5
164.25
152.0
144.25
140.5
131.0
139.25
131.5
141.25
131.0
138.0
135.0
127.5
129.75
133.0
126.5
132.25
132.75
135.75
124.5
136.0
128.5
143.75
142.75
142.0
144.5
132.0
138.5
143.75
143.5
134.75
129.75
130.75
129.75
136.25
137.5
128.5
136.25
128.5
135.25
140.25
136.5
136.5
137.75
132.0
136.25
135.0
126.75
136.5
138.0
132.0
119.0
136.25
133.0
127.5
129.25
135.5
124.0
130.0
130.5
131.75
132.5
129.25
133.0
131.0
155.0
146.5
157.75
157.5
154.5
156.75
168.5
154.5
165.75
151.0
147.0
144.25
138.75
134.0
130.5
138.25
131.75
131.25
142.75
127.5
132.5
130.75
138.75
131.25
142.75
141.5
160.0
160.75
159.25
160.25
161.5
164.5
159.5
147.75
140.75
153.25
136.0
140.75
128.0
141.25
124.5
133.75
135.0
120.75
133.5
139.25
142.5
141.0
160.5
151.0
170.5
156.5
155.0
153.25
162.75
174.75
169.25
156.75
160.0
147.0
142.25
144.75
138.5
132.0
132.25
138.5
139.75
142.75
131.75
137.0
137.0
146.75
151.25
154.75
158.25
152.75
170.0
152.5
154.75
148.0
154.0
148.5
138.0
140.75
140.75
128.75
133.75
124.75
137.0
125.0
136.25
135.75
133.25
137.0
133.5
133.25
162.0
156.5
151.25
153.5
159.5
147.5
157.5
175.5
163.5
146.0
132.75
135.75
133.5
138.75
133.0
133.5
132.25
137.0
127.0
132.0
131.75
131.75
132.25
134.5
128.25
128.75
128.75
128.75
139.5
139.75
136.0
148.75
134.75
143.0
141.25
133.5
133.0
134.25
134.25
129.75
130.0
129.25
129.75
127.75
134.75
128.0
133.75
129.5
131.75
128.75
134.5
135.0
136.5
139.75
137.0
136.0
143.75
148.0
147.25
141.5
131.25
126.5
130.75
138.75
129.5
132.75
124.25
131.5
132.75
128.5
133.25
135.75
141.75
156.75
164.25
166.25
156.0
158.0
165.25
155.0
141.25
158.0
141.0
142.0
150.5
145.25
129.0
131.25
137.0
130.25
132.25
140.25
127.5
132.25
129.0
128.5
146.5
155.0
145.75
164.0
157.0
156.25
157.5
159.0
159.0
156.5
156.25
160.25
147.5
125.75
136.75
136.75
120.0
131.75
136.5
124.75
129.5
129.5
129.0
138.75
137.25
143.75
151.25
166.5
166.0
162.25
168.5
158.75
158.25
158.5
146.5
144.5
131.5
139.5
138.5
138.25
140.75
121.5
141.25
127.75
129.75
127.75
138.25
135.0
144.0
163.25
162.5
160.75
166.0
173.5
173.5
178.75
178.0
160.25
158.25
142.75
143.75
145.5
145.5
137.75
133.5
145.25
144.75
139.75
136.5
126.5
138.5
144.75
155.75
157.75
161.75
167.0
180.25
177.0
156.385
180.75
177.75
173.0
151.5
145.75
141.5
144.25
140.5
137.0
134.75
132.75
140.5
136.0
133.25
138.0
133.5
140.0
135.25
139.0
140.5
139.25
152.0
143.25
148.75
151.0
153.75
144.0
142.25
140.75
140.5
139.5
133.0
133.75
139.75
138.75
140.25
143.75
143.5
142.25
138.75
122.5
131.25
132.5
142.75
147.0
144.25
148.0
134.25
140.0
141.5
129.25
123.5
127.25
147.25
133.25
142.0
125.25
141.0
142.0
139.75
140.5
142.0
138.75
126.0
124.25
132.0
148.75
165.25
171.25
158.25
162.5
160.0
163.5
151.75
153.0
155.0
137.5
145.25
147.75
127.5
120.25
121.75
122.5
131.25
136.75
135.5
146.25
142.25
131.25
146.25
160.5
164.5
174.5
164.25
174.25
179.25
171.5
161.5
159.75
144.25
148.75
147.5
134.25
140.0
134.5
138.75
134.0
143.4
132.75
144.75
138.5
135.0
135.25
145.5
158.25
154.75
162.5
168.25
162.25
172.0
174.75
170.0
160.25
152.25
123.0
123.5
117.0
118.25
115.5
115.75
116.0
118.0
118.25
117.0
120.0
114.5
122.5
132.25
138.25
140.5
144.0
145.5
145.25
155.0
152.5
145.5
139.0
126.0
121.25
122.75
119.5
119.75
116.5
117.25
117.25
115.5
112.5
115.75
115.0
116.75
120.5
127.0
132.25
136.0
137.75
136.5
138.25
140.25
148.0
141.25
135.25
130.0
121.25
120.75
116.75
118.5
117.75
121.0
117.25
120.0
117.25
119.75
118.75
120.75
120.0
116.25
117.75
116.25
122.5
121.0
124.5
126.25
131.5
127.75
124.5
123.75
121.75
126.25
120.5
117.25
119.25
119.75
121.75
115.75
119.75
118.5
121.5
118.25
117.25
119.25
118.25
120.0
122.75
124.75
124.25
128.75
125.5
127.5
126.5
130.0
122.75
117.5
121.25
117.75
120.75
123.25
117.5
122.0
119.75
120.25
121.25
122.0
125.5
134.75
138.5
140.0
148.0
148.25
151.25
148.75
144.5
147.5
139.75
128.25
126.75
122.75
124.25
118.25
117.0
121.25
118.0
115.5
118.25
115.25
114.0
119.5
120.25
133.25
134.25
135.0
142.25
139.0
137.75
142.5
137.25
140.25
130.5
122.0
114.25
109.75
111.5
111.25
108.0
107.75
107.0
109.75
108.25
106.5
106.5
113.0
112.5
119.5
126.5
126.75
133.25
130.25
132.5
129.75
133.5
137.5
134.5
132.0
125.25
123.75
123.25
118.25
116.5
122.25
119.0
119.5
119.75
116.25
122.5
119.75
124.0
136.75
137.5
141.5
128.75
140.5
141.25
142.75
145.0
142.5
131.0
126.0
125.0
120.25
118.0
123.0
120.25
118.0
118.75
122.25
120.0
119.25
118.75
121.75
121.75
134.5
131.25
136.75
136.0
139.75
145.5
137.25
141.25
139.0
134.25
123.75
125.0
124.5
121.5
124.0
122.75
117.75
120.25
119.5
117.25
119.75
117.0
119.25
116.5
117.25
117.5
114.75
117.5
117.5
124.75
130.0
119.25
124.25
129.0
128.75
123.75
123.0
121.5
122.75
122.25
124.5
123.5
118.25
118.25
119.25
118.75
124.25
120.25
118.25
117.5
119.5
119.5
120.25
125.75
124.75
135.25
130.5
127.0
125.0
127.75
129.0
123.25
122.5
121.25
124.25
122.25
122.5
122.25
119.0
119.25
126.0
132.0
136.25
140.75
146.0
151.25
162.0
152.75
144.25
141.5
143.75
121.5
121.5
112.25
111.75
102.75
109.25
103.75
98.25
105.0
103.75
100.0
101.25
99.5
106.25
101.75
116.75
129.0
131.0
134.5
137.5
135.5
136.25
132.75
129.5
123.75
113.75
108.0
109.25
110.0
99.75
107.0
106.25
103.5
102.75
105.0
103.75
102.75
103.25
108.25
116.0
123.75
136.0
132.75
136.75
137.75
140.25
144.25
135.0
128.0
124.0
121.75
114.25
114.75
111.0
112.5
109.5
110.5
110.75
112.75
107.5
114.0
113.5
118.0
127.75
130.5
125.25
129.0
127.0
135.0
131.0
142.0
137.5
132.0
119.25
105.5
105.0
107.75
105.0
102.5
106.25
98.75
100.5
103.75
104.75
102.25
101.75
107.25
120.5
124.75
128.75
136.75
129.5
134.25
135.0
130.0
129.75
118.25
113.75
110.0
106.75
106.0
105.25
99.5
99.5
99.25
99.25
99.75
100.75
100.5
99.0
101.5
102.25
101.5
102.75
101.0
104.5
105.5
105.0
109.25
110.0
101.25
102.5
102.75
100.25
102.75
102.0
101.25
102.5
100.5
104.75
100.25
101.5
101.75
102.5
103.5
102.25
99.25
101.25
99.5
100.0
101.75
109.75
104.25
107.5
101.5
106.0
102.75
103.5
107.0
102.75
103.0
103.5
104.5
103.5
104.0
104.75
105.0
105.75
109.25
118.0
126.0
130.25
134.75
136.75
132.5
135.25
126.75
125.75
120.25
114.0
106.5
104.25
107.75
104.5
100.25
104.0
105.0
104.0
104.75
102.75
104.0
103.5
109.75
116.0
123.75
124.25
135.75
130.0
128.75
141.0
137.0
135.5
126.5
119.25
118.0
115.5
112.25
109.5
109.75
111.75
108.5
111.0
112.0
110.5
110.0
111.0
118.0
125.25
128.25
134.25
133.5
130.25
134.0
137.0
132.75
132.5
130.25
123.0
118.5
110.25
112.5
116.25
114.5
107.5
108.75
108.5
109.75
109.5
111.0
112.0
114.75
132.25
145.75
119.5
122.0
123.5
135.5
139.5
140.25
151.25
137.25
123.25
123.0
138.25
137.75
134.5
115.5
115.25
117.25
124.25
136.75
138.5
112.75
115.0
123.5
149.25
153.75
152.0
136.5
134.5
135.75
137.25
133.5
141.25
145.75
141.25
137.75
133.75
128.75
112.5
110.5
108.75
110.5
127.0
133.75
132.0
111.5
112.0
113.0
110.75
129.0
133.5
134.5
131.0
118.75
117.25
118.75
115.25
116.25
115.25
114.25
110.5
133.5
130.25
131.5
122.75
108.25
111.25
110.0
119.5
133.75
131.5
120.75
109.25
108.0
108.25
119.75
137.75
134.75
139.5
137.5
132.75
137.25
139.0
134.75
127.0
112.0
115.25
113.0
136.25
132.75
114.5
111.25
110.25
117.75
132.75
138.25
132.0
132.25
135.5
152.5
162.5
165.5
155.5
156.75
144.5
149.5
147.5
144.0
131.75
120.0
126.75
139.25
138.0
113.5
118.5
132.5
141.25
134.25
119.25
130.0
153.75
155.75
155.75
150.0
143.5
172.0
176.5
169.0
163.75
157.5
149.25
128.25
125.5
130.5
141.75
142.0
123.75
115.75
127.25
138.5
127.5
117.25
124.5
144.0
145.75
156.0
163.0
145.25
147.0
148.0
166.0
164.5
169.25
161.25
149.5
146.5
144.25
141.25
128.75
121.5
117.5
133.75
138.0
130.25
115.75
115.0
144.75
144.0
139.25
133.5
153.5
153.75
143.0
158.5
173.5
156.5
160.25
159.25
148.75
143.5
141.5
141.75
142.25
123.5
120.0
139.75
140.5
135.25
120.75
136.25
143.25
126.25
138.75
157.5
164.75
161.75
159.5
163.0
167.5
151.5
152.5
158.0
145.75
140.0
143.75
142.25
132.5
117.25
120.0
135.25
135.75
121.75
115.0
137.25
131.25
116.0
130.25
137.25
131.25
117.25
120.0
116.75
122.75
130.25
140.5
137.75
127.0
116.0
118.25
138.25
123.0
119.25
136.25
124.25
121.5
138.75
126.5
118.5
137.0
135.25
116.0
122.25
140.0
133.75
117.5
120.25
123.25
141.75
139.5
139.25
141.25
135.0
117.75
117.25
134.75
138.25
132.25
119.0
135.0
142.0
116.0
123.25
140.0
123.0
117.25
141.25
143.5
134.25
123.25
131.25
148.75
144.5
146.25
143.5
124.25
120.75
116.0
136.5
137.5
118.5
130.0
137.5
120.5
128.0
132.75
119.5
141.0
137.75
131.25
156.75
163.0
151.75
142.75
171.25
168.0
159.75
142.25
135.5
126.75
124.25
124.25
117.5
118.0
132.25
140.75
118.0
127.75
141.0
119.25
126.75
140.5
125.5
147.5
159.0
169.75
168.0
171.75
173.25
150.5
158.75
163.0
147.75
155.5
150.5
150.0
148.25
143.25
143.75
137.5
120.75
126.75
138.5
128.25
120.0
139.5
146.75
148.0
137.0
161.0
173.0
174.25
166.5
158.5
182.25
160.5
161.75
153.75
133.75
144.25
139.75
123.75
120.75
124.0
118.5
128.5
139.5
141.0
139.5
123.0
118.5
129.25
148.5
164.8
169.75
173.25
177.25
169.25
177.5
172.75
165.0
148.75
133.5
133.0
122.0
125.5
131.75
140.0
142.5
130.25
119.75
135.25
138.75
142.0
139.5
129.5
119.5
121.0
122.25
152.5
146.25
155.25
152.25
150.5
140.75
143.25
145.25
139.25
146.0
133.5
121.25
133.0
140.25
121.5
124.25
139.75
135.0
118.75
135.25
138.5
127.25
118.75
122.5
126.25
134.5
124.75
132.25
148.0
150.75
140.5
143.5
142.25
138.75
141.0
128.25
118.0
119.0
134.0
138.5
141.25
134.25
120.75
124.25
133.5
148.75
148.75
148.75
154.2
151.5
147.25
167.75
167.0
164.0
153.75
147.25
123.25
121.25
138.75
142.0
127.5
119.0
138.75
140.0
120.75
124.0
139.0
139.75
129.5
144.5
166.0
164.5
166.5
166.25
145.25
163.0
164.75
159.5
155.5
152.0
149.75
145.25
140.75
119.5
121.0
140.25
141.75
124.0
125.0
141.5
143.25
124.75
138.75
158.75
169.0
170.5
168.5
171.5
182.0
171.0
156.75
137.25
151.5
151.75
146.5
143.0
125.5
120.75
138.25
142.0
116.5
123.5
139.75
137.75
120.0
143.0
157.25
161.0
168.5
168.75
161.25
158.0
174.75
174.25
151.25
154.25
154.5
141.5
151.5
146.75
141.5
126.0
125.5
129.75
144.25
144.0
144.25
144.5
143.0
130.75
133.75
135.75
163.25
169.75
164.25
158.25
163.75
160.25
155.75
153.75
146.5
139.0
136.75
147.0
149.25
148.5
136.25
121.75
134.0
144.25
139.25
127.75
129.25
143.75
138.25
120.0
123.5
133.75
144.0
145.5
143.75
159.25
146.75
150.0
147.25
132.75
149.75
137.5
121.75
146.75
145.0
146.5
141.5
123.25
141.0
148.0
146.0
138.0
145.75
147.75
139.5
150.0
149.25
144.5
148.5
151.0
154.5
157.5
157.5
159.5
148.75
147.0
146.0
136.75
139.25
144.0
132.25
145.5
142.5
132.0
145.25
138.5
156.0
156.5
172.0
173.25
178.0
177.5
156.515
157.4625
182.75
178.25
159.0
149.25
139.75
136.75
149.0
150.75
148.5
147.0
148.25
145.75
145.25
145.5
145.5
149.5
161.0
143.5
162.5
154.75
166.0
175.5
162.615
180.75
171.5
167.0
166.0
149.5
156.0
142.75
142.5
134.5
133.25
143.5
144.75
145.0
131.75
123.75
121.75
129.0
140.5
155.0
167.25
164.5
171.75
173.5
172.25
172.5
173.75
161.5
154.25
149.5
149.75
137.0
136.0
127.25
121.25
123.75
121.75
132.0
144.0
139.0
140.5
132.25
136.25
149.5
169.25
171.25
157.25
157.25
177.5
174.0
172.75
170.0
163.25
137.5
128.5
124.75
124.5
126.5
135.75
143.0
129.75
122.25
135.25
135.25
119.0
132.75
156.25
162.75
163.75
166.0
159.0
156.25
158.7325
179.75
170.25
162.25
149.0
151.0
154.75
150.5
151.25
147.5
142.5
144.5
144.25
129.25
122.25
133.75
146.0
140.75
142.5
127.25
141.75
130.75
147.75
151.75
159.0
154.5
154.75
150.0
148.75
146.5
147.25
137.75
151.0
130.75
148.0
142.5
122.75
127.25
123.0
124.75
121.25
123.0
124.0
122.5
122.0
133.25
144.5
147.25
143.5
128.5
136.75
149.0
131.0
129.0
123.25
139.5
145.0
132.75
122.75
138.75
140.5
133.5
119.25
138.75
144.5
131.25
138.0
156.25
154.0
145.75
154.5
152.25
145.75
147.75
142.5
140.75
137.5
127.0
142.0
145.5
132.75
122.0
137.0
142.5
126.0
119.5
141.5
143.25
122.0
130.75
152.25
158.25
156.5
154.0
159.75
168.0
172.75
174.5
165.5
160.75
154.0
152.5
151.25
150.5
143.0
145.5
131.0
137.75
146.25
144.5
146.0
144.75
144.0
149.25
146.5
162.5
169.75
172.25
168.0
171.25
177.0
180.25
163.5
171.75
149.75
145.25
143.25
127.25
142.25
143.5
145.75
144.5
146.0
146.0
121.5
122.0
120.0
143.0
154.0
149.5
147.0
169.5
177.0
157.75
152.75
175.25
174.25
154.75
133.75
145.75
149.25
140.75
127.0
135.75
142.0
121.5
121.5
135.0
142.25
144.0
130.5
122.5
146.25
149.25
165.0
173.0
152.25
145.0
148.25
151.5
159.25
160.5
151.25
128.75
124.75
140.0
143.0
126.5
117.75
144.0
140.0
123.0
117.25
132.75
137.0
114.75
135.25
139.75
134.75
132.5
120.0
120.0
138.0
139.25
139.5
142.25
119.75
120.75
126.5
142.75
145.25
139.75
133.5
120.0
125.25
139.0
127.5
116.0
141.5
129.75
125.25
140.0
141.0
138.75
145.5
141.5
141.75
139.25
129.5
119.25
117.5
141.25
138.25
139.25
136.0
121.75
120.0
133.5
138.5
121.5
128.5
139.0
133.5
121.25
141.75
157.75
165.25
167.25
171.5
162.25
170.5
162.5
164.75
158.5
154.0
149.5
148.75
143.0
125.5
121.75
134.75
142.25
143.75
137.75
121.25
133.25
142.0
128.75
130.75
154.0
167.5
169.0
172.0
162.0
159.5
159.75
158.0
156.0
156.0
144.5
145.5
140.0
147.25
147.75
144.25
148.25
142.25
141.5
142.25
127.5
120.5
124.5
130.0
138.25
144.5
154.75
171.0
176.0
153.5
169.75
168.25
148.0
156.25
140.25
126.5
124.25
133.25
145.5
142.0
128.75
120.25
128.25
141.0
141.5
123.75
130.5
159.75
161.5
172.0
171.0
166.5
174.25
177.5
171.75
168.25
168.25
135.0
143.0
154.75
138.25
124.0
123.75
129.25
127.75
130.25
145.0
144.5
144.5
140.75
134.25
129.75
139.25
148.75
151.25
144.0
144.25
163.25
174.0
167.0
161.75
131.25
129.25
141.25
147.5
130.5
122.5
123.5
121.5
123.75
121.0
140.5
144.0
143.25
143.5
145.75
143.5
147.0
145.25
146.75
149.5
132.0
149.0
128.75
145.25
145.75
133.75
123.75
124.0
128.75
144.5
146.5
144.75
146.25
145.25
144.0
145.75
142.5
146.25
145.75
142.25
143.5
145.25
145.5
145.75
136.0
123.25
136.0
148.0
143.5
145.25
143.75
147.75
138.75
119.0
123.5
130.0
146.75
142.5
146.75
145.75
140.75
128.5
133.75
142.25
161.0
164.5
149.75
156.75
153.0
178.5
173.5
160.0
148.75
153.25
130.0
124.25
132.5
143.0
141.75
143.75
142.25
124.75
120.0
119.25
144.5
149.25
144.75
135.5
146.0
153.5
175.25
181.75
170.25
164.5
157.5
161.25
143.0
139.5
149.75
147.5
143.75
144.0
146.5
142.25
141.75
129.5
125.5
118.75
120.75
121.25
131.75
140.75
145.0
144.0
143.0
144.75
155.5
146.5
144.0
142.75
149.0
138.5
147.75
148.0
144.25
144.0
142.75
142.75
142.5
143.25
141.5
143.25
142.75
147.75
152.5
157.75
159.25
165.5
163.75
144.25
161.25
150.75
153.25
151.0
153.0
147.0
151.5
146.0
147.5
135.25
123.25
125.0
122.5
143.75
141.0
142.75
125.75
126.75
152.0
157.0
169.5
173.25
167.0
167.25
158.75
177.5
155.25
147.0
153.5
128.5
128.0
127.5
125.25
124.75
143.0
144.25
145.25
141.75
132.5
119.75
139.5
140.5
129.75
121.0
122.25
140.5
138.25
144.25
152.5
144.5
147.75
143.5
138.5
138.25
148.75
149.0
151.0
142.25
127.25
129.5
139.0
141.75
115.25
131.5
141.75
127.0
123.25
142.25
144.0
145.75
145.5
148.5
152.0
131.25
127.5
145.0
146.0
145.75
145.25
145.25
145.25
121.0
128.5
145.25
142.0
122.25
122.25
136.75
141.5
146.25
139.75
140.25
160.5
173.25
177.25
176.75
173.25
158.25
157.25
160.5
161.75
135.25
158.5
151.75
145.75
128.25
132.5
145.0
144.75
125.75
126.25
145.5
133.25
128.0
144.25
160.75
167.75
177.5
158.0
167.0
178.0
181.75
176.25
148.5
163.25
151.25
152.25
143.0
120.75
121.25
138.75
143.75
138.5
121.5
135.75
140.5
140.0
127.0
136.25
159.25
169.5
166.25
148.5
175.25
174.25
164.515
176.0
165.0
163.0
145.0
145.5
146.0
124.25
131.5
144.25
142.0
121.25
139.0
138.0
121.75
130.5
149.75
152.5
143.25
155.5
166.0
175.25
181.5
160.0
169.5
176.75
159.0
128.5
136.75
129.5
127.5
136.75
140.0
132.0
126.25
140.5
144.25
124.75
131.75
146.75
138.0
144.75
168.25
154.5
147.25
168.75
168.5
164.5
144.5
147.25
144.0
148.0
149.75
123.0
136.25
144.25
135.0
120.25
143.0
145.0
130.0
134.5
144.5
138.25
124.0
125.25
144.5
145.5
142.25
144.5
148.0
151.25
143.75
121.25
121.75
124.25
142.0
135.0
124.5
131.5
143.75
142.75
120.75
124.75
128.0
141.0
142.0
145.25
131.0
118.75
121.75
121.75
121.75
126.25
144.75
148.75
127.75
123.5
122.75
126.5
121.5
125.0
146.5
148.75
139.0
123.0
127.25
144.0
147.75
131.0
126.25
125.0
138.75
152.0
156.25
165.75
145.5
148.0
171.0
167.25
166.75
174.0
161.25
133.5
128.75
146.0
145.5
149.75
126.0
119.75
119.0
144.5
139.25
141.25
144.5
139.5
127.0
130.25
150.25
159.25
164.75
171.25
171.75
171.0
170.75
172.0
149.5
136.75
129.75
129.5
125.75
130.25
142.75
142.0
133.75
123.5
126.75
140.75
144.0
145.5
148.5
133.25
135.0
145.5
164.0
172.0
176.75
173.5
164.0
160.25
163.25
154.25
153.0
151.75
146.0
130.25
123.75
130.25
142.0
143.0
143.25
142.5
119.0
124.0
124.5
153.75
164.25
167.5
165.75
171.25
172.75
177.25
166.75
160.0
164.5
139.25
152.25
150.75
153.5
124.75
122.25
125.75
121.75
133.5
144.75
149.5
147.75
148.25
152.75
159.5
165.0
177.75
181.75
179.75
177.0
181.75
162.5425
173.0
166.75
154.5
140.0
137.75
149.0
136.25
122.0
140.75
144.0
143.75
144.5
146.0
147.0
146.0
143.75
127.25
130.75
136.75
147.25
152.5
155.0
152.5
159.75
150.0
150.25
153.75
150.75
137.75
141.75
146.0
147.25
138.75
147.5
144.5
144.75
144.5
145.0
145.0
144.0
144.5
132.25
148.75
129.25
138.0
148.0
139.75
148.0
136.5
139.75
148.5
128.75
124.75
121.25
120.25
121.75
122.75
125.25
130.5
142.0
144.0
145.0
122.5
127.25
134.5
137.75
146.75
170.75
178.5
166.0
161.5
177.5
149.5
157.0
156.0
153.5
146.0
144.0
145.0
145.25
140.75
143.75
144.75
145.0
138.75
122.75
123.25
132.5
134.5
154.25
170.75
164.25
172.25
167.75
173.25
175.0
173.25
158.5
151.75
145.0
151.0
142.25
145.0
143.5
143.5
129.0
121.75
118.5
119.5
120.5
120.25
126.25
132.25
160.0
167.0
170.75
171.25
172.0
163.5
170.0
164.25
155.0
137.75
145.5
145.25
143.0
141.75
142.25
136.75
121.75
120.0
141.75
140.0
120.0
115.75
148.0
159.75
158.25
144.75
150.0
147.0
154.0
154.75
159.5
163.5
146.5
130.75
131.0
130.75
127.75
125.0
124.5
134.5
144.25
144.25
148.25
144.5
132.25
126.75
151.25
159.25
162.5
167.0
171.0
174.0
172.0
177.75
169.0
169.75
156.75
143.25
146.5
140.5
141.75
141.25
122.5
122.25
136.25
138.0
140.0
137.25
135.0
136.25
138.0
138.75
130.0
120.75
123.5
133.0
143.5
147.5
133.25
134.0
146.0
126.0
141.0
141.5
136.5
142.25
127.0
119.25
116.75
128.0
138.0
137.0
121.5
118.75
114.75
135.25
137.5
138.5
141.0
140.75
135.25
125.25
139.0
131.75
140.0
129.0
138.75
124.5
113.75
113.0
120.5
115.0
113.75
114.5
113.25
117.25
122.0
137.5
137.75
141.75
157.0
162.75
164.75
167.0
168.25
176.0
171.5
180.25
168.0
144.75
153.25
134.5
131.5
148.75
147.25
149.75
145.25
142.75
126.25
131.75
124.0
127.25
143.25
157.25
135.75
148.25
167.25
170.0
161.25
167.25
183.0
159.5
161.0
157.5
149.0
137.0
148.75
137.25
134.5
140.0
145.0
143.5
142.5
142.0
142.25
147.5
150.5
148.0
150.5
159.75
164.5
163.0
168.5
170.0
168.25
172.25
154.5
147.75
142.75
141.0
140.75
121.75
127.75
142.75
143.75
130.75
117.25
121.0
123.0
122.0
129.25
142.0
161.75
164.25
159.5
148.0
169.5
160.75
174.5
166.0
165.75
145.75
149.25
147.5
146.75
126.25
119.25
132.75
141.0
144.0
129.0
119.0
124.25
143.0
147.75
131.5
146.75
171.75
175.5
172.5
171.5
155.5
164.25
164.5
155.0
153.25
148.0
125.5
123.5
135.75
143.75
144.75
144.75
123.25
119.75
130.0
143.75
136.0
123.25
121.25
141.25
142.5
140.25
145.25
139.75
139.75
126.75
136.0
140.25
144.0
142.0
143.5
143.25
143.5
131.0
118.75
121.0
122.25
117.75
135.0
144.75
144.0
143.25
142.75
141.5
142.75
141.5
144.5
145.75
146.75
150.5
124.5
140.25
143.5
147.25
141.75
141.75
143.25
137.0
119.5
119.75
121.75
142.75
142.75
142.5
132.75
123.0
131.25
148.5
142.75
168.5
167.75
166.75
169.25
179.5
171.25
169.75
151.0
155.75
141.5
138.5
147.75
136.25
147.75
138.75
143.5
145.75
142.75
146.25
147.5
145.25
137.25
156.0
158.25
161.75
167.25
176.5
166.5
175.5
174.25
161.75
158.0
150.75
138.25
141.0
129.75
149.5
147.75
145.25
149.25
138.0
144.0
145.5
146.25
146.25
153.0
158.25
156.75
176.5
167.75
172.5
182.5
175.25
173.5
166.25
151.25
135.0
146.75
118.5
119.5
136.75
140.75
140.75
132.25
134.75
113.25
119.0
133.0
133.75
120.5
128.25
159.25
159.25
168.75
146.5
170.75
167.5
172.75
171.25
154.25
146.25
133.0
128.75
128.5
128.0
127.5
122.25
122.25
123.5
121.5
129.5
145.0
150.5
156.25
162.0
159.0
146.0
149.5
165.25
169.25
171.25
172.0
156.0
148.5
140.25
140.0
137.75
137.25
135.25
135.25
136.75
137.0
134.75
138.0
128.75
137.25
122.25
118.0
136.25
141.0
132.0
135.75
138.0
145.75
140.25
140.5
136.25
139.25
140.5
125.75
137.0
136.5
133.25
133.5
138.25
135.5
138.0
115.25
113.25
119.5
110.75
113.0
129.0
137.25
128.0
133.0
138.25
138.25
142.25
139.0
141.75
132.5
137.0
118.5
116.75
114.25
116.75
112.5
114.75
114.0
113.5
133.25
135.0
139.5
134.25
142.75
145.0
160.25
146.0
138.25
156.0
148.5
157.75
153.25
158.0
136.25
139.0
141.5
141.75
138.25
134.0
138.0
117.0
114.25
128.0
135.5
121.75
110.5
132.5
141.25
147.75
163.0
163.25
164.0
153.75
148.75
166.75
158.75
143.25
155.25
148.0
149.75
146.5
134.0
120.25
121.0
132.5
142.25
143.25
142.25
130.25
117.25
127.0
145.5
154.0
158.5
165.25
169.25
167.0
156.0
143.75
173.0
157.75
155.0
150.25
147.5
148.0
147.25
141.25
142.75
142.0
133.0
122.25
123.75
128.5
143.5
143.25
152.75
150.5
158.25
163.0
166.5
159.25
153.25
164.5
157.25
159.0
155.5
155.5
156.25
149.25
147.5
147.5
126.0
122.0
122.0
131.75
145.5
141.25
141.0
123.25
129.0
155.75
154.75
158.25
157.25
170.75
158.0
170.25
156.0
157.75
148.0
144.75
136.0
139.0
146.25
141.5
145.5
120.75
123.75
132.25
142.0
143.5
146.25
141.25
142.75
142.25
144.5
120.0
133.0
151.25
142.25
145.75
140.0
138.75
131.25
137.25
141.0
136.25
141.0
131.75
115.5
120.0
114.75
141.25
138.0
139.5
120.75
118.25
136.0
136.0
141.25
144.5
145.75
146.75
126.0
140.5
130.75
147.5
121.5
133.25
138.25
139.25
123.0
118.5
119.5
138.5
142.0
132.25
115.25
121.75
143.75
137.75
124.75
126.25
149.0
155.25
133.0
134.0
141.0
152.75
162.0
166.5
153.25
149.25
141.25
118.25
115.0
138.5
131.25
112.75
132.0
135.75
113.25
134.5
131.75
116.25
132.75
151.75
151.75
153.0
165.75
146.75
158.25
153.75
164.75
138.75
153.75
132.0
121.75
118.25
113.0
132.0
135.5
130.5
114.0
116.25
132.0
136.75
128.5
117.75
140.25
149.5
137.25
139.25
154.75
146.25
163.75
166.75
154.5
154.75
153.5
152.5
151.5
146.25
147.75
144.75
146.5
143.25
145.25
143.25
145.5
126.75
129.25
129.5
129.75
136.5
137.75
141.5
145.25
157.75
170.25
158.75
173.5
156.0
136.25
132.5
127.75
129.5
141.0
145.5
144.5
131.5
120.5
132.75
140.5
140.75
136.75
125.75
124.0
130.25
147.5
162.25
149.25
170.25
177.25
152.25
166.5
149.25
146.5
140.0
123.25
121.75
126.0
140.75
142.75
140.5
142.25
125.0
119.75
116.5
127.75
142.5
142.0
138.75
118.5
121.75
125.5
127.75
146.75
150.0
144.25
119.75
124.75
137.0
136.25
131.75
119.5
117.5
137.5
138.5
138.25
133.5
116.5
117.0
129.75
143.75
143.0
137.5
138.0
141.25
145.0
143.0
147.75
132.5
135.75
144.0
139.75
121.5
125.25
140.0
144.0
140.25
132.5
119.0
126.25
142.75
143.0
131.25
121.5
124.75
145.75
150.75
139.25
161.25
163.25
167.0
172.75
170.5
162.25
166.5
152.25
142.25
149.5
153.0
151.5
148.75
147.0
147.25
133.0
125.75
123.25
125.5
128.0
150.75
160.5
168.0
153.5
164.5
169.5
159.0
174.25
179.5
178.5
167.75
158.5
148.75
142.0
145.25
150.75
130.25
123.75
136.25
148.25
147.0
143.5
147.25
145.25
148.0
136.75
154.75
170.5
156.5
172.25
168.75
172.5
169.75
172.25
159.0
158.5
146.0
140.5
131.75
146.0
142.75
139.0
135.5
121.25
117.25
119.5
120.0
122.25
137.0
150.25
158.0
160.75
146.75
159.25
166.75
166.0
164.5
169.5
153.0
128.75
126.75
129.0
124.0
130.0
142.25
136.25
142.5
137.75
132.0
119.25
119.0
140.5
139.25
140.75
130.0
143.0
151.75
162.75
157.0
159.75
157.5
154.5
147.0
144.5
124.75
114.5
128.5
136.5
139.5
123.75
114.25
116.75
137.25
133.25
125.25
112.75
136.5
134.25
113.25
115.0
139.75
144.25
140.75
121.0
136.0
142.5
142.5
130.25
128.0
139.0
138.0
136.75
116.75
120.5
134.25
138.0
115.0
116.0
135.25
136.75
113.5
119.5
134.0
136.25
117.5
130.25
128.5
137.25
144.75
151.0
129.75
139.75
139.5
135.5
136.5
138.25
134.0
138.5
114.75
119.5
127.0
136.5
138.5
131.25
121.0
129.25
131.5
141.5
138.75
119.25
146.0
141.5
138.0
133.75
140.5
131.25
133.5
125.75
118.0
125.5
138.0
131.25
116.0
131.75
133.75
122.25
117.75
135.5
125.75
116.75
138.75
153.25
162.75
150.75
142.75
171.25
165.0
147.75
165.25
139.5
138.0
154.0
154.5
147.5
135.5
125.25
124.0
145.75
143.75
143.25
125.5
122.5
147.0
147.25
159.5
162.75
162.25
164.25
163.0
168.5
166.5
162.25
158.25
152.5
149.0
147.0
152.25
144.0
122.0
122.5
131.75
145.5
146.25
143.75
132.5
126.0
138.5
156.0
161.0
162.25
169.0
169.0
171.0
146.25
172.5
166.25
165.0
137.5
132.75
128.25
143.25
148.75
145.5
136.75
125.25
141.75
146.25
134.5
123.75
142.0
147.75
145.0
133.0
140.25
152.25
164.75
170.25
149.25
163.25
160.25
150.5
155.0
149.25
154.0
145.0
146.75
145.0
148.25
144.0
142.0
120.25
122.75
135.75
142.5
138.25
119.75
120.0
124.0
146.25
127.25
124.25
146.5
147.25
140.5
143.75
123.0
128.5
122.5
122.0
121.0
141.75
145.0
142.0
126.0
119.5
141.5
145.5
123.25
122.25
139.0
146.75
147.0
151.5
148.25
142.25
134.25
155.25
145.25
142.25
141.25
121.75
121.0
123.75
120.0
120.25
139.0
143.75
143.0
130.0
123.0
131.75
143.75
144.25
126.5
134.0
139.75
146.25
158.25
163.5
181.0
164.0
163.75
145.75
159.25
155.25
152.5
151.0
151.0
154.5
153.0
151.75
147.5
150.0
131.0
123.75
147.5
150.0
153.75
145.5
166.5
175.0
170.0
167.5
161.25
174.75
155.75
164.5
161.0
158.5
153.75
147.5
151.5
133.25
129.25
141.5
147.75
149.5
132.25
125.0
130.0
145.5
154.5
159.25
145.25
149.0
147.25
164.75
170.25
151.75
167.25
148.0
154.0
152.25
152.25
150.0
136.75
123.25
125.75
141.5
145.75
145.25
133.5
125.5
142.5
147.0
153.75
132.25
137.5
154.0
167.5
165.5
155.75
167.0
152.0
166.75
157.0
155.75
149.75
146.25
144.75
144.75
128.25
121.5
122.0
131.0
143.25
143.0
143.75
130.25
128.5
138.0
161.5
165.0
163.0
160.5
159.5
163.25
160.75
162.0
134.0
132.25
148.0
144.5
145.0
130.75
121.5
120.5
136.25
141.25
142.5
120.0
131.25
137.5
141.25
122.0
120.25
125.25
126.25
140.5
154.75
143.5
141.25
143.5
128.25
145.25
142.0
144.0
140.0
119.25
119.0
145.5
144.25
121.5
126.5
141.5
146.5
123.75
130.5
142.25
144.0
146.0
142.5
152.5
138.5
138.25
147.0
135.25
119.75
119.0
121.5
136.25
145.5
133.0
119.5
139.25
143.25
125.75
117.0
140.0
145.5
122.5
128.5
143.0
159.75
157.5
161.5
165.75
164.75
169.75
154.25
146.75
155.0
139.0
123.75
128.75
141.75
142.25
128.25
117.0
140.75
146.25
127.5
126.25
146.25
144.25
130.0
144.25
159.0
168.0
170.0
176.5
168.5
173.0
153.25
165.0
141.75
140.25
151.5
141.25
120.25
121.25
136.25
146.25
143.75
136.25
120.5
127.25
143.5
141.5
134.5
133.5
162.25
168.5
167.5
166.5
148.5
170.25
150.75
162.75
157.75
150.0
149.75
145.5
144.0
127.5
123.25
138.75
144.5
141.5
131.0
128.75
145.5
150.25
127.25
134.25
140.0
142.75
141.25
172.5
158.75
154.0
152.0
159.5
133.75
144.25
148.0
143.5
137.75
117.25
115.0
122.0
142.5
136.5
116.75
124.0
143.5
136.75
130.25
149.25
156.25
152.25
165.25
165.5
154.75
159.5
163.5
142.0
157.75
149.5
146.75
131.25
134.75
141.75
143.5
134.75
120.25
131.75
142.75
142.5
122.25
132.25
140.0
141.75
141.75
147.0
135.5
149.0
137.5
142.5
137.0
139.25
136.75
126.0
143.5
142.0
141.75
141.0
130.5
120.5
135.0
143.25
124.0
128.25
142.75
130.5
119.0
142.25
135.0
126.75
144.5
134.25
143.0
137.0
152.75
151.5
122.25
135.0
140.75
145.0
120.5
122.5
144.0
142.0
132.0
121.0
135.0
141.25
127.5
122.5
150.75
154.25
157.75
164.25
167.5
169.5
148.5
155.75
163.0
143.0
131.5
125.5
142.0
146.5
132.25
125.25
143.0
145.5
120.5
135.25
142.0
129.0
120.75
146.5
151.5
133.75
139.5
143.0
144.75
147.0
148.75
160.75
167.25
167.5
154.0
148.5
149.25
121.0
131.75
142.75
134.5
120.5
132.75
141.75
127.75
118.5
140.25
145.25
125.25
149.25
155.5
167.5
171.0
165.25
166.0
151.25
163.75
160.75
157.0
151.75
148.5
125.75
130.0
142.0
131.75
129.0
141.5
128.75
118.5
142.0
130.75
128.5
147.0
149.5
138.5
144.0
159.5
173.75
160.0
169.75
173.5
161.5
156.25
156.75
142.5
128.75
142.25
145.75
131.5
128.5
142.0
144.5
119.75
137.0
146.75
120.5
149.0
149.0
137.5
162.5
167.75
163.25
143.0
137.25
142.5
151.75
150.75
134.25
119.5
141.25
140.75
128.0
116.25
132.25
137.75
126.0
119.75
142.0
128.75
120.25
141.0
131.75
120.25
127.0
144.0
156.0
133.25
147.5
133.5
142.0
141.75
139.5
139.75
124.25
119.75
141.25
141.5
120.75
135.75
140.25
122.75
132.75
140.5
116.5
120.0
119.0
122.0
149.25
132.75
144.25
145.5
143.75
139.5
147.5
140.0
136.0
132.25
135.5
129.5
139.75
140.25
137.25
131.5
135.5
139.0
121.25
145.5
125.0
151.75
145.0
157.0
171.0
171.75
176.0
177.75
169.25
166.5
162.0
142.25
139.75
137.5
139.0
143.75
132.25
132.25
132.25
132.75
133.5
131.0
136.0
129.0
132.75
145.5
160.0
173.75
159.17
161.77
161.5125
163.0225
164.3925
183.75
178.25
160.5
147.5
145.0
146.25
145.75
139.75
139.0
137.25
137.75
130.0
135.5
135.25
127.75
142.25
138.25
163.5
170.75
171.75
166.0
168.25
178.5
166.75
158.25
134.0
144.0
141.5
138.0
115.75
124.25
134.25
137.5
140.75
136.75
134.0
115.75
117.25
116.75
117.0
149.0
153.25
164.75
176.5
152.75
167.25
178.75
169.75
169.0
148.25
137.75
147.75
150.75
149.75
149.75
148.75
147.25
146.0
149.0
148.0
145.5
145.25
147.75
151.25
151.75
160.25
171.5
167.0
168.5
168.75
154.5
137.75
150.0
156.5
148.5
136.0
123.0
122.0
137.5
142.0
143.5
142.25
141.25
141.0
128.75
119.25
121.75
118.75
143.25
141.75
141.75
127.75
140.5
153.75
132.0
150.5
135.25
141.75
127.5
120.25
122.75
115.75
117.75
118.5
119.0
128.0
145.5
142.25
138.25
127.25
119.0
120.5
141.0
139.75
139.5
144.0
128.25
128.0
142.25
133.2
123.75
137.25
142.5
140.75
137.25
143.0
136.25
120.5
119.75
121.25
143.5
139.5
141.0
121.75
121.5
142.25
149.0
154.0
159.75
161.25
157.25
141.0
156.5
160.5
156.75
156.0
135.0
120.75
133.5
148.75
143.25
138.75
141.25
141.5
143.0
142.75
140.75
130.25
122.0
122.5
128.0
137.75
153.25
165.75
169.5
158.5
175.25
162.75
171.5
155.5
158.75
155.0
151.75
149.5
152.75
151.5
147.75
150.5
148.25
146.75
145.75
146.5
143.0
130.25
133.75
135.25
141.0
150.5
149.0
168.75
161.75
176.75
162.0
162.75
161.25
151.5
153.0
146.75
147.25
144.0
140.0
121.25
121.0
123.25
140.75
142.5
145.0
130.0
133.0
158.0
166.75
166.75
161.5
144.75
143.75
168.5
160.5
162.75
132.5
133.25
146.25
144.5
130.25
125.75
137.75
143.0
133.0
126.25
144.0
141.0
127.25
132.0
150.0
143.0
138.75
156.5
164.0
143.0
142.75
139.75
147.75
156.0
148.75
143.25
141.25
124.75
130.0
139.0
123.75
127.75
141.75
123.75
134.5
130.25
116.75
142.25
133.75
123.5
142.25
144.5
141.75
149.75
130.5
153.25
147.25
121.75
123.0
125.5
118.25
122.0
117.75
142.25
142.25
141.0
119.75
123.75
142.0
142.75
138.5
120.5
134.75
142.0
140.25
133.5
137.75
152.0
144.5
134.0
132.0
143.0
143.75
141.5
142.0
138.75
143.5
140.5
129.75
120.0
129.0
142.0
139.0
121.25
133.5
145.5
150.75
154.75
161.5
168.25
150.75
169.25
174.75
171.0
170.0
158.25
143.5
140.5
146.5
134.5
130.0
148.75
142.25
126.25
125.0
143.75
145.75
142.5
126.75
126.5
148.25
163.5
154.0
165.25
173.0
176.5
176.25
173.75
180.25
179.75
155.0
158.5
143.5
152.0
137.25
137.75
148.0
147.0
126.75
123.25
138.75
144.25
145.0
151.25
151.5
155.0
160.75
168.75
172.5
178.5
168.75
177.75
172.0
169.5
157.0
141.5
146.0
142.75
141.0
144.75
139.25
149.5
128.25
147.5
141.75
137.25
136.0
145.0
147.0
162.75
166.5
178.75
170.5
171.75
155.7425
167.5
166.75
166.75
152.75
152.0
147.25
146.75
141.0
135.5
125.75
141.5
132.25
132.25
140.75
143.25
141.5
142.75
125.25
158.75
170.0
169.25
152.75
153.25
166.75
141.0
160.75
166.0
135.25
149.25
147.0
146.5
142.25
144.0
143.0
143.0
141.75
143.25
143.25
141.75
140.0
143.25
142.0
141.75
143.75
148.5
147.25
136.0
147.75
144.75
149.0
134.75
146.5
138.0
140.0
143.5
139.75
138.75
128.0
120.0
122.0
135.25
137.75
137.0
117.75
134.0
143.75
133.75
118.75
118.25
134.25
134.0
121.75
119.0
123.75
118.5
118.25
125.0
138.5
139.25
137.5
131.75
114.75
138.5
138.0
123.0
138.75
125.0
129.0
141.5
126.75
150.25
162.25
144.0
143.25
146.75
146.75
146.75
143.5
137.0
130.5
131.75
150.25
130.0
128.25
141.75
129.5
132.0
133.75
118.25
140.25
123.5
137.0
143.75
150.5
134.5
153.75
167.25
164.25
159.25
163.25
156.5
157.75
161.25
152.25
147.0
125.5
139.5
143.75
120.0
136.0
134.0
121.75
139.5
126.25
129.5
141.0
124.25
144.0
145.75
140.25
165.5
170.25
167.75
165.25
163.0
165.75
158.75
135.75
155.25
155.25
144.5
125.5
126.25
148.0
140.25
125.75
140.0
145.5
129.25
126.5
150.5
153.5
151.75
151.5
166.0
171.5
146.5
144.0
155.0
167.75
144.25
134.0
126.25
125.25
125.25
140.75
139.25
128.25
117.25
136.0
141.5
121.5
132.75
140.25
138.25
136.5
154.75
150.25
141.0
147.25
163.75
164.0
163.25
154.25
166.25
136.75
127.75
124.5
123.25
126.5
141.5
141.5
147.25
121.25
122.75
123.25
122.25
135.25
142.75
145.0
142.75
143.25
145.0
137.5
142.75
149.5
145.0
146.5
142.25
145.25
132.5
136.75
144.25
144.0
129.25
122.25
133.25
145.75
141.75
142.0
141.5
143.0
142.75
142.0
136.0
116.75
147.5
133.0
146.75
145.25
147.5
146.0
138.5
145.5
123.25
121.5
136.0
141.25
140.75
130.75
120.75
121.5
123.25
126.0
141.0
141.25
140.25
128.25
133.5
135.5
139.75
140.5
163.75
158.5
172.25
158.25
165.25
149.25
144.0
132.0
124.0
132.0
141.75
143.25
140.75
142.25
119.5
118.5
130.5
140.25
143.75
139.25
134.25
155.25
164.5
166.75
174.75
157.5
163.5
168.5
161.25
157.75
150.25
151.0
126.0
126.5
124.5
139.0
143.5
143.25
123.25
122.5
139.0
141.0
137.75
127.25
144.25
161.5
162.5
157.75
136.0
148.75
143.25
162.5
158.25
154.25
151.0
128.5
125.0
132.0
144.25
145.75
126.0
123.75
142.75
143.0
147.0
135.25
122.25
133.25
157.5
168.0
165.75
167.5
169.5
147.0
163.5
166.25
159.0
158.25
151.0
130.25
124.75
142.75
138.75
119.75
137.5
139.75
119.0
136.75
133.0
130.5
140.5
126.0
152.75
155.75
139.5
139.25
143.25
140.5
155.0
169.25
157.5
150.25
122.5
134.25
137.75
117.25
139.5
127.25
121.0
140.0
123.75
126.75
137.25
123.25
124.75
137.25
125.5
116.75
127.5
143.5
146.0
127.5
147.5
135.0
149.5
144.0
144.0
122.25
128.0
138.25
146.75
145.0
144.25
139.5
119.0
127.0
142.0
145.25
136.0
122.75
135.75
138.0
143.5
146.75
129.25
148.25
154.5
146.75
145.5
141.75
137.5
136.0
144.25
145.25
128.25
130.0
144.0
145.5
121.25
121.5
132.0
145.5
143.0
143.0
143.75
149.75
157.5
145.5
166.25
169.25
173.25
170.0
169.25
167.75
154.5
132.75
136.75
134.25
121.5
136.25
131.0
137.25
129.0
115.5
135.75
138.75
136.25
131.0
116.5
142.5
161.5
157.75
164.75
168.75
172.75
168.0
179.75
166.25
154.25
145.5
152.75
129.25
148.75
152.25
138.5
133.5
145.5
142.25
145.5
143.75
144.5
141.75
143.25
146.25
157.0
155.0
141.75
136.75
138.25
140.5
137.0
138.75
134.25
129.25
134.0
143.75
149.25
129.75
123.75
131.0
144.25
117.0
131.25
140.0
117.5
120.75
121.75
146.5
154.0
149.0
142.0
153.25
161.75
133.5
160.75
147.75
142.75
139.0
132.5
133.75
133.5
131.25
134.0
123.25
130.75
134.25
133.25
123.25
124.75
133.75
136.5
132.0
131.0
145.75
142.75
150.0
147.25
137.5
157.0
150.5
139.5
136.5
126.5
137.0
131.75
120.25
133.75
134.0
125.75
127.25
130.75
124.5
125.5
130.0
129.0
126.25
125.5
133.25
125.25
135.75
118.0
131.5
140.75
114.0
136.25
126.75
137.75
120.0
131.75
123.5
118.75
137.75
121.75
127.5
131.25
121.75
120.75
126.5
126.75
126.25
117.0
138.5
121.5
140.5
118.25
130.0
138.75
126.5
128.0
128.0
133.5
123.75
130.75
121.25
135.25
121.0
119.5
127.75
119.25
132.25
128.5
126.25
130.75
128.5
146.25
135.75
149.75
141.0
159.75
138.0
135.25
151.0
141.0
135.0
142.5
131.75
138.0
124.25
130.0
121.75
125.5
131.5
120.5
132.0
118.0
135.75
123.5
139.75
136.0
161.5
139.0
139.5
136.75
134.75
145.5
159.75
158.0
148.0
145.5
122.75
122.25
132.0
138.5
142.75
122.0
129.5
139.25
117.0
139.5
123.25
132.75
131.0
126.0
154.75
160.5
164.75
167.25
151.75
147.0
158.5
157.75
152.0
127.25
125.75
138.5
141.25
137.0
119.75
134.5
139.75
128.75
120.75
138.25
133.0
118.25
146.0
155.0
143.0
142.25
138.25
159.25
161.25
163.0
153.0
139.5
153.25
152.25
130.75
129.0
146.25
132.25
121.25
143.5
119.75
142.75
132.0
126.5
141.75
124.75
144.5
148.5
141.75
140.75
165.25
165.5
142.75
143.75
163.0
151.0
144.75
150.25
131.75
134.0
141.0
124.75
118.5
136.5
139.75
131.25
118.25
127.25
139.75
136.0
122.5
135.0
140.25
117.25
125.5
143.0
144.25
144.0
121.25
128.5
139.0
118.5
135.75
129.5
119.0
138.25
121.25
136.75
130.5
129.5
139.0
121.5
135.0
131.5
126.25
139.0
120.5
141.5
120.5
146.0
137.0
121.5
145.25
128.0
140.0
125.5
135.75
123.75
138.25
126.5
132.5
131.75
136.75
130.25
143.75
122.5
137.75
125.25
137.0
145.0
133.5
152.0
154.0
133.5
141.0
138.0
144.25
156.0
143.25
130.0
141.0
145.5
128.0
139.0
133.25
123.25
136.0
125.5
142.75
124.5
132.75
127.0
141.0
134.75
150.75
164.75
163.25
161.25
166.25
164.25
141.75
139.25
138.75
154.0
147.75
134.5
125.25
133.75
141.75
125.5
122.0
141.25
144.0
124.25
121.75
129.5
151.5
153.5
136.5
138.0
144.75
166.0
161.0
138.75
149.25
151.75
136.5
121.0
139.5
132.25
122.5
135.25
121.25
135.0
126.25
127.5
128.75
126.0
126.0
128.0
137.5
122.5
133.0
123.5
121.0
138.0
142.75
142.5
144.5
125.75
122.0
120.75
139.5
137.75
120.0
139.75
124.25
133.5
128.75
138.0
125.25
134.75
123.5
141.75
118.5
135.0
130.0
145.0
146.5
144.75
147.75
144.5
143.25
139.5
137.25
119.25
127.5
142.75
118.25
140.0
124.0
129.0
131.25
129.0
126.25
133.75
122.25
133.0
122.0
137.25
131.5
117.5
119.5
130.25
126.0
124.25
134.5
131.25
115.75
139.5
132.25
126.0
133.0
129.75
131.25
131.25
129.25
133.5
121.75
131.75
123.0
132.0
124.0
128.0
124.5
128.0
116.75
139.5
140.0
134.25
117.75
135.75
132.0
128.25
119.75
131.0
124.75
132.75
122.25
135.5
118.75
138.25
122.0
137.0
119.25
135.75
133.25
146.0
129.25
139.75
137.0
145.25
127.75
135.75
157.75
135.25
150.25
123.75
148.5
125.25
141.0
123.25
141.75
120.5
139.75
123.25
132.25
118.75
140.5
121.0
149.25
140.25
138.5
161.25
155.75
137.5
140.75
158.75
151.0
133.5
148.25
137.0
117.25
137.5
133.0
111.75
134.5
122.5
128.5
135.0
110.5
129.5
127.25
117.5
139.0
126.75
132.5
153.5
132.5
153.75
163.5
138.0
153.5
140.25
135.5
130.25
124.0
134.5
123.0
129.75
112.0
130.5
120.0
129.25
117.5
122.0
126.0
127.0
141.5
125.0
134.75
148.5
134.25
130.25
128.75
150.75
138.0
139.0
140.75
118.25
141.5
130.75
115.25
131.0
117.0
122.0
136.5
120.25
124.5
132.75
117.75
134.5
128.0
123.25
149.5
138.5
152.25
154.5
143.5
142.25
153.75
149.25
126.75
137.75
140.25
118.75
137.5
139.25
115.0
130.5
131.0
117.5
138.25
130.0
126.25
133.25
122.0
140.25
127.25
122.25
139.25
124.25
123.0
139.75
140.75
120.25
130.75
139.25
116.75
134.0
125.0
123.5
137.75
122.0
124.0
139.0
127.25
119.5
139.0
132.75
118.5
134.75
135.5
121.75
112.75
134.25
137.5
139.5
137.75
117.0
137.75
124.75
132.75
123.75
137.0
119.75
139.25
119.25
125.75
117.5
132.5
109.5
131.5
115.0
130.75
127.0
145.0
135.75
152.25
131.25
131.75
152.5
137.25
135.25
139.25
121.25
139.75
126.0
129.25
127.5
116.5
135.75
120.75
120.5
123.25
118.0
128.0
123.75
137.25
134.5
156.5
135.5
154.0
141.5
150.5
162.5
141.0
156.5
136.75
132.75
144.25
127.5
144.0
130.0
138.25
114.5
143.0
128.75
123.75
138.25
117.25
143.25
137.5
141.25
160.5
144.75
146.5
167.5
164.5
157.75
145.25
154.25
152.75
148.75
128.5
143.75
141.25
123.5
138.25
137.0
119.0
143.5
132.0
129.0
134.5
126.5
139.5
141.0
147.25
149.75
148.0
143.5
144.5
145.0
157.25
130.75
141.5
139.0
129.5
133.5
135.0
135.25
127.25
125.75
123.0
131.25
134.75
120.5
140.0
119.5
139.0
134.5
151.75
144.0
159.75
154.0
142.75
155.5
151.25
138.75
141.75
136.25
134.75
136.0
122.75
124.5
129.25
121.75
133.0
130.75
124.0
141.5
120.5
124.75
126.0
119.25
134.25
113.75
138.25
123.75
134.75
133.25
132.0
134.0
132.75
126.25
142.0
125.0
132.0
139.25
125.75
138.5
127.75
133.0
135.0
123.25
135.0
125.25
123.0
129.25
121.5
135.25
126.25
118.0
136.5
136.75
135.25
121.0
132.25
130.0
122.25
133.25
122.5
135.0
122.75
132.5
122.5
134.75
121.75
140.0
119.25
140.75
128.75
143.25
142.75
162.5
161.5
139.5
147.25
156.75
140.25
126.25
146.25
132.75
134.0
135.5
121.5
141.75
122.75
141.0
124.5
138.75
123.75
139.25
122.5
133.0
133.5
147.25
145.5
158.75
137.5
155.0
129.25
154.5
130.25
150.5
125.5
136.5
126.0
126.5
129.5
120.5
132.75
123.75
139.75
124.75
126.5
133.75
120.25
137.75
135.0
135.75
154.75
146.75
153.75
143.5
151.5
136.75
142.5
144.75
125.25
137.5
129.25
123.25
131.75
127.75
121.25
127.5
129.75
124.25
120.5
124.5
127.25
127.5
130.25
138.75
139.25
141.75
149.0
137.0
150.25
139.5
139.75
139.5
128.25
134.5
132.75
127.0
130.25
127.25
123.75
129.75
132.25
126.25
121.5
125.25
121.75
122.75
141.25
143.5
145.75
142.5
143.5
148.25
143.5
143.0
153.5
135.75
133.75
126.25
124.75
123.75
130.0
123.25
128.25
126.0
131.25
126.75
129.25
134.75
132.5
120.25
126.5
129.75
117.75
126.25
125.5
120.0
127.0
122.0
126.0
136.0
130.0
123.5
128.75
116.0
126.5
132.0
116.5
133.5
128.5
119.75
130.0
128.25
122.75
130.75
122.5
120.5
131.75
120.5
127.75
124.75
120.25
132.0
114.25
124.25
124.25
117.5
130.75
119.25
125.5
130.5
113.0
132.75
128.0
121.75
126.75
124.5
132.0
133.25
133.5
141.5
139.0
147.5
151.0
144.75
152.0
141.0
148.0
140.25
136.25
133.0
118.5
129.0
131.0
125.5
128.5
131.75
124.0
126.0
118.75
123.0
131.0
127.5
130.25
140.25
152.5
148.75
144.75
161.0
137.25
150.25
147.5
146.25
133.75
130.5
132.75
119.25
129.25
129.0
132.25
128.25
128.0
127.75
131.25
121.25
128.5
131.5
140.5
138.0
152.25
146.0
142.25
147.75
135.0
148.0
139.0
140.75
136.25
121.75
132.0
139.0
122.0
119.25
127.5
120.5
118.75
129.75
123.5
119.0
130.0
122.75
139.0
138.0
137.0
150.0
138.5
149.75
138.25
154.0
141.75
148.25
137.5
126.75
131.25
128.25
131.75
119.25
134.75
111.25
132.25
120.75
130.5
125.25
128.5
134.75
129.25
142.5
133.25
161.25
133.75
147.25
143.5
134.75
138.75
129.5
140.0
121.25
130.0
123.25
121.0
127.0
120.25
132.25
117.5
135.25
116.75
126.0
123.5
122.5
126.5
119.75
133.25
117.75
128.75
125.25
125.0
124.75
122.0
132.0
111.25
130.75
121.5
122.25
127.75
119.75
131.0
112.75
128.75
117.5
126.25
123.75
125.0
123.75
118.5
124.75
125.0
121.0
121.25
121.75
120.75
124.75
118.0
135.25
117.0
126.75
122.5
126.0
126.0
114.5
130.5
126.75
117.75
137.0
118.5
124.0
130.5
118.25
123.0
123.75
117.75
133.25
120.25
130.0
124.25
136.75
127.25
126.0
132.5
117.0
128.75
124.5
120.5
129.5
126.25
119.75
129.25
123.0
122.75
130.0
119.0
124.25
122.0
121.0
128.0
116.25
130.5
124.0
114.0
131.75
112.75
127.0
117.75
127.25
114.25
127.5
123.75
118.75
129.25
120.75
124.75
128.5
120.75
125.25
128.25
123.0
125.75
128.5
116.25
130.0
126.5
125.0
135.75
121.0
132.25
122.0
130.75
132.25
125.25
122.75
122.5
125.0
124.75
127.25
129.25
116.75
123.75
129.25
123.25
124.25
125.5
134.75
117.75
126.5
132.0
124.5
138.0
128.25
141.0
127.25
130.0
131.5
121.0
128.5
127.0
121.25
123.5
125.0
123.0
128.0
132.25
116.75
129.5
127.0
122.75
132.0
118.25
131.25
123.0
126.5
127.75
120.75
135.75
115.75
132.0
122.75
130.25
124.25
127.75
123.25
125.25
127.0
120.5
129.0
114.75
133.0
122.5
127.0
126.25
117.75
128.5
115.0
130.5
127.25
118.75
130.0
117.25
137.25
118.25
129.25
122.0
121.0
130.25
121.5
127.0
130.5
119.25
125.0
132.25
120.0
130.25
121.0
127.0
125.0
118.75
132.5
116.5
129.25
118.0
129.25
124.5
127.0
131.75
114.0
125.75
129.0
117.0
128.5
122.5
124.5
130.75
121.0
124.0
132.75
124.75
128.75
129.5
121.25
132.0
129.5
128.25
133.75
124.0
133.25
