84.3
69.2
59.6
51.4
45.4
43.5
44.7
50.2
57.1
72.4
72.1
68.9
69.8
73.5
78.1
79.5
74.3
74.5
94.5
104.1
96.8
91.4
93.3
84.6
85.4
73.3
62.8
52.3
49.4
48.4
46.7
54.4
67.1
80.4
80.0
78.3
79.5
80.7
80.9
79.1
84.9
93.3
100.4
104.7
104.5
98.0
94.6
101.0
85.6
75.7
64.6
57.6
53.0
46.0
43.8
50.3
63.7
74.1
74.3
78.6
81.1
84.5
83.7
80.2
83.8
84.9
95.1
91.4
93.1
94.6
87.6
93.2
88.8
78.4
63.4
56.8
56.3
48.1
48.0
53.7
61.7
74.5
80.9
80.8
77.0
77.2
85.2
73.5
79.9
86.5
100.1
108.5
104.2
102.9
100.8
92.9
83.0
83.0
70.8
61.6
55.9
52.2
52.9
53.4
66.1
77.9
78.6
75.2
77.9
82.9
83.0
78.0
77.0
92.7
94.7
96.4
86.4
87.4
84.8
87.0
80.6
78.3
71.1
65.1
62.5
54.2
54.3
58.2
61.2
62.8
70.6
81.2
88.3
87.6
90.9
89.9
89.7
89.6
89.8
90.3
92.9
97.4
92.9
84.9
85.4
75.0
73.9
65.6
58.5
51.7
50.1
51.5
56.6
62.9
65.5
70.0
73.2
72.6
84.1
88.5
90.2
101.4
105.4
103.2
100.0
96.1
99.2
90.2
86.2
73.0
64.3
58.5
57.1
53.8
50.8
54.1
70.9
78.9
83.9
79.0
82.4
87.0
86.7
82.2
84.2
86.4
106.2
89.705
106.8
106.2
101.9
101.3
85.4
83.0
73.7
64.3
58.3
57.5
53.0
60.7
80.4
87.9
79.2
79.1
85.8
88.8
88.2
91.4
92.9
90.8
101.7
104.6
97.4
99.7
98.9
90.6
85.4
74.0
67.7
64.3
58.2
53.9
53.4
55.4
66.6
73.6
75.1
81.9
82.4
85.4
82.1
79.1
85.4
86.2
100.7
102.2
98.5
96.1
91.5
87.7
89.9
80.0
70.4
62.7
66.0
58.6
56.2
59.7
75.0
78.5
81.8
75.8
73.9
77.0
80.5
93.1
86.7
90.2
74.5475
76.3025
72.46
106.2
98.3
93.4
85.1
79.0
74.2
61.2
58.4
55.5
53.9
57.0
69.3
78.8
79.8
76.4
81.2
81.3
80.5
80.5
82.1
85.4
81.1
76.5
75.9
78.9
77.5
74.9
76.3
71.6
61.5
60.9
58.5
57.3
50.9
50.1
56.5
58.1
58.4
63.8
69.4
69.6
74.2
74.3
70.7
73.5
83.7
79.8
66.9
74.0
72.8
75.6
68.0
66.2
60.9
56.7
54.0
49.3
48.0
48.5
51.2
57.6
56.7
63.1
62.2
64.4
64.5
62.0
62.0
66.0
68.1
64.9
66.7
68.5
75.8
72.8
62.1
64.4
59.5
54.5
48.6
45.8
42.3
43.4
50.2
52.5
51.1
52.9
56.4
54.4
61.8
61.7
59.3
55.7
56.9
62.2
60.3
61.5
66.2
61.4
54.9
55.3
47.7
45.9
42.9
39.8
41.2
46.2
47.3
53.8
61.2
59.2
54.2
52.7
49.7
52.0
47.4
53.4
59.3
56.7
51.4
57.1
54.5
53.3
49.4
45.9
44.0
42.9
41.7
40.1
37.5
38.1
41.7
48.8
50.7
51.1
53.0
48.9
44.4
42.3
43.4
50.6
47.4
48.2
49.6
54.2
53.2
50.9
44.9
41.7
40.3
37.2
38.9
39.4
37.2
40.0
41.2
46.3
52.9
55.0
51.5
48.9
48.2
43.6
46.8
49.1
47.4
55.7
52.7
50.0
49.5
53.9
45.2
42.0
40.6
39.0
38.3
38.5
36.0
36.6
38.1
43.4
48.0
47.8
48.9
51.7
48.4
55.1
51.3
49.3
55.3
53.5
51.1
48.2
53.4
50.8
74.4
69.5
61.0
56.2
54.0
49.1
45.9
48.5
53.0
56.1
60.4
67.7
74.0
72.6
77.8
78.8
74.7
76.3
81.6
81.5
79.3
80.5
79.5
77.1
51.5
44.5
41.6
41.3
38.3
37.4
37.9
40.2
41.4
40.3
47.0
50.7
46.8
51.3
50.5
48.9
52.7
51.9
50.9
52.5
52.7
54.5
55.9
51.5
78.9
68.9
60.8
53.5
50.1
46.9
45.6
49.7
60.0
69.9
69.5
67.1
69.7
72.9
73.5
72.2
73.1
73.2
87.6
93.3
89.0
89.1
90.1
85.6
78.0
71.4
61.8
54.7
50.3
47.9
46.8
53.1
65.2
74.8
74.5
73.4
74.7
74.5
72.9
74.5
77.2
80.2
89.5
91.0
87.0
88.6
85.3
82.5
31.4
26.9
34.6
28.8
37.9
30.6
29.6
37.3
30.7
28.3
31.5
31.4
32.6
31.2
34.3
30.6
31.1
29.6
35.5
42.3
37.4
34.4
33.7
34.2
70.9
63.8
60.7
54.7
50.4
46.4
44.7
45.9
49.9
53.5
58.2
62.3
63.0
66.5
68.1
68.8
71.3
74.6
77.9
78.4
77.6
78.3
79.6
75.7
30.9
24.8
24.3
17.2
18.5
19.5
19.6
20.4
27.3
26.2
26.0
29.7
29.2
28.1
26.1
30.3
34.8
33.5
36.4
41.1
37.8
39.9
41.7
36.0
70.0
64.8
57.5
54.0
52.1
47.8
44.7
47.8
51.6
53.2
57.2
64.1
68.9
67.7
73.0
72.4
68.2
70.6
75.0
76.5
73.5
74.7
73.9
73.6
38.6
29.9
28.0
23.5
23.9
23.5
24.8
28.5
29.5
28.7
29.4
31.3
36.8
35.9
36.8
33.6
33.7
41.2
38.7
40.7
45.7
49.9
52.2
48.9
70.2
62.3
56.1
50.5
46.3
44.0
43.6
46.2
54.3
63.2
64.7
62.8
65.0
66.8
69.4
68.6
65.6
65.0
75.7
80.6
77.5
76.6
77.2
73.8
42.6
34.7
30.5
25.1
26.6
26.6
27.9
32.2
34.0
40.7
42.3
43.6
36.1
42.2
42.9
41.1
41.1
43.5
47.4
49.6
46.2
52.0
49.0
47.7
37.5
39.6
32.4
26.7
32.4
27.1
26.5
31.4
35.2
34.4
40.2
42.9
41.8
40.8
37.6
40.3
40.5
41.8
50.6
48.0
46.4
42.3
44.2
43.6
17.3
39.0
35.2
35.5
36.7
29.5
32.2
31.8
31.1
33.1
39.1
38.9
35.2
39.6
43.3
46.1
44.1
45.7
47.3
42.5
43.7
40.4
37.5
36.9
37.4
31.5
29.9
25.9
27.8
27.7
29.0
27.9
30.9
34.0
35.6
40.8
39.2
38.8
36.5
37.5
38.6
41.1
51.2
49.7
44.0
45.2
38.2
45.1
39.6
40.6
32.2
29.8
26.0
25.7
26.7
28.6
31.3
33.0
36.6
41.2
43.4
42.1
38.4
46.5
40.5
45.8
46.7
46.8
47.2
42.5
43.4
39.7
44.3
41.1
35.8
31.4
29.9
28.8
30.1
32.2
38.5
36.0
39.5
38.5
40.3
45.5
48.0
44.3
46.8
50.5
52.7
57.9
56.5
56.9
48.1
47.8
45.9
34.0
32.9
29.2
28.2
27.1
30.0
32.8
37.0
42.5
44.6
45.6
42.1
42.4
41.4
38.7
46.5
47.0
49.2
52.5
52.9
56.3
51.4
51.1
49.2
43.7
38.5
33.1
34.4
34.0
32.6
33.9
34.2
42.8
52.6
48.9
49.1
53.9
51.8
46.4
55.9
53.5
54.8
54.9
58.0
56.4
63.9
57.8
54.9
43.9
40.8
36.2
37.8
40.8
41.3
46.7
54.1
54.9
50.2
53.2
56.7
55.5
54.2
53.6
52.4
61.7
65.4
66.7
64.8
65.7
59.9
54.4
56.0
44.7
37.7
33.8
35.5
38.7
37.8
42.4
43.6
56.6
56.6
58.8
60.0
52.8
54.5
52.5
57.5
61.1
62.6
71.0
66.6
63.6
61.2
63.6
55.8
48.8
43.4
38.2
36.6
34.8
38.1
39.1
46.9
53.5
50.0
53.7
54.2
56.0
51.8
58.3
61.8
62.0
66.9
76.6
66.6
52.6
58.8
52.1
65.4
51.4
45.2
41.6
39.4
42.0
40.8
49.1
47.0
58.9
60.5
57.0
66.9
58.6
59.8
59.8
68.4
72.8
84.3
76.4
78.8
71.2
70.5
70.5
69.2
65.1
52.8
45.0
38.5
41.0
41.5
45.9
49.7
65.5
68.9
69.7
78.7
79.7
84.2
84.2
85.5
90.2
97.7
100.3
97.9
94.6
92.7
83.4
68.6
70.1
57.3
44.9
41.8
48.1
47.4
49.0
71.5
81.8
77.9
66.7
56.6
63.5
61.3
58.6
65.6
76.5
89.9
92.3
88.1
82.5
81.1
75.8
66.2
51.6
40.8
37.5
35.5
35.8
36.9
47.2
59.9
68.2
65.4
66.2
66.1
77.8
72.4
74.1
74.9
83.2
92.0
91.5
90.4
88.6
85.7
81.3
69.4
60.5
47.4
45.2
45.4
41.8
46.5
51.6
68.1
73.0
64.6
69.6
75.5
70.8
74.5
65.8
72.3
75.8
96.1
89.8
87.9
81.3
83.4
78.2
71.8
58.9
47.7
40.1
38.4
35.7
38.2
44.4
63.1
71.7
70.4
68.7
65.7
67.7
71.5
75.9
80.5
80.6
93.0
94.3
90.6
91.7
89.9
82.1
70.1
67.4
54.7
45.3
39.8
41.2
44.2
46.5
61.0
66.3
78.6
70.5
72.8
73.1
71.1
65.0
67.1
72.5
81.9
88.6
85.8
81.8
77.8
70.4
67.0
52.2
46.2
42.4
40.9
36.6
39.0
39.7
47.9
61.5
67.4
74.1
69.0
69.3
67.0
75.1
69.8
74.3
83.0
87.8
82.5
72.8
73.4
74.7
75.5
52.8
44.2
37.4
35.7
40.7
36.6
39.1
46.2
52.7
65.1
68.3
67.1
73.7
72.0
81.3
83.2
85.8
90.5
104.7
106.4
95.3
90.5
86.9
82.1
70.3
57.6
44.3
41.6
43.8
43.4
50.3
68.9
78.4
86.4
78.1
73.8
74.8
75.1
73.6
75.7
86.5
90.29
103.3
94.3
90.2
90.9
91.6
77.5
60.2
46.7
40.6
43.2
41.9
41.0
49.6
66.5
86.5
83.2
71.4
73.6
73.6
73.9
76.5
84.9
99.7
88.5275
89.8
102.6
95.7
96.6
96.7
79.7
64.7
53.3
42.0
44.5
44.0
42.1
45.4
67.7
74.9
65.5
67.8
69.5
78.9
85.1
82.6
79.9
91.0
98.4
101.5
97.8
96.0
89.7
89.0
97.1
71.3
49.0
42.2
43.0
40.7
43.2
47.8
69.5
78.9
80.4
71.1
72.0
95.8
99.9
96.7
95.0
102.8
86.86
88.445
85.36
83.5375
83.875
84.0975
96.8
95.9
79.5
68.3
59.7
56.0
62.1
65.0
79.7
90.4
93.2
95.9
96.3
103.5
105.7
105.2
104.6
103.2
83.37
81.455
105.1
101.1
87.5
83.5
84.6
74.8
70.4
64.5
59.3
56.7
57.0
60.7
68.5
74.3
79.7
86.7
90.7
100.1
101.4
94.3
93.1
95.1
96.9
108.6
108.1
100.8
98.6
93.2
91.4
82.7
74.2
67.9
64.4
60.3
58.5
54.2
55.5
64.7
74.4
73.6
89.4
96.7
98.2
97.6
99.1
102.0
102.2
98.0
80.485
78.58
75.2675
71.03
93.5
87.2
77.8
64.2
59.6
58.0
58.2
57.7
77.1
83.0
87.2
86.6
84.9
86.6
87.2
85.8
87.7
102.1
108.9
86.455
84.9975
106.6
105.9
106.4
87.6
80.7
63.9
55.9
59.3
53.2
49.6
48.6
70.6
88.9
85.7
84.1
85.4
92.4
84.8
76.5
76.9
90.1
101.3
103.8
105.3
108.2
101.8
96.2
92.7
83.0
69.2
60.7
63.1
58.1
54.6
57.8
72.1
80.2
80.1
80.0
88.3
103.5
93.3
86.3
85.2
95.0
84.0275
86.71
87.0275
103.1
99.3
102.3
94.5
84.0
67.3
65.5
58.6
51.7
52.9
56.5
77.4
87.8
90.5
94.3
86.0
89.9
88.2
95.2
99.4
104.7
108.3
108.3
87.495
85.86
83.025
103.5
87.1
83.2
69.4
61.4
60.5
55.9
59.3
59.9
81.7
87.1
96.1
95.1
91.5
92.9
89.7
88.4
96.8
100.8
101.4
107.4
102.2
93.5
94.1
86.2
87.8
78.7
74.6
66.1
58.8
59.9
59.4
59.6
63.6
70.6
76.5
85.5
86.3
94.2
97.6
99.3
100.1
103.5
100.2
103.5
105.8
99.7
96.4
97.6
100.1
82.7
74.7
74.2
66.5
59.6
54.7
55.6
61.2
68.4
82.0
91.2
91.3
101.4
104.9
102.4
96.0
83.4675
88.2125
91.435
91.2875
90.03
86.7525
83.4075
103.6
92.5
77.8
70.6
61.7
62.8
62.8
67.9
84.4
95.7
88.2
92.3
87.4
91.9
90.4
82.9
96.5
107.8
93.665
95.255
93.835
93.21
91.8875
90.0725
102.7
92.3
76.2
70.3
71.0
64.9
61.3
68.0
88.5
97.0
102.0
77.3
73.1
79.9
82.0
71.4
74.4
86.9
106.9
93.5025
93.1025
91.9975
87.69
101.8
86.4
82.0
69.0
53.3
48.9
44.8
44.2
48.4
69.4
81.3
77.4
78.6
86.2
78.5
94.5
89.8
77.4
95.2
99.7
103.3
98.7
93.7
88.6
90.0
88.2
62.4
50.7
45.1
49.2
44.7
47.1
54.8
76.6
84.7
88.4
87.9
77.8
95.8
99.6
101.0
104.8
106.5
89.815
92.205
89.91
88.035
85.33
84.035
91.0
92.6
84.5
68.8
67.0
64.8
62.8
67.9
90.0
105.2
99.8
92.0
90.6
80.9
80.4
70.5
78.7
86.9
102.5
98.1
95.6
94.7
96.1
95.1
76.2
64.3
59.1
53.7
49.6
48.8
49.1
52.3
56.8
66.4
71.0
75.8
78.3
80.6
81.5
82.2
82.8
86.5
91.1
94.1
93.8
86.2
84.8
84.0
83.9
68.0
62.5
56.4
46.5
46.4
42.4
42.1
49.6
56.5
67.6
71.4
77.4
74.5
87.0
84.5
71.7
77.6
91.8
97.9
100.2
100.6
90.3
91.9
80.7
64.7
62.5
51.0
44.3
42.2
47.9
50.9
75.5
83.1
76.9
67.6
73.8
77.3
78.5
72.6
77.4
82.7
94.5
96.7
90.5
91.3
98.3
90.2
80.7
66.9
52.2
48.3
37.6
32.3
35.8
42.1
59.6
69.4
71.2
66.3
72.2
74.3
73.7
77.1
77.3
84.0
94.9
98.0
95.8
98.6
87.0
87.8
74.7
62.8
45.6
43.2
42.1
42.1
40.6
46.4
57.8
73.0
63.3
59.7
67.9
77.1
84.2
77.8
72.1
80.7
91.0
92.0
91.2
93.6
83.6
82.1
79.3
58.3
52.4
42.9
45.4
43.9
46.8
51.1
67.3
73.4
73.6
73.9
77.3
74.5
63.8
63.9
75.5
74.0
84.7
83.9
87.0
85.9
87.0
80.0
69.2
64.1
58.6
46.3
45.2
46.6
42.8
49.1
60.6
64.0
72.6
67.1
65.0
69.8
72.7
63.0
67.1
68.9
75.7
70.7
69.1
66.8
64.5
63.6
58.9
53.6
45.1
39.8
37.9
35.8
31.9
36.4
42.9
53.6
50.7
60.2
64.7
62.0
58.9
62.5
58.8
56.2
68.0
62.5
60.1
66.9
61.7
60.6
58.8
49.0
46.6
39.2
34.1
34.1
35.1
35.8
37.7
46.2
47.6
51.2
56.0
56.3
53.4
53.9
49.2
55.0
68.0
71.7
72.6
63.3
65.2
64.4
64.3
51.3
39.2
36.2
35.9
35.6
35.5
34.9
47.9
58.3
59.1
65.2
61.4
62.9
63.8
59.7
59.9
65.8
64.4
65.0
71.0
65.6
65.7
68.5
61.6
60.6
46.2
38.2
37.6
39.0
36.9
42.8
51.1
53.5
60.2
57.5
61.0
60.0
59.8
59.9
62.6
63.5
70.7
73.0
66.9
66.6
63.0
68.3
62.3
45.4
39.1
36.7
42.7
34.1
34.9
40.2
45.2
53.5
59.3
62.5
66.1
68.7
62.9
62.4
64.2
67.0
67.7
73.8
72.6
70.5
68.0
64.8
63.5
54.0
50.0
45.8
39.7
36.5
38.8
39.5
50.0
54.5
62.4
67.0
74.1
76.4
76.9
71.5
68.1
67.6
72.0
75.4
75.1
72.8
66.3
67.3
61.2
49.7
43.2
39.2
34.8
33.3
36.5
38.6
45.0
50.2
50.8
61.5
63.8
67.0
61.2
67.8
63.2
68.3
74.6
74.6
75.7
68.1
64.9
67.8
69.3
48.5
42.0
38.9
45.1
44.4
41.0
40.7
45.9
51.3
55.4
60.3
61.4
64.0
67.3
64.2
56.1
59.7
71.5
78.3
77.2
78.4
75.6
74.9
76.3
55.5
52.3
45.3
46.9
48.2
44.1
42.7
50.4
56.0
61.8
59.7
59.7
65.1
66.9
78.2
82.5
91.3
88.3
90.1
97.9
98.3
91.8
81.8
85.3
73.6
54.2
50.6
46.6
48.5
48.7
54.4
64.5
73.2
72.4
65.3
62.5
71.0
78.8
77.0
80.0
89.1
86.455
100.7
105.1
98.7
99.5
90.9
85.6
70.9
55.2
52.7
47.3
49.7
45.6
52.7
62.5
60.3
63.5
61.0
66.9
65.7
64.6
75.2
70.5
84.1
91.7
89.0
90.4
90.8
85.9
90.1
70.7
65.0
59.0
48.0
45.6
48.1
46.5
49.1
69.3
72.1
59.0
59.4
66.5
70.8
70.5
71.9
67.6
68.0
70.4
76.4
79.0
85.1
83.8
75.8
79.1
54.0
53.1
46.7
42.5
40.4
39.1
43.7
61.8
69.1
71.3
67.6
66.8
79.5
85.8
85.0
80.6
88.2
96.9
98.7
99.2
101.4
105.6
106.8
86.6
82.5
77.8
67.4
65.4
60.0
58.7
63.0
75.7
87.0
88.5
80.2
78.7
83.9
88.7
85.8
86.5
85.8
89.5
99.4
100.2
95.7
92.4
94.2
78.5
78.9
74.4
69.4
66.9
64.5
56.2
53.6
59.8
60.9
72.0
75.0
79.2
86.1
92.7
92.8
85.4
85.6
92.7
89.2
95.4
92.6
90.0
82.2
80.1
76.3
76.4
67.2
58.6
58.2
53.5
55.4
57.2
66.1
69.0
75.8
81.3
93.5
83.3
79.9
82.0
87.1
93.8
101.5
98.6
103.3
98.8
91.5
78.6
78.8
63.6
60.5
52.4
52.6
54.7
54.6
75.7
83.1
80.2
83.9
80.9
85.6
86.1
81.9
68.6
79.1
96.9
103.0
95.5
92.3
79.3
83.0
74.2
55.6
48.0
46.8
47.9
45.5
40.8
42.4
56.4
63.4
62.4
63.6
56.2
58.8
65.7
64.9
67.4
75.4
86.0
102.6
97.6
100.4
97.3
91.8
75.2
63.2
54.0
47.3
41.5
41.0
45.2
45.9
59.4
70.9
64.6
63.5
66.4
76.0
78.2
68.4
66.6
65.8
79.1
79.1
82.3
77.1
76.1
79.0
72.8
57.1
46.5
48.1
43.8
38.1
44.1
45.0
60.1
73.0
69.1
71.4
59.2
59.5
69.4
64.1
62.2
66.1
79.6
86.3
88.5
77.7
77.5
73.8
62.7
57.7
48.3
36.0
34.2
35.0
32.5
35.8
57.6
60.5
57.0
58.6
55.0
64.2
61.7
57.4
58.6
61.7
71.4
65.4
73.7
75.5
77.9
69.8
58.9
51.8
45.3
42.3
43.8
39.4
40.4
42.3
43.9
44.5
55.2
49.5
51.9
48.0
46.8
47.6
48.0
57.1
64.5
69.4
69.8
69.5
63.4
55.8
64.1
54.2
46.3
42.9
41.5
37.8
37.7
41.9
38.1
47.8
51.0
56.2
56.2
55.5
67.8
63.9
59.5
67.2
72.0
83.6
87.5
82.6
76.1
75.7
66.7
60.5
53.8
44.6
39.5
39.7
38.8
44.7
59.8
63.0
62.6
56.0
58.6
66.8
72.8
71.5
77.2
78.9
83.9
90.4
87.6
89.4
86.9
74.0
73.4
54.3
46.4
40.2
36.0
37.3
34.7
40.2
52.8
65.1
64.6
59.8
58.7
62.5
62.1
61.4
62.2
65.5
72.4
79.2
78.1
78.8
75.7
81.6
70.2
62.1
50.1
40.3
38.6
38.6
42.3
43.1
56.6
66.3
54.5
51.4
58.2
60.7
59.1
58.4
60.5
66.6
76.0
82.1
71.7
71.5
70.7
65.8
65.3
51.5
40.3
33.1
39.1
36.2
35.1
41.6
58.9
65.4
70.5
70.8
59.0
60.1
56.8
56.3
57.7
66.0
79.3
77.2
75.7
77.8
77.7
74.5
61.3
54.2
42.6
36.1
40.4
39.3
35.0
41.4
54.1
62.7
59.8
55.1
50.9
58.6
54.0
56.9
61.6
67.8
78.6
70.9
61.1
65.4
58.9
66.2
56.8
51.6
44.8
37.4
41.4
36.9
36.8
39.9
44.8
47.5
51.9
58.7
57.7
63.3
61.9
65.4
62.0
60.9
72.1
74.1
79.0
77.4
67.7
58.3
64.0
53.0
50.9
42.2
40.6
40.1
34.1
33.6
35.0
46.7
52.4
61.6
62.7
68.8
64.2
69.8
70.4
73.8
82.4
79.9
80.4
90.3
84.3
73.2
75.7
58.6
49.6
36.8
37.8
37.0
38.5
43.9
56.7
64.1
63.5
64.5
65.7
71.5
65.5
62.3
59.9
69.7
89.1
86.6
84.7
87.6
86.5
84.0
64.5
62.0
49.1
44.1
40.4
39.1
39.6
42.1
56.5
70.2
72.8
60.5
59.3
60.2
61.4
63.2
61.7
68.3
79.9
88.7
86.5
76.8
65.9
70.4
63.1
52.7
44.5
41.8
37.1
33.5
33.1
37.4
52.7
65.7
56.9
57.0
62.5
63.0
61.4
58.4
64.4
73.7
72.2
71.7
82.1
80.2
78.2
76.4
70.2
54.1
47.5
43.5
41.3
37.8
39.3
42.4
57.7
65.5
68.4
69.2
64.8
68.9
72.3
69.3
67.2
72.0
82.0
84.5
84.7
82.5
81.7
80.6
64.6
54.4
45.6
44.5
42.3
40.3
37.5
43.0
56.4
71.3
69.3
60.5
59.0
71.4
70.7
56.0
61.2
65.5
69.5
76.6
78.9
68.9
61.6
56.5
65.9
57.7
51.6
47.0
49.3
46.4
43.7
44.2
48.7
51.1
58.7
60.9
62.6
65.4
67.2
67.5
62.9
65.8
75.3
77.8
80.4
79.5
74.2
67.8
71.1
59.8
56.5
49.4
46.9
46.1
42.4
43.4
45.2
54.2
58.6
63.3
65.0
70.7
70.6
73.0
73.6
79.9
84.1
88.8
91.1
93.6
87.8
80.6
68.9
65.2
54.1
47.7
44.4
42.6
43.2
50.8
59.1
60.3
60.2
54.2
55.6
61.4
60.9
56.9
62.2
70.0
82.2
96.6
91.8
88.0
73.2
74.1
67.1
55.8
49.1
40.2
40.6
34.5
38.8
44.9
51.6
59.5
54.3
55.5
61.3
61.7
64.1
58.6
60.2
66.7
77.1
84.9
83.2
83.1
85.6
80.2
69.8
60.8
51.9
44.4
40.8
40.4
41.8
43.9
59.5
68.8
58.8
57.8
63.4
67.7
67.3
64.3
64.8
68.6
74.4
77.4
78.8
78.5
77.3
74.3
71.6
54.1
46.7
41.8
41.1
38.2
39.5
42.9
60.0
69.7
72.2
71.0
64.8
65.8
69.4
68.2
67.3
72.4
83.9
86.3
87.1
85.3
85.4
83.0
79.7
75.5
63.6
57.7
59.0
57.2
57.1
61.4
74.2
80.0
74.5
74.6
77.3
76.4
75.9
72.5
74.3
80.5
86.5
83.5
93.3
79.3
76.4
77.7
63.9
58.6
51.3
46.3
47.5
44.5
42.5
44.1
47.8
50.1
57.6
62.0
64.1
64.9
68.5
67.6
66.3
68.2
76.2
76.2
81.6
79.2
74.2
66.4
68.4
56.3
49.1
45.4
44.5
40.9
42.1
42.7
53.8
57.0
63.0
66.2
70.8
70.6
70.1
69.1
74.5
80.6
87.3
87.0
88.4
84.6
81.8
52.9
61.8
54.0
50.5
48.0
45.2
46.4
50.4
61.3
47.9
45.2
50.0
50.0
51.3
47.0
40.5
45.9
55.4
56.8
63.1
68.5
56.3
46.8
42.8
69.8
56.9
48.2
42.8
41.2
39.1
38.5
42.5
54.3
64.6
63.5
59.9
58.9
60.8
63.3
62.1
62.9
69.0
78.8
88.9
86.3
84.8
81.2
81.0
70.3
59.2
49.1
44.1
38.9
37.7
40.2
42.6
55.9
66.4
60.8
59.8
64.2
66.0
65.1
61.4
65.0
71.3
78.7
80.8
80.0
77.1
76.9
76.3
37.6
33.1
32.6
31.7
31.5
32.2
34.0
36.2
41.1
37.4
42.3
46.7
47.5
43.1
39.4
46.6
44.6
48.8
51.8
51.7
45.3
48.3
50.4
41.2
39.1
37.4
34.8
32.2
33.4
32.9
40.5
33.5
39.4
41.6
40.1
40.2
49.9
46.3
43.9
45.1
43.5
48.9
50.2
48.2
47.4
46.2
43.4
42.9
62.5
55.9
48.8
45.0
46.5
43.1
41.9
43.8
46.5
49.5
55.8
59.9
62.3
61.2
64.0
63.8
65.0
66.9
73.4
74.4
78.6
77.3
71.7
65.0
65.1
55.4
52.4
47.3
45.3
43.4
40.3
41.8
42.7
51.8
55.5
59.3
62.2
65.7
65.7
67.0
65.4
71.0
75.9
81.5
81.6
81.5
76.5
77.1
58.9
50.2
47.7
44.3
42.6
41.6
38.3
39.0
41.3
48.6
52.2
55.0
59.1
63.5
59.1
61.6
59.1
65.0
70.6
73.7
72.2
71.5
68.8
69.4
40.6
35.8
34.7
35.2
36.7
32.2
31.4
35.4
38.9
34.0
37.9
40.1
41.7
39.6
34.9
44.2
53.9
50.1
61.1
49.7
51.7
48.8
46.9
37.8
38.0
40.4
32.4
32.1
30.2
30.7
32.9
37.8
42.7
46.8
43.3
44.8
47.0
54.4
50.3
47.5
57.4
49.0
52.1
49.6
51.9
49.7
50.1
46.0
33.9
32.6
28.4
35.3
36.6
31.7
37.5
39.8
43.0
47.0
47.0
41.0
43.5
50.9
54.7
44.5
52.9
44.6
54.5
66.6
46.3
46.8
43.1
39.7
42.0
33.4
33.2
30.1
28.6
32.2
36.1
36.0
43.0
46.3
44.8
50.7
47.8
44.1
47.5
42.6
54.3
48.7
64.2
53.4
54.9
58.0
44.8
41.4
45.7
32.6
28.0
33.1
28.3
27.2
36.3
36.1
35.6
45.4
44.1
39.7
47.2
49.5
43.8
56.7
39.6
49.6
42.2
41.0
48.4
49.2
49.6
51.6
38.0
35.7
29.9
30.0
29.0
29.9
30.2
32.2
35.2
40.9
40.1
40.0
48.3
42.6
43.9
47.2
58.6
48.4
54.5
53.2
61.3
49.9
40.1
44.5
34.3
34.4
29.9
27.7
30.1
30.3
37.5
37.8
41.2
48.6
44.0
43.8
44.5
46.3
52.8
49.8
43.7
51.7
61.8
51.8
67.6
51.6
45.0
43.5
35.1
35.9
33.7
30.8
31.8
32.1
34.3
39.3
45.0
51.3
44.7
55.1
42.5
49.5
55.5
44.4
53.3
50.8
65.0
53.7
60.3
53.1
51.1
50.7
37.6
39.7
29.1
38.1
28.8
36.4
40.0
37.4
50.2
41.0
42.4
48.3
39.3
47.4
46.5
36.9
49.0
47.4
46.2
57.4
59.1
50.0
59.3
43.3
41.4
41.4
18.8
21.0
25.0
28.1
41.4
33.7
45.6
52.8
48.4
49.4
55.4
44.5
50.0
51.1
50.4
60.2
53.5
62.4
52.9
47.5
50.6
45.3
62.1
54.4
47.4
44.1
43.3
43.2
43.6
46.8
57.9
65.9
62.8
61.9
61.4
64.0
64.7
57.0
63.3
64.9
73.4
71.1
75.7
68.7
60.9
58.5
54.3
47.6
41.8
41.1
39.0
38.0
38.4
39.9
41.3
47.7
50.1
53.4
57.9
56.8
59.9
62.1
58.4
63.0
62.6
61.2
66.4
65.6
63.9
60.3
54.8
47.8
46.0
43.8
38.0
38.1
39.5
39.2
46.8
59.7
62.9
63.7
64.2
64.9
61.6
60.9
58.6
62.9
68.8
65.6
67.7
65.2
62.3
62.5
57.2
50.8
47.6
45.3
43.5
46.3
45.6
49.4
55.6
54.2
52.3
52.3
55.3
53.7
55.2
59.9
62.3
68.4
65.6
69.7
67.9
69.4
65.9
62.5
54.9
46.6
46.8
43.6
45.2
44.9
45.9
48.7
59.0
60.5
56.7
53.1
57.5
58.4
55.8
54.0
61.4
65.4
64.9
67.7
74.8
67.9
64.7
62.9
50.9
45.7
40.0
40.0
43.1
43.8
44.1
49.8
57.4
57.4
54.4
54.1
65.1
64.5
58.5
56.5
58.2
61.6
66.5
69.5
73.8
72.5
67.4
60.5
44.9
48.3
46.2
41.4
41.4
41.7
44.0
47.8
60.2
69.0
65.1
59.9
55.0
54.0
47.0
56.7
50.0
51.6
64.8
55.3
53.1
52.0
54.4
45.7
44.0
34.7
31.2
30.0
28.7
29.1
30.3
35.9
44.1
44.5
45.9
59.6
58.1
55.2
55.0
43.2
56.7
54.2
64.6
58.0
60.9
52.8
60.0
51.7
49.7
45.4
26.6
26.7
27.8
26.3
35.7
33.8
43.5
47.9
55.6
44.4
54.5
54.9
50.4
54.8
47.5
65.6
54.8
63.4
58.4
63.3
51.0
50.1
51.8
48.0
33.4
36.0
32.2
32.5
31.4
36.9
37.9
47.0
47.5
50.6
54.3
56.5
52.9
55.6
58.0
66.2
69.3
74.8
64.5
64.9
59.1
54.8
43.6
35.9
32.2
32.9
31.2
32.5
35.6
48.9
48.7
43.4
47.9
45.6
55.6
55.1
53.3
54.5
57.3
65.1
71.6
68.4
73.0
70.5
66.7
49.5
48.0
39.5
34.6
31.5
32.9
35.3
38.4
44.4
51.0
58.0
54.8
57.3
58.4
60.5
55.8
55.6
53.8
67.0
66.9
72.3
69.3
64.2
64.1
53.8
50.0
40.8
33.2
33.9
32.5
34.3
42.0
45.3
60.6
54.8
56.0
57.5
56.4
58.9
60.8
59.0
62.2
62.4
68.0
74.9
75.9
66.9
60.4
55.5
50.8
42.1
35.4
32.9
33.2
33.8
41.8
50.2
48.0
46.8
46.6
50.0
62.9
70.4
67.6
67.5
68.2
78.2
75.9
75.9
88.0
82.1
77.7
64.9
55.7
46.0
48.1
48.1
43.7
43.6
49.3
55.3
64.0
68.3
61.5
66.3
69.5
68.6
66.9
69.1
68.9
73.3
74.7
73.1
74.2
75.2
73.2
67.4
58.3
53.6
51.7
45.0
41.0
40.4
42.4
51.7
58.7
59.4
65.0
70.9
63.9
65.4
64.8
65.9
66.3
77.1
79.9
81.9
75.8
74.0
72.6
69.4
56.8
53.7
48.3
44.3
43.5
40.1
39.7
42.4
49.2
55.6
62.2
71.9
66.4
65.2
64.0
63.6
62.0
68.4
71.1
74.6
79.5
79.8
74.9
68.8
56.2
50.5
46.7
45.0
43.0
37.2
43.1
51.5
54.8
56.0
57.7
55.0
63.7
62.4
62.9
62.2
63.6
63.1
71.0
76.4
76.5
76.1
67.6
63.7
49.2
47.0
46.9
44.5
43.8
42.6
47.6
57.4
61.0
63.5
64.0
64.1
64.4
60.3
53.2
57.4
64.6
67.7
72.5
74.2
81.6
79.1
70.1
64.2
48.3
30.7
22.8
18.5
19.9
21.3
30.4
44.1
50.6
50.1
60.8
65.7
67.6
72.8
65.2
66.2
69.6
73.9
83.3
82.5
82.1
76.2
78.2
69.4
57.9
49.4
48.2
45.1
40.3
40.3
46.6
54.6
62.3
63.5
59.6
59.9
62.9
56.8
58.0
56.6
60.5
70.6
67.3
76.4
73.8
75.8
71.5
67.3
55.0
49.9
47.6
43.9
38.6
43.0
46.1
60.6
59.9
56.3
57.7
60.1
46.4
56.4
63.2
61.3
65.7
68.1
72.7
72.6
75.9
72.3
67.2
61.2
54.8
48.5
46.1
43.3
38.8
38.5
40.9
46.2
54.0
61.3
55.9
58.7
67.5
61.5
64.9
65.0
60.7
71.4
71.6
73.8
78.3
78.4
69.8
62.4
55.2
50.0
46.3
46.5
41.0
37.5
39.3
43.2
53.4
56.1
53.6
64.4
65.1
63.7
61.8
62.9
64.9
68.2
73.7
74.7
75.7
76.1
65.0
62.6
52.6
50.3
45.4
44.4
41.2
39.5
45.8
55.1
58.2
56.7
52.2
53.3
57.2
56.5
54.5
51.9
52.6
62.9
62.8
67.6
68.4
67.6
67.9
57.4
45.84
40.11
33.8075
31.77
30.8475
30.9325
32.2125
37.9475
45.535
51.0775
51.4775
52.8825
51.5875
50.97
48.9525
48.2275
51.9825
55.04
57.5675
60.655
60.96
60.0775
57.6125
53.9675
19.2102040816
39.8
27.1
28.8
25.7
29.5
33.2
47.0
46.4
45.8
43.0
53.6
47.0
52.5
52.3
48.2
58.4
54.1
67.4
64.1
68.3
68.1
56.0
56.9
37.8
33.1
29.1
29.2
26.4
27.9
39.4
44.5
46.5
49.9
51.8
53.1
56.3
56.4
52.5
48.1
54.9
59.6
71.6
64.6
61.7
55.8
54.8
47.4
39.6
36.9
32.8
30.3
26.3
29.2
34.9
43.0
43.8
45.3
44.8
50.8
51.8
46.6
50.0
46.6
49.8
55.3
58.8
64.9
55.0
65.9
51.8
44.8
40.7
34.9
29.8
25.3
24.3
27.7
36.9
35.1
48.2
42.7
46.6
43.8
55.5
44.9
53.7
47.2
53.5
61.5
62.0
66.4
64.5
62.9
52.5
58.9
40.6
35.0
32.2
29.4
26.0
25.9
22.4
31.0
30.7
40.4
50.4
42.0
55.0
57.0
55.0
56.2
57.1
56.3
57.3
75.5
59.5
69.7
50.0
46.4
44.4
37.1
23.3
23.6
23.8
28.8
36.4
38.7
48.3
48.9
52.7
52.4
56.1
69.9
51.7
55.2
54.1
70.1
67.0
76.1
59.8
50.0
54.0
49.3
39.4
33.6
28.2
27.6
26.6
25.2
30.3
40.2
50.3
45.0
44.4
54.6
59.0
45.8
43.7
44.6
59.0
62.1
55.6
64.5
57.6
60.9
53.0
50.5
37.4
30.4
28.5
31.9
30.0
30.2
31.5
41.1
44.9
41.7
43.7
46.3
46.5
51.3
51.3
43.5
59.2
60.0
67.6
66.9
52.6
55.7
51.0
44.6
39.4
36.4
31.3
28.2
28.3
25.3
33.3
42.4
44.3
49.5
51.0
57.3
49.9
55.7
50.4
46.1
55.7
55.8
62.7
63.8
62.4
58.2
52.8
54.4
44.8
42.8
23.3
27.7
28.6
25.5
29.4
36.3
48.5
44.0
41.1
50.8
43.1
50.9
52.8
45.2
53.1
51.3
62.7
56.9
61.6
52.9
47.1
49.4
39.1
31.2
32.9
31.8
34.7
24.2
33.9
39.6
37.0
44.5
39.1
48.1
49.9
50.8
47.1
49.6
51.7
52.9
56.9
49.6
61.8
49.8
56.0
40.8
42.5
43.4
30.5
37.7
31.0
34.9
28.5
38.1
35.0
38.7
43.0
41.4
50.8
40.4
49.6
43.7
51.2
55.9
59.6
67.7
53.8
60.8
50.7
50.5
37.8
33.3
35.5
30.0
32.3
19.2
32.4
31.2
43.6
45.6
40.8
49.2
39.7
52.9
43.7
50.2
47.3
52.8
66.8
57.4
63.7
51.9
57.8
41.5
48.1
46.1
28.1
34.8
18.6
34.6
34.3
47.3
46.1
45.2
42.5
53.0
43.5
39.4
49.0
41.9
56.4
56.5
57.5
68.2
52.5
63.5
49.1
47.2
38.3
35.6
32.7
25.5
25.1
26.2
32.1
31.6
39.9
47.7
44.1
47.4
51.4
42.1
52.5
48.7
46.7
54.6
51.1
65.7
58.4
57.4
59.1
40.5
47.8
34.3
39.0
34.2
31.1
35.8
32.3
42.2
43.7
52.1
48.8
50.1
55.9
51.2
47.8
45.5
52.1
44.3
59.1
48.0
57.6
57.1
58.9
45.4
41.4
31.6
31.5
37.1
20.8
36.7
30.7
34.7
47.6
59.5
48.9
60.6
53.2
56.9
46.0
55.5
51.4
64.3
54.5
62.2
58.9
62.6
42.1
42.7
37.7
30.7
28.7
27.2
28.3
27.3
30.0
28.7
32.1
38.2
51.7
39.7
49.2
44.5
53.7
42.2
55.7
49.1
62.4
57.7
61.6
45.8
52.1
45.6
42.2
42.1
28.9
33.4
31.9
36.0
39.5
32.7
43.2
48.3
50.3
54.4
46.3
46.1
59.1
48.5
60.4
53.9
62.9
53.8
62.8
51.8
45.3
41.6
46.6
33.7
29.7
28.7
25.3
28.6
26.0
30.1
48.6
43.5
44.1
58.5
42.3
58.0
42.5
55.6
51.6
60.5
62.1
72.6
70.4
70.1
64.3
64.1
53.6
49.7
40.9
38.2
38.7
39.3
38.1
44.7
54.8
58.8
58.3
57.0
57.4
57.5
54.3
56.9
57.2
60.1
65.1
67.9
62.5
60.8
58.4
53.8
40.9
44.2
42.0
39.4
39.3
35.1
36.6
42.5
48.0
50.6
46.8
37.0
44.5
44.0
45.8
49.5
40.4
54.2
52.3
57.3
44.9
57.4
45.5
53.2
39.0
37.7
27.6
33.6
28.6
34.3
27.0
38.2
42.6
39.4
45.2
44.6
38.4
41.7
42.3
33.2
47.3
49.0
53.5
49.8
55.2
61.0
45.9
51.8
40.0
42.8
29.4
31.2
25.3
31.9
28.3
32.6
46.4
39.1
45.0
50.5
45.4
43.2
34.1
45.3
44.1
51.8
55.5
46.6
50.7
48.5
49.1
37.4
37.8
31.6
32.6
30.7
30.9
29.4
27.0
18.1
36.7
42.4
37.3
45.9
50.9
43.4
46.7
33.9
47.8
46.3
49.3
53.5
55.9
49.2
39.0
47.2
31.6
37.1
27.7
20.1
18.5
28.4
23.5
29.8
27.4
37.4
38.8
42.5
38.1
41.2
45.1
32.0
45.3
52.6
45.4
55.8
35.9
51.4
44.3
50.0
26.9
36.6
23.9
30.4
24.7
29.9
23.1
35.3
37.7
34.8
44.6
42.5
48.2
46.4
41.8
44.9
42.7
53.0
51.0
58.0
48.2
49.8
42.5
52.8
27.8
25.4
25.3
24.8
21.5
21.2
29.4
27.4
35.8
46.8
47.4
50.9
48.9
50.2
41.6
44.4
43.3
55.0
49.3
54.4
45.8
45.7
48.9
33.9
27.3
27.2
22.6
23.2
20.2
21.5
24.1
28.3
38.6
39.1
47.8
47.6
56.4
43.3
46.7
44.8
49.8
48.2
47.0
56.8
51.9
54.6
46.4
42.5
34.9
37.0
24.6
26.7
21.0
21.7
27.6
34.3
35.5
49.2
41.8
43.3
47.3
37.9
47.2
38.3
46.3
47.4
45.7
58.4
44.1
52.6
37.2
37.1
35.5
37.2
27.0
29.5
25.7
30.0
23.2
35.6
42.6
35.0
46.0
41.8
43.8
50.2
40.9
49.6
46.3
43.5
50.2
40.5
48.6
43.5
43.0
46.5
29.7
36.4
27.2
25.8
31.7
30.4
24.2
34.6
34.5
38.0
44.2
41.8
45.6
43.3
38.4
38.2
44.9
38.8
48.6
42.1
52.5
42.4
48.1
38.8
35.9
29.8
24.7
28.1
23.9
30.2
24.3
29.0
35.3
34.9
42.3
41.1
52.0
37.5
38.9
52.1
41.9
46.8
50.2
43.1
53.6
41.2
48.0
38.4
30.4
32.3
22.4
26.7
24.0
29.1
25.0
34.5
34.1
47.4
32.0
44.0
41.6
39.5
44.2
36.3
43.5
37.5
39.7
47.0
48.9
48.2
38.2
46.8
35.0
34.5
19.1
29.1
21.5
30.1
26.5
37.5
34.7
42.0
34.7
47.2
38.3
40.0
43.4
34.8
45.1
44.8
42.8
48.4
42.8
47.8
46.4
32.3
41.9
30.3
26.7
32.9
28.1
24.7
36.8
26.2
42.8
40.8
37.9
45.1
34.9
37.9
42.4
37.6
45.1
37.9
47.6
37.2
46.4
50.2
33.2
40.9
37.7
22.3
27.7
22.7
31.1
27.9
25.3
36.1
32.1
39.8
44.6
34.1
39.5
38.9
29.1
38.1
35.1
37.9
42.1
35.2
40.4
46.0
33.4
43.1
34.2
36.5
19.0
29.5
18.3
28.8
29.0
26.4
41.3
40.1
46.2
39.9
37.9
42.9
37.3
42.7
32.1
41.0
39.1
46.0
45.2
45.5
42.1
36.0
34.1
26.1
22.0
31.2
19.1
29.0
27.3
28.2
36.2
33.2
39.6
40.4
38.2
46.4
31.4
41.8
40.2
39.3
48.3
42.1
45.8
43.2
26.8
37.6
34.1
34.4
17.8
28.7
20.2
29.4
29.1
30.7
33.1
38.5
37.0
35.2
39.0
44.2
42.2
39.7
40.2
43.5
47.7
47.2
48.6
48.0
44.4
45.8
38.2
34.9
31.3
30.8
32.0
31.7
36.2
36.5
42.3
44.2
45.6
50.6
51.2
42.8
33.2
38.9
37.5
48.9
37.8
44.3
39.6
43.6
36.2
31.0
30.2
25.5
19.0
25.8
22.3
30.0
21.9
34.5
36.9
44.9
37.5
46.3
40.7
37.8
32.9
30.7
38.9
37.9
48.3
39.1
47.5
33.7
39.9
38.0
28.2
30.8
23.4
25.3
22.4
23.0
32.1
26.5
42.2
33.5
32.4
48.8
38.6
39.4
43.0
32.5
42.3
37.8
38.6
36.6
42.6
41.0
33.1
42.3
23.2
25.8
24.4
27.7
20.4
30.0
19.6
32.2
37.4
37.0
44.9
38.2
41.1
39.9
34.0
40.8
36.4
38.9
42.0
37.8
47.0
34.0
41.0
29.3
27.7
32.9
22.7
24.5
27.0
21.8
28.6
29.1
38.7
46.9
33.2
43.8
38.2
36.9
39.0
31.8
35.3
42.9
38.4
34.7
43.0
35.3
39.0
35.3
26.8
37.3
22.5
28.7
21.9
29.3
21.4
36.2
43.0
33.7
41.0
35.6
34.6
39.7
30.5
37.7
33.6
28.7
35.5
28.4
31.3
33.2
27.1
35.1
29.0
30.0
18.8
21.2
29.4
27.5
22.1
26.0
32.5
32.0
40.3
44.1
33.1
40.9
44.2
38.2
48.7
45.2
47.4
48.2
35.3
50.7
39.6
35.9
35.0
20.7
27.6
20.7
30.8
27.8
28.0
43.0
40.7
42.1
29.7
39.0
41.9
38.8
44.3
48.0
34.9
41.8
36.0
37.5
43.1
45.4
56.8
45.2
29.9
34.5
27.3
25.2
30.1
23.8
30.4
42.3
39.5
47.7
41.8
36.7
47.2
43.4
33.8
38.8
43.3
49.4
47.9
53.3
54.4
44.0
55.7
42.8
43.9
37.8
26.1
26.7
33.0
32.6
27.6
43.6
50.2
37.4
44.0
47.7
43.5
49.0
46.7
45.9
50.6
52.8
56.8
56.9
59.5
61.7
58.9
56.3
42.9
40.5
37.4
34.8
33.5
34.7
36.4
42.5
52.9
45.9
33.4
31.1
35.8
48.2
38.2
42.8
52.6
52.9
45.8
52.5
55.7
49.0
56.2
42.1
39.7
35.2
26.1
31.2
34.0
33.4
28.8
43.3
48.5
40.0
42.7
34.1
40.3
44.7
42.0
37.5
45.8
46.6
48.2
53.1
57.6
47.0
58.4
48.7
44.7
39.2
25.5
33.0
32.9
26.3
43.7
44.8
42.1
41.0
45.4
35.9
41.0
45.4
37.2
41.9
47.9
43.6
57.6
52.6
50.4
54.2
43.0
43.7
45.1
33.6
35.4
28.6
33.0
30.7
30.1
43.9
45.5
37.3
43.9
37.7
46.3
35.7
37.6
44.0
35.1
50.8
47.8
52.3
61.3
50.9
61.6
48.9
47.2
36.5
29.4
36.3
29.0
26.5
36.5
37.6
47.2
44.8
46.3
47.8
36.7
47.0
40.1
45.8
39.6
50.8
53.2
47.3
57.7
56.8
57.9
46.4
46.9
32.3
32.5
23.8
32.8
31.4
27.2
44.8
48.5
47.4
46.8
46.8
50.0
39.1
47.6
46.3
44.6
53.1
41.0
57.5
49.0
62.8
51.6
47.3
39.3
31.5
30.9
33.1
31.3
27.2
37.5
35.5
49.6
43.1
46.0
44.4
49.5
47.2
40.7
49.2
42.0
54.1
51.0
50.4
54.7
48.1
47.0
42.6
39.1
35.0
30.0
24.4
31.7
28.7
34.2
38.2
44.3
43.0
45.6
42.0
49.9
47.2
44.2
45.6
39.9
53.4
47.9
54.1
61.2
54.8
57.3
46.9
39.0
40.3
23.4
34.1
32.9
25.7
36.0
38.2
41.2
49.5
39.6
46.1
41.7
36.0
39.9
38.3
37.6
51.2
41.7
53.9
53.2
48.0
53.0
38.6
48.3
36.2
28.4
32.9
32.3
30.9
25.4
39.5
40.8
34.8
44.3
42.1
44.8
46.4
33.7
45.4
44.9
39.5
48.7
52.6
42.4
51.2
49.8
42.3
49.2
36.7
32.8
37.4
23.8
34.0
31.6
27.1
39.5
41.8
42.9
51.5
37.6
49.0
41.4
46.6
49.3
42.0
54.8
53.7
53.4
53.3
46.5
48.8
36.4
33.4
32.5
29.2
33.1
30.3
31.4
44.2
45.8
51.1
40.1
56.6
41.2
50.9
43.0
40.6
51.7
42.9
52.1
61.3
54.0
59.7
48.4
53.5
41.8
40.3
26.5
29.8
33.0
23.6
34.6
43.7
47.2
55.8
40.2
49.5
43.3
46.7
46.2
42.7
54.3
44.4
49.5
54.1
47.2
58.5
47.4
53.7
46.1
37.4
32.7
32.1
32.5
24.2
37.4
40.5
49.8
48.8
39.7
53.2
41.8
51.8
39.6
50.3
44.6
50.2
54.1
51.3
55.3
53.6
46.1
50.3
50.4
29.5
31.6
28.9
33.0
34.0
30.8
47.7
51.9
42.5
49.1
42.8
50.2
44.8
40.0
50.0
43.0
51.1
58.7
60.6
56.2
61.6
59.2
56.2
47.2
42.4
36.9
38.7
34.9
34.8
41.0
49.0
53.6
50.8
39.0
43.7
48.3
43.8
43.7
48.1
41.2
50.8
48.9
49.2
51.4
39.0
51.6
37.8
37.8
33.4
26.8
35.7
31.9
30.5
43.9
40.8
23.1
36.1
35.0
26.2
36.2
29.9
26.2
34.3
28.0
36.7
39.9
46.4
58.1
48.9
47.5
44.6
40.7
42.0
30.0
35.2
30.9
28.5
36.7
33.9
38.8
38.3
36.8
46.4
38.9
48.1
41.3
38.1
50.4
44.2
54.5
56.4
46.5
62.1
50.2
46.9
41.0
29.6
31.9
30.6
34.4
30.8
34.1
44.0
47.2
48.5
48.0
39.9
50.0
45.1
37.6
43.1
37.8
56.6
48.0
56.7
54.9
53.6
55.2
42.8
42.9
39.8
22.7
29.7
32.9
29.6
27.5
43.2
46.6
40.2
47.3
42.9
45.4
41.1
38.0
43.4
39.7
54.5
49.7
45.3
55.9
53.2
54.8
44.3
41.2
39.1
25.4
32.6
33.2
24.0
34.6
45.0
44.1
47.9
43.3
37.3
45.7
40.2
42.5
48.0
38.2
54.3
53.7
50.0
58.9
47.4
55.5
49.6
41.3
42.6
28.3
31.5
32.8
23.3
34.0
39.7
38.2
50.5
42.2
43.2
46.1
37.8
47.8
36.3
46.1
48.4
45.0
55.6
44.9
52.3
47.3
37.4
42.9
36.5
29.8
33.8
35.4
28.8
36.7
43.8
42.9
54.5
47.5
47.8
50.3
44.9
50.5
42.1
52.3
47.5
56.9
54.1
61.7
52.0
53.3
51.1
40.4
46.4
28.6
34.7
31.2
35.7
36.2
39.4
41.1
49.1
37.7
43.2
37.7
43.9
37.9
46.0
39.4
41.5
45.9
36.1
45.7
36.8
40.7
48.9
25.9
34.6
25.6
27.8
32.6
25.1
36.0
35.0
38.8
44.1
36.5
41.9
36.7
45.1
33.9
40.4
35.7
43.6
39.7
44.9
46.4
35.4
38.0
39.0
28.7
35.3
24.7
31.7
24.0
32.5
29.5
39.1
46.4
37.8
44.2
34.0
37.5
43.2
36.4
36.6
36.6
34.3
42.1
43.8
42.6
39.3
30.8
40.5
30.5
36.0
19.3
27.1
31.5
24.3
35.4
35.8
39.9
45.4
40.8
42.3
33.3
40.0
30.6
39.9
32.9
41.2
42.2
38.7
47.2
34.0
43.5
34.5
31.0
27.4
28.5
27.4
32.9
25.9
34.0
38.5
36.7
42.1
31.5
40.1
28.0
37.6
31.9
35.0
33.7
40.9
39.8
35.8
41.7
33.8
43.8
26.2
31.5
34.4
23.5
30.4
18.9
31.2
31.8
25.8
44.8
40.9
40.5
40.8
33.8
38.3
30.2
40.1
40.3
40.3
39.6
39.6
43.1
34.2
42.2
24.5
37.0
34.1
24.1
32.1
25.7
27.5
31.8
31.0
44.5
35.0
42.1
33.0
41.6
32.3
33.9
33.0
38.0
39.6
34.5
46.1
35.0
42.3
32.9
37.8
30.5
31.0
25.1
27.3
30.3
24.6
32.6
29.4
34.1
39.7
26.3
37.4
29.2
31.4
33.8
28.4
38.2
30.1
37.0
36.5
34.0
40.0
28.6
34.1
25.0
27.5
24.3
27.2
32.1
21.2
28.3
35.9
29.6
37.9
26.5
31.8
36.0
27.2
34.6
29.2
29.2
39.3
35.4
39.9
43.0
31.5
40.3
25.3
28.9
32.9
18.3
25.3
29.0
26.9
27.3
36.3
39.7
38.6
43.6
34.8
39.7
44.6
31.1
41.5
39.7
33.7
45.6
37.1
45.7
39.0
37.5
37.2
26.3
33.6
23.9
28.2
32.2
24.9
34.8
34.5
42.4
45.5
36.6
48.8
36.5
46.0
42.3
43.3
43.7
34.6
46.3
37.8
47.9
32.4
32.6
40.1
33.4
32.5
23.1
33.5
23.7
33.0
34.0
38.6
44.9
40.1
46.5
41.0
46.6
43.7
34.5
46.6
34.4
44.3
38.4
43.4
42.5
40.5
40.1
37.1
36.7
36.9
32.6
32.1
31.9
32.7
36.6
44.8
51.3
48.6
43.0
46.3
45.5
40.5
38.6
37.6
39.9
43.0
51.5
47.9
48.7
47.6
46.4
40.1
37.1
34.1
32.5
31.4
31.8
33.2
38.8
42.9
49.4
46.7
43.6
44.1
40.4
42.5
41.4
42.2
41.6
43.0
40.3
43.7
45.8
44.3
41.1
40.2
38.7
32.6
32.3
32.8
31.2
31.8
33.3
39.2
40.6
37.1
34.3
36.1
38.6
37.7
38.6
39.1
38.2
41.6
42.7
45.1
49.2
42.8
44.2
41.0
39.9
34.2
34.1
34.7
31.6
31.7
32.7
33.7
34.2
39.1
38.2
40.0
40.0
38.8
38.8
38.3
40.4
43.8
44.7
49.9
46.9
47.9
46.5
41.0
33.8
32.9
26.9
29.3
30.2
30.1
30.6
40.9
44.8
44.0
44.0
41.3
42.1
45.9
37.1
40.5
41.5
41.9
47.0
49.7
49.3
47.9
43.0
43.5
36.6
33.7
30.8
29.9
29.9
30.0
32.3
41.6
49.2
49.2
43.9
42.0
40.7
44.3
41.9
43.0
40.5
41.2
46.1
47.6
45.1
46.3
43.3
41.5
36.3
34.1
33.1
32.0
32.0
32.9
33.6
37.6
50.5
49.5
43.9
42.0
44.3
40.5
41.2
39.5
38.7
41.6
41.8
45.4
48.4
46.7
45.6
41.4
38.0
33.4
32.6
30.9
31.3
30.6
34.6
40.1
51.7
48.9
46.7
47.6
47.8
46.1
46.1
44.9
41.6
42.6
46.8
47.7
45.9
46.7
45.9
42.4
36.6
34.2
33.4
31.8
31.9
33.2
34.4
40.4
48.6
47.6
46.6
46.0
44.4
45.2
41.4
39.3
39.1
43.9
43.5
47.1
42.3
44.4
42.1
38.1
37.4
34.8
33.7
31.2
31.6
31.0
31.7
36.1
38.0
41.5
37.7
36.6
40.6
40.1
38.4
35.7
37.1
38.7
41.3
40.8
42.8
42.1
41.1
41.9
37.3
34.3
31.9
30.6
31.6
30.6
29.2
32.3
34.2
37.1
33.9
37.9
39.0
40.6
39.2
39.9
41.4
45.4
47.8
42.5
41.7
44.7
41.5
38.3
37.5
37.4
34.9
33.8
31.1
31.8
34.1
35.8
42.8
43.1
42.9
41.3
42.4
45.0
42.6
41.0
40.7
44.3
44.9
43.8
43.0
43.6
44.1
41.8
36.7
31.7
31.8
32.0
31.7
32.2
34.9
39.3
49.2
50.4
49.6
49.4
47.1
46.0
39.3
41.8
46.9
41.7
46.2
49.3
47.7
45.0
43.8
41.5
37.0
34.3
33.8
33.0
31.4
31.6
35.8
37.5
46.0
44.7
43.8
44.2
44.8
44.5
45.2
46.5
39.7
43.2
45.1
43.6
47.6
46.2
43.4
40.9
38.4
32.8
32.9
30.5
31.3
31.5
32.5
35.8
47.1
48.6
45.1
43.5
42.2
44.3
41.0
41.3
39.2
39.9
42.2
47.5
44.5
43.7
42.2
40.8
38.9
35.0
34.2
32.2
33.2
32.7
35.3
36.9
47.8
45.0
45.7
44.3
44.2
44.4
41.3
41.5
40.2
41.4
41.7
44.7
48.6
45.2
43.5
42.0
39.0
35.0
31.8
31.7
31.4
31.3
31.8
34.3
35.2
37.1
38.3
37.7
37.9
35.0
39.8
38.0
39.6
37.7
38.1
40.6
42.9
42.6
43.6
40.1
37.8
36.6
33.9
32.8
30.9
30.6
30.6
33.4
37.9
39.3
40.8
38.3
42.8
43.6
41.2
44.1
41.5
42.5
44.7
48.2
45.4
45.8
41.5
39.4
38.4
35.4
33.4
31.8
31.7
31.1
35.0
38.1
47.0
50.4
48.8
48.0
49.0
51.4
46.3
46.0
44.2
43.5
44.4
46.7
47.1
45.3
43.3
40.1
38.9
37.2
33.0
34.6
33.6
33.5
35.3
37.0
45.4
46.5
46.3
49.1
44.6
43.9
43.4
44.4
39.2
44.9
48.7
48.7
46.1
47.2
43.9
41.0
36.3
35.7
34.4
32.8
33.0
33.3
35.8
38.5
46.3
50.7
50.8
51.7
50.0
50.9
48.3
44.3
40.3
43.9
44.8
45.3
45.3
43.0
44.0
39.1
36.4
33.6
32.9
31.2
30.8
31.6
34.3
35.1
46.5
50.5
47.2
43.8
44.3
49.1
43.1
43.1
39.9
42.6
42.6
41.9
41.4
40.7
40.8
38.2
33.7
35.3
32.3
31.4
29.9
28.9
31.1
35.9
43.1
46.2
40.7
40.3
41.1
34.0
41.7
27.6
36.9
34.4
36.1
37.1
34.2
40.5
32.6
37.8
25.2
30.9
23.9
28.6
28.7
23.4
30.4
25.9
34.5
29.7
32.4
34.9
28.0
36.8
28.1
35.4
35.6
36.8
38.6
31.7
44.1
31.9
41.4
29.9
32.4
33.0
20.8
29.2
28.0
23.8
28.9
26.8
33.8
34.8
29.2
36.4
28.4
38.8
30.3
35.2
33.7
34.1
43.7
37.0
43.0
33.1
37.3
31.5
30.5
26.9
25.3
23.3
24.3
30.9
25.2
32.7
34.3
29.5
38.9
30.5
37.6
32.4
40.2
33.4
41.9
35.4
42.4
37.4
43.1
32.4
40.7
25.7
28.5
32.7
18.3
30.3
23.3
29.3
33.1
31.1
41.9
42.4
42.1
38.5
41.3
38.2
37.8
36.7
38.3
30.4
42.6
37.6
43.6
39.4
42.8
29.6
35.0
30.6
20.3
30.0
26.1
13.5
22.4
32.3
45.5
40.1
45.8
34.3
45.2
38.7
38.2
39.0
30.6
40.7
32.2
41.8
34.7
41.3
37.3
33.1
33.3
24.9
27.6
31.0
15.6
18.1
23.1
35.6
35.5
49.2
34.9
44.1
30.4
43.5
36.2
38.0
36.7
34.1
42.1
33.4
40.0
31.9
38.1
26.2
35.0
14.6
16.7
16.9
19.6
28.6
35.4
35.2
38.6
48.5
37.4
44.0
36.9
43.1
35.0
40.8
29.9
39.3
32.2
38.9
41.0
41.5
37.1
30.0
26.9
29.1
23.4
16.2
18.8
25.8
29.4
24.0
37.1
41.1
34.3
38.6
39.0
41.0
33.8
34.4
35.1
33.8
42.9
34.9
42.1
39.5
42.2
26.7
26.1
23.7
23.1
21.6
21.0
25.0
24.1
27.1
31.2
26.7
34.4
31.2
30.3
34.6
26.1
33.6
29.9
39.6
40.7
38.7
41.8
33.6
40.3
25.7
37.8
26.3
20.3
28.6
16.5
15.9
21.7
31.8
46.7
37.2
42.5
33.9
42.2
41.0
39.9
39.5
35.6
44.4
37.9
45.1
38.6
38.1
38.0
36.5
34.2
27.1
28.1
29.6
33.1
24.1
39.0
36.5
48.0
46.3
42.9
43.8
38.0
44.2
37.6
42.9
32.9
44.0
37.6
41.6
37.9
41.3
36.3
33.8
33.6
25.6
24.6
28.2
22.4
30.9
28.8
38.9
39.7
49.1
38.6
45.0
35.8
47.9
45.6
46.8
45.9
48.2
49.7
49.9
45.4
46.6
43.6
42.9
37.2
36.0
34.8
32.5
31.5
32.6
37.0
39.4
49.4
50.9
50.3
49.5
49.3
44.0
40.6
42.9
41.2
39.5
38.8
35.7
46.1
41.5
40.3
37.9
35.7
31.8
29.8
28.9
29.2
30.4
30.7
37.3
46.9
49.3
46.5
42.5
43.4
39.2
37.2
39.6
37.0
36.2
38.7
40.3
39.0
41.5
42.2
38.4
32.1
32.5
28.2
26.9
27.7
27.9
30.9
30.1
36.2
37.4
35.7
36.9
36.4
38.2
35.0
35.9
36.9
36.8
40.3
37.1
43.0
39.1
42.1
34.7
35.1
31.7
30.5
33.4
32.4
30.2
30.0
32.4
36.3
39.5
42.8
40.8
37.4
35.5
37.2
40.6
38.6
36.0
35.9
36.5
36.8
36.9
35.6
34.8
30.8
29.8
29.5
28.7
28.9
28.2
28.9
31.3
35.6
39.6
38.9
42.0
39.9
38.2
35.6
36.1
34.9
38.8
35.9
38.0
37.5
38.1
37.5
36.3
35.3
30.7
28.1
27.5
28.9
27.5
28.7
30.1
36.1
41.4
42.4
42.4
36.8
36.4
40.1
37.8
36.1
38.6
42.6
38.4
37.7
36.9
39.9
38.7
33.2
32.0
31.5
30.7
32.5
29.2
31.4
34.0
37.8
40.6
41.6
41.7
41.0
40.4
41.3
38.9
38.0
36.2
35.4
34.5
36.3
33.1
31.7
30.0
30.1
28.6
28.5
28.4
28.7
28.3
28.4
30.7
37.5
40.1
39.5
39.8
39.9
40.7
39.9
36.4
34.8
32.9
34.2
33.7
33.3
33.8
34.4
30.3
29.7
28.9
29.0
29.2
28.5
28.9
29.2
31.2
37.2
43.1
42.6
39.0
41.9
37.2
37.3
38.3
35.6
35.1
37.4
36.1
35.6
36.3
33.3
32.1
36.9
28.7
28.6
28.5
28.4
29.2
31.5
32.5
37.2
41.6
40.5
42.9
43.3
44.3
46.6
48.4
47.8
52.6
57.4
57.1
46.7
49.6
47.7
43.2
40.4
37.2
35.2
31.7
30.1
31.0
29.7
32.1
41.2
43.6
45.9
44.1
45.9
47.5
47.0
47.2
47.3
57.9
56.1
58.7
53.6
51.2
42.6
40.6
34.8
38.9
40.9
38.7
33.9
31.3
34.2
36.4
44.7
49.2
51.6
53.3
52.1
53.6
42.3
47.5
43.8
54.8
57.5
58.8
47.6
48.0
41.1
44.5
29.4
23.7
24.9
28.7
23.6
21.1
29.4
25.1
37.1
41.1
49.0
38.4
39.3
52.3
52.6
47.5
52.3
53.2
60.4
48.6
46.1
45.9
43.1
37.8
31.7
28.6
29.0
25.5
25.1
27.6
28.5
29.2
36.1
37.8
35.6
48.7
45.5
46.7
51.3
43.3
54.3
56.5
58.8
64.2
56.6
57.3
53.6
44.7
43.7
42.1
27.9
36.1
28.4
30.0
32.2
29.9
49.9
44.6
51.3
41.4
49.7
48.2
48.2
53.8
55.0
62.0
62.1
63.4
62.6
60.8
54.5
53.7
45.2
42.9
42.4
40.2
37.5
34.1
33.8
39.8
50.1
54.5
52.3
57.2
61.2
60.8
56.9
57.4
60.1
64.9
71.9
71.2
63.5
61.1
58.5
49.0
44.2
40.2
39.3
40.2
43.6
37.8
38.5
39.7
49.2
48.2
49.3
46.5
46.8
58.2
51.7
55.5
55.1
57.3
64.2
67.9
60.0
61.8
56.2
51.5
48.0
46.6
43.3
40.0
35.4
35.4
35.4
38.1
47.2
46.5
51.8
57.2
59.8
56.9
55.6
57.6
62.6
69.7
78.0
76.3
69.2
67.6
63.0
58.6
46.2
47.4
41.8
36.7
35.3
35.8
38.6
53.9
61.1
59.6
55.2
49.8
43.9
52.1
44.4
49.4
57.3
59.7
72.9
65.6
50.5
64.3
50.9
53.9
38.2
42.3
24.7
29.6
28.4
25.3
35.1
36.7
45.5
55.9
45.8
44.6
48.3
48.2
53.9
49.3
56.7
65.0
67.5
63.7
55.0
57.0
47.2
53.5
41.0
35.2
29.8
32.9
26.5
17.8
25.9
45.7
57.0
45.0
48.8
55.9
40.8
43.4
54.5
51.3
56.5
56.4
75.0
57.8
61.5
49.6
57.1
51.0
41.2
44.5
29.9
38.9
21.6
21.1
26.4
50.8
59.6
49.9
56.9
47.1
55.2
56.1
50.9
51.3
56.5
76.1
82.8
77.7
67.7
64.7
61.4
41.5
43.9
41.3
28.0
29.2
24.9
18.9
24.9
33.9
45.1
51.2
52.6
43.1
51.7
41.3
53.3
56.8
52.6
67.9
59.5
68.2
57.5
59.0
55.9
47.6
36.7
37.1
35.1
25.6
24.6
23.1
23.9
26.4
38.7
44.1
37.2
46.8
54.4
45.1
51.2
49.4
54.2
65.0
63.2
64.6
55.8
61.0
52.1
43.5
35.0
30.4
26.0
27.6
22.7
20.7
22.0
24.6
32.7
42.5
48.3
54.4
52.2
61.1
48.2
53.2
59.8
69.3
75.9
64.5
70.0
53.0
62.2
53.9
40.2
38.6
24.4
31.1
31.5
27.3
38.2
46.5
51.4
60.1
51.8
57.6
60.3
52.8
53.2
50.7
67.5
65.0
79.8
65.4
69.2
62.7
61.5
49.8
48.8
35.4
25.6
34.3
26.9
27.0
36.7
47.8
52.7
53.3
52.5
57.1
50.7
56.1
45.6
53.4
52.7
69.6
66.8
68.6
56.0
59.2
53.6
46.8
41.0
28.4
29.0
30.5
33.3
34.1
32.9
52.0
50.7
59.9
48.0
58.7
51.7
65.9
52.3
59.4
61.9
73.1
64.6
71.6
62.4
69.2
55.7
58.7
40.6
30.3
20.8
23.2
20.1
23.1
27.7
47.9
49.2
45.7
41.7
47.5
59.8
50.5
60.2
56.1
56.1
64.1
67.8
78.0
65.0
69.2
45.8
46.8
44.2
33.5
22.2
30.1
24.6
23.2
27.4
41.3
49.6
43.6
42.6
55.7
49.4
54.6
56.3
48.0
62.3
57.6
77.2
64.1
66.7
50.2
55.6
39.2
36.3
32.1
25.9
23.7
22.7
22.8
24.6
26.4
32.0
40.2
51.6
61.3
48.7
61.4
48.2
52.1
57.2
55.5
73.3
61.4
64.8
56.4
54.6
47.5
33.4
32.2
31.2
34.2
35.7
23.3
26.3
28.0
32.2
37.8
46.2
56.1
50.2
57.5
49.5
56.0
52.0
68.8
70.5
68.3
59.7
55.2
54.4
45.6
37.5
29.5
22.7
22.2
21.1
22.4
25.4
40.8
55.6
49.4
45.8
47.7
46.6
40.0
44.9
54.6
51.0
50.5
64.7
69.2
65.8
65.3
62.2
55.3
43.8
33.5
27.5
25.1
24.7
25.6
28.9
48.0
51.0
52.9
52.1
48.9
49.8
48.2
47.0
53.2
57.1
61.7
68.7
68.5
66.4
65.0
61.1
53.1
41.4
34.9
29.5
26.9
26.3
28.7
31.1
50.0
58.1
57.6
55.9
54.4
57.1
58.6
54.6
57.3
68.6
69.0
75.9
74.8
71.3
65.1
63.8
53.2
52.9
31.3
27.7
28.1
23.6
27.6
33.3
50.7
57.8
54.1
52.2
46.6
55.5
63.5
66.1
67.6
70.3
75.9
82.9
87.3
82.2
77.6
76.0
71.3
40.8
36.6
30.4
32.2
28.9
26.3
28.8
36.6
45.5
48.1
47.6
48.8
51.0
48.5
51.0
50.2
52.7
56.4
61.5
59.9
55.9
51.6
50.8
42.0
38.5
34.5
32.3
29.5
29.9
28.3
29.7
31.3
39.3
43.6
44.7
49.4
48.3
52.3
49.4
51.3
53.6
57.7
64.5
62.8
56.8
57.2
52.6
46.4
39.2
36.6
33.9
33.4
31.0
27.6
28.4
30.7
38.3
42.6
48.0
52.9
52.0
55.8
50.1
53.5
55.5
66.5
70.1
67.0
63.2
56.8
55.6
49.7
39.7
38.7
32.5
32.2
30.5
29.3
34.2
44.4
53.2
54.6
51.1
52.1
50.7
49.6
46.2
50.6
54.9
57.5
68.8
64.8
58.3
60.1
54.0
50.9
40.0
33.7
25.7
29.4
25.9
24.8
32.5
39.5
46.6
50.8
49.8
47.3
47.1
51.3
49.8
50.9
54.7
62.3
65.9
62.4
55.9
56.8
51.2
47.8
38.8
31.8
29.4
28.9
27.9
27.1
29.7
44.3
50.5
50.1
47.1
54.5
48.8
53.7
53.2
52.9
60.3
63.8
68.6
67.1
63.0
60.3
57.6
51.9
52.6
42.6
35.2
37.3
36.0
30.3
42.9
49.1
59.2
55.6
51.7
61.3
57.7
63.7
61.8
61.9
66.9
67.9
81.2
83.1
81.2
81.3
76.1
72.8
59.4
59.9
48.8
46.2
44.4
44.7
50.6
59.8
68.5
61.4
61.5
64.0
71.9
64.2
61.8
62.6
66.5
73.8
81.6
75.2
70.9
68.7
67.7
60.1
58.3
51.2
48.6
45.8
43.0
41.1
38.7
42.2
51.3
57.5
57.1
60.4
60.6
64.1
66.3
64.5
70.5
74.6
85.6
81.1
71.8
69.5
66.3
65.0
62.8
52.2
52.2
44.6
41.0
40.1
37.5
36.5
36.9
45.4
53.1
59.1
67.8
74.9
73.0
70.6
66.7
63.5
71.8
87.2
80.6
80.2
77.0
73.8
71.3
61.3
59.2
55.7
48.4
40.9
39.3
40.7
41.8
54.8
69.3
67.7
66.4
67.8
68.1
56.2
58.0
60.3
53.7
80.2
77.1
69.3
66.2
65.9
62.7
51.0
44.0
33.1
32.4
32.7
30.2
34.4
43.5
50.8
59.3
54.5
54.4
63.3
50.6
52.7
58.0
56.9
59.3
77.9
67.8
70.0
69.1
64.0
64.0
51.0
48.8
47.0
26.8
37.8
25.6
40.5
39.8
37.7
49.4
60.0
55.6
46.9
55.6
65.0
54.2
50.9
65.1
65.6
73.5
73.6
62.5
61.5
58.2
47.8
36.1
30.4
27.4
25.2
25.5
26.5
32.4
52.0
55.6
57.7
48.6
66.7
55.0
66.7
59.7
57.7
71.2
68.6
83.3
73.9
65.1
72.5
59.0
53.3
42.0
45.0
36.2
39.9
43.0
32.6
47.3
55.4
58.5
60.9
52.0
62.8
52.0
60.7
52.4
63.4
62.2
71.7
86.6
65.1
61.1
59.7
57.1
49.4
41.8
32.9
33.5
27.2
31.4
28.1
28.0
32.2
33.6
38.6
54.1
57.1
58.9
49.7
61.1
48.0
61.9
64.4
68.9
69.5
61.4
50.0
44.6
50.1
36.4
33.6
28.9
27.7
31.4
28.7
30.8
32.2
30.2
35.7
39.7
46.7
57.3
56.9
52.8
51.4
64.4
65.7
70.2
69.1
72.6
64.5
60.0
52.7
44.3
37.0
31.9
30.6
29.5
29.6
41.7
40.8
56.6
54.6
47.7
49.1
53.7
45.8
47.7
52.0
60.5
69.5
79.2
73.4
67.8
65.7
67.0
56.5
38.8
30.0
26.8
28.9
29.6
31.6
41.1
51.9
54.4
53.8
51.2
59.0
62.8
58.4
54.2
51.6
66.0
65.5
67.4
67.6
71.3
63.6
64.1
57.9
47.5
37.2
30.2
30.4
29.1
30.1
44.2
51.7
56.0
56.3
54.4
65.0
51.5
57.5
57.7
56.6
67.1
72.4
82.8
73.2
71.2
68.0
65.7
62.7
54.1
47.3
28.2
35.2
32.0
31.8
43.3
48.3
58.8
62.2
57.0
53.6
66.0
62.9
64.9
61.8
70.4
77.2
82.5
77.8
74.7
66.3
69.4
63.5
62.2
50.7
48.6
44.4
43.3
42.5
45.8
54.8
65.3
68.5
66.4
63.8
65.5
66.6
63.5
65.6
65.3
75.2
80.1
70.6
66.1
62.2
59.4
53.1
47.8
47.5
46.5
43.0
40.7
39.1
40.1
43.2
46.9
46.7
54.6
58.3
60.2
57.1
58.4
61.3
59.1
64.5
62.4
62.0
58.9
64.2
58.0
57.9
50.8
44.6
41.9
41.5
38.4
35.3
37.5
39.1
42.4
48.8
53.5
58.1
62.3
57.1
57.4
56.9
67.5
67.7
64.6
62.9
68.7
66.0
62.2
60.7
55.2
48.2
39.8
38.6
38.6
37.4
36.9
41.3
55.2
51.8
58.2
59.4
61.5
60.3
60.9
61.1
60.4
68.4
71.0
66.3
67.4
64.2
63.9
61.6
54.0
43.9
41.1
40.4
37.3
37.3
37.5
43.1
55.3
63.2
58.2
50.0
66.7
50.8
58.0
50.5
59.0
62.6
63.0
62.7
58.0
64.5
57.0
48.3
40.1
50.5
31.6
40.6
31.7
37.5
37.2
40.0
57.3
45.5
56.5
61.5
49.2
53.7
53.9
58.2
44.9
45.8
65.2
74.4
61.5
63.9
53.7
54.4
47.0
42.5
31.2
35.7
29.0
37.0
33.3
41.9
49.3
48.4
64.5
58.2
68.1
65.3
61.4
61.9
64.3
71.2
70.3
75.6
67.4
66.3
65.3
60.0
54.7
47.3
44.6
42.5
39.9
40.2
42.5
49.1
56.4
61.2
63.2
64.6
67.7
66.3
66.2
67.5
71.4
72.0
80.0
75.8
74.9
67.1
62.5
58.4
56.4
52.5
47.8
47.5
46.1
42.0
42.5
44.7
47.5
52.7
58.2
62.3
62.3
73.9
67.7
72.7
69.3
73.9
79.7
76.5
74.3
68.5
62.9
63.8
54.7
50.3
49.3
46.6
43.5
41.7
39.3
41.6
47.8
47.1
58.2
69.4
66.0
63.5
70.9
68.5
70.5
78.7
80.9
84.2
84.4
77.2
76.3
72.7
57.6
53.8
44.6
45.6
43.1
43.7
46.7
54.8
63.3
67.6
68.2
66.4
67.9
67.5
67.3
69.5
77.4
82.2
85.2
86.0
83.4
78.0
80.6
74.0
62.2
50.4
47.4
44.1
41.3
41.4
42.9
55.6
64.2
64.6
66.9
66.4
75.2
72.9
66.4
70.0
71.3
76.9
89.8
89.2
82.9
81.9
76.8
71.3
63.1
52.0
50.0
45.1
44.2
39.7
43.3
54.9
65.3
64.3
67.1
71.4
77.2
71.2
69.9
69.5
75.9
78.8
82.1
86.4
79.0
79.2
78.1
68.2
62.3
53.1
48.3
48.0
42.9
40.0
41.9
54.6
69.8
70.2
69.7
69.7
69.8
70.1
67.3
66.1
69.2
76.0
88.7
84.1
81.2
79.9
76.2
68.4
61.9
54.8
48.4
45.7
45.6
44.6
49.9
58.0
65.7
66.3
65.8
69.1
75.7
75.6
70.2
68.2
72.7
80.6
83.9
81.4
76.5
72.7
75.2
72.0
62.3
58.4
52.4
50.0
48.3
47.0
45.0
49.3
56.4
63.9
69.1
71.0
80.7
80.3
80.5
79.0
86.1
94.1
102.0
94.9
87.4
85.0
77.4
85.4
69.6
69.3
69.2
57.3
52.0
52.3
50.7
55.0
56.0
62.7
67.4
78.2
73.1
76.6
92.6
88.5
87.7
97.6
102.7
105.0
92.475
100.0
99.0
85.1
81.1
70.9
66.8
56.7
55.0
56.3
57.9
72.7
89.5
93.6
85.4
83.4
73.7
69.5
66.9
69.8
81.4
93.1
105.1
95.4
87.8
88.7
87.3
70.9
63.2
44.7
35.2
34.2
33.6
34.5
36.2
53.5
70.6
61.4
66.9
71.2
72.8
69.1
63.6
72.2
80.8
86.5
96.4
89.8
86.6
79.0
75.4
73.4
55.6
47.8
43.0
43.3
37.5
35.8
38.7
58.7
65.1
59.7
64.5
61.7
62.6
62.8
62.2
68.5
73.1
94.9
87.4
79.1
80.5
78.3
74.4
75.5
62.0
47.7
38.0
37.5
35.1
36.7
42.2
56.3
67.4
64.0
61.8
65.1
75.8
70.5
73.4
75.9
82.7
89.3
98.9
86.4
86.5
91.3
86.7
78.3
74.8
63.3
53.0
44.9
44.1
44.1
47.9
64.2
73.5
70.8
69.6
67.5
74.7
75.6
73.5
71.1
80.4
84.7
80.7
78.9
81.4
74.1
79.6
58.3
52.1
47.9
45.1
42.0
41.6
39.0
38.9
42.3
46.1
50.5
59.0
62.2
65.5
65.3
66.9
65.3
69.1
74.3
78.2
75.8
70.5
67.0
60.8
75.4
64.8
56.0
56.1
54.1
46.7
43.9
42.8
50.0
51.3
56.0
70.4
77.2
81.1
79.1
80.7
84.4
83.7
86.4
91.7
92.2
85.1
86.0
81.7
71.3
70.2
61.7
49.7
48.5
48.6
47.0
46.1
56.1
73.4
79.1
79.0
79.4
69.2
57.8
53.6
57.5
65.0
72.3
85.6
80.9
80.6
77.7
69.9
