37.64
36.79
38.36
40.57
48.16
43.86
57.96
63.69
65.1
61.65
61.5
60.47
59.76
47.74
44.62
44.62
44.52
43.12
37.97
36.86
37.24
37.6
38.1
39.57
38.55
38.88
38.67
38.84
38.3
39.11
55.78
69.7
63.14
65.7
64.87
66.2
63.38
62.39
62.2
61.3
59.83
56.83
43.59
38.56
38.68
38.27
39.86
35.83
35.88
35.34
36.64
37.04
36.21
36.53
38.35
40.7
39.24
39.67
37.93
36.13
36.52
36.09
36.0
35.51
33.85
33.98
33.61
34.83
34.44
35.58
35.38
35.67
35.83
35.27
36.21
36.31
36.64
36.39
38.56
40.7
40.02
38.16
35.77
38.58
37.29
37.94
35.34
36.45
36.23
33.13
34.03
34.82
34.26
35.84
35.51
34.94
35.67
34.65
35.56
34.96
35.78
35.32
51.88
68.02
61.37
65.03
67.05
70.45
72.46
71.33
69.3
68.45
64.28
59.91
42.48
35.81
34.52
32.59
32.27
28.6
30.0
29.81
30.64
31.3
30.72
31.53
49.68
58.64
59.44
64.39
63.68
64.37
64.57
64.78
68.46
68.05
64.06
54.42
39.52
33.45
32.37
32.3
30.65
28.3
27.59
27.68
28.16
28.46
28.2
29.65
44.59
54.9
56.93
65.6
73.26
68.16
69.41
71.01
73.03
71.53
64.47
57.89
42.19
35.59
33.21
33.03
30.19
30.12
30.1
30.1
30.33
30.35
29.96
30.57
44.07
54.06
57.59
62.14
63.93
66.33
67.04
68.09
66.55
67.82
65.4
57.68
40.64
34.39
34.32
33.46
32.86
30.13
29.47
29.39
29.9
30.04
30.1
30.44
45.47
55.93
56.33
61.11
65.49
66.93
66.29
65.6
67.79
67.61
63.85
57.48
41.08
33.67
35.0
35.03
35.16
30.03
29.74
29.45
29.78
29.55
29.58
29.05
30.24
31.69
30.23
31.0
30.54
30.01
30.1
30.34
29.74
29.9
30.06
29.46
30.1
29.54
29.45
29.34
29.63
29.68
29.58
29.67
30.09
29.68
30.41
30.24
31.03
32.26
30.99
31.4
31.07
31.19
30.51
29.98
30.12
30.19
30.24
28.36
28.63
28.6
28.64
29.44
29.86
29.96
29.2
30.02
30.48
30.0
29.99
31.77
48.27
54.59
60.76
65.76
72.22
73.05
74.29
75.25
76.54
76.9
73.05
63.46
59.84
60.71
61.18
48.13
38.18
32.04
30.28
30.74
31.09
31.06
30.66
33.32
51.66
55.61
62.23
73.71
78.84
76.92
78.4
79.34
79.55
76.33
69.43
66.39
63.0
62.49
61.92
51.18
40.94
36.87
33.0
33.97
35.38
35.2
33.77
35.06
52.03
55.94
59.75
71.73
74.31
72.62
73.16
73.23
77.0675
76.7475
72.285
65.06
57.325
53.3125
53.5125
50.2325
39.11
33.55
32.0575
31.6975
31.9675
32.625
32.9375
33.6325
43.6525
51.0825
59.235
68.3
73.6525
75.595
75.9675
76.0125
76.35
78.125
75.2975
66.7075
56.1725
51.645
50.235
49.355
40.5025
35.2875
32.6875
31.825
31.395
31.1675
31.4525
31.845
45.2525
60.26
64.6
68.33
70.53
68.22
70.01
71.51
73.39
72.68
64.72
56.81
43.51
38.69
38.37
41.95
37.69
32.76
30.68
32.4
31.9
30.6
31.43
32.98
38.23
40.12
38.63
38.15
39.37
39.44
38.69
40.61
40.36
39.63
39.81
37.52
37.71
38.36
38.02
36.63
32.15
31.56
31.06
31.4
31.32
31.42
32.76
37.79
38.73
39.9
39.51
39.35
39.43
38.55
38.03
38.11
38.99
39.37
39.19
35.77
36.86
36.73
37.43
36.68
36.59
33.22
30.47
30.5
31.25
32.51
36.38
36.7
49.39
55.1
53.78
54.14
55.22
55.73
57.75
45.94
41.86
42.19
42.08
39.49
34.32
32.93
32.86
31.22
31.01
31.38
31.57
31.64
31.77
31.57
31.41
32.94
50.86
56.12
62.16
72.59
76.53
77.92
78.46
80.07
80.69
79.2
75.94
66.36
60.64
60.14
58.52
47.86
39.45
33.81
30.37
31.02
31.29
30.83
30.72
32.34
49.7
55.75
61.6
72.15
85.7
89.78
82.19
81.92
80.73
81.3
75.14
67.03
67.73
63.56
63.39
60.77
41.94
33.44
29.85
30.17
30.36
30.9
30.01
31.04
49.36
54.57
61.01
73.65
78.02
82.5
85.5
86.41
85.76
83.05
78.28
64.5
60.34
60.99
61.91
57.43
39.5
36.07
31.88
32.78
32.6
32.6
32.57
33.88
54.16
61.4
66.07
70.03
72.36
73.64
75.38
78.33
78.38
73.57
71.45
66.84
49.34
42.98
43.63
42.98
37.51
30.62
30.73
30.78
31.76
31.88
31.71
32.91
50.03
54.89
53.78
54.26
54.03
53.91
54.32
41.34
38.78
38.96
40.62
37.7
36.98
34.85
34.07
34.27
30.92
29.79
29.87
29.81
30.39
29.62
31.19
35.65
36.82
38.41
38.03
38.28
37.83
37.9
38.25
40.67
41.13
40.69
40.29
36.48
37.33
35.42
35.85
35.67
35.3
31.86
29.58
30.36
30.53
30.52
30.07
31.13
49.47
55.19
61.69
69.37
74.95
76.95
79.33
79.77
73.16
73.47
70.97
64.32
61.87
60.53
60.5
49.07
38.63
34.48
31.66
31.01
30.09
30.13
30.46
31.66
49.45
54.39
61.26
75.26
79.56
83.57
85.68
82.33
81.87
83.7
75.38
66.81
63.89
63.63
62.32
49.37
39.49
35.09
31.51
31.42
31.74
31.99
31.51
32.43
50.13
56.08
63.12
74.84
80.57
82.91
82.71
81.91
76.78
79.5
75.6
68.22
64.41
62.01
64.13
59.59
40.15
33.72
28.96
29.68
29.52
30.06
28.46
30.06
47.85
54.28
60.47
72.67
77.41
76.08
79.23
79.69
81.03
85.46
77.97
68.91
63.53
63.25
63.28
59.62
40.52
34.47
30.99
30.97
31.19
30.28
31.1
32.11
49.93
56.54
63.37
70.22
75.34
78.93
79.36
76.38
76.3
75.99
68.52
63.58
48.41
43.7
44.56
44.33
40.08
33.93
28.55
28.23
29.64
29.87
29.16
30.55
37.07
37.19
36.34
36.0
36.81
36.3
37.0
37.35
38.67
38.56
35.72
33.68
34.63
36.02
36.41
37.17
32.27
30.65
31.7
31.9
30.83
31.08
33.18
37.65
38.69
39.84
39.05
38.36
38.87
38.66
39.43
38.75
37.58
37.09
37.59
35.57
36.77
36.54
36.74
37.66
36.9
33.47
31.04
31.15
31.64
31.4
31.63
33.12
51.78
56.58
60.0
67.06
73.01
74.83
76.35
81.71
78.75
77.39
72.77
65.89
59.21
56.47
57.22
44.5
35.7
33.35
30.67
31.05
31.05
29.83
29.85
31.47
50.1
55.42
63.4
72.09
78.4
82.03
82.0
80.24
84.99
87.61
80.75
71.61
66.46
61.22
60.28
47.45
38.68
34.01
30.35
31.0
31.32
31.06
29.92
31.27
50.26
54.68
59.18
75.31
80.13
85.55
87.86
84.63
83.75
81.24
75.44
69.81
64.8
63.95
67.7
58.13
38.89
33.14
28.25
28.43
28.63
29.13
28.69
30.66
49.93
55.15
61.11
71.76
80.2
81.31
82.07
81.64
91.04
93.99
84.65
67.7
60.56
57.22
57.46
55.44
40.22
32.08
27.29
27.92
27.72
27.31
27.43
28.63
46.31
51.95
58.58
67.66
79.06
81.3
84.7
82.35
82.25
84.04
76.54
66.28
50.69
45.11
44.6
43.35
39.66
31.49
28.23
28.65
27.84
27.79
27.85
29.17
35.52
37.79
35.9
34.81
36.34
40.49
41.17
41.92
41.46
40.98
41.65
38.04
36.91
37.86
38.36
37.59
31.47
30.67
30.46
30.2
30.41
29.77
30.73
34.94
37.02
37.65
36.85
37.21
35.97
37.05
38.45
38.36
40.65
43.86
41.61
36.93
36.36
36.68
37.18
38.24
37.01
31.97
29.38
29.3
28.76
28.78
28.81
29.67
48.19
53.08
59.06
69.63
73.88
81.41
86.11
85.01
84.3
84.68
78.85
68.01
65.44
60.62
60.24
48.39
41.46
33.48
29.44
28.86
28.82
28.67
28.75
30.06
48.72
54.1
62.81
74.56
78.61
82.04
84.41
84.67
87.51
90.79
82.45
69.68
66.54
64.35
60.8
48.25
40.01
36.45
31.16
30.05
29.89
29.46
29.33
30.57
48.25
53.63
58.84
71.96
78.82
80.79
84.81
86.48
88.53
86.74
75.93
68.3
62.32
63.92
63.92
55.78
37.28
35.72
35.75
35.17
34.86
34.02
33.56
35.34
51.49
57.29
63.64
72.18
77.4
81.25
85.14
86.1
88.09
93.54
87.51
66.87
61.41
59.81
58.26
55.63
39.22
34.42
30.17
29.94
30.09
29.92
29.8
31.22
47.9
52.61
53.16
64.83
71.1
77.56
76.96
79.42
83.65
84.87
74.32
63.13
44.81
42.0
43.61
41.91
35.77
32.75
27.97
28.41
27.84
28.3
27.68
29.03
34.42
36.03
33.96
34.22
36.27
39.42
40.98
44.47
43.38
42.39
41.18
35.58
35.18
36.34
35.6
35.41
31.9
29.8
30.43
29.82
30.0
29.71
30.48
33.58
35.06
34.92
33.88
34.11
34.16
34.48
38.06
39.69
41.38
40.5
42.22
38.95
38.2
38.21
38.87
38.55
36.6
33.62
31.5
30.91
30.06
30.18
29.27
30.93
48.57
53.63
54.56
59.56
65.57
76.29
80.72
82.6
79.36
78.29
74.31
64.23
60.67
61.35
60.78
50.57
39.73
37.12
35.96
35.35
35.12
34.79
34.13
35.21
54.6
58.82
63.82
79.07
83.21
85.21
83.37
82.96
82.69
85.9
83.23
69.44
65.5
60.29
59.25
49.0
41.48
37.27
28.79
27.73
29.84
29.44
29.74
30.87
48.96
54.0
56.81
72.52
78.07
83.82
84.34
82.52
86.0
83.94
78.32
68.76
60.49
63.33
63.01
57.09
38.74
36.29
35.62
34.9
34.4
34.17
34.22
35.18
52.29
55.99
61.87
74.6
80.58
81.45
83.3
85.37
86.42
91.51
83.92
76.78
68.15
64.45
62.92
58.21
43.06
43.18
42.68
38.0
37.42
37.04
33.49
34.39
50.8
56.67
61.82
69.59
74.4
76.36
78.16
80.35
81.25
79.07
73.91
66.17
45.64
43.37
42.14
41.01
37.36
35.46
35.66
35.13
34.97
34.29
34.59
35.39
40.29
41.61
40.41
39.34
40.95
42.65
45.22
45.89
45.92
46.08
45.3
40.84
39.74
42.32
41.79
39.22
35.35
34.49
32.79
32.07
32.4
32.07
33.49
36.95
37.38
37.71
37.27
37.71
37.14
38.64
40.86
40.98
42.56
41.17
42.19
39.85
40.93
41.59
41.97
40.97
40.16
36.43
32.47
31.44
31.49
31.26
31.76
33.04
48.8
53.19
55.51
66.88
71.24
73.33
76.98
73.0
73.76
76.05
72.56
63.84
53.4
56.46
57.53
43.8
36.22
34.05
33.97
34.79
34.73
34.46
34.02
34.32
52.55
56.37
62.36
76.25
79.42
81.13
83.09
81.21
80.71
81.48
77.57
65.09
60.28
60.06
56.54
44.04
36.73
35.68
35.42
34.52
34.12
34.91
33.71
34.49
52.77
57.76
63.49
74.37
78.41
83.62
79.88
77.6
77.38
76.37
70.53
61.01
57.9
59.76
62.27
55.57
39.06
35.47
35.53
34.16
33.92
32.31
30.03
31.11
49.17
54.13
59.4
69.66
75.83
78.03
74.01
77.5
79.58
83.7
79.25
70.1
62.76
62.06
62.91
58.4
40.33
38.56
37.62
32.84
33.13
32.52
32.55
33.56
51.3
59.3
62.57
72.25
75.57
78.59
77.05
76.8
77.14
74.94
71.41
62.55
45.86
40.96
40.06
40.13
36.0
34.38
36.69
34.87
34.47
32.74
33.2
34.19
38.94
38.9
38.02
38.11
38.98
40.1
42.39
42.07
42.61
43.56
41.9
40.18
39.88
40.0
39.36
38.03
33.91
32.57
32.19
32.61
32.6
31.63
33.24
37.32
37.71
38.0
37.23
37.59
37.52
38.53
40.96
41.32
43.06
44.39
43.31
40.75
40.17
42.19
41.4
41.24
41.0
37.17
37.23
34.0
34.07
33.04
33.47
33.52
49.62
52.22
56.87
64.99
70.91
75.49
75.6
74.19
69.58
71.51
70.36
63.9
57.73
59.29
58.19
46.2
38.4
35.99
35.44
35.03
33.7
33.7
33.34
35.01
53.97
56.68
62.24
75.58
78.44
81.46
79.72
79.01
77.54
80.65
77.81
67.92
63.14
57.01
55.47
44.1
35.85
33.0
32.57
31.68
31.73
31.64
31.24
33.45
52.71
57.51
61.43
73.61
78.22
82.99
81.15
77.74
80.57
79.01
72.61
66.97
60.73
61.62
61.49
54.95
36.52
34.76
34.87
35.02
35.5
35.16
35.13
36.42
53.81
57.31
61.8
77.56
79.55
80.31
76.85
79.29
83.89
88.96
80.5
73.67
63.81
61.07
58.41
52.81
37.31
36.39
36.16
43.23
38.99
35.48
33.23
34.49
52.78
56.13
61.41
69.03
73.4
77.3
79.59
79.37
76.9
74.33
68.53
60.55
43.94
39.75
38.38
38.36
33.89
33.16
31.51
31.51
31.67
31.66
31.52
32.79
38.16
38.88
38.98
40.01
40.36
41.87
42.66
43.16
43.17
44.09
43.18
39.66
38.07
39.26
40.58
41.64
38.36
33.46
33.19
31.7
31.96
31.76
31.23
31.76
32.6
32.44
32.24
33.08
33.29
34.05
34.82
37.09
37.75
37.16
37.72
33.59
33.46
34.15
35.2
33.59
33.33
33.42
33.02
34.19
34.17
33.81
33.49
33.85
47.76
55.12
59.01
63.53
61.01
69.54
69.46
69.68
67.82
68.82
67.83
61.52
42.8
35.45
35.07
34.83
34.79
34.05
33.67
31.67
31.28
31.27
30.86
30.52
46.37
54.44
58.22
61.67
62.61
62.99
65.48
68.49
72.62
69.32
70.04
61.25
41.86
35.92
37.11
37.8
36.28
35.17
34.83
35.3
33.1
33.07
31.8
31.83
46.7
52.51
58.98
63.92
65.79
68.68
67.37
68.57
69.93
73.28
69.6
64.02
39.0
35.21
37.6
33.99
33.14
35.47
35.86
35.16
34.72
34.56
34.16
34.55
49.84
57.52
61.6
66.7
69.41
77.29
75.91
77.5
79.92
78.97
72.14
67.69
42.43
40.73
40.51
40.65
41.4
34.74
39.6
40.94
38.75
39.09
38.24
36.85
52.2
59.74
61.88
66.97
68.2
69.26
74.43
73.36
74.03
73.99
75.46
68.23
48.13
40.86
43.34
39.49
40.82
39.13
36.47
38.63
37.23
36.49
35.68
36.11
35.86
34.88
37.57
39.03
42.63
45.31
47.7
50.41
48.26
51.71
48.41
48.91
42.94
47.3
44.03
44.31
43.7
43.03
43.9
42.71
41.38
40.1
40.06
39.62
39.03
38.48
40.36
42.5
43.32
45.78
47.6
48.83
55.03
54.27
56.58
48.79
49.46
48.93
45.65
46.98
43.7
43.63
44.64
42.03
41.87
40.43
40.27
42.42
58.94
60.84
66.57
82.72
84.23
89.67
94.65
96.81
95.38
96.11
90.17
78.68
75.16
74.44
71.65
56.88
47.61
41.43
45.01
41.7
40.73
42.65
39.65
41.77
59.1
60.52
71.66
83.51
85.31
89.085
91.49
88.76
96.97
95.41
92.4
81.09
71.28
68.38
69.57
55.94
49.76
43.73
44.67
41.96
40.65
43.86
40.71
43.57
60.81
64.63
66.98
85.24
86.19
91.11
90.59
90.08
88.85
87.34
78.17
67.2
65.05
65.32
66.16
60.15
44.37
42.1
41.52
39.54
39.8
39.45
39.39
41.47
57.91
61.69
68.34
77.76
82.26
84.66
84.27
84.31
83.16
90.26
85.98
72.62
64.31
63.99
63.28
58.27
41.74
37.76
37.13
36.47
36.94
36.35
36.7
38.7
55.22
59.4
64.06
70.98
78.4
80.3
82.6
85.39
82.39
80.07
80.51
70.21
48.94
45.38
44.71
43.63
38.84
38.59
39.72
37.96
37.44
36.7
36.28
38.44
42.03
42.31
41.89
41.46
43.37
45.42
46.49
47.8
48.66
49.1
51.33
44.25
43.23
44.71
41.99
43.02
36.86
33.46
33.46
33.61
33.02
33.08
32.53
36.82
37.36
36.84
38.83
40.05
42.76
45.59
47.16
49.8
54.07
53.52
53.52
50.35
44.95
45.0
41.99
42.92
41.22
36.13
33.08
32.03
32.55
31.24
29.86
32.05
49.59
52.92
58.11
71.97
76.6
78.53
83.77
89.49
90.9
95.08
90.02
80.32
69.54
67.64
64.98
55.98
49.4
45.74
46.62
45.2
43.43
43.95
42.4
44.58
60.62
61.67
69.81
81.88
88.74
95.01
93.97
94.16
87.98
96.61
90.83
79.72
73.15
72.88
69.32
54.68
48.14
49.79
46.4
46.48
46.45
45.45
45.99
46.33
61.57
64.47
68.16
83.91
90.34
95.53
96.87
97.4
100.22
104.8
91.99
80.45
74.08
71.26
68.68
63.98
50.6
47.83
48.51
47.43
46.41
45.56
46.07
48.3
65.13
66.83
73.69
89.65
95.21
99.85
98.65
99.07
98.82
105.42
103.39
86.98
71.94
72.82
69.04
63.2
49.7
47.01
46.61
43.92
42.78
42.17
42.77
44.01
60.99
66.35
71.94
84.23
89.9
99.21
97.2
102.04
102.23
97.94
89.94
80.95
60.97
57.28
53.95
53.16
42.94
41.1
35.38
35.13
35.77
35.21
31.32
34.03
40.0
43.53
42.85
44.48
47.03
54.52
56.02
54.8
60.46
62.01
60.46
53.41
52.19
49.62
49.69
47.33
39.58
34.18
34.58
33.84
31.88
31.88
34.57
40.84
39.46
40.71
43.11
44.33
49.64
50.5
53.19
58.74
58.82
63.35
59.41
58.33
54.39
53.85
51.86
48.19
45.27
38.47
34.74
35.4
33.5
32.88
33.61
35.54
53.06
56.76
64.34
80.82
88.11
95.52
98.9
100.86
99.1
100.23
93.88
85.96
78.1
73.46
73.11
59.66
50.29
43.95
44.66
44.76
44.03
44.47
42.36
44.67
63.93
66.16
76.32
90.98
96.77
107.78
105.51
106.24
110.69
110.72
111.09
93.51
86.04
80.1
79.07
63.88
56.76
47.5
46.34
46.22
44.74
44.39
45.35
46.24
63.94
66.67
74.01
90.94
95.73
102.64
104.87
105.78
106.84
112.23
101.28
84.48
79.85
77.11
77.94
67.76
52.18
46.54
45.49
47.26
43.69
42.01
43.34
45.04
62.8
64.45
69.5
89.45
92.9
100.69
101.26
97.97
98.87
104.48
103.77
86.02
72.55
71.04
66.58
65.5
47.65
42.48
42.79
42.21
40.6
39.68
39.6
43.49
60.64
62.37
67.72
81.46
90.6
90.3
94.39
95.75
100.23
95.57
90.45
72.05
58.75
51.7
49.41
51.7
41.44
37.38
39.31
36.25
36.41
35.63
33.75
36.52
43.65
43.78
45.6
47.14
51.22
54.08
56.42
56.54
58.61
61.94
60.23
59.19
55.87
56.39
53.82
55.03
43.78
40.02
40.47
39.25
38.82
38.21
41.2
46.1
44.23
46.39
49.25
53.38
54.94
58.21
57.19
57.63
61.27
60.59
61.64
55.54
54.12
52.19
53.07
49.44
50.71
43.78
39.38
39.59
39.97
38.57
37.74
39.42
54.48
58.23
62.75
73.28
87.48
95.08
96.18
94.72
94.9
95.12
85.17
81.51
72.37
73.64
72.15
60.61
50.53
44.66
44.61
44.11
44.3
42.38
40.59
42.53
57.61
61.14
69.66
87.4
97.37
102.1
95.96
97.19
92.26
97.74
95.18
82.17
73.06
74.33
71.06
58.61
46.81
44.14
42.29
43.32
41.65
41.3
41.27
42.69
57.22
60.86
65.85
83.19
90.71
95.57
93.17
94.33
97.3
98.64
94.58
81.91
73.69
71.9
71.84
65.05
47.7
45.57
45.61
44.83
43.48
42.43
42.1
44.22
57.89
61.48
70.11
87.22
93.62
96.61
91.37
91.82
89.81
92.11
85.01
77.64
65.35
63.78
65.8
58.93
42.31
39.18
40.78
41.99
40.93
38.89
39.57
40.79
57.16
60.81
65.13
78.64
84.96
86.39
91.25
92.39
94.1
90.02
88.64
75.81
58.74
50.0
49.23
49.8
42.39
38.27
37.41
35.76
35.4
34.96
34.86
36.01
40.79
41.81
43.03
44.62
47.09
49.21
49.18
52.06
49.93
50.37
53.08
47.61
47.68
46.18
45.76
45.34
38.18
35.72
35.32
34.02
33.71
33.01
35.47
39.6
38.94
39.23
40.11
42.07
44.43
46.69
50.25
51.09
55.51
52.85
52.61
49.35
49.89
48.61
48.19
47.33
46.16
41.36
36.73
36.36
36.85
34.87
34.53
36.84
53.0
57.04
64.94
80.47
81.84
87.31
92.36
89.49
92.63
96.57
91.43
85.11
73.02
73.4
71.16
58.9
46.23
43.3
40.96
40.32
41.59
38.69
38.46
41.29
59.63
62.22
75.52
86.7
96.38
102.8
104.86
101.23
105.06
110.61
105.78
89.39
79.37
76.19
74.8
57.43
44.65
39.59
42.09
38.14
40.33
40.96
37.18
40.83
59.26
61.29
67.7
86.27
87.2
95.6
96.4
92.0
98.53
101.29
89.29
78.91
68.77
70.75
73.69
65.71
47.42
40.84
38.76
38.04
36.82
37.19
36.13
39.8
56.94
61.51
71.13
83.13
88.93
90.81
88.59
86.67
88.73
89.34
81.22
75.58
68.91
63.22
63.59
60.04
40.13
36.25
36.09
35.85
36.12
36.03
35.44
37.02
54.77
61.54
66.76
74.89
81.58
85.61
86.17
86.94
85.28
87.92
80.72
70.6
51.97
49.56
51.19
50.23
41.07
37.83
39.45
37.71
37.14
37.23
36.04
38.9
43.75
42.72
43.22
44.15
45.74
48.75
50.29
53.06
56.88
56.21
58.3
55.34
54.5
50.96
51.02
49.1
43.59
40.68
36.76
36.22
36.69
37.33
38.82
43.81
41.88
44.08
46.57
48.92
51.25
53.24
58.4
58.09
64.58
61.83
66.94
58.2
58.7
54.47
55.68
51.86
53.32
42.25
40.95
38.76
36.76
36.99
36.58
39.35
56.53
59.39
67.89
80.64
84.87
91.52
93.75
97.66
100.21
97.7
88.54
81.65
70.48
70.22
68.42
56.37
43.61
40.12
36.73
37.57
36.88
34.98
34.18
37.02
51.16
56.37
65.09
83.91
89.77
100.11
96.24
93.47
91.99
97.52
93.47
78.0
72.99
68.19
70.1
54.56
41.78
36.74
35.58
35.24
32.17
31.69
30.85
34.28
50.59
55.2
62.48
84.05
85.83
90.55
92.44
90.24
99.07
95.55
95.2
78.22
68.41
70.39
69.76
60.19
38.23
32.97
33.67
34.17
31.44
29.59
28.87
32.13
48.67
55.99
59.68
77.45
81.45
89.02
82.1
88.35
86.96
87.49
85.92
72.82
63.77
62.85
49.94
49.3
43.66
35.83
33.84
33.49
33.71
31.0
30.94
33.16
50.96
56.55
61.92
66.47
70.28
74.07
74.44
73.58
73.67
78.04
75.49
63.93
51.63
46.68
49.73
49.14
38.32
32.32
32.92
30.98
31.2
31.13
30.92
31.78
38.76
37.84
39.02
43.24
41.7575
43.735
44.5725
45.68
47.255
47.775
47.6075
44.0975
42.365
42.47
42.5925
41.91
38.2825
33.2875
31.34
31.0675
31.425
31.3325
33.03
36.125
36.75
37.6025
38.1125
39.38
40.4775
41.4375
50.93
46.15
45.0
45.34
43.2
40.51
39.98
41.4
40.77
41.44
40.05
35.17
31.14
29.98
30.14
29.12
28.85
31.98
48.2
52.82
58.94
69.75
73.18
80.28
84.89
85.45
86.14
85.02
80.17
67.65
65.28
63.25
63.18
50.22
39.7
37.08
32.84
31.64
31.7
31.43
30.12
33.01
52.34
58.55
66.53
75.1
84.67
89.39
89.96
102.53
99.96
106.96
96.67
87.89
77.89
75.87
72.68
59.1
47.46
39.95
40.54
39.3
37.26
38.9
36.4
39.48
57.02
63.76
71.8
81.72
86.34
91.26
95.68
97.57
97.34
102.03
92.39
81.5
79.0
75.0
78.03
67.96
46.29
39.46
40.23
38.8
38.74
33.59
34.0
36.59
56.17
62.08
67.99
81.83
90.85
93.22
81.63
103.05
79.24
107.05
101.14
86.93
77.5
73.77
59.76
57.38
48.82
45.07
41.73
43.73
41.2
38.91
38.43
38.06
59.08
63.16
69.82
78.37
86.54
86.56
88.7
68.14
71.32
99.7
93.77
85.1
71.01
60.84
42.29
41.64
49.09
41.27
35.63
30.98
31.2
31.13
30.92
31.78
38.76
37.84
39.02
43.24
58.18
65.29
67.66
69.07
71.01
73.32
72.95
68.3
68.58
64.99
66.01
61.92
54.03
45.95
44.92
42.32
43.19
39.03
45.97
51.84
50.14
50.57
52.92
59.89
59.73
63.91
66.39
70.87
69.29
73.19
71.71
67.9
63.89
62.73
59.88
57.09
56.74
45.63
41.96
38.27
37.32
34.54
35.16
39.37
57.03
62.99
66.71
74.41
77.55
80.65
81.61
85.96
82.59
79.16
76.56
71.58
68.73
68.99
66.92
54.45
43.69
40.36
38.2
37.24
32.83
32.55
35.03
37.5
54.69
58.49
62.92
68.26
73.11
73.33
78.03
81.72
84.01
82.43
80.54
71.03
69.12
64.58
66.53
53.69
42.04
39.22
35.77
34.2
33.3
30.71
30.64
35.66
53.13
59.4
69.18
77.1
80.73
86.58
85.0
87.44
85.25
88.39
82.74
74.99
71.83
68.56
66.17
61.67
40.94
35.59
31.38
31.59
32.26
31.6
30.7
32.69
49.37
58.76
66.98
73.96
77.08
83.01
82.62
86.14
88.26
87.88
85.38
75.82
67.96
64.17
49.88
43.91
38.43
31.08
30.25
30.43
29.76
28.72
27.88
30.6
47.29
54.4
57.83
60.92
65.23
68.27
66.58
64.2
64.96
63.59
61.65
60.57
46.81
39.01
40.73
40.46
35.19
30.15
28.57
26.64
27.08
26.25
26.5
28.73
36.31
37.43
38.27
37.6
38.26
39.49
39.25
42.5
44.05
44.08
43.34
40.94
40.65
40.9
40.5
40.5
33.81
30.13
28.52
29.1
27.14
27.4
29.72
36.23
36.04
37.37
38.55
40.0
42.77
44.41
47.67
47.97
49.35
51.74
52.0
49.26
42.07
45.21
45.38
44.85
43.58
36.91
32.49
31.53
35.24
28.64
30.16
29.23
47.3
56.37
66.12
66.59
79.6625
78.03
82.86
82.23
88.25
85.22
84.15
77.05
68.72
69.06
64.81
54.6
41.86
36.33
32.4
34.16
31.82
31.47
30.72
34.6
51.32
58.38
63.56
70.0
76.12
80.89
80.49
80.26
84.01
81.05
76.24
70.73
67.99
62.93
64.57
52.56
38.53
31.58
29.73
32.33
29.62
30.18
30.41
31.32
50.36
56.91
62.77
64.36
68.87
77.77
81.67
88.55
85.32
86.38
83.9
71.95
71.56
68.5
65.68
58.7
39.32
34.89
35.68
33.13
36.42
34.59
39.17
42.3
57.02
62.34
65.73
74.03
75.15
77.91
77.16
82.58
83.52
80.16
76.11
68.1
63.83
61.25
50.25
44.22
40.36
32.55
32.92
33.58
31.41
30.75
31.07
32.86
49.28
54.75
58.22
65.86
67.97
70.48
70.12
66.31
73.13
70.74
63.85
56.54
43.04
38.82
37.22
36.47
31.31
29.03
28.96
29.09
29.09
29.0
28.56
31.11
36.37
37.62
38.06
38.62
38.83
39.93
39.14
40.53
42.09
43.38
43.89
41.18
41.31
38.7
39.88
39.79
34.8
29.56
30.76
29.66
29.35
28.83
31.4
37.31
36.85
38.94
39.82
39.18
40.21
44.69
48.92
52.7
52.9
51.98
55.95
50.24
50.24
47.62
47.61
47.6
45.32
38.25
33.86
31.79
30.64
31.25
31.79
32.25
51.39
58.66
63.21
69.68
79.67
76.22
76.62
81.09
85.2
81.43
84.38
76.2
71.75
66.19
66.25
48.34
41.3
35.74
35.03
34.49
30.34
29.8
29.13
32.17
48.79
54.69
60.81
67.6
76.31
76.74
82.45
86.09
84.48
85.8
83.95
76.94
71.96
70.94
64.8
54.41
40.77
36.68
36.37
35.27
34.23
34.34
32.32
30.83
45.48
58.45
66.1
71.2
77.65
82.6
86.14
81.49
87.5
88.31
88.19
76.79
55.6
44.77
44.86
41.22
41.64
37.66
39.7
35.4
40.3
35.57
35.75
37.22
48.4
61.77
65.0
70.17
81.03
88.8
85.97
88.89
90.75
91.8
83.09
77.26
53.8
40.5
42.58
37.92
40.12
37.72
39.3
37.41
34.99
36.8
33.75
33.21
48.17
61.23
61.72
68.79
73.01
75.84
76.87
76.43
75.11
75.79
73.2
67.49
48.4
37.08
36.7
37.51
35.24
34.52
34.02
32.92
31.62
32.42
30.39
31.37
29.4
30.43
31.42
33.61
34.78
37.09
36.75
38.73
42.25
40.89
42.81
36.86
38.77
36.6
37.81
36.02
35.6
36.77
34.88
32.69
33.61
32.29
30.22
30.46
29.15
31.89
33.5
36.91
35.99
35.4
38.42
40.27
42.0
44.31
43.33
39.83
38.42
38.43
36.72
36.93
34.78
37.44
33.12
33.38
34.75
36.15
42.11
39.89
51.68
60.19
61.89
62.15
65.37
68.93
69.39
64.28
58.54
62.88
61.43
57.72
47.43
41.91
41.87
39.07
37.9
36.12
37.67
37.87
34.12
35.99
34.22
33.85
49.96
62.43
68.48
75.88
82.94
85.3
92.23
94.35
99.34
104.55
89.85
82.02
61.8
47.41
49.23
44.48
45.71
43.89
43.41
41.18
41.75
38.09
39.68
37.65
53.3
66.13
71.19
77.58
85.76
89.9
94.71
98.94
98.18
98.22
93.98
80.41
60.58
47.06
46.47
43.0
39.04
41.5
37.68
40.79
38.17
37.82
35.18
32.75
50.74
64.25
71.81
78.14
86.95
90.67
88.74
96.56
101.02
96.36
95.06
83.96
54.81
48.99
44.29
43.49
41.78
39.62
40.94
37.69
39.39
34.55
36.98
34.29
48.59
65.35
70.26
80.87
88.72
91.4
95.63
93.3
97.71
93.58
94.31
88.87
60.13
52.38
48.63
44.62
44.5
40.45
41.4
37.19
38.3
35.92
37.95
35.62
41.06
38.19
44.68
46.28
51.75
51.43
68.46
68.63
72.6
73.5
74.06
70.25
64.15
65.71
63.77
59.66
62.4
56.38
57.3
55.59
53.59
54.76
50.06
50.79
49.72
54.74
55.33
59.87
62.02
66.86
64.68
72.86
73.43
76.25
78.53
70.46
70.57
68.85
65.1
66.44
65.52
58.77
58.83
53.81
56.54
53.45
50.98
52.45
55.24
72.11
78.97
84.38
89.99
89.64
97.06
100.67
100.99
100.81
104.87
92.5
60.62
54.52
51.65
47.65
48.43
45.93
46.58
43.83
41.43
42.27
40.0
41.02
56.5
73.99
74.03
84.75
93.96
98.1
102.81
103.26
107.13
106.97
105.26
94.21
65.95
53.83
50.31
47.01
48.79
43.57
45.04
40.32
42.38
38.68
40.01
37.41
54.3
68.23
76.89
82.68
84.08
92.4
94.23
100.95
102.14
101.58
101.09
93.16
61.22
50.79
48.68
47.02
47.22
41.73
42.42
39.25
42.82
39.46
41.25
36.5
53.88
69.02
75.13
84.88
93.53
94.42
94.48
93.15
91.11
91.77
90.68
76.01
52.39
40.55
42.51
39.5
40.87
37.81
37.02
36.8
36.66
35.29
36.15
33.48
49.16
61.88
70.31
81.13
82.07
91.2
82.25
82.84
85.35
80.9
79.0
68.18
49.62
37.27
41.5
36.88
37.99
33.97
36.39
36.03
36.24
39.64
34.46
38.55
34.38
39.14
41.03
37.2
40.19
39.72
39.79
42.14
43.2
45.69
45.27
39.92
41.83
38.95
41.68
35.8
36.74
33.44
36.27
32.15
35.32
32.32
33.37
29.17
29.1
35.58
34.98
39.47
39.77
43.96
46.3
48.45
49.26
54.55
52.95
50.65
47.24
45.59
47.35
39.7
42.35
39.29
39.36
37.02
35.51
34.45
33.35
31.83
50.13
63.03
73.66
80.3
87.05
97.2
99.57
103.71
108.66
100.02
101.23
90.14
61.49
50.19
50.91
49.44
47.69
49.3
48.35
45.11
47.97
44.28
46.19
43.17
62.11
74.56
75.57
84.55
93.82
91.72
93.86
94.38
108.47
101.6
95.99
83.78
57.69
51.36
45.48
49.98
48.24
46.38
48.0
44.48
46.92
43.01
46.26
42.74
61.41
74.95
82.13
86.5
89.8
88.45
96.55
97.33
96.01
100.88
100.86
86.11
60.86
53.83
48.89
52.22
49.07
49.74
47.99
45.31
40.39
36.94
39.27
44.05
55.82
69.45
77.27
84.22
94.46
82.64
12.7
104.45
104.33
101.56
103.69
86.95
64.71
51.95
48.41
48.89
44.64
44.26
39.17
43.59
40.02
37.56
33.2
32.64
48.47
65.9
73.81
84.35
93.57
95.64
95.93
104.52
102.03
105.34
107.25
91.05
65.73
56.81
51.43
47.76
45.75
41.89
45.27
38.78
39.49
36.99
36.55
36.37
38.59
41.05
41.44
47.08
45.14
53.02
52.18
59.9
61.83
61.29
68.72
55.95
55.02
53.43
49.61
49.92
47.77
45.42
45.89
43.23
42.49
39.94
38.07
39.14
36.67
43.45
42.14
47.45
48.37
54.59
59.32
59.16
67.61
65.4
66.29
61.62
56.92
58.28
54.38
50.81
52.05
47.85
48.05
46.64
43.31
43.06
39.3
38.96
54.23
75.18
82.16
85.12
96.21
98.45
106.01
108.85
110.02
117.26
113.69
105.5
74.74
58.58
59.43
59.02
56.83
52.27
52.18
46.56
44.51
44.44
37.34
40.85
53.99
74.77
82.42
87.2
98.02
105.87
106.48
117.18
121.62
120.84
120.3
113.67
78.99
70.33
67.35
61.87
64.97
57.87
57.01
54.98
51.69
50.86
43.91
40.85
53.99
74.77
89.39
103.45
110.07
118.36
118.25
118.56
121.33
121.34
118.595
109.26
82.8
69.14
66.6
65.74
62.53
59.29
58.61
55.58
56.51
53.21
50.13
51.49
63.84
87.58
93.13
97.46
110.08
116.82
109.3125
114.925
120.975
121.7
120.3075
117.05
80.34
70.68
71.47
65.66
68.06
59.29
58.61
55.58
56.51
53.21
50.13
51.49
63.84
87.58
93.25
106.87
107.62
115.64
115.81
115.34
115.1125
120.69
118.18
109.87
77.25
60.19
61.88
56.39
51.71
50.98
48.05
48.74
47.03
43.86
43.97
43.13
45.05
47.19
48.42
56.99
65.06
73.89
77.01
78.49
81.06
78.48
82.34
75.54
69.97
69.19
62.64
62.63
60.41
56.82
58.49
56.24
54.85
53.33
49.64
50.3
51.2
57.59
60.86
61.03
65.35
67.76
69.48
77.45
76.35
82.36
80.47
74.52
70.87
67.85
67.6
60.87
63.14
58.5
59.07
58.09
54.51
53.8
51.71
49.43
67.54
82.97
90.32
95.24
101.8
113.3
109.1
114.03
119.88
119.67
115.96
104.8
75.03
64.15
62.59
62.58
57.44
55.42
56.26
50.57
54.13
48.36
45.36
40.85
53.99
74.77
89.39
103.45
110.07
118.3
114.04
121.04
120.03
117.045
119.34
107.15
80.63
67.14
65.88
65.6
57.87
56.29
54.94
50.82
54.02
52.15
50.28
48.99
61.58
86.7
93.63
98.25
112.41
116.7
118.6
116.9125
115.855
117.0475
117.3275
109.17
76.45
66.43
65.4
66.56
60.22
60.41
58.48
54.59
57.82
54.73
53.73
54.25
69.38
94.47
95.25
103.12
112.99
113.97
100.435
108.5075
112.2225
114.9
113.6075
109.54
82.44
66.89
70.25
67.38
63.69
63.1
55.82
54.32
59.97
54.47
57.85
55.21
72.54
95.24
95.76
106.15
110.5
119.42
118.88
100.8825
102.235
106.3575
119.84
112.5
81.36
69.38
72.25
67.26
68.89
65.65
62.4
63.48
59.74
59.55
59.8
56.37
61.68
64.84
67.59
65.32
69.2
74.9
77.44
80.35
82.18
79.65
85.17
74.32
74.83
72.19
68.49
67.27
61.78
63.36
60.88
58.89
61.91
55.85
59.2
56.31
58.44
67.33
65.03
69.94
71.87
76.35
83.05
80.8
85.72
86.2
87.59
78.83
76.55
73.61
71.36
74.27
68.6
67.9
63.93
62.48
63.35
58.97
59.73
58.89
76.67
101.13
99.18
104.82
109.33
111.11
120.23
119.84
109.58
109.73
106.845
115.9
78.64
69.73
70.25
69.47
69.36
59.44
65.21
61.58
61.44
63.43
57.83
60.04
81.21
95.35
99.91
101.2
106.11
110.43
111.6
119.36
117.72
112.2325
117.21
108.36
79.23
66.29
72.3
65.07
64.9
64.41
59.79
60.94
54.69
52.64
52.03
48.9
12.89
69.865
33.21
101.91
103.6
107.51
109.02
108.82
112.23
110.61
108.37
97.37
71.68
60.2
60.8
61.52
58.1
58.32
57.59
51.92
55.28
51.02
50.6
51.77
65.86
89.1
89.63
94.36
100.23
104.48
110.7
109.81
117.73
112.38
116.05
101.97
68.38
63.27
59.95
64.19
59.74
54.7
56.88
55.98
56.09
58.01
67.03
65.0
74.03
79.83
81.66
80.82
85.4
85.47
84.53
82.91
73.8
78.71
80.86
72.9
61.93
50.97
53.88
55.15
52.25
54.18
49.83
49.29
49.43
46.06
48.17
45.62
48.3
54.17
57.57
61.73
59.9
60.07
64.24
65.23
70.76
68.6
73.53
65.4
62.63
63.61
58.84
61.85
56.32
54.86
57.25
52.03
54.86
52.64
51.14
51.24
48.98
58.66
55.95
61.73
65.8
63.0
69.62
69.79
67.4
68.6
68.28
64.69
58.35
54.87
55.37
51.32
52.57
50.42
48.35
50.75
45.64
49.37
45.74
46.76
62.15
76.2
84.75
88.63
93.77
100.48
102.4
107.81
112.24
109.49
111.74
96.64
76.07
61.82
62.56
63.11
54.5
55.79
54.35
52.93
52.82
49.3
49.44
46.28
65.74
86.64
87.63
99.12
98.06
106.73
108.45
114.54
115.74
112.52
114.09
103.41
76.79
62.81
64.0
60.91
58.28
59.47
54.39
59.07
55.26
50.79
51.15
48.26
67.81
83.62
89.48
96.38
101.89
108.55
109.82
115.45
119.72
116.82
116.91
105.44
72.14
68.66
63.51
65.31
61.02
53.43
56.87
53.5
51.3
50.35
49.3
48.98
64.18
84.3
84.03
91.47
98.93
98.33
100.72
108.03
108.03
109.86
106.61
94.14
71.12
59.77
55.1
57.43
50.27
50.05
49.85
42.65
45.92
42.09
41.65
40.72
58.44
75.33
79.69
86.66
85.72
93.01
99.83
105.1
115.21
117.01
114.6
92.58
67.03
53.65
59.44
53.84
53.44
51.63
46.81
49.88
44.81
46.52
44.38
44.0
44.99
48.57
51.54
51.58
58.24
57.93
61.62
65.31
62.1
67.55
65.87
60.31
58.01
57.26
57.05
53.72
54.81
50.24
50.97
48.77
44.98
49.41
41.67
44.59
42.97
47.7
51.24
52.64
57.91
60.87
65.43
66.39
68.9
56.98
56.56
56.56
56.56
56.56
56.56
56.56
56.56
56.56
56.56
56.56
56.56
56.56
56.56
56.56
56.56
56.56
56.56
69.23
98.81
105.34
107.73
113.56
112.94
112.15
106.13
94.15
71.02
58.68
58.42
59.67
56.69
55.83
54.24
53.26
53.23
51.44
50.72
50.89
68.87
82.02
85.97
92.34
104.19
107.87
113.58
118.72
119.81
117.69
117.04
104.33
70.04
61.18
60.0
59.96
58.32
59.36
59.33
57.39
56.0
55.89
52.8
54.07
69.26
86.55
90.36
98.62
107.25
113.84
114.29
109.75
113.43
117.44
118.33
110.64
77.95
65.94
68.07
62.68
62.86
61.81
57.14
56.33
55.4
54.01
52.61
51.41
69.72
87.46
91.34
94.64
103.95
104.68
113.91
114.55
112.99
118.53
113.06
99.25
78.66
65.46
65.7
65.52
61.8
63.76
59.6
58.66
56.15
57.9
52.2
55.43
8.11
74.0675
81.095
82.72
88.15
93.7025
95.52
96.42
99.36
99.21
96.64
90.1325
72.43
60.4575
58.8275
54.8
46.73
44.8025
42.7025
42.165
43.085
41.315
40.675
40.36
43.415
46.33
48.3
51.1275
56.0
58.155
62.0725
64.3625
63.9925
63.96
62.155
56.76
51.2925
48.6125
47.2575
42.0175
38.57
37.3175
36.62
36.13
36.845
36.8875
37.4325
39.425
40.3425
44.395
46.1525
49.72
53.6575
56.795
59.5925
62.005
64.485
64.6925
65.36
61.6925
58.6925
56.9825
56.66
56.0575
55.5875
52.98
49.8225
48.105
45.0825
46.025
44.5175
45.2875
57.5175
69.7325
74.36
78.34
54.53
104.57
106.71
108.3
112.32
110.09
109.07
95.79
73.7
62.33
63.54
56.57
60.38
54.03
57.11
54.05
53.98
51.84
51.96
44.95
71.47
81.22
91.06
93.24
100.03
103.49
111.82
105.16
107.57
110.56
107.35
99.67
72.9
61.77
62.8
58.82
59.73
56.37
56.12
53.84
53.65
50.29
50.45
48.1
64.86
81.76
83.14
89.49
95.63
104.65
110.35
110.91
114.53
114.15
113.35
101.81
76.38
65.56
65.0
64.94
61.41
58.66
58.36
54.79
53.73
51.13
51.02
48.75
64.93
80.91
84.4
89.3
95.94
95.49
103.37
113.69
112.46
110.51
113.01
97.92
77.16
63.26
64.29
63.91
61.22
60.44
56.75
54.5
55.94
55.61
53.23
51.03
69.35
86.82
86.48
87.46
98.88
93.78
100.58
101.25
106.79
109.75
105.66
97.58
74.66
61.64
61.14
58.98
58.46
57.67
54.12
51.88
55.06
52.12
50.48
49.98
51.22
55.27
54.82
58.83
64.88
68.71
70.14
74.45
76.74
72.76
75.08
66.67
64.18
63.19
61.22
58.78
56.12
56.76
56.78
53.33
53.94
51.56
50.9
49.61
51.69
53.78
55.63
57.35
63.43
65.52
69.95
74.86
72.06
72.98
75.92
65.01
64.64
62.32
62.48
60.83
58.36
59.12
57.9
56.47
55.58
52.77
52.26
50.87
66.55
84.53
87.94
90.56
102.22
113.44
112.17
113.34
113.71
116.56
111.09
103.31
79.58
67.15
67.99
69.47
62.59
64.14
62.77
58.52
57.72
57.7
56.76
53.56
73.28
91.53
93.29
95.91
101.56
104.54
105.3
107.48
107.46
113.73
109.36
95.87
69.0
64.58
67.6
62.73
61.35
61.24
59.14
55.37
51.75
55.09
52.5
51.6
67.08
78.57
85.39
84.94
90.11
94.89
98.44
100.8
104.9
109.13
98.11
86.94
66.99
59.61
59.27
60.19
59.53
58.23
52.92
54.75
55.53
50.92
50.54
50.51
67.53
79.97
86.01
92.36
91.28
93.95
101.65
101.2
111.18
111.94
100.51
93.76
66.69
59.35
61.98
60.37
60.95
58.25
56.51
57.71
56.77
53.24
52.25
52.47
67.56
82.0
87.08
94.05
94.97
104.45
102.12
105.47
108.88
108.55
90.52
79.98
59.12
55.91
55.51
54.87
53.69
47.63
50.89
49.68
46.84
47.57
46.56
44.09
47.27
51.8
52.18
53.93
57.09
57.29
63.07
64.1
66.12
68.65
69.07
59.85
59.58
59.36
59.06
56.59
53.12
56.03
53.19
51.49
51.49
51.54
50.97
47.25
48.92
58.7
57.26
58.39
63.2
63.36
67.34
68.87
71.58
72.12
71.13
67.86
64.77
58.91
61.54
59.38
58.56
58.82
53.91
52.72
52.32
50.66
51.14
47.04
66.33
82.32
82.4
92.23
94.03
95.34
97.56
99.91
102.48
98.11
65.04
98.08
74.34
64.45
63.04
59.99
61.42
60.02
55.62
56.8
53.85
54.69
51.98
47.71
66.89
82.22
89.59
91.78
95.85
102.11
103.14
109.74
111.26
113.51
106.76
101.24
72.18
63.31
64.34
62.1
60.61
57.36
57.37
55.86
50.06
52.49
47.79
45.83
64.31
79.07
86.16
88.82
97.88
99.44
106.35
103.4
108.3
113.27
105.79
95.42
75.45
66.67
61.96
60.33
57.87
55.08
56.52
52.01
51.75
51.11
49.33
52.23
60.61
84.83
90.27
86.13
84.11
91.8
91.52
91.06
91.05
93.5
98.47
88.75
64.97
55.82
56.61
58.1
51.73
53.05
54.32
52.05
50.89
44.9
46.26
43.76
56.65
74.39
75.14
78.35
82.83
86.95
88.21
95.35
92.44
96.03
90.65
73.11
52.74
47.24
47.58
46.24
46.73
43.07
41.49
42.07
41.54
38.33
39.34
40.23
40.14
46.27
47.27
56.21
65.53
68.76
74.98
79.36
76.33
81.44
83.16
74.9
74.88
63.77
59.27
56.78
55.35
54.57
52.45
53.22
47.46
47.32
48.53
42.5
46.8
54.96
53.06
65.13
73.13
73.75
75.19
78.99
83.23
82.01
80.15
78.16
72.87
60.97
58.18
58.21
55.35
53.45
51.81
51.53
50.07
48.53
47.94
43.43
62.51
75.56
74.96
76.37
81.71
81.43
86.51
89.22
88.7
93.24
90.42
82.12
63.96
55.21
53.96
53.26
54.15
53.95
49.64
45.47
48.81
48.82
45.5
48.52
65.91
81.38
80.54
83.71
84.26
73.86
75.13
78.86
85.35
90.51
85.19
78.78
54.81
45.08
45.44
50.63
45.81
45.1
46.71
45.5
39.11
41.18
39.9
39.53
54.57
67.23
69.19
73.59
80.96
75.81
82.81
86.08
90.63
91.08
90.96
78.76
59.24
48.49
49.88
47.47
48.33
47.85
43.41
44.8
42.55
40.07
40.78
40.61
54.83
70.0
75.3
77.84
81.54
88.85
84.72
94.19
96.45
97.62
93.42
87.16
57.49
54.67
48.67
47.21
48.96
45.31
45.75
45.68
44.66
41.84
41.43
44.14
55.28
73.6
83.19
81.68
86.22
89.17
93.54
96.26
98.19
101.46
102.88
91.64
65.31
53.91
53.51
55.95
51.61
48.52
48.12
45.96
48.71
43.04
41.89
44.15
43.39
50.15
50.22
54.09
59.07
56.89
61.68
69.54
65.78
71.94
72.49
60.21
63.02
58.18
56.05
55.32
52.66
55.31
48.71
48.78
46.83
46.31
50.43
55.93
58.39
64.91
64.83
67.73
69.95
74.67
73.83
75.3
84.92
79.59
81.08
80.19
72.56
69.51
70.67
66.43
67.63
53.95
50.84
49.14
43.82
45.74
42.85
47.53
65.27
70.77
75.32
78.88
84.69
90.9
86.61
93.78
87.34
88.65
88.96
81.37
79.54
77.05
80.77
67.53
48.92
45.93
44.48
43.98
39.11
38.08
40.64
40.16
62.2
68.11
68.13
71.02
76.62
84.29
82.56
87.15
87.09
88.22
88.09
79.5
79.88
76.16
73.47
65.55
49.51
39.31
40.12
42.16
39.68
37.82
34.8
40.49
57.77
64.73
65.15
73.32
76.43
80.15
87.08
89.86
93.03
94.44
92.77
81.72
78.93
75.57
74.24
66.14
50.36
44.51
39.97
41.76
41.72
40.81
37.14
41.63
62.12
65.32
70.45
85.69
84.19
90.64
95.85
101.89
100.22
102.61
100.91
87.06
86.04
82.15
69.49
63.65
51.2
43.78
45.37
42.89
42.64
39.25
41.27
43.44
59.99
68.26
75.13
80.18
87.17
90.52
85.51
89.73
91.72
95.3
84.05
81.53
66.98
66.58
66.66
64.59
52.89
45.46
43.83
46.91
43.65
44.14
42.05
45.81
54.33
59.55
60.7
62.52
66.66
66.85
71.8
75.42
73.93
78.71
75.95
70.99
67.13
65.54
61.68
62.38
50.31
46.0
43.22
44.9
43.92
43.53
44.84
52.24
53.88
55.8
57.79
62.87
64.55
68.01
71.69
73.16
75.15
75.91
77.9
70.67
66.66
67.83
62.62
63.48
59.87
51.15
45.76
43.58
45.23
42.76
41.98
44.0
62.4
70.6
73.21
90.03
90.43
95.49
101.46
109.22
110.6
110.74
100.55
82.98
85.74
79.37
81.41
62.0
55.13
40.42
46.23
44.61
45.92
43.82
46.06
43.72
68.6
66.74
76.7
84.29
90.22
83.08
86.99
93.46
90.65
93.65
83.48
77.24
73.91
75.1
65.45
58.48
41.93
39.06
33.52
39.46
34.39
38.08
32.36
39.85
54.47
63.56
71.55
93.26
94.86
96.91
95.99
103.77
104.68
98.65
96.42
90.29
75.78
81.62
74.51
78.17
48.5
49.08
43.72
46.4
44.27
44.86
40.55
48.97
63.15
75.51
75.44
92.13
94.63
83.85
96.02
94.34
98.95
98.28
77.93
68.78
69.35
73.9
60.35
57.84
48.3
41.76
42.09
40.85
40.64
37.33
34.17
40.78
54.23
73.53
76.22
91.78
89.81
96.88
98.65
100.43
104.74
108.65
102.63
85.38
77.65
67.08
69.22
60.06
48.37
41.23
42.33
37.23
42.63
38.84
39.25
37.44
51.72
52.09
59.45
56.56
67.97
66.29
72.34
73.2
78.87
77.48
78.67
69.91
67.57
64.48
57.21
52.19
45.55
40.09
40.48
38.5
38.6
35.72
41.2
46.03
50.71
50.0
57.38
57.75
61.37
62.12
65.94
69.55
72.39
73.2
75.63
65.54
65.3
60.84
58.47
59.66
53.45
47.26
38.99
38.79
38.13
36.78
36.43
38.08
58.56
65.89
77.29
78.08
83.02
83.1
97.98
103.92
102.98
95.05
98.76
85.28
83.42
82.14
72.7
62.19
49.17
44.92
43.43
37.72
36.4
33.76
35.36
33.95
58.82
58.78
68.45
82.89
84.71
86.5
85.44
88.81
89.2
94.69
82.66
83.4
73.02
76.11
66.16
60.97
46.82
44.78
38.5
43.0
37.76
40.69
34.0
41.9
56.01
64.18
64.97
83.63
84.21
88.58
90.05
82.42
87.24
88.39
83.81
76.96
71.4
70.81
69.24
67.6
48.63
40.24
40.72
38.47
40.56
36.79
38.13
37.7
59.58
63.57
71.93
80.06
85.39
84.21
89.97
87.08
88.65
85.64
80.13
76.02
64.77
65.07
49.3
46.37
36.33
34.05
30.97
33.86
34.31
33.74
29.87
33.84
52.88
60.65
72.49
74.94
78.37
83.92
84.31
85.29
88.87
81.59
80.48
69.92
58.03
52.12
54.06
51.4
41.18
37.12
34.65
33.73
35.48
32.37
36.32
35.07
47.58
45.85
50.47
47.82
52.25
50.63
57.43
53.6
58.87
55.54
59.73
50.41
51.42
47.97
52.43
46.19
42.18
33.65
35.91
32.66
34.79
35.37
36.81
46.05
46.67
50.0
49.5
56.19
55.42
62.07
61.15
69.84
65.8
69.04
67.65
64.43
57.49
59.76
58.54
56.91
52.53
44.93
38.83
36.79
37.93
41.59
47.21
48.73
55.89
63.41
62.12
68.12
67.61
74.39
70.36
65.1
56.14
62.18
57.78
55.48
43.69
40.47
37.72
41.48
38.51
42.15
35.6
39.94
34.78
37.92
33.79
38.66
59.39
60.81
68.47
84.69
88.27
89.86
95.95
91.72
99.2
91.39
94.76
82.69
81.23
74.22
72.9
55.51
46.37
38.66
42.75
38.28
42.11
32.12
35.27
34.62
56.97
57.34
69.01
81.78
88.57
88.02
86.87
94.39
93.57
91.48
83.9
63.61
61.46
63.96
65.68
59.1
45.45
34.81
39.07
34.93
39.22
36.85
37.51
37.93
57.51
61.77
63.64
79.27
79.97
85.59
83.53
85.66
77.22
79.17
74.08
72.89
61.65
62.74
46.49
46.16
32.56
33.36
28.99
31.46
30.29
34.54
28.74
30.18
52.34
59.12
74.53
76.3
81.63
83.39
88.72
90.04
92.34
96.86
89.98
76.48
63.79
56.65
56.78
53.58
44.58
37.5
36.15
34.81
36.21
32.72
37.04
35.84
47.74
45.31
53.75
51.26
61.11
57.74
68.12
64.62
74.56
71.26
76.76
64.88
66.46
59.28
59.59
55.25
47.5
37.91
39.62
35.65
40.47
35.26
42.53
45.37
51.55
50.09
56.69
58.8
65.18
62.12
69.34
67.69
73.74
68.06
73.42
61.74
63.87
58.04
58.11
53.47
49.66
41.85
37.7
38.4
38.44
37.24
35.67
37.54
55.47
61.13
68.12
75.57
82.22
80.9
89.92
96.41
96.63
92.04
83.96
74.32
65.14
66.83
57.22
53.99
38.23
36.59
31.76
36.26
33.54
38.5
33.61
40.19
56.22
62.71
64.1
79.93
81.98
81.84
84.58
84.53
82.39
87.27
84.61
80.98
77.2
76.08
68.59
55.91
39.41
37.18
32.83
35.35
31.37
31.27
31.28
31.79
53.03
56.28
65.83
81.88
85.4
83.44
83.69
84.69
87.61
87.51
77.23
68.04
65.47
63.38
63.71
58.61
37.31
32.83
31.91
33.83
29.83
33.88
30.39
34.53
49.56
55.45
59.74
71.94
76.49
75.2
82.59
73.91
81.77
80.74
83.17
68.61
68.87
63.36
56.38
47.43
41.86
31.42
33.57
29.79
32.74
30.26
29.33
32.3
48.59
63.86
72.91
82.09
79.15
84.97
86.63
90.58
86.23
87.05
77.41
75.91
55.06
54.05
47.57
51.05
36.41
34.56
30.21
33.75
28.84
30.35
30.83
32.25
43.91
42.42
45.99
47.78
49.02
56.41
56.47
65.05
62.18
67.52
61.91
60.17
51.26
56.3
51.55
54.42
40.52
39.18
33.07
39.79
32.71
37.15
35.12
44.0
45.58
48.04
49.12
51.99
54.08
56.15
60.43
62.09
65.6
64.87
67.44
60.7
57.44
53.41
53.97
47.93
49.5
41.96
39.38
36.97
39.16
33.95
39.82
36.82
59.47
59.49
67.63
73.14
78.98
73.73
81.79
81.46
76.05
66.83
58.23
53.35
55.56
56.94
58.08
48.35
36.64
34.34
29.81
33.17
30.48
32.19
29.52
31.26
53.61
55.13
59.75
68.65
78.47
75.33
78.26
70.75
78.38
78.39
79.37
67.5
69.28
63.47
61.67
49.17
39.69
32.54
33.63
31.29
33.18
31.81
35.36
33.0
48.06
55.78
56.55
74.28
72.53
81.0
76.07
81.55
80.03
84.37
75.22
68.97
61.32
65.09
58.81
60.62
35.35
34.63
30.75
31.1
31.66
29.11
31.83
29.99
52.6
53.8
61.89
75.27
72.53
81.0
76.07
81.55
80.03
84.37
83.53
84.6
73.27
72.25
53.93
55.37
38.76
37.78
34.42
38.32
34.58
36.48
31.61
35.41
54.35
60.48
70.19
74.07
81.14
77.75
86.56
86.58
87.23
83.27
84.44
70.56
63.49
55.21
57.31
53.69
41.13
38.41
35.32
35.39
35.69
33.7
33.19
32.87
45.91
43.93
50.07
48.65
56.75
57.68
61.98
62.7
66.18
65.59
67.44
59.59
56.96
53.44
51.62
49.46
41.17
35.6
33.5
34.82
30.65
35.53
33.24
42.31
41.13
44.62
46.83
45.05
53.99
50.88
63.92
60.39
68.44
63.45
69.77
57.42
58.37
53.65
54.61
48.56
50.26
40.07
36.71
33.37
34.27
33.15
30.61
37.2
51.34
60.96
66.72
76.29
76.91
82.86
87.76
93.99
94.43
88.83
85.52
70.03
71.77
66.87
69.9
53.72
46.09
37.42
39.43
33.41
34.41
32.31
31.13
35.88
51.88
59.18
59.54
79.83
82.78
88.48
86.47
91.08
90.1
97.42
97.36
86.67
84.6
78.98
74.44
61.95
46.4
41.72
38.28
36.88
37.94
32.92
36.44
35.41
56.32
60.13
65.27
86.59
87.23
93.92
94.54
96.75
94.03
95.54
87.35
80.11
74.19
75.35
68.15
66.36
43.11
42.56
36.29
38.89
33.73
31.93
30.99
33.33
53.77
54.58
61.33
72.4
80.3
81.13
85.94
84.06
94.59
86.18
88.7
82.68
75.12
67.04
56.55
48.55
41.7
32.98
34.25
31.47
33.23
28.27
29.63
32.98
48.25
60.76
72.42
78.07
75.18
80.97
80.18
88.8
87.28
91.37
75.72
66.7
51.75
51.44
45.36
46.69
33.84
33.49
30.66
30.59
34.44
31.58
32.36
33.09
39.71
42.39
40.4
41.34
45.85
47.96
49.09
53.03
52.9
57.22
51.71
51.02
45.07
47.3
41.66
42.52
33.53
28.77
31.69
29.5
31.83
28.38
31.18
41.27
40.58
39.73
43.91
40.09
45.57
46.46
50.3
52.56
50.0
55.09
49.01
48.53
43.24
45.64
43.53
42.92
42.08
33.09
31.7
29.15
29.97
29.45
30.08
35.94
49.3
52.31
58.12
65.87
67.0
69.27
75.62
79.69
80.2
68.97
68.81
59.17
55.56
53.98
56.18
43.97
35.84
28.61
29.77
32.48
32.17
33.61
30.52
31.39
50.65
50.61
52.32
68.24
68.33
69.89
62.98
64.22
62.52
63.06
58.85
56.89
55.67
54.58
52.58
43.04
30.73
27.69
29.72
27.23
26.37
26.65
26.83
30.09
47.65
51.24
53.66
66.76
68.32
66.41
68.45
68.73
71.32
67.58
67.97
55.78
56.77
54.38
52.88
51.38
30.48
27.38
30.9
26.5
25.95
27.7
28.82
29.8
46.49
49.33
51.38
61.97
59.4
64.54
61.25
65.63
67.62
85.79
66.98
60.89
53.96
56.6
41.74
38.98
30.29
23.03
26.62
23.66
23.89
26.05
23.05
27.53
46.48
54.7
65.38
73.63
72.12
71.54
73.11
76.12
73.25
68.63
67.83
58.12
48.24
43.7
42.56
46.83
32.9
30.22
26.24
28.38
26.35
25.84
28.15
26.21
36.37
38.62
37.36
41.52
41.61
41.71
45.73
43.93
48.43
49.79
49.76
43.6
41.38
41.25
37.96
40.23
30.33
30.29
26.47
25.87
27.38
23.81
29.77
37.25
34.9
38.7
38.4
40.56
45.35
43.55
50.2
48.83
56.08
51.99
54.86
44.0
45.05
42.46
43.4
41.12
38.66
33.06
25.94
29.02
24.82
24.02
27.9
25.25
45.64
49.41
51.02
56.68
55.36
60.83
60.36
67.64
72.55
76.1
69.56
64.48
56.37
58.68
53.78
45.57
32.85
31.96
30.31
26.86
30.08
26.18
28.5
33.4
47.29
53.36
51.92
55.49
60.45
65.5
68.16
69.68
72.22
75.01
75.08
70.01
60.97
61.55
56.05
49.43
33.29
33.26
29.89
29.39
29.55
26.58
29.93
29.5
47.27
56.01
54.85
76.5
76.2
83.67
81.65
89.23
89.07
88.51
77.45
67.88
63.45
61.17
58.95
55.01
38.04
35.99
31.17
33.75
29.19
32.06
28.04
31.48
52.26
53.87
59.46
70.51
73.64
81.12
79.69
73.59
74.86
74.92
72.51
70.58
61.7
60.47
46.76
48.12
39.87
37.77
31.43
33.15
33.78
29.0
32.24
32.65
49.54
59.61
67.26
76.42
76.57
79.11
79.88
86.17
80.96
73.93
64.54
53.25
45.81
40.16
39.38
39.33
33.01
32.72
27.16
26.13
27.9
25.28
28.25
28.78
38.2
44.23
37.41
38.22
44.57
43.04
44.45
43.17
44.58
48.7
45.09
43.69
39.19
37.77
38.4
35.67
35.23
28.61
27.61
29.31
24.34
29.43
34.21
37.68
37.93
39.38
37.54
40.58
41.95
42.85
48.23
54.99
67.97
51.8
45.02
35.16
37.84
37.95
39.27
39.89
37.46
36.18
30.36
30.79
30.06
27.25
27.21
29.35
43.34
49.54
58.74
61.97
64.37
65.59
70.8
74.52
69.04
67.98
62.56
59.09
53.34
55.37
51.14
41.03
32.03
26.51
27.52
24.0
24.74
29.19
26.29
28.49
54.41
62.16
65.79
75.81
81.68
83.72
81.87
74.55
71.05
70.58
61.99
57.29
57.83
58.55
56.0
47.97
36.1
36.73
32.97
34.39
32.79
30.91
34.19
32.95
54.39
64.01
66.15
76.86
75.78
79.21
76.29
78.76
68.21
67.97
57.32
53.37
50.94
46.78
47.75
44.4
28.4
25.25
25.46
20.78
20.34
19.46
20.17
22.16
41.76
52.34
62.07
73.13
72.83
74.97
75.91
72.62
71.09
62.78
61.55
50.41
51.41
46.94
33.2
28.78
26.45
20.56
19.38
19.63
18.45
20.79
18.23
20.0
37.81
46.8
60.46
67.54
66.58
68.41
72.89
71.92
63.61
62.49
56.59
47.88
37.96
37.73
33.96
36.76
31.64
26.74
27.68
23.0
23.61
21.17
23.49
23.14
31.2
31.65
32.35
38.19
36.45
39.73
43.51
43.73
46.28
46.58
43.8
39.87
36.86
38.99
35.8
37.27
29.62
27.12
27.65
23.91
23.55
25.87
25.06
31.12
31.8
33.61
34.16
36.25
39.22
37.28
39.99
43.73
44.43
45.87
39.26
37.61
35.54
36.44
38.45
34.89
34.9
27.59
24.44
26.77
24.17
23.22
26.64
25.38
45.04
52.22
59.78
65.99
73.52
73.01
81.66
81.63
78.79
71.26
65.1
54.5
57.58
50.96
52.82
40.21
30.0
30.29
25.67
25.38
25.07
24.7
23.47
25.24
44.74
49.56
53.78
65.17
65.3
73.55
68.0
71.53
66.06
71.1
62.75
60.17
61.01
61.53
56.27
45.33
35.52
29.7
31.87
28.63
26.65
28.12
25.96
27.81
46.33
49.48
52.29
61.69
59.69
62.97
64.19
65.93
70.5
70.55
64.17
55.24
54.22
51.9
52.55
47.69
30.35
27.74
28.96
29.26
27.75
31.56
27.8
29.31
47.28
53.32
54.6
65.65
68.74
69.01
68.74
63.37
66.23
59.34
61.62
54.05
50.46
50.04
35.97
31.24
27.1
25.02
22.19
21.82
22.11
21.14
19.54
22.6
41.14
46.64
51.74
58.86
55.66
64.13
66.51
67.89
65.99
67.34
57.7
53.42
40.29
35.06
36.03
35.35
28.9
24.96
25.34
24.64
23.78
23.2
23.75
25.89
33.82
34.86
34.36
35.08
35.73
36.72
38.41
39.22
43.4
42.08
40.22
38.63
35.46
35.01
34.16
35.8
30.32
26.37
24.21
25.36
24.88
24.52
25.98
32.82
33.79
33.95
33.82
34.51
35.27
36.44
38.09
42.54
41.24
42.66
44.85
37.5
36.98
36.3
38.18
35.12
33.86
29.27
25.24
25.54
26.5
25.68
24.7
25.76
47.7
56.18
59.54
64.37
63.84
71.98
76.13
80.63
71.69
68.22
58.83
54.62
51.5
50.71
53.2
41.33
29.45
26.57
27.6
23.49
22.54
21.56
21.31
23.82
46.87
50.58
52.68
65.26
65.41
64.69
70.9
66.1
68.41
61.47
60.68
56.63
54.31
55.48
53.35
36.15
28.11
24.64
22.34
21.01
21.22
20.42
20.68
24.08
48.58
55.17
59.02
69.35
71.15
68.83
72.97
70.8
59.55
55.59
51.21
45.48
45.55
44.52
43.97
41.18
24.07
21.88
22.28
21.39
20.17
20.19
20.29
24.73
52.01
56.81
58.7
66.47
67.63
70.4
69.53
68.89
62.89
56.32
57.79
50.76
48.55
45.59
39.43
34.57
25.85
22.22
21.99
21.58
21.88
20.33
20.16
23.52
50.78
58.11
64.3
68.57
64.98
63.37
65.45
59.38
55.08
59.23
51.26
42.63
32.3
28.87
28.9
30.99
22.91
19.82
19.5
19.88
19.49
19.02
19.16
21.6
31.83
31.21
29.94
31.16
31.43
31.91
32.42
33.53
33.01
33.67
32.84
29.78
29.63
30.09
30.17
30.09
23.86
21.1
20.76
19.84
20.33
19.73
21.96
29.55
30.96
31.4
30.83
31.25
30.72
31.5
33.59
34.8
34.93
34.51
33.24
32.0
29.49
29.26
29.05
28.58
28.72
23.75
20.9
21.06
20.08
20.41
19.83
22.64
46.61
52.58
52.66
58.11
63.67
67.82
72.35
71.86
71.7
58.37
54.1
50.81
46.51
45.67
46.96
34.68
25.65
22.54
24.7
23.4
21.64
20.37
19.89
22.57
42.52
45.68
45.09
51.2
57.5
60.45
61.78
60.86
61.91
62.63
51.4
48.88
50.9
49.48
48.46
32.04
22.4
19.92
19.49
19.18
19.77
21.4
29.17
28.54
39.97
43.53
41.81
43.34
44.13
44.56
44.9
36.4
34.64
33.86
34.08
30.51
23.62
23.64
23.76
22.98
22.87
22.92
22.91
23.45
23.04
23.05
23.0
24.7
42.62
49.44
54.12
58.96
59.93
61.6
62.88
60.61
60.45
57.8
52.06
46.92
44.86
44.83
37.79
31.96
24.87
27.61
27.19
29.3
29.51
26.25
23.75
25.81
42.7
49.35
56.02
59.92
61.24
61.62
63.84
61.73
56.32
55.28
52.06
48.04
38.98
34.42
33.76
33.77
33.58
32.4
29.85
33.04
32.98
30.77
25.04
27.78
35.48
32.97
33.48
38.59
42.13
45.99
43.71
48.13
44.87
35.49
33.29
28.88
29.06
29.36
30.38
29.99
23.02
20.69
16.93
19.2
19.57
19.83
22.17
29.09
30.46
30.31
29.79
29.23
29.33
30.46
30.31
30.4
29.53
29.89
29.49
27.38
29.0
29.41
28.52
28.66
28.9
21.71
19.7
21.78
19.47
20.02
20.99
22.56
40.21
45.73
50.38
51.8
54.73
58.39
60.24
61.32
64.43
61.12
60.88
43.29
44.3
44.62
44.25
34.8
24.42
23.05
22.05
22.0
22.41
23.15
22.82
26.6
44.93
51.41
57.39
62.77
65.96
74.69
73.7
73.47
76.56
71.72
68.82
50.86
49.57
46.22
44.43
35.42
26.5
29.47
30.33
30.97
32.61
33.03
29.78
31.65
44.67
57.11
69.49
85.44
82.42
83.59
84.45
84.14
85.72
70.68
63.61
58.6
53.64
50.59
49.87
47.24
35.63
35.79
35.25
35.77
36.1
36.21
33.17
34.95
52.16
58.44
63.15
74.02
73.4
72.28
71.86
74.5
74.0
75.34
73.02
71.21
62.35
57.84
46.54
40.25
30.28
26.71
26.37
26.58
26.04
26.18
25.26
27.53
45.12
59.95
71.29
73.76
74.43
75.82
76.21
75.33
77.41
76.5
73.76
67.1
56.62
40.05
34.67
35.09
30.27
27.49
26.78
26.55
26.31
25.44
24.65
27.02
37.32
36.87
35.94
35.99
37.77
38.61
40.48
40.01
40.08
39.87
38.83
34.99
36.01
36.19
35.92
34.07
26.69
24.2
24.81
24.38
23.9
23.76
25.76
32.54
34.88
34.73
34.14
34.5
37.82
37.82
38.54
39.57
39.34
39.1
39.54
34.9
35.35
35.93
36.29
36.17
35.4
28.78
25.68
25.23
24.91
25.0
24.77
26.63
44.87
50.4
57.26
72.82
76.09
81.78
81.96
84.75
85.48
87.56
78.68
67.91
57.86
53.19
52.49
42.13
31.25
27.83
28.01
27.88
27.42
25.94
25.18
27.15
47.3
50.84
54.58
65.15
70.35
73.95
76.15
77.88
81.8
80.02
76.58
66.97
64.86
62.92
59.81
49.78
35.69
31.76
30.05
30.15
30.27
30.26
30.07
32.29
52.17
55.67
61.98
69.85
68.37
72.4
68.09
70.82
71.79
63.52
62.34
55.44
55.07
54.59
54.46
49.45
32.27
29.87
29.75
29.82
29.86
32.28
39.39
39.72
50.38
53.86
52.69
53.16
53.55
52.85
53.44
43.45
41.31
39.49
40.99
39.81
33.83
30.35
30.61
30.74
31.1
31.1
31.64
32.21
32.31
34.14
39.73
40.22
53.12
57.68
57.4
56.37
56.59
56.57
55.81
45.58
42.5
43.04
43.18
40.52
35.82
32.96
32.92
33.35
31.98
32.84
33.26
34.06
34.51
36.2
36.16
37.02
44.97
46.4
44.71
44.26
43.8
44.36
43.54
43.75
42.97
42.62
42.18
39.68
40.0
40.46
40.15
40.33
35.59
34.12
34.46
34.37
35.63
35.19
38.71
42.75
46.46
47.19
47.06
45.09
45.8
47.31
43.64
44.1
43.97
44.03
44.16
42.31
42.52
42.14
41.91
42.24
41.07
38.25
36.27
35.73
36.3
37.25
37.05
40.3
56.7
63.3
68.33
75.84
76.21
76.21
74.31
72.98
71.8
68.75
64.2
58.22
56.58
56.29
56.42
45.88
37.39
33.78
33.79
35.16
35.64
38.39
37.86
36.53
56.52
62.26
68.63
68.28
71.28
71.69
73.68
74.78
73.02
70.28
66.68
61.45
59.87
58.43
56.62
47.53
38.95
36.05
37.04
36.8
36.62
36.72
37.9
39.44
56.51
65.85
68.29
69.85
73.12
77.29
80.39
77.38
76.29
71.9
69.08
62.15
58.33
58.73
58.52
52.56
38.53
36.27
35.78
36.02
36.42
35.83
35.51
38.47
54.53
60.84
63.99
67.99
72.04
72.14
70.83
74.31
79.23
72.83
69.66
64.91
58.92
56.08
46.12
42.28
35.25
32.74
31.86
32.31
33.06
33.16
33.7
36.05
53.3
59.25
64.51
68.63
68.28
66.82
67.87
67.81
67.81
68.88
64.89
60.48
47.34
42.06
42.26
39.24
31.55
29.4
29.01
29.11
28.93
28.66
28.7
31.28
38.5
40.76
40.36
39.92
39.76
39.61
40.05
40.35
41.15
41.81
40.99
37.02
38.4
38.24
38.22
37.61
31.04
29.43
28.96
28.93
28.44
28.42
31.22
37.93
39.52
40.51
39.58
39.58
39.7
39.77
39.95
41.92
42.56
41.96
40.17
37.47
37.76
38.11
38.33
37.95
37.42
31.12
29.01
28.02
27.79
27.06
27.21
29.75
48.29
55.07
57.93
63.67
65.5
68.51
72.96
73.55
72.55
69.82
64.54
55.53
53.49
53.16
54.32
42.55
32.06
30.21
30.15
29.11
29.98
29.86
29.5
32.0
52.42
55.35
58.79
63.98
68.21
70.2
73.21
73.45
72.66
71.29
65.0
58.45
54.83
54.58
55.04
43.75
34.06
31.99
31.59
30.2
29.27
28.34
29.04
31.49
49.79
54.3
58.66
64.5
66.26
66.81
68.12
67.98
67.31
65.21
62.04
55.18
54.11
53.39
54.35
48.81
34.57
30.76
29.89
30.14
31.62
30.8
30.23
32.74
51.39
54.97
61.38
66.32
70.83
71.22
72.67
75.24
74.39
70.52
66.72
60.18
55.03
55.56
46.88
41.73
32.46
29.26
28.34
28.96
29.37
29.38
28.82
31.36
50.06
54.02
57.63
61.08
62.63
64.39
62.16
63.14
64.38
61.61
59.32
53.35
40.45
37.15
37.91
37.8
30.28
28.14
27.83
28.72
29.15
28.99
28.94
31.29
39.06
41.75
43.02
42.73
42.24
42.34
41.77
42.04
40.53
39.91
39.62
37.62
37.25
38.2
37.32
37.61
33.29
32.53
32.91
33.22
33.63
33.43
35.09
39.74
42.63
44.88
43.42
42.47
41.62
40.15
39.81
39.79
39.6
39.57
38.99
37.54
38.67
38.14
38.22
38.66
39.14
36.35
34.74
35.17
35.53
35.34
36.44
36.41
51.88
56.32
61.46
66.28
68.48
68.18
69.27
68.59
68.8
67.32
64.74
56.5
53.68
52.85
54.5
43.14
35.7
34.14
35.78
35.4
38.69
38.03
36.56
39.42
58.8
62.78
63.84
67.94
74.24
80.64
82.82
81.92
79.76
70.62
70.65
65.14
60.19
59.93
58.68
49.93
44.98
43.06
45.44
45.32
50.39
46.94
45.7
47.79
64.61
66.52
70.65
74.55
77.37
76.97
72.43
67.77
68.48
66.78
67.01
60.46
57.08
56.34
56.93
54.19
44.1
41.54
47.01
44.02
43.05
44.22
49.1
47.16
61.16
67.54
76.99
75.84
75.81
75.95
74.42
73.37
74.55
70.49
70.37
61.97
59.74
57.34
47.22
47.91
41.21
39.31
39.41
42.11
41.06
45.62
43.07
43.65
56.75
70.47
68.93
70.07
75.07
69.26
63.77
63.31
60.52
61.12
56.53
53.09
42.28
39.4
39.76
40.93
35.86
34.4
34.16
35.55
35.4
34.88
34.84
35.41
40.72
48.04
47.08
46.23
43.69
41.61
40.06
38.55
39.35
38.62
37.99
37.29
37.49
37.64
37.62
37.17
34.13
32.48
32.55
32.87
34.41
34.66
36.41
40.6
47.36
47.53
47.16
46.47
42.64
39.58
37.71
37.5
37.29
37.07
36.02
37.69
36.62
36.96
37.16
37.79
37.08
33.96
32.5
32.71
33.65
32.98
34.28
37.57
52.85
63.49
63.66
64.18
62.47
60.62
58.18
58.2
58.55
59.26
57.98
54.43
52.91
53.41
53.58
44.08
35.84
34.12
35.23
34.98
35.55
36.28
35.94
41.43
61.51
63.89
64.4
64.27
62.59
63.77
64.77
61.58
59.59
60.39
62.18
57.75
53.15
53.73
53.62
45.75
38.2
35.21
34.74
35.64
35.27
39.2
34.73
36.98
51.91
62.54
62.47
61.88
63.4
60.12
59.01
57.74
58.35
56.95
56.86
52.42
50.58
51.6
49.94
46.84
31.93
30.77
30.69
31.1
31.3
33.03
37.86
37.99
48.92
57.03
55.81
54.58
52.32
51.5
49.7
39.48
36.79
36.94
36.52
35.51
30.13
28.64
29.35
29.66
29.47
30.13
30.43
30.94
31.58
33.56
38.5
38.66
48.97
59.45
56.94
54.88
52.91
53.48
51.47
40.47
37.06
37.59
38.88
36.91
31.59
30.27
31.32
32.43
33.27
33.61
35.37
35.83
36.06
37.84
39.34
38.99
45.28
50.63
52.4
47.91
46.0
46.38
46.36
47.7
47.57
48.42
48.94
46.91
44.96
42.05
44.8
42.35
38.54
37.49
40.05
40.34
39.14
39.33
39.31
48.03
48.03
50.39
50.56
52.82
49.38
45.21
42.91
40.5
39.53
39.81
41.29
38.26
37.79
37.72
40.36
40.09
41.06
37.48
37.03
41.36
39.12
38.57
39.58
45.41
57.27
63.82
66.04
72.02
66.86
64.65
61.06
60.29
59.84
60.4
58.42
51.94
52.59
52.37
54.79
44.48
37.14
36.06
41.14
37.66
37.54
37.66
41.0
41.01
58.21
64.64
69.05
71.62
69.4
67.35
65.2
61.43
61.64
65.44
60.88
54.42
53.85
55.37
53.65
45.23
38.95
37.94
42.86
40.2
41.03
41.04
47.21
42.79
55.44
68.48
69.34
68.95
69.55
65.92
61.13
60.13
59.99
59.74
61.48
53.97
53.79
54.84
52.67
50.3
36.46
39.34
38.64
37.85
38.1
42.11
42.14
42.02
57.88
67.69
68.7
70.82
77.02
66.38
61.54
58.45
57.39
56.46
57.53
53.71
51.7
51.59
41.61
9.39
38.02
34.73
