129.08
132.6
133.38
131.03
101.89
115.09
140.85
140.82
127.25
192.05
267.865
271.53
268.535
261.435
253.5175
279.08
254.09
256.25
244.58
255.9925
257.615
250.2375
216.66
135.7
124.51
103.27
71.24
74.43
74.94
119.97
133.28
140.9
124.9
127.17
266.43
258.935
221.745
206.84
194.2075
266.96
246.15
251.41
276.49
213.04
233.315
237.59
212.81
139.81
120.49
120.83
132.46
135.69
135.19
135.01
139.99
136.84
117.72
110.89
93.22
81.86
78.61
70.78
72.79
72.29
69.91
72.08
98.73
107.28
106.29
113.93
116.89
120.08
133.5
124.42
127.14
131.17
132.26
132.85
133.34
132.28
116.68
110.06
95.39
82.53
71.6
72.52
66.34
61.83
63.51
70.39
79.45
86.15
89.5
90.72
94.95
99.02
104.27
108.03
108.99
116.7
176.09
206.89
205.48
253.08
239.96
225.325
210.1075
181.14
154.9325
273.79
243.89
238.59
219.56
192.88
178.45
178.25
183.65
195.55
134.03
89.63
88.14
88.45
92.62
96.99
140.24
190.8475
218.7325
209.19
191.075
272.21
225.63
196.77
168.52
166.23
169.16
161.86
158.15
149.25
139.7
137.26
135.9
133.41
104.38
86.73
81.87
79.21
83.36
85.67
119.49
281.74
205.345
254.16
219.45
230.81
203.96
161.69
149.4
141.89
146.7
133.92
119.21
105.73
115.4
108.29
103.1
108.21
105.99
89.89
86.79
85.68
84.24
83.03
98.34
154.08
160.46
125.18
126.58
128.27
120.13
117.9
120.26
109.22
107.51
106.74
104.62
103.69
120.36
125.97
134.34
134.17
113.88
91.0
91.2
84.88
87.66
92.59
127.62
276.71
173.9075
223.99
204.94
195.16
156.82
139.77
132.95
130.28
128.9
123.13
111.28
98.18
102.14
102.4
108.04
106.86
105.42
94.69
87.22
86.65
83.45
91.27
87.57
91.11
90.9
90.72
72.8
76.4
73.29
69.13
68.81
70.83
68.8
71.92
65.5
68.74
82.01
85.92
82.58
84.26
83.0
88.59
85.7
86.27
88.1
86.97
89.16
86.7
93.11
91.08
77.04
74.88
65.42
64.24
65.06
66.0
64.38
64.96
66.16
69.89
80.06
81.32
80.18
79.46
83.61
80.31
82.45
79.51
80.9
79.64
99.15
107.53
103.72
140.28
173.415
207.99
190.17
168.43
162.44
157.1
152.57
143.78
130.43
116.99
121.6
108.78
109.17
118.65
99.71
88.48
88.69
86.25
89.13
85.65
103.8
223.3
239.08
177.14
168.77
167.16
157.67
149.92
163.39
168.44
157.89
147.84
138.76
132.76
149.84
148.78
160.95
180.25
141.75
102.21
96.5
103.4
103.27
107.33
142.25
185.22
211.1825
204.7875
266.55
255.51
212.17
175.19
168.08
160.81
147.785
140.5775
132.85
129.9825
131.1
147.7775
146.7675
148.89
135.0775
122.68
118.9275
115.5275
112.395
117.9575
126.05
166.96
185.1575
183.8325
179.6525
169.72
153.2375
139.3325
135.48
135.0675
133.8025
134.3075
126.96
116.1525
116.88
126.4325
137.675
116.79
114.185
97.83
93.6725
92.53
91.5125
90.425
112.175
163.015
181.77
249.27
206.29
206.53
164.57
141.27
134.97
142.41
138.59
128.01
122.06
107.47
108.98
104.55
105.67
113.28
106.8
86.81
88.21
89.32
92.14
93.02
98.03
102.7
107.11
104.6
91.03
85.27
79.49
73.77
74.62
76.75
70.11
70.99
70.79
68.26
82.03
79.05
80.76
80.68
79.02
85.66
83.93
86.32
90.0
88.54
93.5
103.18
99.11
104.65
85.18
81.69
69.74
65.16
63.86
65.43
65.4
64.72
65.68
65.89
77.96
78.48
78.26
78.26
80.56
78.25
80.92
83.73
83.18
90.72
116.19
126.22
127.88
174.29
191.275
180.8075
226.44
167.42
160.25
137.52
122.65
121.31
110.46
102.54
114.22
112.24
118.59
126.91
113.08
91.98
87.91
88.57
90.79
93.65
120.01
177.83
205.885
251.99
219.56
211.81
180.61
162.28
158.09
157.67
160.52
159.93
168.01
129.24
130.0
134.75
119.86
112.49
104.9
89.26
85.76
86.25
84.33
89.16
97.95
193.06
216.48
163.33
151.03
170.59
156.98
153.25
143.57
154.22
155.9
145.31
130.88
118.27
132.28
126.05
123.84
119.64
112.51
92.07
92.96
92.35
93.36
92.0
124.41
235.48
256.38
210.46
213.12
200.21
193.85
157.96
161.27
163.9
153.1
148.86
141.56
126.68
145.66
147.06
147.97
148.6
121.52
100.79
94.57
91.11
99.22
103.94
131.46
185.15
200.4325
205.3125
257.61
243.1
197.3
173.04
158.84
150.38
141.29
134.99
126.89
124.77
135.77
142.98
160.64
172.07
141.8
115.35
103.52
105.05
102.78
106.08
109.09
114.5
118.42
113.51
97.57
74.96
75.65
71.35
70.07
77.06
74.87
75.17
74.79
69.92
83.2
79.21
81.8
83.59
87.48
85.91
88.68
88.63
91.93
97.56
99.5
103.45
117.24
104.37
92.29
85.13
79.15
68.42
63.5
65.53
66.47
64.95
67.07
65.67
83.24
79.69
82.43
80.89
86.93
88.96
89.31
93.35
88.35
89.24
118.08
126.36
126.5
178.43
174.53
169.0275
251.21
191.99
170.37
159.01
148.94
152.54
144.44
125.01
131.39
134.85
127.65
113.26
104.69
91.97
90.11
86.37
86.99
85.97
108.69
233.05
247.58
173.41
155.6
165.86
162.03
154.31
144.86
152.39
142.45
135.95
128.49
112.39
118.23
116.75
103.54
96.07
97.23
83.46
78.88
85.04
83.92
86.84
99.01
188.87
206.43
166.97
163.03
163.62
141.7
137.91
143.95
142.14
127.89
123.44
115.26
111.22
114.22
109.79
100.58
93.57
87.28
83.85
78.51
78.88
77.48
81.84
90.08
137.64
136.88
125.48
118.02
130.68
128.88
121.6
125.9
122.96
129.0
130.97
110.68
94.57
109.38
112.78
108.68
106.74
97.59
83.7
82.04
79.85
80.95
79.25
95.28
150.71
164.47
130.17
126.21
133.27
135.64
135.08
125.58
133.53
133.09
129.04
138.36
137.76
135.1
141.46
147.4
154.17
130.35
96.59
92.22
90.37
93.04
90.56
88.58
264.05
113.15
181.72
138.09
141.52
145.67
149.57
137.1
137.25
126.83
127.14
130.89
119.55
100.94
94.1
94.3
98.17
94.09
96.99
101.82
97.56
99.52
103.02
104.0
144.24
155.88
145.91
122.04
113.32
108.16
94.11
85.62
84.86
82.31
77.42
73.55
64.12
79.99
80.12
84.74
88.43
87.49
94.08
96.05
100.87
95.65
105.49
129.91
146.73
135.0
191.58
199.34
185.975
247.11
198.73
169.75
159.04
150.86
150.11
136.54
122.28
129.86
135.35
114.46
106.78
97.7
85.7
88.2
86.42
86.5
89.72
102.94
244.57
188.0225
210.69
199.39
190.96
163.75
145.94
142.45
151.47
147.6
144.9
124.95
113.66
118.43
118.08
110.6
108.63
102.61
93.17
88.86
89.32
85.76
89.64
101.19
210.56
272.29
228.87
227.75
208.74
175.02
150.28
145.75
145.08
141.45
127.19
122.69
110.57
115.74
118.74
105.39
97.51
86.51
100.51
93.61
92.85
93.72
93.95
103.53
178.96
210.72
185.97
189.43
173.24
146.13
140.57
139.69
142.78
140.56
132.81
121.06
113.23
123.66
118.01
108.84
96.62
94.69
85.53
81.28
83.84
81.84
88.15
100.43
150.81
172.69
156.69
164.1
155.63
146.14
134.85
124.39
113.83
119.89
113.88
107.27
102.9
103.04
102.69
96.02
97.06
89.41
84.33
81.09
83.7
85.6
87.05
85.33
129.63
156.22
149.59
133.56
107.43
89.85
90.24
88.57
80.6
86.33
88.5
82.92
78.08
78.58
82.98
80.51
80.93
78.49
82.01
84.75
84.04
88.44
90.06
91.38
97.16
96.28
93.44
82.31
76.0
66.53
63.56
67.72
67.22
69.48
71.57
71.28
70.42
81.65
80.93
81.46
83.49
79.41
81.79
73.99
82.88
84.68
85.85
102.36
109.82
113.34
137.97
246.14
187.5
141.13
140.47
137.01
127.31
125.94
124.43
120.7
112.8
120.97
122.42
102.23
99.6
94.01
87.24
88.49
87.86
87.77
86.75
99.34
149.28
158.6
163.44
156.8
144.5
139.29
133.16
131.46
135.31
136.05
128.47
122.88
108.42
118.82
121.25
103.25
96.57
91.06
83.25
83.83
80.87
83.38
86.57
100.88
138.58
164.21
160.68
156.39
153.21
137.31
138.71
137.21
130.53
121.4
116.73
122.71
112.14
112.53
121.94
109.65
102.49
90.69
83.4
86.88
82.53
80.98
82.46
91.63
111.86
119.97
120.4
117.94
122.63
126.73
123.33
126.0
132.14
138.22
127.38
117.95
105.88
115.92
112.95
115.0
107.88
91.54
87.24
86.41
84.64
84.74
86.5
93.5
136.78
151.31
138.44
129.59
124.69
122.92
125.01
107.75
105.55
114.12
108.16
102.6
95.88
104.35
114.85
101.66
97.39
90.26
86.19
84.25
80.3
82.1
82.01
84.17
84.59
86.41
81.54
70.31
68.23
68.87
69.27
72.72
72.71
72.85
70.95
71.74
69.42
78.41
82.26
81.36
84.11
80.32
80.16
80.73
77.1
81.14
74.48
76.38
77.53
77.66
72.65
61.2
58.85
61.69
62.06
66.24
65.67
66.52
66.15
64.59
64.18
72.03
81.43
80.14
79.3
80.63
81.0
78.75
81.52
84.25
84.81
100.02
103.9
110.88
116.33
170.39
146.8
136.88
128.51
119.09
126.9
126.19
125.47
117.55
112.39
123.01
122.06
114.19
100.8
90.26
89.01
87.24
84.98
89.55
89.41
96.44
133.84
157.74
147.29
153.05
141.12
142.37
136.34
130.16
128.01
120.35
130.16
125.24
107.66
116.65
114.62
103.35
102.94
91.82
84.67
84.6
85.25
91.83
92.2
109.76
201.3
238.64
201.66
195.04
170.72
152.0
149.54
142.58
142.25
140.27
123.55
120.33
112.23
114.42
105.27
104.57
96.78
91.49
88.04
88.06
90.94
92.91
95.91
105.1
168.59
192.96
174.34
171.4
160.5
144.08
133.84
141.88
145.66
136.38
136.27
129.77
118.91
120.43
120.26
109.17
98.43
97.54
89.43
89.81
88.01
91.54
94.01
108.19
193.06
220.88
185.39
172.88
141.86
134.13
124.99
127.68
125.2
112.57
107.69
108.56
104.28
124.84
119.63
111.34
100.0
95.57
92.57
86.72
87.55
88.06
87.28
87.46
91.76
98.74
93.34
82.9
69.04
71.08
73.0
78.81
80.02
82.11
79.27
77.18
79.51
81.61
93.59
90.7
92.96
91.59
89.02
86.51
81.42
82.74
82.2
82.68
81.78
86.84
80.67
67.57
64.71
67.03
66.98
68.33
65.41
67.3
69.77
70.02
66.35
78.93
84.98
82.85
86.95
85.82
86.4
83.31
84.95
86.8
82.51
100.34
103.66
99.6
106.36
164.59
140.05
144.85
132.14
125.08
129.58
128.69
113.26
111.56
108.53
118.03
120.09
116.26
111.71
103.53
94.1
90.62
94.97
92.57
97.21
113.29
176.82
206.5
190.6
201.73
182.52
165.57
143.99
144.7
142.46
136.44
126.16
126.46
118.79
126.63
126.05
139.51
151.58
150.62
121.0
115.36
120.28
123.9
121.94
150.1
164.4675
191.315
180.9675
279.8
232.76
200.41
166.3
154.31
158.1
149.2
143.95
138.48
118.93
117.88
124.1
120.19
130.85
124.38
108.12
104.28
106.95
108.31
109.56
134.51
279.66
163.57
248.23
220.59
188.63
166.93
154.11
143.94
149.52
144.02
133.62
127.58
113.19
115.67
121.64
109.12
101.77
100.26
94.16
94.42
94.04
101.09
103.94
127.5
244.65
183.2675
238.6
205.15
164.62
133.35
129.04
123.82
113.05
112.75
105.86
103.04
97.12
95.47
99.75
92.18
95.97
92.73
88.78
80.45
80.9
83.57
78.0
81.38
80.08
85.57
70.55
67.48
65.25
69.6
69.68
70.39
72.63
67.76
73.13
69.4
66.07
67.32
81.52
76.85
81.25
80.39
82.59
82.96
79.95
78.2
85.74
79.38
83.48
88.55
71.73
65.01
64.56
63.94
62.55
68.72
63.78
68.75
66.33
66.98
67.03
76.73
79.24
81.86
82.08
77.95
82.79
78.34
82.68
74.85
77.22
91.3
92.8
93.18
86.06
130.46
123.52
128.68
145.14
145.44
170.79
164.93
182.19
177.32
166.89
176.36
192.2
204.24
213.96
163.07
122.96
108.17
112.65
117.12
116.77
149.1
155.04
175.225
179.755
251.09
220.4
198.42
165.53
157.93
154.34
152.08
154.51
153.86
147.95
143.93
160.26
162.87
185.36
149.72
116.1
114.17
116.59
116.59
118.49
149.61
163.7275
184.2925
174.5725
273.56
230.78
205.46
176.66
166.08
165.03
155.62
150.06
156.96
137.77
129.29
134.37
135.47
158.63
151.91
116.77
109.75
107.29
115.21
114.33
142.13
163.2625
178.04
270.11
235.12
200.93
175.56
175.9
168.76
152.93
150.52
144.11
138.54
112.79
116.22
122.46
130.66
129.5
116.81
97.91
105.37
103.95
104.0
109.74
123.89
213.98
268.06
212.26
191.73
168.21
161.93
159.49
152.98
148.2
137.71
113.82
106.92
102.58
112.39
111.56
99.4
95.43
99.49
91.8
84.88
87.96
86.87
92.24
86.77
94.2
94.02
78.25
75.71
68.68
73.68
77.14
78.48
75.3
75.37
77.11
72.3
77.58
78.89
94.48
87.73
86.26
90.91
88.85
90.54
85.65
83.65
85.45
82.67
89.41
91.94
73.12
68.92
68.65
72.57
72.35
72.54
75.91
72.41
77.37
71.57
73.69
78.54
88.44
91.82
90.35
90.11
88.44
89.72
81.03
86.42
90.39
94.91
106.93
107.12
108.3
152.2
123.56
115.99
121.1
116.75
116.99
103.27
104.98
100.41
100.47
99.04
104.17
101.36
109.7
106.28
89.41
90.24
95.55
97.22
99.45
108.69
135.64
154.24
142.08
137.6
137.24
127.24
109.75
117.45
119.85
115.87
103.3
97.42
89.3
92.89
106.47
105.71
100.05
92.35
89.65
85.99
90.79
91.96
93.58
100.19
139.18
157.74
135.1
127.71
110.37
100.61
98.38
102.29
103.71
114.7
109.75
108.8
102.53
87.6
98.34
103.57
100.79
94.36
89.45
86.84
82.81
87.71
86.94
88.18
91.42
89.7
72.75
86.99
88.42
95.44
92.26
104.12
101.71
105.71
102.46
100.26
94.69
91.21
105.63
106.53
113.31
101.81
92.61
88.32
86.89
86.09
85.92
87.43
95.71
102.7
95.05
101.05
102.9
105.47
102.29
104.98
103.44
101.34
117.01
118.4
106.3
105.61
111.57
115.74
108.95
98.98
91.52
87.54
88.87
87.93
83.92
88.85
95.8
106.19
105.97
95.69
92.85
100.39
102.15
106.85
91.73
94.18
81.68
80.13
81.06
81.3
92.02
94.34
90.64
89.88
89.72
90.89
86.19
85.01
85.19
80.27
83.45
87.19
65.36
70.22
67.57
70.23
70.98
71.74
76.77
74.82
76.44
75.71
74.57
79.69
83.82
87.72
90.98
88.69
85.12
85.26
84.17
83.72
83.51
85.72
87.63
86.8
69.8
92.46
113.92
124.58
129.87
128.1
138.97
131.98
133.87
127.05
120.13
123.09
136.64
113.97
111.4
108.69
94.36
91.24
92.45
89.54
92.3
93.78
96.42
103.82
89.15
104.81
124.02
159.41
127.3975
127.735
145.4
135.69
131.61
132.87
122.05
122.5
134.73
124.04
127.85
114.52
91.47
93.28
91.1
92.82
85.54
87.22
94.1
95.43
88.71
101.17
119.81
127.11
130.27
128.96
128.42
129.01
125.09
117.98
112.51
105.36
117.34
110.91
98.09
95.66
96.86
91.75
88.34
93.27
93.11
89.94
105.96
109.02
103.68
126.7
131.58
141.08
135.87
133.46
134.71
131.36
135.07
122.15
113.98
115.03
126.94
120.3
110.13
105.02
109.28
103.9
98.22
97.66
95.81
100.97
113.41
129.08
106.88
125.41
139.12
133.39
120.26
112.39
114.0
114.33
115.95
111.36
107.28
95.41
112.47
122.34
125.33
107.7
92.03
91.93
88.15
85.61
84.53
87.47
88.71
92.56
84.58
77.64
75.6
85.25
82.75
81.61
80.71
84.35
89.3
87.37
76.8
72.13
82.06
85.52
82.83
79.68
84.64
79.84
77.41
78.66
76.04
81.05
80.17
80.39
63.67
63.72
64.76
63.59
70.07
66.92
68.69
67.59
71.08
69.82
70.13
73.12
88.25
84.09
82.19
84.16
81.8
83.35
80.16
78.5
78.64
80.05
85.52
83.75
72.39
92.95
110.74
113.14
118.2
125.71
123.49
123.11
121.21
125.27
116.16
114.44
125.77
113.2
104.74
99.11
89.82
87.01
86.45
87.14
85.64
93.16
103.65
106.66
102.83
111.48
117.42
122.27
122.36
129.51
135.75
131.05
131.73
126.22
115.74
118.43
129.23
113.27
101.11
90.7
87.67
86.71
86.29
86.33
82.03
85.76
97.94
96.48
87.34
96.85
108.43
138.84
143.95
142.8
148.46
147.8
140.06
147.9
143.31
138.59
128.5
134.6
124.58
114.74
103.44
99.62
98.85
105.23
100.81
102.69
110.05
117.52
128.58
136.32
137.59
142.42
135.16
134.4
140.44
134.33
138.5
138.3
131.4
117.26
128.12
125.21
123.53
111.52
92.9
90.53
87.61
91.8
96.19
98.33
106.24
100.41
93.14
112.62
122.35
134.25
143.04
142.28
147.19
135.83
118.97
118.57
113.63
105.74
109.35
104.99
106.21
99.15
90.44
80.29
82.31
82.5
81.09
77.45
78.24
75.21
60.13
62.32
64.24
65.27
73.35
80.2
78.96
83.35
82.49
85.87
78.06
75.36
92.81
93.56
87.94
89.34
89.36
83.54
86.15
83.3
85.76
83.33
84.63
76.71
67.78
65.08
67.53
72.79
73.49
76.1
77.71
81.54
74.67
76.91
75.26
78.34
96.09
92.33
91.19
86.64
88.5
88.82
82.87
81.4
84.18
85.7
86.08
93.73
90.26
94.79
113.55
125.53
130.77
128.54
136.32
143.81
139.38
136.12
126.21
123.47
135.79
120.05
112.33
103.28
89.06
87.08
84.98
88.55
90.03
86.09
91.8
95.06
102.87
117.94
126.72
127.44
136.68
136.83
138.7
138.48
136.45
130.18
124.55
122.31
139.79
118.08
123.01
111.07
96.34
90.55
91.91
89.81
87.75
96.1
95.13
104.31
104.75
113.31
121.03
131.71
135.82
138.0
134.47
138.82
126.24
128.01
124.59
118.24
126.73
116.99
112.49
102.33
93.97
94.54
89.11
93.66
92.66
89.2
96.27
103.19
98.66
119.34
123.42
134.14
137.82
134.3
139.15
137.23
141.85
134.27
120.72
117.6
125.4
119.05
116.4
98.48
88.91
89.27
87.28
88.63
90.17
88.06
99.91
121.2
117.81
122.85
132.15
136.41
130.56
126.16
126.06
125.6
121.42
116.47
110.21
105.97
116.47
127.18
122.96
92.11
88.66
84.03
80.16
83.59
77.54
82.45
81.86
74.91
63.43
65.56
64.78
73.36
74.56
76.32
80.24
78.99
78.31
75.44
75.84
66.27
81.95
84.67
78.84
79.45
80.68
74.93
75.32
76.85
73.56
74.53
74.66
65.41
57.05
55.83
59.31
62.7
57.69
61.45
64.84
61.34
64.99
68.41
66.99
66.26
83.45
81.85
83.99
81.92
79.29
75.11
75.05
73.92
73.66
74.82
81.21
78.63
75.6
88.85
109.21
119.01
124.02
123.69
129.83
136.83
127.92
126.48
113.78
114.41
131.71
125.64
122.08
97.51
87.14
83.69
86.54
86.47
83.14
89.97
96.88
115.52
126.41
128.46
143.36
146.71
140.51
137.08
146.24
135.93
130.0
128.69
115.63
112.94
130.28
121.41
116.26
98.46
85.48
81.92
84.81
80.28
81.45
83.96
92.2
114.15
123.07
124.72
133.26
141.91
136.76
135.41
133.83
133.04
131.89
127.59
123.39
117.44
137.62
124.79
121.24
105.27
94.53
87.1
88.31
86.32
87.79
106.04
110.57
198.7
238.49
172.44
169.18
175.21
156.54
150.87
146.77
144.18
136.85
138.65
133.05
120.21
130.01
135.68
132.11
105.46
98.32
90.04
90.47
88.62
85.96
97.86
110.34
192.44
219.22
155.61
162.59
148.42
132.53
125.32
124.95
118.78
116.02
106.39
109.76
92.27
110.41
117.49
117.35
97.81
89.65
88.31
86.39
84.31
83.21
82.77
78.69
85.73
86.99
81.4
75.36
84.51
84.48
81.68
77.85
83.66
78.52
85.66
78.46
72.22
84.36
89.61
85.74
85.28
87.24
83.56
84.79
82.57
79.56
80.73
80.74
69.12
64.2
64.61
65.03
66.01
70.85
67.19
68.76
70.8
68.64
71.35
68.29
66.91
86.46
86.28
87.66
83.9
82.32
85.0
79.13
83.91
79.6
84.09
89.61
87.81
85.46
93.69
114.88
122.63
123.17
127.38
133.0
135.3
127.1
130.7
127.06
121.73
131.16
113.39
108.89
99.6
87.44
87.83
88.75
82.46
84.19
83.41
88.36
79.69
83.37
102.71
116.77
129.25
128.56
135.31
132.47
139.27
134.49
135.38
123.13
124.39
137.9
123.94
105.99
93.97
85.47
87.34
83.33
85.67
78.45
80.29
83.14
78.85
79.63
93.6
110.8
123.18
129.78
137.4
139.66
135.56
126.87
128.36
120.44
118.86
128.19
111.19
96.35
91.7
82.98
82.84
84.46
82.1
83.65
92.35
100.44
118.88
138.6
120.78
116.0
125.77
124.84
129.27
125.38
128.14
129.24
130.25
116.71
112.61
123.46
122.57
121.62
107.87
92.76
90.06
89.07
85.71
80.12
100.68
113.59
183.35
204.09
136.12
125.55
133.27
136.16
124.7
121.34
120.41
117.11
108.5
107.29
98.67
114.98
106.99
106.91
100.37
86.25
87.44
84.3
79.24
78.53
74.21
78.27
65.61
60.05
61.66
64.61
72.88
75.82
77.81
80.62
82.87
82.99
85.95
77.69
74.96
86.17
88.59
83.85
84.43
83.84
79.63
79.96
80.5
77.92
77.87
76.88
63.33
63.12
60.4
65.98
64.58
67.2
71.69
68.45
76.0
74.45
75.09
78.38
71.62
87.2
91.35
92.35
87.25
84.89
81.59
77.47
82.49
78.71
78.58
80.49
81.41
81.88
93.68
105.97
119.27
127.46
133.53
139.26
134.28
138.01
137.15
123.83
122.06
132.73
115.3
114.35
103.25
94.69
89.45
89.09
88.58
88.58
88.64
85.86
82.25
82.22
99.86
118.14
127.17
127.16
125.99
128.57
127.82
126.43
127.6
121.28
116.97
129.58
114.55
106.57
100.24
86.31
81.96
80.77
82.06
83.01
84.45
85.0
81.03
78.17
94.53
109.55
120.6
116.87
124.89
128.63
130.79
130.41
120.57
119.64
109.44
123.87
118.26
113.0
100.63
90.43
87.5
78.0
89.22
86.25
86.91
87.84
85.36
88.37
98.63
115.75
123.01
135.09
134.77
138.54
137.03
136.67
131.68
128.17
118.56
130.55
126.65
115.86
99.81
91.55
91.3
84.35
88.52
86.0
85.45
87.45
88.85
88.73
91.11
110.42
119.46
116.83
118.34
124.1
121.47
119.48
111.87
112.17
97.09
101.92
104.28
99.82
92.69
79.94
78.05
76.08
74.18
75.98
78.11
74.62
60.36
58.69
56.29
63.81
69.5625
72.31
73.29
73.0675
73.54
73.44
73.6625
71.4975
70.365
76.855
82.945
83.1075
81.38
94.1375
103.3475
101.3725
99.04
98.225
94.915
99.1925
90.905
84.1375
76.3325
71.1475
66.4775
66.315
70.47
80.37
79.73
81.68
80.6
78.57
76.83
83.36
81.67
78.87
79.32
76.77
78.57
73.26
72.6
75.75
83.25
93.14
129.41
139.87
128.85
132.07
141.65
132.83
136.75
135.39
132.91
124.79
122.74
119.64
117.61
122.58
125.89
109.97
101.48
95.35
94.15
88.5
90.25
85.65
89.24
83.54
91.15
96.59
117.41
128.19
135.09
137.59
139.12
144.98
133.72
138.4
135.73
128.61
129.88
125.41
122.69
116.72
102.81
89.19
82.8
79.03
81.92
80.98
80.3
77.99
75.73
82.07
93.66
118.73
126.11
129.99
132.32
136.82
136.65
134.61
131.19
130.27
119.6
133.03
120.81
118.74
102.05
91.3
95.83
87.56
87.97
88.91
86.86
87.69
77.51
90.7
105.97
116.2
134.87
137.46
106.0
143.1
109.52
147.94
139.76
138.63
134.72
135.75
132.59
121.47
104.52
94.61
88.79
89.7
86.78
88.43
86.2
85.51
75.99
89.54
106.87
118.48
128.77
132.28
133.82
98.1
102.48
124.05
120.5
122.57
110.32
113.61
88.56
57.55
101.65
88.0
79.77
76.08
74.18
75.98
78.11
74.62
60.36
58.69
56.29
63.81
76.26
87.36
88.24
84.94
84.95
87.41
80.69
75.53
75.39
85.85
89.03
90.84
86.72
85.78
84.52
82.33
81.61
83.98
78.0
78.48
64.76
63.63
66.78
68.37
67.7
70.85
74.04
71.73
72.69
79.2
79.47
73.84
73.94
84.8
91.69
89.91
89.99
87.57
85.28
82.18
81.69
79.81
86.26
85.97
98.66
115.95
113.64
117.72
124.25
124.7
119.15
117.24
116.31
116.12
122.22
113.64
108.71
113.65
113.33
113.92
103.46
98.68
96.83
91.29
90.62
89.75
88.19
89.87
81.77
89.34
98.44
110.19
120.56
126.94
127.64
121.5
127.52
123.66
117.97
111.64
110.92
118.13
117.99
109.13
88.92
87.83
82.19
85.66
80.85
78.76
81.92
74.31
74.7
78.69
97.09
108.95
110.43
111.67
115.8
109.69
113.47
111.51
113.11
107.18
106.55
112.63
118.84
110.61
93.54
90.73
88.8
83.92
84.84
81.33
83.95
80.67
72.32
79.63
97.61
98.4
104.55
108.91
105.48
110.48
102.01
106.33
106.92
106.96
96.77
103.6
104.59
101.06
88.58
81.37
80.22
78.14
77.2
77.44
77.61
77.64
78.9
76.79
87.92
91.18
99.29
95.46
96.54
94.11
96.49
96.56
92.63
86.85
82.65
90.48
102.85
100.9
91.24
82.9
74.73
74.79
75.81
72.18
74.29
73.84
60.39
54.75
60.89
59.65
60.18
61.79
60.85
63.8
60.58
60.45
64.57
61.81
61.86
72.3
78.96
77.25
78.67
75.73
76.82
76.65
69.29
73.61
72.91
68.46
59.06
58.3
60.49
57.68
61.18
64.4
63.59
66.83
70.63
63.41
67.56
67.24
62.24
75.17
83.05
84.54
81.04
79.45
77.44
77.02
75.14
76.14
75.85
77.79
70.39
59.34
91.62
96.58
115.235
112.51
101.16
96.07
95.81
101.75
96.6
89.96
86.95
92.5
101.97
104.66
89.11
84.45
80.92
82.81
75.83
79.01
80.47
73.64
67.17
78.75
86.25
90.07
90.19
93.03
94.24
95.1
95.49
97.49
93.62
83.49
84.85
91.52
103.65
101.61
89.99
85.26
83.1
80.27
76.73
77.63
77.29
75.28
68.36
74.69
81.54
84.01
84.01
83.46
87.78
83.51
85.7
85.76
86.54
87.73
83.83
94.1
98.03
104.54
91.34
84.69
85.14
79.52
79.64
79.54
81.61
76.57
71.99
78.15
79.64
85.33
89.19
87.26
91.87
91.62
93.33
91.58
87.87
90.58
86.27
92.6
99.7
104.68
89.85
83.58
81.73
76.53
78.47
75.84
79.06
74.41
66.03
72.83
78.17
87.37
85.66
85.59
85.07
86.27
83.37
78.45
78.35
74.0
78.85
86.3
99.15
105.32
92.32
78.01
72.45
71.17
71.93
72.7
71.79
71.4
55.84
56.07
59.07
57.71
57.52
58.2
59.15
59.44
60.95
61.64
62.24
58.35
60.92
70.89
79.42
75.06
76.92
74.36
75.67
71.23
70.83
71.86
72.88
69.15
56.82
56.26
55.63
60.38
58.7
58.78
62.68
62.99
62.37
62.0
61.53
61.66
64.35
68.44
79.66
78.13
79.6
77.45
75.89
75.52
75.0
72.57
76.48
72.69
69.18
83.54
98.78
104.72
109.32
114.42
110.35
112.22
111.07
107.77
105.82
91.86
87.05
96.17
112.36
110.66
94.45
81.64
84.17
79.77
79.26
81.71
80.62
74.54
75.0
87.69
97.22
96.92
97.41
97.81
93.47
95.57
96.65
90.63
96.25
87.56
82.91
88.97
98.26
101.56
90.64
82.08
75.57
76.56
78.87
76.23
76.61
74.01
73.5
80.23
94.12
96.45
104.5
99.06
101.59
105.28
99.52
97.9
94.16
86.52
79.84
91.82
99.01
100.34
90.74
80.9
83.64
78.74
79.61
77.71
76.51
72.85
66.97
69.23
85.99
87.01
94.67
98.97
93.86
93.48
90.13
95.54
95.32
89.16
84.42
90.26
105.74
101.1
91.69
79.94
78.04
75.52
74.48
73.93
74.5
72.63
67.03
72.5
87.59
93.62
100.95
103.29
100.52
100.71
98.8
97.97
91.69
82.08
81.83
86.27
98.71
102.49
87.14
81.17
75.5
76.95
75.81
70.26
76.41
67.77
68.88
68.55
67.54
70.77
68.46
68.37
67.84
65.48
66.14
63.24
66.44
62.56
63.93
68.8
80.49
81.64
79.05
77.63
76.83
75.3
74.36
73.98
72.99
68.21
55.98
58.4
60.19
60.46
59.36
63.09
61.39
64.09
67.14
64.4
65.15
65.82
64.73
71.79
82.38
79.99
79.45
81.13
75.7
74.99
70.63
72.03
75.93
70.22
67.44
71.3
75.69
74.26
76.12
78.69
79.72
81.0
80.37
78.91
80.52
80.48
76.84
87.53
95.45
99.09
85.34
76.76
79.85
77.03
78.04
77.03
76.47
69.47
68.28
73.55
83.95
88.58
91.85
97.11
94.68
99.48
97.01
100.71
92.52
88.56
87.33
90.96
101.99
102.37
92.01
83.94
82.48
79.54
79.44
81.3
76.95
71.41
69.16
74.56
84.01
87.53
93.42
99.13
98.53
92.87
100.39
99.66
97.08
92.64
88.99
95.45
109.82
107.05
92.11
80.27
85.86
80.28
80.54
77.1
80.32
73.36
68.8
72.45
84.97
88.21
104.52
99.32
95.85
98.75
96.15
100.19
97.96
88.14
86.65
87.83
101.57
97.64
94.26
81.27
81.16
80.41
75.61
76.75
77.47
70.87
74.3
73.35
84.33
93.95
98.25
96.88
94.62
102.13
100.65
100.64
94.35
92.5
91.98
95.43
106.7
103.3
86.07
74.01
69.08
71.72
70.66
67.8
70.07
60.38
49.42
50.91
53.76
53.11
61.11
60.23
61.27
65.84
64.51
66.87
66.34
64.36
66.55
68.84
81.39
79.64
74.74
76.01
73.01
70.75
71.35
69.5
68.65
63.83
53.12
53.06
59.25
55.24
61.74
61.8
64.1
66.29
65.62
63.28
64.02
65.68
63.64
70.16
78.59
81.09
78.58
76.35
72.5
70.01
71.06
69.84
82.44
74.75
109.38
111.16
103.8
104.87
110.89
110.68
112.98
113.39
112.17
113.08
113.19
106.21
101.49
101.49
110.48
114.72
90.66
77.12
75.75
71.63
70.05
71.51
72.53
68.39
89.81
94.6
85.34
88.58
97.6
108.8
104.1
106.32
104.0
101.84
105.71
95.35
94.8
96.99
102.81
103.25
85.14
75.52
72.79
72.24
70.44
67.64
68.29
61.87
75.73
81.38
87.68
93.13
99.4
104.67
103.29
104.51
102.59
98.76
87.0
85.72
82.65
86.51
95.76
95.14
76.51
74.71
70.07
74.12
68.28
70.26
68.05
62.46
66.31
76.76
82.79
88.26
89.37
94.47
89.89
88.46
89.38
90.43
82.14
79.66
78.94
80.77
98.34
93.91
79.16
77.07
70.98
70.13
64.12
71.32
68.62
62.16
74.63
73.94
74.31
73.49
82.46
85.26
82.68
85.55
85.52
87.05
77.48
74.77
74.96
76.76
89.56
91.61
77.18
70.88
67.17
65.84
65.81
63.09
64.74
65.85
60.26
58.99
63.06
59.81
65.36
64.85
65.23
68.16
63.44
68.32
65.78
66.67
68.12
67.11
82.66
84.76
70.85
70.13
66.97
68.29
64.36
66.93
67.2
63.24
56.68
59.85
62.91
63.05
61.95
66.57
70.61
70.04
68.8
68.63
70.7
69.95
61.87
65.93
79.72
77.33
76.42
73.86
73.88
72.64
68.59
68.65
78.83
67.87
83.22
83.0
94.58
95.18
103.49
103.38
102.79
103.91
101.5
93.88
104.92
92.64
86.14
85.0
98.7
98.86
86.33
76.92
79.13
74.88
73.45
74.38
75.93
69.57
101.26
98.96
86.68
90.8
95.54
101.07
97.44
95.31
104.49
101.39
99.75
86.78
84.75
90.01
98.19
99.33
84.98
75.57
71.21
71.0
69.1
73.81
68.98
61.72
78.37
79.7
84.22
91.3
96.69
96.85
101.53
98.25
98.08
99.43
104.1
91.53
86.24
89.27
98.24
104.6
85.46
78.04
77.45
73.13
72.4
72.04
73.81
66.65
72.98
79.94
84.75
88.49
95.61
94.79
98.16
99.56
99.69
100.65
99.35
88.36
81.35
87.51
98.94
103.66
84.17
74.35
73.51
70.55
69.49
65.64
68.21
64.94
70.58
72.29
82.79
89.34
90.21
89.79
92.6
94.59
91.0
92.91
90.55
83.97
85.19
88.53
96.15
92.88
83.98
72.88
71.11
71.38
71.18
66.25
68.54
65.3
62.2
60.74
64.87
66.46
66.43
68.75
69.81
71.82
75.44
73.36
74.84
77.62
70.24
74.74
89.89
90.03
83.01
75.23
71.31
75.03
72.32
71.95
69.96
60.69
60.29
64.69
65.67
65.48
69.73
71.64
71.33
72.83
77.35
76.35
78.22
72.44
70.0
71.42
83.0
84.91
81.1
76.67
81.31
76.68
71.93
77.38
83.54
75.55
116.12
130.31
126.35
131.54
136.03
129.28
122.54
120.4
122.32
120.88
113.59
103.2
100.44
101.06
112.81
111.88
91.67
81.17
79.14
75.6
79.09
74.14
80.94
69.19
108.66
115.96
95.94
99.38
102.95
108.27
109.08
108.56
107.8
111.09
114.38
102.58
98.81
97.02
109.78
104.69
88.9
81.35
76.93
75.5
73.56
73.96
75.48
69.19
108.66
115.96
99.69
109.67
113.64
112.31
115.75
113.13
112.57
112.19
112.69
102.31
97.91
98.69
110.27
113.45
86.82
83.51
84.75
79.75
82.24
79.84
83.18
72.35
104.91
116.39
103.48
108.71
109.85
119.96
110.16
113.62
112.22
112.75
114.49
112.61
105.24
101.59
114.06
111.96
92.98
83.51
84.75
79.75
82.24
79.84
83.18
72.35
104.91
116.39
92.96
95.66
98.06
102.96
100.14
102.4
105.01
98.96
97.0
99.42
94.85
95.04
107.16
110.73
90.92
79.0
77.11
71.28
72.81
71.4
65.54
67.42
60.02
63.35
67.27
71.3
76.0
78.37
73.66
72.06
71.42
74.11
71.62
74.66
71.67
74.9
88.71
84.74
78.22
74.63
73.22
71.45
71.41
69.88
71.89
61.92
67.09
62.16
65.46
66.54
67.17
69.91
69.1
72.37
73.53
72.26
73.51
64.29
64.77
62.2
78.35
79.17
75.68
75.42
76.44
73.85
73.0
69.94
81.75
75.45
125.59
155.78
130.58
126.86
124.39
125.37
120.15
113.75
114.64
117.93
109.16
104.04
100.51
100.55
109.33
111.1
92.65
83.3
84.47
77.67
76.27
74.71
76.63
69.19
108.66
115.96
99.69
109.67
113.64
111.68
112.35
108.54
111.53
110.21
110.83
96.61
93.12
92.82
106.78
104.57
88.54
79.8
73.64
71.37
74.16
72.71
76.71
66.65
105.0
115.45
105.14
105.15
114.89
118.5
115.87
113.91
121.22
118.26
113.33
102.56
93.4
95.78
107.64
102.94
85.83
78.62
76.95
75.53
77.11
75.86
77.77
66.45
105.74
122.56
114.86
111.06
114.02
113.72
109.56
103.79
115.44
108.56
103.26
95.12
95.87
95.58
106.79
103.78
93.22
79.74
81.63
75.67
75.33
72.46
78.29
67.51
103.92
117.32
107.03
98.01
101.42
103.91
104.52
103.48
102.68
106.94
103.71
102.41
91.49
97.71
109.01
108.73
90.5
76.14
75.27
76.68
78.23
75.89
75.51
66.83
54.67
58.49
58.88
61.04
58.04
61.94
62.95
62.71
64.94
65.08
63.74
62.95
64.12
66.11
78.5
81.06
76.26
79.97
75.62
76.39
71.67
73.99
72.41
71.04
56.86
59.08
57.54
61.15
61.71
61.38
63.76
63.46
65.46
63.32
65.94
65.61
66.61
63.39
82.58
77.86
79.33
78.83
77.41
77.61
76.39
73.78
85.3
83.32
132.09
158.36
151.55
128.57
124.53
121.21
119.56
112.9
117.8
111.5
109.85
107.33
101.88
101.5
111.43
113.6
88.31
80.18
79.71
78.16
76.74
76.92
83.98
77.97
127.01
144.38
107.54
95.75
100.89
99.9
99.1
105.6
102.0
105.0
101.81
95.87
93.75
89.45
104.37
103.95
88.75
76.27
75.23
73.5
70.31
77.01
79.26
69.36
110.9
121.27
100.6
101.21
106.38
108.26
107.8
109.96
118.06
122.16
117.88
109.45
104.7
107.69
124.45
117.0
102.2
88.6
84.78
86.04
89.26
77.86
76.4
71.57
96.72
101.67
84.29
96.65
95.3
97.67
98.27
99.74
105.24
101.32
105.01
95.09
93.03
92.54
101.93
103.99
85.52
76.53
70.66
75.95
71.68
72.69
71.85
64.16
101.29
99.22
80.97
78.03
79.78
82.73
83.82
84.6
86.32
83.04
89.2
84.86
82.81
85.53
101.33
100.72
81.58
73.65
71.18
73.01
69.8
72.06
71.02
61.92
55.15
53.75
55.13
55.62
59.25
58.99
59.15
59.62
62.52
60.23
65.3
60.07
62.54
63.53
77.96
78.45
79.23
78.24
77.79
77.01
75.27
75.44
74.59
69.28
57.5
56.71
59.59
60.13
62.39
62.24
59.89
63.17
60.98
59.27
55.67
52.95
55.36
57.31
70.01
70.96
73.19
74.28
74.42
70.79
70.54
70.1
67.32
67.4
133.17
155.88
105.64
107.67
111.47
114.64
105.63
99.71
102.34
104.06
104.07
94.77
84.89
92.73
105.49
102.05
86.77
75.8
78.22
73.19
73.17
73.85
71.37
68.94
117.56
117.18
92.46
95.78
95.72
99.77
98.73
105.58
103.58
109.82
112.05
93.05
91.85
90.54
102.7
100.78
84.54
76.17
75.1
74.61
74.72
71.05
71.99
66.43
100.58
97.82
89.23
100.63
104.69
107.16
107.18
108.77
110.04
110.17
107.17
102.3
98.58
95.36
108.97
109.68
88.72
82.41
79.98
80.89
80.25
78.64
81.8
73.71
101.49
94.4
97.65
109.61
107.85
116.9
125.41
125.07
131.19
130.42
126.61
111.51
100.73
92.67
105.81
105.21
90.23
77.85
78.57
77.26
75.12
71.27
74.99
72.27
92.0
90.31
91.69
93.52
104.52
113.9
113.76
116.01
115.06
109.16
98.49
93.76
91.69
91.33
101.43
103.2
81.38
71.8
71.34
72.26
69.46
69.95
73.17
70.01
59.93
52.91
64.29
65.58
69.08
66.98
71.16
61.28
67.7
63.29
66.98
63.94
66.24
64.39
80.13
76.25
79.93
75.32
76.46
72.85
73.68
73.94
74.2
69.36
55.62
57.33
58.41
60.37
61.26
63.75
63.93
63.51
70.23
70.76
71.52
68.3
67.59
68.93
80.94
86.06
81.6
84.13
73.19
75.72
74.31
73.12
73.52
70.56
134.24
163.5
125.01
111.93
109.78
109.81
114.22
134.85
132.67
135.34
125.41
106.78
100.87
101.53
111.08
111.75
91.31
83.24
83.66
84.79
80.55
76.58
83.18
80.38
138.5
140.86
100.6
119.23
139.87
140.3
136.63
138.81
132.65
136.57
122.34
102.47
99.11
97.85
107.26
107.43
91.28
83.22
80.21
76.38
82.0
77.59
79.91
72.74
129.7
130.05
110.72
111.86
120.8
117.23
118.87
108.12
113.17
125.36
119.09
105.39
102.08
102.49
115.05
112.42
96.96
89.46
86.5
87.25
79.61
81.27
82.06
78.76
114.62
119.65
98.24
102.11
103.64
112.66
120.68
126.8
125.91
124.94
110.71
101.15
99.37
101.21
108.59
111.09
92.25
80.89
80.64
80.09
81.8
78.79
79.51
75.52
108.85
111.66
90.28
99.15
97.46
102.87
99.59
104.9
104.4
103.39
98.71
92.72
92.58
89.24
89.46
88.17
68.23
60.55
56.95
56.36
55.44
56.17
55.99
55.71
89.02
84.1
79.79
81.41
59.92
81.61
84.31
86.38
92.31
91.91
87.76
85.87
86.91
84.55
88.59
83.71
82.02
80.36
62.19
50.62
50.41
53.03
52.43
53.2
71.57
77.24
78.6
77.16
82.15
82.17
88.41
87.58
83.78
83.51
89.08
85.16
85.15
81.57
82.27
79.98
82.69
87.35
61.99
56.95
53.94
56.3
54.37
55.49
85.69
103.35
96.34
101.51
105.83
104.61
106.15
105.03
106.84
105.15
106.44
98.96
96.06
95.39
108.41
105.28
87.04
84.07
78.25
74.34
78.98
76.88
77.18
72.56
90.23
91.45
91.34
98.99
94.76
100.48
103.02
107.37
114.32
115.28
109.53
95.26
97.16
99.73
111.09
111.63
90.32
86.83
83.33
79.74
81.32
78.29
77.74
72.94
92.79
91.16
89.63
97.38
102.94
100.95
97.41
105.68
102.24
103.72
103.69
99.13
95.85
97.72
106.41
104.31
90.91
78.84
81.66
78.49
76.94
77.14
79.46
72.16
97.53
89.36
89.84
93.81
97.02
101.86
99.73
103.11
110.55
114.79
110.82
100.18
94.91
100.23
109.59
105.89
94.48
78.69
74.95
81.77
81.01
80.51
80.1
76.76
105.24
102.56
94.58
96.52
97.35
102.36
104.48
101.72
101.05
107.39
102.56
91.04
92.27
92.44
105.17
101.47
86.98
80.15
78.2
76.87
80.37
77.26
73.32
82.3
66.72
67.21
65.73
67.42
71.55
70.09
70.29
73.93
77.64
74.39
77.09
77.93
77.09
80.38
93.34
92.38
88.17
81.93
80.06
75.52
77.76
74.55
76.75
83.59
68.84
67.76
70.29
74.39
71.38
75.34
78.33
76.74
79.17
81.04
78.46
70.27
69.12
71.01
93.71
84.93
85.69
83.35
81.97
79.06
80.01
77.91
78.02
76.47
136.7
157.32
117.68
109.82
112.36
114.7
112.85
116.43
114.73
119.08
115.74
106.8
99.32
103.8
111.05
109.93
91.84
86.35
82.49
83.9
78.83
78.77
79.44
78.95
131.58
132.06
93.88
97.07
104.33
114.16
120.09
118.63
119.25
117.65
109.82
98.74
92.86
98.92
109.95
106.14
90.78
77.91
81.5
77.13
79.29
77.03
79.33
74.82
115.96
109.28
91.29
98.63
100.86
104.6
99.53
104.44
102.23
102.96
107.3
99.2
90.67
92.71
101.46
102.92
84.61
79.17
72.16
77.07
77.91
75.39
74.49
75.72
94.39
94.69
89.46
94.82
100.74
96.16
101.9
105.54
105.04
112.34
107.15
92.39
92.84
94.27
105.64
106.91
90.87
81.84
79.4
79.71
79.24
76.45
75.89
76.61
98.99
97.94
89.09
103.64
105.65
104.22
107.54
110.2
109.0
104.94
102.21
90.74
89.36
94.15
106.08
105.14
86.14
79.73
75.92
74.66
74.42
73.53
76.29
83.56
69.34
66.84
70.17
70.21
74.12
72.45
77.64
70.66
76.4
78.69
77.3
79.07
72.78
84.14
93.13
95.1
87.63
83.91
80.05
76.31
75.36
77.91
78.57
81.1
72.06
68.69
71.07
72.89
72.36
75.67
76.66
74.86
80.41
78.28
77.78
72.89
65.17
73.06
84.68
82.39
82.45
82.44
79.12
86.52
78.79
77.7
74.36
78.2
135.6
154.95
118.22
108.4
104.82
114.39
111.01
111.53
113.08
117.9
115.18
102.97
100.49
106.37
113.29
112.53
102.18
85.78
88.16
84.75
86.7
87.2
84.36
81.21
132.58
117.55
104.1
103.02
107.16
111.58
111.22
117.68
124.19
124.6
116.13
105.07
102.18
105.47
118.25
110.8
96.72
88.12
82.13
82.21
84.68
78.12
77.04
77.14
114.13
103.18
93.71
102.64
102.66
109.09
100.67
114.2
105.98
108.1
102.27
98.43
95.98
96.3
107.14
109.19
93.55
76.75
83.92
81.39
80.54
79.69
80.58
82.38
124.08
117.05
98.46
99.39
106.28
101.93
108.13
106.26
111.97
114.7
112.31
104.45
95.6
98.91
113.04
105.15
88.95
84.25
81.91
84.38
85.15
84.51
78.34
80.31
114.64
110.95
94.52
92.8
101.25
105.13
103.89
108.46
108.9
110.52
99.8
90.34
87.24
90.27
110.31
104.55
89.29
78.55
77.81
73.71
78.37
72.98
76.19
82.24
67.79
67.16
69.29
73.02
68.84
75.18
75.41
74.77
74.99
77.03
77.06
75.01
75.26
83.62
92.3
92.23
83.54
81.12
78.27
75.45
76.66
76.66
74.57
86.68
68.82
69.02
66.26
72.35
72.79
75.68
77.08
74.88
79.38
77.89
76.56
66.24
65.61
71.9
81.3
79.62
81.42
83.45
114.92
88.46
87.69
82.88
85.95
82.32
122.84
110.68
96.96
101.44
103.91
106.26
111.45
111.0
111.2
113.48
105.94
104.57
93.67
101.32
112.75
111.56
97.31
91.54
86.26
88.62
99.22
95.66
89.58
92.32
109.71
95.05
90.12
101.02
95.24
100.73
101.13
104.66
112.14
111.37
109.46
95.13
89.29
98.84
106.82
104.56
96.44
91.83
83.18
79.37
79.9
76.28
73.89
74.06
84.03
86.79
92.05
99.45
107.52
106.55
111.84
107.01
111.81
110.33
109.42
100.08
101.7
101.97
112.54
111.31
94.16
84.64
87.62
81.98
84.98
81.17
81.47
80.34
105.19
99.7
95.79
101.9
111.06
107.65
109.25
106.05
114.83
113.78
110.22
101.27
96.64
109.22
113.4
113.7
96.23
85.97
81.09
85.07
82.14
81.97
80.66
81.5
121.43
118.86
93.77
98.74
102.9
107.35
106.05
107.39
103.15
110.9
105.83
106.16
104.62
105.78
109.66
111.21
92.66
85.62
80.07
83.18
78.74
79.11
77.93
88.4
75.04
71.73
73.5
73.99
79.2
81.69
80.36
80.58
89.06
89.38
95.58
88.54
89.38
96.63
104.71
100.61
90.49
83.79
83.33
83.6
80.62
85.36
81.42
100.61
80.9
75.33
75.96
79.23
76.17
76.67
79.81
84.05
84.25
80.24
87.83
76.22
67.42
80.27
88.89
87.26
87.23
83.96
83.63
79.78
81.83
78.02
78.1
79.34
144.12
172.76
165.19
158.07
134.54
130.47
120.91
126.0
122.17
117.33
123.53
111.5
105.89
111.53
120.06
109.33
91.94
82.52
81.48
79.38
76.35
78.2
78.03
78.39
134.72
139.59
108.8
117.47
115.83
117.35
113.12
112.87
116.75
113.7
104.67
103.64
92.82
105.3
106.97
108.76
87.91
77.52
74.57
76.45
73.39
74.19
71.29
73.09
122.71
107.16
92.16
92.7
104.01
106.32
105.23
111.3
112.67
114.2
106.53
100.84
96.84
102.4
107.29
104.91
89.07
79.02
77.57
75.14
76.84
74.37
77.37
73.16
115.29
112.35
108.16
135.39
139.64
134.74
137.15
146.72
146.72
137.82
129.54
125.09
107.78
115.11
111.9
110.42
92.06
86.2
76.7
78.47
79.49
77.74
77.27
76.4
121.65
117.24
99.72
113.97
135.15
129.91
118.79
124.09
124.89
117.67
114.2
109.1
100.39
111.37
112.82
110.78
93.8
86.98
82.29
79.02
81.94
76.07
80.96
74.77
65.4
62.73
61.73
65.69
66.76
67.98
69.65
68.98
68.66
67.86
67.91
66.35
66.8
77.65
84.87
80.44
79.07
78.7
77.96
78.07
77.82
80.07
73.07
79.05
62.63
59.73
63.8
65.07
63.03
67.05
70.58
68.34
70.55
74.01
65.28
71.27
66.65
82.04
81.86
82.9
81.85
79.2
79.79
77.57
80.38
76.07
78.12
77.04
148.12
179.29
140.04
143.72
142.6
147.9
149.52
148.77
145.53
155.22
145.4
131.77
131.35
131.35
118.49
115.99
99.81
84.14
87.98
87.54
85.65
81.02
80.7
81.5
145.64
165.31
122.16
135.69
147.75
141.17
143.17
153.35
150.59
145.23
134.9
114.45
102.58
114.18
109.83
112.86
92.21
86.03
81.29
79.3
77.13
77.11
74.69
76.04
117.94
115.83
105.17
118.68
130.25
133.22
137.36
139.1
137.06
138.31
140.1
121.21
122.84
131.6
123.74
112.28
93.09
82.42
84.69
79.97
84.68
76.79
77.58
73.96
120.08
119.24
103.42
127.96
137.46
138.45
136.16
148.85
145.98
136.21
127.36
120.4
123.39
134.16
129.74
128.17
106.44
96.49
93.29
79.33
75.69
74.62
73.79
72.19
99.83
100.48
93.21
107.44
121.7
125.86
121.37
126.43
121.66
119.82
120.01
110.71
106.01
112.55
112.66
106.53
93.47
81.29
77.05
78.16
77.1
72.85
73.87
72.7
62.64
54.27
58.4
56.74
63.41
63.91
66.87
69.04
65.61
68.11
68.29
73.46
70.55
85.11
89.49
93.64
77.56
79.31
81.29
80.03
75.1
75.26
73.08
70.93
61.9
56.51
56.89
63.9
59.76
66.35
66.85
69.4
73.71
73.0
71.47
71.76
67.23
90.07
86.24
97.43
92.24
80.91
78.82
78.12
73.7
75.41
74.18
76.1
147.01
181.21
159.56
151.25
155.54
144.43
151.56
152.89
150.72
149.15
151.27
135.52
123.71
132.28
118.28
110.55
88.67
83.32
81.06
79.27
79.28
81.59
77.42
78.56
129.08
132.26
110.57
123.15
136.18
138.97
142.94
151.15
147.0
143.09
137.4
120.27
107.33
118.51
109.7
107.8
90.68
79.33
78.91
72.22
74.44
76.9
70.22
76.44
118.54
115.62
99.84
117.07
126.53
134.86
133.36
131.65
131.77
140.92
132.94
114.55
116.39
136.38
125.05
117.42
100.21
89.36
90.34
86.29
86.03
77.81
74.47
73.32
115.16
109.15
112.55
131.69
143.25
136.26
135.3
141.92
146.44
130.54
133.13
124.96
117.01
124.53
111.06
109.15
89.49
79.45
77.77
75.43
73.59
75.71
64.67
68.37
85.71
86.76
95.89
115.33
115.99
116.98
119.73
121.33
111.57
111.67
111.49
105.48
96.06
108.14
108.03
107.38
88.51
80.82
74.9
75.05
73.35
73.73
70.19
70.35
62.9
52.71
52.15
56.11
60.03
59.74
54.93
60.76
60.77
59.91
57.6
59.53
60.5
76.46
78.88
78.0
76.36
76.63
71.84
72.58
74.3
72.09
72.18
73.46
62.21
56.51
57.3
57.92
60.52
62.45
61.97
64.73
60.57
65.9
65.24
64.97
62.73
80.31
79.61
80.07
79.79
73.5
78.36
74.01
75.1
75.82
72.9
73.77
141.0
160.9
98.48
84.48
87.65
88.88
87.91
94.82
93.32
92.92
92.67
94.45
93.72
105.3
103.27
102.18
86.59
76.28
78.5
75.88
76.7
75.87
74.56
76.36
131.88
116.97
111.39
136.52
140.13
142.13
158.64
170.31
163.89
153.75
146.88
133.82
127.69
127.92
114.72
112.43
90.91
88.09
80.31
74.49
77.21
75.97
71.54
71.67
124.81
126.01
120.43
126.3
148.41
149.1
152.78
150.42
148.15
154.43
138.94
120.38
124.54
141.41
129.41
125.58
103.43
88.47
85.68
83.1
84.34
80.77
81.75
75.12
118.04
107.96
112.92
128.49
139.48
135.5
141.41
152.51
143.23
140.25
128.41
126.19
126.26
135.38
124.06
114.93
91.83
78.98
81.04
75.99
76.42
74.85
72.48
73.31
87.52
84.3
95.26
114.06
120.66
121.27
122.5
127.21
120.66
118.81
113.7
104.43
102.42
111.44
107.7
110.74
91.77
79.19
78.17
75.42
74.42
78.2
73.0
73.79
63.83
61.23
56.5
63.4
72.06
66.22
72.3
72.95
75.4
74.75
76.14
74.81
74.39
87.29
82.77
82.68
82.55
78.18
79.93
78.83
78.26
77.21
77.38
72.82
67.09
59.37
60.18
60.38
64.47
62.71
63.38
63.8
64.44
66.74
63.82
65.43
67.22
78.9
80.7
77.19
77.51
73.86
74.53
73.19
73.09
73.02
72.29
72.78
135.98
169.13
130.79
128.72
133.43
139.26
136.89
144.14
145.16
146.39
136.28
127.91
122.52
134.13
112.94
106.76
84.68
73.38
78.15
75.82
77.45
79.51
76.49
76.84
135.65
127.01
106.6
130.01
141.67
136.59
135.33
144.63
141.74
131.79
124.28
118.52
121.81
124.82
114.3
106.26
90.25
78.8
70.15
73.93
70.09
71.11
69.52
70.32
97.88
94.26
98.85
120.67
127.49
134.38
133.62
135.52
135.7
134.49
129.33
121.5
126.27
129.81
120.17
111.76
92.24
77.62
78.9
79.17
81.69
75.39
76.0
77.24
98.64
93.07
102.0
128.3
136.39
129.69
134.35
135.56
139.14
123.48
122.13
116.78
121.17
124.45
110.16
106.25
89.85
77.0
76.15
70.3
71.14
74.84
69.9
68.79
91.22
80.72
90.98
111.96
119.53
119.88
122.57
124.94
121.46
116.28
117.1
111.45
116.86
126.31
123.12
122.34
97.99
87.73
84.13
82.07
81.65
79.7
78.43
76.8
71.57
78.03
79.17
85.58
87.04
90.41
100.46
104.19
111.52
94.23
78.97
68.89
71.25
81.58
79.08
78.79
74.01
75.85
75.75
74.62
75.64
75.13
73.53
75.51
65.83
55.3
56.88
60.53
58.45
59.54
66.11
62.84
66.59
66.31
65.16
65.65
70.81
80.36
82.61
83.58
79.58
82.15
79.58
76.26
76.5
76.28
76.37
78.42
149.89
172.34
158.3
147.26
143.27
136.2
139.7
141.13
144.82
141.59
139.57
122.96
114.52
123.14
113.02
103.05
86.13
73.92
74.69
74.75
77.87
74.94
70.91
71.5
97.42
97.98
102.11
127.52
134.52
133.42
130.21
139.46
135.22
131.11
126.69
117.63
120.77
116.51
113.2
107.69
87.9
73.96
69.92
66.43
71.46
68.07
66.56
65.64
86.86
83.82
98.29
119.28
121.89
134.09
132.92
128.09
130.57
130.28
127.32
116.93
127.97
137.93
116.34
115.28
95.13
79.86
83.69
80.04
78.81
73.66
74.92
73.58
92.74
92.01
100.92
126.26
121.89
134.09
132.92
128.09
130.57
130.28
135.32
132.54
131.0
133.1
123.01
119.57
98.51
83.64
74.94
74.87
74.82
74.17
70.62
73.15
97.17
86.13
94.21
110.24
119.16
123.46
130.42
129.34
120.71
121.22
122.84
115.96
111.25
115.14
118.42
115.79
98.36
86.4
79.2
78.39
72.94
75.42
74.93
71.72
70.29
59.01
64.94
74.49
78.98
78.91
81.21
80.24
81.9
82.77
79.36
74.96
82.35
85.42
89.54
87.03
86.5
85.48
83.01
77.09
75.5
73.84
75.19
72.91
69.09
58.45
57.52
59.4
62.94
65.62
68.38
67.99
68.39
65.75
69.06
72.49
81.22
85.19
85.47
86.84
84.05
86.82
84.25
84.46
76.29
75.35
76.45
74.39
145.36
162.64
133.32
133.5
148.09
155.97
152.35
161.66
160.63
162.04
155.48
142.24
144.55
137.57
131.32
118.9
98.48
85.53
82.33
84.13
79.36
77.64
74.48
74.51
128.62
120.64
111.92
131.17
145.88
142.17
145.54
150.05
144.66
141.08
139.94
122.91
122.04
126.81
115.83
110.19
94.29
84.95
81.97
75.44
73.87
75.58
74.54
71.33
109.37
103.21
100.07
118.6
130.84
135.91
138.59
143.03
141.4
143.4
140.47
128.25
137.81
139.02
126.32
112.83
89.93
78.48
82.71
82.37
81.98
75.53
74.63
73.88
107.14
95.44
106.58
123.36
143.11
138.55
146.87
152.95
146.69
139.61
133.22
129.51
138.28
129.24
114.5
112.88
92.56
81.37
78.15
75.36
78.43
74.26
71.67
72.8
99.57
85.82
94.65
112.49
118.49
125.87
125.51
137.16
128.35
123.92
120.92
112.07
109.57
112.99
108.05
108.08
88.81
74.91
76.34
73.14
73.35
73.51
72.99
71.09
69.94
55.98
55.25
63.84
66.7
68.11
69.89
67.03
66.49
66.46
65.14
63.97
73.58
73.73
74.64
75.67
73.44
74.36
72.51
71.7
72.83
70.32
72.61
71.95
65.58
52.96
54.43
55.98
57.71
58.58
62.45
65.33
64.65
63.5
65.41
63.24
74.62
79.76
80.11
78.11
80.96
76.43
76.68
69.02
71.83
69.25
70.87
71.47
132.91
137.81
108.43
115.05
129.91
132.16
136.4
132.74
130.68
136.31
131.95
120.52
122.34
128.56
109.41
103.0
83.5
72.91
72.06
73.33
73.49
72.6
67.08
69.98
94.91
91.65
100.36
127.53
139.98
137.47
131.44
133.55
133.23
131.55
121.19
119.0
133.2
125.16
109.6
98.24
82.9
72.29
66.75
71.76
70.34
71.07
66.26
66.14
92.4
91.09
104.36
113.2
124.58
129.09
125.62
125.76
121.26
124.94
120.62
117.38
128.61
131.79
134.56
153.6
107.85
81.23
81.15
83.28
80.81
79.32
74.4
70.59
90.6
93.32
106.64
128.65
137.04
127.94
132.86
137.04
137.84
127.57
127.29
117.04
127.34
131.97
124.37
118.03
88.63
75.46
75.23
73.96
77.56
73.26
74.26
76.04
90.91
86.35
94.52
106.76
118.26
117.67
117.39
119.02
119.44
112.43
112.12
102.32
107.8
106.05
108.35
109.25
85.98
74.35
70.76
69.97
74.5
71.37
72.05
67.3
80.39
65.96
69.21
73.61
77.92
82.36
75.31
75.84
68.87
61.21
57.65
58.04
70.53
75.97
74.31
72.13
69.7
72.74
72.63
70.53
67.77
68.36
68.92
70.23
65.23
50.3
51.3
55.14
56.86
55.48
58.76
56.72
59.35
59.55
59.77
57.88
75.64
75.0
75.05
73.4
74.75
71.64
72.36
70.21
68.35
69.83
69.32
70.23
127.29
121.65
92.91
94.63
93.92
104.66
102.4
105.6
110.79
111.13
104.94
97.95
109.74
106.89
109.44
102.09
86.73
77.91
76.45
78.76
79.62
76.03
75.8
73.4
98.6
85.39
89.15
94.89
101.56
102.38
103.45
104.81
108.07
111.78
107.06
98.1
111.27
108.51
103.98
107.28
88.17
76.45
74.79
71.73
75.93
74.01
73.58
73.14
93.21
90.62
102.58
118.75
128.03
126.76
130.24
135.79
132.3
145.12
137.0
127.45
145.38
140.77
121.75
113.59
90.06
78.81
82.25
78.31
80.36
74.4
77.55
70.26
93.06
87.46
105.25
124.95
131.25
136.86
137.57
136.31
131.11
129.04
129.49
122.67
137.11
133.95
117.67
111.99
91.33
79.33
78.79
74.47
74.05
74.34
70.56
74.95
102.82
89.01
96.64
108.16
120.01
121.15
120.92
127.14
121.21
114.19
108.68
104.93
109.39
114.13
112.62
109.76
87.69
76.47
73.71
70.47
74.59
71.03
68.27
70.76
80.94
65.01
71.7
77.8
78.8
86.67
87.16
90.46
76.31
66.92
64.38
67.43
77.9
73.35
74.41
71.5
75.55
74.83
74.49
72.74
69.03
73.13
71.11
73.38
85.09
68.61
68.52
68.03
70.63
73.01
85.39
93.84
92.31
96.47
90.83
80.03
82.43
75.73
74.79
71.11
74.27
72.9
72.82
74.75
70.87
73.99
69.49
70.69
104.37
92.4
105.55
119.39
132.85
133.67
136.44
134.55
133.89
137.16
136.91
125.35
134.49
131.13
116.47
114.98
86.94
77.85
80.12
77.3
79.17
80.63
75.85
70.83
92.09
99.33
101.27
126.08
130.67
131.87
135.15
134.07
129.88
122.87
126.13
117.1
134.89
130.93
119.01
117.18
87.27
73.8
74.01
70.93
70.19
70.33
69.48
67.69
91.3
83.8
107.21
115.96
132.29
134.98
131.79
126.25
127.4
127.87
130.49
123.92
132.92
130.85
132.87
131.58
89.43
73.36
76.54
76.48
76.07
69.71
71.37
65.99
125.38
151.39
126.05
141.14
143.96
149.19
145.18
135.63
144.46
136.74
127.29
123.03
142.3
150.23
142.64
142.37
92.26
69.38
70.19
70.62
69.75
68.19
69.84
67.38
118.64
130.7
123.7
134.55
133.58
129.03
133.22
125.94
121.52
121.16
115.35
126.29
134.28
140.9
145.37
151.9
98.69
74.81
72.1
67.4
71.62
69.09
66.24
66.26
79.79
64.55
74.21
88.23
88.69
95.59
87.35
83.05
70.23
66.7
68.4
63.36
78.49
72.92
71.35
74.15
70.95
71.87
70.39
68.41
70.07
67.28
66.43
69.71
69.91
51.53
51.53
52.66
54.67
56.24
54.04
57.94
62.11
59.64
58.95
61.07
76.18
77.74
74.28
73.36
75.99
73.25
73.35
73.4
71.28
72.11
72.85
71.64
92.05
85.87
95.51
108.68
121.47
120.47
124.26
130.73
135.55
133.48
130.86
127.32
129.15
125.89
115.13
113.92
83.3
71.16
77.69
70.15
74.09
72.09
69.9
67.57
93.83
86.41
100.61
120.0
133.98
127.9
132.35
133.06
129.7
124.64
127.3
118.29
133.53
128.46
126.8
120.8
86.87
76.55
66.99
68.25
70.43
63.85
64.77
63.99
85.03
84.08
102.4
117.4
130.63
141.1
137.71
142.34
140.21
146.83
142.63
143.2
160.02
159.06
153.1
153.46
97.24
76.38
75.66
76.35
75.38
78.02
71.91
71.89
96.07
103.45
121.99
148.98
150.12
143.15
146.53
156.62
148.7
140.66
141.45
128.92
136.53
133.74
136.92
148.65
96.87
76.19
73.42
72.41
74.53
71.87
69.03
67.46
116.13
119.6
113.86
155.13
141.14
140.82
139.75
134.09
131.87
131.89
126.4
131.0
145.08
133.83
133.65
132.92
90.32
76.27
69.03
70.45
69.43
68.02
64.63
64.43
87.47
81.5
80.75
81.96
82.46
84.67
86.21
66.65
59.52
59.28
56.79
62.75
70.7
68.04
65.27
64.77
69.38
68.17
65.44
65.01
64.76
65.57
62.76
64.59
65.56
49.06
46.8
44.4
50.46
49.04
51.7
53.2
52.09
56.79
54.23
59.29
70.75
69.74
70.13
69.68
68.57
67.74
69.28
66.76
63.41
65.85
64.42
65.63
110.21
121.79
118.0
125.92
129.8
151.1
154.84
149.96
152.42
134.19
133.13
126.09
137.94
131.84
119.41
114.57
82.33
67.87
68.95
68.94
69.17
68.74
69.14
69.14
100.18
93.36
100.6
128.13
131.19
129.84
130.25
135.41
136.74
128.81
121.17
119.4
135.98
128.99
115.2
116.36
88.06
74.12
68.66
69.25
66.86
65.38
64.34
62.56
111.48
120.65
108.85
122.97
131.38
127.84
126.98
131.46
124.56
126.5
126.63
123.36
142.14
138.09
132.0
139.36
93.95
73.55
73.14
73.42
73.29
67.75
67.08
64.05
216.75
279.66
205.9
180.33
155.73
160.11
150.89
144.06
141.72
138.27
137.72
138.03
154.62
158.15
152.84
150.81
104.41
73.58
69.95
67.96
68.77
66.47
67.65
65.51
137.0325
130.8825
258.04
188.12
167.08
146.87
134.05
129.06
131.61
128.59
123.97
123.51
129.94
129.14
133.95
136.69
94.55
66.9
64.67
60.61
65.49
64.19
63.05
67.75
106.21
110.39
89.61
84.69
82.46
80.98
81.52
74.99
64.5
57.5
58.87
60.92
68.7
65.03
64.09
67.07
61.17
64.16
61.61
59.0
61.01
63.06
60.13
58.86
62.46
48.26
41.99
46.14
46.59
48.36
51.26
71.38
62.89
68.46
63.0
60.73
70.05
63.95
66.86
66.29
65.08
64.11
63.91
63.91
61.38
64.58
62.94
63.98
154.4
182.1
154.53
145.46
150.4
145.94
146.64
151.61
144.07
140.54
140.62
137.51
152.15
151.96
136.62
135.4
97.17
77.29
75.11
74.31
72.15
67.73
67.16
68.45
173.73
202.35
145.64
140.36
135.6
135.25
129.7
138.51
132.37
126.46
126.04
119.65
141.1
135.95
138.63
141.33
104.04
73.47
69.54
66.78
67.02
68.2
73.51
70.37
122.2025
129.145
261.72
195.48
169.39
140.8
136.31
132.03
119.43
125.65
124.05
129.36
149.74
158.19
173.02
176.31
120.03
70.87
75.17
74.95
77.06
74.47
69.58
70.31
132.225
146.0275
163.0375
259.33
194.1
165.33
167.6
167.15
158.51
155.9
144.69
143.35
149.25
162.89
183.61
196.77
124.69
77.54
72.53
67.77
63.4
67.64
65.52
66.07
264.84
136.21
141.0925
197.39
159.73
164.44
144.29
136.08
138.74
151.83
148.54
121.49
131.81
133.05
134.61
144.84
100.79
74.76
67.66
71.91
68.09
60.83
65.13
63.85
64.2
49.55
54.11
63.14
65.49
64.83
65.77
65.6
67.81
67.43
68.02
74.92
83.81
80.77
77.4
74.62
71.91
73.45
74.9
72.98
66.18
65.46
67.61
64.81
68.18
55.64
45.12
46.84
46.0
47.9
52.56
54.98
53.54
53.08
48.61
58.49
73.72
65.57
71.18
65.38
67.03
63.98
67.67
65.62
62.57
62.42
66.4
63.07
275.49
188.5075
250.72
212.37
199.44
197.19
173.44
183.8
189.17
194.53
187.01
183.58
197.47
194.35
203.3
228.45
143.58
83.39
74.33
71.51
79.13
73.74
75.47
75.6
130.32
155.6625
146.79
196.48
212.21
201.57
197.48
187.61
177.99
172.26
162.43
177.09
180.63
180.95
198.84
225.35
146.11
81.39
76.78
77.74
76.53
73.47
70.93
72.24
127.2325
133.975
148.1575
181.2825
243.45
199.05
191.41
184.81
176.59
165.95
155.96
164.59
167.46
174.49
168.99
183.96
113.91
71.79
70.38
69.3
73.93
72.67
72.65
73.09
135.0175
144.145
179.31
235.14
189.35
175.52
167.87
173.51
168.52
166.6
150.14
151.42
153.02
151.08
134.84
131.73
100.31
72.95
68.37
68.09
64.78
69.6
67.4
71.05
279.23
138.985
238.34
187.08
165.85
152.55
154.07
150.84
149.44
146.46
132.29
124.46
125.71
128.9
131.87
138.69
96.95
69.94
66.5
65.35
63.09
67.39
71.23
73.36
71.62
62.14
52.78
55.92
57.45
57.38
58.4
59.31
59.37
59.5
59.17
71.2
72.35
70.77
68.0
69.39
69.51
65.54
68.35
65.17
65.66
66.28
66.2
63.85
67.45
52.57
46.7
44.96
48.61
50.48
57.11
60.67
62.05
62.51
60.31
74.1
76.77
79.25
78.03
72.99
78.56
73.95
74.14
73.0
73.32
73.11
71.07
73.06
254.43
176.9
230.54
190.29
175.53
171.68
170.33
166.06
155.35
154.9
153.69
149.49
150.63
153.82
145.28
140.09
98.53
75.59
72.15
71.67
69.92
67.33
63.21
68.38
234.28
279.57
185.5
168.82
162.2
161.62
157.44
159.61
152.95
144.79
134.74
139.02
135.55
130.05
128.88
136.22
99.01
72.53
71.65
71.29
68.0
68.96
68.03
70.41
171.44
199.32
146.84
142.86
147.14
137.38
136.15
129.09
128.75
135.14
121.77
120.94
128.69
132.81
129.23
137.16
102.15
79.73
74.83
75.15
74.14
74.5
75.42
75.37
269.49
141.16
218.22
191.9
167.56
135.02
139.49
134.96
130.58
123.26
121.94
126.63
149.71
166.55
183.93
200.85
132.71
77.79
67.38
69.24
65.75
63.81
63.92
69.3
145.4025
138.945
154.54
266.99
206.97
198.39
173.58
169.55
167.83
156.72
154.37
171.4
189.36
208.31
216.93
237.29
150.46
83.78
71.49
65.34
67.03
68.13
69.13
69.45
69.68
60.94
50.62
44.23
49.91
54.96
58.5
59.65
57.81
57.85
59.83
67.38
70.67
69.52
72.09
77.21
75.69
74.14
74.33
71.99
71.12
67.4
69.66
64.65
68.54
58.52
50.15
47.11
46.46
43.24
49.9
54.65
56.43
57.61
53.28
60.9
76.65
75.85
81.34
80.58
83.4
80.77
75.09
72.76
74.9
69.59
74.38
71.22
152.0
251.59
279.725
255.695
236.0725
214.34
203.21
278.09
263.02
240.5
242.04
260.29
211.8725
213.05
221.545
226.195
179.78
85.24
84.01
82.22
77.54
82.16
79.57
77.19
134.245
164.005
156.62
215.7375
221.7675
278.24
246.99
224.89
208.12
213.19
211.91
207.19
239.79
239.25
256.94
177.76
176.61
96.76
82.94
78.2
74.43
73.44
76.34
72.95
141.195
143.1125
154.1375
192.905
197.6675
260.5
237.25
209.64
187.69
193.81
183.53
188.09
193.93
179.56
170.08
187.08
129.65
84.89
72.07
80.06
78.18
76.33
73.94
76.21
134.125
133.95
175.5125
267.04
207.69
196.39
178.13
186.8
195.96
184.36
172.14
175.89
194.92
170.47
169.32
172.95
122.59
85.44
70.8
68.26
77.42
75.44
75.57
76.66
144.165
140.0825
251.44
191.32
191.2
179.16
170.24
171.4
178.28
157.26
155.75
154.42
160.64
141.28
145.88
149.17
112.39
80.18
73.89
67.92
70.42
78.51
72.52
73.19
74.22
65.75
51.69
52.69
54.47
57.85
59.95
73.23
73.59
71.78
66.73
72.22
81.37
79.5
80.08
74.99
70.87
73.01
69.91
70.23
73.27
73.09
73.65
71.52
67.51
63.88
53.35
50.96
91.24
111.07
82.35
80.99
85.16
79.65
74.47
81.29
83.07
81.02
80.57
80.16
80.61
79.61
84.95
73.26
71.27
74.09
75.88
73.94
153.4925
194.05
204.4675
250.88
215.42
191.61
176.86
172.71
187.09
183.13
178.14
167.11
169.87
163.37
157.09
163.66
120.69
87.5
82.27
81.35
79.8
76.69
75.75
72.9
135.145
164.9825
217.32
197.71
197.56
189.04
176.95
162.16
171.24
162.88
157.45
136.32
120.86
119.66
119.69
134.94
111.86
81.75
70.29
73.67
77.42
74.47
69.58
74.94
280.63
145.6775
199.78
171.89
164.03
147.65
137.25
137.1
149.62
148.31
146.05
128.82
136.54
124.41
123.39
129.08
113.09
77.97
77.44
78.75
76.14
71.81
74.34
70.27
128.35
126.065
192.47
154.57
147.32
137.58
131.65
136.72
145.48
148.36
147.68
142.13
131.02
129.66
128.29
123.95
95.46
80.43
71.3
70.99
68.77
74.16
69.42
66.39
199.7
210.95
137.27
133.54
136.38
123.59
115.38
119.16
115.46
115.69
112.87
108.32
113.59
119.17
120.76
124.12
101.12
75.74
67.01
64.29
67.92
68.8
65.19
74.93
72.52
67.16
52.61
49.71
50.81
54.03
54.49
56.43
56.72
58.36
57.78
66.7
74.96
76.11
72.87
81.83
74.48
72.63
72.7
73.95
72.0
72.4
74.34
74.34
75.06
66.8
54.26
51.42
53.31
52.45
49.65
48.09
50.98
51.8
50.87
59.92
68.61
70.16
75.5
73.28
73.27
72.41
72.24
71.85
71.91
73.51
71.37
69.8
151.2425
225.2075
264.0625
279.5875
269.425
257.3825
232.8
233.8025
258.49
239.17
239.82
255.4
230.5025
227.445
245.175
257.535
160.99
81.55
74.94
75.88
69.55
67.66
74.14
70.43
132.7925
161.9225
159.4725
239.0275
258.7475
251.2975
261.28
241.91
220.19
207.04
200.76
205.11
238.4
273.13
238.58
243.2375
174.39
90.2
73.72
73.02
73.41
76.75
72.28
73.26
149.5525
144.3575
156.5425
224.3725
241.67
237.4225
250.75
233.64
220.77
214.07
201.0
208.36
229.66
256.39
232.67
237.98
175.04
90.01
79.02
80.04
75.71
83.75
79.61
78.77
120.7775
117.2025
211.1125
251.915
232.765
223.55
261.05
228.6
202.57
185.61
196.55
184.32
202.62
232.61
264.06
280.46
169.61
90.74
79.78
69.83
78.43
76.44
78.47
73.94
133.405
133.5025
140.9525
194.2075
184.83
232.81
204.28
173.92
162.85
155.23
140.25
136.48
150.36
156.46
165.01
185.01
133.55
82.91
73.6
72.12
67.45
72.52
70.52
71.11
70.82
70.22
51.34
51.64
51.53
53.04
52.72
53.98
52.01
52.76
52.29
61.84
70.66
70.08
69.75
69.34
68.18
68.44
71.91
67.38
71.08
69.96
71.48
70.44
70.04
63.62
54.14
48.38
49.71
49.66
46.18
47.62
52.37
49.66
50.53
56.67
64.19
64.54
70.25
63.24
70.37
71.66
70.56
71.93
66.57
73.07
66.89
70.38
148.9775
222.975
247.26
241.245
220.6025
256.81
214.59
208.01
183.14
175.93
180.0
178.41
196.51
223.21
244.17
246.84
156.74
83.37
74.97
69.23
69.36
67.79
68.11
68.6
131.3325
159.41
158.445
215.2475
248.35
231.49
225.0
217.74
207.8
194.31
182.95
192.22
195.38
202.79
201.73
197.21
129.23
80.47
70.24
60.98
66.32
64.93
64.33
62.12
149.675
143.04
187.84
148.32
156.74
135.94
123.0
115.69
113.41
111.84
106.01
110.68
124.65
132.69
139.51
155.0
107.89
74.2
71.51
73.51
70.68
69.09
67.84
68.31
68.63
61.98
47.38
48.77
48.92
48.0
46.91
46.24
44.48
50.24
47.12
55.62
66.16
63.94
65.73
63.46
58.71
69.96
68.73
70.86
63.53
65.26
65.38
65.56
70.63
63.05
49.23
47.9
46.76
46.0
46.32
47.54
48.81
48.08
48.09
51.94
66.56
70.3
71.49
75.83
70.03
70.47
69.02
72.11
71.01
71.26
72.06
66.97
71.48
65.9
52.16
48.89
51.51
49.89
46.2
49.31
45.54
50.19
48.61
58.69
69.11
66.64
68.16
68.45
65.84
66.42
65.5
67.85
64.02
68.16
65.03
64.7
67.84
61.31
50.65
43.16
45.34
45.22
47.39
45.05
45.69
43.42
45.95
51.1
58.92
68.37
68.43
70.46
65.68
69.1
64.55
68.22
64.18
67.17
67.4
66.64
146.3375
213.7175
263.39
267.59
247.86
238.4325
224.075
218.4925
205.8575
201.21
256.16
258.12
276.33
230.77
236.9275
249.1425
176.72
81.55
70.98
68.53
66.9
69.13
67.92
69.77
129.2325
156.1075
155.895
221.35
242.6625
260.94
231.94
204.72
200.26
204.55
186.35
183.45
215.47
257.23
215.5525
221.2075
167.63
79.77
67.04
62.73
61.17
69.87
68.0
65.1
147.11
139.98
155.6125
219.195
223.0525
276.39
241.8
211.06
174.97
175.56
173.15
178.15
190.93
213.98
248.09
256.94
144.95
78.22
68.0
66.01
66.41
68.19
69.69
66.55
110.87
107.245
192.1075
224.455
202.9675
260.93
232.07
192.97
168.43
168.65
152.58
152.63
186.51
192.88
222.25
63.3
144.76
77.52
