62.0
62.5
58.5
61.25
57.75
60.0
52.0
55.25
60.5
63.75
77.75
85.25
82.0
83.5
78.75
81.5
78.5
79.5
71.5
66.75
71.5
70.25
68.0
65.75
65.0
64.75
64.0
65.25
63.25
68.25
60.5
62.0
68.25
78.25
82.5
80.25
77.25
78.0
76.0
75.75
73.75
67.5
69.75
66.75
68.25
65.5
63.25
60.5
58.5
59.5
62.25
61.25
64.5
63.0
61.0
60.5
57.0
52.25
53.5
64.0
54.25
63.75
61.0
58.75
56.75
57.75
61.0
63.5
64.0
64.0
61.0
63.25
65.0
62.0
57.5
58.75
56.5
57.0
53.0
51.0
57.25
58.5
58.25
57.25
54.5
55.0
63.25
61.0
62.75
60.5
66.5
62.75
61.75
63.0
64.5
66.25
63.25
65.75
58.25
56.0
55.5
59.5
57.25
56.25
58.5
70.0
75.5
72.25
75.75
74.75
74.0
72.0
80.25
75.5
67.25
69.25
72.75
71.75
71.0
69.75
73.5
72.5
73.25
66.25
66.75
63.5
60.25
61.75
70.0
77.75
78.5
80.75
76.0
78.5
78.25
76.25
77.75
74.25
64.75
66.75
58.25
61.0
67.75
67.0
67.5
68.25
67.25
61.25
64.5
63.5
61.75
58.25
67.75
81.0
82.0
82.75
79.5
76.25
82.25
76.25
78.75
84.5
69.0
67.25
67.75
69.25
72.0
76.25
70.0
66.75
72.25
67.25
66.5
67.0
67.0
70.75
68.25
76.75
80.5
81.0
87.0
91.25
100.0
93.5
91.5
94.25
73.75
69.0
76.75
74.0
74.25
72.5
70.75
70.25
69.5
71.5
73.5
65.5
66.25
69.25
72.0
85.0
83.0
84.0
84.5
80.0
81.5
96.5
95.25
86.5
77.25
79.25
74.5
79.5
74.0
68.5
63.5
70.5
73.75
73.5
66.0
69.0
70.5
61.0
60.0
66.75
59.0
66.25
62.25
64.25
67.5
65.75
60.0
68.25
74.5
75.75
74.25
76.5
75.75
71.75
67.25
62.75
75.0
69.5
64.5
62.25
61.5
68.5
67.5
64.5
59.25
56.75
61.0
69.0
71.75
63.0
72.75
71.5
71.25
60.25
70.25
71.25
71.5
75.75
72.75
67.75
70.0
64.0
69.25
69.25
59.0
61.5
76.0
86.75
81.75
85.25
98.75
96.25
89.5
98.5
91.75
91.0
93.5
81.25
77.5
84.25
77.75
69.0
78.25
77.5
71.5
79.75
80.0
81.75
74.75
83.25
73.25
86.75
84.0
88.0
85.5
88.25
85.25
86.75
84.75
86.5
92.75
82.75
76.5
79.75
80.0
71.5
78.0
81.75
81.25
75.25
66.5
70.75
67.0
77.5
78.5
88.25
96.0
86.25
95.25
91.25
87.25
78.5
85.5
79.75
66.75
65.5
74.25
72.75
73.25
73.75
76.0
67.0
60.0
72.25
68.0
67.75
63.25
58.0
76.0
86.75
87.25
85.75
85.5
89.75
91.75
93.25
91.25
88.75
86.5
86.5
84.5
87.5
86.0
81.5
80.5
73.25
60.25
68.25
69.25
61.5
67.5
66.75
75.0
78.0
80.25
80.75
75.0
80.75
79.5
84.5
76.25
70.0
69.25
67.25
74.0
66.5
67.75
63.5
70.0
65.0
72.0
70.75
69.25
71.5
65.25
64.0
59.5
69.0
67.75
64.25
59.75
62.75
59.0
62.5
58.25
61.25
61.5
57.25
56.5
58.25
62.5
64.75
73.5
67.0
67.25
68.0
66.75
55.25
60.25
56.25
59.75
56.5
58.5
57.75
57.25
58.75
60.75
61.5
59.25
62.25
57.0
58.0
57.5
60.0
59.75
61.0
59.0
56.25
55.5
55.0
59.75
61.0
60.0
62.75
68.25
77.25
73.75
73.75
77.75
78.25
84.5
80.0
78.0
83.5
75.5
74.5
72.0
71.25
72.75
76.0
77.25
77.0
71.75
73.75
72.75
68.5
62.5
65.75
74.25
82.0
83.0
93.75
106.0
104.0
113.75
113.75
100.75
89.5
92.0
95.5
82.25
85.25
85.0
90.25
100.25
97.0
84.25
87.75
72.75
70.75
76.5
71.5
76.5
77.0
86.0
85.75
85.0
87.0
86.0
89.25
89.25
82.25
75.25
75.75
73.75
73.0
67.75
69.25
72.75
75.25
69.25
65.0
66.0
72.0
66.0
66.5
67.75
80.5
88.75
82.75
84.75
91.25
91.75
90.5
90.5
89.0
83.25
76.0
68.25
78.75
83.25
78.75
80.25
76.0
73.25
78.75
84.0
75.75
68.5
72.5
80.0
89.0
89.75
96.25
96.25
96.5
104.0
106.75
102.25
90.75
95.0
88.0
85.0
78.75
84.75
79.0
74.0
79.75
79.5
73.0
74.75
76.0
74.5
69.25
65.0
71.5
83.0
84.75
81.5
83.75
83.75
82.0
88.25
87.0
88.0
89.0
87.5
85.0
83.25
72.0
74.0
70.5
73.0
67.75
67.75
67.75
64.75
64.25
74.5
78.75
83.5
88.5
89.75
93.75
99.25
96.25
93.25
94.5
92.25
95.25
91.5
97.5
94.75
94.0
98.25
94.75
87.25
93.5
89.0
93.75
88.0
88.0
90.75
96.0
101.25
103.0
105.5
105.25
108.0
115.25
120.5
110.75
109.75
108.75
106.0
108.5
104.25
106.0
105.75
102.75
100.0
95.0
102.0
92.0
89.75
91.25
105.5
114.5
118.25
120.25
121.25
125.0
124.5
113.0
120.0
107.5
103.25
106.5
93.75
94.0
90.0
81.0
76.75
82.5
81.25
81.25
73.75
69.75
64.5
64.5
77.25
92.25
104.75
110.0
108.5
114.25
121.0
108.0
103.75
106.0
103.25
91.5
93.75
91.0
88.5
79.0
82.5
86.25
87.0
73.0
71.75
65.0
68.5
78.25
85.0
100.5
109.0
115.75
119.25
114.25
110.75
110.5
109.75
104.5
95.75
83.75
82.25
87.5
87.0
82.0
74.25
83.25
77.0
72.75
72.0
68.25
69.5
68.25
91.75
118.75
121.75
127.75
127.75
127.75
130.75
125.5075
120.25
107.5
102.25
92.5
87.0
93.0
95.25
94.5
92.0
95.75
89.0
87.75
79.5
88.25
85.0
88.75
89.75
90.0
99.0
98.25
103.75
104.0
102.25
97.25
92.25
95.25
93.75
97.25
97.0
102.25
94.25
93.5
93.75
91.75
87.5
88.25
86.0
78.25
74.0
83.25
76.0
86.0
81.75
82.5
91.0
88.5
87.75
88.5
87.0
94.25
85.75
89.0
94.0
92.75
89.75
89.25
84.75
84.25
83.5
80.25
82.5
84.5
77.5
80.0
93.0
107.25
113.5
112.0
121.25
117.5
119.5
110.5
111.25
101.25
99.5
87.75
89.0
79.0
86.25
80.5
85.75
74.0
70.5
66.5
69.5
68.25
66.75
68.0
68.25
86.25
98.75
106.75
105.5
107.0
110.75
100.25
98.25
103.5
88.25
90.5
89.75
80.25
79.0
87.0
89.0
84.25
85.25
71.5
69.5
67.5
64.75
75.0
77.0
96.25
103.0
106.25
109.0
106.25
110.25
109.25
112.25
100.75
92.5
89.0
88.0
80.5
90.0
90.5
89.5
86.5
88.5
82.25
74.5
76.0
80.25
88.25
87.0
92.0
110.0
121.25
117.25
123.0
120.0
108.75
109.5
104.0
104.75
98.75
87.25
89.25
99.0
93.0
92.25
93.0
87.5
91.0
78.75
72.25
69.75
70.0
92.75
101.0
108.0
112.25
104.25
104.75
118.25
117.5
115.25
111.75
97.25
91.0
89.25
88.0
89.75
88.75
85.5
97.0
88.25
83.75
87.5
76.75
66.25
69.5
67.25
68.5
73.75
66.75
67.5
64.5
66.25
61.5
62.5
67.0
64.25
62.75
59.0
64.75
67.0
70.5
69.75
72.75
76.75
70.25
62.25
63.25
63.0
59.0
60.75
62.0
64.0
62.5
66.0
66.25
72.75
64.5
63.75
67.5
64.0
64.75
67.5
70.5
69.5
70.0
71.25
66.25
68.25
65.5
65.5
63.25
58.25
54.0
64.25
73.25
74.75
79.5
76.0
79.0
79.75
83.25
78.0
76.0
79.5
82.5
72.5
72.5
70.25
70.0
66.75
68.25
69.5
65.5
61.25
61.75
60.5
63.75
71.0
83.25
102.75
107.0
108.5
103.5
101.5
97.5
94.75
90.25
88.0
93.75
88.0
85.75
88.25
89.25
70.25
72.0
73.25
68.0
67.75
60.75
62.25
64.75
78.75
102.0
101.0
112.25
123.75
119.5
119.25
125.25
125.5
123.25
116.75
106.5
102.75
100.0
100.5
92.25
99.5
97.75
90.5
97.0
79.5
73.75
71.5
70.5
74.25
77.0
81.75
85.25
81.25
83.0
82.25
80.25
80.0
77.75
74.25
74.0
68.25
69.25
70.25
64.75
64.5
65.0
61.0
68.75
68.25
61.0
59.25
58.0
65.25
76.5
81.0
86.5
94.0
93.75
97.75
92.0
90.0
84.25
83.5
85.0
81.75
83.75
77.5
76.0
81.0
75.5
73.5
73.5
68.25
65.75
63.5
60.75
63.75
66.0
73.5
75.75
77.25
81.25
78.5
79.25
76.0
81.5
80.25
83.5
82.25
81.75
83.75
73.5
71.0
68.75
69.0
69.5
65.5
65.75
64.0
63.75
64.25
58.25
68.25
71.0
81.25
86.0
91.0
92.75
88.25
87.75
84.5
82.0
75.25
82.75
84.5
87.5
82.25
75.5
80.5
75.5
67.0
64.25
64.25
68.75
91.0
106.5
117.75
127.75
129.25
125.87
122.76
130.75
115.75
110.75
95.0
97.25
98.25
90.25
94.5
82.75
85.0
81.25
87.5
85.75
80.0
69.5
67.5
73.25
97.0
110.75
115.75
123.25
124.5
123.5
132.25
124.5425
127.25
123.25
112.75
107.0
101.25
106.5
102.5
96.75
96.0
105.75
100.75
97.25
93.75
94.5
96.25
104.25
114.25
121.25
128.5
110.97
131.25
130.0
116.615
114.985
130.75
121.25
116.75
115.75
102.0
95.5
102.75
102.5
100.0
94.5
100.0
93.0
94.75
93.75
88.5
94.75
109.25
113.0
118.5
111.75
120.5
119.25
122.25
121.25
117.25
110.75
98.5
87.75
91.75
94.75
88.5
90.75
87.5
91.0
86.25
92.75
86.0
87.0
87.0
92.5
113.5
116.75
118.75
125.25
127.75
130.25
117.75
119.9075
117.9925
127.25
109.25
107.25
96.75
91.75
96.0
84.75
90.75
88.75
87.75
89.5
84.75
82.0
85.75
91.25
82.25
73.75
81.25
82.75
93.75
93.25
90.75
101.25
100.0
96.75
103.25
94.0
99.25
101.25
93.5
101.0
98.75
92.5
98.25
94.25
94.25
74.75
91.75
84.5
81.0
83.0
86.75
83.0
78.75
91.25
92.25
86.0
86.5
89.0
91.5
87.25
84.5
86.25
96.0
88.25
90.75
82.5
81.25
89.0
81.75
90.0
74.75
91.5
100.0
118.25
129.0
130.5
131.5
124.0275
121.9025
120.5025
127.0
108.5
107.5
108.75
104.75
102.0
103.5
100.25
98.5
91.0
82.75
87.25
78.25
81.75
77.0
92.75
105.0
125.0
129.25
127.0
129.25
127.99
132.25
132.25
124.75
119.5
114.25
98.25
101.5
101.5
95.5
88.5
91.0
91.0
85.25
78.75
76.5
76.25
67.0
71.25
76.25
83.75
80.5
84.25
90.5
107.25
110.25
107.0
111.25
102.0
102.25
92.5
90.5
81.75
89.75
92.0
84.5
76.5
73.5
76.0
73.25
72.25
71.75
78.5
104.75
112.25
117.5
125.75
122.75
123.0
129.75
115.0
111.0
115.5
111.75
102.25
101.0
91.25
97.25
95.75
91.25
92.75
92.5
90.5
93.0
88.75
85.25
93.25
102.5
107.5
114.0
121.5
117.75
117.0
121.0
122.75
119.0
115.25
101.25
104.0
101.5
99.75
98.75
97.75
98.25
98.0
94.75
88.5
90.75
90.5
93.5
91.0
93.75
89.25
94.0
97.75
102.25
112.0
115.25
112.25
102.0
97.5
97.5
93.75
97.75
96.5
93.75
96.5
92.75
89.5
90.25
87.25
86.5
90.25
84.75
84.25
78.5
77.25
97.75
92.5
97.0
99.75
101.5
98.0
100.75
104.75
100.75
94.25
95.25
92.0
100.0
93.0
95.5
90.25
90.75
88.25
89.75
76.0
85.75
87.75
104.75
112.25
119.5
126.75
124.25
118.5
113.25
109.0
111.25
104.5
97.75
98.25
98.25
97.25
90.5
92.25
96.75
83.75
91.5
94.0
85.25
80.25
82.25
76.75
94.25
108.0
106.0
120.25
120.0
110.0
114.75
102.0
102.75
100.5
92.25
80.5
71.5
69.75
71.0
73.75
73.0
69.75
69.5
70.25
64.0
70.0
61.75
65.0
68.5
74.75
80.5
86.0
85.75
93.25
98.75
100.5
93.75
95.75
87.0
74.75
72.0
72.0
73.5
69.5
68.5
67.0
65.75
66.25
69.5
65.25
61.25
60.5
72.25
84.0
93.25
94.0
90.0
90.75
89.5
87.0
96.5
88.5
88.75
78.25
70.75
76.25
67.25
67.0
66.0
66.25
65.0
64.75
70.0
77.0
75.75
71.0
78.5
87.0
85.25
82.5
79.5
76.75
75.5
75.5
77.75
84.0
85.25
87.5
85.25
81.25
84.75
81.75
79.25
80.0
86.5
80.25
80.0
80.0
76.75
80.25
78.5
87.25
89.0
92.25
99.25
96.75
99.5
106.0
102.0
105.0
101.25
102.0
100.25
98.75
96.25
98.25
91.0
90.25
91.0
91.75
85.5
94.75
92.0
93.0
87.75
91.75
90.75
96.75
102.25
111.0
110.75
116.75
111.25
110.0
108.75
104.0
104.75
98.0
97.5
89.5
97.75
92.25
96.5
89.25
88.25
89.25
84.25
82.5
99.75
109.75
123.0
118.75
132.0
130.5075
121.75
122.25
123.25
119.0
108.25
106.0
102.75
103.25
103.0
94.5
100.0
91.0
87.25
91.25
91.5
80.25
85.25
87.25
86.25
103.5
117.75
125.5
121.25
123.75
122.25
123.25
107.25
107.5
101.25
85.25
84.0
90.25
93.0
91.5
89.75
81.0
76.5
75.25
71.0
72.5
73.25
72.5
84.25
109.5
119.5
114.5
101.75
105.75
105.75
111.25
111.75
110.75
97.75
94.5
90.25
89.75
97.5
96.5
86.5
90.25
90.25
89.25
75.5
68.25
65.25
75.75
94.0
98.75
109.25
119.25
116.75
123.5
126.0
132.0
122.75
125.25
111.25
106.25
109.75
106.75
102.5
102.0
98.0
101.0
97.5
102.25
97.25
98.25
93.75
88.0
88.75
96.5
104.25
116.5
124.0
120.0
119.75
124.0
120.25
120.0
114.75
113.25
108.0
110.5
102.5
103.5
99.5
96.75
100.0
99.75
97.75
94.25
97.0
94.75
95.75
95.25
99.5
101.0
114.25
103.25
109.0
104.0
103.75
101.75
102.75
100.25
104.75
102.0
99.25
93.75
89.75
92.25
91.0
86.75
88.5
83.5
83.25
84.25
77.25
83.25
83.5
83.0
77.25
73.0
84.25
78.5
89.5
89.75
80.5
84.25
72.25
68.0
71.0
72.75
72.0
69.5
70.25
72.5
66.0
64.75
64.5
65.25
67.25
78.5
80.25
81.5
82.0
81.25
80.0
83.25
86.0
82.25
86.75
83.75
79.75
74.0
67.25
71.0
71.75
68.5
71.0
73.5
71.25
69.25
64.75
63.5
71.5
80.75
87.25
105.75
110.5
103.75
99.5
112.25
105.25
94.25
96.5
91.25
83.25
85.5
94.0
78.0
83.75
88.25
90.25
89.25
76.0
69.0
69.5
72.25
97.75
102.75
99.0
101.0
99.75
100.25
99.5
96.0
94.25
93.5
81.75
78.75
75.0
73.25
75.25
77.0
71.75
73.0
73.75
76.25
73.25
75.25
75.75
71.0
79.0
91.75
103.5
102.25
106.75
105.5
119.0
109.75
110.5
98.75
92.5
82.75
84.5
81.25
87.25
89.0
85.75
81.0
74.25
71.75
68.25
68.25
65.25
69.5
78.5
95.75
103.5
112.0
113.0
106.5
119.5
113.0
115.25
110.25
104.5
102.25
90.25
94.0
92.5
88.0
80.75
80.25
84.0
77.25
77.75
82.25
76.25
73.75
82.0
87.5
93.0
98.75
93.5
94.5
92.25
101.5
104.25
103.25
94.75
103.0
103.0
96.0
100.0
96.25
96.0
94.25
98.5
89.0
90.5
89.5
91.25
93.25
98.25
99.0
96.0
101.75
109.0
117.25
112.75
125.25
119.0
111.5
108.25
96.0
99.75
100.5
107.25
103.5
104.25
104.0
104.5
98.75
94.0
97.25
100.75
106.25
118.0
132.25
123.2175
129.3575
133.9775
136.235
137.09
139.37
139.8925
134.5575
130.1525
127.1325
124.8075
120.7525
118.2075
131.75
131.25
131.25
126.25
117.9675
130.25
124.0
106.75
106.5
117.25
125.5
120.0975
123.525
126.59
125.5725
129.91
130.2775
129.025
125.0
132.0
121.0
114.5
107.0
98.75
95.25
90.0
90.5
92.5
87.25
88.5
91.25
95.25
92.5
93.75
95.75
103.75
116.0
119.75
125.75
119.0
126.25
122.5
114.5
106.0
102.0
94.0
91.0
89.25
87.5
90.25
86.75
92.25
79.0
84.5
84.0
87.0
85.5
92.25
105.75
116.25
121.5
126.5
124.0
124.5
125.25
126.75
120.5
108.5
112.25
104.75
102.75
102.5
92.75
98.0
97.25
96.25
97.25
98.0
85.0
88.75
90.0
88.25
112.25
112.25
118.25
113.75
121.0
127.25
129.25
117.25
114.0
111.75
111.5
109.0
108.75
108.5
103.75
104.25
101.5
100.0
100.75
102.0
99.0
98.75
91.5
99.0
96.5
100.75
98.0
103.5
103.5
112.0
111.5
115.25
116.75
116.75
115.0
98.5
104.75
104.5
104.5
95.25
85.25
82.75
85.5
79.25
84.0
85.5
81.75
87.0
83.75
89.25
87.25
89.75
86.5
92.25
93.75
84.5
92.5
93.25
98.25
91.25
87.75
87.75
94.5
95.0
94.5
89.0
88.75
86.75
86.5
87.0
90.75
94.5
101.5
109.25
116.5
111.5
113.0
108.5
116.25
110.0
105.25
95.25
89.25
97.5
100.25
93.75
87.25
90.5
91.0
88.0
85.25
85.0
82.5
81.5
84.5
89.75
105.5
118.5
124.5
114.5
115.5
116.5
127.0
118.25
108.0
104.75
99.25
88.0
83.5
88.0
86.5
93.5
82.5
86.25
88.25
87.25
84.75
81.0
86.25
91.75
104.25
117.5
123.25
123.0
123.0
119.75
117.5
121.0
112.25
100.25
101.0
94.5
95.75
93.25
89.0
90.75
87.75
93.5
85.25
88.25
85.75
84.25
85.0
96.5
108.0
114.0
114.75
115.0
110.5
113.25
121.0
123.25
118.5
110.5
104.75
100.5
105.5
96.75
101.0
100.0
97.75
97.25
98.25
93.5
91.75
90.75
98.25
111.25
119.25
128.0
131.0
129.0
126.0
131.25
129.94
130.75
122.0
109.25
110.25
106.75
107.25
108.0
105.75
100.75
102.75
99.5
102.0
96.75
102.75
101.75
104.0
103.5
102.25
104.0
112.5
116.75
112.75
116.25
122.0
118.0
112.5
102.75
100.25
103.75
105.25
106.75
108.5
102.0
100.5
103.25
106.25
99.5
97.0
98.0
90.25
104.0
109.0
107.75
113.0
114.75
115.25
116.0
118.75
119.25
114.75
113.5
109.75
113.75
106.75
102.0
99.5
95.75
95.5
99.25
99.75
94.0
102.25
96.5
100.75
112.25
113.75
122.25
123.0
124.75
122.5
123.75
124.0
125.25
120.0
106.5
105.25
100.75
97.25
97.5
97.75
93.75
94.25
87.0
95.75
85.75
89.25
85.75
92.75
89.75
105.0
112.25
107.0
117.25
120.5
119.25
119.25
110.75
117.0
102.5
105.75
100.0
98.25
97.25
99.25
93.75
89.0
88.25
97.75
85.0
87.25
92.5
89.75
102.0
113.25
113.25
114.25
119.75
123.75
126.0
124.25
124.5
120.25
105.0
103.0
99.5
105.5
98.25
105.75
103.75
96.5
97.0
90.25
90.25
92.0
92.0
97.0
103.25
113.25
119.75
126.0
127.0
124.25
127.25
123.5
119.5
115.75
107.75
105.25
99.5
103.5
102.5
105.5
106.0
99.0
99.75
101.0
91.0
102.5
95.0
94.75
107.75
117.0
111.75
125.25
119.5
120.5
125.0
124.5
120.25
117.25
110.25
101.75
101.75
102.5
102.25
102.25
101.0
102.5
93.75
97.25
93.75
92.75
90.5
100.5
95.0
96.5
100.5
102.75
102.0
101.75
99.0
103.0
99.5
94.25
92.25
96.75
97.75
97.5
97.25
91.5
92.75
92.5
92.75
96.25
92.25
89.0
92.75
85.5
93.75
91.75
99.0
104.0
103.75
102.5
101.5
105.5
105.75
101.25
98.5
99.5
95.5
99.5
96.75
95.25
102.5
101.0
99.25
98.25
101.75
92.0
92.75
91.75
99.0
101.5
106.25
101.75
103.25
106.0
116.0
112.75
114.0
108.25
101.0
91.75
91.25
88.25
98.0
89.75
83.75
84.0
82.25
80.0
79.0
76.25
74.25
73.75
85.75
97.0
99.0
104.25
105.25
100.25
105.75
103.5
104.0
101.5
96.5
88.25
90.75
91.75
92.5
95.0
92.25
89.75
94.75
90.25
87.25
88.25
83.0
82.25
92.0
99.0
99.5
111.0
110.75
111.0
109.5
113.75
111.25
114.25
104.25
101.0
97.5
97.75
98.25
99.0
95.25
97.5
95.5
92.25
90.75
77.25
69.75
71.5
77.5
98.0
106.25
107.25
104.75
109.25
109.5
108.0
115.75
106.75
102.0
93.0
93.25
97.0
92.5
92.25
93.25
91.75
91.5
86.25
86.0
83.0
83.25
85.5
90.5
97.0
104.25
115.0
113.25
123.0
123.5
123.0
122.0
117.75
109.75
102.75
99.25
94.0
92.75
92.5
92.75
93.75
92.25
93.5
93.5
90.75
88.5
89.0
90.5
88.75
90.5
91.25
98.25
98.0
99.0
107.75
109.75
105.25
98.5
94.0
94.75
96.5
91.5
91.5
89.0
91.0
89.75
90.75
86.5
89.0
88.5
84.5
85.25
83.75
83.75
88.5
85.25
85.75
88.0
86.5
90.75
86.75
83.0
91.0
91.25
89.0
88.5
91.0
94.5
92.0
94.5
91.5
92.25
87.75
88.0
87.25
96.0
104.0
117.75
126.5
121.4625
126.3975
128.3625
130.03
129.5
126.0
98.75
98.25
98.75
97.0
98.5
99.5
96.75
96.75
94.25
96.0
93.0
92.75
93.5
94.25
99.75
103.75
109.75
107.0
109.0
104.0
118.5
104.75
104.5
91.75
88.5
85.0
91.0
87.25
85.75
91.0
93.5
89.25
87.75
82.5
80.5
85.75
78.25
82.75
99.0
107.5
119.0
118.75
118.0
120.5
119.75
122.75
122.5
121.0
109.25
103.75
103.0
106.0
107.5
108.25
107.5
104.5
98.75
100.5
96.75
94.5
93.25
103.0
105.25
111.75
116.25
120.5
121.5
128.0
125.0
123.5
124.0
131.25
121.0
121.0
116.75
119.25
110.0
109.0
103.5
109.0
106.0
106.0
106.5
107.0
105.0
106.25
108.25
127.0
114.0
120.25
118.0
119.75
122.5
122.0
125.25
118.75
107.25
109.0
109.0
110.0
110.25
108.25
108.75
110.0
108.25
105.25
103.5
101.75
101.5
99.25
103.25
99.0
99.5
101.25
99.5
101.5
98.0
97.75
98.75
95.25
95.0
97.0
99.0
103.5
102.25
101.5
106.5
105.0
101.5
100.75
99.0
99.75
97.5
95.75
94.0
97.5
96.75
99.25
98.5
105.5
111.75
114.25
115.0
115.0
108.75
100.25
103.25
106.75
105.75
104.25
95.5
97.25
95.25
93.25
89.5
94.5
97.75
101.5
104.0
112.0
114.25
118.75
123.0
128.25
124.25
125.5
126.0
113.25
105.75
102.0
99.75
94.25
91.0
89.25
86.75
86.75
84.25
81.75
82.25
71.75
74.0
77.75
79.25
80.0
86.5
91.0
90.25
90.75
104.5
106.0
101.75
100.0
90.25
90.25
94.25
88.75
86.0
85.0
83.0
82.75
82.25
84.25
82.0
75.0
73.75
83.75
89.75
94.5
97.5
102.25
105.75
104.75
111.5
107.0
108.25
100.5
90.25
90.25
92.75
86.5
90.5
90.0
89.5
80.0
76.0
81.0
75.0
75.5
80.75
86.75
93.0
109.25
111.5
115.75
117.75
124.0
126.0
121.0
115.25
103.75
99.0
97.5
100.0
96.0
98.25
98.5
98.0
96.25
95.5
93.0
96.0
93.0
95.5
95.5
96.25
101.25
104.0
110.25
114.75
118.5
117.5
111.0
113.0
103.0
97.0
95.75
97.75
100.25
101.0
97.0
96.0
91.5
96.5
90.0
92.0
90.25
90.0
86.75
86.25
89.0
87.5
87.25
89.75
88.75
91.25
93.75
94.0
90.0
88.0
90.5
90.25
92.5
90.75
88.25
83.25
85.25
81.25
86.75
83.25
79.75
87.25
80.0
85.75
90.0
91.5
92.0
98.0
108.0
110.25
108.75
103.5
103.0
102.25
97.0
96.75
93.75
92.0
88.5
91.0
92.0
90.75
91.0
85.25
88.0
91.5
90.5
93.0
91.75
96.0
92.75
94.25
96.75
98.5
95.75
93.75
97.75
95.5
90.0
93.25
93.0
93.5
87.75
91.75
91.25
85.5
85.0
85.0
80.5
75.75
84.25
96.75
101.75
111.0
118.75
115.5
112.75
115.75
118.0
116.25
116.25
103.25
101.75
92.5
86.5
87.25
79.5
77.5
75.5
76.5
77.25
67.25
71.75
73.75
77.75
86.0
89.0
96.75
99.0
100.75
125.0
123.75
112.5
113.75
111.75
107.75
109.5
114.0
107.25
102.0
96.75
92.75
96.0
95.25
96.5
91.75
92.25
94.75
102.0
123.25
125.0
114.6775
117.945
122.795
130.25
127.8425
126.6225
123.86
128.5
110.25
104.0
106.0
95.75
97.0
87.75
84.75
80.75
80.5
75.5
79.0
72.75
73.0
73.5
83.75
93.5
92.25
97.25
85.0
90.75
94.75
94.75
90.5
80.5
66.75
72.5
70.0
68.75
71.0
65.75
65.75
63.25
67.75
67.75
66.75
64.75
66.5
60.25
62.5
61.0
62.75
71.75
83.25
82.0
87.25
87.5
91.0
86.5
85.75
81.75
82.5
84.5
80.25
78.25
87.75
81.75
77.0
76.75
73.5
71.0
68.0
67.75
62.25
69.0
86.5
85.25
92.25
89.5
88.25
91.25
80.0
80.0
75.75
76.5
76.75
74.5
71.75
83.25
82.0
86.5
88.0
83.5
79.5
73.25
72.0
77.0
90.5
101.0
104.25
108.0
119.25
125.75
123.75
128.75
114.0
105.5
92.0
91.25
88.0
91.75
92.75
92.0
81.25
82.25
85.0
85.0
84.75
79.25
81.0
91.0
101.0
111.0
115.0
119.0
115.5
122.0
120.75
115.5
110.5
117.25
104.75
106.25
112.5
100.75
96.0
89.0
90.75
90.25
88.75
85.75
78.25
80.25
75.5
69.25
71.25
77.0
80.75
80.5
76.75
74.0
78.75
78.25
67.75
71.75
71.5
73.25
72.0
69.25
64.25
63.75
66.5
68.5
70.5
72.5
68.0
71.25
68.75
69.0
72.25
71.75
76.0
84.75
89.0
84.75
90.0
84.25
89.5
87.75
78.5
77.25
76.0
77.25
76.5
70.0
69.25
73.75
71.5
71.75
69.0
65.5
65.5
71.25
79.25
88.5
88.25
88.25
82.5
83.0
85.0
92.25
83.0
75.75
68.25
75.5
76.0
75.75
74.0
73.75
72.75
72.75
76.0
76.5
75.75
77.5
69.5
62.25
68.75
68.75
71.5
65.75
68.0
65.75
63.25
67.0
72.0
76.0
69.75
75.25
78.25
75.75
76.25
73.25
73.5
74.5
73.25
75.0
69.25
70.5
67.5
63.0
60.25
68.5
77.25
66.75
67.5
68.5
69.5
73.5
75.0
71.25
60.5
72.5
70.0
77.25
73.25
77.0
72.0
71.75
72.75
70.75
70.25
68.75
72.5
69.0
68.75
77.5
81.0
92.0
103.25
96.0
94.75
95.0
91.25
91.0
84.25
74.75
86.75
78.5
73.5
73.25
72.75
75.75
77.75
78.5
75.25
74.0
75.25
75.25
76.75
88.75
96.0
94.0
90.0
98.5
106.25
102.5
101.5
104.0
94.0
87.5
90.0
74.25
75.25
70.5
76.25
72.25
75.75
76.25
70.75
74.0
70.5
76.25
83.75
87.25
92.75
99.5
116.5
108.6825
112.33
116.75
120.75
115.0
101.75
98.75
94.25
87.75
89.5
83.5
78.5
73.5
82.0
68.75
68.5
72.75
70.5
71.75
75.5
83.0
85.75
91.5
93.25
95.75
119.5
130.25
110.41
118.0
113.5
96.0
89.5
87.5
89.0
82.75
78.0
86.5
77.75
79.5
81.75
83.25
80.25
79.0
90.0
97.0
103.75
104.75
125.25
126.5
121.25
130.5
126.0
115.0
108.5
111.0
99.25
93.0
92.75
97.75
102.0
100.25
102.5
101.75
90.5
90.5
89.75
83.0
82.75
85.25
86.25
95.5
99.75
95.75
97.0
99.25
104.5
94.5
80.75
81.5
88.5
78.5
74.5
79.75
75.0
79.5
75.75
72.0
72.0
76.0
68.0
63.5
72.0
67.0
69.0
70.0
69.0
68.5
74.5
71.0
72.25
70.25
66.0
63.75
66.5
77.5
76.25
79.5
81.0
81.25
78.25
77.25
67.0
63.75
63.0
62.75
77.25
88.5
90.5
90.0
97.25
101.5
121.5
119.25
117.5
114.0
98.0
89.0
91.25
85.0
81.0
79.75
80.25
72.0
68.5
69.5
66.0
60.75
63.5
70.75
72.75
83.25
90.25
112.0
118.5
121.25
123.25
120.25
118.75
109.0
99.0
98.0
97.75
83.0
78.75
82.0
77.0
72.5
74.75
71.0
73.0
66.25
68.75
67.25
85.25
80.75
93.5
100.5
107.75
104.75
97.25
99.75
97.0
89.0
92.75
90.75
82.25
80.5
82.25
84.5
80.0
79.25
78.0
83.0
77.75
75.25
81.25
78.25
89.75
89.0
99.0
107.25
110.5
115.75
131.5
130.75
112.3325
117.0
107.5
99.0
92.25
95.75
90.75
87.75
88.75
87.25
85.0
81.5
76.25
75.0
70.75
80.25
85.25
97.5
115.5
115.25
118.5
129.0
128.25
122.425
130.5
117.5
103.5
99.5
91.25
86.75
83.25
88.0
86.75
86.5
84.75
83.75
82.0
81.5
87.25
79.25
81.75
82.75
91.75
94.75
98.25
97.25
99.0
107.25
98.75
97.25
94.75
98.5
96.25
95.75
95.75
87.25
86.75
85.25
85.75
84.5
79.75
84.25
83.25
82.0
80.5
80.0
92.0
94.25
98.75
99.75
103.25
109.25
109.0
104.0
96.5
95.0
94.0
95.25
89.0
87.25
83.25
82.25
79.0
75.25
81.0
74.75
77.75
68.25
76.75
82.0
79.75
83.75
92.5
98.5
95.0
94.5
85.75
88.5
80.25
72.25
76.25
78.25
80.25
75.0
77.0
75.5
78.5
79.0
74.5
68.25
67.0
70.25
71.75
81.0
85.5
83.25
96.0
95.75
96.5
90.75
83.5
77.5
76.5
79.0
82.5
79.0
75.5
68.5
68.75
67.0
73.0
72.0
62.75
64.25
65.75
68.5
73.75
79.25
84.5
81.0
84.25
90.75
95.0
92.75
82.0
80.0
79.0
79.25
81.5
76.5
75.0
76.0
74.25
75.5
75.75
71.5
75.25
73.25
75.25
72.0
78.0
81.5
88.5
100.5
96.75
87.75
88.5
87.75
88.0
80.5
74.0
78.0
78.0
72.5
74.25
67.75
69.25
70.0
69.75
68.25
69.75
64.5
69.5
72.75
77.5
82.25
82.25
86.5
86.0
86.5
88.5
83.75
82.75
77.75
66.75
71.5
72.5
75.0
74.0
65.75
69.25
66.0
70.25
65.5
66.75
68.75
63.25
67.25
63.5
68.25
67.75
67.0
64.5
64.0
61.0
63.75
65.5
64.25
68.5
73.5
74.5
67.5
68.75
67.0
67.25
62.75
64.5
67.75
66.25
62.75
66.75
68.0
62.5
65.25
72.0
69.0
65.5
64.0
65.25
68.0
66.25
63.0
63.0
66.5
72.0
74.25
75.5
74.5
74.25
76.0
75.75
71.75
67.0
58.75
71.5
67.75
75.5
76.75
89.0
83.75
85.75
93.0
88.5
89.5
84.5
72.0
69.0
76.5
83.0
78.0
82.25
75.5
73.0
74.25
70.5
71.0
70.0
67.25
62.75
72.25
77.5
79.5
81.5
87.0
90.5
97.5
87.5
89.75
86.0
72.75
81.75
84.0
80.5
72.0
76.25
71.5
73.25
71.5
70.0
68.5
70.5
70.75
73.75
74.25
76.0
81.0
79.5
77.25
78.0
98.25
88.25
82.0
81.25
71.5
70.0
77.25
78.0
76.5
74.25
74.5
68.5
66.5
64.75
73.25
67.75
65.75
65.0
66.25
65.0
70.0
84.25
78.5
84.5
84.75
79.75
73.0
71.25
81.25
68.75
74.0
74.25
75.75
74.25
75.25
72.25
76.75
75.75
73.25
75.5
70.0
63.5
64.0
71.0
80.75
81.25
86.75
86.0
83.75
79.5
76.0
71.75
70.25
69.75
71.75
76.5
72.5
74.75
76.5
78.75
74.75
68.75
69.0
71.5
64.25
71.25
62.5
61.25
68.5
66.0
61.5
61.5
61.0
56.5
58.0
58.25
60.75
61.75
70.75
71.25
69.75
69.25
69.5
70.0
72.0
70.75
70.0
70.0
70.75
73.0
67.25
66.5
63.75
61.5
61.75
57.25
56.0
57.25
58.0
60.5
62.75
61.0
65.5
63.5
64.75
64.25
64.75
65.0
65.0
65.5
64.5
65.75
63.5
60.5
61.25
69.25
74.5
76.0
82.0
82.25
79.75
76.75
77.5
79.25
73.0
61.5
62.5
69.25
68.75
71.0
68.0
68.25
65.5
67.25
65.75
63.0
59.5
62.0
65.25
64.5
74.0
77.75
83.25
78.5
75.75
77.5
80.0
69.5
76.75
71.0
80.25
82.0
69.0
71.75
75.0
75.5
68.25
76.25
75.25
73.25
74.0
77.0
77.0
82.0
91.25
84.25
84.5
86.0
81.75
78.5
74.25
72.5
69.5
64.5
74.25
70.75
71.75
74.25
75.5
77.25
76.0
78.5
73.0
79.25
79.5
79.25
78.5
79.0
78.75
81.75
82.5
77.5
82.75
77.75
83.0
77.75
73.75
57.25
55.0
58.25
54.5
55.5
54.75
55.0
58.0
56.25
60.25
59.5
60.0
58.75
60.75
72.0
76.5
77.25
77.5
76.5
75.75
75.5
75.25
73.25
68.25
66.5
71.25
72.5
66.0
69.75
69.0
69.75
69.75
72.25
72.5
72.0
72.25
77.25
75.5
73.0
71.25
71.5
71.0
67.5
64.0
63.0
61.75
64.75
68.75
67.25
74.25
77.75
77.0
79.5
79.5
81.0
81.75
82.0
79.75
76.25
76.0
76.5
75.25
66.5
68.5
62.75
64.0
59.25
54.0
49.75
55.5
54.25
53.75
55.0
55.75
57.25
59.5
62.0
63.75
63.25
66.75
62.5
64.0
67.0
60.75
62.25
67.0
68.5
74.25
74.0
73.5
76.25
76.0
76.0
73.25
73.75
67.25
66.75
72.5
76.25
74.25
77.75
79.5
77.25
78.0
71.0
66.75
69.5
63.0
65.25
71.0
67.75
78.75
84.75
92.0
83.0
83.25
81.25
79.0
81.5
79.0
71.5
84.0
86.25
77.0
72.25
77.0
75.0
76.25
80.75
74.0
67.25
62.5
68.5
63.75
74.25
82.0
91.25
84.0
83.5
83.25
84.0
86.5
78.75
74.25
70.0
71.5
70.75
77.0
75.0
74.75
73.0
74.5
75.5
73.25
72.5
64.5
65.0
69.0
69.75
74.0
75.25
80.25
78.25
77.25
77.75
87.75
85.5
89.5
74.75
69.5
67.5
67.75
70.25
71.75
73.75
73.75
74.75
72.75
71.75
66.0
66.5
68.5
76.75
80.5
82.75
83.25
82.25
75.25
75.25
64.25
63.5
63.75
62.25
61.0
62.75
65.75
64.5
62.75
62.5
61.0
65.0
66.0
61.5
63.25
66.25
67.5
62.75
62.25
61.5
59.0
60.5
58.5
56.0
55.5
56.25
58.0
64.75
69.5
70.75
72.25
69.0
73.0
72.75
76.25
79.75
67.25
73.0
66.25
65.5
62.75
65.25
59.75
63.75
62.75
60.25
58.0
57.0
57.25
58.75
53.75
60.25
68.0
66.5
68.75
67.5
68.0
67.5
66.75
65.5
66.75
71.5
68.5
65.75
70.25
76.5
83.3333333333
82.25
86.0
82.0
78.0
74.25
70.75
69.0
71.75
67.25
68.0
72.75
75.75
71.75
71.25
76.0
79.5
78.25
75.75
71.25
67.0
67.75
73.25
69.3333333333
80.3975
85.32
93.6666666667
96.0
91.0
89.0
88.75
89.75
89.0
84.5
84.75
73.0
78.5
76.0
73.75
70.25
71.75
67.5
63.0
64.25
64.5
69.75
69.75
73.5
77.0
72.5
80.75
74.0
65.0
71.0
82.75
78.5
73.5
72.25
66.0
69.5
72.5
64.75
63.75
65.75
67.25
66.0
67.75
61.5
62.5
59.75
64.25
64.75
68.25
77.75
79.75
87.5
88.0
88.5
86.0
89.0
83.75
72.25
71.25
67.25
61.75
55.5
57.75
55.75
61.0
66.0
64.25
58.5
56.75
59.0
62.0
75.25
82.75
87.25
86.25
93.25
72.75
80.5
75.0
78.75
57.25
71.75
62.75
63.25
60.5
58.25
59.75
59.0
58.5
63.75
63.75
60.25
63.25
64.75
56.75
58.5
63.0
62.0
68.25
72.0
66.75
70.0
59.25
71.5
71.5
70.5
72.0
71.75
71.5
72.5
69.5
67.75
69.875
69.875
75.0
74.75
61.25
72.75
72.25
64.0
59.0
64.0
71.5
65.75
69.0
67.75
65.5
63.75
63.25
75.75
75.75
79.0
71.25
72.75
65.25
67.5
73.5
74.0
76.0
69.25
70.75
76.75
77.75
77.0
83.0
89.25
92.25
90.0
93.75
91.5
89.25
89.0
84.75
77.5
84.25
76.5
70.5
77.25
79.0
71.25
79.25
76.25
80.0
81.0
78.25
68.5
70.75
65.5
79.0
76.5
92.75
97.0
92.25
90.5
91.0
91.5
94.75
96.0
94.0
87.25
84.0
80.0
71.75
66.25
75.25
67.5
76.0
67.25
69.0
65.75
62.5
67.75
82.25
80.75
86.25
85.0
78.75
81.75
87.75
85.75
79.0
85.5
84.25
81.25
76.0
79.0
68.25
77.0
70.0
82.5
72.75
69.75
66.0
61.0
69.0
65.5
79.0
88.0
83.25
84.0
90.75
97.0
84.0
90.25
85.75
84.5
95.5
69.0
81.25
72.25
70.25
73.75
79.5
66.75
66.5
68.5
75.25
57.0
57.5
59.0
81.25
90.25
82.0
89.5
84.75
89.25
79.5
88.0
76.75
79.25
76.25
75.25
79.5
78.25
70.25
73.0
75.75
68.0
54.75
71.25
57.5
77.25
62.25
60.25
65.25
69.75
73.25
60.75
72.25
52.25
69.25
68.75
74.5
67.75
73.75
67.75
71.75
54.25
78.5
74.75
65.5
80.5
72.25
61.0
69.5
68.5
74.0
71.25
67.75
69.0
63.0
50.0
69.0
57.5
70.5
64.25
61.5
58.75
64.0
65.0
60.25
58.25
60.75
71.5
68.0
61.75
66.0
66.75
67.75
57.5
63.75
67.25
66.5
79.0
77.0
83.0
74.0
88.0
86.5
81.0
82.75
81.5
67.75
70.0
71.5
69.5
70.75
54.0
56.25
59.5
55.25
56.0
46.75
49.75
60.75
67.5
68.25
85.25
84.0
80.25
88.0
81.25
82.5
85.5
79.75
88.0
76.25
74.0
72.75
62.25
56.75
55.5
65.25
62.75
61.75
57.0
58.5
54.5
53.0
53.5
65.0
62.75
80.5
83.0
86.0
80.75
90.0
76.25
76.5
71.75
67.25
59.5
57.0
66.5
65.5
65.25
71.5
55.5
52.25
53.75
51.75
48.0
50.5
50.5
58.25
62.5
67.25
78.75
85.25
86.25
80.75
74.0
72.75
69.75
61.75
57.0
56.75
56.5
56.75
54.5
56.5
55.75
53.75
55.0
57.25
47.75
50.25
50.0
57.25
64.0
72.75
71.0
71.5
79.75
76.0
73.25
70.5
67.0
63.75
65.75
59.5
59.0
57.5
53.25
51.75
50.0
50.5
48.5
47.25
47.25
47.75
47.0
46.75
45.0
47.5
48.0
51.0
54.75
54.75
51.5
53.0
57.25
56.25
56.75
59.5
55.75
59.0
54.75
54.5
53.0
65.25
57.75
55.0
54.0
54.5
49.0
50.25
48.5
49.5
48.5
49.0
49.25
52.25
52.0
50.5
53.25
51.5
50.75
52.25
49.0
49.5
49.5
48.0
49.25
50.5
50.25
50.25
48.75
51.75
47.25
57.5
62.75
67.5
69.75
70.0
67.75
69.25
68.75
68.25
70.0
64.25
61.75
61.25
61.0
62.0
55.0
55.25
55.25
54.25
54.5
53.0
50.25
50.5
49.75
55.0
63.5
68.5
66.25
67.5
68.5
65.0
63.75
62.75
66.0
62.75
62.0
63.75
62.0
60.0
58.25
57.0
50.0
49.0
49.5
53.25
60.0
49.0
49.5
64.25
68.0
67.5
70.75
72.25
78.5
74.5
73.0
71.75
76.0
75.5
72.5
68.25
61.75
60.25
59.25
58.0
56.5
57.5
58.75
57.75
58.0
60.75
59.25
59.0
67.75
68.75
71.25
69.0
70.75
69.25
69.25
68.0
70.25
65.5
62.0
60.0
58.5
58.0
55.25
52.75
55.75
55.5
53.0
54.25
50.75
51.25
52.0
59.75
67.75
77.75
72.5
79.5
78.25
86.5
93.5
92.5
82.25
70.75
70.5
70.25
70.75
65.0
61.75
64.5
69.0
62.5
58.5
69.5
59.75
60.0
73.0
52.0
55.75
58.75
50.0
60.75
59.25
62.25
66.0
66.5
65.25
75.5
58.5
72.75
55.75
70.75
63.25
60.75
66.75
63.5
65.25
68.75
67.5
70.25
69.5
66.0
67.0
69.75
69.5
63.0
65.75
54.25
57.25
56.5
64.0
58.0
59.0
67.75
53.75
64.75
64.5
58.0
60.0
57.0
56.25
58.5
57.75
58.25
58.0
59.75
74.25
81.75
88.25
89.75
89.0
86.75
84.5
85.25
84.0
85.5
64.5
58.75
61.5
59.5
59.25
55.75
59.5
56.0
52.25
56.25
56.5
57.25
63.0
71.25
73.75
80.25
84.5
85.0
89.0
93.0
89.75
84.0
86.25
86.25
80.75
72.0
71.5
72.5
73.0
74.75
74.0
70.75
72.25
70.75
65.5
70.25
66.5
75.75
74.25
78.5
76.5
77.5
81.5
77.25
68.0
68.75
68.0
66.75
60.25
57.5
62.25
63.25
61.75
60.25
62.25
61.5
58.25
54.5
59.75
60.0
59.75
56.25
64.25
58.25
61.5
58.75
56.75
58.75
51.25
61.25
59.25
58.25
64.75
57.5
57.25
60.75
55.25
61.0
57.75
55.75
60.75
53.5
62.25
57.5
57.75
58.25
57.5
51.25
57.75
58.75
71.25
71.5
50.25
53.0
64.0
63.75
70.5
68.5
61.0
63.75
64.25
60.0
57.5
54.5
57.5
65.0
66.25
66.75
65.0
62.25
65.75
58.25
63.5
62.75
70.25
64.5
54.25
64.25
70.75
66.75
64.0
66.0
69.5
62.0
59.0
55.5
50.75
51.5
50.75
52.25
57.75
59.0
50.5
56.0
52.25
53.75
49.0
50.75
54.0
53.25
50.75
55.5
54.75
56.5
58.0
57.0
55.25
58.75
57.75
60.75
55.25
57.75
55.75
53.75
57.75
57.25
57.0
62.25
67.5
71.25
78.25
75.0
75.5
73.25
75.25
72.5
74.0
71.25
68.25
65.75
63.25
64.25
61.5
63.0
64.0
55.25
64.25
58.25
61.5
63.5
62.0
66.25
74.25
70.25
84.0
84.5
75.5
74.5
78.75
79.25
92.0
87.75
76.0
64.25
61.0
71.5
70.5
59.5
61.5
62.25
56.75
58.25
57.75
54.75
64.75
65.0
68.75
74.0
75.0
73.5
78.75
76.0
85.0
75.75
74.0
71.75
58.25
64.25
64.25
65.25
62.75
57.75
62.5
62.0
58.0
58.0
58.0
57.5
70.0
70.5
77.5
85.0
79.25
90.25
93.5
95.5
86.25
83.5
87.0
86.5
75.0
74.25
63.5
62.5
67.0
76.0
70.75
69.25
71.75
74.75
67.75
60.75
67.0
74.25
82.5
79.0
87.5
77.0
82.75
90.0
84.0
79.25
83.25
67.25
74.25
76.0
74.75
72.5
67.25
60.25
60.25
59.75
65.75
58.0
61.75
60.0
59.0
58.25
51.25
56.5
58.75
65.0
65.5
63.0
63.5
66.5
71.5
71.5
74.25
68.0
65.25
68.75
60.0
54.25
59.25
60.5
66.0
65.0
66.25
67.0
67.75
62.5
62.0
57.25
66.25
66.25
64.5
66.75
70.75
67.0
67.25
67.5
70.0
70.75
66.5
60.75
72.0
69.0
70.5
68.75
63.5
65.75
56.5
65.75
62.75
78.25
81.25
87.75
90.25
89.75
88.5
82.5
82.75
86.5
84.75
82.75
75.0
79.25
70.0
73.25
75.25
74.0
75.0
69.75
63.75
61.5
59.25
60.25
55.5
58.5
70.25
78.75
78.5
78.75
90.0
91.5
80.75
77.75
77.0
85.5
80.25
72.5
72.5
65.5
67.25
65.5
67.5
70.75
68.0
63.25
65.5
67.5
66.25
77.25
85.75
87.5
93.5
83.25
81.25
78.75
87.25
82.75
85.75
83.0
74.25
76.25
75.5
75.0
76.0
71.0
70.25
67.5
71.25
73.0
63.75
62.0
66.5
74.0
77.0
77.0
86.75
92.75
95.75
96.75
92.0
91.5
96.5
90.25
82.75
76.0
74.75
67.0
69.5
70.75
68.0
63.5
64.5
63.25
63.25
68.25
71.25
75.0
86.5
83.25
84.5
87.25
96.75
88.25
83.5
86.0
87.5
78.25
73.75
75.25
64.75
70.75
74.5
65.5
73.5
67.5
69.25
63.25
62.25
70.0
78.25
74.5
69.25
75.5
67.5
67.5
70.75
82.0
79.0
68.5
72.75
75.0
80.25
77.0
75.75
80.25
76.75
64.75
65.25
77.5
77.75
69.25
72.0
78.0
79.0
73.0
72.5
73.25
69.5
69.75
78.75
74.5
72.0
67.25
71.0
76.75
74.0
70.75
74.5
69.75
69.75
72.0
66.75
74.0
69.5
65.25
72.0
76.0
69.5
69.0
72.75
86.0
92.75
88.75
90.5
89.5
98.0
94.75
90.25
82.5
72.5
69.5
81.5
73.0
66.25
59.0
71.5
72.75
68.25
68.5
68.75
67.5
72.0
83.25
83.5
87.5
92.5
90.5
81.25
75.25
77.0
77.25
80.0
90.75
85.5
73.25
69.25
77.0
66.5
56.25
62.5
62.0
65.25
58.5
54.5
60.5
62.0
59.75
63.0
74.0
71.0
70.25
76.5
71.0
70.5
75.5
69.5
62.25
66.5
62.0
57.5
60.5
65.25
58.25
57.75
60.5
61.0
61.75
55.25
50.25
60.75
66.25
70.0
84.25
83.25
78.25
85.0
88.0
85.0
84.5
70.0
69.5
66.5
66.0
71.5
74.75
73.0
61.25
63.25
64.75
71.0
71.0
64.5
68.25
67.0
66.75
75.75
85.75
78.75
72.25
86.5
89.5
87.25
74.75
79.75
74.25
67.25
74.75
73.5
73.5
67.25
73.0
68.75
63.75
70.75
66.5
68.75
74.25
61.75
66.0
63.25
59.0
65.0
60.5
72.5
65.5
65.25
69.5
83.5
80.25
73.25
71.0
66.75
72.5
66.5
75.5
65.25
73.25
64.25
65.0
67.0
66.0
67.5
69.75
61.25
58.0
64.75
67.0
64.25
67.5
62.0
78.75
66.75
83.0
76.25
70.0
66.75
72.75
64.25
69.75
65.5
59.75
66.0
55.75
65.25
62.0
59.75
71.0
65.25
82.0
74.0
76.5
81.25
83.5
79.0
77.5
80.25
71.75
66.75
54.25
70.75
54.0
71.0
54.75
71.25
53.0
72.75
57.25
60.25
57.25
61.75
74.25
60.5
73.5
80.0
75.5
65.5
76.5
65.75
68.5
71.25
66.75
67.75
71.75
60.0
65.0
63.5
57.75
65.25
52.25
71.0
57.25
59.5
61.5
58.5
62.75
62.25
64.0
75.5
64.75
66.5
60.0
69.75
58.0
69.25
60.5
70.25
62.0
70.25
65.0
65.25
63.25
63.75
62.75
65.75
67.25
60.75
63.75
63.25
57.75
57.25
62.25
57.75
55.5
71.75
51.0
60.75
63.5
61.0
64.0
59.75
58.75
58.5
62.75
59.0
61.75
65.75
66.25
61.0
59.75
61.25
62.75
63.0
58.25
63.25
61.25
60.5
53.25
64.0
58.25
63.5
59.25
63.25
57.5
59.5
64.25
64.0
62.75
57.0
58.5
60.0
61.25
68.25
61.25
63.25
58.5
56.25
53.0
57.25
56.75
59.0
62.0
60.25
57.5
62.75
64.5
65.0
57.75
54.5
55.25
58.25
57.5
53.75
54.25
54.25
55.5
56.0
50.75
50.75
52.25
51.5
51.25
49.25
48.0
50.25
59.25
60.0
60.5
58.5
62.0
55.25
55.75
56.5
57.25
60.75
56.0
49.25
48.25
49.75
48.5
48.75
46.75
47.25
51.5
50.25
51.0
51.75
53.75
56.5
62.25
56.25
56.25
55.0
54.0
54.75
55.25
54.75
56.25
55.0
53.5
53.75
55.25
52.75
51.25
51.25
50.5
51.0
51.75
54.0
54.0
55.75
58.25
58.25
59.0
59.25
62.75
59.25
59.5
61.75
62.25
57.5
56.25
54.5
53.25
56.25
54.5
54.25
55.0
52.75
54.5
52.25
52.75
49.75
48.5
52.5
58.75
58.0
62.25
62.5
63.25
59.25
59.0
54.5
53.0
49.75
50.5
48.0
47.0
45.75
46.75
45.75
46.5
46.25
44.75
48.0
52.5
48.5
47.0
45.0
54.5
52.5
54.0
54.75
52.25
55.75
63.25
66.5
62.0
56.75
53.0
54.0
54.25
51.25
52.5
51.75
53.25
53.5
50.5
51.25
50.5
52.25
49.25
52.5
53.75
51.25
50.25
62.5
64.0
64.25
59.25
67.75
61.25
54.5
52.0
58.75
59.25
58.5
52.75
54.75
52.0
51.75
56.5
55.25
50.25
57.0
50.5
54.75
62.75
61.5
57.0
57.75
53.75
58.25
62.5
70.5
58.25
54.5
54.75
58.75
58.0
56.75
57.0
55.5
55.25
55.5
52.5
51.5
51.25
51.75
50.0
50.25
50.0
50.75
47.75
47.0
45.25
46.75
46.75
49.75
50.75
50.0
48.5
48.5
50.75
53.25
51.75
49.25
47.75
50.25
49.5
47.0
48.0
55.75
57.25
60.25
64.0
67.75
69.0
71.25
68.5
69.25
69.0
65.75
62.0
56.5
54.0
56.5
62.5
55.5
55.25
55.75
55.0
53.0
55.5
53.25
50.0
55.0
56.75
68.0
66.0
71.5
72.0
73.5
74.0
72.5
65.5
69.5
64.75
58.5
56.5
57.25
56.0
56.5
59.5
57.25
55.75
55.5
56.0
51.5
54.0
51.5
54.0
61.5
66.0
69.0
67.0
68.0
67.5
66.25
66.5
67.25
62.0
59.5
61.0
55.75
54.0
57.5
55.5
57.25
56.0
52.75
55.75
53.25
54.0
56.75
57.75
60.5
63.25
65.75
70.0
67.5
69.75
74.5
69.75
75.5
68.25
67.25
64.75
65.75
65.5
61.0
62.5
58.0
58.75
55.0
54.25
55.5
50.75
52.25
54.25
65.0
69.5
72.5
70.75
70.25
71.25
68.0
66.75
66.5
60.5
58.0
57.25
56.75
57.5
57.0
55.5
56.0
58.0
53.25
52.75
55.25
54.5
54.5
55.5
53.25
55.5
56.5
54.0
58.0
56.25
53.5
48.0
51.0
53.0
50.75
53.25
55.25
51.75
51.25
51.75
52.5
54.25
53.5
48.75
50.25
49.75
50.0
49.0
49.0
52.25
49.5
47.0
46.5
49.5
51.75
49.25
53.0
52.5
51.0
51.75
54.25
52.0
52.5
52.25
53.0
51.75
50.5
49.75
51.5
55.25
54.0
55.25
68.0
71.5
68.0
70.75
68.0
69.0
73.75
73.75
69.0
67.25
64.25
58.75
63.0
60.5
57.25
58.25
57.0
58.0
57.75
53.25
55.25
58.25
58.5
63.5
66.25
68.0
67.75
69.75
66.0
66.5
67.5
63.25
67.5
62.25
61.0
63.5
60.25
58.75
55.25
57.0
57.25
56.5
58.0
56.75
52.75
51.0
53.75
66.25
72.25
70.25
69.0
75.0
73.0
82.25
73.25
74.0
74.75
68.75
72.25
71.0
63.0
65.75
65.75
73.25
65.75
64.75
65.75
61.5
63.25
59.75
65.75
61.5
73.5
74.75
74.5
71.5
85.75
74.0
81.75
75.25
76.75
71.25
71.0
76.75
67.5
67.25
67.5
70.5
71.75
63.75
65.25
58.25
56.5
58.25
58.0
61.75
65.5
75.0
72.25
75.0
83.0
72.25
75.75
75.0
71.25
70.0
65.0
61.5
64.75
68.0
66.0
60.5
64.75
65.5
66.5
65.25
57.25
60.25
64.5
64.25
56.75
60.5
60.0
68.5
70.25
67.5
71.75
68.5
64.5
73.0
63.5
78.0
60.0
76.25
61.75
68.0
72.0
59.5
66.5
61.0
65.5
66.5
60.5
57.25
62.0
62.25
63.75
55.0
63.25
64.0
61.0
61.5
64.75
69.0
61.5
59.25
55.25
55.75
56.75
57.0
56.5
54.0
68.75
67.5
62.0
64.75
65.5
66.0
67.0
63.5
61.0
70.0
70.25
68.75
65.75
70.25
72.5
73.25
61.0
76.5
65.75
75.5
64.0
63.75
64.75
63.75
61.25
60.25
55.75
58.0
57.0
59.75
69.5
70.0
77.5
75.0
78.25
78.25
75.5
74.75
82.0
70.5
72.75
69.75
71.0
64.75
61.5
65.75
59.0
61.0
62.0
61.5
58.25
57.5
62.75
67.75
74.0
75.25
74.25
78.25
79.5
82.5
83.25
81.75
78.25
81.0
83.0
76.5
75.25
69.25
67.75
70.5
73.5
68.25
63.25
63.5
59.0
62.5
61.75
69.0
69.25
76.5
80.5
79.5
76.25
81.25
77.0
83.0
84.0
70.5
73.75
66.0
71.0
65.0
63.75
62.5
64.25
63.25
67.0
61.5
63.75
57.5
62.5
69.0
78.5
86.0
79.0
83.25
83.5
82.5
86.75
86.25
77.5
69.0
68.75
71.5
66.5
64.0
61.5
60.5
65.0
56.75
63.0
62.0
55.75
58.75
61.25
57.75
64.5
56.75
60.5
51.75
53.75
60.75
62.5
54.75
62.75
63.0
66.75
63.0
59.5
54.75
68.75
54.75
62.25
57.5
51.5
52.5
55.0
58.0
52.0
45.0
45.25
46.0
58.25
60.25
62.25
62.0
60.25
59.25
59.5
60.0
60.75
66.5
56.5
55.0
64.0
61.75
58.0
59.0
59.0
57.25
53.25
57.25
58.75
62.25
78.0
72.0
85.5
86.0
83.75
84.0
80.75
86.75
78.75
77.75
78.25
78.25
68.0
69.5
60.75
57.75
70.25
57.5
57.5
63.25
57.0
60.5
62.25
71.75
69.25
74.25
77.75
77.25
84.5
72.5
79.75
75.0
82.0
68.5
74.75
72.25
64.75
66.0
64.75
63.5
63.0
62.75
64.75
60.25
54.0
59.75
65.75
71.75
70.5
75.5
81.75
87.5
82.0
84.25
84.75
75.5
81.25
75.5
73.0
80.75
69.25
66.0
65.0
63.0
64.75
66.0
67.75
67.25
54.5
65.5
60.5
68.25
79.0
78.25
79.75
79.5
80.75
85.25
80.5
77.75
81.0
79.25
74.0
68.25
60.25
65.25
56.25
60.5
57.0
57.0
53.75
56.75
53.25
52.25
56.0
59.5
59.75
65.75
71.5
80.75
82.75
85.5
85.25
79.75
81.0
73.25
73.5
71.0
69.5
69.5
68.75
67.5
67.75
67.5
65.25
56.25
57.75
60.0
59.5
58.5
58.0
56.25
61.0
67.5
60.75
57.25
57.25
57.5
63.0
62.0
62.0
64.25
54.5
55.5
54.5
53.5
53.5
51.5
51.5
51.75
51.75
52.5
54.0
48.0
49.0
51.75
48.75
47.25
51.25
55.0
54.75
54.25
54.25
54.25
56.5
60.0
57.5
54.25
54.5
57.5
56.5
58.0
55.5
55.5
50.0
50.25
52.75
61.5
66.25
66.75
74.5
70.25
67.75
66.25
68.75
67.25
62.75
64.0
60.25
59.0
57.25
54.5
54.25
53.0
53.75
56.5
52.25
52.25
49.75
49.0
51.25
58.0
65.5
67.5
74.0
67.75
69.5
70.0
74.25
71.0
68.75
67.5
62.75
66.25
67.25
64.0
60.0
56.5
54.25
55.25
56.75
54.0
55.0
54.25
55.0
59.75
64.75
67.25
70.25
66.5
67.5
65.0
67.5
71.75
68.25
63.25
65.25
71.25
69.75
65.5
61.0
58.5
61.0
58.75
56.0
57.25
57.25
59.0
56.25
62.5
63.25
70.25
74.5
69.5
70.5
83.25
74.25
70.5
69.0
67.0
64.75
59.75
59.75
60.25
59.5
59.5
57.0
54.75
53.75
53.5
54.0
53.75
55.25
60.5
62.25
71.0
80.5
81.5
81.75
87.0
82.75
81.5
81.75
79.0
74.5
70.0
71.5
69.0
69.5
67.5
63.75
67.25
59.25
61.75
63.75
61.25
64.0
61.25
61.0
61.25
61.5
64.75
49.25
61.5
52.25
65.0
56.0
66.75
68.25
67.25
63.75
61.0
64.0
61.0
63.5
64.0
62.5
55.0
62.75
61.75
61.0
57.0
59.75
55.75
56.5
56.75
60.75
59.5
59.25
55.5
63.75
66.25
68.75
60.0
59.75
63.25
56.5
59.75
58.25
59.5
53.5
51.5
52.0
54.5
63.0
63.25
64.0
80.75
82.25
83.25
86.0
82.25
75.75
80.0
77.0
68.75
70.5
68.75
68.0
66.75
67.0
64.75
65.0
64.25
64.5
60.75
60.0
59.75
60.0
71.5
77.25
83.5
81.25
81.5
76.5
82.75
79.5
86.5
74.0
64.5
65.25
65.75
64.0
70.5
64.25
67.75
67.5
64.75
60.5
57.75
58.5
56.25
53.0
61.0
62.5
69.25
71.75
68.0
73.0
71.75
71.5
73.0
71.25
67.75
65.75
65.0
61.0
56.75
56.75
59.5
55.75
56.0
57.0
55.5
51.25
54.5
51.75
57.5
70.5
70.25
69.75
75.75
78.5
75.0
76.75
74.75
69.5
64.75
63.0
61.5
56.75
58.0
55.75
56.25
58.0
56.0
55.25
53.75
49.75
50.25
55.5
63.5
65.0
78.5
78.25
77.75
80.25
83.0
79.25
76.25
70.5
65.25
64.0
56.25
54.0
53.75
52.0
51.25
53.75
55.75
50.5
49.5
53.25
50.0
49.5
48.75
46.25
51.0
49.75
50.0
50.0
48.25
50.5
47.75
49.0
54.75
56.0
55.5
55.0
52.75
51.0
51.25
49.25
50.25
50.75
52.0
48.75
51.75
47.25
46.75
45.25
45.0
46.0
48.0
51.5
48.75
47.25
46.5
47.0
55.5
55.5
57.25
54.75
56.5
55.5
53.0
52.0
52.25
52.5
49.75
49.5
49.75
52.0
65.75
68.75
71.25
77.25
76.5
79.75
74.0
69.75
71.25
66.0
63.75
58.25
59.75
55.25
58.0
58.75
57.75
57.75
58.5
58.0
56.75
53.25
54.25
56.5
58.5
62.5
65.75
68.75
77.75
75.0
74.75
70.5
75.5
72.25
65.25
60.75
60.25
58.0
59.0
52.25
52.75
50.5
49.75
51.25
50.5
50.0
51.75
52.5
58.75
60.5
66.5
76.25
67.75
72.5
69.5
65.0
67.75
65.5
61.5
61.0
63.0
59.75
59.0
62.0
56.75
56.5
55.5
55.5
53.25
51.75
52.5
52.25
53.75
62.25
65.0
69.5
70.5
73.75
70.75
71.5
69.0
70.0
60.75
61.25
60.75
59.75
58.5
58.0
59.0
58.5
59.5
59.0
56.75
57.0
57.0
56.0
62.75
70.75
73.25
76.0
76.0
85.25
79.75
78.5
69.0
78.75
65.25
69.5
71.75
66.75
66.5
68.5
68.5
68.0
64.25
58.5
56.0
57.25
58.0
54.75
52.0
51.75
54.5
56.25
53.0
55.5
54.5
55.75
56.75
58.75
61.25
60.5
60.25
56.75
58.25
60.0
60.75
58.25
58.75
56.0
55.75
55.75
55.5
53.5
53.5
53.75
55.25
54.25
54.5
56.0
54.5
54.75
54.0
57.5
62.5
59.75
56.75
54.5
53.75
58.0
54.25
52.0
55.5
54.75
50.75
47.75
49.75
48.75
56.25
61.25
70.5
75.75
70.75
65.25
67.0
67.0
65.25
67.75
66.5
70.5
59.75
65.5
61.5
70.5
73.0
70.5
65.0
64.25
63.5
58.25
63.75
60.25
69.0
74.0
80.25
77.5
75.25
85.25
83.5
81.25
79.75
79.75
66.75
68.0
60.5
59.0
58.75
62.5
56.75
56.75
59.25
56.0
55.25
52.25
52.75
50.5
57.75
68.5
70.75
76.25
71.25
72.5
68.75
68.25
68.75
69.0
63.5
64.5
59.5
58.5
60.0
59.5
59.25
59.0
55.5
57.5
57.25
53.0
53.5
52.75
62.5
65.75
69.0
72.25
72.75
74.0
73.25
77.0
72.75
67.25
62.25
56.25
55.75
53.5
56.5
59.75
58.25
53.25
53.0
54.5
50.25
50.25
48.25
47.25
62.25
65.5
70.25
79.0
84.5
78.25
74.25
74.75
74.75
67.25
63.75
64.75
64.25
64.25
64.25
62.75
62.25
58.0
59.75
59.75
58.75
58.0
55.25
53.75
54.0
55.5
54.75
55.25
59.25
61.0
60.0
61.5
59.0
52.5
57.5
58.25
56.5
55.0
53.0
54.25
55.75
52.75
52.75
51.5
52.75
52.75
54.5
51.25
50.0
53.25
55.5
55.25
56.0
57.75
60.5
61.5
66.0
70.5
67.5
62.75
64.25
66.5
57.0
55.25
54.0
54.75
53.75
54.75
57.25
49.75
50.5
53.0
57.5
69.0
69.25
86.25
77.0
81.5
80.0
87.25
89.75
79.25
78.75
76.5
78.5
73.0
74.25
72.25
71.5
69.75
71.5
65.25
67.0
61.25
59.25
64.25
77.75
82.75
87.25
84.75
80.25
82.25
83.75
82.3333333333
78.25
80.25
66.25
68.5
67.25
72.25
65.75
64.5
61.0
58.5
59.75
58.5
56.75
52.75
53.75
53.25
66.75
71.5
74.75
75.0
70.25
72.75
75.5
74.25
74.75
71.0
66.0
63.0
60.5
62.0
60.25
62.25
64.0
59.5
62.5
59.5
59.25
55.0
54.5
56.5
61.5
72.25
75.0
75.25
79.5
79.25
77.5
75.75
75.0
71.25
68.5
64.5
59.0
60.25
59.75
58.0
55.5
55.0
54.25
54.25
53.75
55.0
55.0
54.25
57.5
75.75
75.75
80.25
77.5
86.75
90.0
76.75
87.25
79.75
72.75
73.25
71.5
72.75
59.75
63.0
70.5
69.0
60.5
63.25
61.0
60.25
63.75
52.5
54.75
54.75
63.5
44.75
61.5
62.75
61.0
67.75
61.25
61.75
69.0
59.25
62.75
61.5
61.5
62.25
66.5
61.0
62.0
58.75
53.5
57.0
61.25
55.0
57.5
58.0
55.25
55.5
64.5
61.5
70.25
74.0
81.5
73.5
74.0
77.25
68.0
80.75
69.25
66.75
69.75
70.0
64.5
73.0
64.0
61.75
69.75
66.75
80.5
80.75
90.25
87.25
84.25
88.0
82.75
82.5
76.75
73.75
74.25
79.5
83.5
82.25
78.75
82.75
74.75
69.25
70.75
72.0
65.25
58.75
67.0
59.75
72.5
89.0
82.25
82.25
78.5
75.25
68.75
72.5
71.75
64.0
73.75
72.5
71.25
80.5
70.0
71.75
69.75
63.25
70.25
59.75
70.5
57.75
71.75
67.0
85.75
90.0
97.5
90.75
90.0
85.5
90.25
82.5
88.0
78.75
84.5
82.5
77.75
78.5
77.0
82.0
72.75
84.0
80.0
77.75
69.0
77.0
77.5
69.75
83.75
87.5
85.0
87.75
91.0
79.5
77.5
78.75
74.0
70.75
80.5
79.0
79.0
73.25
73.5
81.0
76.25
78.25
77.25
80.75
75.0
74.75
86.0
85.75
91.75
90.75
98.75
92.75
90.0
89.0
85.75
77.25
72.25
74.25
80.5
86.25
83.25
78.5
79.5
75.25
72.75
67.75
75.25
79.75
70.0
77.0
78.5
70.75
64.0
74.0
76.5
82.0
74.25
70.5
68.75
62.25
60.5
59.75
71.5
74.75
76.75
80.5
80.5
74.5
76.75
66.25
67.75
78.0
85.25
82.75
77.75
76.75
63.25
64.75
65.0
63.5
60.5
60.5
62.0
63.0
64.0
60.5
67.75
63.5
54.0
62.25
64.0
58.25
61.0
70.25
71.0
73.75
66.25
71.5
74.25
76.25
83.5
85.25
83.75
75.25
71.25
82.75
82.25
94.0
87.75
81.75
85.25
81.0
79.75
77.0
78.5
70.0
73.0
62.75
68.5
66.75
70.25
78.5
75.75
74.0
73.25
87.75
75.75
79.25
79.25
82.75
86.0
89.0
81.25
75.5
71.75
72.25
71.75
79.0
68.75
70.0
67.0
72.25
58.25
62.25
66.25
67.75
67.0
70.75
66.0
85.5
77.0
78.25
88.75
87.25
88.5
95.75
84.0
84.5
87.75
80.0
73.25
63.0
62.0
61.0
63.0
62.5
76.25
62.75
65.0
60.0
74.0
77.25
79.0
75.5
80.0
79.5
81.0
79.25
75.75
73.0
69.25
67.5
65.75
71.25
74.5
73.25
72.5
73.5
72.25
65.25
65.0
65.75
65.25
62.25
57.75
68.0
69.5
84.5
76.0
82.5
81.75
80.0
78.25
79.0
74.0
63.0
71.25
73.75
76.25
70.25
70.5
71.0
68.75
63.5
60.0
55.75
56.75
56.0
57.25
55.75
58.25
53.5
60.5
59.0
72.25
63.75
64.25
67.75
61.5
67.75
61.0
72.0
63.25
65.5
63.5
65.25
63.0
63.25
61.25
63.75
59.25
65.0
60.0
57.25
55.25
56.75
66.0
62.75
68.25
61.25
75.25
56.5
64.75
67.25
64.5
60.5
67.0
67.75
66.25
72.0
66.5
66.75
61.75
58.75
53.5
57.25
64.25
73.0
78.75
76.75
78.5
87.25
74.25
87.25
74.25
86.5
88.0
72.75
63.25
77.0
71.0
75.5
69.5
64.5
65.0
67.75
67.0
60.25
59.25
59.75
61.0
70.0
74.5
68.5
72.0
69.25
88.5
78.75
79.5
83.0
72.25
67.0
68.25
75.25
64.0
66.75
64.75
70.25
61.75
65.5
62.75
68.75
64.0
57.5
55.5
74.0
68.25
80.5
68.75
77.75
79.5
81.25
77.5
82.25
79.75
72.0
76.5
62.25
70.25
65.25
60.0
63.75
68.0
59.75
61.25
56.5
59.5
61.5
64.75
73.5
77.0
83.5
88.25
88.5
80.75
81.5
88.75
76.0
81.0
73.25
75.75
79.5
74.0
69.5
57.75
63.5
62.0
68.75
50.5
51.25
49.25
50.75
50.75
58.5
70.25
75.5
78.0
76.75
75.75
81.5
75.0
76.25
68.5
76.0
63.75
66.0
58.5
59.5
60.75
60.0
66.5
60.0
62.0
54.5
59.75
46.75
49.5
56.5
58.75
53.5
52.0
62.25
57.5
66.75
57.75
66.25
67.75
67.75
58.25
66.5
69.0
59.0
73.75
56.75
67.0
61.75
58.75
63.75
55.5
56.75
58.25
49.5
59.5
52.75
62.0
52.0
60.0
61.5
61.5
62.75
57.75
62.75
65.0
71.0
73.0
64.25
69.25
59.25
69.0
72.75
67.25
65.0
61.5
56.5
63.5
62.75
70.5
75.75
78.0
80.0
83.5
83.75
76.75
78.25
71.5
66.75
68.25
73.5
74.5
63.5
67.25
66.25
65.5
62.0
63.25
67.25
55.25
62.5
50.75
63.0
83.0
84.0
87.75
87.0
83.5
77.75
76.5
78.75
72.5
72.25
70.25
71.75
74.0
68.0
71.0
65.0
66.0
67.75
67.25
72.0
66.75
67.75
67.75
75.5
75.0
80.5
80.0
81.75
84.0
83.5
80.5
80.75
77.5
74.25
67.5
65.75
64.25
66.5
61.75
63.0
61.25
62.25
64.5
63.5
61.5
63.25
73.75
80.75
77.5
82.0
77.75
77.0
75.75
74.75
69.75
74.75
76.5
66.75
72.75
76.0
79.75
68.25
68.5
64.0
62.25
62.5
62.25
58.0
62.75
65.0
64.0
69.75
73.25
86.25
90.0
90.0
85.5
87.0
81.0
78.75
80.25
65.75
67.5
74.25
52.75
74.0
56.75
69.5
54.75
64.75
61.5
52.25
63.0
55.75
56.25
57.5
63.75
60.25
70.0
59.5
67.5
67.25
64.25
65.0
69.0
64.25
72.75
76.75
75.0
67.25
66.5
61.0
63.5
68.25
57.25
69.75
57.5
65.5
64.5
52.5
58.75
57.75
60.5
62.0
72.0
65.25
68.5
65.75
69.25
68.5
62.75
66.0
61.75
61.0
60.5
63.0
66.25
66.75
67.5
59.25
62.0
64.0
51.5
73.75
70.75
84.75
81.75
78.0
85.0
85.0
85.5
86.5
82.75
67.75
71.5
69.0
72.5
63.5
67.75
60.0
69.75
59.75
69.0
52.75
67.0
57.0
64.75
64.5
74.0
89.5
83.5
85.5
89.5
84.0
86.25
85.0
75.75
81.75
70.25
70.25
70.5
63.75
63.5
65.0
60.5
72.0
58.25
66.75
60.5
54.75
65.0
68.5
80.0
84.0
78.75
78.75
91.75
87.25
90.0
88.75
86.75
80.25
83.75
86.25
83.25
75.25
63.0
68.0
64.5
61.5
66.25
65.75
54.5
61.5
58.25
73.75
64.25
74.75
76.75
82.5
83.0
86.25
76.25
84.75
75.0
73.75
75.0
76.0
61.0
63.5
63.5
64.5
58.75
65.25
65.25
65.0
56.75
54.75
56.25
67.75
73.5
73.25
83.25
86.0
86.0
81.5
84.75
84.5
82.5
76.0
78.25
78.75
73.25
73.0
75.0
62.75
66.5
68.75
68.5
55.5
65.75
60.25
54.25
64.25
64.0
60.25
62.25
59.0
55.5
52.0
50.5
50.75
48.5
51.5
48.25
59.5
62.25
65.75
70.0
68.0
70.5
70.5
68.0
70.0
69.5
66.0
63.75
65.25
58.25
51.25
50.0
52.25
59.0
61.0
70.0
72.5
60.75
50.75
48.25
51.75
64.5
62.75
65.0
63.0
64.5
68.0
66.5
66.75
64.75
64.5
69.75
78.5
75.25
81.5
80.5
79.5
79.0
77.5
76.75
71.75
68.0
64.5
62.75
72.0
69.75
68.25
66.5
67.0
69.0
72.0
72.0
65.75
64.0
61.25
61.75
68.25
73.0
75.0
69.5
67.25
71.25
78.5
77.0
81.75
75.75
65.5
54.0
55.75
60.75
60.0
60.25
63.25
63.0
64.0
65.0
64.75
64.75
66.75
66.25
71.75
73.75
75.75
73.25
75.0
74.0
78.0
75.5
74.5
71.5
63.5
64.25
61.0
58.25
57.75
57.25
63.25
62.0
62.0
58.5
60.75
58.75
59.25
65.0
68.5
72.75
101.75
96.5
102.25
115.25
95.465
126.25
97.9275
130.5
69.0
61.75
63.0
59.0
56.25
57.0
52.75
58.25
56.75
61.25
61.25
57.0
72.75
68.0
79.75
83.75
90.0
99.25
104.75
110.75
120.25
121.0
123.25
109.75
98.0
86.0
82.75
82.25
80.0
72.5
70.5
72.5
72.5
76.5
77.0
70.75
65.0
65.0
70.5
76.75
75.25
71.5
80.25
83.75
93.5
92.75
81.25
79.75
75.25
75.0
75.0
70.5
73.75
73.75
70.25
71.5
74.25
71.5
71.5
74.75
72.0
64.25
66.75
73.5
70.25
71.75
70.75
76.25
73.0
78.75
74.0
74.25
72.0
76.75
79.0
74.75
73.0
72.25
74.5
66.0
64.0
65.25
60.75
62.0
68.25
53.75
73.0
73.0
82.75
84.75
87.75
78.5
80.5
82.25
74.0
83.5
73.5
63.0
73.75
67.0
70.0
58.75
65.5
60.75
67.75
64.5
63.5
68.0
55.5
59.25
76.0
74.0
79.0
81.5
82.25
84.5
83.0
78.25
81.75
73.5
70.75
74.25
64.25
65.75
73.25
72.5
65.0
68.25
67.75
71.0
68.75
61.5
55.5
57.0
71.75
79.5
72.75
85.5
80.25
87.0
90.0
90.25
87.25
87.5
84.0
69.25
76.75
74.25
65.5
73.25
63.5
69.0
69.75
66.0
68.0
56.75
60.25
54.75
72.0
71.75
75.5
79.5
86.0
86.25
86.25
93.5
89.0
94.75
83.5
77.75
70.5
73.25
66.5
66.5
64.5
70.0
65.5
65.75
66.0
56.0
68.5
58.25
76.5
84.25
93.5
95.0
93.5
93.25
94.75
92.5
96.0
91.25
76.25
83.0
80.25
76.5
75.75
73.75
71.25
67.25
65.25
62.25
66.75
56.25
59.5
61.25
58.0
71.5
67.75
65.75
64.75
74.25
78.0
78.5
78.75
77.75
72.75
75.25
74.0
84.75
78.75
80.25
77.0
67.5
69.5
73.25
59.5
64.5
65.25
56.75
64.75
70.75
70.5
71.0
73.0
77.75
73.5
77.0
76.0
77.75
76.25
76.0
80.25
77.75
81.5
77.75
78.25
73.5
73.0
71.25
72.5
60.5
59.5
75.25
83.5
89.5
93.25
89.5
87.75
88.0
90.25
96.0
99.25
103.25
85.75
81.5
73.75
73.75
77.0
75.0
77.5
79.75
76.0
79.5
81.25
83.75
65.5
81.0
81.0
83.25
91.25
94.75
94.75
97.0
91.0
86.75
86.75
87.75
81.0
77.5
70.5
75.75
80.0
74.5
81.5
79.5
77.25
77.75
80.75
72.0
59.75
64.0
81.0
89.0
94.25
98.5
99.25
99.0
93.75
108.25
106.25
97.5
85.75
75.0
77.5
76.25
77.5
73.0
79.0
77.5
76.25
74.75
80.0
74.5
69.5
70.25
80.5
83.0
92.25
94.75
97.75
99.25
103.0
101.5
108.0
107.75
92.25
88.75
80.0
81.25
74.5
78.0
