26.31
25.87
25.88
25.87
25.73
54.7
85.5
80.3
76.17
82.71
97.29
127.14
96.67
92.39
104.87
92.09
76.76
73.89
39.39
26.68
26.41
26.39
26.42
26.44
25.74
25.92
25.66
25.49
25.68
54.25
85.57
81.2
88.43
111.66
133.61
146.57
148.77
144.83
137.8
122.42
92.7
75.86
41.06
29.0
29.14
28.18
27.39
27.5
26.45
26.82
26.17
26.59
25.53
25.3
24.98
25.03
29.85
52.32
73.94
86.92
89.98
89.02
81.26
67.34
39.86
27.0
26.94
26.73
26.53
26.58
25.34
25.46
25.54
25.25
25.44
25.51
25.51
25.17
25.08
25.25
30.27
52.89
74.04
87.42
91.51
90.4
83.44
69.35
40.59
26.26
25.38
25.37
25.32
25.35
25.62
25.47
25.34
25.47
25.83
42.47
87.44
82.42
80.82
81.1
91.36
117.25
140.53
155.17
160.07
157.91
151.1
143.64
117.65
95.91
46.72
29.27
30.06
30.23
28.44
28.14
28.14
28.23
27.39
26.66
26.01
54.46
84.07
79.71
88.31
118.05
141.44
155.03
159.8
168.45
160.48
146.31
118.37
96.66
45.96
28.58
28.08
30.02
29.35
29.61
27.13
28.07
26.5
25.92
26.01
53.86
78.78
76.33
85.75
111.15
114.41
145.13
162.09
164.91
155.28
127.22
116.74
94.24
47.9
32.47
32.05
29.61
28.0
28.32
34.69
29.64
27.81
27.09
27.09
61.26
85.81
82.27
91.65
104.69
118.64
113.66
126.72
136.14
148.15
122.31
128.24
111.8
65.34
54.25
49.72
34.25
37.31
30.4
29.96
31.79
28.49
26.76
26.23
55.04
77.82
73.86
82.52
108.15
134.66
149.5
168.98
166.47
167.52
156.38
132.45
111.48
60.11
49.19
46.21
34.69
30.79
28.14
27.06
28.21
27.97
26.91
26.75
26.8
26.1
26.49
62.48
105.7
113.61
106.96
114.44
90.04
90.58
98.36
91.1
82.2
71.25
76.39
77.94
37.88
28.5
27.2
26.95
26.9
26.85
27.2
26.98
26.79
26.9
26.9
29.65
63.53
64.79
87.5
107.87
105.12
100.2
74.99
58.97
46.51
45.18
42.57
27.0
27.17
27.09
27.08
27.04
27.17
27.29
41.27
78.38
72.73
69.63
73.11
85.43
113.57
129.31
136.34
128.65
133.74
140.55
139.7
120.18
104.41
91.5
84.14
77.28
77.61
47.9
33.07
30.15
29.08
30.18
28.31
28.14
51.58
75.36
74.8
91.89
127.32
137.52
126.15
125.87
146.34
178.75
161.62
130.41
97.27
59.36
64.88
63.43
57.81
59.79
38.4
28.19
30.18
28.51
27.93
27.3
53.1
80.83
79.74
92.24
128.67
155.63
171.15
176.0
165.45
152.9175
141.6825
123.6775
97.095
73.2675
55.52
46.635
42.66
35.2625
29.3625
28.025
28.1925
28.365
26.6525
25.395
43.4025
62.0125
65.59
82.13
111.7475
136.2975
149.3625
150.695
151.455
152.29
141.19
121.615
101.5725
74.81
56.5275
47.985
46.39
41.0
35.2625
30.875
31.0125
30.9725
29.4575
26.9375
44.3925
62.515
79.06
93.55
129.09
155.5
172.52
168.64
168.97
159.55
143.52
114.18
92.69
83.7
77.8
43.44
33.04
30.43
29.04
27.89
28.5
28.44
28.66
27.3
27.48
27.1
42.42
66.44
115.14
135.44
149.0
148.26
129.66
113.41
98.63
82.73
57.09
54.46
53.78
53.54
37.02
27.95
27.67
26.87
27.07
26.82
27.08
26.81
26.88
26.9
26.89
31.63
69.29
93.69
116.24
121.01
115.88
115.72
100.48
76.07
40.19
30.13
29.44
27.88
27.6
27.33
27.36
27.4
27.47
27.56
27.51
27.87
27.15
27.51
28.2
32.74
52.55
94.94
111.13
117.54
115.26
121.13
113.28
92.28
33.91
29.53
28.9
28.76
28.66
28.98
29.24
29.58
29.12
28.76
29.14
29.08
55.9
82.16
79.81
100.24
147.82
163.51
174.51
172.4
173.33
170.85
162.34
138.26
111.98
91.34
73.96
56.9
37.03
34.46
31.33
27.99
29.82
28.84
27.85
26.96
52.35
72.47
70.93
84.08
115.42
141.97
155.28
163.34
163.74
160.35
154.96
134.42
105.39
85.04
72.82
64.76
61.01
40.97
28.91
28.16
28.72
29.46
28.61
27.97
49.37
73.87
72.18
94.0
141.78
168.33
182.98
186.2
185.41
181.42
168.79
101.93
94.12
72.53
61.45
54.14
51.64
38.9
30.26
27.33
29.62
30.86
28.43
27.9
50.18
78.67
78.12
92.08
126.78
143.94
155.88
148.39
146.29
149.21
136.9
110.95
94.84
60.23
51.45
54.98
54.39
37.62
28.12
27.05
28.26
27.92
26.93
26.98
31.64
45.05
44.34
66.15
113.25
134.8
147.64
149.04
127.33
112.28
87.1
62.43
35.67
33.03
33.82
44.16
43.88
33.4
27.3
26.5
26.91
26.67
26.69
27.08
31.22
43.56
43.63
44.02
67.7
87.63
105.2
103.86
106.56
80.3
62.37
51.53
40.46
40.2
40.62
45.31
45.19
33.68
27.45
27.32
27.25
27.59
40.69
71.95
66.57
68.34
72.37
80.79
102.19
122.64
114.62
126.44
131.29
123.49
124.76
112.81
101.25
89.69
82.81
76.04
78.09
61.47
48.44
29.56
30.21
29.94
28.78
27.97
48.93
67.65
71.44
86.56
120.53
128.65
149.1
150.8
165.61
153.84
135.27
124.39
90.03
79.79
68.1
64.99
58.67
43.8
34.19
28.95
29.0
29.39
28.63
27.35
50.0
68.34
71.54
87.04
123.71
148.7
158.95
159.23
160.16
152.41
125.75
102.94
90.47
70.22
50.67
39.22
35.91
33.9
31.07
29.14
30.05
31.49
31.5
29.46
48.07
66.57
69.58
86.3
119.69
132.34
125.11
128.3
135.35
147.57
128.31
110.23
99.0
85.31
67.62
54.92
52.34
41.57
31.97
27.1
31.63
33.4
27.59
27.52
46.09
66.6
70.73
79.16
90.81
98.07
104.22
96.27
103.81
104.97
91.43
85.82
79.67
59.48
57.45
62.72
29.54
36.305
33.925
31.665
30.79
29.6925
28.7375
18.53
32.73
45.69
45.43
65.65
84.31
88.28
91.38
91.14
68.97
55.4
70.05
56.16
47.45
44.3
44.21
43.94
44.65
33.14
27.29
26.82
26.5
26.48
26.44
26.3
31.49
43.83
42.71
44.39
53.26
71.13
110.06
115.02
113.76
109.12
96.83
77.17
52.86
46.76
45.29
44.66
44.81
32.72
27.34
27.15
26.71
26.69
41.74
73.12
68.1
68.94
71.54
87.9
123.04
148.67
163.49
148.38
151.68
166.54
171.88
149.86
115.39
100.03
90.72
84.52
81.48
48.16
34.39
29.54
35.6
34.54
30.83
29.77
59.17
79.03
78.65
99.99
147.79
167.91
182.25
183.85
181.62
173.62
144.3
123.3
86.21
62.64
58.5
55.55
57.18
54.43
43.04
28.45
34.35
34.55
32.16
29.54
59.59
74.77
76.26
94.43
130.28
149.7
167.35
172.17
173.99
159.08
149.14
124.5
90.33
66.07
51.65
52.23
52.76
42.35
33.13
31.1
30.39
29.81
30.14
28.68
56.87
72.15
73.2
98.99
142.62
168.2
183.11
190.36
180.44
171.06
159.56
137.38
99.36
70.54
51.12
46.11
46.32
41.68
35.64
31.41
33.91
30.28
29.83
29.17
52.65
69.32
68.6
83.17
115.01
137.34
145.53
143.35
141.2
143.7
134.75
115.74
89.13
45.72
34.87
38.0
37.75
32.44
31.46
28.12
31.5
29.66
29.7
28.57
33.51
45.19
45.45
73.4
115.24
135.2
145.51
146.86
111.19
97.74
84.72
64.62
41.86
33.45
33.67
32.28
37.6
32.94
27.91
27.01
26.93
27.02
27.18
26.94
31.91
43.1
42.9
53.66
79.55
97.66
111.03
111.68
103.38
95.92
83.25
64.35
42.47
36.44
34.67
33.81
33.15
30.94
29.5
28.11
27.74
27.83
42.76
68.69
66.2
69.15
73.73
93.39
126.77
147.28
161.22
152.96
149.6
152.32
148.38
133.25
96.76
82.94
82.07
86.24
83.92
57.81
33.06
30.38
35.57
33.84
31.62
30.13
57.04
73.64
78.14
105.81
145.9
167.51
177.88
168.52
177.18
171.84
160.25
137.84
100.0
69.05
57.88
51.74
51.47
45.22
53.16
39.53
33.54
32.87
30.19
29.25
52.38
72.61
75.74
99.18
137.6
158.0
164.48
171.11
173.28
170.75
162.28
139.68
107.01
71.1
50.81
44.24
39.8
35.45
33.1
28.64
32.59
34.87
29.61
29.16
51.7
70.51
73.86
104.49
145.46
159.47
169.73
161.15
171.5
168.2
156.68
137.79
97.23
68.43
50.63
45.19
55.82
52.23
48.6
30.09
30.63
37.82
30.38
29.06
48.71
70.57
71.28
93.14
123.87
137.41
148.4
151.32
154.18
147.45
126.62
102.04
79.83
51.14
51.72
45.74
47.79
51.15
56.95
50.58
38.01
30.0
28.95
28.07
31.73
44.84
45.75
73.31
105.04
107.07
119.73
130.59
104.48
82.1
59.62
45.31
38.06
30.39
29.67
29.93
29.75
28.32
27.38
26.83
26.84
27.13
27.05
26.7
30.62
42.4
42.43
46.59
56.43
66.71
78.34
101.75
92.94
68.72
73.43
66.6
48.78
38.39
38.89
31.26
34.4
33.64
27.59
26.73
27.16
26.92
36.7
61.52
58.36
59.32
63.1
85.03
116.15
136.39
137.33
140.03
141.06
142.4
138.08
117.36
83.54
66.63
63.3
59.67
55.49
41.83
33.06
29.03
30.9
31.3
28.77
28.42
45.23
59.79
63.35
95.86
139.33
163.3
172.2
177.85
176.79
171.54
155.75
131.27
95.65
69.96
46.91
47.46
57.09
41.51
31.3
27.07
30.51
33.48
29.51
28.08
48.57
63.15
67.7
91.93
126.12
148.62
155.91
152.58
153.31
150.36
139.65
110.15
80.19
57.36
45.7
41.92
42.44
40.46
31.01
29.27
32.45
29.12
28.5
27.91
44.04
60.28
63.37
87.35
122.38
152.13
154.96
155.06
152.63
137.44
125.83
115.95
87.29
55.0
42.46
39.35
50.02
42.63
32.97
29.6
35.25
33.05
28.36
27.87
45.43
63.51
65.27
86.81
110.09
120.32
130.59
125.34
130.19
115.03
94.42
88.73
65.78
43.69
37.28
37.95
44.11
41.46
36.08
29.73
28.66
28.02
26.54
26.89
29.9
41.86
42.14
68.02
97.01
127.1
133.55
123.32
103.36
93.91
73.71
67.42
38.39
30.93
30.13
29.65
29.67
27.9
27.07
26.57
26.62
26.36
26.61
26.49
30.62
41.98
41.97
49.79
73.94
78.65
93.79
98.69
77.24
62.63
52.3
40.76
37.35
38.03
33.24
31.38
36.91
32.28
26.68
26.48
26.58
26.46
26.69
26.19
52.93
59.78
61.21
82.82
111.77
118.96
106.21
101.47
115.14
126.65
131.73
102.0
89.16
79.36
75.78
69.17
71.24
45.61
31.35
28.62
31.51
32.21
27.57
27.17
44.44
61.5
61.69
90.76
138.21
158.19
176.74
182.89
179.73
172.48
141.31
134.07
95.23
68.07
59.93
52.17
50.52
39.05
29.06
23.63
30.93
28.98
28.23
26.44
45.82
59.87
60.84
88.38
120.69
143.45
154.2
155.57
157.8
144.0
142.16
119.39
83.26
60.11
55.5
41.52
41.04
36.95
35.89
32.28
34.75
37.3
32.1
29.94
50.41
69.23
68.86
100.34
136.81
159.71
163.22
163.03
160.99
159.12
146.76
120.74
82.31
55.55
45.77
42.76
49.33
36.85
30.22
28.35
32.22
31.35
30.95
28.21
47.13
62.49
62.79
86.27
118.82
141.47
145.71
141.71
143.79
142.12
95.13
101.31
72.74
42.77
35.75
36.2
36.41
33.11
31.14
26.52
30.98
33.84
27.98
27.88
31.8
43.11
40.45
51.84
89.34
102.62
107.01
86.24
51.25
47.78
49.46
43.55
32.95
32.44
34.1
43.86
43.71
34.09
28.33
27.48
27.43
27.38
27.62
27.25
31.47
42.86
45.63
53.99
67.96
95.86
100.24
86.6
83.02
97.69
79.96
71.6
51.27
34.17
36.13
34.23
32.12
29.37
29.11
27.65
27.12
26.92
26.74
26.94
51.81
58.26
59.52
73.19
83.38
93.01
101.54
102.62
103.0
106.56
112.42
110.6
95.7
79.05
73.93
67.95
67.12
44.7
32.94
30.15
33.44
34.01
28.82
28.04
53.03
68.48
69.91
105.76
145.0
174.78
189.31
169.31
141.55
139.79
134.47
127.01
107.5
91.48
75.49
55.64
55.99
41.72
31.16
29.06
32.6
33.39
29.72
28.44
54.14
68.42
69.32
95.48
124.64
146.39
158.15
164.99
151.12
149.51
147.33
126.72
87.43
66.01
62.09
56.03
53.34
39.79
31.54
29.32
32.43
30.22
29.66
27.92
51.38
67.81
67.02
102.2
148.26
170.31
180.43
169.39
168.6
162.28
146.4
122.73
95.25
55.37
39.3
34.46
37.61
35.44
33.2
30.49
31.39
30.49
28.56
27.19
47.4
62.84
60.07
82.74
109.38
119.59
133.86
139.49
140.21
134.75
120.08
100.43
75.49
37.36
31.29
32.24
32.11
30.88
26.11
28.47
32.19
27.76
27.34
27.17
26.9
26.71
25.74
66.64
101.61
120.79
132.69
129.04
110.54
99.32
86.57
66.52
39.41
26.98
28.39
27.96
28.31
28.34
28.22
27.41
27.55
27.46
27.59
27.3
27.13
27.35
26.51
45.32
66.91
84.69
94.66
98.63
98.7
93.31
84.04
66.29
43.73
32.53
33.29
26.58
26.27
27.27
26.82
26.94
26.5
26.94
26.87
26.64
54.4
59.25
60.05
86.67
114.64
112.87
133.78
138.82
138.53
131.05
120.61
99.7
71.42
52.16
50.44
50.75
51.02
35.87
29.63
28.64
29.23
28.7
28.05
27.97
46.54
60.22
62.46
90.75
110.12
123.77
135.36
139.25
138.14
133.95
122.18
102.11
71.61
42.54
36.31
32.02
31.93
31.09
30.81
29.3
29.26
29.39
28.21
28.45
47.48
60.31
64.67
94.03
109.18
125.63
123.08
113.34
111.5
100.2
119.34
94.71
72.52
43.85
36.51
32.86
32.88
32.26
31.67
30.93
30.88
31.12
30.08
29.99
38.61
47.53
46.44
62.65
74.66
89.26
118.82
91.46
112.07
110.65
86.67
68.64
54.88
37.56
32.78
29.07
30.48
30.04
29.05
26.97
28.07
26.95
27.14
25.85
44.9
57.41
58.8
75.76
99.29
119.46
129.71
129.67
128.51
122.49
109.38
90.42
62.37
31.09
28.11
28.1
28.56
28.24
26.95
25.72
26.35
26.26
26.49
26.72
26.06
25.48
24.89
53.32
73.8
90.74
101.23
104.8
97.61
90.2
75.15
52.75
34.77
23.53
25.13
25.49
25.67
25.38
25.57
25.58
25.58
25.27
26.41
26.03
26.18
39.32
41.77
58.02
70.0
85.97
94.27
99.69
98.73
96.12
85.27
66.94
44.17
29.27
32.02
28.37
27.41
27.64
26.5
25.74
26.12
25.79
25.21
25.35
72.57
58.31
62.9
80.17
110.63
134.39
145.21
145.75
146.31
144.06
136.79
117.03
86.39
64.06
58.91
51.89
52.41
34.85
29.12
28.11
29.09
28.07
27.09
27.22
48.65
60.93
64.63
94.18
129.57
163.28
162.2175
166.1125
167.18
170.23
159.26
135.63
93.25
67.2
48.34
39.8
39.23
32.91
29.29
27.2
26.84
26.66
27.31
25.59
52.74
47.28
43.58
63.21
101.04
106.97
104.02
124.93
108.92
97.71
93.33
83.63
76.44
67.75
65.11
58.29
52.39
41.56
35.69
30.16
29.5
25.63
27.76
27.03
49.01
59.9
64.16
88.43
125.86
135.48
141.67
139.13
141.62
126.19
134.07
124.62
84.75
56.87
48.38
50.31
51.42
39.58
30.25
27.95
27.88
27.21
27.23
26.88
44.81
58.74
69.14
94.71
122.3
133.32
142.35
146.89
147.79
142.4
132.35
113.93
87.77
53.97
50.36
42.62
39.84
35.45
32.43
27.62
27.19
26.46
26.41
25.88
25.82
25.19
26.62
63.24
100.42
120.43
129.37
128.45
106.74
97.53
86.22
65.91
40.03
23.91
26.19
26.38
26.35
26.51
26.19
25.59
25.62
25.66
25.74
25.5
25.72
38.23
41.98
63.1
74.19
88.9
97.96
101.16
100.62
97.29
88.23
68.0
42.25
31.88
33.19
28.82
27.87
27.8
27.45
25.68
25.57
25.76
26.01
26.74
61.6
58.78
64.47
86.94
110.45
133.85
145.17
148.1
150.55
152.5
152.2
126.95
93.94
71.56
69.15
61.08
60.36
39.61
30.09
28.23
28.42
27.45
27.07
26.35
44.4
58.73
63.01
98.69
133.9
154.54
163.74
166.01
164.7
156.97
146.84
128.48
89.87
60.99
48.82
40.61
40.9
38.58
32.33
28.17
27.85
28.6
26.85
26.26
35.57
58.59
60.9
88.59
111.78
134.08
140.65
139.56
146.32
142.89
137.13
115.83
81.41
55.24
47.03
40.5
35.95
36.72
35.47
29.26
30.31
28.75
27.87
27.26
38.37
48.46
49.61
86.87
128.73
141.1
173.94
180.49
180.26
169.68
157.59
133.41
98.07
61.3
41.36
35.96
36.46
34.11
31.48
30.23
30.97
29.71
28.17
26.76
38.53
47.83
52.5
81.89
111.06
134.79
142.23
139.6
143.61
139.01
123.37
100.86
80.0
41.11
33.98
34.03
33.62
30.62
28.98
27.7
27.53
27.22
27.78
26.57
26.56
25.45
30.09
66.47
105.72
125.41
130.62
127.87
102.9
92.8
83.78
67.01
42.13
25.26
26.56
26.26
26.4
26.43
26.57
25.78
25.37
25.83
25.79
25.68
25.72
24.85
28.65
43.86
61.94
83.78
103.06
98.07
96.24
92.92
87.43
59.64
49.18
31.54
32.71
26.96
27.13
26.39
26.61
26.01
25.48
25.47
25.47
25.32
77.03
62.18
66.43
90.11
127.34
151.98
158.88
155.17
161.74
168.66
148.9
134.25
105.2
78.71
73.4
71.09
66.46
47.82
36.97
32.76
31.36
29.85
29.47
28.19
55.1
59.4
56.4
92.53
133.79
164.85
175.59
176.77
178.26
171.52
159.82
137.59
102.12
70.36
56.94
51.81
50.31
37.75
32.72
31.18
29.27
28.21
28.77
26.48
54.7
67.59
65.69
93.5
126.07
148.43
154.79
156.68
158.34
151.72
158.15
137.3
102.42
69.9
58.31
50.73
51.7
35.78
31.85
30.63
28.86
28.34
28.42
26.45
48.38
55.67
55.98
88.42
126.13
144.48
151.48
150.25
160.07
160.56
144.9
125.65
90.31
60.19
48.24
39.47
40.57
39.19
35.69
32.34
29.12
27.46
26.44
26.4
41.38
64.25
65.74
83.83
112.48
132.69
139.19
139.11
138.19
137.48
122.83
100.66
70.79
42.39
34.61
32.09
33.94
29.62
28.09
27.4
27.73
26.99
26.09
26.48
26.39
24.38
29.02
60.93
103.52
120.42
126.66
124.65
108.14
98.43
82.18
76.33
44.97
29.7
28.21
26.22
26.1
25.83
25.81
25.33
25.47
25.3
25.68
26.12
26.19
25.01
31.51
60.33
75.48
89.66
98.24
97.42
91.5
88.43
95.35
76.78
59.73
39.76
41.45
26.79
26.7
26.8
26.62
25.89
25.72
25.85
25.71
25.65
70.53
62.76
71.17
93.94
118.89
140.05
148.29
154.62
155.94
155.32
146.31
121.44
86.44
62.93
57.49
56.29
54.86
40.34
32.77
29.95
29.07
29.56
28.82
28.21
48.81
61.13
69.61
103.79
134.27
151.82
164.93
171.05
180.87
170.77
154.96
132.24
99.6
68.21
57.8
50.95
49.2
36.69
30.53
27.88
27.59
27.55
27.65
26.44
46.56
61.54
71.96
96.86
118.56
141.33
148.37
147.77
152.16
149.7
144.0
123.23
89.74
60.65
46.91
37.97
34.33
31.07
30.23
28.8
30.64
30.04
28.38
26.77
44.73
57.66
67.15
109.52
136.28
158.04
167.03
167.97
174.84
174.09
159.23
135.04
96.69
67.18
52.78
50.54
48.78
37.63
32.5
30.04
29.81
29.14
28.38
26.42
46.15
58.08
65.8
89.95
106.55
118.58
125.1
132.47
137.03
134.74
120.9
97.72
69.16
35.06
31.2
34.81
32.57
30.13
28.96
27.62
27.77
27.32
26.67
26.83
26.53
24.66
31.62
66.95
102.16
114.59
117.85
113.11
89.85
80.39
66.75
69.56
48.53
33.08
32.89
33.6
28.65
28.53
28.9
28.59
28.26
27.19
26.96
27.06
26.69
24.68
28.99
54.05
76.36
85.22
95.32
102.21
110.05
106.31
87.15
58.64
56.39
37.55
30.92
26.79
26.33
27.4
27.5
26.87
26.49
26.7
26.61
26.55
57.99
47.3
58.52
90.46
121.21
142.99
152.29
150.49
152.89
152.32
146.61
126.63
94.26
67.99
62.7
58.85
56.26
38.38
30.61
29.53
30.33
29.86
27.92
27.22
43.06
47.97
60.51
97.09
135.74
158.64
167.2
174.14
186.18
179.71
168.22
146.61
114.94
76.02
61.23
53.35
54.51
42.96
32.7
30.26
29.6
31.15
28.48
27.09
49.12
56.7
65.41
93.62
123.19
145.29
156.54
157.21
161.71
162.37
154.31
135.38
102.92
77.06
61.9
46.99
43.55
35.57
31.84
32.03
32.48
31.95
30.46
28.49
47.87
66.84
81.02
110.41
141.94
161.12
176.52
177.51
177.2
176.34
169.72
146.96
111.06
68.82
54.31
48.36
47.88
35.48
30.13
29.13
31.22
27.91
27.66
27.42
47.0
65.84
77.66
100.08
126.57
143.87
152.82
151.02
153.92
148.66
132.65
109.04
82.25
44.19
35.22
35.93
36.33
31.5
30.27
27.85
30.3
29.46
29.72
28.53
28.17
25.73
35.67
67.01
111.14
127.42
134.17
133.44
109.95
98.07
89.44
68.64
44.37
27.41
27.05
28.39
28.81
28.55
28.25
27.95
28.19
28.03
28.09
28.09
27.97
25.78
35.91
57.55
80.14
93.26
99.13
102.99
101.64
101.7
91.82
76.03
54.98
41.85
39.34
33.04
31.94
31.78
32.38
30.73
28.72
28.05
28.22
28.14
70.66
67.3
80.09
107.31
137.99
157.19
162.55
163.93
166.42
165.4
160.48
138.59
104.42
79.75
75.01
74.18
70.93
42.64
32.38
30.47
29.64
28.34
28.37
28.38
45.66
59.41
64.21
101.72
140.34
171.18
180.16
186.61
184.64
179.67
163.18
137.52
100.97
72.56
58.03
49.01
47.19
35.94
31.61
28.48
29.29
37.34
31.31
28.93
48.59
62.17
68.62
98.47
128.93
147.85
154.02
155.91
158.09
156.13
149.47
126.11
95.01
67.33
48.77
39.72
34.91
33.27
31.34
29.69
30.38
31.86
30.15
28.8
43.83
52.24
60.65
97.77
138.51
152.55
164.33
175.46
179.39
165.44
155.97
138.63
100.59
65.3
51.03
46.55
44.49
34.72
32.73
33.15
29.6
27.84
26.88
26.61
40.52
49.24
54.44
68.9
83.42
99.55
142.82
121.64
93.89
136.34
126.32
104.87
78.22
41.15
33.47
34.98
35.92
34.85
30.75
32.2
30.0
29.65
29.06
28.05
27.25
25.38
36.59
66.54
110.8
100.7825
107.705
109.09
96.4725
88.75
78.9625
66.07
47.01
30.6325
25.99
27.225
27.41
26.8725
27.495
27.9375
27.8725
27.7475
27.84
27.6775
27.9925
28.3225
34.6075
51.8825
70.69
84.165
83.7925
78.94
89.19
81.82
76.48
36.55
33.82
34.11
33.5
31.2
27.98
27.95
28.26
28.12
27.87
28.03
28.79
28.67
57.81
63.15
77.15
96.45
124.8
143.02
150.37
150.44
155.28
152.53
145.02
122.15
88.82
66.13
58.52
57.24
51.42
37.52
31.72
31.47
32.86
29.89
29.31
29.15
37.78
48.17
66.12
102.48
140.25
157.42
169.41
171.94
180.5
177.75
164.95
142.54
108.18
76.65
60.34
50.9
52.49
40.19
33.1
30.33
29.0
28.85
28.11
28.04
45.8
52.08
62.14
91.31
121.09
140.11
147.5
147.53
151.49
148.49
144.01
122.28
89.39
60.66
45.89
40.57
36.28
34.69
31.94
29.52
29.59
28.27
27.73
27.69
49.74
63.69
75.07
111.76
147.01
168.74
176.17
132.14
180.16
132.6
160.07
133.72
100.23
67.83
54.25
49.66
47.0
35.55
32.86
29.33
28.3
28.24
26.99
26.83
56.77
71.21
75.46
102.71
128.8
144.34
157.12
155.8
118.2
115.94
134.9
108.02
87.55
51.44
40.45
33.45
23.32
24.18
33.06
33.36
30.0
29.65
29.06
28.05
27.25
25.38
36.59
66.54
110.8
126.36
127.87
132.92
99.71
91.61
81.8
67.34
42.92
26.15
24.46
26.67
26.71
26.71
26.9
26.32
26.25
26.2
26.82
26.36
26.56
23.98
34.53
57.34
75.71
87.32
93.71
95.21
92.53
89.75
79.36
63.82
44.09
29.57
27.93
27.88
27.28
27.36
28.67
27.96
28.18
27.67
26.83
26.68
102.0
97.01
91.33
111.75
135.45
150.4
158.97
152.05
161.1
118.94
96.75
109.24
92.59
67.9
61.13
62.37
64.27
42.47
33.79
30.97
29.61
29.58
28.74
27.36
53.2
69.43
63.2
86.29
133.29
144.06
149.29
160.07
151.99
144.96
142.04
109.13
89.73
55.63
39.14
32.13
32.32
30.99
30.78
27.39
28.93
27.67
27.38
26.45
50.61
64.61
75.08
102.67
130.65
144.23
156.12
147.96
150.73
138.64
138.24
115.23
94.11
61.74
42.55
32.34
32.12
31.59
31.36
29.94
29.51
30.11
29.76
28.16
49.51
55.22
68.01
97.72
122.03
134.98
134.5
143.82
126.27
145.99
131.35
106.24
83.5
45.04
32.02
31.16
30.8
31.0
29.5
27.9
28.5
27.43
26.98
25.38
53.12
64.39
65.06
88.65
94.84
113.98
105.91
103.2
108.15
116.25
120.7
103.65
76.2
35.21
26.48
29.97
29.7
27.94
27.21
26.32
26.3
26.3
26.22
26.31
26.35
23.33
37.9
60.06
78.03
91.3
95.21
101.71
99.97
93.92
82.28
65.33
43.46
26.45
24.12
26.09
26.08
26.22
26.1
26.05
26.03
26.08
26.34
26.12
26.45
27.41
42.24
64.01
81.04
92.89
99.77
103.04
102.09
96.33
87.51
72.26
51.71
34.72
29.06
27.24
26.42
26.65
26.34
26.38
25.88
26.54
26.31
26.05
59.13
44.75
27.59
100.525
35.93
139.3675
146.08
137.88
123.82
129.48
124.23
105.01
75.92
50.13
42.62
44.62
45.14
33.33
28.48
28.64
27.59
28.25
28.31
27.28
44.46
45.72
57.88
87.33
114.5
117.5
117.05
115.85
131.48
131.15
120.71
107.87
82.59
55.11
35.83
30.16
32.25
30.43
28.49
27.54
27.66
28.61
27.42
27.2
50.0
52.91
63.15
91.74
116.63
131.16
135.07
129.66
132.65
130.74
112.48
97.57
73.48
46.33
32.94
32.38
33.12
31.07
31.03
30.02
30.24
30.38
29.74
28.99
62.69
67.76
66.32
98.09
126.78
145.8
136.66
139.95
140.44
143.99
120.37
104.69
83.97
52.32
35.62
30.2
30.96
30.5
31.11
29.77
29.38
27.74
26.77
26.49
43.8
47.68
58.81
84.31
105.08
122.09
138.95
109.27
93.91
100.14
80.76
71.91
79.06
40.29
27.12
29.47
28.75
27.34
27.05
26.78
26.37
27.91
26.91
26.27
25.99
24.64
29.43
59.0
79.15
90.26
62.7
61.54
54.03
91.15
67.43
55.13
43.34
25.88
22.92
25.46
25.73
25.57
25.78
25.72
25.78
25.86
25.82
25.85
25.51
23.38
37.38
60.82
77.66
89.25
95.37
96.94
95.07
90.11
80.26
64.66
44.41
27.1
24.51
26.87
26.04
25.86
25.92
25.8
25.93
25.78
26.28
25.69
54.46
45.71
60.59
100.67
132.01
145.75
153.17
153.39
150.38
144.71
129.04
106.91
85.57
61.46
57.87
58.96
57.76
37.3
29.72
28.67
29.5
29.65
28.17
26.78
36.71
45.01
59.01
90.0
116.72
131.03
136.74
139.43
137.77
131.13
120.2
103.16
79.94
50.64
35.45
34.78
31.6
28.73
28.24
27.16
28.71
28.86
27.45
25.92
39.96
45.16
60.92
89.48
113.65
134.52
133.85
141.04
139.19
130.52
124.76
102.56
82.36
61.21
42.04
32.93
31.84
29.87
29.96
28.17
28.8
29.54
28.73
27.02
46.22
58.58
68.32
88.86
117.04
129.44
143.61
147.91
143.1
137.88
122.02
105.51
92.27
60.93
48.19
44.23
41.87
28.93
28.97
27.52
27.41
26.95
27.18
25.8
43.31
52.13
53.16
71.27
108.47
136.08
145.53
144.42
136.32
124.21
120.15
99.41
73.06
37.36
26.17
29.86
29.07
28.92
26.95
25.46
25.44
25.5
25.48
25.34
24.87
23.07
38.13
58.66
75.96
87.2
94.7
96.51
92.37
78.69
75.26
64.77
43.8
25.63
22.12
25.07
25.24
25.12
25.13
25.42
25.28
25.38
25.43
25.14
24.84
22.68
37.38
58.14
75.8
74.58
50.01
75.78
95.95
73.29
78.53
63.58
43.75
26.16
22.15
25.29
25.12
25.39
25.54
25.4
25.72
25.68
25.54
25.75
28.41
26.12
40.89
61.69
78.46
89.82
95.93
98.4
97.4
91.91
82.14
66.76
46.87
29.44
25.55
28.66
28.6
26.71
26.03
26.16
26.24
26.15
26.2
26.19
46.4
71.34
74.63
102.95
129.96
144.36
150.24
150.98
149.94
140.71
125.04
103.88
83.63
60.9
48.96
47.81
41.19
29.07
30.0
27.26
28.78
29.23
28.64
26.01
46.15
68.67
71.23
93.02
114.54
135.99
147.83
146.12
151.03
147.81
128.06
101.8
87.16
68.05
52.85
49.93
42.72
29.95
29.66
29.21
30.08
28.21
26.84
26.7
59.92
71.81
72.55
103.55
130.02
144.26
153.64
151.97
151.78
147.4
138.96
120.02
94.94
64.07
49.19
43.36
39.92
28.66
27.53
27.04
28.47
27.58
26.29
26.21
52.61
68.51
79.28
103.03
128.78
144.44
151.16
147.14
148.95
144.08
134.7
117.36
90.21
41.18
27.86
32.45
31.07
29.39
27.41
26.26
25.82
25.68
25.67
25.72
25.38
22.79
37.47
74.15
92.67
104.49
111.05
112.43
111.47
106.85
96.54
81.07
61.54
32.61
22.82
26.68
26.38
26.07
26.19
26.27
26.15
26.06
26.42
26.37
25.57
23.61
37.58
74.32
95.15
106.42
109.26
112.51
110.67
103.83
95.04
81.14
61.98
30.93
24.49
26.86
26.48
26.2
26.08
26.21
26.05
26.47
26.62
25.89
79.83
89.44
93.91
116.45
140.74
155.36
159.18
158.53
155.72
150.42
140.96
124.87
100.31
72.92
61.51
62.73
61.8
37.5
29.58
27.71
27.61
29.15
27.3
26.54
54.69
81.76
84.63
114.16
137.5
151.53
157.78
158.19
158.89
152.65
141.75
127.76
103.99
68.55
54.43
52.5
43.68
29.93
29.49
27.65
28.43
28.72
28.53
26.0
63.95
91.76
84.05
108.54
131.47
148.53
155.71
155.87
152.71
146.39
138.01
122.52
100.55
71.38
55.44
51.65
45.04
29.86
30.36
29.74
28.33
29.33
29.18
26.75
62.59
86.22
79.1
106.54
132.18
145.78
143.75
133.8
118.87
85.74
97.32
93.17
79.92
61.24
49.72
45.49
42.0
30.17
29.33
28.24
29.59
30.21
28.34
26.52
64.06
88.51
62.45
95.78
94.79
112.61
112.07
100.1
130.19
138.83
104.51
104.32
67.16
36.65
24.14
28.82
29.99
28.36
26.99
25.83
25.32
25.26
25.24
25.52
24.33
24.66
30.78
48.53
52.5
66.03
87.64
96.0
79.84
82.14
70.1
63.83
43.84
27.45
22.85
25.54
25.25
25.77
25.61
25.43
25.58
25.59
25.79
25.47
24.55
23.14
37.42
58.86
74.8
85.7
91.32
93.6
99.02
86.85
77.88
63.8
44.54
26.19
21.67
25.16
25.38
25.16
25.45
25.68
25.41
25.51
25.56
25.43
101.88
92.76
79.66
94.47
114.08
128.35
143.45
149.49
146.18
141.99
108.0
103.36
94.95
69.73
58.42
61.32
63.97
40.2
29.28
28.32
28.62
29.15
29.57
26.81
66.92
96.67
76.74
89.03
101.67
111.06
107.69
100.49
115.76
135.15
104.77
86.75
86.34
65.26
52.46
52.21
44.94
30.05
29.25
27.6
28.02
29.82
29.38
26.2
63.88
89.13
73.22
88.14
98.34
123.68
138.22
143.72
139.28
140.65
136.45
117.42
97.22
68.24
52.36
51.04
43.83
30.42
29.17
29.59
28.57
28.93
28.88
27.86
63.92
84.49
74.1
105.04
129.72
145.17
152.78
148.57
137.37
148.33
129.13
121.01
98.23
63.63
48.11
50.8
48.4
42.43
42.68
41.18
41.49
41.75
39.85
39.62
66.89
79.18
74.86
100.75
122.67
137.41
142.07
142.42
141.55
136.97
126.83
112.13
88.06
41.24
26.61
33.02
35.33
32.11
30.59
28.52
28.73
28.86
27.59
27.51
26.31
24.54
37.82
57.54
73.18
83.66
91.3
94.09
93.31
87.51
78.13
65.22
46.11
27.96
22.57
26.52
26.32
26.62
26.78
26.52
26.53
26.68
26.54
26.62
26.27
23.94
37.16
56.58
72.96
83.08
88.94
91.72
91.31
86.03
78.25
64.49
46.5
28.86
23.26
26.42
26.87
27.01
26.64
26.91
26.97
27.0
27.29
26.69
107.82
128.03
133.72
146.13
158.16
160.43
167.57
156.56
155.34
152.99
144.02
124.59
101.41
76.65
68.39
69.44
69.32
38.89
29.78
29.43
27.88
28.56
27.56
27.05
69.93
109.7
95.79
114.41
136.48
149.73
153.26
149.08
147.83
143.67
135.79
125.09
101.51
64.03
51.33
52.5
43.83
31.41
30.54
28.96
29.33
29.15
27.55
26.96
69.93
109.7
95.79
111.41
141.82
157.82
160.69
157.73
154.69
150.72
140.15
127.42
103.31
71.69
55.63
52.74
44.27
30.75
31.18
30.31
31.61
30.28
30.89
28.28
69.21
106.09
91.21
110.33
135.86
152.09
156.48
154.68
153.85
149.84
138.61
126.04
103.9
65.62
48.91
48.27
50.46
41.43
31.18
30.31
31.61
30.28
30.89
28.28
69.21
106.09
91.21
110.58
135.63
149.59
150.58
145.9
143.93
142.2
134.81
119.94
95.06
40.87
24.76
29.15
29.57
28.7
28.96
26.83
26.16
26.09
25.73
26.24
25.3
24.04
36.77
56.65
72.53
82.72
88.25
90.61
89.62
84.61
76.93
63.62
46.02
27.95
22.17
26.38
26.36
25.89
26.2
26.38
25.9
26.29
26.48
26.68
25.61
23.46
35.97
54.81
70.61
81.37
87.38
89.51
87.84
82.64
74.25
61.12
44.6
28.13
22.66
26.4
26.44
26.96
26.4
26.48
26.35
26.9
27.39
27.5
108.31
130.84
138.45
164.03
186.02
192.37
193.09
183.13
176.0
169.99
157.73
139.92
112.46
81.67
69.16
71.18
71.92
38.8
28.91
29.67
29.44
28.94
28.98
26.96
69.93
109.7
95.79
111.41
141.82
157.82
165.46
145.92
148.34
148.03
142.03
127.35
107.23
68.71
53.14
52.46
50.39
34.18
31.65
28.17
29.64
28.34
27.37
26.42
70.05
107.52
92.95
109.57
132.09
150.52
158.94
157.37
156.87
150.12
140.73
125.86
106.57
70.3
52.97
52.25
49.18
33.51
30.16
29.77
30.22
29.17
27.97
27.31
70.07
110.69
95.95
111.22
137.5
154.04
159.75
156.75
156.71
151.65
140.26
127.05
104.2
69.64
53.08
52.44
51.16
34.95
30.47
29.9
30.21
28.27
27.26
27.61
63.07
114.13
98.69
114.69
135.18
149.55
154.83
155.82
153.12
145.99
134.99
118.71
94.5
43.24
25.53
29.76
29.16
30.34
29.08
27.5
28.3
28.05
27.53
27.28
25.88
25.81
37.68
46.12
41.02
48.72
78.61
91.98
88.77
85.93
73.96
61.77
45.8
30.45
23.04
27.2
27.36
27.04
27.46
27.34
27.56
27.15
27.24
27.51
26.42
24.43
36.56
55.13
71.4
81.89
92.37
92.56
86.57
68.62
75.8
64.69
44.73
32.5
24.31
27.04
27.25
27.38
27.58
27.68
27.1
27.33
27.56
27.76
102.78
131.29
138.88
163.19
182.45
190.48
190.45
183.9
175.23
167.53
157.44
144.42
106.33
83.54
72.27
71.71
72.75
40.65
29.07
29.0
28.8
28.86
28.15
27.56
78.64
124.12
129.24
146.1
156.22
165.25
161.52
159.65
155.51
152.39
141.7
116.47
94.61
63.67
48.63
50.0
48.9
33.98
29.93
28.51
29.6
28.34
27.93
27.3
64.72
112.83
96.36
114.89
137.4
152.43
153.53
157.41
155.59
152.95
133.69
113.31
97.75
71.39
53.61
51.29
48.48
32.77
30.04
28.69
30.64
28.65
28.45
27.77
65.78
103.54
88.02
110.29
134.29
148.42
154.31
157.29
155.33
146.4
135.01
117.79
100.37
65.63
50.24
48.73
46.62
33.36
29.05
27.13
26.94
26.54
26.25
26.33
38.89
37.5
42.35
49.58
57.26
64.49
74.78
66.05
80.45
58.5
73.45
78.57
60.61
43.32
36.85
40.66
40.56
30.6
26.85
26.82
26.55
26.49
26.43
26.34
26.04
24.16
41.41
55.52
67.65
54.16
63.18
92.39
92.52
88.84
78.12
66.24
45.58
31.93
24.27
26.56
26.75
26.72
26.79
26.65
26.7
26.96
27.18
26.77
26.3
24.24
30.17
45.41
74.06
82.78
73.21
78.96
78.41
33.95
52.17
64.2
50.17
34.09
23.99
27.09
26.94
26.73
26.98
26.81
26.85
26.92
44.76
59.33
112.5
124.92
132.9
150.5
158.28
159.65
166.88
166.96
163.72
160.67
151.73
131.93
112.54
88.22
70.19
70.86
69.9
40.4
29.81
28.87
28.28
28.8
28.44
27.18
80.1
109.28
93.37
114.1
134.58
146.42
152.13
155.52
155.27
138.11
110.44
124.88
103.49
67.55
50.57
50.68
48.72
33.65
29.67
27.63
27.9
27.69
27.44
26.43
65.86
102.01
85.65
104.39
124.94
138.98
150.0
158.85
154.58
147.89
137.89
126.72
102.48
73.46
55.7
51.41
48.88
32.92
29.52
28.7
28.86
29.34
28.58
27.32
65.6
98.83
82.61
94.9
106.2
115.27
120.22
148.0
148.52
141.05
127.72
121.22
101.67
67.08
51.84
47.94
46.37
32.28
28.94
28.63
28.74
27.97
27.57
27.23
63.02
88.74
78.4
100.91
123.42
138.67
146.21
149.0
145.23
136.77
137.64
107.73
92.47
39.46
27.03
29.54
30.37
29.67
27.75
27.37
26.39
26.46
26.81
26.66
26.14
24.72
38.02
50.75
71.08
81.72
82.83
78.58
78.98
78.63
73.25
65.79
46.93
28.34
22.18
26.47
26.11
26.11
26.2
26.26
26.16
26.34
26.34
26.4
26.36
23.11
34.52
51.55
68.69
78.72
79.82
78.83
80.48
73.03
75.66
55.43
34.29
27.13
23.13
26.16
26.35
26.18
26.23
26.07
26.3
26.32
40.57
56.42
110.58
124.38
125.65
118.15
130.36
150.91
161.21
161.23
160.83
158.79
145.26
126.37
105.34
84.98
70.2
69.4
69.66
39.77
29.67
29.3
31.35
30.58
29.72
29.04
80.26
104.84
85.27
101.19
133.53
148.94
158.55
162.08
160.7
157.09
142.66
129.7
108.68
81.69
55.92
49.43
47.35
33.15
30.36
29.03
28.76
28.25
27.17
26.55
58.06
105.13
101.63
102.88
135.92
153.6
157.78
159.22
155.39
149.99
136.94
124.73
103.57
70.03
53.75
49.16
46.32
33.07
29.43
28.99
28.66
28.18
27.68
27.55
68.04
102.22
90.47
112.0
133.33
146.7
153.21
154.18
152.54
149.16
139.88
124.86
103.76
66.72
50.46
50.07
46.69
33.58
28.64
27.87
27.52
26.95
27.5
26.73
66.33
101.64
83.55
89.33
117.16
125.05
154.99
146.18
151.16
146.62
125.59
104.64
82.98
46.0
24.67
28.65
29.53
30.45
27.82
27.03
25.36
26.93
27.1
26.71
27.18
24.05
32.68
45.69
48.66
51.56
85.17
80.81
92.89
43.13
38.35
33.96
26.02
24.7
23.05
26.74
27.47
26.85
26.98
27.02
26.89
27.01
26.98
27.01
27.08
23.2
32.72
54.15
65.03
84.07
86.56
79.62
71.53
74.04
77.74
61.42
35.35
27.24
23.36
26.87
26.74
26.76
27.19
26.97
26.92
27.06
44.2
57.04
110.27
119.66
114.51
117.2
144.24
157.28
156.69
164.53
155.09
158.27
145.96
132.63
106.1
79.87
67.51
67.47
68.55
40.48
28.96
28.38
27.85
29.89
28.08
27.15
78.85
95.09
85.26
107.02
128.33
146.23
153.47
153.87
140.86
146.7
144.16
130.36
109.03
71.55
53.08
49.05
47.25
35.02
29.23
28.31
28.47
28.9
28.39
27.67
65.83
98.51
91.46
113.44
136.68
149.2
156.18
154.68
150.92
148.96
141.23
127.81
105.93
71.4
53.59
46.97
45.66
32.92
30.34
28.6
29.2
29.2
28.24
27.65
65.53
95.86
85.7
110.13
131.37
144.7
153.55
151.08
149.73
145.59
137.93
121.26
103.59
65.96
48.13
47.21
45.72
33.18
30.43
29.11
29.51
28.74
29.19
27.64
69.94
99.91
85.92
99.22
105.03
130.17
132.61
145.7
132.05
149.3
138.06
121.07
96.88
42.07
26.02
30.02
30.93
30.25
28.53
28.4
28.74
27.56
27.45
27.1
27.49
23.99
31.23
53.12
72.34
79.45
89.24
92.95
87.0
86.23
80.36
62.57
47.62
29.67
23.76
27.2
27.39
27.4
27.3
27.21
27.39
27.57
27.57
27.64
27.63
25.97
30.07
45.66
59.59
77.81
91.85
95.54
92.6
83.0
70.67
56.01
40.47
32.66
24.73
27.56
27.4
27.46
27.63
27.5
27.89
27.88
45.16
57.67
114.05
123.15
131.25
151.2
167.54
179.49
182.51
178.95
174.37
167.76
157.63
140.36
115.34
88.53
76.12
74.27
73.8
40.05
29.59
28.81
28.31
30.61
29.1
28.27
83.7
109.63
98.63
109.44
122.16
152.98
142.82
147.49
163.01
159.92
152.94
126.36
100.87
74.69
56.17
47.15
46.8
33.53
30.17
29.5
29.56
29.05
28.4
27.38
69.49
97.09
92.19
100.38
120.11
136.67
131.79
143.04
136.93
149.5
150.95
115.14
100.82
68.77
55.14
47.72
44.93
33.32
29.38
29.88
30.03
29.27
28.59
27.37
67.76
91.49
87.91
115.39
139.14
151.91
159.0
159.31
157.21
151.77
145.24
126.42
108.26
66.8
51.76
49.68
47.96
32.0
29.21
28.21
28.35
28.94
28.29
27.58
67.23
96.86
98.73
114.35
140.95
157.51
165.75
157.37
163.46
163.21
139.16
80.27
57.39
33.35
24.6
29.35
29.7
30.13
32.82
30.22
31.9
31.06
29.0
27.06
26.52
23.89
46.62
68.15
72.57
96.41
104.68
95.04
90.89
85.96
76.67
63.85
45.0
27.75
23.27
26.44
26.27
26.41
26.57
26.56
26.56
26.61
26.84
26.77
26.67
23.69
33.6
53.5
70.78
82.05
88.43
91.45
91.85
88.0
79.35
65.31
46.32
27.97
23.53
26.67
26.65
26.5
26.88
26.85
26.56
26.82
45.1
53.63
106.41
106.68
110.16
132.67
157.3
169.74
176.8
164.71
141.75
174.66
166.73
152.45
127.64
103.65
92.43
92.15
89.39
41.49
29.17
28.52
27.84
28.8
28.54
26.72
79.34
98.53
104.11
128.94
148.69
165.74
173.09
174.28
173.81
170.1
163.42
145.75
113.73
74.66
59.79
54.68
54.72
36.52
33.58
32.62
34.51
34.21
33.21
30.85
73.93
106.4
109.78
134.82
155.27
169.19
177.33
178.27
177.22
174.19
165.58
146.11
122.15
86.53
63.91
54.95
53.47
36.79
30.98
30.19
31.35
31.04
30.11
28.54
71.9
104.9
102.29
109.98
118.39
120.72
134.77
135.44
118.48
118.45
154.85
140.81
103.48
71.04
58.3
52.2
50.97
34.37
31.67
30.34
30.05
29.28
27.67
27.13
68.71
98.23
91.92
118.35
138.23
128.13
156.14
166.63
164.57
155.11
135.78
102.42
80.85
35.52
27.47
28.54
28.75
29.18
28.72
28.09
28.15
27.79
26.96
26.52
26.79
23.45
33.38
53.43
71.63
82.9
90.31
92.04
91.26
85.78
76.11
63.55
44.76
30.14
23.84
26.06
26.51
25.94
26.45
26.24
26.42
26.85
26.28
26.65
26.37
24.56
33.74
110.8
155.7
165.31
180.31
176.66
125.14
109.03
98.99
98.42
73.96
56.6
52.69
53.95
53.88
53.99
53.63
53.95
53.56
54.16
64.89
68.93
101.5
98.82
100.73
116.12
143.54
161.59
160.7
178.99
174.04
170.62
161.83
145.19
121.98
101.54
87.74
86.92
90.08
44.58
32.15
28.52
31.17
32.33
28.93
26.94
77.56
94.94
93.64
122.23
120.36
110.95
110.99
129.1
137.02
157.1
127.93
114.39
95.83
65.68
52.55
51.29
49.16
32.07
28.97
28.17
28.35
28.48
26.97
26.44
64.48
89.23
87.35
117.34
144.7
156.85
173.39
166.52
169.58
169.03
156.65
139.62
114.48
74.64
56.87
54.83
51.66
34.86
32.17
31.12
30.86
30.08
28.66
26.94
69.1
97.0
97.11
120.82
146.11
159.69
169.66
170.08
170.17
168.09
160.27
140.28
104.17
69.63
55.15
52.01
50.05
32.64
29.35
28.24
28.71
27.79
27.63
26.4
68.82
99.76
96.68
123.89
145.9
162.47
170.11
173.97
172.77
170.01
160.64
140.63
106.27
45.16
26.42
28.15
30.45
27.84
27.19
27.53
29.42
29.86
28.71
26.67
26.3
23.71
32.78
103.49
152.52
157.89
158.84
159.28
109.53
82.4
77.48
63.16
42.83
27.29
24.34
26.94
26.52
26.66
26.79
26.53
26.82
26.79
26.67
27.07
26.64
24.4
33.76
51.54
68.48
80.05
88.12
104.5
110.84
105.46
95.66
84.34
71.13
51.3
31.03
26.13
26.69
26.28
26.21
26.4
26.22
26.39
42.7
55.0
104.17
115.05
120.74
144.31
169.65
185.57
192.46
195.13
192.69
168.98
143.25
115.03
86.2
97.46
98.83
97.34
95.75
50.96
31.87
30.24
31.97
30.55
28.32
27.53
74.31
108.93
107.4
132.91
159.78
172.76
184.32
189.02
188.76
184.22
173.5
152.75
113.2
77.68
61.62
56.05
57.15
37.8
31.65
30.16
29.47
28.61
28.8
27.34
62.94
107.44
106.71
130.84
157.99
171.73
181.18
180.69
176.16
173.62
162.84
142.57
116.0
83.07
63.29
52.91
51.58
36.69
31.25
30.04
30.65
29.13
28.81
27.44
62.15
105.39
107.84
134.68
179.04
197.47
207.85
211.49
207.97
203.45
191.11
171.96
107.78
91.18
69.94
59.09
56.99
37.1
32.81
29.92
30.76
31.21
30.44
27.62
64.31
108.17
104.12
127.92
157.39
182.68
183.83
168.35
146.49
152.61
128.4
118.6
86.55
46.12
30.0
33.73
33.94
33.04
30.53
28.75
30.01
28.18
28.86
27.55
27.55
25.76
33.42
106.63
155.98
166.63
173.2
171.74
116.07
92.47
82.99
63.4
43.04
26.91
26.87
27.29
27.25
27.26
27.26
27.2
27.49
27.17
27.0
27.26
27.06
24.99
27.49
51.14
69.9
81.84
80.13
103.91
110.02
104.18
94.58
80.3
61.66
45.41
31.47
27.57
27.8
27.96
27.05
26.8
26.75
27.17
43.47
54.95
103.6
111.72
116.61
143.29
172.25
194.46
208.37
211.39
212.25
206.47
192.52
163.87
140.85
124.06
112.96
106.04
103.43
52.25
32.67
32.0
32.45
32.02
30.28
27.97
78.49
111.33
103.96
130.27
168.51
180.47
171.58
202.68
216.32
209.63
171.59
115.37
88.77
86.58
80.03
74.45
60.76
37.84
34.17
30.93
31.76
29.96
27.71
26.7
63.87
102.95
105.66
135.8
161.2
190.93
204.77
205.59
205.73
202.82
196.03
173.02
139.29
102.89
87.21
72.2
70.62
60.17
55.26
52.06
52.21
48.93
47.57
44.99
62.62
92.66
90.06
129.66
180.24
199.58
206.05
207.94
206.28
198.83
136.07
99.05
86.85
84.38
73.01
56.64
54.11
39.55
34.02
30.28
31.1
30.0
27.5
26.61
59.87
95.3
93.69
118.72
151.88
172.75
181.61
181.85
189.82
188.83
171.89
147.85
110.17
49.66
30.37
31.3
30.72
32.08
32.12
28.94
30.11
27.59
26.43
26.62
26.44
24.68
32.44
104.28
150.01
164.87
170.27
167.03
110.56
89.66
80.29
60.93
41.07
27.24
26.1
27.13
27.02
27.13
26.87
26.3
26.29
26.55
26.43
26.63
26.69
24.74
34.8
50.27
69.56
97.33
105.72
126.9
129.86
120.5
111.03
92.56
74.03
54.86
33.65
27.36
27.02
26.91
26.8
26.42
26.59
26.56
42.73
52.98
100.87
107.94
108.19
134.83
165.47
192.12
205.31
209.18
207.6
203.51
194.01
175.31
144.17
124.02
110.73
87.9
61.78
39.74
32.08
30.36
30.9
30.22
27.44
26.75
68.82
82.16
86.12
120.65
160.73
182.95
184.06
204.83
209.66
205.75
194.23
160.58
124.64
92.13
77.65
64.33
50.15
34.53
31.33
28.68
30.49
30.12
29.48
27.07
64.46
102.28
96.74
111.66
138.95
162.99
185.38
182.35
179.85
189.88
179.21
167.54
137.66
98.45
79.49
65.62
58.41
45.86
44.28
42.0
44.31
46.49
44.27
33.36
52.4
92.12
96.2
115.25
157.44
187.62
158.54
185.83
183.06
167.98
194.37
160.42
114.65
93.66
79.78
64.73
56.84
38.32
32.32
29.55
30.06
28.44
26.93
26.68
57.79
83.31
85.1
113.98
150.42
174.44
183.09
178.85
180.87
174.78
144.88
120.45
83.29
40.93
29.06
31.41
31.17
29.51
28.05
27.37
27.16
26.81
26.81
26.83
26.65
25.2
27.66
73.77
118.92
125.72
149.97
165.76
115.08
95.1
85.34
59.58
39.83
23.98
26.93
27.25
27.09
27.12
27.04
26.68
26.82
26.66
26.77
26.78
26.94
26.18
32.7
65.74
93.32
110.56
114.78
133.02
131.4
125.91
110.46
92.52
72.29
58.59
36.23
27.86
26.56
26.84
27.19
26.65
26.54
26.63
26.42
26.61
39.37
43.88
45.12
50.92
71.63
78.45
80.22
54.65
50.35
46.09
46.93
56.02
46.47
38.73
41.57
41.72
42.24
31.46
27.98
27.58
27.58
27.08
27.4
27.35
77.84
111.7
107.02
136.8
183.41
182.35
181.26
202.06
219.11
208.96
195.63
172.35
126.79
94.13
83.67
74.5
59.17
38.05
33.03
29.91
31.97
30.88
31.69
28.73
66.89
110.32
100.92
117.8
139.96
152.71
166.22
185.99
193.3
173.82
176.42
148.52
101.66
95.85
82.61
63.77
63.64
42.01
32.78
29.85
30.5
30.06
28.29
27.18
64.84
99.05
90.13
108.25
142.27
154.48
168.54
156.55
165.22
167.77
167.1
157.88
118.95
86.48
75.25
62.91
55.07
36.33
32.97
30.0
31.6
28.84
27.52
27.02
59.19
85.63
84.26
111.46
141.09
164.91
180.3
179.72
186.36
182.02
163.8
139.41
98.68
42.22
31.37
30.27
30.14
32.19
31.13
27.66
27.32
26.4
27.14
26.39
25.94
25.41
31.55
94.06
132.03
151.13
159.47
156.84
106.24
86.42
79.74
60.22
36.63
24.02
26.72
26.32
26.18
26.39
26.11
26.22
26.08
26.31
26.56
26.35
26.36
25.74
32.99
50.18
86.14
85.83
96.72
126.94
132.88
122.13
110.35
93.65
74.43
58.33
48.45
27.36
26.2
27.36
26.73
26.78
26.93
26.8
44.22
51.76
100.42
101.42
102.71
136.26
167.02
189.84
203.3
204.43
206.54
198.46
195.46
166.95
133.45
114.94
106.65
93.08
75.58
42.01
32.16
29.25
30.8
29.33
28.67
27.13
71.93
90.93
92.21
130.9
167.27
197.37
207.81
208.0
205.59
198.14
181.72
160.18
118.15
92.91
82.87
72.77
64.21
40.4
33.29
29.02
29.31
27.98
27.65
27.25
60.07
86.77
87.57
116.53
156.23
185.39
205.23
201.88
200.99
196.8
175.52
146.03
127.28
96.32
88.15
69.67
61.5
37.67
33.15
22.76
30.45
29.51
28.68
27.47
58.17
83.92
88.56
129.16
169.81
193.34
200.43
201.21
201.97
197.49
185.18
163.26
119.42
91.16
79.1
64.58
58.14
36.34
31.3
28.02
29.94
28.48
27.79
26.6
58.17
83.18
87.21
116.89
141.09
158.69
169.76
169.8
181.5
183.78
171.71
151.63
106.52
42.63
30.33
29.21
29.31
31.41
29.91
28.09
28.02
27.22
26.17
25.59
25.49
24.14
47.69
99.55
139.37
161.76
166.57
163.22
129.42
115.5
106.32
88.37
62.61
44.4
44.3
43.48
43.7
43.63
43.68
43.56
43.31
43.6
43.44
43.5
43.42
43.15
57.72
76.19
100.85
114.0
111.82
117.62
118.24
111.36
100.79
84.71
64.84
50.9
35.25
29.47
28.49
26.61
26.2
25.68
25.74
25.87
42.12
50.33
100.98
99.37
94.76
112.21
127.03
137.77
148.71
151.99
127.42
116.39
104.0
96.69
85.96
100.07
101.97
86.69
73.05
40.18
30.6
28.72
30.67
29.23
28.18
26.41
67.63
85.0
86.12
103.37
136.7
183.41
186.46
198.66
192.54
200.58
176.52
152.66
121.38
95.44
77.68
63.86
50.9
34.0
30.77
28.37
29.67
28.19
27.31
26.02
53.67
75.53
76.49
106.53
147.06
175.72
194.6
198.01
192.24
186.82
181.76
159.02
122.05
90.11
86.79
75.95
67.68
39.99
32.28
28.74
29.52
28.76
27.26
26.13
56.77
79.09
86.52
121.5
156.38
175.72
194.6
198.01
192.24
186.82
181.76
165.41
118.38
92.06
80.57
67.56
54.8
34.26
31.04
28.15
29.04
28.25
26.73
25.93
56.43
83.18
84.25
113.69
143.82
168.49
179.16
178.55
183.18
181.1
166.19
141.29
94.8
40.37
30.36
31.06
35.28
33.67
28.69
27.09
30.54
28.06
26.37
25.99
25.99
25.74
51.96
102.91
144.42
161.32
169.42
165.68
121.13
102.4
89.41
58.94
32.65
23.66
26.65
26.11
26.43
26.53
26.62
26.33
26.23
26.37
26.31
26.25
26.54
25.94
31.48
62.31
86.52
95.14
104.7
122.22
121.0
111.88
100.46
82.98
62.36
50.09
33.06
26.76
26.13
26.09
26.24
26.48
26.22
26.36
40.38
50.52
102.8
99.0
96.14
124.74
158.02
184.97
200.03
204.41
199.57
189.3
182.58
159.01
131.07
118.9
110.66
99.31
79.97
41.6
31.22
29.92
32.0
32.75
31.13
28.92
77.77
92.46
91.84
126.54
172.38
191.99
200.91
203.13
203.38
196.69
186.94
164.75
122.45
97.91
80.93
61.47
52.84
34.7
31.4
27.86
30.04
28.67
27.94
26.43
58.6
92.26
87.75
117.74
159.35
185.96
198.71
201.65
198.46
191.01
182.31
158.19
122.89
97.88
92.25
72.26
62.2
37.54
30.94
28.29
29.19
27.8
26.77
26.29
56.95
87.98
90.72
127.5
166.63
189.4
199.88
200.2
198.73
191.17
177.27
157.07
114.25
87.76
80.07
65.67
51.86
35.91
31.58
27.8
29.63
27.99
26.27
25.99
55.89
85.78
84.53
110.7
140.67
163.25
172.31
168.86
175.4
176.48
160.06
136.8
103.64
46.41
29.34
31.09
32.28
33.6
33.91
29.82
29.53
27.07
27.03
26.66
26.84
26.36
31.76
53.39
72.85
88.08
94.26
96.0
93.96
87.04
73.75
54.46
33.46
24.95
26.9
26.46
26.96
26.64
27.01
26.68
26.7
26.59
26.71
26.64
26.64
26.63
27.85
29.85
57.66
71.49
88.16
92.75
87.51
88.56
75.55
52.15
28.14
25.84
27.42
26.68
26.51
26.5
26.64
26.55
26.62
26.83
39.2
48.7
95.17
93.63
90.91
121.59
152.24
146.03
193.31
181.78
175.23
184.61
177.67
147.66
120.79
108.42
103.24
92.16
91.5
48.7
32.8
28.98
29.9
28.57
26.57
26.28
60.29
86.13
91.5
116.54
153.31
166.92
174.1
132.36
136.41
153.55
156.44
136.56
116.51
86.09
70.84
56.31
52.94
36.1
30.93
28.02
29.64
28.05
26.68
25.81
41.63
70.42
77.21
107.62
149.39
179.62
193.14
183.71
155.47
175.43
170.68
141.81
115.62
89.7
75.51
60.86
49.82
36.21
32.0
28.8
29.18
27.9
26.89
25.87
41.19
79.66
85.2
126.35
163.28
182.1
189.07
193.18
192.37
184.08
165.23
143.0
113.22
82.18
66.04
53.7
48.38
33.69
29.94
27.35
28.72
27.09
25.38
25.24
42.49
80.93
87.45
113.58
144.08
162.26
167.48
165.9
164.5
155.87
142.77
127.33
94.57
45.18
28.52
28.52
29.89
30.58
28.32
26.71
27.32
25.39
25.55
24.98
24.79
24.8
27.93
70.54
125.27
124.66
131.61
124.85
103.48
104.96
94.66
70.45
47.69
44.84
46.44
45.89
27.22
25.78
25.18
24.65
24.82
25.03
25.01
24.98
25.09
25.22
28.32
48.4
69.19
84.17
89.63
103.57
106.82
107.11
94.07
73.64
56.04
50.37
33.99
25.46
24.76
24.95
24.84
25.04
25.04
25.02
30.11
43.53
81.35
82.54
86.1
111.43
136.23
153.78
149.05
141.02
145.26
154.91
139.14
118.6
92.2
85.52
81.23
79.29
80.16
44.94
29.85
28.43
27.12
26.58
27.13
25.81
58.0
81.53
86.51
113.1
135.44
153.7
163.39
166.29
162.41
154.5
139.74
117.31
93.82
67.42
54.92
48.55
47.42
32.21
26.85
26.88
28.59
26.47
26.21
25.08
46.02
83.97
89.75
118.72
149.7
175.37
188.76
186.9
184.09
172.47
168.57
144.8
116.51
91.46
76.33
67.18
59.89
46.87
44.73
43.42
44.03
42.08
42.68
41.18
55.8
83.28
91.31
128.06
160.58
184.41
185.76
165.14
160.16
147.51
137.78
127.02
112.92
81.64
61.8
51.88
47.53
33.46
28.11
27.85
28.41
27.01
25.24
24.88
51.19
83.35
83.46
109.4
128.89
141.91
146.04
147.05
151.4
117.18
110.62
109.11
102.97
51.62
33.86
31.13
31.43
32.1
30.4
28.41
26.74
25.97
25.19
24.62
24.56
25.2
23.73
67.73
115.62
128.66
125.32
109.08
70.27
79.93
74.07
58.61
36.08
26.79
23.81
23.34
23.51
23.49
23.42
23.41
23.42
23.36
23.4
23.44
23.37
24.09
22.62
41.94
67.61
79.1
96.74
101.07
91.77
82.32
64.08
54.62
56.04
53.54
48.06
28.85
28.81
26.07
24.77
25.29
25.09
24.94
35.49
44.4
78.08
84.57
89.23
118.54
150.98
180.29
185.9
194.56
186.41
181.57
172.24
135.11
114.41
107.46
98.7
87.06
84.05
46.01
30.08
29.13
30.04
27.21
27.05
26.11
55.17
82.46
84.27
112.99
150.92
167.59
187.24
162.47
163.16
186.07
156.97
137.79
117.18
88.69
67.36
54.31
51.44
36.47
30.91
28.05
30.8
28.27
26.37
25.75
40.98
68.98
69.29
83.75
125.95
171.66
180.7
167.95
171.37
177.97
172.84
147.99
119.97
98.57
80.05
64.22
60.45
39.48
33.18
31.29
31.61
29.27
27.52
26.22
51.15
83.39
89.99
122.32
161.18
185.42
195.78
197.38
197.09
187.76
172.44
147.13
117.23
87.88
66.12
52.78
49.41
36.46
32.53
31.25
32.57
29.81
27.43
27.19
41.32
69.32
74.11
101.63
142.3
166.52
175.36
172.29
173.05
167.33
145.55
120.89
98.17
48.19
29.41
30.58
28.83
29.08
29.61
27.27
28.13
26.47
26.62
26.2
26.29
25.9
28.0
69.3
117.64
136.72
143.63
138.7
109.91
92.58
76.64
61.59
35.84
29.87
28.47
28.14
26.55
25.5
25.25
24.41
24.66
24.62
24.81
24.55
24.31
25.27
27.46
40.84
62.8
54.03
61.62
70.45
83.72
74.87
54.34
43.45
37.11
36.74
32.84
27.36
26.46
25.48
25.25
25.73
25.51
25.35
29.46
32.36
56.69
64.19
66.57
89.9
117.6
149.32
162.01
162.55
168.66
160.86
151.29
125.86
98.29
92.24
81.93
70.0
67.77
41.1
30.69
30.51
31.31
29.84
28.48
27.03
46.09
66.43
71.41
107.34
150.52
177.56
183.57
185.82
184.92
166.13
162.69
134.36
111.24
85.64
67.81
54.53
52.71
37.01
32.91
30.97
31.72
30.66
28.18
28.18
43.0
68.03
68.2
86.51
104.57
140.23
155.25
168.14
169.68
155.6
151.26
127.18
109.21
94.36
76.77
60.91
55.09
37.75
33.51
32.05
31.8
28.65
28.08
27.54
41.64
67.43
73.07
96.88
150.46
164.5
145.89
136.81
142.1
154.17
167.9
137.01
108.36
83.86
63.19
54.71
51.79
38.01
32.97
31.04
30.43
26.98
27.1
27.3
51.33
80.34
81.72
108.29
130.2
156.84
176.69
173.67
162.37
141.56
131.9
110.64
84.25
47.32
29.96
30.1
32.84
28.95
28.81
27.74
27.86
26.77
25.81
25.87
25.81
25.71
26.55
80.73
132.47
142.72
143.18
137.86
104.01
86.8
72.78
49.04
26.46
25.4
25.57
25.16
25.34
25.65
25.36
25.25
25.32
25.42
25.47
25.38
25.37
25.63
26.02
58.35
82.07
90.1
94.16
99.62
98.57
91.74
76.72
55.1
36.38
35.66
32.99
26.13
25.59
25.47
25.11
25.42
25.4
25.5
38.93
46.42
70.32
79.76
83.63
111.19
144.12
168.35
186.65
189.07
183.2
173.63
156.85
133.86
107.04
103.52
95.34
87.41
82.94
56.29
43.91
43.65
42.29
40.66
39.88
39.66
57.24
78.67
83.72
118.59
160.31
170.1
174.36
169.88
166.22
162.13
132.11
119.82
96.45
78.15
67.58
62.55
59.24
41.45
33.88
31.69
31.91
28.91
27.8
27.55
51.25
79.99
83.69
96.97
111.04
149.84
192.51
176.62
149.64
158.14
145.67
125.43
112.99
101.84
80.73
65.54
57.35
40.54
34.82
34.35
33.26
28.66
27.69
27.37
50.72
81.44
85.27
117.15
157.42
167.23
186.81
179.15
191.41
179.53
162.36
134.27
109.02
86.46
67.65
57.04
53.6
38.31
32.47
29.83
30.96
27.75
26.68
26.59
50.55
79.95
82.73
107.4
133.77
155.5
169.18
168.51
171.51
163.85
148.01
121.59
95.55
52.42
31.65
31.11
32.53
31.8
30.92
27.98
28.58
28.19
27.93
26.67
26.2
25.94
26.51
77.82
129.19
149.86
158.64
150.26
106.99
89.87
73.98
48.3
25.23
26.77
27.22
26.84
26.0
25.92
25.99
25.97
25.9
25.89
26.01
25.79
25.99
25.82
25.98
59.6
88.93
104.05
113.53
109.42
107.09
99.5
84.37
67.71
51.66
50.8
42.98
32.78
37.92
43.89
44.13
43.69
43.68
43.75
43.62
46.39
71.69
81.29
83.97
113.19
143.71
172.66
187.82
185.3
171.89
165.38
150.27
122.61
96.76
93.99
90.15
88.37
88.14
48.87
33.55
33.12
33.57
31.42
29.71
29.08
55.48
79.85
83.77
105.44
133.25
139.63
145.99
149.68
177.29
179.36
163.08
132.09
111.74
87.0
70.33
57.93
54.39
41.09
33.3
31.52
33.35
29.51
27.05
26.62
38.0
42.13
40.26
59.69
82.04
99.0
107.31
110.86
107.96
99.02
84.47
59.53
44.16
44.23
47.56
46.81
48.06
34.79
29.55
29.36
28.88
28.25
26.72
26.33
53.16
82.0
85.88
120.58
163.69
184.0
186.34
195.5
174.84
186.45
167.71
141.57
117.59
89.02
69.13
59.04
55.36
41.19
33.5
31.9
31.17
27.46
26.95
26.29
51.58
79.42
80.78
108.47
142.03
171.02
179.77
162.77
159.84
151.93
135.09
104.83
81.52
45.66
31.9
30.99
32.25
30.96
29.57
28.44
29.72
27.43
26.83
27.04
26.54
26.8
25.19
73.5
127.31
149.09
157.16
154.8
109.16
83.58
69.58
42.76
24.36
27.2
26.84
26.71
26.54
26.77
26.65
26.79
26.52
26.81
26.72
26.87
26.66
26.79
24.36
44.91
57.21
78.06
60.23
66.98
63.87
63.05
64.23
57.62
55.63
56.94
50.14
29.33
26.52
27.07
26.51
26.82
26.53
26.87
40.18
47.1
72.74
81.41
84.17
110.44
126.5
174.81
192.0
179.5
193.38
151.89
145.99
136.62
127.45
123.38
112.42
103.85
100.16
54.25
33.31
32.64
33.61
30.45
27.69
27.28
57.69
82.04
84.18
116.91
160.54
177.74
189.2
191.73
189.62
180.92
162.14
133.68
112.13
90.22
74.37
60.71
57.9
39.86
33.38
32.92
33.81
32.07
29.36
27.61
54.41
82.54
81.36
107.32
142.68
169.38
186.39
188.8
180.04
174.86
158.03
131.26
112.57
96.86
80.94
66.56
56.13
40.9
32.27
31.59
30.49
29.2
27.75
26.46
52.68
79.83
81.75
111.26
153.32
177.13
185.58
187.06
185.42
176.32
159.41
129.98
110.79
86.72
69.32
58.67
55.26
39.92
33.57
32.36
34.56
30.38
28.55
27.55
52.73
79.97
81.38
105.5
141.64
165.46
175.43
173.83
175.1
161.89
137.07
103.5
84.09
46.53
29.73
30.53
29.54
29.71
28.51
26.67
26.17
25.27
25.76
25.43
25.6
25.57
23.63
70.12
123.61
145.71
150.55
137.54
99.95
80.38
67.67
37.52
25.38
26.54
26.96
26.02
25.88
26.11
25.77
26.1
26.0
26.07
26.0
26.19
26.03
26.08
24.09
48.57
77.88
94.34
105.38
110.08
97.35
89.42
73.92
46.66
37.76
36.54
30.6
25.9
25.69
25.91
25.91
25.9
25.91
26.12
39.28
46.51
71.67
80.91
81.61
103.13
139.07
167.88
183.87
186.05
166.03
161.72
149.0
117.13
98.88
98.97
97.49
87.87
82.82
46.51
31.64
30.97
32.27
30.41
27.53
26.68
53.97
78.95
80.27
106.07
148.05
174.28
182.09
186.44
182.51
177.64
159.69
128.73
110.9
85.71
68.94
58.42
56.9
42.21
32.96
30.93
35.42
28.11
28.8
27.26
53.26
82.23
82.75
88.74
109.69
119.26
122.43
144.89
128.74
119.92
117.37
110.01
97.75
84.22
64.7
57.89
54.98
38.92
31.55
28.23
27.02
26.75
26.9
26.87
39.11
43.23
41.91
47.57
68.26
70.11
67.94
66.72
96.88
88.5
75.44
50.25
41.23
43.8
42.95
42.9
42.75
32.27
26.24
26.07
26.08
26.26
26.07
25.91
38.84
42.44
41.25
50.31
75.41
92.12
101.18
103.69
101.8
92.51
76.51
49.69
41.44
43.83
43.44
43.17
42.75
32.15
26.18
25.91
25.82
26.1
26.13
26.02
25.79
26.29
24.43
72.05
102.34
118.49
126.87
128.92
98.55
77.13
59.52
33.98
26.23
28.63
28.09
26.16
26.39
26.25
26.41
26.41
26.37
26.43
26.61
26.26
26.22
26.36
24.86
46.5
74.64
92.05
101.54
59.86
94.68
87.08
74.32
55.0
51.08
52.31
34.86
26.08
26.16
25.77
25.81
25.62
26.15
25.73
41.53
48.66
81.96
84.85
81.95
97.27
125.4
147.83
162.25
168.46
166.59
158.28
151.22
127.02
111.73
107.79
97.1
89.42
88.08
50.05
32.48
32.11
36.15
31.85
30.65
26.64
63.04
84.28
83.89
103.21
143.17
161.77
170.88
171.23
170.6
160.61
146.03
124.82
112.16
90.38
72.45
61.33
59.21
45.83
35.27
32.07
37.63
32.34
30.26
28.24
56.91
89.37
81.99
95.95
125.31
147.26
159.98
166.79
165.37
159.67
150.1
124.64
110.64
93.47
78.74
65.22
57.99
38.48
31.33
29.03
31.86
29.37
28.52
27.32
53.71
83.47
82.51
100.13
135.04
158.34
165.42
166.27
163.48
159.21
145.77
123.1
111.75
81.99
61.82
53.28
53.02
38.03
31.1
28.92
29.33
28.14
28.25
27.05
53.48
81.4
82.08
95.59
123.49
137.75
144.23
142.81
148.32
144.94
124.23
117.12
108.71
60.3
39.37
38.13
32.4
32.89
30.12
27.31
27.9
27.25
26.73
26.58
26.42
26.3
24.71
61.75
108.27
126.84
133.17
132.52
104.17
89.91
74.69
36.8
25.39
27.47
27.11
26.85
26.44
26.42
26.4
26.37
26.35
26.28
26.56
26.45
26.02
26.66
24.99
26.88
44.8
57.74
66.57
68.63
68.33
51.77
32.63
25.74
26.04
28.24
28.46
27.23
26.08
26.4
26.23
26.19
26.55
26.3
40.21
47.55
75.43
81.33
82.45
88.85
117.43
133.94
145.08
148.21
143.36
120.15
110.26
91.72
82.32
84.06
81.35
80.27
78.67
42.2
28.18
28.33
30.2
28.01
29.06
27.97
57.61
81.36
82.78
92.1
115.89
134.75
149.15
150.58
148.25
142.52
128.32
107.19
97.35
75.81
61.55
55.15
54.94
36.83
30.3
26.9
27.12
26.45
26.74
26.08
52.21
79.25
83.9
96.27
120.44
129.0
129.13
140.96
127.48
122.99
110.26
101.35
95.16
80.77
65.51
53.94
51.41
34.58
28.91
28.64
28.43
28.48
28.39
27.61
54.33
81.66
82.24
91.8
111.37
130.31
139.08
140.06
142.34
136.36
120.84
99.69
90.57
69.06
56.99
51.48
48.99
34.09
28.06
27.4
27.42
26.02
26.63
26.19
51.96
78.99
80.54
85.54
92.58
101.79
103.12
105.63
109.31
108.48
99.31
93.76
88.27
44.9
29.92
30.23
29.83
29.3
27.86
27.58
27.05
27.4
26.83
26.66
26.22
26.33
24.74
58.34
70.28
82.86
87.05
97.84
80.76
57.36
46.63
31.62
25.13
26.98
26.8
26.03
26.52
26.12
26.14
26.1
25.95
26.03
26.1
25.9
25.98
26.25
25.01
26.72
43.33
58.98
68.05
69.89
68.22
61.44
49.07
28.55
24.26
26.79
26.59
26.42
26.2
26.29
26.33
26.51
26.36
26.31
42.03
49.26
84.01
86.13
86.6
88.96
98.71
107.18
134.27
126.44
111.74
111.84
106.33
102.86
88.67
85.66
81.27
77.31
87.5
44.62
28.89
27.27
26.75
28.18
28.82
26.67
64.61
94.36
94.38
102.49
126.31
144.68
154.48
157.04
154.46
146.23
132.88
111.33
98.94
79.78
65.87
58.93
56.32
33.16
27.26
26.19
27.0
27.25
27.91
25.69
56.72
93.86
90.23
101.42
126.63
145.4
153.43
153.79
148.46
140.84
128.68
107.59
97.83
81.11
67.46
60.1
59.17
35.93
27.48
27.37
27.38
27.13
26.95
26.13
57.06
86.32
78.61
84.78
106.53
123.41
133.54
135.61
134.23
129.88
115.99
93.52
85.46
66.11
53.95
49.43
48.82
33.75
27.41
26.98
26.67
26.55
26.96
26.13
56.86
85.18
80.74
89.46
108.16
122.74
132.64
136.29
134.08
128.09
112.33
88.88
80.88
42.48
27.67
27.29
26.57
26.17
26.15
26.09
25.71
25.85
25.86
25.81
25.68
25.81
24.67
24.0
30.29
34.68
34.93
32.87
32.21
28.96
35.11
28.81
24.73
26.43
25.93
25.69
25.51
25.8
25.76
25.72
25.89
25.78
25.85
25.82
25.65
25.85
25.07
23.61
35.32
53.29
64.89
67.93
65.73
55.84
47.31
27.62
24.17
25.82
25.85
26.43
27.14
27.27
26.32
25.51
25.33
25.32
41.29
48.83
80.14
81.08
79.97
89.37
110.03
128.82
121.98
127.57
116.79
109.55
105.24
92.45
83.96
79.3
76.34
74.04
73.82
40.31
27.35
26.99
26.7
27.03
28.84
26.38
62.34
84.85
82.65
86.02
93.98
96.24
94.62
94.73
97.06
86.28
82.51
75.69
74.25
58.6
51.11
49.04
48.51
35.76
28.23
26.16
27.27
26.61
26.35
26.44
47.07
67.12
66.54
66.4
62.51
62.62
69.12
83.94
108.5
85.48
69.5
64.04
58.86
56.63
51.11
45.91
44.94
32.27
26.31
26.72
26.34
26.31
26.55
26.43
40.69
45.54
44.81
44.37
51.51
57.08
76.3
76.46
69.08
60.42
55.83
44.46
41.78
43.72
43.57
43.09
43.05
32.22
25.87
25.63
25.93
25.85
26.07
26.01
40.7
43.77
42.15
41.99
56.45
72.93
70.11
77.36
75.98
80.18
68.29
46.45
41.9
44.08
44.07
43.32
43.09
32.35
26.05
25.59
25.7
25.76
26.15
26.01
25.9
26.13
24.63
25.19
40.22
57.26
65.44
71.05
70.89
64.61
51.03
29.72
24.21
26.58
26.05
26.09
25.92
25.87
25.85
26.09
25.94
25.9
25.97
25.82
25.66
25.96
24.97
25.5
40.39
56.31
65.85
69.36
68.08
61.59
49.79
29.39
24.02
26.35
26.31
25.77
25.67
25.89
25.93
26.09
25.84
25.74
38.78
44.88
64.28
71.43
70.96
75.52
88.77
109.22
118.58
113.32
101.23
101.93
93.4
76.85
68.33
63.59
60.37
59.53
61.9
37.87
27.84
27.64
27.65
28.57
28.45
26.91
52.42
70.33
68.8
69.23
80.93
110.31
97.73
113.57
116.61
109.36
94.39
75.86
65.24
55.11
48.9
47.11
46.99
37.88
28.13
27.5
27.52
27.47
27.6
27.37
43.53
69.16
65.34
68.99
87.36
105.88
116.08
118.2
114.72
107.82
96.95
74.9
64.08
56.95
49.21
46.17
47.2
34.4
27.87
27.0
27.33
27.3
27.21
26.69
45.84
70.61
66.95
63.78
83.86
99.24
110.48
113.12
116.11
116.87
96.33
77.37
68.12
58.83
48.13
46.63
10.46
32.0
25.61
