147.73
148.08
150.33
150.39
151.69
151.49
151.31
152.76
152.46
159.59
152.08
153.11
154.35
151.78
155.31
153.12
153.02
150.85
156.25
156.44
154.64
151.14
154.54
156.23
155.64
155.61
155.31
155.83
158.03
162.17
179.12
179.43
181.09
184.97
187.32
179.86
176.94
171.56
169.08
165.88
164.15
163.55
150.2
145.8
144.82
142.79
146.55
146.52
147.54
148.46
150.21
149.14
149.34
157.09
176.31
175.58
176.27
172.92
169.53
168.69
166.07
162.54
162.46
157.96
156.74
148.64
146.38
145.9
144.5
143.66
144.0
148.77
147.25
146.6
149.22
149.79
150.24
155.31
174.79
175.11
173.89
171.15
166.15
164.01
162.63
162.47
158.29
153.67
150.12
144.96
145.72
143.02
140.69
139.48
142.13
142.46
139.86
143.98
144.58
146.48
149.4
158.27
177.67
180.3
179.01
178.96
182.68
183.31
182.23
181.8
174.36
168.73
166.37
161.08
156.09
152.7
150.02
144.07
145.44
144.74
142.24
143.19
143.56
146.45
146.78
153.16
175.33
172.95
169.07
170.82
173.82
170.62
175.27
178.46
181.01
172.61
170.68
162.48
151.63
147.62
145.78
143.62
143.67
143.05
143.1
142.16
141.04
142.61
143.14
149.76
165.85
161.16
161.91
170.25
171.12
170.79
172.75
177.04
175.14
169.74
167.91
160.46
152.94
151.68
150.75
147.8
147.92
146.57
145.45
143.4
144.47
144.35
145.19
150.42
157.14
156.46
159.89
160.98
166.25
166.47
173.11
169.15
169.45
166.82
169.82
164.34
156.39
154.19
154.56
150.96
144.98
144.09
142.78
142.18
143.48
144.95
145.38
150.69
167.97
161.27
160.01
165.36
173.37
173.03
174.03
176.89
175.4
171.18
168.72
162.8
157.2
153.89
153.92
148.15
147.72
146.87
147.39
145.61
146.31
146.46
145.11
151.05
163.53
159.57
160.87
160.45
160.37
156.74
160.26
157.74
160.68
158.96
155.46
153.15
151.93
152.65
150.72
147.13
146.02
145.37
144.35
145.32
145.34
146.19
144.81
152.93
166.59
156.48
157.68
154.98
157.48
157.72
157.82
158.5
160.6
159.0
154.96
151.16
151.87
150.24
147.79
145.28
144.15
145.0
145.65
145.15
145.15
147.77
148.49
155.19
161.19
159.97
165.31
168.17
177.34
184.06
182.3
181.2
184.08
179.08
176.58
168.77
172.59
169.21
163.29
156.69
150.76
150.68
147.63
147.8
146.86
148.66
157.75
159.93
164.98
165.45
169.94
178.36
182.01
191.09
197.31
198.08
196.23
188.85
185.0
173.2
171.39
163.25
164.04
158.44
149.84
147.97
148.24
148.31
148.38
148.91
158.73
165.38
173.9
173.12
176.54
184.35
189.02
192.89
193.47
192.13
189.85
185.8125
181.1225
176.775
169.22
164.2625
159.805
155.2175
153.42
152.765
151.525
151.6925
152.1025
153.1625
153.925
156.7625
161.8675
164.5225
165.9975
174.24
180.41
182.5125
184.92
185.695
186.3275
185.3
177.54
175.405
168.4375
162.81
159.83
157.94
154.205
152.86
151.6175
151.77
151.6575
152.565
154.1225
156.6975
166.5325
173.78
176.42
180.72
183.94
183.95
191.61
193.69
190.17
187.46
183.01
172.56
168.65
167.7
169.38
164.3
158.6
157.27
151.57
154.66
154.06
152.81
159.08
163.48
173.58
168.81
167.7
167.15
167.37
165.83
166.6
165.87
167.31
164.76
161.46
157.68
159.14
160.94
155.83
154.55
153.03
152.22
153.0
152.37
151.37
152.54
161.09
164.71
173.16
168.81
167.79
165.68
169.51
170.46
173.23
174.68
173.53
173.27
172.12
163.69
161.26
160.66
156.63
153.01
153.43
153.38
150.91
152.1
150.93
152.93
162.35
160.6
159.37
160.79
162.42
164.09
170.71
174.84
174.28
175.15
172.98
171.35
170.38
165.97
162.4
162.79
163.52
161.56
154.51
152.48
151.21
151.09
151.13
152.23
162.33
168.63
178.18
178.09
177.37
185.54
192.31
191.91
200.71
200.68
198.26
195.25
192.85
179.52
176.02
171.34
165.47
161.39
158.79
157.19
154.09
156.41
153.49
156.5
162.51
162.65
169.85
175.38
179.7
187.6
196.67
199.57
195.97
202.78
203.01
196.35
190.66
183.27
180.55
176.12
168.79
161.45
157.19
155.47
153.97
157.01
154.59
155.29
162.55
168.11
174.62
174.85
180.72
191.17
194.25
195.99
203.06
199.24
193.73
195.76
134.87
180.46
178.52
172.48
169.19
167.82
157.65
154.72
153.52
155.92
154.38
155.61
165.06
169.58
186.0
186.43
188.55
190.95
193.85
196.75
199.04
198.14
194.98
188.98
181.63
167.5
165.15
161.95
161.95
157.27
153.69
151.89
149.94
153.26
152.82
149.86
159.36
164.09
174.71
170.5
167.13
167.3
166.42
167.12
165.52
166.95
166.61
164.74
165.04
161.11
159.93
162.21
154.48
150.76
151.8
150.37
151.58
152.37
150.97
151.2
151.47
157.74
168.61
163.44
162.26
164.93
165.31
165.3
169.83
169.3
170.87
167.97
164.74
160.24
156.92
155.74
153.94
153.58
151.08
152.03
151.3
150.0
151.17
152.13
153.97
158.44
169.35
169.32
175.59
182.68
193.16
193.76
193.06
190.4
195.12
193.57
184.99
176.7
168.62
167.11
163.46
158.59
155.71
155.64
151.56
154.23
153.7
156.28
154.75
158.45
164.94
166.25
170.59
182.29
186.31
190.44
195.61
192.46
197.46
197.36
189.68
182.3
176.25
168.9
161.47
156.44
156.44
157.56
153.49
156.99
156.41
159.36
155.93
157.95
164.13
167.98
169.6
179.15
194.49
192.84
194.83
196.19
197.33
187.93
185.3
181.93
175.58
171.34
166.95
159.6
156.66
153.69
153.72
155.78
157.29
157.89
154.43
157.91
161.57
162.27
168.4
178.39
179.95
181.19
185.94
187.57
189.19
186.28
184.73
176.86
168.78
164.2
159.42
160.87
155.0
156.54
154.59
154.51
156.27
156.29
153.88
155.49
161.61
165.9
168.5
176.62
183.83
191.49
184.25
189.02
185.84
179.72
176.29
169.28
158.66
155.81
153.78
149.58
149.42
151.33
151.32
149.9
151.5
150.66
149.74
155.34
166.78
160.94
159.73
162.4
162.48
161.88
160.25
159.24
159.75
159.14
157.04
156.26
157.32
157.91
151.89
148.53
148.75
148.31
148.48
148.97
147.05
148.97
149.02
155.04
171.7
165.12
162.11
161.34
162.84
163.68
161.25
159.36
164.28
161.52
158.95
155.2
150.7
151.55
148.77
148.29
150.17
148.76
150.41
148.61
149.1
151.5
151.55
157.77
173.53
170.88
176.6
181.17
189.94
185.44
188.22
188.88
193.66
189.76
179.46
172.97
169.4
164.02
160.34
155.99
153.84
152.02
149.54
152.32
153.86
155.13
151.44
158.48
171.4
167.05
169.67
175.83
181.47
189.74
195.74
197.56
199.76
194.29
196.33
182.2
172.08
165.65
160.8
155.08
155.49
153.44
153.2
154.09
153.91
154.63
154.33
161.21
167.21
171.13
172.88
179.43
191.85
193.69
197.04
193.4
195.27
191.43
186.69
184.01
175.45
171.21
160.5
155.98
153.67
150.94
150.87
153.57
152.74
153.26
152.77
158.63
164.24
163.63
166.26
176.78
185.83
192.67
197.09
196.35
201.37
195.61
189.52
183.26
175.41
168.34
163.51
156.95
154.77
154.25
153.62
153.8
152.25
155.72
153.71
157.74
164.28
167.04
169.51
174.33
185.18
196.83
197.77
203.85
204.37
200.79
189.52
179.56
170.43
167.49
163.86
156.21
154.16
151.15
151.73
154.13
149.62
151.87
149.72
151.09
157.91
157.61
158.99
156.16
159.51
158.8
165.35
165.96
168.45
167.42
164.05
160.17
159.17
158.61
151.92
150.54
148.28
149.34
148.48
149.5
148.23
148.51
147.28
149.58
156.55
156.09
155.0
154.62
158.52
163.74
168.51
168.48
173.28
171.06
167.38
160.66
156.93
154.23
152.25
149.02
148.85
147.89
149.47
150.41
149.41
150.79
150.18
151.86
157.95
164.4
169.05
176.92
188.59
196.5
198.64
199.67
207.77
204.16
198.78
188.56
173.96
165.63
162.15
160.03
155.7
154.92
150.54
153.67
153.61
155.21
154.76
153.19
161.49
167.05
173.26
179.35
189.62
193.67
196.24
201.32
207.51
201.26
193.83
185.59
176.46
166.31
161.16
155.15
154.8
154.55
151.29
152.82
152.84
152.01
152.29
153.46
160.89
165.84
174.81
179.55
183.62
200.3
202.23
200.42
202.2
197.17
189.09
183.11
174.64
165.31
157.65
156.4
154.67
154.43
152.5
153.22
152.09
154.59
151.44
153.54
158.47
164.74
169.26
176.86
188.05
194.3
193.58
197.7
203.77
198.37
193.87
182.69
175.54
168.11
163.79
159.6
156.05
155.35
151.8
154.62
152.87
154.72
153.24
153.41
163.06
167.39
170.99
176.88
186.05
193.81
195.66
198.68
196.72
195.02
186.4
179.76
174.52
165.07
162.93
156.29
155.36
154.86
153.21
153.42
154.22
154.07
150.25
151.09
158.67
160.06
160.24
158.61
161.31
164.03
169.59
174.26
172.26
168.75
165.52
163.0
159.74
159.42
153.72
151.59
151.29
148.93
149.56
149.21
149.7
148.93
148.06
150.3
154.5
155.52
156.65
155.55
161.87
165.34
171.59
174.51
172.44
171.66
169.68
164.53
163.36
159.22
151.95
151.6
148.75
150.07
148.54
147.99
146.69
148.76
149.18
150.44
160.15
167.51
171.25
177.47
190.75
197.97
198.37
197.22
204.52
201.18
189.74
182.31
170.23
164.76
160.3
154.28
153.95
153.85
151.14
152.27
152.61
152.49
153.19
154.69
161.29
166.78
171.2
179.66
183.73
193.27
196.5
198.0
197.52
200.49
196.22
188.46
177.43
168.68
161.11
157.3
154.32
153.65
153.57
152.32
154.27
153.27
155.04
158.92
166.91
168.69
178.69
182.2
189.83
196.5
195.7
195.92
208.02
199.97
190.69
183.39
174.99
167.56
159.15
152.33
154.18
152.93
153.12
152.23
153.14
152.32
151.94
156.64
164.81
166.57
168.66
177.79
184.43
187.91
193.3
193.5
197.45
196.69
192.32
185.61
169.87
162.26
158.13
156.56
153.44
151.25
149.78
151.73
152.23
153.17
151.0
155.87
163.79
167.79
171.26
178.36
181.84
184.93
187.4
197.71
195.6
194.4
188.65
180.7
168.3
165.19
160.72
156.17
154.11
155.56
155.08
154.85
155.9
152.73
150.78
151.53
159.84
160.32
160.27
157.17
160.49
163.11
166.06
167.49
167.03
166.2
166.05
164.03
162.28
161.0
152.29
151.99
151.42
150.54
150.26
149.53
149.31
147.96
148.85
150.63
157.76
161.13
158.8
159.83
159.27
164.25
166.37
167.09
169.74
168.29
166.68
163.59
158.31
156.46
150.62
149.38
149.23
148.39
149.3
148.49
149.07
150.64
152.19
154.29
162.91
166.78
170.03
178.48
187.12
193.3
194.43
192.95
194.09
191.06
185.82
180.69
167.69
164.08
159.18
153.23
150.72
151.33
150.8
151.72
151.32
153.55
150.39
154.21
166.44
168.28
173.58
181.26
187.65
191.21
192.68
190.82
193.77
190.54
189.64
182.21
173.56
166.69
161.86
159.56
159.01
157.65
156.47
156.55
157.67
158.09
156.04
163.99
180.36
178.37
180.28
180.86
189.21
187.0
188.31
194.32
197.53
198.09
188.22
182.56
171.99
164.01
159.11
154.04
152.68
154.81
151.6
153.01
153.37
154.62
155.3
161.37
174.59
171.51
174.94
180.29
182.86
189.13
190.6
189.85
193.51
195.27
189.67
182.14
171.39
162.22
160.79
158.54
152.03
154.03
152.71
153.96
151.75
153.25
152.15
158.75
170.25
172.92
170.89
175.32
183.42
188.86
198.51
198.86
194.78
194.23
186.02
178.57
175.85
162.49
155.65
153.66
152.39
154.52
153.06
154.43
154.41
154.78
151.55
153.43
161.07
165.4
161.2
161.55
162.74
164.39
168.17
165.89
166.58
166.44
166.91
168.86
167.01
162.82
158.42
152.77
151.6
150.47
151.71
151.99
152.29
150.84
152.34
153.73
159.58
162.66
159.41
163.1
161.7
165.3
166.42
171.6
170.46
172.46
172.27
169.59
167.76
162.36
158.63
153.88
152.63
152.9
151.9
151.47
150.62
152.69
154.97
154.66
161.46
166.89
174.83
185.25
193.48
196.15
190.3
190.45
193.67
188.04
179.46
178.36
168.46
162.41
157.03
154.7
152.9
151.2
149.2
152.5
152.02
152.84
152.25
158.31
181.27
176.24
174.23
183.98
181.01
187.55
183.01
184.63
187.27
193.49
190.07
185.57
174.97
167.49
164.86
158.88
155.31
152.75
152.33
156.71
153.73
156.48
163.7
169.17
183.84
182.49
181.07
183.97
193.39
193.19
195.08
198.26
198.53
195.12
185.84
181.77
172.96
165.79
160.84
156.91
152.61
150.89
149.11
150.31
150.05
151.87
160.82
164.7
178.6
178.37
175.06
180.71
184.97
189.33
196.09
195.88
200.96
197.1
186.28
177.99
170.25
164.65
162.09
161.52
153.49
151.96
150.01
152.93
154.66
154.61
153.3
159.35
168.58
169.95
169.02
175.35
178.99
189.21
189.91
192.36
192.46
192.33
182.96
175.27
169.27
164.19
159.47
155.15
153.61
152.31
150.84
150.89
150.38
148.93
147.9
149.25
159.91
158.58
159.05
158.77
160.85
167.85
169.96
175.11
176.54
175.86
168.21
162.36
160.46
158.71
153.17
151.7
151.57
150.75
149.64
148.67
148.09
149.06
147.39
149.36
154.56
158.93
156.05
161.73
167.85
169.25
173.23
175.75
176.95
174.82
170.42
165.16
163.91
157.51
153.26
151.85
150.3
150.15
148.0
148.2
148.93
150.14
150.4
152.32
161.41
161.44
162.04
174.56
173.5
180.08
182.88
186.6
186.35
187.75
183.72
179.79
167.87
160.17
154.64
149.93
148.98
148.09
144.58
144.56
142.8
137.27
123.0
125.27
135.42
143.0
140.3
150.17
177.22
189.59
198.21
198.19
195.21
194.85
186.9
177.9
170.63
166.7
160.8
118.92
156.24
154.42
150.71
152.13
151.56
153.28
155.08
153.46
162.58
164.28
167.9
173.64
183.2
194.06
196.99
192.01
190.69
191.24
182.96
176.03
170.22
165.62
161.37
161.27
157.62
158.77
155.24
152.99
150.83
152.38
152.86
153.61
159.18
163.16
168.33
174.47
178.82
183.87
186.74
191.52
193.71
186.36
184.51
182.0
174.75
163.4
162.57
161.33
157.23
154.9
151.85
154.75
156.12
155.94
151.39
153.43
158.76
163.71
165.7
174.46
184.55
191.25
191.42
194.12
201.62
196.71
191.04
176.84
169.39
161.98
163.71
159.75
156.63
157.35
153.94
153.17
151.47
151.27
150.19
150.62
157.39
158.98
158.46
165.16
172.96
173.05
176.32
180.42
181.42
179.69
170.8
164.14
163.84
160.31
156.28
156.29
154.7
154.3
152.38
153.28
152.2
150.22
149.14
150.77
155.74
156.47
157.39
165.56
171.23
177.24
184.41
184.85
186.9
183.48
175.03
167.14
164.37
159.92
157.01
155.91
156.18
153.36
151.98
151.16
149.26
152.51
153.3
153.13
158.9
166.19
173.89
184.46
196.82
208.23
207.23
211.46
216.1
213.01
202.38
188.22
180.12
171.45
166.74
162.22
158.89
159.89
162.33
158.26
157.25
156.63
155.87
156.13
160.87
165.02
171.54
185.47
187.41
196.31
201.4175
207.84
213.85
207.13
200.17
190.05
180.54
170.87
166.34
161.86
160.44
159.26
156.14
158.71
158.85
157.88
155.78
155.8
161.25
167.15
171.8
185.77
189.94
198.34
203.13
198.06
197.01
193.45
189.95
180.12
174.35
168.04
160.4
155.3
153.56
154.34
155.29
154.94
154.99
157.41
153.68
155.85
163.31
165.03
169.6
179.75
186.94
191.52
190.49
195.26
192.86
192.46
191.23
179.61
170.9
163.8
159.75
157.62
150.77
149.2
147.34
149.12
147.04
148.33
149.73
150.23
156.93
165.41
167.98
178.08
189.45
193.0
199.29
199.42
196.52
197.59
195.73
181.9
173.88
167.0
162.27
153.95
153.68
153.79
149.62
150.24
150.52
149.72
148.33
149.09
153.48
158.93
157.3
168.1
171.2
171.9
175.67
179.87
178.65
180.84
178.09
171.68
167.28
163.83
157.98
154.7
152.38
151.85
151.97
149.77
149.84
149.59
150.07
149.66
155.96
159.23
159.48
166.46
169.45
177.3
181.81
185.83
186.83
185.1
180.75
172.72
170.69
163.94
158.61
157.98
157.86
152.93
151.88
153.58
154.02
155.5
156.57
158.19
162.85
167.64
174.86
187.36
196.41
207.58
208.58
210.75
208.13
208.02
200.34
189.97
183.04
170.74
166.87
161.33
156.36
155.54
152.5
152.81
151.28
151.6
152.43
151.32
158.6
163.15
168.61
179.42
188.67
199.16
204.98
206.08
208.9
206.1
202.55
188.14
179.97
170.94
167.71
162.12
158.09
156.56
154.76
154.85
151.55
152.81
153.22
154.67
161.68
166.8
171.3
180.06
198.22
207.24
207.24
210.03
210.66
203.05
196.95
189.37
184.74
175.97
171.27
164.32
163.11
161.96
158.09
156.81
156.98
156.43
157.63
160.23
165.57
168.65
176.12
187.0
195.04
202.91
205.58
207.98
211.23
203.2
195.07
185.43
174.8
168.22
162.62
161.09
159.99
157.36
152.61
152.33
154.56
155.56
154.68
155.93
160.2
166.22
170.54
180.02
192.49
198.22
200.06
203.84
206.61
201.78
193.8
186.53
179.7
173.12
168.64
165.84
165.62
163.56
162.59
159.24
157.73
156.36
155.7
156.63
162.32
165.23
166.03
169.55
175.29
179.76
182.37
183.91
184.94
187.51
183.63
179.3
176.18
172.72
167.1
162.62
158.67
157.52
157.51
155.31
154.62
153.58
154.43
156.28
161.48
164.95
165.58
168.25
176.53
183.37
186.7
187.34
190.09
188.89
178.56
175.51
171.31
164.43
162.88
161.15
160.83
156.69
156.87
155.79
157.24
157.69
156.99
158.84
165.19
172.14
176.9
186.23
200.27
207.75
211.72
210.9
209.32
202.41
196.14
189.91
181.97
173.9
168.81
163.52
161.33
159.28
158.24
156.52
156.15
155.39
154.56
156.74
160.86
168.99
176.86
191.96
200.85
205.77
209.19
209.64
212.54
212.29
198.92
187.58
181.18
174.58
166.2
163.58
161.45
161.03
156.6
160.4
158.82
160.87
158.67
158.91
164.28
171.34
177.9
187.76
197.16
203.03
206.02
207.35
205.82
205.82
198.16
190.41
183.74
175.94
170.56
163.91
163.6
161.05
159.1
158.29
156.79
157.37
158.51
159.92
166.04
170.01
174.14
187.41
199.9
204.9
206.6
208.0
211.15
205.22
200.49
194.06
182.99
175.58
170.45
167.88
162.83
160.73
156.05
159.57
157.0
158.67
157.04
159.41
167.49
171.61
174.88
184.41
194.73
200.8
203.67
206.13
207.8
205.24
190.86
178.47
177.96
169.88
169.46
163.21
161.41
159.11
157.22
158.08
155.55
155.95
155.65
156.32
162.44
166.51
164.08
167.93
173.13
176.15
181.35
182.1
183.82
179.35
175.32
171.24
167.37
165.36
162.24
162.04
160.49
160.13
159.56
157.86
156.78
155.55
156.77
158.54
161.92
166.06
165.57
166.54
179.66
183.04
185.25
181.08
182.33
180.6
175.78
171.84
166.72
164.62
158.99
156.94
155.41
154.89
152.44
151.21
151.95
154.45
155.08
157.28
162.65
167.69
173.47
185.6
198.61
201.76
204.78
208.88
199.65
204.6
199.08
185.52
178.42
169.94
166.4
160.84
158.39
157.99
156.54
153.24
152.06
153.81
153.73
155.26
160.33
165.75
169.0
181.82
190.05
198.71
203.86
206.78
206.78
205.06
197.38
183.92
176.3
169.48
165.7
158.39
154.12
154.87
151.77
151.44
155.39
154.43
153.75
154.65
160.93
167.08
173.22
186.55
196.55
199.67
203.61
205.11
204.54
202.89
195.83
189.06
180.03
171.82
162.28
157.67
157.1
157.59
154.21
154.07
153.91
153.94
155.88
156.05
165.61
171.96
173.48
186.4
193.04
198.55
202.21
203.07
207.09
199.36
195.46
187.81
181.73
168.05
165.4
161.43
156.12
157.42
157.67
156.84
154.64
157.36
155.04
155.49
164.51
170.16
173.35
184.53
191.53
200.19
200.82
200.86
202.62
195.84
188.61
179.49
173.56
168.08
162.88
157.92
158.15
158.47
151.54
153.85
151.52
150.14
150.41
151.13
157.74
163.05
162.5
165.26
169.03
171.93
174.4
175.84
179.22
179.76
179.32
164.69
163.29
158.66
157.83
156.56
154.7
155.53
152.7
152.6
152.88
152.94
151.99
153.19
158.22
161.36
161.76
163.64
170.59
173.16
175.43
176.83
177.65
176.47
171.79
167.9
166.21
159.91
156.32
153.79
153.03
150.63
147.81
149.08
149.21
151.18
152.92
152.1
158.69
164.25
170.96
190.07
201.41
208.14
207.13
210.36
205.76
206.43
196.0
182.45
177.7
168.39
165.56
159.31
156.78
158.28
157.61
155.5
154.31
153.31
152.38
154.05
159.08
162.69
172.42
183.77
193.91
199.61
205.39
206.09
211.88
205.46
197.5
192.75
182.24
173.09
167.07
163.07
160.19
159.94
159.56
157.99
159.15
155.26
153.95
154.32
161.77
165.44
174.77
185.7
193.07
198.57
201.53
202.34
200.28
201.25
190.7
184.98
176.3
168.32
161.95
157.99
153.44
155.12
149.53
149.79
151.06
150.23
149.36
150.98
159.77
164.92
168.05
179.19
184.27
193.07
198.36
199.89
196.79
194.06
191.93
187.86
178.18
172.47
166.87
162.5
156.19
155.32
151.71
153.62
155.34
153.46
153.56
155.33
163.36
167.98
174.12
179.45
184.8
191.74
193.09
196.82
197.06
194.28
191.69
180.9
173.45
164.33
160.6
155.07
155.09
152.45
151.29
152.89
149.46
150.18
148.16
149.24
158.06
159.61
164.8
169.37
172.93
174.88
175.42
177.29
178.02
177.82
174.38
168.61
165.39
158.3
156.11
153.51
152.98
151.32
151.12
149.5
149.34
149.14
149.57
148.94
156.09
159.36
160.33
164.75
171.33
175.43
177.2
179.18
180.32
175.85
172.8
169.72
165.64
159.52
155.99
153.34
153.84
151.31
151.81
149.33
148.2
151.23
153.87
153.49
160.55
164.96
171.17
184.02
195.93
202.31
204.06
204.46
205.67
207.12
195.62
182.29
177.79
169.97
166.69
161.11
158.64
156.59
154.95
155.21
154.07
154.17
152.97
153.99
160.52
162.87
177.22
189.39
195.76
201.91
201.09
201.96
203.63
199.65
200.83
193.94
183.69
173.67
166.61
160.94
156.26
156.19
152.48
151.23
150.88
152.97
152.97
153.1
159.57
163.77
172.77
184.01
191.67
195.54
197.69
200.34
200.65
203.5
196.83
187.75
181.59
171.94
165.07
158.44
154.62
153.13
149.39
151.33
148.48
150.65
150.75
150.43
156.95
161.85
170.59
185.59
194.36
194.54
194.94
201.54
201.0
197.31
192.6
188.83
178.18
171.47
164.62
160.27
154.56
153.97
150.96
151.08
150.69
153.51
151.46
152.15
158.45
161.4
163.48
173.84
183.29
188.92
193.51
190.44
193.93
191.03
187.58
177.08
171.83
162.57
161.08
156.89
153.82
152.0
150.42
150.96
150.56
151.26
150.33
151.33
157.23
160.31
166.38
170.34
165.14
166.625
167.815
168.8775
169.735
167.965
163.8225
159.0075
156.365
154.2175
151.2225
149.195
148.475
147.1925
146.74
147.185
148.15
148.66
149.535
151.3525
156.0775
158.35
157.3875
158.44
161.165
163.2375
169.97
169.78
172.78
173.69
163.85
160.71
158.72
151.27
148.94
147.81
147.6
146.71
145.7
145.6
146.53
148.07
148.53
149.92
159.7
164.79
168.56
179.97
188.23
194.56
201.48
200.98
200.75
207.72
201.05
189.39
176.79
168.57
164.81
160.04
154.44
154.23
153.0
154.03
150.13
151.13
151.7
152.3
159.09
162.04
171.85
184.81
191.87
198.16
198.84
202.0
200.2
196.95
194.45
188.53
181.82
172.95
164.09
158.09
158.27
158.96
154.83
157.98
154.0
154.45
151.9
152.67
158.9
165.37
173.85
192.5
199.19
201.04
206.84
207.66
203.71
204.0
194.88
188.07
184.95
177.1
167.95
159.12
156.81
156.69
155.63
155.81
155.53
154.41
152.66
154.33
162.92
170.02
176.87
189.5
195.24
198.74
151.54
201.79
153.3
198.75
195.35
187.28
182.33
172.69
168.59
166.02
161.86
157.57
156.43
158.98
154.56
157.44
155.36
154.85
158.83
165.65
176.18
189.65
194.25
202.17
195.32
147.95
153.52
195.78
190.96
186.3
178.65
170.48
124.81
175.5125
157.84
157.66
152.69
150.96
150.56
151.26
150.33
151.33
157.23
160.31
166.38
170.34
170.84
170.52
176.32
175.91
177.36
175.01
171.63
168.09
167.43
162.35
159.63
159.15
156.27
155.29
153.8
152.1
152.64
152.41
152.96
153.26
158.38
162.73
164.58
165.91
169.1
173.38
174.5
175.19
176.84
174.46
168.72
167.14
164.19
158.93
157.58
158.0
155.78
155.23
153.32
152.38
150.5
152.32
151.47
151.66
159.21
164.14
168.86
179.36
185.68
192.31
196.27
192.88
188.48
188.79
184.65
180.07
171.47
162.22
162.29
157.94
157.08
154.38
153.86
154.28
154.83
155.73
154.22
154.94
161.74
162.72
164.76
178.11
184.58
187.13
192.46
191.76
195.6
194.27
189.7
177.52
172.0
167.09
163.89
160.38
156.61
157.53
155.71
158.33
156.7
157.47
153.65
155.32
162.57
167.12
174.22
182.14
190.14
196.94
194.06
193.91
194.53
195.16
193.03
188.97
178.4
173.87
166.12
162.21
158.92
159.06
155.33
154.91
151.83
155.61
153.66
154.85
160.68
163.19
167.85
177.49
185.97
187.27
186.74
187.16
190.79
189.86
184.11
176.72
174.05
162.97
158.42
158.15
153.41
154.19
153.22
151.06
149.93
153.89
153.66
152.61
158.78
162.98
168.75
174.32
175.92
177.07
176.59
180.62
178.53
182.19
177.34
169.21
164.61
160.27
159.38
152.08
150.19
150.97
148.12
148.26
147.01
146.32
147.03
148.63
155.48
158.01
158.1
163.95
165.33
167.43
168.87
169.49
167.89
164.61
161.26
159.38
160.51
156.74
152.59
150.96
148.31
146.67
144.8
145.57
145.72
144.35
144.82
145.75
155.11
157.96
156.29
164.48
164.88
168.91
170.71
170.95
170.3
170.7
167.2
165.37
162.25
158.77
154.71
153.89
153.58
150.33
147.83
133.7
137.11
139.83
140.87
141.53
148.12
152.09
160.24
164.3
190.84
218.15
244.78
246.87
246.81
242.85
239.73
234.1
227.3
217.72
212.66
188.14
173.73
169.86
164.61
164.98
160.27
163.48
160.87
160.24
165.45
173.32
180.84
191.27
198.31
205.13
206.15
211.38
211.22
207.8
202.9
197.4
189.49
180.54
177.82
175.06
171.74
169.51
165.66
163.33
164.15
161.43
160.35
160.32
167.14
172.91
182.32
191.24
204.33
202.88
205.21
203.1
207.78
205.88
200.9
201.3
191.57
184.37
178.27
175.54
172.83
170.51
168.2
166.55
166.0
168.25
167.52
165.77
175.74
176.57
182.82
192.09
199.43
201.94
201.85
201.26
203.18
201.27
199.12
189.5
182.47
175.19
172.46
170.89
165.39
165.96
160.98
161.58
159.3
159.9
143.25
153.14
157.92
158.95
166.26
177.11
180.54
187.01
188.13
190.46
186.88
184.08
177.98
174.0
163.22
155.82
151.61
146.09
144.26
140.09
140.91
142.54
140.6
140.65
138.7
138.3
146.12
149.92
150.59
156.69
158.15
157.66
158.56
160.16
158.11
158.61
154.41
154.35
150.58
143.53
141.03
140.08
140.28
140.67
139.37
140.3
140.67
139.74
139.64
141.04
146.81
150.93
153.53
159.53
162.5
167.55
171.37
170.35
169.05
167.74
165.42
162.29
159.11
153.48
151.34
150.08
147.2
147.06
146.8
146.68
146.6
144.87
144.3
145.45
150.22
155.99
163.34
156.86
169.13
166.31
170.25
169.11
170.02
164.53
162.17
160.84
150.25
143.81
141.81
141.92
138.97
135.09
133.62
133.53
132.81
135.85
132.5
133.2
138.27
141.88
148.45
159.97
166.12
168.71
167.12
172.46
172.04
168.78
180.25
176.81
170.18
162.98
157.82
155.72
155.3
151.95
149.82
150.39
151.97
153.83
152.89
152.49
158.3
161.48
170.33
177.35
182.6
193.39
193.77
192.67
192.21
188.33
180.49
175.64
168.75
163.48
157.41
154.12
152.07
149.79
150.45
151.39
149.54
151.44
150.61
150.76
156.26
161.44
165.8
170.93
180.71
183.77
185.08
186.99
190.82
187.21
185.87
177.32
169.68
161.08
155.46
152.58
150.5
148.08
146.35
146.03
144.49
149.75
148.34
148.14
155.96
159.01
161.14
169.29
178.26
179.8
175.98
176.5
176.72
180.4
175.3
169.17
164.14
157.97
151.66
147.73
146.36
145.06
144.71
142.73
141.38
141.97
140.97
142.92
148.89
152.95
154.84
160.21
160.94
162.79
164.43
165.08
165.45
163.2
162.68
159.58
158.78
153.24
151.52
148.24
149.46
145.42
145.02
145.96
146.33
145.64
144.51
146.45
150.4
155.52
164.47
168.75
170.14
168.09
170.14
171.42
165.44
165.24
161.59
160.71
157.95
151.56
149.55
147.93
148.22
146.79
144.87
143.67
144.74
145.97
147.16
145.43
152.64
157.11
158.56
162.58
166.45
166.88
168.33
169.32
170.37
167.69
169.24
166.02
165.49
157.89
153.34
151.19
149.15
149.35
148.65
149.13
149.42
150.92
151.04
148.15
155.51
162.57
165.67
171.33
181.96
183.7
185.41
188.23
191.08
190.8
186.69
178.69
172.19
166.74
162.76
160.29
157.63
157.14
156.45
154.33
154.43
154.67
155.45
153.82
159.04
162.49
166.67
174.36
182.79
187.46
192.34
192.36
193.88
186.93
184.22
180.13
172.47
168.62
162.89
160.64
158.51
156.41
155.53
154.21
153.91
153.11
150.45
153.15
157.4
163.27
169.42
177.64
183.44
187.92
190.29
189.49
192.24
191.21
188.58
181.02
174.83
169.7
160.92
160.15
159.66
156.44
155.86
155.54
153.59
157.88
155.48
155.26
160.7
167.47
170.47
178.65
189.12
191.51
188.61
188.99
192.91
191.14
187.88
184.86
177.08
171.6
164.55
161.92
161.12
158.62
154.52
152.94
153.29
152.81
152.59
152.18
158.83
161.55
164.45
168.15
172.77
172.55
176.75
179.02
181.26
178.54
173.59
175.53
171.91
169.8
163.66
162.55
160.18
159.07
158.84
157.44
156.46
155.11
153.51
155.71
162.23
164.83
172.16
177.9
183.15
183.02
184.0
181.72
179.19
176.86
176.41
171.27
174.11
168.81
163.48
160.53
157.21
158.17
156.2
155.0
153.35
156.65
155.82
158.26
166.26
171.93
177.16
187.49
191.43
194.26
198.38
204.48
200.95
197.49
191.49
188.67
181.91
175.04
164.61
159.68
160.18
158.33
156.5
155.7
155.24
154.94
156.12
155.76
165.96
167.41
170.89
180.91
195.16
193.5
203.95
200.53
201.93
203.55
197.32
189.72
184.42
178.31
167.28
164.28
163.85
160.43
159.98
159.65
157.73
159.47
158.64
158.47
166.27
171.62
178.41
185.63
194.23
199.06
200.06
200.28
200.68
201.48
196.65
187.14
179.51
173.82
166.01
161.66
161.14
156.36
155.71
155.5
154.07
156.28
155.09
154.64
161.77
168.77
173.39
181.27
189.74
193.63
196.43
192.41
192.88
189.68
184.05
179.55
175.8
170.34
164.66
162.71
161.88
161.04
159.25
159.66
157.83
161.08
159.98
161.77
166.75
169.42
171.67
177.59
185.37
192.09
191.96
187.36
195.03
191.63
187.83
181.47
172.54
167.57
159.57
159.16
159.84
156.43
156.51
154.48
155.1
154.61
152.75
154.07
160.87
167.47
163.59
163.92
165.29
168.24
174.69
170.89
172.56
167.55
168.5
165.05
163.98
160.95
158.12
157.8
157.67
157.75
156.01
155.62
155.58
155.11
152.91
154.03
161.0
164.36
168.28
174.97
178.55
180.27
181.43
181.69
179.76
174.43
172.11
169.36
167.63
162.91
158.73
158.52
158.32
157.4
156.04
155.27
155.24
157.82
159.82
161.08
166.63
171.01
172.91
180.35
186.82
195.03
203.25
203.39
203.67
188.38
192.39
183.31
178.14
172.26
166.28
163.0
164.72
164.9
161.3
162.99
161.97
163.26
163.16
162.88
172.29
174.83
177.0
182.51
189.13
195.2
193.5
196.52
202.54
194.82
187.12
181.14
176.43
169.69
163.2
162.15
161.7
164.13
161.57
160.9
160.67
163.1
161.97
165.14
172.59
175.54
174.44
177.91
190.85
196.42
201.05
200.92
200.15
193.37
190.06
181.17
176.09
171.99
163.04
161.51
160.1
161.15
159.33
156.73
158.72
159.32
157.72
159.49
167.12
169.07
171.44
180.43
188.63
194.26
196.15
194.02
197.38
192.49
189.17
177.52
175.96
172.84
167.78
163.56
161.23
158.31
156.9
157.58
156.22
158.92
156.65
159.79
164.59
169.04
169.44
174.96
183.78
187.11
193.83
201.06
197.83
192.15
188.57
182.4
176.62
170.89
167.54
163.13
161.84
158.91
158.18
157.2
156.08
155.2
153.9
155.74
162.5
165.04
166.36
169.69
172.89
177.31
180.34
181.96
183.6
180.48
177.12
171.27
170.29
165.79
161.52
161.96
158.79
159.68
159.64
158.21
158.61
157.56
158.1
159.33
164.52
165.8
169.9
178.39
182.84
187.86
188.36
188.98
185.88
180.13
178.36
174.3
171.88
167.99
163.07
159.12
159.59
161.14
159.19
159.29
158.44
160.39
160.83
166.65
170.38
172.22
178.45
187.45
198.77
203.02
204.04
204.51
203.36
197.34
197.56
190.11
181.02
174.28
164.89
162.7
162.19
166.76
164.49
166.13
164.34
165.33
166.56
163.11
169.55
171.5
177.53
190.09
198.92
204.82
209.94
211.94
213.71
206.29
202.31
194.15
185.08
177.72
168.29
165.37
164.09
165.06
163.71
160.74
163.91
164.74
164.06
163.11
169.55
171.5
179.41
196.17
203.59
209.45
213.34
212.01
213.88
208.46
199.88
195.1
187.12
179.5
172.94
168.82
168.39
166.49
165.24
162.93
163.98
165.49
164.13
166.21
173.33
174.92
182.28
193.07
208.64
214.77
214.96
212.36
220.59
213.16
207.23
198.6
189.35
185.95
174.92
170.0
168.83
166.49
165.24
162.93
163.98
165.49
164.13
166.21
173.33
174.92
181.19
190.1
202.9
207.12
207.09
204.53
206.64
203.25
198.8
189.57
185.18
177.59
170.15
165.75
165.56
163.04
162.51
162.13
159.69
160.28
160.21
160.46
167.49
170.05
168.88
174.63
179.79
184.21
187.28
185.93
187.66
186.13
184.16
178.57
176.63
170.17
165.72
163.89
168.55
165.32
163.44
162.82
164.63
161.33
162.21
162.08
170.83
171.77
177.23
184.48
188.64
189.36
194.01
193.53
190.48
187.84
186.51
180.54
177.2
174.92
168.0
166.8
164.45
164.99
164.04
162.07
163.81
164.63
166.78
167.19
174.93
176.9
178.25
190.68
197.22
200.57
206.54
202.72
203.94
202.13
197.56
188.13
184.23
179.22
169.33
172.85
170.52
171.12
164.19
164.81
164.91
169.08
166.16
163.11
169.55
171.5
179.41
196.17
203.59
207.89
207.09
206.82
209.21
203.34
200.29
195.18
186.71
178.62
170.58
167.12
166.15
168.49
165.07
165.16
163.61
167.39
164.74
165.25
172.9
175.03
177.73
194.88
206.52
210.02
210.31
213.29
210.44
258.37
260.48
248.59
251.82
233.48
228.42
235.62
233.54
232.56
231.36
228.8
214.46
224.38
198.5
191.13
163.87
169.67
182.41
196.86
217.51
226.29
231.33
237.66
247.07
220.9875
258.72
248.89
241.41
232.18
222.44
218.75
219.86
234.97
231.05
224.95
199.29
195.84
206.79
196.99
201.23
211.94
219.63
232.53
254.82
218.585
218.8975
221.23
218.3025
219.535
221.7525
257.44
243.83
245.37
236.19
234.47
215.01
222.89
220.89
220.85
216.06
215.08
223.3
219.3
220.17
226.57
231.06
228.16
236.74
248.03
257.87
261.66
262.78
260.19
257.07
252.27
249.28
230.19
214.6
213.17
222.48
218.17
219.84
215.59
212.09
214.43
210.38
210.36
214.28
220.26
223.87
230.63
252.96
261.05
217.77
217.0725
258.94
259.31
254.11
252.61
249.12
242.83
234.69
234.56
232.48
229.31
227.25
227.67
226.57
225.29
220.52
216.91
222.49
236.01
241.01
256.68
218.3075
217.705
217.6225
216.4275
215.12
216.46
218.2075
220.4325
257.63
255.39
244.29
243.44
239.34
230.14
231.49
233.06
233.63
232.06
228.7
230.83
241.1
243.41
249.74
262.28
218.745
215.455
215.6175
212.7925
212.6625
211.655
206.8825
264.99
257.32
250.95
245.18
242.47
240.84
243.14
237.91
237.56
234.74
236.34
234.41
235.41
242.5
245.69
249.29
259.95
211.925
212.8375
216.0475
216.995
217.5975
223.3175
222.34
259.14
254.62
247.43
239.51
236.45
230.95
225.12
215.57
213.97
213.12
209.22
207.57
205.23
214.76
220.91
227.78
239.13
218.3025
221.75
222.5925
225.29
224.8775
221.6175
222.62
256.23
236.93
232.24
231.57
236.37
222.18
222.21
217.18
219.45
222.03
228.87
225.32
228.84
232.59
234.61
232.28
231.66
232.45
238.1
239.65
250.45
243.32
250.02
253.9
244.21
244.59
243.36
234.78
226.87
228.1
226.1
224.86
224.46
223.24
216.46
210.23
219.6
224.75
230.12
230.64
244.24
246.62
248.69
256.01
259.93
256.5
247.39
246.75
248.71
239.29
232.07
220.46
219.73
229.29
218.08
216.31
213.47
212.32
214.39
213.4
215.71
221.26
222.39
223.19
245.31
253.87
255.68
258.94
260.03
242.09
242.59
241.24
243.84
238.36
232.72
226.67
225.2
223.87
224.62
221.89
217.53
220.68
219.78
217.8
223.2
232.03
234.79
237.12
246.88
259.71
217.475
217.195
216.0025
214.775
217.435
266.39
263.79
254.1
248.81
237.64
224.2
213.63
224.4
221.68
227.25
220.35
225.87
228.19
228.89
236.04
240.61
243.3
260.11
222.45
218.7575
219.6425
215.5625
214.8275
212.895
208.97
261.44
251.26
250.05
238.61
236.99
223.24
219.96
222.65
197.48
196.3
197.23
198.54
199.47
205.86
208.34
213.68
237.52
218.055
218.15
220.8875
221.095
221.7975
264.0
265.39
252.06
245.48
232.11
214.17
213.15
196.84
193.54
189.31
188.41
188.34
190.38
189.19
189.73
198.28
202.33
210.72
224.52
255.96
262.98
224.105
262.27
256.46
250.47
244.33
225.86
212.44
205.34
195.29
192.82
189.23
188.63
189.23
185.2
185.56
183.72
184.27
181.38
188.69
196.42
202.71
229.81
238.83
243.84
245.33
249.52
250.97
246.91
243.4
239.29
222.69
224.08
205.38
206.31
204.93
201.85
194.43
198.27
194.22
195.17
196.21
191.31
199.48
204.04
206.25
217.78
234.08
240.18
250.7
253.43
249.78
235.61
234.99
231.25
223.33
218.8
203.82
198.29
195.19
194.44
190.11
190.82
190.36
187.99
187.95
190.5
197.68
198.7
197.57
208.35
217.25
229.02
244.68
238.46
242.16
238.05
235.6
226.28
224.95
216.19
218.24
231.36
229.33
213.71
222.2
227.25
218.55
210.38
209.87
212.8
219.57
225.84
227.31
235.01
248.86
224.18
222.14
220.5175
218.815
222.0725
224.575
256.93
241.65
228.46
230.55
221.4
230.32
230.19
226.11
225.79
218.71
215.34
210.41
210.7
217.28
217.6
219.65
235.2
261.35
222.8175
222.4625
217.665
216.3325
213.9725
209.4425
219.88
255.82
248.73
234.71
231.18
221.0
216.6
218.88
214.62
210.57
214.72
209.81
200.51
213.34
221.4
229.06
255.65
218.625
217.825
220.115
221.42
221.51
226.055
225.5175
225.0925
252.43
242.78
234.29
226.56
212.76
216.39
207.11
196.11
203.03
207.72
213.9
212.34
220.55
223.89
226.71
243.73
253.65
226.9525
263.19
262.83
228.8425
226.25
264.33
261.31
246.91
244.48
237.97
236.0
232.67
235.37
227.44
224.79
213.06
209.86
210.46
210.83
222.38
230.0
238.77
248.85
256.05
225.2525
224.8725
266.46
223.465
223.275
261.9
251.84
248.28
242.57
240.0
237.16
231.75
225.75
222.7
216.3
213.05
209.5
209.96
205.84
214.34
221.7
229.78
237.26
175.64
248.2
249.22
255.25
248.28
242.13
240.36
236.98
239.7
235.97
230.0
222.39
220.55
212.41
213.14
205.74
202.31
203.06
202.23
204.07
215.25
224.57
230.92
236.44
243.95
247.6
249.35
246.47
246.74
244.86
243.12
237.82
235.01
233.32
226.58
225.73
223.51
219.18
213.07
209.75
206.5
207.6
208.71
188.02
179.78
186.34
203.31
218.8
231.89
256.05
258.5
252.23
248.91
254.4
253.22
248.01
236.31
218.4
200.68
197.35
195.7
191.46
188.19
188.44
186.86
190.03
188.4
187.68
196.55
205.1
220.64
253.9
263.93
224.0775
223.9275
217.7
215.465
213.7675
208.9775
219.0375
256.98
233.74
223.14
224.61
214.4
213.45
200.23
197.77
192.99
193.05
192.09
192.12
199.57
202.46
205.21
221.78
234.31
244.7
261.65
262.12
265.79
262.91
259.65
242.1
235.05
231.21
208.22
211.95
198.6
198.12
196.51
194.87
193.99
192.43
189.0
188.93
198.25
199.8
206.05
217.47
230.37
238.39
261.7
228.785
225.925
266.1
253.24
246.45
243.16
243.89
239.41
235.48
234.14
234.06
230.78
230.0
227.9
226.67
225.8
227.56
231.43
237.21
241.86
247.81
253.5
253.02
262.51
264.61
222.15
264.68
266.38
258.89
246.17
225.47
215.67
223.9
202.19
198.51
197.61
198.99
189.73
190.21
189.01
188.53
195.55
197.28
198.44
209.0
219.86
228.26
237.58
238.48
238.66
236.33
230.12
226.4
225.84
221.91
211.19
208.34
195.09
194.58
196.16
195.07
189.73
190.9
186.57
185.59
191.04
194.56
199.08
207.51
218.8
235.83
242.52
243.6
240.1
235.22
232.19
227.57
226.84
220.06
215.01
211.31
202.62
201.72
201.55
194.8
203.22
200.82
200.77
194.71
200.26
207.15
214.98
237.01
257.81
226.955
224.2875
221.305
219.395
266.35
225.47
265.53
259.31
242.17
234.04
230.57
223.13
222.41
215.66
214.23
213.45
214.6
211.27
208.95
215.71
220.91
225.08
231.96
253.0
259.87
266.55
217.9675
216.375
214.55
209.92
261.33
254.07
249.95
240.37
239.03
235.62
233.27
224.36
220.97
216.68
222.94
212.41
213.2
220.22
231.18
241.27
249.02
260.0
216.0775
218.3325
219.2775
220.305
222.7825
220.26
263.04
248.69
243.18
210.66
212.64
217.33
217.23
213.9
210.05
207.69
212.87
215.01
216.52
227.73
229.94
238.72
251.35
264.89
223.9225
226.33
228.6075
226.8675
224.0675
223.545
260.73
252.26
248.03
236.35
237.29
235.76
236.74
232.54
232.03
221.58
219.28
218.8
220.1
227.8
235.24
239.47
260.89
225.7
227.815
226.685
229.5325
223.7025
220.2875
255.14
237.59
233.65
231.78
222.65
220.68
219.24
219.6
217.44
215.97
216.61
217.51
216.83
217.33
223.7
226.05
227.04
235.3
239.07
246.45
249.51
256.15
253.55
253.66
251.12
247.56
243.74
239.54
233.34
231.04
229.03
231.35
230.3
227.43
225.84
224.29
221.01
218.72
225.46
233.98
238.65
249.95
253.6
259.03
262.77
263.85
252.77
256.36
244.31
239.28
233.16
225.18
231.15
220.35
211.82
210.02
204.82
200.87
203.99
203.66
203.21
196.77
203.83
210.45
221.3
239.79
253.06
227.35
223.8
222.1975
220.3975
225.2325
264.68
262.82
256.15
242.59
239.68
231.96
216.78
218.63
211.03
215.74
218.34
212.67
204.39
204.86
211.11
220.08
224.78
242.26
260.46
225.5475
225.6
221.03
219.9475
217.575
212.6175
256.33
253.08
232.8
232.29
227.99
225.41
228.49
222.88
232.1
224.6
216.87
219.63
216.85
214.34
207.14
227.86
261.45
218.905
220.18
223.3
224.13
224.37
225.3225
222.4
264.91
248.49
241.72
237.77
231.48
223.85
225.87
228.53
234.37
230.83
232.14
233.6
231.2
241.33
242.02
245.14
253.94
255.48
260.66
264.96
261.77
258.93
221.8375
221.02
256.5
247.41
243.73
235.04
230.0
224.38
232.13
230.1
221.94
215.7
212.94
219.26
216.36
232.33
235.5
237.58
250.33
257.82
264.21
223.36
226.415
220.1925
219.9325
261.25
244.22
237.37
232.79
227.94
220.47
224.83
221.96
221.6
222.18
221.73
219.32
217.02
218.49
222.57
224.91
227.03
235.85
244.98
245.87
249.84
253.73
251.68
251.41
247.75
245.07
241.98
236.98
231.08
229.15
229.12
230.49
226.67
224.72
224.28
223.78
222.71
222.58
228.03
232.18
237.89
245.66
250.39
257.11
258.48
263.59
259.95
258.41
254.44
250.42
245.41
239.76
233.06
231.83
222.56
224.18
220.73
225.57
225.14
225.92
224.57
223.89
232.84
233.94
238.16
249.61
263.26
262.76
219.74
218.24
216.585
221.0075
222.1775
259.35
253.81
247.65
240.49
234.74
232.86
239.06
229.93
228.83
231.85
231.08
227.68
230.22
235.02
179.06
184.34
192.89
193.99
194.45
196.18
198.65
203.87
198.43
196.19
187.8
180.16
176.66
170.34
164.53
164.21
163.66
162.15
162.08
160.48
164.03
163.49
164.42
172.02
175.59
176.29
188.47
194.73
198.61
206.35
209.73
209.42
204.05
201.04
191.77
184.69
181.19
174.66
170.59
167.58
170.86
167.95
165.56
167.28
168.8
166.97
169.2
176.44
178.16
179.62
192.63
198.8
207.28
207.0
213.06
215.88
213.17
206.92
196.94
191.96
185.12
175.51
168.54
169.96
173.91
171.2
167.98
165.5
168.97
170.0
171.27
182.14
185.39
190.71
202.08
208.31
214.3
214.24
214.28
213.12
211.67
208.75
196.76
189.52
184.16
179.98
175.83
173.96
177.03
172.5
168.98
168.02
167.28
165.51
166.02
173.2
173.81
176.7
185.29
190.76
191.98
194.83
196.3
197.33
195.72
192.42
189.57
184.38
178.85
173.56
170.66
168.96
171.48
166.96
166.01
165.32
165.67
163.85
166.92
176.01
178.74
184.92
190.31
192.53
196.48
195.86
197.18
197.35
192.39
190.42
191.99
182.82
175.57
172.01
167.69
171.08
172.86
168.75
168.6
166.75
168.85
170.77
174.0
180.59
184.76
193.11
202.11
211.8
215.73
218.18
220.72
215.67
217.49
210.92
200.02
188.57
184.04
177.06
172.78
169.36
169.05
165.38
164.98
163.57
164.79
169.1
166.96
174.24
180.34
184.11
193.13
206.13
210.78
210.83
211.27
215.09
218.14
211.29
199.41
187.96
181.58
174.56
168.51
165.4
170.48
170.02
164.87
164.44
162.2
163.92
163.92
167.42
169.74
177.49
186.68
206.16
214.7
213.57
218.83
217.62
210.6
207.01
199.94
191.76
184.74
176.66
173.38
168.23
171.22
169.1
167.99
168.7
169.6
170.12
173.07
176.29
180.46
193.59
206.41
217.23
218.3
224.57
223.75
220.97
218.52
219.41
208.11
196.36
189.03
174.48
172.85
171.85
172.5
169.77
167.94
169.12
171.46
171.19
171.41
177.33
180.36
187.45
206.18
213.7
219.03
216.75
218.12
217.76
215.06
212.16
203.61
191.81
185.9
179.28
175.47
171.3
172.2
169.14
170.13
171.33
168.76
169.21
167.78
171.26
175.66
176.18
183.18
188.42
191.8
193.87
196.12
195.49
191.01
188.48
188.01
181.35
174.42
172.7
171.7
169.8
172.6
169.99
169.77
170.77
168.27
169.55
170.03
174.88
177.51
181.71
186.73
193.53
195.12
196.25
201.54
198.45
193.26
188.79
186.02
181.69
172.48
169.8
170.68
171.1
173.43
167.94
166.5
164.82
169.56
170.61
169.41
172.56
177.76
190.01
206.11
209.33
217.38
222.94
222.89
219.57
224.84
216.64
207.89
196.71
186.6
176.9
170.13
169.34
171.95
168.49
169.33
169.62
170.12
167.28
170.31
175.73
178.36
187.4
200.83
207.82
208.95
215.0
224.21
222.91
218.23
208.48
205.65
195.05
186.3
176.08
171.43
170.84
170.9
168.91
169.46
166.82
167.11
166.73
166.16
172.68
178.23
187.33
201.53
212.1
219.45
220.24
221.42
222.76
223.31
215.93
205.6
193.35
186.8
177.4
174.5
172.45
172.72
170.76
171.82
167.54
166.06
165.86
166.46
175.3
179.4
189.52
205.15
213.14
216.26
223.86
223.34
221.11
215.7
203.56
201.87
193.97
184.82
176.64
175.07
167.21
168.34
164.53
165.74
163.61
163.75
164.43
165.41
169.75
173.45
175.47
195.0
206.05
209.32
211.87
218.18
217.84
213.21
210.45
196.53
183.25
177.22
174.14
168.67
163.29
163.64
163.83
163.17
161.14
160.68
157.58
157.61
161.02
163.37
168.09
179.7
182.05
185.98
189.39
188.35
189.64
186.83
184.75
179.98
177.98
175.84
166.3
164.62
165.07
160.84
160.74
160.36
159.97
159.41
161.08
161.11
167.44
169.28
171.87
177.13
181.64
182.19
186.74
191.51
190.52
187.39
183.03
177.65
175.03
170.07
162.32
163.72
161.9
160.9
158.74
159.77
158.42
160.59
160.91
162.38
166.35
173.56
184.13
195.08
208.73
213.5
210.45
208.61
202.92
208.94
208.91
208.01
194.71
186.16
177.0
172.28
168.52
170.6
169.97
164.85
165.42
163.09
163.49
163.98
166.53
169.36
179.4
198.25
204.31
211.57
219.7
218.14
220.12
217.21
205.36
203.26
188.41
183.0
167.6
164.49
162.35
168.99
166.79
162.49
160.77
163.38
164.26
163.28
170.3
174.6
178.77
188.0
199.89
209.14
212.19
204.59
209.49
209.03
199.91
189.01
180.98
173.0
165.68
159.55
159.35
164.24
161.89
162.59
159.59
159.11
155.74
157.58
164.55
172.75
178.63
193.44
208.98
207.09
209.12
211.84
208.21
215.28
208.93
197.13
189.53
174.57
166.17
163.12
161.25
161.47
159.62
157.67
157.72
160.46
158.48
159.46
163.03
168.58
174.96
190.98
203.8
210.75
216.97
212.61
210.17
204.43
192.49
186.75
181.68
177.63
171.08
169.07
165.69
166.1
160.66
159.03
159.44
157.41
157.82
159.79
163.14
164.78
164.23
169.74
171.3
175.71
183.52
185.81
186.38
184.43
178.39
179.69
176.67
170.73
165.56
162.48
164.18
164.15
161.94
159.85
160.7
160.57
162.53
161.94
168.82
170.99
173.86
182.23
186.36
188.41
193.49
192.73
192.29
191.92
183.24
179.69
176.12
172.66
168.28
166.46
164.5
167.73
165.2
164.92
160.85
161.66
166.02
164.57
165.39
168.01
171.89
180.95
186.71
186.58
183.07
182.05
179.39
183.32
183.67
186.12
185.63
173.14
167.44
164.71
164.95
163.26
158.87
161.05
158.79
162.79
162.64
163.86
166.81
172.09
183.31
201.61
212.26
212.7
219.1
220.05
217.95
215.34
208.41
196.82
189.69
185.76
175.46
170.6
171.61
173.63
172.87
170.24
168.44
167.42
166.26
165.96
171.96
177.81
183.04
196.68
208.6
210.92
210.6
217.32
212.92
212.14
208.62
200.28
188.33
187.36
175.36
173.41
169.95
172.22
167.94
167.7
172.42
168.67
166.59
166.94
172.28
181.79
182.69
193.36
200.93
203.79
204.93
204.55
209.07
208.17
203.42
201.58
189.36
178.91
171.5
169.36
169.22
166.17
164.91
162.97
161.04
161.94
163.67
165.41
169.33
173.59
178.11
197.55
209.65
217.37
221.48
218.14
217.45
213.37
206.96
196.89
189.93
181.18
179.06
176.68
175.4
175.67
169.2
168.2
167.49
162.86
162.14
161.53
164.34
169.68
174.56
183.26
185.75
191.57
191.95
195.89
194.89
192.77
186.64
181.21
181.18
178.58
174.36
174.46
171.98
171.52
169.85
165.85
167.02
167.73
167.24
166.56
176.59
178.16
182.22
190.04
192.62
194.26
200.21
201.31
196.58
192.76
185.95
180.7
181.79
178.68
175.41
171.36
169.1
166.6
164.53
165.97
165.12
167.31
167.39
168.72
175.11
179.89
189.71
200.38
212.06
211.48
216.28
215.11
219.67
217.89
210.56
206.39
195.76
186.2
177.16
172.6
170.48
168.45
167.09
166.99
165.8
167.27
168.14
170.09
172.74
177.51
183.53
198.1
211.35
216.85
222.9
226.49
218.74
214.46
215.83
211.33
195.66
185.55
178.27
171.05
165.83
166.99
164.22
163.87
161.68
163.07
163.41
163.38
168.76
176.18
186.07
200.16
213.45
219.75
223.41
219.17
221.69
216.96
209.93
207.0
192.06
186.41
174.9
168.52
164.22
161.69
159.97
158.94
162.55
162.22
159.69
163.39
169.08
173.6
176.7
195.86
208.33
209.08
213.75
216.67
214.86
215.91
209.36
202.0
189.13
178.35
168.57
161.58
164.85
161.04
156.96
156.87
158.82
158.63
158.24
158.09
163.51
168.71
176.86
190.6
205.78
211.52
216.79
220.76
215.57
208.63
200.66
193.6
184.05
176.73
170.38
164.9
161.99
160.55
159.09
158.91
156.92
155.73
154.31
154.53
160.53
166.5
169.9
178.91
183.39
182.82
185.39
193.63
194.3
188.51
183.33
178.27
179.08
179.58
171.41
167.3
162.62
165.08
160.38
159.54
157.04
158.72
157.52
156.51
161.03
164.92
169.26
177.5
182.39
181.57
183.51
185.85
188.52
192.57
186.13
184.34
181.16
175.59
170.83
172.71
170.1
167.95
170.4
171.7
170.49
168.95
170.29
170.52
176.66
180.28
188.73
198.72
208.66
210.38
205.07
211.28
204.75
207.46
201.61
194.56
182.44
176.68
170.05
166.21
160.3
157.38
157.42
157.45
156.79
157.42
156.46
158.67
164.06
168.94
179.84
193.9
202.55
206.15
213.17
213.84
212.34
214.41
201.86
193.48
186.99
177.31
171.3
167.3
163.63
161.73
158.82
156.65
155.5
155.87
156.32
158.41
160.54
166.78
182.22
191.26
205.0
213.48
210.15
212.3
210.8
212.21
206.22
193.14
195.06
179.06
167.96
167.08
166.15
158.08
159.22
156.99
161.29
159.14
156.76
160.14
166.69
168.88
175.59
192.9
205.0
213.48
210.15
212.3
210.8
212.21
210.48
206.53
196.44
190.63
180.73
177.76
169.4
164.73
161.9
161.35
161.12
162.36
159.69
158.46
163.44
169.08
178.43
195.46
201.26
210.62
215.4
218.99
217.14
211.01
204.86
196.76
189.56
175.58
172.76
170.9
169.92
168.53
165.28
165.67
165.3
162.19
159.59
160.43
167.19
172.74
178.46
183.57
188.61
190.29
194.15
195.44
198.32
191.58
183.76
185.56
183.68
176.71
170.4
166.28
163.3
166.15
163.03
160.58
160.87
159.6
160.29
161.11
163.86
166.13
168.08
175.2
182.5
185.53
192.39
198.15
194.98
190.74
181.6
180.82
175.27
171.03
166.36
169.1
167.36
164.5
160.15
161.37
159.55
160.62
161.85
162.07
167.04
172.22
184.34
202.11
214.75
218.93
222.53
224.75
220.95
216.95
213.46
202.12
189.78
184.23
181.16
177.26
166.53
165.03
163.62
161.18
160.39
163.87
162.37
162.41
167.69
172.38
179.91
195.81
210.98
214.4
220.82
227.18
227.42
217.17
208.17
200.04
196.36
189.74
175.28
172.76
166.01
164.15
163.45
163.7
163.67
161.59
162.99
163.42
168.29
173.36
180.01
196.85
210.95
218.85
222.4
223.25
226.02
226.61
207.72
198.31
190.41
174.46
167.01
164.2
161.3
161.7
160.28
161.27
163.4
163.34
160.14
161.22
165.98
171.73
177.84
195.98
211.11
215.08
219.28
225.55
224.89
216.14
204.71
193.96
184.36
174.88
168.18
164.38
164.72
165.87
162.61
158.29
156.3
158.29
158.47
159.74
166.39
171.58
178.18
188.41
198.01
203.15
202.7
207.62
206.7
207.24
196.39
186.69
175.98
172.18
167.66
161.16
158.3
160.23
158.21
156.75
156.37
152.02
151.66
152.41
155.95
157.68
159.94
166.77
175.13
180.78
183.03
187.12
188.61
178.1
170.06
168.35
167.76
164.41
162.03
159.69
159.15
158.06
156.8
156.16
156.9
156.08
155.49
155.3
159.77
162.58
165.07
168.95
174.83
181.22
186.17
188.71
189.82
189.35
183.6
182.71
192.81
185.72
182.05
197.58
200.81
198.05
196.13
195.6
194.77
197.4
197.25
198.54
203.04
211.41
219.13
231.35
240.12
243.75
240.18
234.42
236.4
243.11
237.82
230.61
224.41
220.5
216.26
212.82
208.35
208.72
209.59
208.01
208.07
206.13
207.81
207.23
211.16
215.36
221.93
236.32
241.89
241.84
238.49
241.0
242.33
239.73
236.03
234.18
223.83
215.7
211.74
208.72
209.41
206.16
205.29
203.74
200.76
204.2
204.58
204.9
210.7
215.47
222.51
231.46
230.5
226.33
225.21
222.6
223.35
218.72
212.97
204.21
196.89
190.08
182.26
180.83
180.65
176.25
177.21
176.48
178.87
180.27
178.9
179.44
181.14
185.09
195.54
205.51
205.58
201.08
205.58
205.28
205.62
203.87
195.09
187.52
182.39
175.91
168.26
164.8
165.46
160.95
157.62
160.83
163.7
160.25
160.65
161.19
166.63
171.31
176.99
185.86
199.68
207.08
215.05
211.23
206.84
199.17
190.4
182.79
178.09
173.61
167.23
169.18
162.96
161.81
161.62
160.19
160.33
159.57
157.97
158.84
160.87
164.94
165.58
168.73
172.07
176.73
179.14
184.34
188.6
180.46
173.36
174.49
170.31
166.26
163.53
164.71
163.31
162.15
159.4
160.29
159.46
158.68
159.27
159.55
163.37
166.66
169.43
172.21
180.49
185.19
189.66
195.15
190.3
186.14
177.95
175.72
173.34
168.47
161.04
164.79
160.99
160.48
159.88
160.08
161.1
162.76
163.02
163.4
169.77
150.95
153.29
163.11
176.27
194.74
194.56
197.7
200.91
196.45
190.98
186.73
179.32
174.17
168.5
168.79
164.51
163.29
160.84
159.34
159.76
161.8
161.71
163.0
167.37
172.37
176.44
186.57
201.52
203.01
206.94
207.24
205.26
204.06
194.23
187.97
181.32
171.25
164.6
161.61
160.52
160.77
158.93
159.81
158.77
161.25
158.51
158.67
163.68
168.18
179.92
192.23
201.96
211.27
211.71
220.46
218.68
219.66
208.33
196.53
183.2
176.0
168.82
163.99
160.84
161.96
160.04
158.48
158.64
160.8
157.21
157.27
163.53
168.85
177.4
192.72
209.3
209.59
209.21
209.72
207.0
204.78
196.51
192.55
182.48
170.57
163.65
162.54
161.52
162.21
160.54
157.01
158.31
157.81
157.38
159.68
165.42
166.88
176.07
188.84
195.2
198.67
196.77
199.01
199.08
200.5
197.5
189.56
179.65
171.22
166.34
163.5
161.52
158.06
157.38
158.01
160.56
157.86
154.46
154.85
158.56
160.93
164.37
164.38
166.34
167.47
169.03
170.29
171.24
172.3
165.73
167.88
164.95
162.93
161.4
160.57
159.47
160.89
159.13
156.12
156.23
157.61
156.36
155.08
160.46
162.11
168.19
171.17
175.36
176.97
178.01
178.98
177.12
175.31
175.51
179.01
174.79
166.33
164.25
162.75
163.58
161.77
158.73
159.0
157.02
160.35
161.92
162.44
168.66
177.24
182.49
194.38
203.75
213.93
212.64
211.17
210.97
208.67
198.42
185.09
177.54
172.31
168.73
168.68
166.83
164.15
158.88
160.92
160.69
160.75
161.39
162.26
166.18
169.44
173.19
183.6
193.63
198.73
200.17
198.28
199.75
198.15
193.21
191.16
182.71
173.74
165.51
161.78
163.98
160.13
160.28
159.47
157.64
159.84
157.87
158.57
164.69
169.61
176.03
181.39
188.61
197.65
190.93
193.2
190.44
193.15
185.7
183.17
174.62
168.86
156.18
153.19
149.43
150.33
150.93
151.15
150.35
149.15
147.62
148.84
157.09
160.09
168.29
183.63
188.66
193.59
195.33
197.38
199.13
194.6
192.19
183.65
171.34
160.97
154.12
151.68
150.58
149.89
147.05
150.03
148.4
148.87
149.4
148.98
153.69
158.8
164.4
176.07
183.71
189.13
195.21
200.11
201.56
197.3
193.78
188.22
177.97
168.45
162.54
164.54
163.92
161.46
160.33
157.28
159.03
159.59
158.16
156.78
159.72
162.12
170.42
174.27
181.67
183.86
185.99
190.49
189.89
185.2
179.61
178.75
178.73
173.0
167.94
163.15
161.17
160.47
159.81
160.62
159.86
159.13
158.97
159.86
163.64
167.55
171.92
176.75
180.65
182.24
182.49
186.72
183.46
181.71
180.21
180.8
178.81
173.25
166.5
163.99
162.24
161.17
160.64
159.06
158.21
160.24
161.91
163.26
168.6
170.88
183.78
188.8
203.02
207.87
203.91
205.44
207.62
208.34
202.43
193.78
182.43
175.32
171.52
170.0
166.15
161.97
161.24
160.94
159.26
161.36
161.58
164.03
166.55
171.65
177.13
191.63
201.35
208.57
208.69
212.01
208.57
207.13
201.43
197.58
188.05
176.83
168.83
166.48
165.45
164.05
161.29
156.94
157.77
159.39
157.63
160.24
163.98
171.81
178.12
186.0
197.05
206.8
208.17
205.12
204.82
205.39
201.33
192.68
184.6
177.25
169.13
169.53
164.7
163.92
160.42
156.91
159.24
161.07
159.31
160.54
166.33
171.98
173.95
191.8
207.88
209.2
202.05
204.19
206.42
203.39
203.91
193.09
180.13
168.71
163.35
158.45
160.82
158.9
157.67
154.64
154.24
154.49
155.34
156.94
160.41
167.75
175.9
183.6
196.4
201.87
200.4
203.44
202.94
202.52
194.89
186.36
177.71
170.73
169.1
164.03
162.82
163.07
162.32
158.37
158.42
156.69
157.17
158.11
165.69
165.91
165.46
168.1
173.4
180.67
177.63
181.44
181.15
178.27
173.41
172.22
167.48
164.29
163.81
159.53
158.55
160.43
157.98
156.77
156.95
155.22
156.8
156.31
162.24
164.43
163.86
169.09
173.65
179.68
183.98
186.33
183.53
181.29
174.95
173.6
174.06
168.59
164.68
158.78
157.71
157.71
153.58
153.72
152.48
158.22
157.1
156.09
160.25
169.51
181.57
188.64
207.99
213.45
214.15
212.25
212.88
211.43
206.05
191.15
178.97
173.22
170.44
167.24
163.08
160.51
158.7
158.87
158.9
159.83
157.95
158.95
165.72
169.14
174.91
186.81
202.74
212.39
204.4
204.08
204.27
201.5
199.03
192.24
183.41
174.67
165.76
160.76
164.28
161.15
160.1
156.36
155.52
156.77
156.97
136.3
142.92
169.82
180.39
188.21
197.11
203.33
202.43
204.81
199.95
201.15
197.28
191.69
186.2
175.16
163.31
157.12
157.13
157.86
155.46
156.35
160.18
159.97
156.38
165.13
174.97
174.3
178.69
189.91
194.67
194.54
192.99
195.91
198.06
195.18
191.55
185.63
175.59
166.4
162.42
157.92
157.97
154.04
155.41
153.08
151.05
152.48
152.68
159.57
177.45
173.62
181.54
183.84
195.61
199.24
198.56
195.34
193.86
191.2
191.7
185.5
174.35
167.5
160.59
156.56
156.21
155.86
155.54
155.99
152.21
151.68
149.95
157.62
173.92
170.55
170.3
170.92
173.99
177.61
176.47
180.81
180.36
174.89
169.61
165.35
159.3
155.0
156.03
152.4
151.24
151.37
150.72
151.49
152.06
149.93
151.23
154.93
161.6
161.13
162.82
164.02
167.88
174.97
174.74
177.17
175.92
175.19
170.28
168.74
167.44
161.7
156.56
153.58
153.72
153.43
151.8
151.14
150.35
153.94
154.41
156.11
165.23
170.29
178.91
189.03
197.46
204.97
203.22
200.79
205.07
206.92
196.97
186.69
173.06
165.48
164.2
163.03
160.2
158.77
157.42
158.09
158.37
157.77
155.09
159.97
170.96
169.84
181.09
184.95
195.23
197.05
196.92
194.78
198.37
194.0
194.22
187.07
177.16
167.56
161.04
158.41
156.48
156.55
153.68
151.6
149.9
152.42
152.8
150.75
154.37
159.37
163.28
166.43
169.26
173.46
171.88
173.22
177.27
175.23
171.19
169.39
168.11
163.71
158.44
155.28
151.83
150.58
150.53
151.06
152.36
152.97
153.1
161.85
186.84
184.8
188.29
195.12
199.58
206.13
207.45
203.66
205.5
200.2
195.72
189.27
177.74
169.16
162.32
158.92
160.34
159.76
159.08
158.66
156.41
159.52
158.22
164.0
180.24
177.07
181.22
185.42
193.54
200.71
202.24
200.55
200.8
196.45
190.72
184.05
173.47
168.3
163.69
162.12
159.51
156.08
157.01
156.76
154.88
154.43
151.57
157.53
166.27
166.55
169.4
168.4
170.64
175.79
174.53
175.68
175.12
174.0
170.58
167.53
162.7
157.65
156.14
154.62
155.06
154.64
153.72
154.14
154.19
154.31
153.31
158.8
166.3
167.22
166.42
163.84
164.09
165.69
166.22
169.84
168.92
166.31
168.34
169.68
163.91
159.03
155.87
154.2
151.52
149.77
148.94
150.44
148.89
151.01
151.47
158.28
170.79
172.9
182.0
191.25
193.23
197.85
195.24
194.95
195.59
197.06
198.72
188.21
174.16
168.23
165.8
161.48
156.92
155.05
154.12
151.19
151.17
152.89
152.57
160.67
184.71
185.91
186.93
194.13
201.38
207.25
214.03
209.52
207.77
199.31
199.26
195.89
187.13
178.33
173.0
162.25
155.37
156.88
151.18
153.54
154.72
156.56
166.07
173.11
192.19
191.83
192.7
202.46
201.17
206.67
200.72
197.09
195.87
197.07
188.54
183.49
175.89
169.26
163.66
156.56
155.68
152.78
150.9
150.14
152.85
152.45
161.57
170.72
186.51
180.46
182.11
189.55
196.08
200.85
201.33
205.97
202.35
199.22
192.54
189.31
182.08
172.66
165.93
162.68
158.3
152.48
153.37
153.0
150.2
153.85
162.69
165.89
177.69
177.43
181.21
187.68
193.5
204.13
210.27
207.87
206.59
201.99
192.31
183.24
177.59
171.23
163.49
155.58
154.4
156.65
151.77
150.27
151.6
150.75
157.39
159.0
162.97
164.71
167.38
169.64
173.11
177.46
175.2
178.7
177.17
175.42
169.75
168.75
166.26
160.34
158.16
156.98
155.48
153.51
154.15
153.36
152.53
152.72
161.45
159.95
165.14
168.15
168.04
170.96
172.24
177.63
176.41
181.96
180.86
180.75
172.98
172.52
171.05
163.34
159.27
156.67
153.17
152.37
151.78
150.83
149.84
152.76
164.65
161.45
166.87
175.0
182.29
191.0
202.42
212.99
206.71
210.49
212.01
214.0
204.15
192.83
178.9
173.4
170.14
166.57
160.81
158.02
157.29
156.51
157.71
159.05
168.16
169.68
173.5
176.68
177.92
187.59
202.14
206.87
206.04
203.78
205.13
204.8
204.21
188.85
184.08
177.05
169.5
159.4
155.77
158.04
155.18
154.26
153.46
156.06
161.58
160.61
169.2
174.88
180.5
182.54
194.99
193.37
200.62
195.38
187.94
184.38
184.63
176.38
168.22
162.15
156.94
152.04
148.8
150.74
150.56
150.09
152.31
151.58
160.36
158.28
159.7
161.26
160.28
161.13
163.4
161.59
160.29
158.67
162.07
162.56
161.64
163.08
163.44
157.35
154.15
148.01
147.52
145.93
145.87
145.6
146.05
149.12
160.81
159.89
160.81
163.29
162.83
162.25
165.88
166.25
164.83
164.55
164.89
163.5
164.65
167.79
165.97
163.38
159.68
151.18
147.88
148.3
149.41
147.76
148.08
148.67
159.94
167.67
184.52
181.47
176.04
170.88
172.46
172.76
169.65
167.1
165.82
163.9
158.07
155.34
153.64
150.59
148.67
148.81
148.06
147.91
147.91
147.94
147.78
148.25
160.78
168.55
185.4
180.98
176.55
173.54
171.71
173.81
172.54
171.48
169.01
166.68
159.68
159.35
157.4
154.87
150.32
149.07
149.52
147.89
148.01
147.96
148.51
151.04
163.34
174.76
198.56
200.0
200.2
197.4
202.12
203.64
202.97
199.32
195.19
198.61
194.93
183.6
173.91
170.57
169.15
161.55
152.6
149.85
147.76
151.52
151.94
153.21
164.54
172.63
195.1
189.16
193.97
195.63
199.14
200.1
199.21
194.87
195.77
192.51
191.91
180.51
171.4
165.78
160.58
154.13
153.69
153.09
148.04
150.52
148.57
151.02
163.69
172.71
194.01
192.93
195.48
191.95
195.72
198.5
199.94
197.24
192.52
197.03
193.06
184.81
177.63
173.4
164.3
155.05
154.07
151.62
147.79
148.04
150.11
150.87
161.38
171.29
188.68
186.86
186.45
189.0
199.5
198.25
195.29
194.39
195.52
195.47
188.71
181.86
174.94
167.1
166.2
154.93
151.4
150.33
147.62
149.42
149.55
153.96
162.06
167.41
179.31
177.04
176.98
180.23
185.8
187.55
184.78
188.44
187.55
183.26
183.71
182.69
170.06
166.16
160.6
152.68
148.61
149.33
147.37
150.07
147.6
147.89
155.32
161.51
173.74
173.23
174.59
169.98
172.41
174.11
176.93
177.37
173.12
172.04
167.37
164.75
162.49
159.57
156.61
151.84
151.81
149.91
150.42
148.61
150.18
150.6
160.61
165.25
175.02
173.01
167.43
166.6
168.48
171.43
170.34
170.89
166.9
162.82
159.28
162.14
160.14
155.59
152.39
150.71
150.41
150.41
149.84
149.86
150.76
152.51
163.38
169.12
178.5
176.17
177.7
181.47
191.71
194.17
195.34
190.81
192.16
188.56
182.96
177.57
170.22
164.65
163.12
155.7
149.92
150.12
147.37
148.86
149.73
148.64
149.05
155.9
165.78
164.55
168.45
172.84
179.7
185.85
186.71
192.42
193.96
189.51
190.05
178.55
169.61
162.87
159.2
156.72
153.75
153.1
151.5
153.47
154.34
157.26
154.05
160.43
175.08
168.91
173.66
180.98
180.48
182.02
184.92
185.77
181.29
182.61
182.27
177.16
171.83
167.26
161.36
158.33
156.87
155.52
152.42
149.05
151.34
153.02
151.99
159.51
175.31
172.08
172.55
176.85
187.2
187.32
183.37
183.24
187.72
184.37
178.82
175.09
166.76
159.28
156.66
154.05
153.15
154.12
153.3
153.55
150.12
153.25
151.92
157.94
171.99
167.96
173.49
184.64
187.18
187.18
185.03
178.65
179.73
178.7
176.09
169.77
168.36
160.64
154.48
151.14
148.86
148.15
146.51
147.38
147.42
147.7
146.1
154.0
171.47
169.14
165.66
163.66
167.43
167.16
164.86
164.05
161.76
164.67
162.12
160.23
158.8
155.39
155.31
150.67
149.21
150.43
149.56
149.89
149.76
151.26
150.36
158.65
179.42
181.47
175.12
173.3
168.27
167.31
168.24
165.26
158.21
155.21
153.73
155.16
155.37
150.75
151.02
150.44
151.6
151.4
151.39
150.02
143.48
136.38
151.29
161.86
187.55
186.51
187.11
188.92
189.57
191.55
187.04
182.41
188.97
180.71
176.48
170.83
164.21
157.31
155.32
155.12
148.4
148.45
147.65
148.34
149.11
152.67
153.82
157.51
182.39
185.38
184.43
180.58
186.62
186.83
184.87
184.32
184.8
182.84
174.79
163.59
157.86
152.68
150.15
151.0
150.78
151.58
151.17
152.83
151.99
154.95
156.89
165.47
188.16
190.21
191.64
189.46
192.08
193.96
191.18
187.07
185.62
180.22
173.92
164.01
159.51
154.39
150.33
148.79
148.8
150.88
150.83
152.52
153.52
157.78
154.07
161.04
188.44
192.19
187.52
185.41
185.43
189.26
188.28
184.57
178.82
180.55
174.67
166.54
161.42
157.39
154.67
152.18
148.26
147.16
148.0
148.86
147.35
149.03
151.07
159.3
182.1
184.05
183.27
184.17
182.39
182.96
183.83
178.75
178.45
172.13
171.28
162.08
160.74
155.69
151.32
150.47
149.89
146.89
146.69
146.36
146.09
145.68
145.93
153.78
179.08
176.4
172.72
168.32
170.09
168.17
164.76
167.26
158.53
157.03
155.08
157.43
156.7
153.33
151.55
146.07
149.04
148.67
146.85
146.19
148.0
147.96
147.56
154.88
178.13
175.86
170.11
166.43
163.08
166.6
163.64
166.19
156.57
155.09
153.66
154.78
153.11
150.21
148.55
148.13
148.65
147.63
147.73
147.33
147.67
150.49
151.29
159.94
182.06
181.46
179.83
180.43
184.48
198.28
194.77
188.22
187.24
179.3
173.84
167.26
165.46
162.47
161.99
160.39
154.26
155.66
153.35
154.38
154.7
156.57
157.7
164.09
182.84
181.46
180.37
183.03
184.73
184.5
185.2
184.13
178.07
175.07
175.34
168.12
163.89
157.79
154.99
155.84
156.03
153.16
151.56
152.48
152.3
156.08
153.3
160.17
172.67
176.34
173.4
176.96
173.02
173.26
172.66
172.01
169.98
164.48
162.48
160.57
160.13
153.67
151.07
146.15
144.62
145.29
143.07
143.69
144.99
145.91
154.35
152.73
156.1
159.6
157.73
157.45
159.1
161.25
158.81
157.62
157.89
156.73
154.89
158.38
156.55
152.73
148.42
143.32
143.45
142.05
141.82
142.89
142.14
145.69
156.21
155.04
156.28
159.63
156.69
157.41
156.58
157.87
158.47
159.4
159.17
160.49
160.52
162.44
162.36
159.49
156.04
147.74
147.2
146.08
146.9
147.48
147.3
147.85
159.15
167.84
189.22
193.72
185.76
179.34
177.08
173.65
173.65
166.61
161.78
156.88
155.58
155.59
155.99
153.19
153.37
149.34
148.64
147.99
147.51
149.28
147.85
150.21
162.38
170.47
191.65
191.32
186.3
182.67
176.22
172.24
168.93
163.34
159.58
153.73
150.73
151.35
151.17
150.18
152.0
148.14
147.02
148.41
147.76
147.54
147.91
152.81
163.88
173.01
192.36
196.8
193.45
195.69
190.75
190.22
186.17
184.72
177.54
177.51
171.78
168.11
163.01
158.62
158.75
153.4
147.6
147.44
145.55
147.27
146.37
147.77
158.21
165.97
188.32
187.51
184.74
185.34
187.16
193.07
185.78
181.75
179.92
176.56
176.43
170.29
163.84
158.83
157.55
153.98
152.72
149.55
148.49
149.6
149.67
151.67
161.94
170.57
194.08
197.49
198.36
193.93
191.28
188.63
184.24
179.4
178.99
177.26
170.62
166.19
164.29
160.74
158.91
152.41
149.76
148.6
149.17
149.47
152.84
154.02
163.62
170.79
195.79
195.44
192.96
192.39
188.4
185.18
178.65
177.95
177.47
168.54
164.24
163.47
163.97
159.79
156.04
152.61
147.5
148.56
