292.5
298.5
297.5
291.25
288.25
291.25
300.5
313.25
343.75
356.5
380.5
396.5
400.0
404.0
406.25
390.5
391.5
376.75
354.0
333.0
323.0
320.5
308.25
289.25
286.0
282.0
281.75
283.5
268.75
285.5
294.0
305.5
315.75
341.0
352.25
371.0
371.5
368.5
369.5
372.0
358.5
344.5
334.0
321.5
303.0
301.25
297.25
291.0
293.0
294.25
290.0
294.75
298.0
294.25
292.75
292.5
296.75
305.75
312.25
320.75
319.5
317.75
323.75
328.0
325.25
318.0
306.25
302.0
298.5
298.75
298.25
301.5
303.0
298.25
293.25
294.75
287.0
291.0
291.0
293.0
293.25
293.0
292.75
296.0
293.75
302.75
308.0
309.75
310.75
309.75
301.75
294.5
291.5
286.0
284.75
285.5
288.75
284.75
285.5
279.5
280.5
291.75
296.0
297.5
317.0
339.0
369.75
382.75
387.25
385.0
388.25
382.5
364.75
298.5
337.75
340.25
324.0
314.25
307.0
298.0
298.0
299.75
303.25
294.0
298.0
294.0
308.0
311.75
332.75
357.75
375.75
378.25
379.25
386.75
391.5
387.5
388.25
375.75
356.0
340.75
338.75
327.75
322.25
307.5
301.0
299.75
296.25
298.0
295.25
298.25
308.0
310.75
336.0
344.0
366.0
370.0
376.75
395.0
390.75
384.75
376.75
362.75
348.75
340.75
326.5
313.25
300.5
291.5
295.0
292.25
291.75
291.0
284.0
285.5
299.75
298.0
327.75
355.75
390.0
408.0
414.0
416.0
428.0
412.25
414.75
407.25
380.25
343.75
328.75
320.75
315.5
306.25
302.25
304.75
301.5
300.25
282.5
294.0
308.75
314.0
333.0
362.5
385.25
400.5
392.0
387.0
396.5
390.0
379.75
368.5
349.5
316.25
303.0
299.0
299.0
291.75
282.25
285.75
283.75
277.25
276.75
279.5
274.5
281.0
284.75
290.25
297.0
311.25
319.0
315.0
316.5
318.75
317.5
318.75
306.75
303.0
303.0
298.75
295.75
288.0
290.5
290.5
289.25
294.5
289.25
288.5
286.75
288.5
284.0
295.75
296.75
304.75
312.75
322.5
313.25
319.75
329.75
317.25
300.5
299.5
298.25
298.75
294.5
294.0
293.25
288.0
297.0
296.25
293.0
292.5
302.0
301.5
327.75
359.25
381.25
395.75
405.75
391.0
392.5
376.0
373.0
366.5
343.75
330.0
311.75
306.0
303.5
291.25
282.25
274.5
278.25
282.25
275.25
276.5
295.5
297.25
310.25
346.5
357.0
366.25
367.0
375.25
365.25
358.25
363.25
349.5
343.0
333.75
330.75
308.75
305.0
292.5
288.75
286.5
294.75
286.0
281.75
281.5
293.0
301.25
311.25
348.25
371.5
369.0
374.0
374.75
378.5
374.25
365.75
351.75
347.25
341.75
328.5
323.25
314.5
302.25
305.25
302.25
291.25
297.0
292.0
296.0
297.5
306.25
322.75
340.75
368.5
386.25
384.25
385.75
385.75
383.0
368.25
358.5
338.5
322.0
312.25
307.25
302.0
292.75
302.0
288.75
284.5
282.0
283.5
288.25
286.5
302.75
315.0
328.25
369.5
380.0
387.25
380.75
388.75
378.75
379.5
377.25
354.5
328.25
323.0
308.5
302.25
296.0
293.0
286.75
288.25
288.25
285.25
282.25
283.0
280.25
287.0
307.0
310.5
304.75
301.75
300.75
305.0
302.75
296.25
290.5
291.5
290.5
303.75
292.5
291.5
292.5
285.5
275.5
288.5
284.5
288.5
285.0
281.25
279.5
281.5
289.75
288.0
280.0
292.5
300.75
308.75
303.75
304.0
298.0
300.25
301.25
298.0
298.75
289.75
285.25
289.75
289.75
286.75
287.75
288.25
298.0
299.5
300.0
315.0
350.0
373.0
364.5
371.0
377.0
380.75
373.75
377.0
373.5
353.75
335.75
328.5
322.0
312.25
301.25
293.0
286.25
297.75
301.5
294.75
290.25
301.75
320.0
344.75
360.75
392.25
396.75
392.75
391.25
404.75
405.0
389.75
379.5
373.0
355.25
345.25
326.5
324.25
317.25
306.75
305.5
308.0
310.5
301.5
297.5
310.25
320.75
330.75
363.75
385.25
389.0
390.5
379.0
378.25
371.25
372.5
369.5
359.25
335.0
325.0
320.5
322.25
302.5
300.25
296.25
297.0
290.75
289.75
290.5
302.0
317.25
335.0
364.0
408.0
407.25
396.75
408.0
403.25
400.75
401.25
385.75
375.5
352.25
342.25
319.75
310.0
306.5
306.75
309.25
305.0
304.25
304.5
295.0
305.0
315.5
329.75
348.75
366.0
385.0
389.25
381.0
382.25
376.25
364.25
351.5
348.0
331.75
320.0
311.0
306.25
303.75
304.25
303.25
305.5
300.5
299.75
297.0
304.75
303.5
305.5
310.75
317.25
317.25
322.25
323.75
325.0
323.75
322.25
330.0
316.0
321.75
312.5
313.5
314.75
313.25
301.5
300.75
299.0
300.0
307.75
300.75
296.75
296.0
291.5
298.0
310.5
307.0
305.5
308.5
312.25
313.0
321.5
326.25
326.5
314.25
308.75
302.25
302.0
303.75
295.5
306.5
302.25
297.25
301.0
296.5
312.25
318.0
335.0
338.5
348.75
359.75
363.25
366.0
368.25
359.5
357.75
344.25
333.75
332.5
328.25
327.25
315.0
320.0
313.5
310.0
304.25
305.5
310.0
305.75
320.75
320.5
346.75
371.5
407.75
413.0
416.25
419.25
425.75
418.5
397.25
380.0
372.25
360.25
349.5
331.75
327.25
316.5
306.75
307.5
312.25
310.5
304.5
302.75
315.25
320.25
365.25
379.25
392.75
396.5
403.0
403.75
403.25
393.0
383.25
364.5
353.5
353.0
343.75
326.5
322.5
310.5
312.25
307.0
304.25
306.25
307.5
299.25
306.0
310.75
335.0
353.0
399.0
403.25
409.0
417.25
410.75
406.75
407.75
381.75
370.0
350.75
339.25
329.75
319.25
306.25
301.25
297.0
308.75
313.5
312.5
308.25
314.75
323.5
348.5
377.75
407.0
416.25
411.25
421.5
411.25
405.0
407.25
389.75
361.75
337.75
319.5
317.0
311.25
310.75
305.0
300.25
300.5
297.0
304.25
298.0
295.0
299.0
298.5
304.5
315.25
327.5
330.75
331.5
335.75
347.75
335.25
319.25
320.0
319.25
313.0
303.0
299.75
303.75
298.75
302.25
296.5
301.25
290.75
294.75
293.75
291.75
297.25
301.75
315.5
316.25
318.25
314.0
320.75
319.75
326.5
317.5
315.0
311.75
312.25
311.25
315.25
299.0
301.0
306.75
309.0
311.25
306.0
303.75
312.5
320.0
347.25
360.25
391.25
384.5
406.0
423.25
409.5
400.5
398.5
400.25
392.25
360.0
341.5
331.0
320.25
311.0
308.0
303.0
304.25
300.25
299.5
302.0
310.5
321.5
344.0
360.25
397.0
403.0
419.25
414.0
414.75
403.5
398.25
394.25
375.75
351.0
335.25
330.5
315.25
307.25
310.0
302.0
301.75
294.5
297.0
310.75
311.5
324.0
348.5
382.0
396.0
407.0
406.0
407.0
407.0
402.5
394.5
384.0
365.75
351.5
346.25
327.75
319.75
318.75
310.25
304.75
305.75
308.0
307.0
309.25
323.25
332.0
354.25
393.25
406.0
393.25
392.0
419.75
414.0
403.5
403.0
388.5
380.0
356.0
355.0
350.5
333.25
331.5
321.25
315.75
318.0
314.0
280.0
305.5
330.25
354.25
367.5
383.5
402.5
396.75
425.25
425.5
417.5
382.25
375.75
370.75
364.5
343.75
331.25
323.0
326.5
323.75
307.75
300.5
300.0
298.5
295.75
296.25
297.75
296.5
297.75
306.25
313.25
321.75
323.5
328.25
328.25
334.5
330.0
321.75
308.5
305.0
302.25
301.75
298.5
309.0
298.5
295.75
291.0
293.25
287.25
297.25
295.0
290.5
287.5
293.5
296.25
309.0
315.5
328.75
326.0
322.75
327.5
320.25
319.75
313.0
307.75
302.25
298.25
303.75
295.0
301.75
300.25
294.25
294.75
294.25
308.25
315.75
339.25
365.5
410.0
432.75
431.5
428.25
424.0
404.0
401.75
396.75
353.0
334.5
330.75
317.25
311.0
309.75
310.25
300.0
296.25
297.75
295.25
300.25
309.0
311.0
328.0
349.25
372.75
378.0
372.5
376.25
377.25
365.75
360.0
354.5
342.5
338.25
337.5
329.25
315.5
318.5
310.0
302.0
300.25
301.25
303.5
306.25
312.75
322.75
336.25
368.5
398.5
414.5
422.25
400.0
401.25
391.5
382.5
367.0
360.0
339.25
322.75
316.5
308.25
309.0
313.25
308.75
305.0
301.5
301.25
298.25
307.25
312.75
347.5
379.25
415.5
432.0
428.5
435.5
428.5
416.5
402.25
392.25
383.5
359.25
342.75
330.5
324.0
320.0
319.5
315.25
312.5
311.75
314.25
315.75
317.0
324.25
330.25
359.0
405.5
410.25
408.5
413.25
403.75
395.75
393.5
381.0
342.5
328.75
319.0
314.25
315.0
300.75
296.0
305.5
311.25
299.25
298.0
293.75
298.25
297.25
299.0
320.0
337.25
345.5
344.5
332.0
334.5
335.5
341.75
326.5
317.0
311.0
312.5
313.0
309.25
304.0
304.0
303.0
313.75
314.75
309.5
305.5
301.75
304.5
302.25
312.5
317.5
316.25
321.25
324.25
333.5
333.75
335.5
335.75
327.5
332.0
315.75
312.75
314.25
308.75
313.0
313.5
301.5
303.5
301.25
310.25
314.0
326.0
348.0
373.0
393.75
419.75
427.0
408.75
406.5
401.25
403.5
398.0
384.75
379.75
354.0
333.25
316.0
313.0
308.25
309.5
304.75
309.5
305.25
309.0
307.5
317.25
361.75
388.5
413.5
431.25
421.25
421.5
415.25
404.5
404.5
382.0
372.25
356.5
337.25
345.0
327.75
310.0
310.25
318.0
306.25
303.0
297.75
307.25
324.0
335.75
360.0
397.0
428.25
420.75
426.75
439.75
432.25
426.0
415.75
393.5
374.0
350.0
334.75
321.0
317.25
312.25
312.0
314.25
316.25
315.0
310.5
304.75
313.75
331.0
350.0
377.75
411.0
422.75
433.5
429.75
427.25
429.75
429.5
403.0
377.0
350.25
344.75
341.25
330.0
326.0
320.75
315.75
310.5
311.0
304.75
312.75
327.0
327.5
346.25
379.25
392.0
419.0
410.75
410.75
411.75
407.5
397.5
367.75
363.25
359.75
333.75
323.75
311.25
312.75
315.25
314.0
312.5
302.75
301.5
305.25
305.0
310.25
305.5
304.5
309.0
337.75
342.25
345.75
355.5
362.5
335.75
322.0
316.25
322.75
323.5
309.75
308.75
307.75
315.0
300.0
296.25
312.75
307.25
296.0
299.0
302.75
297.0
312.0
324.25
336.25
335.75
336.25
328.5
325.75
327.5
318.5
312.0
315.75
313.0
314.75
317.5
315.5
308.0
317.75
303.75
304.0
315.5
306.25
322.0
329.0
336.0
354.25
397.0
414.5
427.75
424.25
434.5
417.75
408.0
405.25
377.75
363.0
361.75
351.25
340.25
308.25
303.0
305.75
318.0
316.25
310.25
305.25
314.75
332.5
349.0
378.0
414.25
411.5
413.0
418.5
412.5
402.25
400.75
384.5
377.0
364.0
349.75
340.25
322.75
323.25
321.5
321.0
316.5
314.25
314.5
306.75
317.25
332.5
349.5
379.0
393.75
399.0
401.75
414.5
411.0
394.0
383.25
373.5
348.25
343.5
341.5
328.25
323.5
317.0
321.0
311.5
311.0
311.5
314.0
303.75
315.75
325.75
338.25
373.75
401.0
427.5
431.75
428.5
418.0
415.5
403.5
408.0
378.5
358.5
336.25
331.0
325.75
310.25
307.75
307.0
309.5
312.25
302.75
311.5
323.5
330.0
345.5
371.25
390.25
406.5
410.75
405.25
414.75
399.25
385.5
371.0
355.5
342.0
341.5
325.25
321.25
316.0
304.0
306.25
307.0
295.75
293.75
306.0
301.0
298.25
307.5
315.25
321.75
330.0
341.5
337.75
325.0
330.5
324.5
318.5
310.25
308.5
307.25
310.25
307.75
301.5
306.75
303.25
303.5
304.5
301.5
302.5
299.25
300.25
303.0
303.5
299.5
301.75
313.0
323.0
317.5
310.5
324.0
319.75
311.75
315.75
315.0
309.0
316.75
317.0
314.5
315.75
323.5
311.25
312.25
313.75
317.25
323.75
345.5
382.75
401.75
415.5
426.75
429.75
418.75
413.25
406.25
397.0
378.0
360.75
352.0
348.5
339.25
324.5
326.75
318.0
322.25
319.25
324.0
319.25
330.5
335.5
362.5
398.25
410.75
412.25
412.5
412.0
409.75
402.25
390.25
382.0
385.75
364.0
352.0
331.5
319.75
312.25
309.0
308.75
307.75
305.5
300.75
296.0
313.0
309.25
331.75
360.5
378.75
396.5
399.5
404.75
398.0
391.75
386.75
376.0
361.75
352.0
341.0
341.25
335.25
332.25
327.25
322.25
317.5
317.0
315.5
312.0
321.75
324.75
353.5
382.75
396.75
411.75
410.5
401.25
397.25
405.25
397.25
389.0
366.25
354.75
348.0
336.75
336.0
323.5
320.5
323.5
329.0
326.25
313.75
311.5
319.75
325.0
322.5
321.5
319.75
339.0
340.75
339.0
333.0
331.25
343.75
339.25
325.5
324.25
315.25
323.5
322.25
316.0
310.25
311.0
311.5
308.75
316.0
315.25
310.75
306.0
307.5
309.5
324.75
325.0
317.5
326.75
331.25
322.25
323.5
321.75
320.25
318.5
310.25
311.0
317.75
318.25
316.5
310.25
308.0
306.25
312.0
307.5
308.0
313.75
319.25
327.25
332.75
327.75
318.5
326.75
332.5
335.25
337.25
332.5
330.5
332.75
336.25
326.25
325.0
324.75
327.25
323.0
321.25
320.25
321.25
320.5
327.5
329.25
338.5
367.0
388.5
407.25
407.25
404.25
403.5
412.5
410.25
381.5
364.25
348.75
338.5
324.0
317.0
325.0
319.25
318.0
316.25
317.75
316.75
312.5
321.5
326.5
345.0
376.5
412.0
432.75
429.75
428.0
424.75
421.75
412.75
393.75
366.0
347.0
339.5
333.5
323.25
312.5
310.5
305.25
312.5
307.75
307.75
310.25
321.5
329.5
345.25
374.25
397.25
402.5
404.5
412.0
413.25
394.75
400.0
390.25
377.0
356.75
342.0
340.75
332.0
315.5
312.25
308.5
311.75
307.0
319.25
317.5
324.5
327.0
339.5
385.25
410.0
432.25
432.5
427.75
427.75
418.25
400.25
350.25
336.0
325.75
302.25
296.0
295.0
275.75
270.25
274.5
269.75
249.25
303.95
305.415
242.25
280.75
303.5
341.5
401.25
391.5
409.0
411.0
404.5
403.75
406.25
386.75
356.75
343.0
336.0
324.5
318.0
300.0
303.25
303.25
294.75
301.75
295.25
300.5
304.25
296.0
294.75
301.25
299.75
314.5
324.0
334.5
335.0
340.5
333.5
330.0
312.5
310.75
303.0
308.0
295.25
306.5
300.75
289.0
297.0
303.0
287.75
280.5
282.0
280.25
281.0
279.0
271.5
278.5
294.0
294.75
292.75
297.75
288.25
281.25
285.25
285.25
279.75
282.25
285.5
281.75
285.0
283.75
276.25
276.25
270.75
277.5
298.0
301.75
314.0
345.25
386.0
402.25
420.75
411.75
419.75
416.0
414.75
397.25
386.5
370.25
356.25
338.0
322.0
315.25
311.5
304.75
304.5
304.75
302.25
305.0
315.0
321.75
335.25
373.0
407.25
414.25
420.25
430.25
424.75
426.0
417.25
389.0
378.0
369.25
329.25
328.5
310.5
308.25
304.5
306.5
302.25
305.5
306.25
298.75
307.0
313.0
335.75
368.5
402.75
416.0
409.5
402.0
397.75
394.75
390.5
371.0
356.75
347.0
340.0
334.5
328.25
316.25
300.5
304.5
300.5
309.0
303.0
303.25
314.75
316.25
335.0
372.0
412.25
415.75
426.5
424.25
430.75
416.25
404.0
396.5
367.75
347.75
336.5
323.0
305.75
300.0
301.5
296.5
292.25
290.0
286.5
281.75
301.5
314.0
334.0
354.75
364.5
383.25
376.25
381.5
386.25
372.5
362.0
353.75
341.25
324.0
308.5
307.25
308.0
297.25
301.25
303.5
300.5
296.0
291.25
297.5
303.5
294.5
294.0
311.0
311.0
314.25
320.75
317.5
308.5
317.25
334.0
319.5
308.0
308.75
302.75
300.0
312.0
306.25
293.75
292.75
294.75
303.5
299.0
288.0
300.0
289.5
302.75
304.25
298.25
290.25
298.25
312.75
307.75
308.5
300.5
299.25
309.5
319.25
307.25
310.75
303.75
300.5
295.5
301.5
296.0
283.75
291.75
291.75
305.0
317.0
328.75
366.25
402.0
418.25
422.25
426.5
423.5
417.5
420.75
408.0
382.5
364.25
345.25
333.25
334.25
325.0
311.5
324.5
319.75
317.75
319.25
311.25
320.75
328.5
341.25
375.0
423.0
426.5
434.0
434.25
431.25
427.25
412.0
386.0
366.0
360.25
346.75
332.5
321.75
315.5
305.0
301.75
306.0
306.75
302.0
299.5
316.5
331.75
347.5
374.25
393.25
398.5
411.5
409.25
403.75
398.75
386.5
361.75
353.5
347.0
337.75
319.25
314.25
301.0
299.25
294.0
283.75
288.5
286.25
280.75
305.0
315.75
338.5
380.75
394.25
420.0
427.25
411.25
416.75
421.75
412.5
393.25
363.0
356.5
346.0
325.25
316.0
312.0
307.75
307.0
302.5
303.5
318.0
306.25
321.5
326.25
345.0
379.5
394.5
406.25
418.25
409.5
410.75
411.5
403.75
380.75
359.25
351.0
323.75
312.25
307.75
303.5
297.0
304.25
296.75
293.0
294.5
295.75
294.75
291.75
292.25
299.5
303.5
316.5
317.0
324.0
329.25
318.0
319.25
318.25
313.0
320.25
312.0
302.5
302.25
318.75
311.0
295.25
300.25
303.5
312.25
301.5
303.5
305.5
307.75
314.75
311.0
311.5
308.5
325.0
333.0
326.0
328.5
326.75
332.25
336.75
315.5
321.0
312.5
308.0
305.5
310.0
315.5
317.75
320.5
315.0
308.25
316.25
341.25
372.0
414.25
430.5
426.75
427.25
430.5
426.75
406.0
398.75
386.5
361.0
349.0
331.5
324.5
312.75
310.25
305.0
306.25
295.0
294.0
293.5
303.75
310.0
342.5
364.75
391.25
424.5
435.75
438.25
429.25
412.25
411.75
397.75
392.75
370.75
336.0
335.5
325.25
307.25
314.25
314.0
306.0
310.5
313.75
309.75
319.0
320.25
361.0
392.25
426.75
425.0
419.75
419.75
417.0
407.5
409.25
383.75
360.0
348.25
341.25
325.0
316.5
297.75
296.0
288.5
285.0
282.75
285.5
289.25
304.25
303.0
331.25
350.0
385.25
397.25
397.0
403.75
395.75
382.5
379.0
374.75
366.5
346.25
343.5
328.5
312.5
314.0
313.5
302.25
304.75
301.0
302.5
297.75
315.25
332.0
338.5
358.25
367.5
381.0
386.75
393.0
383.25
377.0
373.0
358.5
342.5
331.25
329.25
307.75
319.5
300.75
294.0
296.25
294.5
294.0
305.75
302.25
297.0
301.5
293.25
297.0
310.0
317.75
310.5
308.75
315.75
322.0
330.75
319.25
320.0
310.0
311.75
311.75
292.5
298.75
295.5
289.5
291.25
297.75
283.5
288.0
286.25
285.0
296.5
299.75
302.25
300.0
303.5
301.5
311.75
307.25
304.25
316.5
320.75
318.75
312.25
306.5
304.25
302.0
308.0
305.25
301.25
291.25
297.75
298.25
306.0
306.75
337.75
370.0
407.0
414.25
415.25
410.5
404.0
401.5
399.75
348.0
382.0
365.25
353.5
335.0
329.25
316.0
306.75
295.5
300.25
296.25
291.5
301.0
302.75
315.5
343.0
379.5
412.0
411.75
422.75
415.75
417.0
410.75
417.25
396.5
361.25
355.25
348.0
333.5
328.5
324.75
313.25
318.0
307.0
310.75
306.75
309.25
313.75
322.0
340.0
372.0
389.75
396.0
401.0
406.25
409.5
396.5
398.5
381.5
367.5
364.5
349.75
345.0
339.25
330.5
331.75
323.5
317.0
316.25
321.0
324.5
330.25
327.75
355.5
385.0
399.75
414.25
417.5
419.0
415.25
410.25
404.75
384.75
365.75
353.5
341.25
337.0
322.5
316.5
307.75
297.25
302.75
298.5
303.0
306.25
312.5
321.75
329.75
360.5
392.5
397.5
398.75
391.5
393.75
382.75
370.0
366.0
360.5
339.75
322.25
316.0
317.25
307.25
294.5
299.0
301.25
305.75
295.5
302.25
300.25
297.5
306.0
308.75
313.25
312.25
330.0
332.25
337.0
336.0
343.0
320.5
322.0
317.75
314.25
312.0
304.5
303.5
299.0
298.75
299.25
291.75
297.75
291.0
292.0
301.0
296.0
303.0
307.0
307.25
312.75
312.25
309.5
306.0
307.5
308.75
295.25
301.25
302.75
304.0
285.5
286.25
288.5
293.75
289.75
290.5
284.0
291.25
302.75
303.5
325.75
359.75
395.75
389.75
401.0
396.25
396.25
385.75
376.0
381.0
367.25
344.25
343.5
328.25
307.25
312.25
295.25
301.0
302.25
297.25
307.5
303.0
313.75
327.75
336.75
366.5
394.5
398.0
400.25
393.25
409.25
389.0
386.75
371.75
360.75
358.75
351.25
340.5
322.75
325.75
309.75
309.25
306.0
312.0
319.0
306.75
326.5
333.5
345.75
381.5
405.25
417.75
417.25
421.5
408.0
402.25
389.5
379.75
361.0
349.25
344.75
328.75
321.5
303.5
307.25
302.25
295.0
302.25
295.5
293.5
306.5
305.25
325.75
361.5
390.75
400.5
399.25
400.0
400.75
387.25
390.75
370.5
365.0
361.0
338.0
335.0
327.0
316.75
298.75
307.5
303.75
301.5
302.5
308.75
315.25
316.5
348.0
376.0
402.0
407.75
407.25
411.0
412.0
396.75
379.5
372.75
363.25
354.25
338.5
330.5
323.75
312.75
302.75
302.25
298.25
296.0
296.0
297.25
296.75
306.0
306.25
314.0
310.0
311.5
318.75
331.5
338.25
333.5
338.0
322.75
322.5
318.0
315.75
308.75
312.75
307.75
302.25
296.25
303.25
303.0
306.25
303.75
305.5
303.75
311.25
310.75
329.5
326.25
318.5
323.75
324.25
338.0
334.25
339.75
320.75
321.25
326.0
318.75
310.75
313.25
311.5
307.5
315.25
304.25
306.75
314.25
324.25
327.75
355.5
377.25
390.0
397.0
394.5
401.0
395.0
393.0
399.25
392.25
369.75
343.5
345.75
338.5
330.25
324.75
313.75
306.0
313.0
306.75
306.5
314.25
316.0
323.5
347.25
377.75
393.25
402.75
398.25
389.0
395.25
386.0
388.0
365.0
356.25
349.75
341.5
330.5
323.75
317.0
314.5
312.75
318.5
308.5
311.25
311.0
324.5
324.5
339.5
370.5
391.75
412.5
417.5
422.75
409.25
400.75
392.25
390.5
372.0
359.0
350.25
352.5
338.75
327.75
318.75
319.25
311.25
317.5
311.5
315.5
321.5
324.5
339.0
381.75
395.75
405.25
409.75
417.75
409.25
397.75
397.75
380.5
371.25
361.5
352.5
344.25
333.5
325.75
318.0
307.0
310.25
306.5
298.0
301.5
316.75
324.75
347.0
368.25
404.0
412.25
407.5
409.5
407.25
394.0
387.25
366.25
352.75
331.0
316.5
317.0
316.5
310.0
313.5
305.25
311.5
305.75
302.0
302.25
299.25
301.25
301.5
315.75
318.25
323.25
324.25
327.0
335.75
335.25
325.5
325.75
321.25
313.75
316.75
321.75
313.75
310.25
313.0
305.5
310.25
304.5
306.25
306.5
310.5
303.0
305.0
309.5
318.5
322.75
329.0
320.0
323.75
333.5
331.5
336.25
324.5
315.75
322.75
317.25
318.25
311.5
311.25
310.5
304.25
312.5
307.75
307.5
315.5
325.5
341.25
365.75
389.25
385.0
386.25
399.75
395.0
388.25
389.5
375.0
358.0
352.75
344.0
333.75
314.75
313.0
304.25
300.0
292.25
303.0
291.5
296.25
304.75
310.0
329.75
365.75
387.25
393.5
395.75
401.0
400.25
393.0
385.75
366.25
362.75
344.75
341.0
326.5
315.5
314.25
302.0
306.0
298.25
300.75
295.5
301.25
302.5
315.75
336.0
352.75
386.25
390.75
395.0
408.0
404.75
396.5
400.0
378.75
371.75
355.25
344.25
336.5
321.75
325.25
305.75
311.0
306.5
307.75
309.75
305.75
315.25
318.0
344.75
371.5
389.5
418.5
409.25
417.5
407.25
403.25
394.5
386.75
359.25
354.75
339.0
333.75
313.75
311.5
310.25
303.75
312.5
300.25
305.75
314.0
310.5
324.5
335.75
361.5
388.0
394.25
389.75
396.0
406.0
393.5
388.5
370.25
355.25
339.25
331.25
326.0
321.0
317.75
314.25
306.75
310.25
310.5
313.25
314.75
308.5
308.75
311.5
315.25
316.5
327.75
328.0
329.25
330.25
330.75
328.25
325.25
323.25
316.5
318.5
324.5
321.75
314.75
315.25
311.5
316.0
317.0
312.25
313.75
317.75
319.0
310.75
323.75
317.5
320.0
324.75
329.0
335.5
344.0
343.0
340.0
332.75
330.0
327.25
326.5
325.25
320.25
315.25
315.5
308.25
312.0
310.75
309.25
322.0
320.0
315.5
324.5
339.5
344.0
343.25
340.5
344.0
350.0
336.25
343.25
330.5
328.5
328.75
316.75
317.75
305.0
303.25
316.25
306.75
308.0
308.75
305.0
311.75
324.75
348.5
373.5
386.75
390.5
396.5
408.75
406.25
399.75
384.5
368.25
352.25
344.75
344.75
329.75
322.5
306.25
303.25
306.0
300.75
302.75
305.5
305.25
316.0
324.75
349.0
378.0
400.25
405.25
414.0
418.0
412.0
403.25
394.75
387.5
374.0
358.5
352.25
342.75
327.75
321.25
323.25
310.0
316.0
308.75
306.75
309.5
315.0
325.25
348.25
389.25
391.75
393.5
397.75
405.75
418.0
400.75
401.5
383.0
380.25
370.0
353.5
338.0
319.25
309.75
309.75
303.0
307.5
309.25
305.5
288.25
308.0
317.5
344.0
359.75
389.0
391.5
392.25
400.5
398.75
391.5
382.0
379.5
355.5
336.5
326.0
316.75
308.75
303.0
300.0
299.25
301.75
304.0
302.5
301.0
303.0
304.75
304.5
322.0
326.75
334.25
326.25
334.25
332.75
341.0
334.5
334.0
319.75
317.5
316.75
312.5
310.0
310.25
303.0
304.75
304.0
300.75
302.0
304.0
303.75
301.25
301.25
306.75
310.0
313.25
320.0
324.5
316.5
324.75
321.75
324.75
318.75
316.0
315.25
314.5
308.25
302.75
296.5
301.0
302.75
302.25
298.0
296.25
315.0
322.5
346.75
366.25
390.25
390.5
400.5
408.5
405.75
404.0
405.5
307.25
371.0
361.75
346.0
332.5
314.0
303.0
307.25
304.0
303.75
299.25
302.75
301.75
312.0
329.0
351.5
382.25
401.75
411.75
408.25
425.75
426.5
426.5
404.75
394.25
366.5
345.5
330.25
325.25
312.0
310.0
307.0
308.5
310.25
307.25
308.0
311.0
318.75
326.75
350.25
365.5
387.25
389.5
396.75
411.25
413.25
407.0
401.0
382.5
357.75
346.75
330.5
321.25
320.0
311.25
300.75
309.0
302.25
300.75
301.75
306.25
314.75
318.0
355.0
374.25
385.0
396.0
396.0
404.0
392.75
393.75
389.0
370.25
350.75
336.25
326.75
309.75
308.25
295.75
294.75
294.75
286.25
287.0
287.25
288.25
303.0
313.0
335.75
355.25
389.25
389.75
388.5
382.5
386.25
376.5
379.75
360.0
345.5
326.0
310.0
313.5
296.75
298.75
286.25
292.25
291.0
293.75
291.25
294.75
291.75
293.25
292.0
301.25
309.25
313.25
313.5
318.75
330.75
339.25
321.5
316.0
304.0
310.0
301.25
298.25
300.0
298.25
301.25
297.5
288.25
295.75
285.0
302.5
297.5
297.75
298.75
302.0
306.0
307.0
314.75
307.75
303.75
300.5
303.0
303.0
297.0
295.0
289.0
300.75
297.0
300.0
299.0
294.5
300.25
296.5
288.5
294.0
303.5
311.0
338.0
371.25
385.0
390.75
396.25
398.75
404.5
399.5
392.5
393.25
370.0
350.0
334.75
318.5
300.0
295.25
298.25
293.75
297.0
290.5
298.0
295.0
308.75
314.25
330.5
357.0
383.0
391.0
399.5
403.25
408.0
398.5
395.0
385.25
379.5
352.25
336.5
321.0
311.25
297.25
295.0
299.5
296.25
295.75
296.25
298.75
317.0
320.0
330.5
368.5
391.75
384.75
395.75
397.25
408.5
406.0
391.5
381.0
374.25
358.25
343.25
330.25
324.5
315.25
312.25
313.0
299.5
300.25
303.75
302.25
314.25
327.0
354.5
370.75
389.0
403.5
416.25
436.25
429.5
424.0
420.5
405.5
383.0
360.25
353.0
346.0
335.25
325.75
315.75
314.75
313.75
305.75
310.25
310.0
314.0
326.5
350.75
369.75
394.5
401.75
407.5
411.75
413.0
405.25
389.25
385.0
363.75
344.5
329.0
323.25
314.75
303.25
300.5
306.75
298.0
305.0
290.0
297.75
293.0
291.75
287.25
311.0
304.75
322.0
323.75
327.0
325.75
321.25
328.75
318.5
309.0
300.25
297.0
296.5
299.75
297.75
294.25
293.75
289.25
290.75
297.25
293.0
282.25
294.5
283.25
299.0
306.25
303.5
314.25
311.75
316.25
314.0
314.25
315.0
306.75
307.25
310.0
308.25
300.0
302.75
300.75
293.0
297.25
297.75
299.0
296.5
318.5
318.75
346.5
369.0
385.75
391.25
402.25
406.0
411.75
404.5
394.5
389.25
381.5
368.75
362.5
337.25
326.75
305.25
305.25
298.5
297.5
294.25
292.75
295.25
308.75
315.0
346.75
379.5
389.75
400.25
400.25
404.0
411.25
401.75
411.0
391.75
376.75
356.75
354.0
339.0
324.0
314.5
302.0
300.5
306.25
297.0
300.5
307.5
312.25
331.0
348.25
371.0
395.0
414.0
414.25
422.5
435.0
419.0
422.0
408.25
375.5
370.5
366.75
347.25
334.75
326.75
319.0
317.0
313.5
314.5
313.5
314.25
330.75
336.25
380.5
411.25
421.25
429.75
427.25
442.25
450.5
425.5
415.5
412.5
389.75
372.5
359.5
341.0
332.25
324.0
316.5
310.75
315.0
305.25
304.25
307.75
320.0
324.25
342.75
365.0
381.0
385.0
395.25
394.75
400.5
398.0
386.75
385.75
360.25
334.0
320.0
310.25
314.0
303.25
299.25
295.0
301.5
294.0
299.0
293.5
302.25
302.75
301.5
312.25
317.25
320.0
328.25
330.25
335.0
341.75
340.5
334.0
317.75
321.25
314.0
317.25
310.25
316.25
311.25
308.0
304.25
304.75
306.5
305.75
305.0
307.0
303.0
313.25
306.5
318.5
313.5
318.75
319.25
322.75
324.0
325.25
322.25
319.75
316.5
317.25
315.75
313.25
317.5
308.0
317.0
306.75
315.5
310.25
318.5
325.75
348.25
377.0
393.25
397.5
412.5
417.0
416.5
414.0
406.25
392.5
376.0
358.75
337.25
327.75
315.25
309.5
303.75
300.5
301.75
298.25
304.75
296.0
309.25
308.25
345.0
371.75
406.75
415.25
410.5
421.75
429.5
430.5
424.75
400.75
368.0
349.0
341.0
319.5
311.75
301.0
301.0
295.75
301.25
299.0
300.25
301.25
314.75
327.75
335.0
376.0
407.25
424.5
432.5
434.75
435.25
436.0
403.75
396.0
376.75
360.0
351.5
341.25
337.5
322.75
315.25
311.0
313.25
312.5
314.25
314.75
323.75
337.25
361.0
378.25
406.0
419.0
427.0
432.75
431.0
422.75
416.25
396.5
377.5
360.0
356.75
343.75
329.0
314.5
313.5
308.75
310.25
312.0
305.5
304.25
321.25
329.25
345.5
356.75
375.75
372.75
376.75
380.25
384.25
389.5
377.0
366.75
341.5
332.75
312.25
305.75
303.25
301.5
299.75
300.75
299.25
294.0
297.0
296.5
303.0
296.25
296.25
316.25
314.75
318.5
321.0
326.75
328.75
339.25
315.0
320.25
308.5
319.5
310.75
316.25
303.25
309.0
303.25
305.25
305.0
307.75
304.25
308.0
307.5
303.25
309.0
316.0
318.0
317.5
313.25
308.5
323.25
320.25
329.75
320.0
314.5
308.0
308.0
310.25
310.5
311.25
307.25
305.25
301.5
300.75
293.25
298.0
310.25
307.0
333.0
350.75
358.0
380.0
386.75
392.0
396.75
391.25
388.75
319.0
355.25
340.25
332.0
312.75
310.0
296.0
288.0
286.0
293.0
289.0
289.0
289.75
300.25
303.0
335.25
355.25
374.75
386.0
392.25
396.0
396.0
405.0
381.0
370.5
358.0
334.0
325.25
321.25
311.0
301.5
293.5
294.75
296.25
295.5
295.0
301.0
318.25
315.25
344.25
367.75
389.25
397.25
398.5
404.75
410.25
401.5
393.0
378.0
365.25
340.25
346.75
326.75
307.75
302.0
295.25
295.0
291.0
287.5
286.25
290.75
301.25
324.5
348.5
379.25
398.25
405.75
402.5
404.5
411.75
388.75
391.75
376.5
372.75
353.75
351.25
324.5
311.0
295.0
296.5
295.25
293.25
294.25
294.0
291.75
304.0
307.5
337.75
362.0
368.0
391.25
396.25
396.5
407.25
389.0
391.75
376.25
355.25
333.5
313.0
316.0
317.25
306.5
304.5
309.5
306.0
303.0
305.75
310.75
311.25
303.0
308.0
316.25
318.75
325.5
341.25
334.75
334.5
341.5
337.0
334.5
321.25
315.25
319.5
311.5
311.5
313.25
313.5
313.0
312.0
316.25
312.75
308.0
309.75
308.5
309.0
312.0
316.0
308.0
315.25
317.25
321.75
322.25
332.5
325.5
314.5
325.25
312.75
311.0
303.0
307.75
305.5
305.25
305.75
309.0
302.0
305.25
313.75
324.25
354.5
376.25
392.0
409.25
415.0
421.0
421.5
419.75
416.0
393.75
370.25
358.5
349.5
333.5
321.25
313.75
313.25
311.25
312.75
312.0
313.75
318.75
326.25
332.0
365.5
396.5
403.0
412.0
413.25
423.0
432.5
423.0
431.0
421.0
397.0
371.75
367.0
342.5
327.25
324.5
312.0
314.75
312.25
305.75
305.75
307.25
320.5
324.75
355.5
370.25
385.5
396.75
407.0
418.75
423.75
412.75
413.25
412.0
376.0
355.75
345.75
327.5
322.5
311.75
304.5
301.0
307.25
310.25
296.0
302.5
316.5
324.0
352.75
375.25
401.5
405.5
410.75
421.25
417.0
413.0
412.0
406.25
381.75
359.75
363.75
346.25
329.0
323.75
319.5
310.0
309.25
309.75
299.5
298.75
317.25
318.0
334.25
361.25
390.25
392.75
400.0
404.5
399.75
396.5
383.5
371.25
353.25
326.5
323.0
323.75
308.0
301.25
297.75
297.75
302.25
301.0
291.0
294.25
291.75
296.5
296.25
315.5
317.25
317.5
318.0
325.25
331.75
329.0
324.75
324.25
317.5
313.25
312.25
309.0
308.5
305.75
308.0
301.5
305.25
302.5
311.75
300.75
308.75
306.0
300.75
309.75
314.75
310.75
308.25
319.25
316.5
322.5
329.5
325.0
320.75
326.5
322.75
317.0
316.0
313.0
308.25
304.75
308.25
301.5
303.25
305.0
315.75
320.25
350.75
369.5
384.25
402.75
419.0
430.25
429.75
426.5
426.25
418.25
387.75
359.25
353.25
332.75
317.5
308.75
298.5
294.0
293.25
298.75
298.0
296.75
310.75
314.5
344.5
368.25
389.75
397.25
403.25
401.25
415.5
415.75
412.0
399.5
377.5
352.75
345.25
329.75
305.75
304.25
304.25
305.5
299.5
308.25
306.0
300.0
316.25
327.25
345.0
377.25
386.5
416.25
412.5
422.75
425.5
421.25
421.5
405.75
384.75
374.75
366.5
346.25
334.0
322.5
317.25
307.75
311.75
315.75
316.5
313.75
325.25
341.5
362.0
389.0
408.75
407.25
408.5
426.25
422.25
416.5
413.0
418.0
388.25
371.5
366.0
348.25
336.75
317.25
317.25
315.25
308.0
313.5
312.25
317.25
321.75
331.25
358.5
377.0
406.75
409.0
414.75
424.25
428.25
426.5
433.75
414.75
377.25
354.25
341.0
338.5
330.5
321.5
317.0
314.5
316.0
310.0
313.25
312.0
306.5
300.5
313.0
313.5
323.0
330.75
324.25
328.5
338.25
345.0
341.75
333.75
324.0
315.5
324.25
318.25
321.75
316.25
311.25
307.0
310.0
306.0
305.75
307.0
300.5
301.25
293.75
309.75
312.5
310.25
318.25
317.75
318.0
314.5
329.5
321.25
319.0
318.25
318.25
313.5
309.75
307.25
306.25
309.5
305.5
297.25
302.5
306.0
311.75
316.5
345.25
382.333333333
398.0
410.0
416.75
424.5
430.75
415.25
423.25
409.25
391.5
378.25
361.25
346.75
333.75
316.25
309.25
311.0
315.0
308.5
305.5
310.5
317.75
338.0
362.666666667
366.4525
388.79
433.0
432.75
447.25
446.0
435.25
433.25
413.75
380.0
356.25
351.0
338.5
332.0
316.75
318.75
314.75
315.0
310.75
303.0
308.25
325.75
339.0
359.25
380.5
395.0
430.0
439.25
452.75
446.25
432.0
423.5
411.75
383.25
354.5
347.5
331.75
324.75
316.25
312.75
319.25
318.25
309.0
315.5
322.25
322.75
329.75
379.75
403.75
423.25
430.5
428.0
453.5
409.01
444.5
437.0
408.75
380.5
364.25
357.5
338.25
328.5
320.25
313.25
317.75
313.5
319.5
302.25
310.25
318.5
327.25
345.5
360.75
384.25
391.5
389.75
397.0
404.0
395.75
392.75
371.5
349.25
338.5
320.25
313.5
306.5
300.75
292.25
282.75
287.25
288.75
291.5
293.75
288.75
287.0
289.0
307.75
320.75
317.25
319.75
324.5
332.0
324.5
326.25
316.5
307.5
306.0
309.25
302.75
302.0
300.5
294.5
299.25
299.25
300.75
304.0
304.25
298.25
300.75
308.75
307.75
302.5
302.75
304.75
309.75
319.25
319.25
327.25
327.25
319.75
305.75
302.25
301.0
300.25
308.25
304.0
300.75
303.25
294.0
300.0
302.5
301.0
311.0
320.75
347.0
368.0
387.5
396.5
412.75
406.25
406.25
400.25
391.75
334.75
366.5
348.0
341.0
325.75
304.0
287.25
300.0
297.75
303.0
301.5
303.5
288.75
313.0
314.0
336.0
355.25
379.75
402.25
409.5
407.75
420.25
411.75
407.25
390.0
367.25
327.0
327.0
324.25
304.75
294.75
290.25
302.75
302.25
297.75
296.5
289.75
300.0
314.25
344.5
364.5
374.0
376.0
395.25
403.0
411.0
412.25
395.25
384.25
364.25
348.0
334.0
329.25
320.25
304.0
304.25
301.5
305.25
302.5
303.0
298.75
309.0
319.75
356.75
375.0
384.5
401.0
404.75
410.75
409.0
410.0
403.75
391.75
370.0
346.75
331.5
326.0
320.75
308.0
297.5
297.75
296.5
295.25
289.75
286.75
304.25
319.75
340.25
358.0
388.25
397.75
402.75
395.5
395.5
390.75
378.25
359.25
343.5
330.25
320.25
310.25
311.0
297.5
286.5
289.0
290.5
288.0
290.75
291.0
297.0
291.75
285.5
299.0
309.25
316.0
315.25
328.0
334.25
330.75
329.25
323.0
319.5
310.5
319.5
313.25
311.75
305.5
308.75
310.75
311.0
308.75
305.5
309.5
308.75
306.5
303.5
317.25
318.5
318.5
318.0
323.5
330.25
331.75
320.5
314.75
310.0
309.0
307.25
305.75
306.0
305.75
300.75
302.0
307.75
304.75
308.0
302.25
312.25
319.5
333.25
351.0
389.0
407.5
413.75
425.0
419.75
413.0
400.5
379.75
353.25
337.5
334.5
319.25
307.25
309.75
296.0
294.5
291.75
282.0
288.0
295.25
303.25
308.5
333.75
361.0
393.25
421.25
420.25
409.25
424.25
414.5
401.5
383.25
368.75
343.25
335.0
328.25
306.0
289.75
285.0
292.0
288.0
293.0
295.25
297.25
302.0
313.0
339.0
367.25
387.5
410.25
426.0
406.0
412.25
402.0
396.0
374.5
348.25
333.5
327.5
320.5
312.0
307.25
295.0
296.75
295.75
291.75
289.75
294.25
303.0
314.0
333.75
369.75
378.25
394.5
397.25
405.0
407.75
406.25
399.75
371.0
347.0
327.75
323.75
310.25
305.5
290.25
292.75
287.75
290.0
295.5
293.5
290.5
304.0
311.75
327.0
346.0
373.0
386.5
387.5
390.75
394.75
394.25
388.25
370.0
345.0
325.75
315.0
309.75
309.0
305.5
292.5
294.75
298.25
293.25
300.5
298.0
300.0
301.5
296.75
312.0
315.75
320.0
321.5
329.0
334.5
334.0
338.25
328.5
316.25
316.0
309.5
313.5
306.5
311.75
309.25
301.25
301.25
299.0
298.5
307.25
302.0
301.25
294.0
304.5
301.75
298.5
303.5
300.75
302.5
306.5
305.25
306.25
302.5
295.75
284.75
292.25
293.5
287.5
283.75
283.25
281.5
284.5
283.75
283.5
300.75
301.25
325.75
353.0
378.5
385.0
391.75
391.5
400.0
391.25
380.75
375.0
357.5
343.25
334.25
321.25
315.25
304.75
297.75
292.25
300.0
293.5
294.25
298.0
310.0
324.75
339.0
375.25
399.5
427.0
404.75
408.75
408.5
402.75
399.0
384.75
360.75
337.5
332.75
320.75
307.5
301.25
299.75
299.75
298.25
294.75
298.25
291.0
304.75
312.75
329.0
346.5
377.25
409.5
410.75
422.0
415.25
409.0
396.5
376.5
348.5
332.0
324.25
311.0
294.0
291.0
280.25
284.0
276.75
280.0
288.25
284.5
289.5
298.5
321.0
340.75
357.75
390.0
395.0
399.0
407.5
412.25
399.25
378.5
340.75
324.25
312.75
307.0
294.5
288.5
290.5
289.25
290.5
290.25
272.5
292.0
299.5
308.25
330.5
357.5
395.5
403.5
404.5
398.25
418.0
414.5
401.5
385.5
355.25
335.75
319.75
309.25
297.5
296.75
292.0
290.5
294.25
292.0
297.0
297.25
297.0
297.0
297.25
309.75
311.0
322.25
322.0
330.0
345.75
334.25
332.0
323.0
308.5
303.25
296.0
290.0
292.75
289.75
292.0
282.75
288.75
297.75
297.0
298.25
301.5
295.75
297.5
308.25
321.0
319.25
320.25
321.25
313.25
322.5
320.75
318.0
322.0
304.0
303.75
305.0
300.25
294.25
291.5
296.75
298.25
293.0
297.5
290.25
307.5
316.5
337.5
357.5
395.0
413.0
414.5
421.25
413.0
410.0
399.25
389.5
374.5
355.25
332.75
310.5
308.5
294.0
286.75
282.5
283.5
277.75
284.25
280.5
291.5
290.75
327.0
349.75
375.25
382.5
383.5
386.75
394.25
384.5
377.0
364.5
348.0
336.25
329.5
309.5
304.75
299.25
287.5
283.25
285.0
280.0
280.0
278.0
296.0
301.0
320.0
350.5
370.75
367.75
378.0
391.75
385.75
378.5
365.5
347.75
326.25
311.0
305.25
295.0
289.25
274.0
278.25
270.75
275.5
274.75
274.0
272.5
286.0
290.5
283.0
277.25
276.75
277.5
274.75
278.5
287.5
292.25
290.75
289.75
292.5
285.5
290.25
279.25
273.0
274.5
271.25
275.0
272.25
267.75
272.75
275.5
286.25
287.0
282.75
290.5
296.25
302.5
304.5
301.0
309.0
307.75
302.25
302.5
297.75
286.25
285.25
284.5
282.5
277.0
285.5
279.5
281.25
281.5
270.5
270.5
270.5
268.0
278.75
284.5
287.0
280.5
297.75
300.5
303.75
305.0
303.5
301.0
294.0
286.5
283.0
282.75
278.25
279.75
276.0
278.5
276.0
273.75
274.75
270.0
274.75
270.75
279.5
288.75
293.0
283.75
289.75
296.0
301.25
302.5
303.0
300.25
288.5
287.5
286.5
281.75
278.0
274.25
280.25
273.75
279.25
281.5
276.5
280.75
286.5
301.0
317.5
343.75
369.75
372.0
375.0
386.0
399.5
405.25
390.0
362.0
346.0
337.0
328.0
313.25
305.75
306.25
301.0
293.0
303.75
300.25
297.25
296.75
311.25
317.75
347.0
370.5
389.5
414.0
409.0
411.0
416.25
406.5
395.5
378.25
348.25
334.75
326.25
316.25
304.0
304.25
300.5
297.75
289.25
301.5
292.25
291.0
297.25
309.75
331.5
382.75
394.0
388.25
392.75
404.0
405.5
398.25
387.25
391.5
366.25
345.5
329.5
313.0
305.25
305.75
294.75
292.25
289.75
296.75
287.5
292.0
303.25
313.75
339.0
369.5
373.0
400.0
405.0
412.75
412.75
423.0
404.25
381.75
359.75
351.75
340.0
333.0
322.0
313.25
300.75
293.5
298.75
299.75
297.0
294.5
306.25
305.75
330.75
358.0
378.75
384.5
390.0
398.25
393.75
380.5
374.75
356.5
335.75
317.25
293.75
296.25
290.25
290.25
285.75
284.75
282.5
280.0
280.5
285.0
281.25
282.5
282.75
296.25
299.5
296.5
297.0
314.75
325.75
330.5
330.75
313.25
299.25
303.25
300.75
295.5
297.5
296.0
290.75
290.25
294.75
289.0
293.75
291.75
288.75
297.75
296.0
305.25
311.25
309.75
315.25
311.0
318.0
316.75
310.75
309.0
301.75
297.5
297.25
291.75
294.5
289.0
284.25
291.75
286.0
283.5
285.25
282.5
296.75
306.0
335.75
366.0
394.0
398.25
412.75
423.5
413.25
401.0
395.75
334.5
372.75
355.5
328.5
319.5
305.5
298.5
286.5
293.5
301.75
292.0
296.75
291.0
303.5
311.0
329.75
361.25
373.5
388.0
403.5
409.0
406.75
388.5
382.5
365.0
355.25
342.75
335.75
321.25
313.75
304.75
296.5
302.25
294.75
296.25
293.25
298.5
303.5
314.75
332.25
354.25
401.5
409.0
406.75
411.5
406.25
399.5
392.25
384.0
359.75
346.0
342.0
323.5
301.75
289.75
283.75
279.5
282.5
284.75
282.5
279.25
289.5
301.0
319.0
356.0
374.25
393.75
395.75
400.0
395.25
392.75
394.0
386.25
361.75
336.5
331.5
321.5
313.5
311.0
303.0
300.75
301.0
298.0
299.25
295.25
307.75
323.0
331.5
354.5
378.0
392.75
390.75
392.5
392.25
387.0
381.0
363.5
347.25
315.25
301.5
300.0
294.0
290.5
286.75
288.25
280.75
281.25
282.5
283.75
283.75
287.75
285.75
301.5
308.0
316.75
313.75
313.5
317.75
320.75
313.0
309.0
297.25
288.25
289.5
286.75
289.25
281.0
286.0
280.75
285.0
286.75
284.0
285.0
281.0
285.5
284.25
299.0
303.5
313.0
322.0
323.0
326.5
333.25
328.25
319.5
314.25
314.5
307.25
302.25
303.0
304.5
300.5
301.5
301.75
296.5
294.75
291.0
304.75
304.25
320.25
347.25
367.5
380.25
387.5
392.25
389.25
382.75
376.75
371.5
344.0
330.25
330.75
316.75
311.75
297.5
287.0
288.5
285.75
286.25
285.0
287.5
297.75
296.25
320.25
363.25
385.0
403.5
393.5
403.0
403.75
399.5
389.75
373.0
365.0
332.75
325.0
320.0
301.25
299.0
294.5
289.5
291.5
290.0
289.25
291.25
302.25
313.25
336.5
364.75
388.5
392.25
384.25
407.5
403.25
396.75
386.75
376.25
372.0
351.0
334.5
318.25
308.5
309.5
299.5
294.25
294.75
295.75
299.0
297.5
306.5
312.5
334.75
364.25
379.5
388.75
382.5
393.5
396.5
379.25
374.25
363.25
340.5
327.25
326.0
318.0
304.5
299.75
300.5
298.75
296.75
296.75
284.25
297.0
306.75
314.5
342.0
369.0
377.75
380.5
386.0
385.5
387.75
378.75
362.0
341.25
325.0
320.25
303.75
298.25
300.0
299.0
287.25
288.25
289.5
292.0
291.5
293.25
286.5
288.75
289.75
302.75
307.75
308.25
315.25
323.5
322.0
328.5
326.0
322.5
305.75
305.0
306.75
296.25
296.0
297.75
292.0
292.0
288.25
292.25
291.0
289.75
292.0
287.25
289.75
299.25
302.5
311.25
311.25
311.5
311.75
312.0
306.5
304.0
300.75
295.75
298.0
297.75
292.0
287.5
289.25
286.25
282.25
284.25
284.0
287.25
291.25
307.25
321.75
344.25
363.25
368.0
373.0
368.75
373.75
355.5
351.75
339.75
336.0
327.25
326.5
312.25
301.25
298.25
293.25
296.25
295.5
296.0
297.5
292.75
306.0
309.5
326.75
340.75
353.75
359.75
369.5
367.25
366.5
362.0
344.0
333.75
322.0
314.25
312.25
306.25
295.25
292.25
290.5
286.25
286.0
286.5
280.5
284.5
291.5
293.75
308.25
305.0
317.0
322.25
310.0
303.5
298.25
294.75
296.75
293.5
290.5
288.75
286.75
274.0
270.75
267.75
267.5
267.5
273.25
272.25
267.75
277.25
282.25
284.0
287.5
280.0
279.75
285.0
289.25
294.25
287.5
289.25
288.0
296.25
293.5
291.25
289.0
283.5
279.25
278.0
273.25
279.0
279.0
280.75
285.75
284.25
296.0
297.5
296.0
293.5
297.75
297.25
297.0
300.0
305.0
305.5
309.75
303.25
301.25
297.75
289.25
282.75
284.0
284.5
278.25
281.5
278.25
280.75
284.75
277.5
282.5
275.75
279.75
288.25
297.75
295.0
304.75
294.0
300.5
302.5
288.75
283.0
279.5
271.75
277.75
275.25
275.25
267.75
272.25
272.25
271.0
276.0
267.5
271.5
272.75
270.75
271.25
286.5
287.25
284.0
288.5
287.0
294.75
296.0
295.0
291.75
280.25
282.5
280.5
280.75
283.75
279.75
277.75
279.5
277.0
271.25
276.0
268.5
292.5
288.75
304.75
316.25
330.25
331.25
327.5
328.0
329.5
333.5
327.75
315.5
309.5
302.0
299.0
289.75
279.5
279.25
278.25
276.75
277.75
277.75
278.75
282.75
288.5
295.25
303.75
317.75
336.0
339.5
335.5
340.75
337.5
337.5
332.25
323.0
313.0
300.25
301.25
291.0
282.75
283.0
277.75
273.75
276.5
272.25
275.75
267.5
284.75
281.75
296.0
312.25
323.25
335.0
347.0
338.0
346.25
340.0
335.25
315.0
308.0
297.25
302.75
292.75
283.0
277.5
279.5
275.25
274.25
279.0
275.25
272.5
282.75
284.75
285.25
293.75
287.75
290.75
292.75
297.25
299.5
303.0
306.0
305.5
306.0
297.25
292.0
286.25
279.75
282.5
283.0
274.25
281.75
278.5
286.0
278.5
294.25
292.25
292.0
311.5
320.75
328.0
332.5
339.5
338.25
340.5
338.333333333
333.75
322.0
311.5
301.5
297.75
298.75
296.75
297.5
293.0
288.5
292.0
292.5
295.0
290.0
292.25
294.5
301.75
306.5
307.5
300.25
302.25
310.0
308.5
304.5
299.0
291.5
288.25
285.0
285.5
281.75
278.0
279.0
284.0
272.0
280.25
276.25
275.5
275.5
272.25
277.5
285.75
286.5
289.25
277.25
283.25
287.5
288.5
293.0
290.5
275.0
278.0
278.25
277.5
284.0
274.0
279.0
280.25
274.75
275.75
276.25
270.5
287.5
290.0
308.25
328.25
363.0
374.25
384.5
381.25
386.5
376.5
371.25
360.25
350.75
337.0
315.75
303.5
295.5
287.25
287.75
284.0
283.0
280.75
283.5
287.5
294.5
300.0
320.25
349.5
377.75
384.0
383.0
393.0
398.75
397.75
381.25
373.25
365.25
347.5
340.5
313.5
309.0
298.5
295.75
294.5
295.0
292.25
288.25
290.5
300.75
308.25
317.5
341.25
352.75
367.25
376.75
370.5
370.75
368.0
372.5
358.25
333.75
325.0
315.75
311.75
300.0
301.25
290.0
286.0
282.25
289.0
285.0
281.75
296.75
303.0
321.25
342.75
366.75
395.75
395.5
394.5
393.5
389.0
382.5
357.25
342.25
325.0
313.0
301.0
299.0
294.0
286.75
288.25
287.5
289.75
288.5
280.5
296.0
298.0
310.25
342.0
357.25
375.25
380.25
384.0
385.75
378.25
377.75
357.5
330.25
310.0
306.0
292.75
293.5
286.0
287.75
279.5
282.0
282.0
284.75
276.5
276.5
275.25
274.75
290.0
301.5
309.75
321.75
325.75
324.0
323.75
319.5
312.25
301.75
295.5
290.0
292.0
288.25
282.5
284.75
286.0
284.75
278.25
280.5
278.0
276.75
274.5
277.75
295.0
290.75
297.0
294.5
301.5
306.75
304.75
295.0
288.5
287.75
284.5
281.5
273.5
281.0
280.5
274.75
277.5
275.75
275.25
277.5
274.75
285.75
296.25
311.5
339.0
353.75
386.25
370.75
381.0
399.0
391.75
386.75
369.0
339.5
338.75
328.5
313.75
307.5
303.0
305.75
300.25
299.75
301.75
297.75
299.25
307.5
318.75
326.75
344.25
367.75
392.75
403.5
403.5
398.75
391.25
364.25
357.75
335.0
323.75
321.25
310.5
306.0
292.0
286.0
280.5
284.25
285.5
286.5
282.0
291.75
298.5
315.0
354.75
381.75
393.25
389.5
391.75
392.25
391.25
387.75
365.25
347.0
335.0
330.0
321.5
311.0
306.25
297.5
296.0
291.25
290.25
297.5
290.25
298.25
302.0
337.5
373.0
399.5
405.25
423.0
415.25
406.5
400.5
397.5
386.5
366.5
338.75
329.75
317.5
307.0
298.5
291.75
291.25
295.0
295.5
290.5
291.25
304.0
306.25
320.0
356.0
390.75
403.75
403.5
403.75
404.0
400.5
388.0
368.5
342.25
321.25
309.0
302.5
300.25
299.5
293.0
291.75
286.5
288.0
289.75
287.5
290.5
292.0
290.0
297.5
304.5
308.25
321.5
314.75
331.5
320.25
321.75
312.5
306.5
308.75
306.5
303.0
300.75
299.0
297.5
295.0
294.25
289.0
286.0
291.25
289.25
290.25
288.75
301.0
296.75
300.75
305.0
302.75
310.5
314.75
314.75
309.25
300.5
301.75
298.5
295.5
292.5
291.0
287.5
292.0
288.5
287.25
286.0
284.25
299.0
301.75
299.0
314.0
331.0
347.5
356.0
363.25
374.75
372.5
377.0
361.5
343.25
329.0
325.5
312.25
302.5
298.75
293.75
296.5
295.75
298.0
294.25
294.25
307.25
313.0
338.75
360.75
378.0
389.0
398.25
403.0
405.0
395.25
385.5
362.75
353.75
335.5
328.25
317.75
311.0
303.25
300.0
293.25
293.5
294.25
291.75
291.75
304.25
308.0
340.75
365.25
387.75
403.75
399.75
406.75
406.75
384.25
382.75
368.5
345.5
333.0
332.75
319.5
303.75
297.0
295.25
299.5
296.25
296.0
295.25
295.0
311.5
315.75
349.25
370.5
381.25
394.25
406.0
412.75
406.0
399.5
388.25
373.75
359.0
336.25
330.5
325.0
310.5
308.5
299.0
299.25
300.0
299.75
289.0
303.0
315.5
321.5
342.75
371.75
407.75
408.75
408.0
405.0
411.25
403.0
405.0
382.5
356.5
331.75
317.5
305.5
305.5
307.5
297.0
297.25
294.75
287.25
288.0
285.75
285.5
282.25
288.25
290.0
294.75
301.75
302.5
307.0
314.75
326.5
326.0
302.75
296.75
292.25
290.25
293.25
278.5
283.0
278.75
277.0
276.5
278.0
274.75
273.25
277.25
278.0
279.0
293.0
296.75
300.5
293.5
298.0
300.0
307.75
309.5
297.5
291.0
295.0
291.75
289.5
286.0
282.25
290.25
289.0
286.5
292.5
289.5
295.0
314.25
315.0
343.5
370.5
403.75
404.75
412.75
418.5
408.25
411.25
406.5
396.25
385.75
356.75
344.75
340.75
322.25
318.75
310.75
302.0
302.0
301.25
301.75
303.5
313.75
328.5
368.75
401.75
414.75
421.0
433.0
436.25
437.0
422.0
418.5
380.75
365.0
357.25
342.75
323.0
311.5
303.5
289.0
290.5
293.5
286.0
285.5
290.75
298.25
304.25
337.0
366.25
398.5
402.25
411.75
416.75
413.25
403.75
379.5
366.25
350.25
334.0
323.0
305.25
302.0
291.75
287.25
285.0
282.75
288.0
281.25
287.75
299.25
314.5
341.5
372.75
401.0
400.25
413.25
432.25
435.5
423.0
417.0
378.75
368.25
341.0
334.5
323.25
315.0
302.0
294.25
299.0
290.75
301.5
301.0
300.75
311.75
323.5
341.0
364.5
393.75
401.25
409.25
415.5
410.25
406.75
405.5
376.25
346.5
325.25
313.75
305.75
304.75
300.5
290.25
297.75
290.75
294.0
293.0
290.25
288.75
286.75
293.0
305.5
316.0
323.25
331.25
329.25
334.5
325.0
322.75
313.25
308.75
299.25
292.5
292.75
291.25
290.25
285.75
282.75
284.75
294.25
284.5
285.0
290.25
285.5
281.25
301.5
307.25
303.75
311.5
318.5
317.5
320.25
320.5
316.25
305.5
303.5
295.25
297.25
297.25
298.75
300.25
297.5
289.25
294.5
293.25
296.0
306.5
315.0
328.75
357.0
380.75
405.0
408.0
409.25
415.75
413.75
398.75
316.25
329.25
313.75
326.25
314.5
310.0
311.25
301.75
301.75
300.5
299.75
299.5
296.5
309.5
317.75
340.75
372.0
401.5
399.25
414.25
412.5
415.0
404.5
386.75
371.0
350.25
335.5
326.75
324.75
307.0
310.5
298.25
298.0
301.5
289.75
299.0
303.5
316.75
321.75
351.0
380.25
394.75
400.5
405.25
402.0
396.5
390.0
389.25
367.75
352.75
338.5
324.75
315.75
307.5
305.5
302.0
298.0
296.75
295.75
295.0
296.25
301.25
323.0
346.0
360.75
385.0
393.0
402.75
403.75
401.75
397.25
400.5
388.5
361.5
340.25
333.25
321.0
309.0
302.75
307.25
303.75
309.0
305.25
306.0
307.75
311.5
325.5
350.75
361.0
374.75
396.5
401.75
403.75
392.0
390.75
390.75
364.5
339.75
315.25
300.25
300.0
297.25
290.75
279.5
274.25
277.25
274.0
276.5
272.25
279.0
275.75
276.25
292.25
294.75
293.25
301.25
305.5
307.75
319.5
318.75
309.5
299.5
302.0
295.75
291.75
290.0
287.25
288.0
286.25
289.25
280.0
284.75
283.25
282.75
281.75
281.75
286.0
295.0
302.25
307.0
316.75
320.25
320.75
324.5
311.75
302.0
298.0
293.5
291.0
293.0
294.25
291.75
290.75
289.0
288.75
283.0
290.25
299.5
310.75
336.0
347.0
384.0
390.5
397.5
400.75
401.5
401.25
402.5
376.0
349.0
345.5
339.0
325.75
309.0
308.5
297.25
297.25
296.25
296.0
295.5
297.5
304.75
311.25
333.5
364.0
394.0
400.5
403.5
400.75
397.25
396.75
387.25
373.75
352.75
345.25
341.75
323.75
317.0
311.75
306.0
295.25
301.5
298.5
295.25
298.25
304.0
312.75
345.75
353.25
371.5
374.0
382.25
386.5
390.75
383.25
377.0
371.5
351.25
338.75
327.0
312.0
300.5
297.25
286.5
282.25
284.5
279.75
284.0
287.0
295.25
302.5
325.5
364.75
375.5
385.75
392.0
395.25
404.75
393.5
392.25
366.25
348.0
341.0
330.0
314.75
303.5
298.5
295.25
287.25
287.25
289.0
290.5
293.5
300.25
306.0
332.5
355.5
385.75
395.75
397.0
396.75
393.5
391.0
386.0
373.0
344.5
330.0
320.0
316.25
311.75
310.5
296.25
295.0
294.25
285.25
287.25
285.25
287.0
286.25
285.5
291.5
295.5
295.5
291.25
296.5
302.5
306.5
317.0
310.75
303.75
298.75
304.5
298.0
296.0
286.5
291.75
290.5
290.5
288.25
297.25
290.0
288.0
284.75
282.25
297.5
300.25
300.0
304.0
315.25
314.5
318.5
316.5
312.25
311.5
302.25
298.75
302.0
294.0
292.75
288.25
288.5
291.0
289.25
292.25
287.5
298.5
305.25
322.75
344.75
366.75
373.75
373.75
391.75
390.5
382.25
384.5
367.0
355.0
350.75
333.5
321.0
307.5
313.75
307.5
305.25
301.5
287.25
293.25
288.25
296.75
309.0
332.5
351.75
363.75
373.5
384.0
389.25
398.75
387.25
390.5
373.5
342.5
332.25
316.5
311.0
305.75
300.5
295.25
292.75
289.5
288.25
286.25
289.75
290.5
310.25
330.75
338.5
359.75
362.5
369.5
383.0
382.25
379.5
379.75
364.25
355.0
335.25
327.0
319.75
307.5
295.5
291.0
285.5
285.0
284.75
284.5
281.25
296.0
300.25
327.5
336.5
354.25
362.0
372.75
379.25
395.25
391.5
387.5
382.5
367.25
350.0
327.0
313.5
305.0
296.25
287.0
284.0
288.0
283.75
282.75
287.5
303.75
312.25
333.75
353.75
387.5
401.25
403.25
403.5
389.0
367.75
369.0
354.0
346.5
327.25
306.5
309.25
300.5
301.5
294.0
299.25
301.0
294.25
300.5
302.75
296.5
295.0
298.0
303.75
300.0
303.25
310.5
322.0
318.75
328.75
334.25
314.5
305.75
300.0
306.0
302.0
304.25
296.75
292.5
293.0
287.5
290.0
286.0
287.25
285.0
287.25
289.5
284.75
281.25
294.75
302.5
308.25
314.5
316.25
324.25
312.25
311.0
296.0
293.5
293.75
296.0
301.0
285.75
292.75
293.5
283.25
286.0
289.75
303.75
303.5
329.25
340.25
352.5
361.75
368.25
371.25
381.25
380.75
379.0
370.75
358.25
347.5
341.75
329.25
319.5
317.25
301.25
300.5
294.0
297.5
304.0
300.5
310.5
327.25
343.5
361.5
370.25
377.0
387.75
381.0
389.75
398.0
392.75
377.25
365.25
335.75
333.5
325.75
308.0
304.5
298.5
293.0
299.75
295.25
293.0
296.0
312.25
315.5
338.75
357.5
373.5
379.0
376.0
390.5
389.25
380.75
383.25
371.5
357.75
344.5
327.25
325.5
310.5
308.75
309.75
298.75
292.0
285.75
288.75
287.25
294.5
302.25
334.25
354.0
362.0
380.5
391.25
400.0
398.5
377.25
369.25
361.0
344.0
336.25
327.75
315.75
304.25
294.5
294.25
282.0
284.75
286.25
283.25
283.25
298.5
301.0
322.0
336.75
359.5
378.5
388.25
395.0
398.25
389.75
386.25
375.5
345.25
320.75
308.75
304.0
299.0
291.0
284.5
279.5
282.5
285.0
282.75
280.5
282.75
276.25
280.0
298.0
304.0
313.75
316.25
343.25
335.5
344.75
345.0
328.25
310.0
310.75
305.25
300.75
305.25
295.0
291.5
291.5
291.25
295.5
288.75
290.5
299.25
288.0
293.25
299.25
293.5
308.5
308.0
317.25
318.75
331.5
329.0
320.75
310.75
311.25
306.5
299.0
297.0
295.75
291.75
293.5
292.5
291.0
287.75
290.75
301.5
316.5
322.75
338.5
381.5
385.5
391.5
396.0
401.75
400.5
385.25
307.25
367.0
358.75
351.5
348.0
329.5
308.0
304.5
295.25
296.25
295.25
293.0
291.75
303.75
318.5
334.5
356.0
382.25
402.5
407.25
411.25
413.25
397.25
400.75
382.25
364.25
349.75
338.25
322.5
314.0
306.25
305.25
301.0
302.25
304.25
301.5
304.75
317.25
319.0
328.25
355.75
382.5
398.75
397.25
412.75
406.5
395.25
384.0
377.5
363.0
347.0
336.75
321.5
313.5
305.75
304.5
294.75
292.5
296.5
289.75
301.0
308.0
305.0
309.25
344.75
365.75
375.25
389.0
394.25
399.25
390.0
374.0
382.5
373.25
354.75
344.75
331.25
315.25
313.75
292.75
287.75
287.5
281.0
291.0
289.25
301.25
304.5
327.75
344.0
374.0
403.0
398.0
406.5
398.75
401.25
399.5
394.25
376.5
341.0
326.75
313.5
302.75
304.75
291.25
293.0
291.0
289.0
292.0
292.0
295.0
298.25
300.0
298.5
299.0
303.25
310.25
310.0
317.0
312.25
316.0
322.5
314.25
312.75
301.25
293.25
291.75
290.25
292.0
289.0
282.25
285.5
288.25
289.75
291.25
287.5
290.5
293.0
294.0
297.5
296.5
303.5
305.5
312.25
306.0
295.0
296.0
299.5
302.0
300.0
287.75
286.25
286.25
292.25
284.5
287.0
286.0
299.5
304.25
326.5
342.25
367.0
373.75
383.25
405.0
417.25
420.5
414.0
402.75
377.5
365.5
362.0
338.75
318.75
303.0
291.75
295.5
297.25
299.75
302.75
298.5
305.75
314.75
342.75
366.0
372.25
392.5
409.0
422.75
416.25
393.0
386.25
376.0
371.5
355.75
340.5
324.0
320.75
323.75
300.25
301.0
296.75
303.75
299.5
307.0
308.25
312.75
336.25
347.75
397.75
391.25
387.0
403.5
401.75
400.75
379.25
378.25
373.75
370.75
347.0
327.75
315.75
314.0
300.0
292.75
296.75
295.25
303.0
295.25
309.0
318.0
346.5
387.75
398.75
418.0
424.75
420.0
434.0
412.5
405.25
381.75
363.25
364.5
349.25
335.5
328.25
320.25
305.5
308.75
301.5
305.75
303.0
308.25
313.0
323.5
330.25
378.0
397.5
406.25
404.5
412.75
412.75
403.25
389.25
371.5
359.0
341.5
332.5
323.25
317.0
312.5
291.25
294.0
296.0
291.75
293.75
296.25
290.0
293.75
292.75
296.5
298.0
303.25
301.5
318.75
320.0
318.75
311.0
315.0
307.5
305.0
307.5
303.0
302.75
299.25
296.75
294.25
292.75
294.75
292.5
295.0
299.25
294.0
301.75
311.0
306.0
317.75
312.5
318.5
319.0
303.75
317.25
315.5
315.25
317.25
310.25
307.75
309.75
309.25
311.75
306.75
305.0
308.25
298.0
300.25
311.5
313.75
336.25
354.75
378.5
397.25
405.75
406.0
414.5
401.5
401.5
373.25
368.5
356.25
339.25
333.25
321.75
317.5
304.25
302.5
293.25
290.0
288.0
288.25
307.0
316.5
336.25
361.5
377.75
383.5
394.75
394.5
398.5
379.75
385.75
387.75
366.25
356.25
353.5
344.0
330.75
322.75
317.25
313.25
311.25
302.25
308.75
310.75
314.75
322.0
346.5
367.25
396.5
397.0
393.0
403.5
399.0
397.0
390.75
391.75
365.75
363.25
360.25
342.75
329.75
314.75
316.25
307.75
308.5
303.5
309.25
298.75
308.0
317.0
336.75
379.0
404.75
394.0
388.0
392.0
388.0
393.75
374.75
369.0
359.75
343.25
334.0
321.5
312.5
302.25
300.25
289.75
286.0
292.0
284.75
281.0
298.0
300.75
331.5
357.5
374.75
377.25
375.0
373.5
378.25
371.0
373.75
371.0
360.75
341.75
321.75
323.25
317.5
307.0
314.75
307.0
304.25
306.5
305.0
302.75
298.5
308.0
307.25
318.0
315.5
332.25
327.5
338.5
342.75
347.25
359.5
349.5
342.75
326.0
323.0
322.25
315.0
310.5
311.0
313.0
310.0
310.5
307.25
307.25
309.5
309.25
314.0
322.0
325.5
328.5
325.75
337.5
336.0
335.5
333.5
321.5
315.75
314.5
314.25
315.5
301.25
299.25
302.75
298.5
306.0
298.0
300.5
293.0
309.0
313.25
346.5
377.75
395.5
404.25
418.75
420.25
420.75
404.75
398.5
366.0
353.5
347.5
340.75
316.25
305.75
304.25
294.25
291.0
294.75
294.0
286.0
285.0
304.0
307.0
336.25
356.0
372.75
378.0
382.5
389.5
393.25
391.5
395.5
388.75
379.0
358.5
347.5
341.75
323.25
319.5
305.25
308.75
301.25
300.5
294.0
303.75
313.0
330.5
352.75
380.75
405.25
418.75
423.25
425.5
429.0
414.0
409.75
387.5
373.0
371.0
353.75
353.5
334.75
320.75
309.25
310.0
308.75
303.5
304.0
304.25
310.25
317.25
347.0
370.0
371.25
388.25
408.0
419.25
416.75
398.0
389.0
382.5
379.0
359.5
353.75
334.5
320.5
320.25
310.5
307.75
305.75
305.75
305.5
299.75
316.0
314.75
342.5
360.5
369.0
363.0
359.25
367.5
368.0
375.75
366.25
360.25
354.5
335.25
322.75
320.25
307.0
313.75
303.0
303.25
300.25
300.0
305.75
306.25
304.0
297.75
304.0
314.25
325.5
327.5
336.5
340.0
341.25
349.25
346.5
341.0
329.25
319.5
318.0
313.5
322.5
322.75
316.25
316.25
312.75
322.25
308.0
313.5
310.0
306.5
311.25
326.0
335.75
319.25
328.0
319.25
325.25
326.5
335.25
317.75
323.5
322.75
318.5
321.0
310.25
294.0
301.0
302.5
298.5
303.25
296.75
300.0
313.25
322.25
348.0
370.0
382.75
391.25
401.0
400.75
397.75
392.5
384.5
381.5
367.0
355.5
350.25
332.25
316.5
314.0
315.5
298.75
290.5
297.0
295.75
305.75
314.75
326.5
354.0
359.75
384.0
402.25
416.5
427.0
428.5
422.5
405.0
393.0
387.25
368.0
364.0
344.5
322.75
317.75
313.5
311.75
305.75
307.25
306.75
308.0
317.0
320.5
348.75
374.75
404.75
412.0
415.25
429.0
429.25
412.75
412.75
393.0
377.5
368.0
355.75
349.0
333.75
327.75
314.75
307.5
306.25
302.75
299.5
296.75
315.75
320.75
345.75
361.5
399.5
393.5
406.0
423.75
418.5
415.25
416.75
402.0
392.5
374.0
362.25
354.75
326.0
313.25
297.0
297.5
292.25
295.0
291.75
298.75
306.25
310.75
337.75
357.0
366.75
371.0
378.75
386.25
394.0
395.75
382.5
366.0
356.5
339.5
328.5
318.0
315.0
310.75
301.25
295.25
287.0
290.5
287.5
288.75
285.5
286.5
299.0
304.25
312.75
321.25
326.75
327.25
335.25
334.5
335.25
331.0
317.75
312.0
308.75
307.5
300.25
299.75
302.5
299.0
297.5
295.5
300.25
299.5
298.25
305.0
300.75
306.75
302.75
307.0
306.5
315.75
311.0
320.25
321.5
311.5
303.5
302.5
300.25
293.75
295.25
295.75
283.5
288.75
284.75
285.0
280.5
285.5
297.0
305.0
319.25
344.5
371.5
370.75
387.0
385.0
391.75
379.25
379.75
311.75
337.75
334.0
331.0
313.75
301.75
299.75
292.5
284.75
288.25
296.5
295.0
289.25
302.0
318.25
337.25
368.5
383.75
394.75
398.5
410.75
405.5
407.75
393.25
381.5
361.75
352.0
341.0
335.5
320.5
312.0
307.0
307.25
299.5
301.5
301.0
304.25
314.0
328.0
355.75
373.75
400.0
420.75
421.25
419.75
426.5
402.25
394.75
379.25
373.75
356.5
341.75
331.5
310.0
315.75
296.25
298.5
293.75
291.75
289.25
292.75
307.0
312.0
339.75
364.25
390.75
406.0
412.75
418.25
411.5
399.5
395.0
389.5
358.0
344.5
331.5
326.25
309.25
301.25
292.25
299.25
286.5
296.5
293.0
286.5
299.25
303.0
342.0
370.75
382.0
400.25
385.75
397.5
395.25
389.75
373.75
364.75
353.5
341.25
329.0
321.25
311.0
306.5
299.5
293.25
296.0
292.75
286.75
295.75
286.0
291.75
298.5
290.5
298.75
304.25
319.5
316.5
322.5
324.5
316.0
316.25
313.25
308.75
313.0
306.75
305.5
301.0
289.5
289.75
282.75
288.0
283.75
286.75
283.5
285.5
276.25
288.25
287.5
295.0
295.25
292.5
297.75
303.25
302.5
303.5
309.0
307.0
298.25
303.75
292.0
297.0
294.5
294.5
299.25
294.75
294.75
294.5
300.75
310.75
332.75
352.75
378.0
389.25
387.5
393.0
399.5
395.25
379.0
371.25
364.0
352.5
341.5
330.75
321.25
314.5
299.5
296.75
299.5
300.5
292.5
298.25
301.25
317.5
357.25
371.0
380.25
389.5
393.25
384.75
391.75
390.75
379.0
367.75
353.5
351.75
337.5
322.75
307.5
294.75
293.0
282.25
284.75
284.0
286.75
281.5
293.5
299.75
327.5
364.25
393.25
398.5
385.0
398.25
399.5
392.5
385.5
384.0
372.0
363.5
355.25
343.0
329.0
321.0
316.75
306.25
301.5
299.75
299.5
302.25
309.75
324.25
353.5
376.0
412.75
427.75
428.0
433.25
443.0
422.5
419.5
401.0
379.25
361.0
347.25
335.5
335.25
332.5
315.0
308.25
301.0
307.0
309.25
317.25
317.75
327.0
350.5
391.5
410.75
422.75
415.75
402.75
402.25
395.5
389.0
377.0
358.0
327.5
322.25
317.5
310.25
307.0
304.0
295.25
297.0
298.75
295.75
296.25
302.0
293.5
297.75
304.0
313.0
320.75
329.0
347.0
334.75
340.0
342.5
323.0
316.5
321.75
316.25
323.5
304.25
310.5
310.0
314.5
302.5
309.25
310.5
312.75
308.75
306.5
311.0
319.0
322.25
330.0
339.5
332.75
329.25
331.5
336.5
325.5
311.0
316.75
312.0
309.5
302.25
307.25
299.25
296.5
287.5
289.75
285.5
286.0
308.5
309.75
337.75
359.5
375.5
388.75
402.75
404.25
400.25
388.5
393.5
385.5
372.0
359.25
346.75
330.75
327.25
310.75
303.75
295.0
299.5
302.75
297.25
295.5
308.75
322.75
353.25
392.25
402.5
397.25
406.75
415.5
423.75
411.0
398.25
390.25
372.25
365.25
355.5
340.75
324.75
328.25
312.75
303.5
307.0
301.75
306.0
313.25
321.0
325.75
343.75
367.5
392.5
384.5
383.5
382.75
394.5
382.25
375.25
362.25
360.25
349.25
341.25
331.25
314.0
304.0
303.25
291.25
290.75
288.25
285.5
291.0
304.75
311.75
329.0
375.75
387.0
389.75
399.75
401.5
397.5
385.75
380.75
369.75
355.0
345.5
345.25
327.5
314.0
310.75
301.75
299.0
290.75
286.0
286.75
291.0
303.75
310.0
337.25
357.5
372.75
404.25
408.0
410.75
415.0
409.0
400.0
387.0
359.25
341.75
323.5
324.25
315.5
304.75
298.75
296.25
294.75
297.0
294.0
300.0
300.5
296.5
298.75
314.75
320.75
324.25
327.5
333.0
335.25
330.0
329.75
317.75
315.0
311.25
308.0
308.5
305.75
308.75
301.25
300.25
296.75
298.5
301.75
305.75
298.75
307.5
309.5
309.5
315.25
311.25
324.0
320.75
326.75
323.5
313.75
311.0
304.75
312.75
314.0
313.5
305.75
302.75
296.5
301.75
290.75
292.0
292.0
304.5
303.75
314.75
332.75
355.0
372.5
378.5
393.25
396.5
397.5
387.5
368.0
361.5
359.5
348.75
335.0
327.5
309.5
306.25
296.5
290.0
295.25
285.75
295.25
295.0
307.25
307.0
325.0
363.5
392.5
400.0
407.5
411.0
424.5
413.0
401.0
390.75
379.0
362.25
355.0
339.5
329.5
314.75
290.75
284.0
288.75
286.75
292.0
288.5
299.25
305.75
325.75
366.25
369.75
380.25
385.0
390.75
391.25
379.75
376.0
367.25
373.0
349.75
344.25
333.5
312.5
314.5
302.25
297.5
300.25
309.0
297.75
292.5
316.0
324.25
330.0
355.25
372.5
376.25
381.0
396.25
392.75
385.75
381.0
361.75
367.5
354.25
343.75
332.5
318.0
309.75
