226.7
183.2
124.025
92.325
84.45
82.625
80.525
76.725
75.2
76.975
79.575
79.325
79.95
83.65
87.675
118.3
154.7
182.85
202.325
205.425
207.45
215.275
205.475
217.925
223.125
172.3
129.975
86.425
77.275
73.825
72.0
72.25
71.925
71.975
73.5
74.8
71.9
80.1
149.525
171.325
201.0
219.65
214.85
230.125
224.85
227.775
230.525
228.875
239.35
197.8
171.35
170.875
179.6
181.825
148.45
97.45
93.2
81.275
79.4
79.65
81.05
98.0
153.975
177.575
206.35
216.225
226.325
230.95
242.775
247.1
235.7
238.675
235.1
204.325
179.675
174.65
177.1
167.25
133.25
92.8
83.8
76.025
72.475
77.55
79.125
109.325
142.3
160.25
202.175
224.0
236.4
243.2
245.975
247.25
245.525
236.5
235.375
201.55
173.625
171.675
174.4
170.675
85.65
86.55
85.125
80.95
78.85
88.425
77.3
131.175
150.65
170.8
207.625
221.375
243.775
248.175
244.725
244.375
242.7
249.275
235.65
196.575
177.3
167.875
167.3
166.1
85.15
82.925
82.275
79.625
73.75
78.15
81.0
106.8
144.85
164.775
197.825
226.075
240.275
258.0
249.175
244.95
264.475
247.175
247.0
214.25
179.525
178.275
171.2
168.425
164.1
155.175
139.85
80.825
80.25
76.15
81.3
81.825
82.6
117.1
146.0
173.425
192.275
201.7
196.8
194.0
206.95
198.075
208.9
167.05
102.525
87.975
83.075
76.85
72.85
74.6
78.575
84.8
75.875
76.4
75.975
73.95
79.975
116.4
144.725
181.675
188.6
196.225
206.675
211.275
212.825
206.2
211.4
172.65
118.175
82.075
80.4
75.525
74.4
75.9
79.425
78.95
78.65
77.1
73.25
72.95
142.625
162.2
208.625
230.85
244.35
247.875
241.2
240.875
245.025
247.525
231.55
198.75
183.25
177.25
165.525
162.25
147.0
86.95
78.975
76.625
78.925
80.575
73.5
94.85
146.15
164.125
192.775
240.325
249.55
257.75
257.575
263.2
265.275
236.575
242.675
201.225
175.85
170.575
166.025
159.3
123.525
90.575
84.475
79.9
81.7
78.525
82.55
112.725
151.125
165.425
187.7
235.525
238.25
243.35
245.675
241.35
239.8
234.575
236.25
204.5
169.75
169.875
159.65
157.075
80.45
79.3
76.225
87.325
72.725
85.75
72.175
125.9
144.425
160.75
186.175
214.0
244.6
244.925
255.0
244.625
245.975
239.425
236.625
205.875
187.85
180.0
183.9
172.85
89.8
81.875
85.65
77.225
76.675
73.975
75.4
127.4
143.4
177.1
189.6
206.725
234.425
232.075
236.1
244.375
241.6
241.575
228.475
205.775
181.05
170.325
165.425
165.1
165.375
152.35
140.175
85.25
75.925
75.75
76.65
75.65
83.325
119.425
149.675
184.675
209.9
207.2
209.725
210.25
220.1
209.125
207.65
167.475
119.2
82.25
77.375
76.15
81.65
76.25
76.375
78.65
84.725
84.75
78.2
78.65
78.475
119.5
181.225
180.55
205.625
211.125
222.025
232.3
209.9
220.125
217.8
170.625
128.15
89.525
80.325
75.025
77.375
79.15
77.8
81.825
84.05
91.25
81.9
81.9
147.9
153.375
167.7
187.075
193.25
209.55
230.875
213.5
203.225
207.55
212.875
175.275
163.425
159.725
157.825
151.225
137.825
84.7
83.725
101.45
85.375
88.1
89.1
109.25
156.925
165.8
206.0
244.725
245.575
249.35
256.025
255.975
253.5
247.675
237.95
213.2
182.3
175.4
175.0
177.3
152.575
94.625
90.95
85.8
78.425
78.2
77.375
115.875
149.375
169.275
206.325
229.1
237.425
250.625
244.4
241.2
247.85
255.025
244.875
218.75
189.525
185.15
178.625
177.3
107.875
88.725
88.3
82.85
83.025
86.1
81.25
133.925
149.175
170.125
210.15
235.7
252.725
254.25
252.175
261.425
261.85
265.875
250.025
210.15
186.625
187.35
179.125
165.675
103.875
91.05
87.175
81.525
77.45
77.65
79.875
111.175
147.175
176.4
202.725
235.35
249.625
254.8
256.65
262.65
262.175
263.575
243.6
216.9
198.475
195.125
178.425
163.975
164.0
164.75
137.075
91.225
83.975
83.475
85.3
85.025
86.95
130.1
159.575
187.275
211.675
204.25
225.875
211.025
228.025
220.125
206.475
175.725
129.225
87.2
87.825
84.875
89.15
83.675
82.675
85.2
83.175
82.275
87.85
89.775
86.075
131.875
164.35
179.5
191.625
205.625
219.05
223.8
217.45
222.8
203.65
191.625
135.2
92.6
84.875
76.4
81.875
85.375
89.0
80.075
79.55
81.675
77.125
81.925
147.375
165.575
205.325
242.65
248.5
255.675
259.0
252.825
252.975
255.375
253.2
210.425
188.5
176.3
171.05
161.2
144.85
88.725
83.775
79.35
81.55
78.175
81.925
100.2
150.05
174.45
188.775
236.65
248.55
258.8
266.95
256.125
257.825
243.825
242.15
216.575
194.8
186.175
182.9
173.7
153.35
88.475
92.175
87.375
91.1
82.85
87.325
119.525
152.575
174.475
201.175
237.35
250.425
264.1
255.3
247.15
251.25
241.525
234.825
210.075
188.45
184.1
173.625
168.6
95.35
89.45
86.125
76.05
73.975
74.225
73.975
125.6
146.2
165.325
193.725
226.75
249.8
249.825
252.875
250.65
252.875
246.325
239.725
208.0
180.7
174.275
173.25
165.6
92.375
81.975
82.0
84.625
92.575
77.225
77.75
116.4
146.475
166.55
196.0
247.375
255.05
262.95
251.125
251.75
251.5
238.125
228.075
208.35
182.925
175.975
165.375
148.825
148.65
152.45
134.65
78.825
84.525
76.525
83.875
80.25
80.9
113.85
164.85
197.025
212.25
227.25
226.475
216.425
212.725
208.45
188.4
172.4
123.25
85.675
83.375
87.325
82.0
81.8
79.55
80.85
81.225
87.3
83.4
87.15
84.0
125.075
158.0
185.5
202.15
207.075
230.475
209.5
215.25
202.95
199.525
174.3
118.75
80.575
76.3
73.2
73.425
73.0
73.85
75.65
73.075
78.725
79.75
73.625
152.125
173.625
201.975
241.325
253.275
257.175
262.4
258.9
248.65
251.525
249.95
223.65
196.65
181.2
178.375
103.675
113.3
89.925
86.4
84.5
80.55
83.25
82.675
97.325
149.325
168.2
189.425
246.25
257.25
261.375
269.95
262.05
259.3
276.325
259.825
214.325
200.55
181.65
124.6
108.025
119.6
103.275
98.375
90.825
82.0
84.475
82.95
83.525
154.15
167.125
198.25
250.05
252.35
253.7
267.675
267.025
258.4
256.175
256.0
219.275
204.45
185.55
176.85
105.55
96.5
88.675
83.85
82.275
78.325
77.725
79.175
86.775
149.9
158.1
191.675
224.875
251.675
248.8
255.25
259.375
255.95
250.05
245.15
209.575
187.25
184.45
161.35
106.6
99.225
82.325
84.375
79.725
76.525
74.45
86.5
81.625
134.525
181.6
214.875
247.725
254.425
269.75
254.825
257.55
263.725
262.125
250.25
207.075
194.725
182.6
167.975
128.275
94.1
95.15
86.6
82.65
79.275
81.05
84.375
79.6
81.9
122.125
147.5
184.975
231.125
230.525
236.125
251.525
232.1
247.325
222.725
190.525
169.1
163.125
158.4
135.8
88.575
91.1
88.85
92.8
89.4
89.425
88.025
87.775
89.525
132.8
157.9
206.825
207.45
210.775
226.325
229.975
242.6
226.25
202.725
163.75
115.55
80.15
76.875
78.575
73.275
80.6
74.7
75.15
80.9
75.825
75.825
74.675
145.675
164.0
199.925
237.325
264.05
276.325
272.725
258.1
267.775
264.125
243.3
224.75
199.15
181.775
127.825
110.675
100.475
97.175
101.02
96.525
90.1
93.2
91.475
100.575
113.5
177.3
209.575
232.6
267.3
270.375
282.45
267.95
274.4
276.325
260.275
232.875
185.4
150.975
103.2
93.35
89.225
84.775
79.4
80.175
71.725
74.55
74.25
73.875
93.525
165.525
220.75
254.875
259.0
266.2
265.85
264.3
263.7
253.85
242.775
214.025
199.025
167.525
113.3
108.675
97.875
101.825
92.325
93.225
94.0
93.85
92.4
91.0
113.325
166.1
214.0
249.825
263.35
268.375
262.8
264.45
253.925
258.875
235.625
206.2
181.85
158.7
105.4
97.1
95.25
88.575
82.35
78.45
74.925
75.525
73.125
73.65
74.525
164.75
207.575
236.2
266.675
265.675
271.55
273.75
275.65
274.0
254.625
213.625
176.65
146.1
104.4
95.075
96.625
95.175
88.25
84.575
77.3
86.775
86.2
77.7
81.375
96.75
180.3
218.2
237.225
244.475
255.425
242.325
242.375
251.15
221.75
185.575
90.9
83.075
75.275
74.55
73.75
77.275
81.075
82.625
76.925
77.175
74.925
78.325
78.85
83.4
139.725
204.45
226.025
228.2
231.8
236.625
250.6
235.325
224.175
169.65
121.3
82.35
81.675
74.2
77.35
77.0
77.85
83.8
82.35
77.425
79.35
77.65
84.15
149.95
208.175
253.9
268.9
278.525
275.05
276.85
261.225
275.5
262.675
203.625
186.425
159.175
112.8
90.75
87.975
90.65
87.475
83.775
82.225
76.35
75.0
80.05
78.55
140.625
203.575
239.775
262.6
269.9
264.05
261.0
267.65
267.575
243.125
199.225
176.15
175.975
109.0
95.65
98.025
90.225
84.425
84.15
80.2
85.675
88.75
81.5
83.725
152.075
210.3
248.45
267.425
285.5
275.9
261.975
261.625
250.075
235.1
204.875
179.15
175.825
99.55
97.525
93.15
86.25
82.975
78.975
83.6
79.925
85.45
76.875
76.275
148.75
199.85
239.125
256.475
275.075
265.825
266.4
265.975
256.875
245.6
210.5
184.25
175.225
119.8
102.125
100.1
89.05
76.075
73.625
70.725
76.725
72.625
69.55
71.675
145.85
171.525
242.925
261.1
264.15
271.6
274.05
252.45
265.85
245.45
205.3
181.95
168.625
135.075
83.475
89.375
84.675
86.55
86.0
79.6
78.175
79.075
81.225
82.625
93.3
120.075
199.125
217.225
231.7
239.65
222.1
218.3
232.425
214.525
167.875
98.525
84.5
69.45
71.275
72.675
79.075
73.05
74.3
77.35
75.625
80.0
76.85
75.35
82.825
134.525
190.825
207.3
219.7
233.85
232.025
242.925
237.8
214.15
176.625
120.0
79.85
79.675
75.575
77.675
75.175
85.35
82.15
78.275
78.2
77.675
82.125
75.075
139.0
152.675
192.55
209.225
227.075
233.925
234.8
237.025
236.875
246.05
185.775
156.85
139.6
90.225
73.875
74.65
79.0
76.525
74.65
82.425
75.425
77.125
73.025
76.65
142.9
211.625
251.575
260.5
272.5
280.025
272.2
264.0
256.5
249.65
207.55
189.125
184.5
105.8
99.0
100.2
86.725
87.25
89.075
79.3
78.625
84.7
78.1
84.375
143.55
197.825
230.375
260.975
269.625
257.525
256.7
246.175
252.45
243.125
203.6
182.85
174.2
109.75
104.95
99.575
88.9
91.825
86.35
85.6
85.675
86.525
94.975
90.175
159.55
205.725
249.0
256.15
280.6
264.225
264.9
260.525
253.475
245.975
206.775
194.475
185.775
130.625
104.475
96.275
90.475
79.675
79.325
78.875
78.8
71.75
72.975
77.35
141.65
171.6
227.65
262.725
256.8
260.075
267.475
257.65
266.25
250.025
207.925
182.925
182.425
135.4
97.65
91.475
86.425
90.7
82.05
77.6
74.2
76.3
75.425
82.65
87.475
99.675
185.375
227.3
241.875
239.625
239.55
243.5
253.3
215.4
171.1
123.475
91.3
79.575
75.85
75.175
78.025
75.975
85.85
79.275
89.3
80.375
79.425
81.975
93.475
142.4
190.5
216.675
231.45
240.1
257.35
247.25
235.275
233.125
170.175
127.05
81.9
78.375
83.925
76.7
80.375
76.6
87.65
76.875
77.6
79.5
83.375
84.04
145.775
187.225
240.4
272.425
283.275
273.8
270.075
281.8
269.325
253.75
208.375
193.7
157.225
111.15
90.05
91.275
91.2
90.15
88.975
89.225
97.0
87.625
92.325
89.5
161.6
201.45
241.125
261.075
273.175
273.6
269.525
268.975
260.475
237.265
205.6075
185.9825
174.71
130.67
111.37
105.9125
94.665
87.39
82.555
79.1675
78.3025
79.46
82.95
99.265
149.465
202.1275
236.99
257.165
267.2075
265.9525
263.6
262.1575
255.3775
253.75
211.125
190.075
177.5
108.525
105.7
104.225
104.15
98.6
90.55
88.325
86.55
86.0
84.1
92.075
156.375
207.1
244.575
268.8
276.5
271.425
262.525
273.925
256.75
253.225
202.4
194.7
184.875
125.8
111.65
105.075
95.3
86.875
81.175
79.35
84.65
81.025
80.075
81.675
137.225
182.2
238.45
255.125
268.475
269.475
265.35
256.475
256.8
253.25
201.6
183.35
169.3
117.3
92.125
89.575
82.65
80.75
79.575
75.25
77.325
78.65
82.75
77.075
80.325
90.7
180.725
211.65
231.125
222.45
239.775
232.375
237.0
228.575
167.75
104.025
81.225
75.55
80.85
74.45
75.4
74.2
75.075
81.5
76.375
76.05
77.4
75.525
74.4
127.15
173.925
214.425
213.675
220.65
223.825
232.8
244.575
213.1
171.8
125.275
95.875
87.3
83.975
86.05
89.625
86.95
85.925
86.125
89.05
84.8
84.625
83.225
139.975
184.325
228.95
252.925
255.85
261.4
261.025
250.45
247.475
236.75
205.725
184.825
164.7
112.125
94.7
99.325
99.075
92.1
88.425
80.575
79.35
80.35
80.95
83.475
144.3
197.6
236.8
260.9
279.125
266.7
277.85
260.3
256.95
236.625
202.85
175.675
163.5
97.85
92.475
92.85
85.675
82.65
75.15
75.75
75.475
78.2
78.625
87.2
139.675
194.3
229.25
270.3
280.925
272.25
276.275
277.85
259.65
241.45
199.675
182.1
171.3
111.875
102.85
96.15
96.425
87.125
80.05
80.225
78.675
76.325
74.925
75.25
142.375
191.25
229.825
262.525
259.425
261.425
253.3
262.6
252.15
238.375
203.775
193.375
196.375
121.5
92.7
89.425
83.05
82.5
77.7
73.025
73.175
72.575
77.2
74.85
145.075
207.075
248.225
261.025
270.1
251.225
256.875
250.275
257.7
237.725
196.25
185.9
175.725
125.5
99.8
89.225
88.625
91.65
85.6
82.05
75.275
75.225
76.6
75.025
79.625
98.2
186.875
213.15
238.425
227.075
246.525
252.325
244.6
232.7
169.55
83.5
84.725
74.325
83.45
76.7
75.95
78.55
92.125
78.875
80.1
78.95
79.15
80.95
165.65
210.225
213.9
224.8
223.125
226.45
233.8
220.95
158.725
144.5
121.3
85.525
76.8
74.95
82.475
77.5
76.75
76.55
77.325
74.825
79.275
76.375
96.55
164.575
231.45
258.357692308
267.056666667
266.266666667
264.645833333
260.125
248.05
239.725
200.325
168.1
172.0
165.05
112.7
93.325
96.225
88.275
79.775
74.775
81.325
77.025
74.6
88.375
104.275
188.45
250.525
270.05
280.6
274.425
276.65
271.25
277.475
252.95
220.4
183.75
181.05
173.925
103.075
103.95
91.4
90.15
85.325
78.75
82.3
75.45
77.725
83.55
104.625
187.35
238.15
266.55
277.45
281.175
271.2
259.525
261.025
242.9
215.15
187.275
181.45
171.45
96.45
95.25
98.725
94.45
85.175
85.475
94.55
82.725
82.175
85.925
101.025
208.525
249.875
267.525
272.725
260.575
266.825
260.9
256.275
252.55
238.575
219.675
218.2
208.0
152.75
123.425
107.05
95.175
89.775
88.475
84.25
90.225
90.0
91.15
97.975
199.975
250.2
270.95
300.75
283.325
275.7
268.65
261.525
241.825
202.675
175.825
181.9
173.825
123.4
102.0
94.075
91.575
84.0
76.775
77.625
76.425
76.625
79.2
82.075
86.7
146.625
209.8
225.975
242.625
234.775
241.35
238.05
223.25
167.9
143.5
103.05
82.85
78.5
83.975
80.375
80.325
80.825
86.325
77.9
83.65
80.2
84.075
94.075
84.775
162.175
206.5
223.95
247.825
236.2
247.6
234.625
210.275
164.25
144.425
120.675
83.275
76.825
78.85
77.475
76.525
79.475
79.475
77.525
78.275
79.65
90.875
93.775
181.725
242.775
256.15
272.575
267.45
263.95
266.2
273.8
240.325
209.5
180.25
186.325
181.0
127.75
106.625
106.925
99.225
93.5
90.2
90.375
89.65
90.325
99.325
108.175
190.375
243.875
274.775
280.6
285.125
286.175
265.925
283.875
249.0
207.3
170.275
182.2
166.85
99.65
91.625
93.7
88.3
84.2
79.75
78.525
77.9
84.025
81.375
97.3
181.75
239.95
264.075
279.375
252.875
257.025
257.9
254.2
240.325
201.325
165.8
180.175
169.475
103.025
94.5
94.025
93.175
90.575
85.775
84.7
85.0
84.025
82.6
104.15
172.325
234.475
258.8
275.075
258.2
253.95
253.575
263.925
238.8
199.0
166.55
183.0
168.775
122.075
94.575
87.525
76.35
73.025
66.875
68.05
75.425
72.05
66.0
90.575
172.4
226.05
276.0
285.675
284.7
273.375
266.375
257.325
245.825
194.4
161.65
162.75
161.2
117.5
80.075
87.325
74.825
71.4
70.3
70.825
69.525
70.325
73.95
70.95
82.575
135.475
224.025
244.95
252.075
239.275
250.125
237.925
259.875
181.55
147.8
95.7
79.6
74.575
76.975
72.575
72.45
74.2
73.925
71.925
77.8
77.35
74.225
71.475
80.05
172.825
211.0
225.25
232.25
234.75
252.325
246.875
232.85
171.1
144.425
115.575
80.9
74.625
70.575
73.025
73.125
72.4
70.275
71.2
71.125
70.5
70.55
81.975
186.875
224.125
257.225
256.675
267.575
259.425
253.225
268.475
244.725
200.675
173.325
180.875
171.025
122.725
103.2
102.375
96.975
88.075
85.975
83.8
89.2
90.75
99.25
103.875
176.925
229.375
262.475
263.725
265.2
263.25
259.375
265.8
257.1
216.6
170.9
173.775
179.925
106.325
92.875
94.825
83.675
76.025
72.5
73.8
73.025
73.4
74.25
90.85
174.375
237.2
258.1
268.4
270.075
264.45
264.75
253.225
236.45
209.4
181.975
181.0
170.35
99.25
97.55
93.3
81.375
83.775
87.9
77.75
77.9
76.775
76.375
85.275
164.35
226.875
247.125
266.1
254.95
257.125
248.9
266.325
220.4
206.225
176.5
175.125
163.025
128.05
91.775
86.0
82.675
75.975
69.4
68.8
74.725
68.125
69.3
68.025
109.2
156.6
204.975
216.95
210.85
213.2
219.05
215.475
195.45
156.05
140.525
145.975
143.35
108.55
81.075
77.4
75.375
74.825
75.5
76.4
75.225
80.125
80.425
82.65
78.95
128.775
214.95
214.575
219.3
240.9
241.65
230.0
224.7
161.325
139.125
113.525
81.25
80.475
83.1
82.4
79.1
79.95
85.775
80.5
79.525
79.275
81.725
81.325
100.825
182.15
212.25
223.95
244.3
238.575
237.175
225.075
206.225
159.95
136.875
112.025
77.0
77.35
76.75
72.25
71.25
71.75
73.35
78.65
76.9
70.4
74.775
84.675
159.9
228.425
254.65
266.4
250.45
261.45
267.325
255.15
235.325
191.575
161.7
173.6
164.75
106.725
89.175
96.425
90.8
86.3
78.625
79.5
79.575
77.7
84.9
86.7
168.975
201.25
254.85
265.3
285.75
274.2
251.5
264.775
245.825
208.175
183.575
184.625
179.0
107.8
104.9
101.725
89.5
85.65
85.3
84.125
86.025
88.975
91.325
85.525
164.125
239.725
261.5
273.425
287.75
268.875
266.125
268.0
265.525
215.95
155.35
165.0
159.375
88.55
92.975
97.35
95.8
79.025
80.0
77.925
78.85
76.35
76.25
80.325
172.95
235.225
262.15
274.975
276.125
267.1
276.775
264.1
267.85
207.9
171.325
178.175
170.1
113.15
100.375
90.85
91.225
83.15
75.4
75.725
73.825
74.55
82.5
85.05
153.05
232.425
262.575
267.05
263.675
253.9
272.9
270.175
248.05
215.725
163.45
167.175
162.125
117.025
84.45
82.35
84.5
83.4
90.225
88.575
81.9
89.6
89.45
82.575
77.725
160.0
213.95
228.0
235.15
229.325
233.95
237.7
218.05
163.575
134.45
109.65
82.35
69.45
69.1
69.7
71.125
73.875
71.5
73.825
75.425
75.1
72.9
74.05
72.15
188.0
211.575
221.3
218.6
215.375
238.8
220.95
210.025
154.525
133.65
111.6
80.325
78.825
77.45
75.5
75.375
78.975
74.7
77.375
82.5
77.0
73.8
88.975
160.9
239.65
264.675
267.775
268.9
272.475
268.95
271.375
249.55
190.7
164.6
170.55
171.175
110.75
99.275
103.9
92.075
93.7
79.825
78.7
81.15
91.225
78.75
94.525
181.0
242.025
274.175
276.3
275.95
286.925
264.2
271.925
272.225
218.65
175.125
173.225
172.025
105.275
103.475
102.625
104.625
95.375
75.5
75.5
82.95
78.925
75.025
94.125
165.925
225.85
238.725
279.375
286.725
276.275
276.25
278.6
253.075
188.15
165.875
162.825
165.625
98.825
100.05
106.225
104.35
87.675
84.625
90.55
81.525
87.525
82.375
103.45
168.525
232.825
263.7
261.6
279.425
267.05
259.625
268.35
252.775
205.2
181.975
179.9
177.625
119.75
108.55
114.275
110.175
97.525
87.975
89.025
94.0
87.475
88.1
100.575
168.1
234.55
278.35
277.025
274.375
283.55
276.025
294.675
281.325
224.575
191.725
175.65
173.25
121.625
106.65
107.425
105.5
91.05
85.2
90.15
92.5
85.25
91.825
108.575
105.55
180.55
233.825
234.925
244.675
255.125
265.7
240.65
228.1
190.6
163.175
100.625
80.725
79.925
79.35
80.0
85.1
76.825
81.275
77.55
91.25
81.95
79.775
83.85
79.1
173.1
226.325
225.625
236.075
239.425
224.4
238.4
243.8
171.125
140.825
115.625
84.825
83.325
83.45
76.975
76.7
80.825
80.425
79.65
85.5
86.2
85.1
91.25
180.7
237.5
254.25
268.0
268.975
262.6
270.15
268.575
242.45
179.975
152.575
163.675
159.725
112.625
92.9
92.95
90.525
79.35
75.55
76.225
83.725
81.375
74.375
90.45
175.85
231.125
274.175
279.825
278.875
273.3
253.675
248.85
245.1
188.375
156.5
160.475
157.9
85.975
88.825
100.9
91.4
78.925
72.575
70.1
73.7
71.65
84.525
84.35
181.725
231.225
253.65
264.975
268.625
259.275
243.0
249.175
242.525
186.525
150.475
161.275
158.8
96.875
92.475
96.25
92.025
78.575
76.675
76.725
80.85
77.0
77.25
90.775
155.25
229.725
254.375
269.375
277.225
259.85
265.075
252.825
236.0
199.5
167.55
162.05
165.45
103.475
88.375
93.025
89.375
83.2
71.8
78.65
70.975
72.0
71.875
82.4
162.775
243.75
253.225
261.7
260.4
260.65
253.275
245.425
240.5
197.95
165.675
167.85
165.8
112.725
93.5
93.1
96.65
91.025
81.45
80.95
85.225
80.325
79.15
75.275
73.625
149.475
217.775
229.175
237.325
235.325
245.05
237.85
218.625
163.125
137.95
98.1
82.4
78.675
80.125
82.25
81.25
82.1
83.125
80.7
80.8
79.5
81.375
75.825
110.5
203.85
212.2
222.85
235.925
237.8
239.425
236.35
213.55
162.25
147.95
117.45
85.925
85.4
79.45
78.275
81.45
78.95
82.975
81.325
79.75
80.525
81.725
99.975
172.875
242.275
270.75
270.75
271.775
261.875
249.225
250.575
243.525
191.225
158.125
163.2
172.675
113.525
94.625
91.375
95.25
81.25
79.225
78.425
77.75
78.25
78.025
98.65
173.7
235.45
243.8
258.25
270.725
264.925
246.35
251.675
242.675
226.5
203.175
194.775
200.45
130.5
133.5
122.15
101.325
89.95
80.475
81.3
79.3714285714
81.3
79.5
94.95
173.975
226.975
257.0
255.75
261.95
263.025
253.45
248.2
243.3
183.925
163.575
163.2
164.325
92.925
97.55
96.3
92.525
88.875
86.775
86.325
97.475
91.575
85.525
96.525
191.0
250.35
273.5
266.825
283.05
278.025
247.2
247.275
240.6
211.0
163.975
164.375
163.575
109.475
94.45
101.2
87.0
76.525
84.45
74.525
69.575
75.025
80.825
91.35
177.175
239.95
269.1
266.275
264.075
257.425
253.1
250.625
236.9
181.475
160.775
166.825
179.4
133.175
93.825
87.55
87.125
80.1
73.75
84.4
73.6
73.625
75.4
73.15
67.65
148.775
190.725
211.2
227.875
226.375
238.475
220.7
210.725
151.325
129.075
95.2
78.35
72.575
76.65
72.925
73.25
73.575
73.4
73.025
80.05
74.25
75.175
69.025
83.825
181.5
219.4
232.8
226.425
233.45
232.075
222.875
212.125
159.2
130.3
107.25
78.575
72.025
73.625
79.45
72.275
77.35
79.075
78.925
79.925
77.475
72.675
85.8
164.375
223.025
252.3
250.75
263.5
246.1
240.15
248.425
238.425
181.975
161.075
159.275
165.475
114.0
97.7
97.7
95.525
89.575
91.55
89.9
90.025
95.425
89.65
114.7
200.4
235.95
257.78
263.65
253.95
257.725
259.775
262.2
246.0
200.325
173.55
165.15
165.575
112.125
92.775
89.675
83.325
87.0
77.275
76.05
77.8
77.725
80.85
102.45
203.9
238.8
251.45
258.8
253.8
251.45
261.3
257.85
251.4
227.4
200.75
191.95
188.1
99.8
99.675
89.175
89.7
85.2
83.675
78.75
82.25
79.05
84.975
104.75
189.675
236.125
259.1
263.5
267.825
269.525
255.05
261.45
244.45
203.05
182.575
172.225
175.525
121.775
104.7
108.0
102.825
95.35
102.15
100.5
98.8
96.15
94.125
101.775
188.35
236.65
252.225
258.25
261.1
252.825
248.8
255.35
221.775
192.225
169.35
158.7
161.8
134.95
90.65
84.925
83.55
89.65
86.525
80.725
82.925
82.075
83.6
81.5
81.28
118.75
191.7
194.8
204.2
203.05
220.05
213.6
194.675
165.3
145.125
104.6
90.9
85.05
84.575
85.15
89.425
84.65
85.475
86.675
86.85
86.15
86.1
79.55
80.65
178.1
187.675
198.85
204.125
206.4
212.275
215.675
198.3
155.325
137.3
103.9
95.275
79.525
77.175
77.225
76.45
82.925
77.325
77.6
80.7
77.825
77.525
90.95
200.2
235.975
256.475
261.975
256.725
249.325
246.95
244.125
240.2
202.5
183.075
188.775
187.5
126.45
109.675
106.55
104.325
99.55
98.575
97.95
103.025
97.225
96.925
106.925
198.125
229.6
247.4
249.9
262.85
259.1
249.65
256.85
236.05
211.375
183.775
182.85
183.375
110.025
91.45
86.925
81.725
82.375
82.475
82.4
80.95
81.75
85.7
87.2
148.45
227.3
245.6
242.95
244.7
248.45
234.0
232.525
234.45
193.2
147.6
155.75
162.7
107.625
92.075
92.35
93.225
86.825
88.825
85.775
84.2
85.7
86.85
88.1
159.65
216.475
249.275
250.8
252.325
244.325
243.35
258.75
231.95
186.625
153.75
147.625
157.8
104.25
86.225
99.2
86.275
83.425
79.075
79.425
84.475
80.525
79.0
83.25
161.275
220.7
234.625
244.0
246.6
250.9
238.6
236.4
228.1
174.775
157.4
157.2
160.675
122.25
90.5
91.625
92.65
80.8
84.675
79.125
78.65
78.125
80.725
69.825
79.2
144.1
207.25
204.0
218.475
209.625
211.1
218.775
221.45
185.35
183.475
147.425
130.35
126.45
111.775
108.6
88.175
78.425
82.85
78.55
77.75
79.425
77.525
79.425
82.625
137.35
184.65
200.475
199.25
196.075
196.725
203.175
191.725
145.15
137.76
110.725
81.075
75.275
80.625
76.3
75.625
75.425
75.025
77.275
78.125
75.95
79.425
103.9
171.3
233.125
243.35
250.4
252.1
246.475
236.825
244.2
235.8
191.925
168.65
175.9
174.65
115.025
98.425
107.825
98.9
98.875
91.775
99.95
90.025
90.875
95.675
102.15
159.375
230.225
256.325
252.75
264.9
251.575
243.7
253.025
224.125
189.4
175.95
177.433333333
152.86
118.3575
102.635
96.85
91.67
84.185
77.4625
75.9475
76.6875
79.18
86.5
110.7775
165.405
216.5375
241.4925
251.94
256.015
255.71
254.6825
252.3575
245.75
210.84
175.1025
158.8775
149.7625
120.31
106.1325
100.7575
96.5225
90.6225
88.3225
88.955
89.465
89.4725
94.685
111.9325
164.5
214.035
243.265
254.15
258.8475
259.1725
254.8375
254.7
244.5125
212.375
176.7175
159.76
145.9
83.625
67.125
69.175
63.85
62.85
59.25
58.9
60.875
58.25
64.9
90.775
142.775
164.675
186.375
206.975
204.05
218.05
214.22
211.375
200.55
179.25
104.725
78.6
92.75
86.475
84.825
86.3
79.725
72.725
78.85
79.625
75.125
110.05
137.05
127.125
131.225
150.25
184.175
190.275
197.85
208.4
202.725
215.2
189.4
144.875
133.475
131.7
83.45
72.075
86.325
72.925
73.125
73.825
73.8
72.375
75.15
73.55
79.85
69.675
72.9
107.225
186.55
194.4
202.65
204.475
222.425
211.75
216.025
197.375
198.875
203.675
132.65
87.975
86.3
85.2
85.575
90.725
86.55
85.8
85.15
86.35
93.125
89.975
111.375
218.075
233.0
249.175
251.125
244.55
248.0
237.8
228.775
176.7
161.625
128.75
108.975
98.575
95.5
89.5
88.825
81.3
82.1
86.325
81.825
80.625
128.725
157.2
186.8
223.85
233.325
243.5
258.05
238.075
237.125
237.675
236.2
180.225
166.725
103.525
98.45
96.35
92.7
92.525
90.925
77.875
80.35
79.6
74.45
74.8
110.65
157.325
199.2
234.9
237.3
246.575
239.1
237.35
243.25
237.15
243.6
188.6
166.175
117.8
111.95
104.85
94.2
89.875
87.125
85.425
75.8
81.675
76.0
75.4
126.75
158.575
183.6
221.95
245.675
241.65
242.175
245.05
248.65
247.85
234.575
192.625
175.375
130.35
94.875
84.55
83.525
84.125
82.85
77.6
82.975
74.825
83.35
74.85
120.85
156.375
211.1
233.825
244.175
238.175
234.55
240.675
228.9
231.675
231.2
177.9
141.55
123.4
95.175
86.85
79.675
80.275
91.175
77.85
75.225
76.2
76.725
76.775
80.475
92.55
149.9
170.1
181.525
199.275
211.05
209.875
227.325
211.575
193.775
145.975
113.25
116.225
121.05
112.525
115.75
95.85
96.375
86.5
80.75
81.35
83.275
80.825
85.5
134.75
158.0
181.95
199.125
221.8
224.675
217.2
224.1
221.125
210.75
162.65
79.15
82.5
91.4
86.85
83.85
90.475
84.15
82.45
92.225
87.875
88.825
84.125
133.625
144.925
152.675
188.725
203.45
212.75
215.15
215.45
213.05
212.175
210.05
155.375
140.5
110.175
92.0
84.025
82.65
88.65
85.375
88.2
85.475
83.65
86.625
85.95
139.525
159.3
206.675
235.125
252.975
254.5
263.35
259.375
248.48
245.7
245.9
191.2
165.475
109.875
90.2
73.825
74.675
74.9
77.425
62.8
60.925
61.55
63.15
71.575
85.2725
113.595
169.665
218.295
241.3775
250.67
254.76
255.3675
255.925
253.91
246.6525
210.31
174.1175
156.685
144.135
189.75
160.075
153.2
138.025
131.95
130.975
135.825
130.7
129.7
132.9
148.75
182.95
214.725
240.875
251.8
254.375
266.8
254.6
245.975
244.325
217.425
120.475
114.8
113.45
101.35
96.35
108.925
82.0
74.95
73.25
72.3
77.225
136.125
135.05
158.15
185.2
219.65
252.85
248.675
251.475
256.075
257.975
266.25
256.125
225.275
139.95
196.775
215.45
190.975
179.2
180.3
167.275
161.8
157.975
158.725
162.525
157.625
158.525
159.9
185.625
205.2
220.5
223.3
253.075
236.925
240.15
244.275
226.675
222.85
202.725
195.825
205.725
202.8
208.25
188.6
169.175
144.15
144.375
147.1
143.525
146.875
142.475
138.425
180.525
194.825
208.2
212.55
238.225
235.9
234.15
218.075
200.65
152.225
130.35
134.175
147.825
143.075
144.75
153.4
99.325
78.275
77.1
83.225
77.4
76.375
76.55
99.875
146.7
241.95
276.6
270.95
267.25
268.075
269.875
264.525
255.475
196.8
167.55
174.05
115.225
111.8
112.875
109.475
102.05
94.05
84.55
93.375
85.875
90.95
89.525
145.8
202.85
255.7
260.475
260.35
272.125
259.35
264.475
264.44
263.3
244.025
224.275
203.45
153.05
109.625
102.35
96.675
93.525
89.425
79.25
78.15
76.6
80.625
86.45
140.575
194.05
250.9
251.525
260.75
257.525
254.45
262.25
256.05
252.55
202.725
161.1
156.825
135.925
104.975
100.25
95.175
91.95
83.75
76.025
76.4
77.475
77.95
80.4
114.8
177.7
221.175
247.65
255.925
254.0
262.8
248.2
254.575
241.4
214.925
180.275
158.95
135.575
94.975
106.45
92.25
86.5
77.225
73.525
76.325
74.475
79.475
81.625
86.65
136.225
206.9
239.575
244.55
245.65
247.75
249.05
253.075
249.925
190.175
175.625
166.55
181.875
179.45
174.825
146.325
146.975
141.925
139.8
138.575
142.575
141.775
144.8
129.75
136.55
163.15
217.1
218.2
234.025
231.35
233.275
232.85
209.475
173.925
143.425
131.925
143.2
140.925
140.825
137.75
138.2
138.225
137.6
136.175
138.525
142.525
137.35
140.75
158.525
180.7
207.95
221.6
219.65
228.35
224.975
240.0
209.075
175.7
142.15
138.9
109.725
95.2
88.525
85.7
84.825
89.275
80.975
86.825
89.95
81.525
84.375
148.3
208.575
222.75
244.0
246.4
262.075
267.45
256.625
260.175
246.725
192.75
173.2
164.35
131.8
114.425
112.025
96.125
94.0
84.625
82.2
80.25
83.3
86.3
94.45
142.45
193.95
234.35
260.825
251.725
275.05
276.15
271.65
269.875
255.5
195.425
175.5
160.8
109.3
105.3
94.8
89.45
90.625
82.575
78.4
78.25
79.25
83.35
77.45
138.225
209.275
234.875
248.7
248.575
254.225
259.125
262.25
258.025
249.975
199.15
173.9
161.975
127.6
114.35
110.275
111.95
96.15
80.75
81.2
83.225
80.0
78.5
79.475
113.325
201.475
228.95
244.9
254.375
262.6
267.925
258.5
275.175
247.6
180.6
157.0
150.4
126.875
105.35
98.2
93.375
95.225
88.2
75.65
80.5
74.175
74.45
73.2
93.6
160.775
231.2
243.875
259.825
257.85
264.35
255.725
264.25
259.725
186.5
158.65
154.775
166.35
165.675
168.3
169.175
154.75
149.5
149.325
145.475
143.95
143.75
145.55
130.45
136.425
175.325
210.6
221.4
229.925
234.725
243.325
226.575
225.075
169.475
145.425
154.175
152.9
145.725
154.625
144.225
145.775
152.875
149.675
159.3
147.225
145.9
149.575
132.725
133.4
155.4
196.7
205.375
211.625
217.7
209.8
214.625
211.625
158.25
132.1
136.075
99.3
85.325
83.25
79.4
78.9
81.775
77.325
77.525
75.85
76.7
76.9
144.0
193.375
228.8
260.5
259.35
274.35
270.475
274.525
264.7
252.425
190.425
159.175
148.525
100.85
98.025
98.15
100.575
93.675
83.9
79.425
85.1
78.7
87.375
91.7
145.15
195.95
239.375
247.8
250.22
256.725
264.975
256.7
267.025
263.5
206.075
176.85
172.725
119.175
118.625
124.875
116.4
116.05
84.575
81.625
76.275
77.85
78.225
84.425
128.35
198.95
237.675
250.225
253.425
258.25
262.925
276.7
271.65
257.975
208.025
172.675
167.85
130.175
116.9
114.825
101.075
99.35
82.625
83.325
86.95
86.675
80.6
82.075
117.75
203.8
233.725
255.375
256.9
268.025
261.95
273.05
270.375
257.275
220.725
192.75
164.925
127.3
94.15
91.075
86.525
85.15
84.475
87.1
77.45
77.7
74.925
75.95
88.55
148.8
233.95
248.175
270.15
271.05
260.75
264.075
259.6
259.225
185.725
164.25
176.8
168.4
166.4
169.5
159.5
157.65
148.45
146.375
144.15
144.1
149.0
144.025
136.325
141.95
188.625
213.7
238.4
229.9
226.875
226.775
231.475
217.275
158.825
142.15
141.05
148.675
147.85
146.05
141.525
155.275
143.0
142.95
142.325
143.7
147.3
143.275
146.65
148.625
201.125
221.625
219.675
226.375
214.15
219.8
236.875
208.075
157.25
139.9
146.85
125.75
98.675
93.7
84.15
83.425
80.85
80.25
79.725
84.625
80.775
81.025
136.625
202.825
236.025
261.95
258.1
271.925
280.725
267.175
283.825
258.2
221.3
203.975
192.425
207.55
178.675
176.95
98.525
99.2
90.6
91.525
87.2
86.75
87.075
86.3
145.025
196.425
243.55
259.0
268.6
269.325
268.425
270.525
287.0
250.96
197.65
175.775
151.45
104.225
106.3
110.575
103.575
91.8
79.275
78.225
74.875
74.25
72.95
73.25
135.05
197.025
253.375
260.725
256.15
272.075
268.0
255.1
263.325
246.1
200.475
170.425
163.625
118.625
101.825
104.2
111.9
100.45
82.65
82.7
79.85
82.5
76.45
79.025
124.35
207.25
233.675
248.2
261.325
254.85
251.65
261.525
251.875
254.225
199.375
164.225
152.65
134.975
96.425
95.225
94.475
88.45
75.85
76.925
77.225
74.95
77.175
75.625
90.25
149.2
237.675
257.5
261.975
261.66
261.8
262.75
290.675
247.65
182.5
159.85
151.275
160.575
91.55
89.575
87.575
92.825
85.8
86.425
91.95
79.675
83.45
79.725
74.4
70.2
134.3
201.25
202.575
218.95
213.825
212.85
231.05
205.575
153.05
100.0
81.575
78.2
83.3
87.575
76.7
76.675
77.375
77.4
76.9
78.2
77.7
77.8
86.225
130.025
191.625
205.7
216.7
218.45
222.7
224.825
223.6
207.175
172.4
125.975
79.55
84.6
89.95
82.85
84.55
89.3
95.55
83.95
84.525
85.425
83.75
86.2
120.175
223.525
250.225
270.0
266.4
263.875
266.35
265.125
260.575
253.875
189.675
162.1
152.825
169.825
107.15
104.825
94.175
88.35
81.85
86.725
79.925
77.35
80.425
80.325
112.0
228.95
243.8
260.4
279.375
259.7
266.775
270.125
261.025
260.7
200.25
165.45
153.275
133.2
93.175
85.6
83.825
84.35
81.55
77.35
77.4
78.975
77.55
76.4
86.4
136.1
160.1
193.275
200.3
206.825
213.55
210.4
214.25
199.75
157.8
129.9
73.7
83.925
81.125
81.9
81.35
82.6
83.975
83.7
81.525
81.875
88.025
84.55
111.3
204.025
246.925
267.9
268.575
261.775
256.8
255.05
260.25
248.825
193.2
174.425
167.775
130.75
99.35
99.8
96.85
89.075
81.425
79.475
81.125
79.6
77.825
78.9
100.5
218.95
254.9
261.95
263.175
258.8
266.075
258.3
260.5
250.3
195.95
165.975
155.225
134.9
99.9
97.175
92.425
93.575
85.15
82.05
89.525
81.5
81.375
86.525
79.925
74.85
137.55
199.075
211.825
216.475
210.45
209.675
220.975
202.45
154.5
120.55
79.725
87.8
82.075
82.55
82.25
82.55
84.05
83.325
81.95
82.95
82.65
83.1
86.6
113.28
169.4
207.625
213.45
225.675
219.125
219.875
224.65
209.55
159.325
122.55
81.8
83.725
79.475
77.65
80.7
82.35
85.925
80.525
80.45
80.0
78.85
83.35
125.2
213.1
244.825
262.475
267.1
280.25
274.125
272.25
266.725
256.175
194.75
163.675
170.225
172.2
117.625
103.45
97.6
93.475
85.125
85.925
82.825
84.45
88.3
83.3
124.025
204.325
245.275
262.775
255.5
265.2
272.65
264.625
262.575
264.725
193.5
162.85
164.8
137.85
102.325
94.275
92.175
102.45
94.5
80.475
80.825
81.725
82.75
81.65
107.9
208.45
237.75
255.85
253.45
263.525
266.05
282.1
273.075
273.075
233.05
182.15
141.1
148.125
150.35
119.025
103.2
106.85
93.9
93.075
83.0
84.7
89.55
84.325
108.5
207.675
236.45
255.725
261.525
266.525
275.3
269.425
260.95
255.725
198.125
166.875
166.95
130.85
99.2
91.9
87.15
92.4
78.975
90.3
76.55
76.9
77.175
82.375
90.625
198.2
240.2
255.575
260.6
262.3
263.2
265.35
269.225
257.05
199.425
174.3
177.6
152.625
103.325
101.525
84.875
85.9
88.95
78.975
81.5
79.35
82.2
78.8
80.9
71.8
133.875
198.55
206.125
207.75
222.025
207.275
213.65
202.2
153.825
120.325
72.275
82.875
87.125
79.425
79.88
79.675
81.225
81.9
89.0
81.375
80.775
83.0
89.725
104.025
164.875
192.0
204.85
206.075
208.875
209.575
226.1
219.25
161.175
119.125
81.6
82.1
85.575
79.95
79.4
79.575
80.675
79.525
80.45
80.6
80.65
85.5
114.375
212.8
240.875
258.45
272.9
266.275
270.275
270.575
278.175
250.525
205.95
175.475
160.125
158.475
92.3
91.05
91.8
85.425
83.025
76.625
78.55
78.3
76.875
76.7
111.95
198.625
254.675
252.125
276.125
273.15
274.65
265.075
259.65
250.15
180.325
155.85
150.625
126.05
101.45
94.175
86.0
88.625
83.8
76.775
78.55
76.425
75.775
77.525
114.2
213.55
248.35
265.4
267.075
263.125
264.275
272.725
264.45
259.28
198.35
123.3
91.7
92.175
87.65
92.575
91.175
86.175
82.425
78.95
93.425
77.9
83.625
78.375
114.525
205.775
239.175
257.7
262.95
269.275
268.3
267.45
269.4
244.6
199.75
177.55
168.7
145.825
118.7
102.3
98.1
96.425
87.275
89.65
81.725
81.8
81.3
82.95
96.05
205.1
239.2
256.1
256.975
260.45
264.025
256.4
259.65
241.65
187.275
166.625
163.85
154.125
99.7
98.8
97.3
91.825
88.0
84.6
84.225
90.05
86.725
83.125
77.775
77.95
165.25
199.5
223.7
215.925
212.6
212.375
223.6
198.1
191.525
161.0
132.25
136.825
135.275
117.7
99.55
91.2
90.075
96.4
88.825
89.75
88.85
91.75
84.825
104.975
177.225
196.825
203.15
212.0
222.075
225.3
221.675
212.975
171.65
128.55
78.9
95.05
90.1
92.025
96.85
90.5
92.025
90.325
91.825
94.4
94.825
89.825
118.9
208.475
244.975
249.625
265.425
252.825
270.225
258.6
269.3
256.15
191.125
159.725
154.825
162.7
96.425
93.45
92.475
90.975
91.4
81.35
81.625
82.275
82.3
82.925
115.725
204.35
245.65
263.575
267.3
262.275
258.4
261.6
270.35
256.075
183.4
154.525
161.6
132.875
103.75
104.925
94.65
91.375
84.8
81.95
81.025
81.425
79.3
85.675
110.625
208.625
240.5
266.45
264.175
266.0
271.125
268.125
260.625
253.35
182.35
151.325
101.375
99.725
99.575
94.075
91.8
97.1
87.75
83.425
83.325
82.425
82.8
84.525
111.9
203.925
236.4
266.45
262.325
273.05
276.3
263.925
265.2
246.7
219.875
186.925
186.675
132.125
98.975
92.65
88.2
90.225
87.625
88.525
89.1
83.175
84.45
83.35
102.325
230.025
250.575
263.2
258.475
270.775
261.525
256.625
256.725
238.825
173.5
147.125
146.25
140.05
94.075
88.2
92.25
87.75
80.5
77.85
76.3
80.475
76.45
82.25
105.5
128.825
151.4
192.275
203.0
216.2
222.4
229.8
223.275
199.675
148.075
102.775
74.3
89.1
79.5
80.625
78.35
76.9
79.7
81.625
84.725
79.575
85.075
80.675
80.675
104.0
184.325
202.6
208.2
214.225
209.35
212.875
222.5
201.75
160.55
124.45
78.325
87.975
84.125
83.45
83.125
83.175
83.5
84.85
83.95
83.475
86.575
84.275
123.875
209.4
250.2
265.4
269.125
279.95
273.55
274.675
263.225
264.525
186.0
145.675
101.375
103.75
99.65
101.325
101.85
103.125
88.075
84.325
81.275
86.575
112.1
145.1
162.025
207.9
233.65
257.05
269.925
274.325
264.825
271.025
264.0
251.825
201.4
175.25
161.2
133.675
98.2
97.775
97.175
96.275
91.8
79.05
79.05
78.2
113.175
140.1
144.025
204.925
235.825
260.22
259.425
274.475
274.325
284.175
280.625
206.825
127.625
95.55
94.75
103.15
103.75
95.725
94.7
98.025
86.125
82.7
82.5
86.625
112.35
141.45
156.0
201.45
237.85
255.65
268.975
261.175
260.65
266.9
267.775
252.725
171.1
111.225
93.45
97.225
93.8
96.05
90.175
88.75
79.65
77.825
77.85
76.075
106.025
140.1
156.475
202.85
245.35
258.15
270.775
262.675
263.975
261.7
266.475
251.8
210.575
189.15
187.875
202.05
188.625
190.2
142.725
107.175
104.525
108.85
86.1
84.125
142.95
143.7
145.75
138.825
157.35
196.5
205.975
210.65
216.725
216.95
226.5
169.775
101.875
85.2
82.575
84.15
81.9
84.4
87.25
87.7
84.125
83.0
82.625
84.075
84.075
115.5
149.5
153.2
196.15
210.575
215.75
221.025
222.65
215.125
216.7
174.775
92.575
73.75
80.775
84.05
81.3
79.425
79.375
79.25
85.225
83.725
83.325
133.625
143.35
144.225
161.8
209.875
246.375
261.975
255.05
265.925
263.65
259.1
265.875
245.25
183.925
143.85
105.225
103.0
99.125
97.075
94.575
91.3
83.7
79.275
79.375
85.525
114.4
141.875
156.3
215.35
241.2
254.45
252.725
261.475
260.875
271.0
265.45
241.925
190.475
173.55
169.775
129.7
96.025
88.975
93.825
83.05
81.875
77.65
77.4
75.525
107.825
146.9
156.925
205.625
230.75
251.65
264.35
261.35
268.025
267.3
266.0
202.875
126.725
107.125
105.275
111.7
108.375
105.3
91.275
92.225
95.55
103.6
85.45
89.375
116.75
145.7
165.575
194.025
219.85
250.05
258.975
279.025
265.85
270.325
265.05
248.975
178.35
101.9
99.4
105.825
104.75
92.95
84.075
82.675
79.675
80.5
77.3
78.95
103.975
135.475
155.975
211.575
237.175
248.1
266.075
260.625
265.1
260.2
255.675
257.3
213.3
200.275
203.4
204.975
201.025
191.5
173.275
123.4
112.375
106.275
95.05
97.3
147.4
145.725
143.525
137.925
162.225
198.475
218.825
222.525
231.8
223.45
224.875
220.575
188.85
180.55
190.725
196.55
193.825
189.675
131.45
96.225
102.35
93.075
93.325
97.675
93.075
121.45
150.675
151.65
169.9
202.25
224.175
221.45
219.25
225.95
224.75
181.95
100.725
72.85
77.35
94.2
81.0
81.675
86.9
85.0
82.45
80.875
77.4
126.9
143.825
137.275
153.275
216.9
234.9
265.675
262.975
262.9
271.25
279.575
259.8
246.95
184.25
144.55
103.45
104.1
104.6
105.275
96.75
91.65
87.175
80.875
85.25
82.7
112.95
148.3
157.675
196.275
234.45
251.4
259.8
264.225
271.925
280.325
278.075
244.95
181.85
147.7
147.375
113.25
78.4
75.425
80.375
76.25
67.15
61.05
61.275
70.65
94.075
124.6
136.6925
182.9025
218.09
241.9725
252.5025
257.2175
258.045
258.6575
256.9825
241.56
198.6425
163.8625
184.6
136.15
142.7
136.35
73.55
73.9
64.425
61.875
60.875
64.85
61.95
65.95
97.525
173.125
222.95
247.2
247.175
255.275
261.225
251.875
258.45
236.975
192.7
182.075
169.625
117.6
99.85
94.525
90.675
82.175
82.05
71.275
71.325
73.775
78.75
72.275
95.125
173.0
225.55
254.325
254.1
252.225
255.225
262.475
258.94
246.825
188.225
160.85
163.075
162.525
114.75
98.95
83.025
83.8
80.625
77.8
77.475
86.125
82.675
75.575
70.3
67.825
107.7
187.975
195.0
198.575
199.075
213.0
210.7
198.825
183.825
175.425
178.5
185.25
179.5
180.15
164.15
146.175
145.975
102.275
80.25
85.65
80.0
81.575
80.525
99.275
131.025
194.825
200.85
217.875
215.2
207.275
218.375
194.55
160.325
120.15
75.2
83.6
78.475
75.075
70.725
71.5
71.3
70.275
71.2
70.0
72.175
102.1
145.75
189.275
230.4
240.425
245.475
260.925
250.225
267.0
262.55
252.4
187.15
159.525
166.125
171.45
96.6
99.075
93.55
94.875
86.875
81.525
81.675
83.1
87.45
82.15
108.625
184.75
223.325
253.95
251.825
260.375
264.75
270.55
277.225
259.15
194.65
172.575
178.0
173.4
167.025
148.675
100.575
95.575
94.875
86.875
86.8
86.1
87.15
86.325
167.2
192.55
235.225
249.275
268.5
269.45
262.175
268.225
261.1
241.05
189.175
158.875
163.275
148.025
92.6
91.05
88.15
95.225
81.3
81.225
81.25
84.425
80.675
79.075
107.675
174.425
240.25
251.375
250.55
260.55
278.95
266.3
290.65
247.1
185.05
156.575
165.525
112.625
89.3
96.35
102.575
94.6
86.3
78.95
79.775
78.025
77.925
78.075
87.925
186.275
219.3
240.7
256.9
268.825
264.0
258.525
258.125
248.1
183.7
170.75
174.9
160.625
109.3
92.875
91.55
88.2
86.45
80.9
81.525
83.1
81.425
81.775
84.95
87.525
104.95
214.925
215.675
221.15
219.55
216.125
223.05
206.55
184.2
178.45
187.975
190.55
186.6
185.175
177.65
150.15
146.05
100.0
87.5
84.0
83.95
81.65
83.65
111.625
141.475
202.1
219.275
217.525
221.4
212.525
229.375
200.7
164.525
120.3
85.6
96.6
82.775
86.85
81.125
84.625
78.2
79.75
78.95
77.125
76.15
110.65
154.325
162.425
220.85
242.1
241.475
243.425
249.475
248.65
258.7
252.775
175.45
158.7
169.1
166.525
102.925
94.7
111.9
104.55
95.275
84.05
78.9
79.575
81.65
79.875
112.625
198.475
223.65
260.225
249.55
251.0
248.975
245.4
259.725
240.25
185.425
176.575
169.7
160.0
155.9
136.9
85.475
87.525
79.475
75.45
76.9
80.5
78.3
103.4
165.425
183.65
209.15
232.1
235.875
248.225
249.2
251.9
244.175
240.125
193.025
168.05
178.775
150.575
91.075
93.625
92.575
98.325
83.225
86.5
80.475
84.15
88.2
82.125
115.9
177.65
207.725
241.85
246.975
254.325
256.025
254.325
244.425
230.05
184.925
164.325
171.1
107.975
92.125
87.525
87.375
83.875
85.475
76.075
84.9
74.575
74.1
74.525
93.6
195.475
223.575
240.4
241.75
245.275
253.0
247.95
258.25
234.425
167.175
157.225
161.45
165.425
103.025
90.975
89.025
87.175
84.6
83.15
93.225
81.75
85.45
80.5
79.85
82.95
112.825
211.25
203.35
210.275
219.7
209.6
223.475
207.375
153.775
132.725
114.35
82.375
80.025
79.75
79.75
84.575
80.15
85.45
81.55
79.975
79.225
84.8
79.325
83.825
130.25
202.825
207.175
212.65
209.125
215.725
222.825
212.375
177.725
172.95
185.8
180.55
179.8
176.425
162.95
130.925
79.6
84.4
81.35
81.45
79.65
110.225
143.525
146.275
174.65
210.2
218.475
214.125
220.3
227.65
214.15
202.7
152.0
140.325
152.275
149.6
82.975
81.35
82.975
81.7
84.675
82.1
82.45
82.7
82.225
81.025
105.6
205.225
229.725
241.05
247.45
253.5
244.5
249.35
245.3
244.775
198.65
176.35
188.3
178.525
174.65
154.35
99.35
97.05
83.825
82.725
78.275
83.35
78.45
78.1
161.175
185.825
211.475
230.95
243.375
242.45
237.025
239.8
235.825
231.575
181.9
169.625
174.2
150.1
104.55
95.95
97.075
92.6
88.25
83.0
81.525
83.7
82.225
82.65
121.0
206.45
233.15
235.35
252.925
255.65
252.625
243.325
243.0
234.075
186.225
158.2
165.375
107.975
94.65
89.725
84.6
86.5
80.775
76.7
79.05
78.175
77.25
78.25
89.5
209.15
215.6
235.45
251.65
250.25
242.375
232.875
223.775
209.4
176.9
155.475
168.55
171.725
106.675
89.05
86.65
87.65
89.05
78.675
76.25
77.7
76.875
80.8
77.075
73.875
79.225
171.65
195.525
208.4
213.125
195.025
188.25
192.3
149.4
139.825
120.3
87.3
83.675
83.825
82.5
93.475
83.95
82.4
82.675
90.6
84.925
83.775
88.125
83.35
110.975
187.475
199.5
202.225
207.025
206.5
213.525
193.3
152.85
143.45
159.05
147.525
141.25
143.35
147.075
129.675
80.675
81.0
80.5
84.725
79.725
115.175
151.0
199.65
217.75
246.65
238.65
236.65
246.425
232.375
238.575
224.725
201.4
192.9
193.825
183.25
105.225
98.4
95.025
95.175
88.475
84.9
86.7
83.275
81.775
83.3
114.35
204.85
227.45
239.0
255.025
256.775
257.9
241.925
248.1
232.85
183.95
169.025
179.625
170.475
163.45
134.2
89.45
86.475
82.575
76.9
77.3
79.25
79.65
77.825
164.025
192.025
202.0
236.95
242.1
244.3
241.4
241.75
237.42
226.425
202.375
196.125
189.55
166.35
105.05
109.35
88.375
92.4
87.425
81.225
81.65
83.075
83.375
81.525
107.775
175.425
221.275
238.75
241.675
246.125
239.375
252.025
240.075
225.1
193.6
179.95
178.45
117.55
89.175
88.1
86.975
86.975
82.15
95.45
78.275
79.05
76.975
77.45
84.525
191.025
223.475
231.125
235.325
237.925
241.375
234.45
246.3
223.7
186.675
162.0
171.525
160.225
109.475
100.3
93.175
93.7
87.325
85.85
83.1
86.05
85.95
83.7
83.275
77.3
87.675
204.575
194.125
211.05
210.15
207.425
216.675
193.775
154.525
148.2
119.375
90.425
85.425
90.35
81.1
85.425
83.225
81.45
82.025
80.0
81.7
79.775
80.025
84.3
116.025
196.75
192.625
200.475
200.2
205.05
213.9
207.125
166.375
152.55
169.85
156.075
151.425
152.55
153.25
141.65
92.425
89.95
92.175
87.9
89.45
124.75
164.025
217.7
226.825
237.55
256.025
257.5
240.775
232.7
232.425
225.825
184.575
163.55
171.775
153.325
87.325
84.3
84.475
89.525
82.4
82.325
86.075
80.4
81.175
82.825
113.025
204.775
219.975
251.95
259.1
268.75
263.575
252.25
266.025
228.025
192.05
170.825
184.85
163.2
165.95
148.25
92.55
93.725
88.475
87.6
84.6
89.25
90.275
84.425
168.3
215.475
224.025
242.3
248.625
252.275
252.575
249.15
249.15
233.2
186.6
182.75
184.375
161.75
113.25
94.05
101.8
92.825
90.2
93.225
87.05
86.2
83.375
85.425
120.35
206.075
235.8
245.95
253.325
253.15
247.675
252.55
247.0
239.125
190.425
185.525
176.225
117.225
93.05
86.325
88.0
82.825
84.65
82.7
80.175
76.425
74.775
74.8
103.575
195.6
222.45
228.175
257.775
268.925
251.45
254.575
260.5
243.15
190.375
177.875
180.85
167.55
110.4
95.725
89.775
90.5
91.675
94.775
91.0
91.25
89.4
95.05
96.4
105.05
129.875
199.6
218.1
215.1
219.05
228.0
230.15
223.225
188.05
187.95
162.025
131.525
133.05
124.05
115.75
94.45
89.925
86.075
87.55
86.675
91.7
87.8
85.075
93.6
139.45
198.275
204.325
231.125
221.875
222.35
227.15
214.0
165.8
152.35
157.475
155.425
153.95
152.0
150.825
137.925
85.625
81.1
88.275
88.475
83.525
115.325
159.35
206.725
232.8
242.425
246.525
251.25
255.05
241.375
248.45
229.95
182.3
173.15
167.75
163.25
94.325
94.725
91.725
91.3
92.425
82.75
83.85
86.3
80.675
80.625
107.525
190.725
244.95
266.825
273.525
260.7
249.0
233.5
206.625
219.45
187.125
177.225
181.075
182.225
166.45
143.25
89.775
89.525
82.425
84.25
77.175
77.675
78.0
80.6
171.925
206.425
215.975
245.275
247.55
254.425
266.325
247.425
253.7
238.575
210.775
178.075
185.875
161.775
111.6
111.4
105.15
102.125
85.9
79.425
79.65
80.225
80.225
79.75
123.55
189.225
218.325
246.85
253.85
258.975
254.15
250.475
258.625
242.65
241.4
234.725
233.325
154.725
100.275
98.425
96.075
90.125
87.05
79.4
78.975
85.475
84.125
77.425
84.55
179.3
222.6
243.475
254.325
261.425
265.15
250.325
244.625
242.2
217.55
215.35
211.925
204.075
201.725
203.775
192.425
197.45
119.7
117.35
95.925
93.1
89.65
88.8
89.925
91.275
104.6
194.975
205.275
221.8
221.175
224.15
217.175
209.575
168.6
163.8
134.65
101.925
94.175
93.35
99.4
97.15
94.45
104.65
95.025
104.45
98.825
94.825
93.1
117.4
144.375
199.525
208.475
218.05
217.175
226.625
229.85
203.25
162.175
154.375
157.275
152.1
143.3
141.025
144.525
128.875
81.175
80.95
83.325
80.15
80.425
114.225
162.85
201.75
216.6
236.925
257.15
247.35
251.575
245.075
250.65
246.7
195.275
184.85
190.025
175.875
107.625
95.4
97.3
92.7
87.375
82.65
83.075
83.825
83.55
83.525
116.825
190.825
231.15
238.475
247.35
247.825
256.525
254.125
250.85
246.7
212.575
200.05
204.35
177.225
167.1
149.25
101.975
95.125
93.75
87.225
90.425
91.0
85.425
86.95
161.525
196.675
237.9
248.275
251.675
252.175
253.35
249.45
254.5
234.55
192.025
178.05
172.325
179.85
162.175
162.85
153.975
150.45
158.15
142.975
97.4
98.35
98.125
94.575
128.725
195.1
228.175
245.8
254.25
264.5
250.3
243.35
234.4
237.9
199.375
191.175
191.675
142.15
112.125
108.45
102.575
98.475
90.075
95.625
92.8
91.45
91.95
77.65
78.575
170.175
210.9
249.5
251.55
250.0
254.7
241.725
241.75
240.825
216.5
218.275
222.3
214.1
195.6
188.225
112.575
106.55
86.825
84.6
83.375
88.925
83.5
84.825
81.4
80.725
127.475
211.5
215.375
215.0
212.85
209.075
209.95
202.875
189.775
190.8
199.225
197.975
199.0
191.625
165.075
119.05
85.925
88.425
84.7
85.025
89.5
84.95
84.725
93.0
136.625
204.05
207.275
212.75
215.125
217.775
233.65
220.25
161.225
157.8
159.025
156.525
156.525
160.075
149.35
134.0
91.55
88.925
84.55
87.25
85.65
120.025
152.75
179.3
218.475
252.85
252.35
262.075
251.475
256.95
249.6
243.425
193.5
187.5
182.275
175.275
108.8
101.0
88.675
91.55
83.95
81.55
86.35
79.825
90.2
81.85
109.425
187.05
234.8
246.1
252.875
260.75
267.125
256.375
259.6
249.5
198.0
190.175
184.0
176.8
165.825
149.975
94.025
91.325
82.575
76.575
80.225
78.55
77.375
80.425
157.475
199.525
238.975
258.725
271.775
261.25
267.25
263.2
268.725
254.85
194.25
183.125
184.45
161.975
104.825
109.675
94.4
95.125
91.45
88.225
88.425
89.475
86.7
93.125
119.975
211.0
249.4
264.05
257.275
258.525
263.325
259.8
266.5
262.3
240.85
231.525
224.275
214.7
185.65
132.725
103.875
104.475
91.25
85.45
84.575
87.075
90.35
89.375
103.35
209.975
247.675
261.075
263.25
268.9
264.15
266.575
277.375
266.2
210.25
190.7
189.75
182.475
170.525
165.05
95.475
94.85
89.425
83.1
80.325
85.25
84.825
83.65
81.8
91.15
106.825
217.0
231.875
226.55
227.8
228.45
224.35
215.975
160.4
152.225
154.05
160.05
150.25
154.1
152.8
122.925
84.075
82.025
79.7
82.825
83.2
84.825
85.7
89.9
106.8
193.1
216.275
218.45
222.325
217.925
222.5
210.275
171.225
159.325
156.5
158.325
148.575
148.475
150.375
138.825
86.2
82.4
82.4
81.7
81.225
113.375
161.95
197.5
230.05
255.0
255.75
268.575
250.875
242.375
248.25
242.775
225.65
217.625
218.25
202.925
118.275
123.4
103.725
99.95
96.35
88.85
87.15
87.475
87.95
85.25
121.975
197.125
245.225
253.1
264.125
258.125
258.475
249.55
250.075
251.05
190.76
184.35
186.3
178.4
179.25
157.375
103.75
94.675
91.275
84.6
83.475
83.35
85.475
81.775
156.25
194.5
235.175
250.95
246.9
253.225
247.025
245.275
250.475
233.325
200.425
181.25
180.7
167.5
108.2
104.25
98.775
95.95
89.9
82.8
85.875
85.425
85.25
81.2
115.85
191.3
225.275
254.725
250.675
255.425
244.05
248.1
244.5
230.6
195.0
184.8
180.925
126.25
102.375
92.65
92.375
89.25
82.55
78.35
75.7
76.725
77.175
75.975
89.55
194.0
234.0
251.925
248.85
249.225
248.475
248.125
258.7
237.575
202.625
193.05
185.95
138.825
108.025
104.825
94.1
94.6
89.675
85.475
84.0
86.55
84.975
84.65
86.375
96.7
120.575
190.0
200.025
201.75
211.25
217.1
219.9
208.125
156.7
157.5
153.85
148.475
81.675
78.775
81.275
78.75
79.675
80.575
81.225
81.675
82.95
83.45
80.375
91.075
114.35
210.275
217.975
231.025
229.275
228.0
228.975
210.5
165.925
161.2
154.4
132.35
80.875
81.0
81.325
88.85
80.925
78.425
79.675
84.8
84.6
119.825
162.45
203.8
245.675
262.825
275.825
263.85
262.925
251.425
261.925
238.35
193.1
182.625
176.0
172.925
98.2
93.6
98.225
89.375
86.35
82.225
86.5
86.725
83.9
81.45
119.65
214.6
238.075
255.0
259.2
258.575
257.15
253.55
268.95
248.025
210.025
205.575
187.975
174.8
119.775
95.4
93.025
90.0
87.175
85.15
86.925
83.975
85.95
99.65
161.325
197.875
245.675
261.75
263.65
266.925
261.0
252.925
254.025
239.85
205.175
199.675
196.375
171.025
102.2
90.175
92.2
89.375
88.75
83.7
84.125
85.425
83.55
82.85
119.25
208.875
253.35
267.05
272.925
267.2
266.8
257.525
257.65
246.25
198.05
192.15
180.6
128.675
93.85
86.325
87.925
82.9
80.075
81.95
73.275
76.725
79.25
79.675
97.325
197.175
226.225
246.925
256.05
263.5
260.425
251.9
252.475
248.6
222.025
220.175
203.75
160.1
114.35
92.25
95.45
92.25
90.925
88.8
82.675
83.925
85.35
82.925
83.675
84.325
112.775
201.9
217.875
224.4
220.7
225.875
224.6
209.925
192.0
199.725
194.425
192.975
112.525
93.05
89.525
91.4
89.25
91.775
89.825
91.15
91.225
89.925
92.15
89.225
134.95
212.475
212.475
219.825
216.475
219.525
215.375
209.725
160.85
161.5
159.325
137.125
85.8
83.725
85.075
87.025
85.125
84.225
83.7
85.35
84.775
116.375
158.85
176.425
228.775
255.65
265.225
268.825
259.225
259.95
256.95
245.825
200.775
190.425
180.375
168.375
99.825
104.0
101.15
92.375
86.8
91.1
85.6
84.9
87.75
86.575
117.225
192.15
242.0
255.175
262.475
277.325
264.225
269.225
262.75
238.425
228.625
229.325
217.575
194.45
132.325
108.6
91.4
92.15
93.65
83.35
85.55
82.95
82.85
102.05
168.0
215.075
236.625
247.75
264.475
262.6
259.1
252.575
250.05
252.95
207.45
190.725
179.0
159.3
99.45
98.1
95.725
102.2
92.3
87.675
91.5
89.2
89.975
91.8
115.575
203.7
231.175
258.925
256.9
266.9
266.875
249.525
254.225
244.65
212.775
199.675
194.35
134.975
112.55
95.225
88.35
88.225
86.6
79.4
81.075
82.875
79.8
81.225
97.75
190.25
218.175
245.625
259.0
266.95
253.8
258.85
238.625
235.55
195.375
184.425
177.6
136.45
101.675
93.3
95.675
92.825
89.25
86.15
83.175
84.575
87.35
86.7
89.0
89.225
118.95
210.125
213.875
222.875
228.95
219.3
214.475
214.825
163.7
155.4
155.4
148.525
140.925
84.725
81.05
81.1
83.2
83.775
84.775
83.025
84.125
80.9
83.1
82.9
82.175
106.95
184.05
209.1
203.475
210.675
212.925
206.675
207.075
212.325
169.875
155.7
131.025
89.925
84.375
84.45
82.75
82.9
84.275
88.1
84.325
83.9
111.0
143.45
156.75
192.975
236.375
252.825
266.375
270.25
264.0
251.925
251.725
252.85
216.55
180.725
176.05
108.975
103.625
100.8
94.625
95.475
90.725
82.675
86.025
84.45
86.425
98.65
160.2
194.975
240.375
266.525
260.75
265.45
265.95
260.45
273.175
255.775
215.575
191.825
184.2
126.425
110.075
106.2
95.075
94.275
87.725
83.6
86.025
83.05
100.475
150.3
164.225
189.4
222.95
230.95
258.45
260.05
267.675
263.8
260.25
259.075
217.875
198.3
165.65
116.325
112.225
104.875
91.775
95.4
87.8
85.775
85.075
86.4
85.95
110.25
166.2
198.675
234.55
254.55
256.025
267.375
263.375
264.825
257.1
253.025
216.625
191.925
121.7
107.3
99.875
101.15
85.525
90.725
78.0
80.375
87.775
76.3
80.75
82.025
162.8
194.825
221.675
251.9
268.5
262.85
257.025
259.2
254.5
252.15
214.8
188.625
138.525
104.45
107.475
106.275
94.025
94.825
93.7
94.175
97.225
92.875
93.275
90.75
92.275
100.925
182.025
219.375
230.175
226.55
236.425
230.0
225.775
220.925
176.85
161.675
148.7
85.225
80.375
82.15
83.45
84.75
85.725
83.8
84.35
81.425
86.775
84.75
84.35
109.475
187.25
208.225
224.9
223.5
222.5
222.8
235.0
220.975
180.05
163.1
142.4
88.7
87.8
91.6
88.75
90.35
85.425
89.775
89.25
90.4
125.45
157.4
154.075
166.925
199.125
225.5
223.8
225.825
224.625
218.4
230.225
225.525
185.675
161.175
156.725
88.875
89.775
88.125
86.45
85.425
86.25
86.975
83.725
84.225
83.925
111.05
177.825
197.85
243.95
254.675
263.45
258.825
269.0
246.175
252.975
247.2
231.125
212.65
191.8
109.275
87.875
87.225
91.175
83.65
88.625
83.95
78.95
81.425
96.175
151.2
170.225
188.725
237.275
257.2
258.0
255.65
258.25
262.325
255.45
255.55
219.725
191.125
152.05
103.6
98.575
102.125
94.7
94.6
84.5
83.35
86.0
84.0
83.675
108.8
158.0
183.025
226.625
243.9
251.15
253.05
243.925
234.425
234.75
236.75
192.125
176.55
117.85
94.95
94.125
92.85
88.5
81.6
75.4
74.825
76.0
77.625
73.8
88.525
166.325
184.65
226.975
245.825
251.275
255.65
247.375
251.175
255.2
263.025
211.025
181.75
119.05
100.225
101.675
89.375
93.575
93.125
87.25
80.65
80.075
82.225
83.125
82.35
89.125
102.7
196.125
205.85
223.75
247.7
245.825
229.6
232.55
223.575
180.1
167.5
158.95
91.4
89.55
88.4
92.025
85.975
87.7
84.3
84.85
86.125
87.8
82.7
87.35
119.125
198.625
199.85
218.75
228.075
224.25
227.5
234.525
226.2
181.95
163.125
141.35
88.575
85.65
86.55
88.3
85.8
85.6
87.45
85.2
88.65
121.925
153.125
171.15
183.075
223.525
253.5
247.425
252.05
259.225
248.275
256.125
251.625
200.275
185.125
172.1
100.8
97.775
98.125
88.65
88.05
81.05
80.975
83.275
77.9
81.45
101.85
165.825
195.75
236.875
241.3
258.275
254.125
268.45
274.425
269.0
257.5
215.975
201.6
183.925
123.35
98.925
98.1
91.7
98.25
83.175
80.1
81.0
79.4
99.175
154.375
177.7
199.625
228.125
246.225
252.7
250.0
244.925
241.45
240.95
240.05
194.825
170.75
146.1
93.85
82.8
77.65
81.55
78.35
82.2
77.725
83.825
80.825
78.85
99.525
150.475
141.875
141.4
148.2
146.1
145.4
147.05
144.95
140.375
150.975
158.7
157.725
98.2
78.3
77.3
78.075
76.525
77.575
73.475
76.35
80.45
74.325
80.725
76.65
147.275
155.925
191.075
212.0
230.75
225.575
227.1
224.175
224.1
219.25
187.225
160.5
102.525
86.35
81.125
81.85
81.55
80.725
83.9
82.75
80.625
78.45
78.2
83.25
81.9
87.5
169.95
210.2
207.9
217.625
222.5
216.725
221.1
223.35
178.4
156.875
149.775
77.8
75.625
80.3
77.675
76.95
77.4
77.775
77.925
78.275
78.75
81.525
79.125
107.6
182.875
201.575
208.9
217.975
220.2
214.1
224.975
218.85
175.4
159.175
135.975
85.5
80.5
79.725
77.9
80.8
79.4
81.1
77.25
81.6
116.225
151.625
163.275
181.5
237.75
246.575
262.15
253.65
240.475
238.175
239.925
253.375
212.5
182.75
175.525
104.625
103.65
103.6
100.325
97.75
98.05
94.275
91.475
92.125
92.525
110.725
167.6
203.15
235.225
250.5
272.075
256.875
253.45
246.725
262.2
255.975
212.45
201.225
187.525
128.3
101.8
103.075
98.85
107.325
99.35
93.975
90.1
91.725
112.0
168.65
173.2
210.075
228.225
245.775
263.475
250.125
249.3
236.775
236.85
257.35
210.425
176.45
156.325
98.825
100.025
103.65
96.25
91.65
94.275
91.2
94.2
87.3
86.725
108.075
165.75
191.75
231.1
248.25
266.6
257.075
265.575
244.475
254.0
242.05
204.425
186.45
143.0
100.6
95.725
99.7
100.85
93.2
92.0
92.825
89.325
92.775
88.175
95.95
161.075
198.1
220.15
247.35
247.55
257.025
245.65
255.975
259.6
256.4
221.85
204.55
160.775
127.425
122.125
120.6
113.0
113.575
109.15
108.55
101.925
102.125
104.1
104.075
103.4
121.4
201.925
226.5
230.525
231.325
220.15
233.425
235.9
229.15
192.55
168.175
159.85
97.3
81.5
82.65
83.625
80.6
83.15
82.1
79.7
78.5
82.1
78.8
85.025
100.35
201.225
204.225
204.775
218.225
218.275
217.95
221.725
236.75
201.5
172.8
153.975
79.65
78.1
77.6
78.7
75.4
78.9
82.425
82.475
82.2
96.7
153.5
155.25
196.9
226.2
261.3
241.975
247.625
241.9
246.225
244.475
251.35
191.5
170.9
168.55
104.325
83.78
82.85
82.025
76.1
69.675
68.675
70.55
68.675
69.3
71.625
159.725
197.825
222.6
255.925
271.4
260.575
249.9
256.55
256.75
249.15
225.2
203.475
186.5
146.225
101.975
111.7
107.475
82.55
74.05
70.9
75.85
73.875
78.85
156.95
158.175
182.85
229.425
253.4
250.85
258.65
243.525
255.6
249.25
240.45
201.85
170.75
166.4
93.225
86.05
92.8
90.3
81.925
78.9
76.725
85.6
74.5
76.85
74.4
161.55
193.25
218.425
237.0
256.0
252.05
238.45
237.275
251.6
248.65
240.275
202.525
165.375
121.375
106.5
86.55
95.8
84.775
76.65
72.75
71.725
84.4
86.2
78.725
143.25
202.525
231.075
248.0
258.675
257.225
257.275
255.925
252.0
253.35
206.475
185.2
142.325
99.8
96.575
107.95
91.35
79.425
80.975
78.1
73.6
71.7
75.625
78.65
90.125
105.8
168.45
210.825
229.525
217.4
216.425
230.025
219.15
217.175
200.55
201.9
189.175
124.825
102.075
90.125
79.125
75.95
77.925
77.2
77.0
77.25
75.525
76.475
78.2
88.675
190.375
201.625
214.9
218.575
219.0
223.25
224.1
231.875
179.575
158.5
150.25
79.425
77.275
76.675
76.625
78.2
76.125
76.05
82.875
81.025
95.65
151.3
168.9
175.65
216.825
239.225
254.475
261.7
253.0
245.1
243.875
243.7
196.75
171.35
178.325
109.4
87.525
82.875
78.05
75.375
75.325
76.325
75.975
78.375
71.525
75.8
160.975
192.475
233.775
254.225
262.425
252.7
252.775
258.4
247.7
245.7
234.675
219.6
200.4
154.475
91.925
94.5
91.475
78.0
78.875
74.25
75.9
82.425
76.5
148.425
150.825
183.2
225.3
237.375
246.4
242.7
236.325
238.05
246.9
252.1
222.15
197.475
189.75
107.425
98.5
106.1
100.425
95.125
96.1
85.25
82.1
86.225
85.8
83.825
169.3
179.0
219.725
239.275
235.925
234.1
242.2
232.65
230.825
240.775
200.35
180.775
138.475
96.85
88.025
88.225
82.375
91.275
78.725
80.1
77.75
75.475
86.3
76.175
146.225
189.975
216.55
253.675
259.25
260.075
265.5
246.05
253.95
255.975
218.925
194.975
150.975
109.55
110.55
100.05
99.325
93.025
96.075
89.475
87.7
86.4
85.15
91.775
94.075
89.575
135.15
204.95
214.6
237.8
236.6
241.575
238.8
230.9
183.6
164.575
160.35
105.85
81.3
79.725
79.475
76.35
81.5
80.025
77.375
83.3
84.325
78.65
85.3
98.8
184.85
205.45
215.075
219.225
235.375
221.325
233.175
224.3
186.025
165.4
158.825
90.375
87.0
85.1
87.3
91.8
91.725
86.45
81.175
76.65
112.25
165.45
172.225
237.0
237.575
268.0
267.625
258.4
254.375
255.9
255.775
251.925
212.65
186.675
183.0
125.875
100.15
100.525
92.35
84.925
80.075
79.75
77.675
83.4
80.725
91.725
168.25
224.15
245.8
264.3
270.175
266.45
263.175
259.225
258.375
253.35
220.35
196.125
183.575
125.85
84.95
86.975
86.625
84.1
80.9
82.2
90.425
91.625
90.1
141.45
184.925
230.2
238.7
250.175
263.825
272.45
270.6
250.35
265.975
253.325
211.5
189.5
178.85
107.775
106.425
107.55
103.725
100.375
99.025
92.075
98.95
97.725
98.575
96.375
173.15
204.975
230.975
249.275
259.3
252.375
245.7
256.675
248.4
248.675
213.075
192.2
146.225
94.275
95.8
93.95
100.575
92.875
83.775
88.4
90.75
88.25
88.875
92.225
154.725
229.0
227.475
247.975
254.225
253.55
254.55
249.75
245.625
236.45
215.425
184.1
142.575
106.3
93.975
93.5
89.9
87.325
74.55
83.325
81.725
86.8
81.825
86.0
84.975
100.7
148.575
203.775
211.625
237.7
221.3
225.325
241.325
226.6
191.325
169.4
170.975
95.325
73.45
81.675
88.95
84.5
83.875
90.55
75.75
81.2
80.075
83.95
90.6
102.925
198.25
220.55
220.75
224.4
235.575
232.975
233.45
230.175
178.275
169.7
152.3
82.4
83.8
73.975
80.325
78.375
84.325
81.675
80.95
75.4
97.975
150.275
154.325
159.575
192.3
224.3
219.425
230.975
220.075
219.4
170.925
158.425
165.1
164.2
162.775
108.85
82.15
78.975
84.75
80.525
85.85
80.25
81.35
78.375
81.175
84.475
161.2
158.625
157.55
165.075
158.4
154.45
156.275
153.325
158.4
155.7
164.25
163.3
158.975
115.0
77.975
80.9
77.675
89.3
83.375
87.35
78.775
83.35
77.175
133.05
165.875
193.85
234.1
238.825
236.55
270.05
260.675
255.125
243.275
252.175
198.625
179.95
170.65
106.4
97.675
104.425
105.0
103.025
103.325
105.275
101.675
109.525
104.75
103.05
182.0
213.475
239.75
251.75
268.725
254.4
247.925
255.075
249.225
245.875
198.65
184.65
131.8
91.875
87.75
85.275
85.35
83.25
88.125
84.275
100.15
94.45
88.75
87.25
146.85
224.55
242.075
245.9
248.9
247.025
254.65
265.725
261.225
255.725
201.9
186.025
131.025
100.825
93.325
90.45
96.35
93.25
89.95
89.575
90.875
91.85
96.775
99.025
102.75
106.825
149.225
210.225
222.975
239.05
242.55
230.625
246.0
238.6
212.525
199.25
196.9
139.875
142.925
128.5
108.25
93.1
86.65
80.1
80.575
86.775
80.075
88.775
94.0
126.45
207.75
227.075
225.125
224.975
224.275
217.0
219.5
224.95
185.875
163.6
164.125
91.175
85.625
86.25
91.425
86.1
84.125
79.875
89.75
87.525
111.525
167.55
175.6
185.025
207.65
219.025
231.875
240.6
240.075
241.625
235.325
