221.66
220.715
215.435
193.5675
191.0525
89.58
95.47
93.67
86.63
179.79
184.3725
200.12
199.065
203.4375
316.34
257.365
322.91
291.7675
318.8925
328.8425
330.215
329.0175
281.5225
246.6475
236.295
219.04
174.13
92.58
94.94
96.57
98.07
99.03
91.41
93.45
177.56
185.72
188.89
226.04
317.73
316.58
318.89
319.59
296.7125
313.0575
319.76
323.175
240.5875
297.95
313.15
290.165
265.88
246.755
226.97
215.8525
200.99
201.1475
297.52
337.1975
322.2475
302.675
317.03
305.19
293.52
286.79
283.11
291.13
310.58
317.42
290.8775
307.55
316.2675
321.6275
326.72
313.885
310.8625
312.98
293.145
273.9925
272.9075
272.9975
327.2075
322.9925
283.925
302.46
299.32
283.39
254.24
250.07
246.22
245.84
262.13
275.47
287.07
280.32
289.17
285.24
305.75
307.18
319.26
302.455
309.9825
319.245
327.6125
330.3225
312.3175
318.94
307.21
287.62
279.06
264.19
250.16
225.55
228.74
236.08
238.58
244.2
246.45
246.89
260.57
272.54
287.41
291.93
302.31
311.06
302.33
309.11
320.77
305.14
313.82
289.99
260.14
244.4
241.73
235.66
228.0
204.12
214.27
206.31
215.95
218.46
228.67
245.46
259.08
269.87
268.5
276.59
298.52
290.03
295.31
283.62
300.05
312.69
311.8
295.92
283.79
266.19
240.34
225.53
196.39
197.55
210.32
200.43
219.43
215.78
221.76
226.86
220.65
206.09
229.37
214.25
208.9
180.88
167.68
176.15
165.04
163.31
183.99
229.63
211.47
209.59
200.28
195.51
196.77
209.52
203.83
176.17
182.31
197.93
217.05
196.35
201.64
226.02
216.87
215.35
225.28
218.86
256.69
267.72
265.95
250.78
253.62
257.33
229.5
195.44
182.92
184.7
220.26
206.39
211.63
213.87
214.9
225.02
214.36
216.22
217.69
207.19
224.2
199.6
185.91
194.29
201.88
182.03
207.05
220.52
253.98
249.46
233.98
222.01
219.76
210.98
200.86
199.6
188.7
153.65
153.05
145.9
199.47
222.15
228.9
249.25
244.1
246.33
257.08
253.38
254.51
255.32
257.64
261.94
258.11
243.51
231.34
208.88
201.3
183.16
172.9
156.74
147.63
149.06
152.21
158.81
167.45
172.24
168.79
181.64
186.09
200.49
200.35
204.63
205.49
218.24
217.26
222.28
223.66
236.53
246.3
230.56
216.54
204.6
188.45
196.9
185.39
167.54
168.12
173.47
181.73
191.14
206.63
215.85
240.9
241.5
248.39
252.85
258.62
266.52
261.17
275.82
271.61
260.68
243.88
242.6
243.85
257.53
255.83
238.52
224.1
229.4
235.91
246.55
259.23
255.14
278.94
296.98
307.51
295.5
312.23
281.91
295.2525
287.865
292.57
301.065
289.9
269.1775
284.36
262.46
231.81
186.7
204.915
207.1025
208.33
210.335
212.9975
229.54
229.3775
230.5
239.325
242.51
236.49
230.16
228.05
241.71
244.9075
250.475
244.825
253.34
222.575
230.095
214.455
200.7925
193.25
190.945
187.9
202.39
203.6625
182.84
180.14
190.7475
203.7225
187.7125
202.43
211.715
219.9675
229.55
223.6225
212.145
235.46
237.93
253.2325
273.32
243.7
229.76
168.53
153.63
150.14
150.68
138.49
144.2
167.43
201.89
208.05
229.78
216.42
235.93
248.49
243.84
259.55
272.22
283.42
307.75
286.6425
312.78
296.345
298.3125
270.06
309.12
283.15
259.01
245.92
223.53
204.18
180.59
143.6
131.81
188.28
242.17
242.7
236.95
265.32
268.67
280.66
283.2
297.4
319.06
316.14
318.92
277.9125
277.8775
320.99
299.16
265.98
246.03
216.81
212.18
190.72
181.53
163.34
154.71
176.79
185.68
205.11
217.64
231.07
242.87
248.59
268.68
272.75
281.13
307.39
316.37
318.56
318.09
318.1
299.34
259.78
236.42
229.59
220.35
203.45
191.81
163.35
156.22
170.92
184.9
205.77
233.24
252.96
263.03
275.04
281.88
290.72
313.73
315.0
312.26
279.965
317.95
309.3
301.58
251.51
235.79
228.84
221.52
204.04
182.86
181.15
207.59
229.39
242.08
227.12
202.26
185.22
191.5
184.76
191.1
190.1
199.06
216.98
213.96
216.96
212.41
206.32
203.38
187.14
197.73
202.88
191.35
226.0
230.05
219.49
207.97
228.05
233.08
207.2
186.35
191.24
191.38
201.69
214.36
226.4
236.48
242.33
246.65
244.94
263.43
258.98
242.66
223.07
203.45
209.1
219.7
218.19
245.27
229.95
218.01
240.11
244.37
256.32
272.03
293.88
302.18
309.85
312.78
308.69
277.61
289.4075
296.995
299.2125
306.4725
283.6125
261.9675
297.77
280.93
255.19
241.21
238.67
243.78
227.44
241.05
218.31
227.96
228.64
230.35
243.85
258.58
263.99
262.57
264.89
281.38
291.45
281.95
297.33
305.77
259.8
231.28
204.96
209.82
210.27
234.37
212.69
211.6
205.36
204.54
217.88
224.43
216.92
206.62
213.98
197.98
217.63
209.69
223.48
237.18
255.95
264.8
277.56
270.88
253.53
239.0
224.16
200.38
207.0
195.99
176.9
177.85
162.68
162.67
160.11
178.16
195.35
219.44
243.68
262.56
268.83
276.51
280.65
291.65
289.24
295.06
313.31
321.44
298.08
303.16
298.85
272.04
249.14
217.09
207.99
205.18
172.18
203.75
199.33
221.11
220.65
185.6
180.1
188.36
189.98
184.53
187.92
191.46
201.55
204.71
201.36
210.07
200.73
211.03
198.74
184.98
197.94
224.05
228.05
244.56
241.2
222.58
222.8
209.15
201.27
208.01
204.17
211.38
205.27
218.93
239.63
235.23
252.68
247.62
263.31
254.48
227.09
216.13
201.16
189.77
203.54
200.54
210.1
221.67
231.84
231.18
230.09
226.89
226.87
229.34
205.15
204.64
208.51
210.83
223.22
234.81
232.3
234.07
231.19
228.42
228.22
231.74
183.46
186.72
185.29
171.52
166.19
169.79
157.09
147.09
154.17
180.33
179.97
196.17
203.46
204.29
205.79
210.51
208.15
221.41
215.64
225.88
227.94
228.81
231.33
245.6
190.3
122.25
134.85
150.18
179.71
165.57
181.14
172.98
184.04
186.83
180.64
184.3
176.85
180.44
198.35
195.61
190.85
191.37
189.71
191.39
198.46
185.06
186.57
186.09
187.15
178.21
170.3
169.99
168.62
167.54
166.29
163.09
183.73
189.05
198.05
194.39
193.17
200.46
208.67
212.6
226.14
230.98
230.33
228.68
229.49
221.09
216.61
220.53
208.89
185.1
203.22
210.4
188.01
182.74
169.23
163.94
159.52
164.69
179.68
182.4
180.02
195.1
196.32
208.51
221.41
227.12
233.48
245.48
229.79
230.35
219.14
209.92
196.44
185.13
177.21
167.89
155.91
164.58
163.46
148.92
157.77
153.07
159.64
149.6
146.52
160.37
162.26
167.5
177.29
183.45
183.75
204.16
204.7
220.36
211.15
236.51
218.42
194.1
193.85
195.04
188.77
193.09
205.7
171.47
194.59
181.31
181.93
191.78
200.2
209.5
215.71
199.33
214.16
233.82
246.25
251.92
257.0
251.76
242.84
234.06
215.68
201.11
173.55
177.57
171.74
168.79
178.74
149.44
156.01
163.1
165.37
155.39
184.39
193.76
210.44
211.4
232.69
251.89
241.52
242.56
193.96
216.31
215.33
220.72
215.98
180.95
167.8
183.38
179.59
179.35
176.18
170.79
173.82
167.29
149.31
148.99
159.48
169.39
179.9
202.47
203.42
219.33
231.11
214.77
225.97
211.8
185.76
230.99
180.96
188.64
166.85
161.65
157.65
159.2
148.16
141.55
136.17
147.0
144.95
147.62
142.84
153.87
157.78
174.98
176.75
205.97
195.66
196.9
205.62
208.74
207.67
189.22
166.53
154.96
147.45
148.58
143.74
149.51
143.82
137.29
150.06
152.35
144.71
154.72
156.83
167.99
173.39
179.44
181.18
197.97
207.69
212.13
215.2
215.86
204.22
178.85
164.39
156.44
152.52
135.85
150.27
144.31
146.43
140.99
153.95
148.92
146.67
151.34
152.79
164.27
172.01
172.32
194.57
203.89
203.98
210.8
214.95
209.51
203.13
203.95
209.31
196.87
172.73
169.67
164.66
176.19
181.87
157.23
154.47
152.68
153.32
157.82
162.54
162.84
190.51
209.76
212.58
225.34
239.7
248.23
255.88
246.56
240.78
225.31
175.25
192.72
184.53
180.02
172.56
181.4
177.64
161.67
157.21
161.45
155.98
153.89
151.77
154.79
160.15
160.01
169.42
194.54
200.64
201.48
210.42
200.69
194.3
192.88
185.27
168.38
190.75
165.5
163.75
175.88
186.29
163.87
157.89
164.3
164.46
152.73
149.39
161.03
168.84
166.37
170.22
166.74
178.47
166.28
168.31
180.55
179.82
200.61
182.24
175.23
184.57
183.53
162.52
170.81
165.4
147.47
139.32
150.12
148.81
153.94
156.08
160.47
163.69
186.05
182.33
177.72
184.56
185.03
194.43
201.91
190.61
195.79
188.39
171.51
169.01
156.3
163.56
160.22
153.31
146.91
142.75
145.02
141.48
150.8
146.81
149.2
161.45
175.81
186.29
182.61
185.68
174.05
185.39
185.72
184.43
166.05
155.15
155.73
145.12
139.29
143.51
135.56
129.64
127.23
136.66
138.82
140.56
140.82
139.35
138.07
143.49
129.93
128.3
131.84
140.01
169.91
163.75
156.72
143.36
152.34
143.31
141.53
132.16
135.52
127.75
127.29
131.69
131.67
134.54
138.49
142.13
151.78
153.89
163.07
163.68
163.86
175.88
196.07
193.32
205.67
201.49
206.13
191.86
201.72
184.29
175.86
180.99
175.68
171.89
174.54
175.71
163.61
160.97
153.75
151.02
156.84
171.7
173.72
177.7
177.38
170.66
182.29
198.1
195.48
220.38
231.81
233.91
246.0
222.53
212.05
210.21
202.28
205.77
209.59
207.5
199.07
204.16
203.42
200.87
196.54
200.22
212.79
217.5
237.84
245.28
258.87
251.97
262.25
264.9
277.61
260.17
260.74
234.63
225.89
202.74
198.14
197.24
191.83
197.09
184.27
192.77
192.0
192.29
175.78
182.15
186.25
185.7
208.26
233.31
224.47
223.36
239.48
241.95
241.34
239.52
239.0
223.29
211.01
193.3
202.21
175.66
185.53
183.11
169.57
164.72
165.51
152.24
154.41
159.86
168.7
176.54
204.82
236.65
225.93
217.12
224.04
228.27
229.21
219.77
206.39
215.81
194.89
185.63
193.59
180.37
178.22
173.85
172.5
169.54
175.32
178.0
174.9
160.41
170.69
170.36
189.44
190.3
196.52
203.6
194.0
222.59
221.54
205.92
181.29
159.89
155.76
163.96
166.51
155.01
146.65
142.7
136.76
149.44
160.25
158.32
156.67
153.12
150.44
148.54
154.87
149.29
151.35
153.59
163.15
179.01
172.15
185.37
167.08
167.93
153.64
153.21
149.84
143.06
139.93
143.0
151.75
159.5
169.89
161.87
164.14
163.04
176.61
187.86
194.29
193.71
197.69
188.2
180.9
189.35
178.93
185.55
219.15
205.42
188.74
180.29
170.38
180.21
180.5
188.5
164.2
166.32
175.91
165.2
174.1
182.56
186.54
196.29
190.66
193.24
200.78
225.85
239.77
253.01
238.65
250.03
245.81
233.02
217.92
216.25
212.49
210.63
201.03
194.97
190.95
194.03
197.09
202.68
220.13
224.66
240.49
246.57
252.44
259.08
262.67
262.56
280.57
295.46
286.95
268.59
241.66
224.77
213.97
208.83
180.1
178.33
178.54
183.67
175.16
180.5
195.68
188.65
187.01
190.09
210.2
232.86
231.76
239.78
237.05
244.81
246.01
265.72
249.07
249.25
220.99
220.22
219.6
184.27
189.29
178.24
186.32
181.06
177.29
182.11
182.04
181.54
183.99
186.46
217.48
230.13
224.73
248.4
245.9
253.8
265.4
269.87
267.13
256.25
237.38
200.21
193.78
184.33
171.44
158.76
160.5
154.59
162.03
160.6
165.6
163.39
168.46
168.02
175.15
172.58
165.5
168.6
181.78
190.95
190.05
191.36
192.81
182.07
179.8
173.37
159.14
167.68
165.6
151.29
149.61
154.62
165.82
162.63
178.26
165.4
170.68
175.38
176.85
173.18
189.46
195.38
207.27
206.78
209.44
209.11
204.77
202.55
179.1
161.14
150.6
156.3
141.34
149.53
151.48
146.41
144.88
156.7
154.96
164.18
172.22
170.16
169.97
173.5
164.91
171.58
181.19
178.76
175.52
180.8
177.04
173.64
183.96
196.1
242.9
270.49
269.21
277.75
281.09
281.65
285.89
273.81
299.34
306.32
289.41
299.91
295.23
297.54
318.38
317.96
249.4175
256.0225
319.09
278.21
290.5925
312.9
284.51
246.34
235.11
227.02
225.47
233.19
225.84
212.5
202.0
218.79
233.1
236.06
231.11
236.08
240.69
253.1
247.0
266.81
281.2
270.9
289.06
297.77
293.84
275.16
251.63
232.65
223.8
210.32
197.22
201.62
201.13
194.01
191.68
198.03
199.01
198.17
208.55
211.24
216.1
220.73
233.62
244.81
263.67
272.44
276.12
276.36
269.49
248.35
234.2
226.22
224.81
204.21
203.15
193.18
197.97
193.12
172.23
176.01
186.26
194.79
195.48
191.73
202.05
197.29
204.19
214.28
224.47
229.72
227.44
249.18
247.46
224.97
217.55
201.7
196.49
180.64
177.85
165.83
158.83
168.39
154.83
156.57
172.13
172.41
166.35
164.46
165.63
169.91
185.34
198.56
193.74
195.12
199.22
198.38
197.9
181.01
164.26
156.03
144.31
163.86
141.06
149.06
140.15
128.95
135.25
135.7
143.08
145.96
146.76
147.77
151.07
146.82
155.79
167.03
167.58
163.7
177.52
184.01
178.95
180.84
171.76
168.07
156.72
158.85
154.93
154.4
151.35
145.46
145.23
153.3
154.95
157.73
158.92
159.96
162.66
170.87
178.67
181.24
188.14
199.21
210.86
216.46
220.41
198.68
190.09
182.8
189.14
178.34
176.17
175.57
171.66
168.16
157.7
159.49
165.94
171.94
164.18
171.34
168.63
169.6
179.39
189.81
191.2
204.27
213.58
214.13
208.91
196.11
185.76
198.65
183.54
187.75
178.11
189.1
170.51
173.03
169.79
175.89
177.37
183.22
183.02
181.63
187.71
192.92
190.04
206.84
226.81
247.21
261.97
261.49
256.46
231.72
225.05
202.68
207.92
198.58
198.72
192.77
183.94
166.35
160.44
162.49
176.76
176.91
169.15
174.89
180.43
179.38
167.63
167.65
158.24
154.75
168.32
183.33
172.33
175.14
175.24
177.4
175.97
168.56
158.01
161.29
156.95
153.21
156.46
157.82
158.06
165.97
160.3
169.8
173.47
182.29
178.97
173.08
187.44
180.91
184.78
185.51
192.21
176.49
185.18
163.62
174.55
158.9
161.24
160.96
160.55
156.88
152.83
157.89
162.42
166.91
163.22
163.75
169.57
168.59
169.93
176.5
177.08
184.41
180.52
177.74
178.89
179.89
159.09
162.34
156.4
156.48
153.28
155.66
150.76
149.94
148.53
152.37
154.64
156.86
162.25
163.81
173.07
166.75
179.51
176.37
183.06
177.01
184.21
186.02
179.92
169.42
171.13
152.08
153.29
147.29
145.29
145.83
139.72
143.79
140.17
145.52
152.93
154.3
156.7
160.35
167.43
164.5
168.49
173.19
174.28
178.61
175.39
179.91
179.33
164.77
175.59
185.16
182.54
169.38
170.34
159.78
172.98
164.33
148.87
150.92
153.7
151.2
157.27
152.88
158.78
160.14
167.44
168.41
167.98
172.07
173.29
177.51
165.21
163.23
198.93
216.58
182.1325
181.725
194.0
183.88
194.31
194.79
176.45
169.04
182.04
173.3
163.82
177.88
175.79
162.29
164.38
170.04
165.88
166.92
165.26
170.03
177.78
177.8
197.11
192.08
190.45
172.54
178.14
165.08
168.25
177.03
172.16
169.86
183.36
169.94
174.65
174.13
182.96
180.7
174.02
181.23
175.76
177.54
171.3
180.37
188.92
203.83
228.89
215.17
212.02
199.77
194.3
190.58
190.77
195.57
179.23
183.95
184.8
185.93
191.05
178.5
192.32
192.98
187.46
193.9
207.06
194.29
213.76
197.34
206.59
200.37
218.08
197.27
202.95
219.03
187.91
181.07
175.71
169.38
174.71
173.11
179.78
183.66
184.24
191.68
193.53
184.57
191.05
181.02
196.73
201.4
198.88
201.81
191.77
208.55
183.39
177.12
174.66
178.38
173.02
161.92
160.16
158.52
159.37
157.57
162.05
174.78
173.71
179.29
170.8
182.47
185.73
193.9
195.24
201.36
205.99
215.26
203.36
198.0
174.42
157.27
164.63
170.21
162.2
154.61
152.63
152.03
146.77
148.43
161.25
161.5
163.82
163.61
169.17
169.61
173.47
170.38
185.88
183.36
191.74
192.53
178.31
183.79
185.12
198.85
183.02
172.31
170.85
181.59
177.52
173.61
173.44
167.51
163.63
160.07
163.09
166.59
169.51
170.6
178.0
189.26
202.3
202.49
205.66
225.2
212.91
213.5
228.04
195.87
190.68
212.9
189.2
190.11
178.74
187.78
161.79
176.74
181.81
172.33
170.71
177.73
175.01
178.75
175.5
182.36
184.68
190.17
199.73
194.34
197.53
193.33
199.15
213.97
197.93
183.78
188.91
180.09
180.37
181.7
162.71
160.92
157.99
156.63
158.93
157.4
164.6
166.57
169.15
173.35
177.55
178.94
184.91
181.85
180.27
180.88
191.89
182.58
172.09
171.21
175.85
167.27
178.38
173.52
153.1
145.88
149.01
144.96
161.53
154.35
154.2
167.14
162.87
170.93
175.61
177.26
180.01
191.68
174.06
176.48
180.79
177.21
182.59
175.4
180.97
172.3
161.76
146.44
153.03
136.31
152.17
147.04
149.63
153.72
157.86
161.36
162.44
167.8
168.77
180.26
179.58
177.92
175.74
161.44
158.53
156.99
155.03
147.09
144.21
144.99
141.43
136.48
136.96
135.56
144.73
145.39
147.08
152.96
151.31
159.7
160.54
166.53
165.95
165.62
170.04
177.66
160.89
156.96
140.65
153.7
142.65
141.28
136.84
138.71
136.13
138.93
135.51
137.37
144.1
148.44
147.91
144.57
150.75
150.84
160.24
162.55
162.46
161.67
167.86
160.16
164.02
160.04
178.85
170.42
165.97
160.8
169.15
164.79
164.79
173.84
169.55
169.3
162.43
151.95
161.57
155.82
162.31
156.32
164.25
168.09
171.2
163.37
170.76
163.03
174.09
161.39
181.39
170.27
185.28
176.11
180.89
184.56
179.09
184.11
174.27
158.29
174.82
158.61
156.84
153.95
159.33
152.9
160.8
165.65
169.97
158.96
168.05
165.27
164.44
156.75
174.45
194.72
184.15
178.51
161.94
157.85
170.49
165.12
149.99
162.04
160.16
168.11
171.64
171.86
167.27
175.63
177.01
179.84
182.92
190.54
196.64
196.49
185.69
199.08
188.67
219.04
181.66
186.28
190.56
183.16
177.41
185.01
180.43
164.72
178.98
173.13
177.77
178.51
181.83
182.14
194.31
195.7
208.01
207.15
229.39
217.5
214.82
197.49
205.96
200.25
186.61
175.85
175.13
181.55
169.25
153.18
159.39
147.42
169.69
171.56
180.2
173.8
167.29
156.48
161.37
168.85
165.71
170.83
174.8
178.65
178.65
160.61
155.84
164.16
154.11
151.49
147.76
149.52
145.23
144.73
146.27
142.44
154.76
155.36
158.85
158.44
158.15
160.17
168.71
166.96
173.33
171.18
171.75
175.97
163.43
158.34
156.57
160.19
147.91
148.38
153.19
148.85
147.54
142.2
142.6
142.2
151.28
158.13
159.17
164.62
165.7
171.45
172.13
178.24
174.14
179.11
186.23
194.69
206.66
186.84
186.62
159.9
179.36
163.44
161.8
159.86
166.14
163.05
152.72
147.53
155.76
162.79
169.14
173.03
156.33
156.87
153.15
174.02
169.18
175.86
180.42
201.92
214.24
199.76
190.31
180.93
181.16
171.23
168.51
178.43
170.84
188.37
169.96
168.87
166.92
179.77
184.93
198.6
176.95
161.27
162.36
168.62
174.94
182.22
188.77
217.04
214.47
197.99
183.4
200.29
191.23
191.48
198.29
191.34
187.01
184.65
173.97
177.36
188.68
201.04
206.5
217.97
185.63
179.04
184.94
192.56
214.65
214.84
219.22
290.9
309.0
250.72
229.25
222.78
217.39
200.91
193.57
188.82
197.83
182.24
163.73
152.64
165.85
172.81
170.45
175.39
152.49
160.01
158.31
174.87
184.35
185.7
185.87
223.32
235.74
214.73
168.32
171.99
159.13
146.41
146.35
146.76
147.29
125.83
123.04
133.5
134.17
136.28
142.98
158.47
144.88
138.67
145.21
163.79
175.34
169.35
173.8
163.32
158.35
126.09
111.74
131.42
123.72
131.13
124.98
121.42
123.38
119.73
122.44
120.9
131.72
131.7
133.55
136.96
136.14
129.35
134.71
142.64
148.99
144.55
144.54
139.71
134.05
120.94
110.89
128.5
121.17
127.68
120.12
122.47
121.23
115.76
120.45
116.53
130.82
130.64
130.81
136.46
132.58
137.18
141.62
145.81
143.85
143.44
150.68
170.15
167.96
144.77
159.66
198.01
225.56
195.53
192.52
182.41
196.48
198.4
186.31
191.68
197.92
189.55
179.4
189.16
186.77
194.52
175.7
186.84
190.13
186.36
178.07
182.24
193.96
183.26
191.54
179.9
183.95
183.86
201.78
192.65
197.78
197.11
180.26
170.19
187.52
181.85
170.93
191.36
173.48
171.05
170.96
173.17
192.77
176.64
177.61
180.42
188.42
185.45
200.47
193.02
180.6
194.8
178.52
169.52
176.63
182.04
165.38
185.64
180.82
192.59
183.96
186.72
188.27
177.01
174.21
173.56
174.9
177.22
193.57
194.74
212.87
197.87
217.34
222.35
242.93
215.75
218.63
220.28
223.46
200.09
197.64
198.02
194.4
193.75
197.78
200.2
204.54
202.97
195.78
212.76
209.6
209.14
217.56
226.96
257.98
202.95
216.93
228.16
218.36
212.1
205.54
193.97
188.83
195.57
187.29
175.09
173.59
182.66
187.85
205.22
197.08
182.0
185.42
194.58
180.64
185.52
201.9
185.63
178.19
158.0
163.9
160.46
156.4
154.57
154.58
151.06
147.51
155.42
148.1
154.19
165.94
171.45
167.57
171.31
176.39
176.07
174.3
181.71
182.31
176.22
186.06
172.07
167.97
164.11
161.49
154.25
157.11
147.28
155.58
148.56
148.94
147.26
147.0
149.81
158.48
165.1
170.6
171.08
175.89
170.32
177.09
173.56
177.64
179.34
178.03
181.85
181.65
176.65
177.86
172.43
165.59
151.66
150.03
154.53
157.86
153.31
142.06
138.76
147.8
145.26
144.82
150.31
145.2
136.98
144.65
146.68
146.42
140.49
145.34
159.21
153.88
141.45
160.68
157.45
156.82
151.25
161.83
165.23
173.03
158.6
154.78
147.86
151.71
156.64
150.73
161.27
150.2
139.33
144.59
144.08
144.81
150.17
158.75
154.33
155.34
132.61
148.28
163.84
161.35
148.82
175.0
157.03
170.68
159.33
144.17
148.89
151.33
159.33
160.49
157.62
163.57
157.48
160.54
154.29
157.02
162.63
168.08
175.97
167.44
139.17
167.79
156.22
163.44
174.2
166.42
171.14
169.8
163.97
152.34
148.89
153.3
154.8
155.3
161.94
154.73
158.38
162.09
159.12
159.11
153.79
167.06
172.86
171.53
144.71
139.49
153.55
168.33
174.83
158.25
166.06
157.79
150.65
147.57
150.84
157.54
164.46
176.59
178.16
166.01
154.26
159.44
165.56
171.63
179.83
181.18
175.21
161.02
153.08
164.63
158.5925
155.715
153.1925
151.51
148.0125
146.1975
146.4275
147.88
150.3875
156.5925
162.99
165.365
165.8975
187.0025
202.44
202.355
201.975
202.4325
198.53
208.7725
202.565
195.5125
184.5375
175.035
166.8375
162.55
147.6
145.73
147.38
148.58
148.36
151.26
154.0
158.99
161.89
168.8
177.07
171.55
173.8
173.14
183.3
184.28
189.7
202.39
236.64
234.17
196.05
192.89
207.9
192.9
173.92
163.34
169.91
164.85
164.84
156.25
142.48
160.67
153.29
160.49
161.18
157.3
152.23
151.31
148.2
155.34
153.52
148.32
155.81
155.08
155.47
161.29
154.71
152.81
151.23
148.24
151.39
174.89
154.22
141.54
131.52
141.11
149.12
153.26
157.48
142.6
139.85
140.53
143.42
140.41
145.62
143.28
145.09
140.65
144.96
159.74
154.34
163.06
153.06
154.13
162.11
159.91
151.14
144.75
148.48
157.26
160.19
150.6
159.75
156.45
144.53
159.92
154.67
157.09
157.85
151.42
151.73
149.54
145.83
160.33
161.91
162.36
122.51
153.53
121.79
164.7
171.14
160.65
151.66
156.31
150.58
154.81
153.59
143.64
142.26
149.61
142.83
151.03
155.11
159.33
147.4
145.58
150.81
157.95
158.22
158.44
155.81
114.3
114.58
149.18
148.25
143.02
149.46
151.33
119.88
117.26
165.37
148.77
156.01
159.44
165.56
171.63
179.83
181.18
175.21
161.02
153.08
164.63
135.08
128.89
123.14
121.08
125.69
123.97
121.28
124.85
120.12
130.51
134.94
136.23
134.24
135.23
134.07
139.19
141.92
139.35
136.99
140.29
129.75
134.69
132.13
130.22
124.55
123.01
124.54
121.58
124.58
123.51
121.63
120.77
123.17
130.71
131.84
135.24
134.02
139.57
137.97
131.8
134.37
138.98
138.72
140.79
155.54
158.03
166.95
162.3
160.76
156.21
159.11
157.74
161.03
177.99
157.32
162.49
167.76
172.84
182.97
168.89
186.92
183.03
174.06
165.77
167.67
165.07
173.92
171.07
180.98
165.5
187.92
192.57
199.99
197.76
191.8
185.61
174.33
167.32
170.43
158.09
171.21
178.57
184.57
171.51
179.2
170.95
171.17
164.8
171.34
165.99
169.85
158.91
182.13
167.41
171.02
173.45
177.24
167.73
167.25
162.6
163.71
160.21
159.27
158.66
158.54
167.6
175.44
178.8
184.97
167.77
167.6
173.13
181.91
178.63
171.01
171.22
176.17
195.92
179.85
175.11
172.29
172.84
167.11
177.88
168.64
170.43
161.72
161.16
160.32
162.33
174.34
180.78
182.97
179.13
167.31
167.87
165.09
176.54
172.28
161.8
179.28
175.27
171.29
180.81
176.25
179.11
182.56
173.35
172.48
167.01
168.33
170.91
179.19
190.09
194.48
193.68
207.33
182.66
178.95
176.87
175.6
185.95
196.69
200.7
190.38
177.38
167.2
157.68
144.23
169.26
151.83
158.6
155.49
149.52
152.38
151.22
153.53
156.82
170.01
164.39
167.74
172.81
174.65
177.4
176.53
178.83
186.2
189.03
180.7
168.07
143.68
152.27
150.97
150.58
137.06
142.0
135.84
136.4
135.2
132.25
131.9
140.18
147.83
155.06
158.95
149.72
151.1
153.28
153.25
158.66
164.12
165.33
171.62
175.25
168.88
159.91
169.18
165.48
162.92
154.58
149.44
153.04
150.9
146.59
135.68
147.99
146.74
160.49
161.46
161.11
164.88
161.48
162.97
165.65
156.63
157.74
170.93
168.88
156.05
152.82
77.05
104.6
121.3
124.23
116.47
156.65
148.76
149.79
143.34
151.83
157.74
166.0
161.22
154.66
143.16
139.09
150.12
151.77
170.02
157.06
150.74
149.62
149.25
162.55
163.65
164.58
160.31
154.72
154.1
149.15
141.76
134.01
139.7
146.13
155.17
153.35
152.98
157.14
155.83
163.88
150.39
137.61
143.42
139.24
146.13
147.42
150.94
149.84
163.72
162.02
141.07
132.4
126.81
157.41
153.38
158.02
160.09
167.18
180.11
179.78
167.02
158.21
160.81
168.18
160.71
168.64
169.09
159.44
159.98
173.73
171.7
179.23
167.61
160.7
165.84
167.29
163.3
160.94
169.97
167.48
168.81
178.69
199.61
217.63
198.04
190.93
208.29
211.82
192.2
210.89
206.83
202.28
196.34
192.05
187.37
167.45
176.68
161.49
153.61
167.16
156.32
166.58
161.37
156.97
156.96
170.0
174.4
175.62
176.88
176.03
173.2
178.76
178.71
178.13
185.09
179.49
169.16
169.86
166.99
162.25
159.22
157.33
157.75
157.06
153.6
150.89
151.4
153.72
148.1
156.29
163.5
169.41
163.03
163.25
164.11
169.0
168.3
170.08
168.27
171.75
183.72
185.82
183.16
193.11
201.09
188.03
184.35
175.22
164.34
174.0
177.7
152.45
154.82
165.81
178.4
179.71
185.13
166.53
164.65
179.59
178.98
171.85
169.95
171.79
185.72
188.18
189.99
169.69
180.62
163.18
166.25
169.13
163.88
165.81
161.31
146.38
154.17
158.63
169.08
166.66
172.79
163.59
150.95
169.12
174.19
157.63
158.92
158.63
162.5
166.15
187.11
183.7
180.08
175.82
168.19
161.32
164.24
172.16
154.97
148.31
149.72
155.59
161.78
167.92
167.88
161.37
147.44
156.44
162.15
155.97
167.23
144.48
167.17
166.11
157.42
164.11
153.48
162.33
160.75
164.14
154.19
160.83
149.36
146.12
147.26
162.0
167.16
171.04
172.89
177.28
167.59
171.87
163.53
155.71
155.67
153.67
167.11
172.92
183.44
183.07
179.14
161.28
162.7
158.82
168.74
160.56
152.19
155.11
154.16
155.23
173.47
179.9
200.24
188.07
164.4
159.62
156.55
165.46
177.1
185.4
167.2
167.55
134.81
136.54
137.48
142.45
138.32
138.02
138.13
138.31
132.47
134.55
137.6
148.31
157.27
159.52
154.16
157.21
159.29
154.16
163.67
171.03
173.91
160.99
164.13
144.04
156.4
140.99
141.98
137.79
136.51
132.1
132.77
134.33
133.81
135.59
129.58
139.73
150.35
151.11
154.05
167.12
160.01
163.18
155.83
162.07
157.18
160.7
173.61
179.28
155.56
155.14
147.55
148.82
155.19
149.04
143.99
144.52
142.9
141.02
143.84
151.82
164.65
164.87
162.0
158.46
154.45
154.49
166.25
166.47
160.68
149.36
156.55
154.62
158.44
167.12
167.36
156.08
155.53
154.32
159.05
148.87
150.41
146.74
144.46
147.81
159.08
158.53
167.75
155.93
155.06
151.67
152.39
160.63
162.46
149.14
156.16
153.84
154.76
169.06
158.6
153.94
170.08
159.63
152.64
156.89
147.69
143.54
138.02
149.88
155.83
161.11
157.47
160.49
146.01
154.04
145.35
156.59
160.42
158.69
152.26
154.69
153.7
163.84
156.7
162.94
157.42
153.49
154.87
149.68
149.79
145.44
145.6
146.73
157.66
166.65
169.11
153.76
145.37
149.39
156.39
160.73
151.03
164.49
158.56
148.51
147.55
155.59
153.88
156.07
147.35
150.66
149.19
150.12
144.69
143.69
143.48
143.4
153.72
161.9
163.02
147.22
146.51
149.41
153.72
156.06
155.78
161.31
141.44
133.16
133.78
138.72
136.89
133.99
132.99
134.26
128.51
131.7
128.03
128.81
125.29
133.3
140.16
142.43
136.11
142.19
144.39
143.48
141.15
142.97
148.6
147.0
149.99
134.06
130.93
130.49
129.66
131.68
128.11
127.35
126.69
127.3
128.63
125.5
125.98
130.11
140.15
140.89
139.88
141.45
145.75
144.06
144.03
146.82
147.56
144.17
158.48
156.08
140.57
158.25
153.99
157.79
154.2
154.83
149.7
152.83
146.54
143.9
138.36
140.44
152.47
156.64
156.54
145.88
149.37
149.07
161.23
151.44
145.33
146.24
144.94
143.81
138.19
160.86
161.84
163.15
150.16
148.0
147.45
148.61
147.61
145.34
140.98
147.5
160.94
157.95
166.1
159.62
151.1
148.95
147.1
156.74
152.23
159.22
152.3
150.04
141.95
162.1
165.95
162.02
154.93
158.96
171.92
153.06
150.62
146.39
138.59
145.57
154.22
156.63
162.21
149.84
152.63
147.9
153.85
151.27
162.07
168.14
161.8
149.75
146.13
159.87
156.79
163.36
151.65
157.76
153.08
156.1
152.42
152.57
141.31
140.56
149.8
158.16
152.98
150.63
149.8
146.95
146.35
143.53
144.36
136.36
136.57
142.73
148.95
152.63
149.32
164.93
165.85
148.6
146.78
160.18
164.97
176.32
165.75
180.73
203.6
193.26
179.45
172.77
177.53
185.31
179.39
169.86
169.31
169.89
175.64
171.09
162.64
151.92
163.59
169.81
163.5
158.89
158.24
157.25
156.79
162.38
167.4
167.3
178.78
174.32
170.72
169.5
176.96
177.58
170.94
170.92
172.73
190.69
170.04
166.78
156.89
169.02
173.91
159.29
161.12
151.79
151.51
156.1
155.53
157.77
162.85
147.59
165.69
166.52
179.84
178.6
172.34
173.46
174.28
167.76
187.61
177.32
166.1
168.76
170.5
200.4
190.35
175.15
176.74
180.63
181.88
181.54
183.42
157.01
148.7
151.01
158.94
163.92
163.92
160.19
166.59
163.51
152.94
147.25
150.3
148.1
149.62
145.67
156.74
167.66
169.81
155.02
162.55
168.09
171.3
165.39
158.09
161.19
144.05
152.32
160.92
161.86
167.18
169.85
162.66
168.46
171.97
156.94
156.59
149.96
157.76
164.05
159.36
164.25
174.76
172.75
173.47
172.1
169.83
158.25
158.91
154.24
152.61
149.48
160.8
160.09
168.84
165.95
160.16
181.65
166.71
160.37
160.02
156.4
149.63
157.29
168.71
175.26
167.27
173.35
159.61
159.0
160.59
159.2
157.19
149.93
151.1
153.93
168.64
169.99
170.93
168.93
178.91
191.05
162.31
165.7
160.26
165.58
169.45
178.84
158.92
162.74
166.33
162.32
166.16
150.55
157.75
155.1
153.14
156.13
147.97
151.95
156.34
157.94
161.91
158.13
155.94
165.07
169.37
166.2
167.76
160.21
150.48
150.46
154.39
146.4
143.73
140.46
138.44
134.78
135.74
135.15
133.15
135.8
135.26
137.16
145.2
147.49
148.36
148.27
148.99
151.27
154.74
152.06
162.39
162.15
160.91
147.57
141.11
142.66
142.01
134.55
137.56
139.8
139.33
137.5
143.75
141.47
136.43
139.92
148.4
148.28
148.27
147.6
154.02
153.96
151.75
152.78
154.11
155.03
170.34
175.57
158.24
178.9
176.51
185.65
177.02
166.72
179.47
177.47
177.77
164.41
159.03
163.41
171.47
175.08
175.67
164.35
168.36
167.45
172.69
168.93
175.75
182.42
174.33
167.84
162.48
182.06
192.64
184.64
182.7
191.72
192.45
188.94
181.47
189.48
163.23
153.92
170.04
171.12
172.86
165.81
166.26
167.54
171.2
186.54
194.36
182.42
174.33
167.84
169.28
184.75
182.66
186.61
190.47
189.88
180.31
183.25
171.85
168.16
160.86
159.11
169.1
168.75
177.27
175.37
161.61
171.13
158.59
166.85
176.96
177.61
180.44
176.3
182.09
191.43
202.36
191.6
177.16
180.28
176.48
175.92
161.1
171.03
151.79
163.88
168.22
181.21
174.9
175.37
161.61
171.13
158.59
166.85
176.96
177.61
180.44
176.3
181.38
183.78
182.5
186.84
187.32
178.59
184.36
177.24
166.63
167.81
172.84
162.47
180.54
174.53
188.49
195.91
192.76
176.87
190.76
168.29
174.96
178.23
174.68
185.14
179.5
165.97
165.6
165.68
174.47
170.62
160.67
160.0
160.21
154.21
150.97
152.66
164.06
166.7
162.18
168.54
165.75
163.53
159.53
172.17
180.96
169.94
156.18
149.48
158.62
155.21
149.29
153.57
151.55
153.33
152.73
153.37
155.62
154.29
151.94
151.82
162.54
167.2
165.48
169.91
170.92
173.51
168.61
172.7
183.77
174.01
188.83
187.98
183.42
195.57
188.45
183.53
185.78
189.04
185.51
198.25
191.74
187.29
163.9
171.3
179.64
178.22
184.69
186.53
177.6
176.69
179.06
200.42
192.78
182.42
174.33
167.84
169.28
184.75
182.66
191.08
192.2
182.76
179.03
192.73
181.44
191.79
177.49
166.43
180.4
180.5
180.8
193.09
181.75
177.55
186.61
194.48
186.27
176.11
184.93
185.78
187.73
207.21
198.55
180.56
192.54
192.44
199.41
187.33
163.84
168.1
159.04
162.01
177.83
176.21
176.96
172.96
174.72
174.0
176.75
177.03
174.75
170.05
174.73
174.19
180.25
179.02
174.16
175.78
173.83
178.89
172.67
170.1
166.33
169.59
163.6
164.86
173.65
180.26
173.77
168.28
168.7
163.62
169.71
164.82
169.34
168.84
169.8
175.88
168.82
176.8
177.01
173.62
170.04
173.43
174.32
166.01
167.74
169.53
162.51
164.54
173.92
180.42
175.22
169.59
168.72
167.36
167.32
171.68
171.38
170.79
159.59
165.09
160.54
159.92
154.65
156.28
159.85
157.81
156.79
157.03
151.99
149.11
151.51
155.61
165.25
164.74
169.08
169.75
169.0
167.68
172.04
171.83
170.83
166.41
164.13
153.67
161.6
153.14
156.2
156.02
154.49
151.92
150.14
155.01
150.6
152.17
145.81
154.71
159.96
163.98
164.53
165.75
169.75
166.84
171.55
166.36
172.85
167.69
179.82
178.33
186.59
176.81
172.79
170.02
171.48
177.6
169.42
164.97
165.36
161.63
161.72
161.61
176.6
174.44
177.95
167.91
173.28
172.6
170.63
167.89
168.61
162.16
175.04
167.06
176.94
166.25
164.45
166.96
164.17
164.32
165.78
166.29
162.53
164.81
158.04
166.28
171.96
172.63
179.9
172.02
170.23
167.33
167.65
169.8
176.26
166.96
176.22
174.43
182.84
174.25
168.96
175.83
177.0
174.72
169.61
171.91
168.64
167.17
167.54
170.69
176.7
178.74
175.78
179.14
175.1
171.42
179.32
174.5
174.58
177.33
171.99
177.81
174.79
172.06
172.1
174.58
168.72
170.81
138.1
160.28
154.15
155.03
146.93
158.08
165.15
167.2
171.93
162.97
162.78
171.24
165.83
164.66
160.46
160.15
169.87
183.63
170.71
164.79
164.75
164.64
164.94
154.47
157.34
159.39
159.32
169.21
154.93
165.55
172.04
171.86
172.21
172.22
175.78
173.31
168.49
165.38
167.62
171.03
167.81
155.6
152.63
149.73
151.6
153.14
143.14
159.29
157.19
148.57
143.44
146.71
148.33
147.25
153.65
160.8
166.12
173.14
170.46
166.68
167.11
170.49
163.47
172.98
167.78
156.9
151.45
153.17
149.94
147.27
145.96
147.37
151.52
155.51
163.57
159.37
156.32
157.41
163.03
178.85
173.43
167.28
169.26
170.97
172.04
182.05
171.65
165.75
177.67
186.01
191.39
149.06
145.2
134.21
136.09
140.57
135.82
139.25
137.42
127.42
135.69
135.38
149.55
144.19
138.19
138.08
132.15
132.0
132.74
133.16
133.79
129.62
137.24
137.27
137.15
160.26
152.77
148.28
149.08
150.46
158.44
147.5
149.11
140.9
148.89
152.12
168.85
162.07
157.31
155.86
150.4
153.36
151.52
151.65
154.08
160.14
158.22
154.21
154.23
162.63
159.38
160.57
166.87
171.01
162.3
160.43
166.31
152.16
149.21
152.25
159.22
165.6
170.12
157.87
157.43
156.4
157.16
163.43
165.65
150.86
152.1
156.99
150.34
158.22
165.58
163.12
156.24
152.25
148.94
148.72
150.18
151.16
153.06
154.39
165.7
168.42
159.4
155.21
146.62
150.12
151.18
150.0
146.27
153.78
156.32
149.08
148.34
154.92
158.97
147.6
147.75
146.49
145.76
146.63
142.06
142.84
145.76
149.21
160.0
162.61
151.96
149.66
140.46
147.66
146.64
142.96
144.79
144.86
134.67
132.65
132.66
131.61
129.77
125.8
128.84
128.05
126.69
132.51
130.61
130.66
129.28
139.1
150.14
149.27
149.87
148.52
148.48
147.99
148.07
150.81
146.54
148.4
135.92
138.26
140.74
136.74
131.93
127.85
126.96
128.9
128.36
125.64
128.89
131.15
129.95
133.35
145.89
145.33
142.09
135.25
141.73
143.2
142.78
145.08
145.59
143.78
158.65
160.3
154.84
167.72
160.19
159.3
158.91
165.93
163.31
154.72
148.95
138.75
143.36
144.79
155.9
155.45
162.38
150.61
146.94
146.54
142.35
146.45
149.73
143.88
147.65
152.64
148.25
167.41
166.42
164.73
160.78
163.23
160.15
159.19
146.61
145.32
141.81
144.55
155.18
157.89
155.72
152.56
145.54
155.24
147.2
148.07
143.3
158.79
153.58
149.02
160.75
163.07
172.46
166.38
164.9
166.73
160.84
159.01
147.73
145.17
147.96
147.34
157.59
160.01
165.59
157.39
143.13
162.63
154.38
153.99
148.79
148.49
155.05
154.13
153.24
158.14
169.72
166.06
160.06
152.83
154.72
148.29
146.2
144.04
141.29
146.73
165.73
167.26
156.11
155.44
151.68
151.5
154.7
150.57
155.06
152.01
161.87
162.95
155.57
160.16
174.85
166.3
153.19
151.04
147.44
149.82
147.08
148.62
149.12
147.72
157.85
171.88
171.35
154.02
161.6
150.51
158.5
157.1
161.2
162.69
155.26
144.43
147.22
150.08
107.63
140.26
139.71
141.19
136.08
137.75
143.54
144.14
142.29
148.16
159.28
155.2
159.41
156.3
163.77
159.06
162.52
171.63
159.48
160.09
147.38
150.18
150.57
149.59
142.51
143.62
142.42
142.14
139.14
140.07
143.4
139.36
143.43
144.73
156.59
159.69
155.4
157.09
158.82
158.88
159.26
170.01
167.92
156.88
171.71
175.22
170.64
178.1
169.43
160.79
166.74
164.11
170.08
148.65
153.48
150.19
149.53
153.47
174.42
177.74
166.28
160.8
162.36
160.95
156.56
158.74
167.77
168.77
164.14
166.85
154.93
174.94
168.96
166.93
161.87
159.6
161.63
155.57
156.09
153.74
147.01
148.9
165.18
166.99
166.03
150.56
148.99
146.6
154.51
148.21
155.97
159.49
157.48
154.66
156.46
165.92
170.08
164.11
171.63
162.72
158.94
160.18
154.12
143.46
149.32
150.45
172.78
180.11
174.75
166.34
168.21
165.69
172.81
172.54
174.55
170.45
190.76
186.17
157.84
168.76
167.84
170.72
171.74
150.25
156.03
149.94
148.65
156.14
153.04
153.25
158.23
159.93
158.81
156.7
148.26
152.0
159.38
152.2
146.56
149.11
150.78
159.96
148.83
161.25
157.65
161.4
167.95
149.93
152.06
150.97
145.87
146.21
148.75
152.54
158.55
162.61
164.5
153.85
147.55
147.81
159.79
159.73
150.16
131.72
149.02
140.77
135.69
141.08
137.19
134.01
133.72
135.13
137.93
132.62
131.09
136.71
136.12
153.24
147.31
119.0
119.31
118.07
122.84
134.44
153.5
139.01
140.92
146.68
135.31
132.73
127.47
129.17
130.71
126.23
129.12
128.9
131.05
125.23
131.06
126.33
129.68
128.66
136.74
139.16
143.06
145.71
142.5
146.77
141.96
142.39
150.22
145.5
159.47
158.43
151.31
160.76
155.69
160.58
160.86
152.69
151.86
151.64
144.32
142.41
145.41
147.51
156.67
153.83
157.08
149.66
144.58
148.78
160.0
149.67
141.01
145.38
151.7
153.43
157.24
165.29
156.54
154.36
154.43
156.71
148.86
148.52
153.31
143.07
146.57
152.62
156.03
152.85
159.58
148.26
149.02
149.07
165.12
147.98
149.88
139.26
156.44
149.49
153.85
165.15
159.85
165.43
161.84
171.4
157.56
166.89
150.14
149.73
152.34
155.51
164.7
169.63
168.97
160.69
157.95
170.29
167.32
158.64
158.32
155.05
160.84
158.81
166.2
177.26
167.91
175.81
162.5
148.5
147.74
153.16
146.59
146.74
142.81
154.11
162.6
159.79
165.04
178.89
166.7
165.54
166.37
178.07
166.24
159.3
169.59
175.45
160.83
169.56
188.0
177.99
161.45
161.98
168.21
162.18
154.78
158.31
152.23
158.17
173.4
188.79
181.81
188.7
181.45
159.06
165.74
163.9
176.84
171.57
147.74
160.3
149.95
144.28
143.63
145.98
145.57
144.92
138.05
138.68
134.44
140.49
139.43
142.0
150.11
154.16
154.0
155.92
155.8
157.66
167.69
165.7
158.98
165.87
157.86
143.93
141.97
147.45
155.28
148.1
138.6
141.28
137.38
135.94
137.12
139.62
138.41
144.61
150.08
153.23
152.53
153.83
154.94
159.49
164.01
168.68
166.16
164.25
181.06
171.38
161.26
172.97
164.95
159.92
165.46
157.29
162.69
158.45
154.06
150.28
153.8
155.17
166.99
179.12
162.19
167.4
158.25
159.61
169.77
170.86
162.86
165.53
171.05
162.3
158.31
172.05
173.6
172.51
160.45
163.41
161.0
163.92
159.45
153.09
149.38
160.12
167.28
163.36
170.05
176.26
153.07
158.88
163.38
161.39
154.98
165.35
169.44
159.83
155.55
160.16
163.34
164.43
168.08
155.14
154.12
154.46
160.71
149.28
143.86
153.85
162.73
163.15
174.56
170.48
166.67
159.98
161.13
152.5
163.34
158.67
159.68
165.08
154.48
160.65
174.71
170.14
159.76
160.61
159.54
169.96
156.83
150.32
151.59
158.41
171.26
166.19
175.39
169.76
172.37
165.32
174.31
166.2
158.19
157.52
164.51
166.54
167.93
176.09
173.1
161.71
159.5
160.18
155.84
155.53
155.97
159.64
158.97
160.49
175.99
169.99
197.9
190.5
159.27
161.96
163.09
159.2
184.0
180.45
153.47
145.88
148.99
147.2
149.51
148.62
144.34
143.03
138.74
139.34
140.69
139.17
138.03
148.74
158.67
154.67
160.09
174.94
177.94
160.29
156.12
159.42
162.02
168.39
162.42
161.74
144.4
143.3
142.9
143.62
141.1
141.51
135.73
137.68
140.19
138.51
138.06
144.58
152.87
151.54
157.73
151.91
174.06
162.77
161.31
162.45
169.33
159.93
174.14
182.04
172.22
175.17
171.98
186.7
170.56
168.64
159.14
166.46
158.21
158.0
157.34
159.75
166.67
172.42
175.83
166.29
156.01
171.14
165.8
163.45
170.01
162.61
162.82
166.22
158.5
176.39
192.54
185.37
179.2
178.54
183.55
170.53
164.37
157.19
160.48
164.45
163.99
172.97
185.13
175.54
167.57
165.97
163.36
169.4
170.68
166.48
169.54
162.59
159.65
165.81
170.69
156.48
160.99
148.45
160.43
143.36
149.19
147.17
148.29
165.4
162.21
158.23
165.6
155.69
156.2
161.61
161.1
162.43
161.91
154.87
165.4
164.89
150.98
164.8
172.56
160.47
153.98
151.96
151.21
153.35
148.24
147.26
143.17
151.18
160.38
156.96
166.07
154.63
147.63
148.4
144.26
146.92
149.53
146.45
156.02
151.54
152.49
155.65
151.97
171.12
162.98
160.95
148.73
169.08
147.2
160.79
147.33
150.11
159.81
171.29
166.85
160.8
144.11
148.32
150.55
147.96
150.28
148.18
141.4
136.96
138.08
144.17
137.42
139.43
136.14
129.94
134.58
139.2
132.41
133.39
131.36
141.87
143.28
142.55
140.91
155.55
136.13
144.89
144.84
150.3
143.65
150.31
144.69
136.24
132.23
136.68
135.83
134.4
134.2
133.37
126.07
132.76
131.48
135.47
133.18
138.33
143.55
144.13
144.61
144.95
146.51
148.12
149.68
150.72
146.74
148.36
173.44
167.83
163.25
176.36
170.88
155.45
168.63
164.46
168.28
160.6
161.98
154.21
151.74
163.27
158.62
165.02
168.9
161.5
153.45
154.37
162.7
150.36
153.55
157.38
173.96
177.13
161.69
162.37
157.03
151.2
152.96
160.28
169.93
171.02
162.04
149.67
151.73
159.66
166.61
159.84
177.74
161.19
153.44
149.81
153.3
159.61
161.42
167.71
160.78
156.91
153.58
171.63
160.01
156.75
161.88
148.73
153.44
152.55
154.62
155.59
150.97
160.49
161.76
165.54
169.58
161.81
151.75
153.94
155.42
152.85
160.56
166.28
168.16
161.11
157.11
173.29
169.25
179.34
174.7
174.0
163.22
171.72
162.7
161.29
159.5
166.29
160.91
160.59
171.46
161.92
152.0
158.3
161.16
165.18
158.18
167.39
164.24
161.07
158.64
174.63
181.75
178.25
165.25
182.59
175.93
166.12
166.12
158.53
159.24
161.59
165.99
168.24
175.0
165.51
159.59
152.8
153.21
158.24
165.96
159.9
161.49
154.68
148.74
148.65
146.19
150.12
151.45
147.99
143.49
144.11
142.76
147.25
147.52
150.96
152.0
154.54
158.14
154.25
157.66
153.63
156.24
165.25
169.16
161.68
155.2
147.78
148.98
149.31
149.3
147.92
144.26
145.09
144.01
144.49
144.79
147.5
146.55
148.79
149.7
156.71
155.3
157.19
158.51
160.16
157.46
171.79
170.52
162.02
184.12
182.76
172.01
189.8
179.62
172.59
188.52
182.79
193.76
183.36
187.84
174.34
168.86
173.34
171.49
161.98
171.31
165.28
156.78
155.15
163.05
158.65
158.03
161.1
177.87
174.59
171.26
198.11
199.17
189.19
199.53
186.03
189.06
189.26
182.53
177.97
170.69
177.62
180.4
172.79
166.44
171.77
163.49
167.12
168.2
166.41
165.85
159.7
164.38
167.06
180.07
183.76
167.26
187.82
186.35
179.71
181.64
183.87
172.32
170.03
171.62
169.11
172.17
168.65
176.0
165.44
161.38
163.58
156.9
155.83
157.93
157.32
173.43
169.96
163.19
183.38
184.37
185.16
189.94
173.24
177.11
176.2
184.26
168.27
168.5
170.51
173.78
165.59
172.29
165.97
154.85
164.75
171.51
158.83
157.09
161.21
168.39
164.66
162.96
171.5
166.21
170.14
188.83
175.11
176.96
170.09
165.95
164.04
162.84
175.46
164.97
170.99
175.94
159.18
155.85
155.94
156.51
155.97
156.58
160.32
159.5
149.51
147.64
139.36
143.17
140.59
140.22
137.29
136.47
134.61
136.69
137.23
133.01
148.49
151.03
154.46
152.21
157.08
159.4
159.06
156.44
158.86
159.13
157.95
161.22
155.76
146.98
150.76
151.15
140.2
136.85
139.83
138.55
137.8
135.66
134.94
133.24
149.2
153.66
157.85
157.47
158.5
156.7
157.32
161.38
159.64
166.61
169.0
183.64
176.1
164.91
180.34
172.85
188.39
199.5
203.43
211.73
193.3
189.94
177.75
187.69
183.6
173.51
173.99
180.55
172.68
158.75
161.94
172.27
169.15
160.98
162.73
175.14
169.53
175.94
204.62
214.42
193.35
205.76
196.64
195.19
199.34
192.44
187.98
177.44
180.8
177.95
175.81
179.81
180.21
177.55
165.28
163.16
167.44
168.0
170.23
179.36
168.33
177.44
186.67
183.69
182.73
203.62
199.15
184.26
183.98
176.29
168.77
166.31
190.1
177.0
170.16
169.65
171.98
159.74
161.67
179.57
175.67
163.96
169.18
175.19
166.54
178.55
192.25
191.23
201.03
211.21
191.23
190.65
189.5
194.72
185.74
169.64
184.23
197.32
182.85
189.66
189.1
181.06
184.95
183.49
190.4
177.6
181.7
183.34
182.45
185.73
207.93
195.02
185.2
185.47
173.24
174.15
180.32
158.25
148.59
148.71
157.73
156.35
164.21
172.41
151.26
152.81
145.92
147.6
149.81
147.52
150.43
143.52
137.08
135.95
136.14
136.63
138.32
138.27
130.5
128.98
129.82
134.05
136.16
137.62
148.95
149.46
147.76
148.65
147.51
153.53
148.78
152.04
151.19
147.72
150.9
146.5
141.09
132.07
133.33
131.13
131.91
128.89
129.04
129.97
127.21
127.61
130.94
131.61
143.67
145.37
148.69
145.46
148.0
145.46
151.31
147.07
146.67
146.12
148.7
162.48
151.45
147.57
151.29
144.92
153.44
148.93
138.35
148.86
144.99
142.72
144.0
148.03
158.15
159.22
160.42
161.8
150.66
150.61
146.17
148.94
146.55
148.7
147.69
153.26
151.64
149.81
168.08
189.2
189.71
177.4
181.7
166.26
162.57
162.33
160.62
153.03
156.7
156.69
158.16
155.19
160.77
148.48
147.88
152.0
148.69
146.83
148.91
156.32
148.31
151.98
152.59
155.03
157.94
155.17
164.92
167.24
162.17
156.21
156.02
151.9
167.08
156.59
155.97
165.68
155.17
151.97
150.13
149.35
145.05
148.56
149.85
150.3
149.13
153.55
173.58
183.84
186.85
177.22
180.88
175.63
162.45
169.19
162.67
156.36
162.74
162.32
155.66
160.81
156.85
148.9
153.91
153.12
145.35
148.42
152.82
153.32
148.86
153.84
161.97
164.15
152.12
164.68
150.98
167.25
162.13
148.3
142.89
145.47
157.47
156.23
159.93
165.53
148.61
150.17
143.12
143.74
146.35
143.36
149.2
142.34
135.29
130.78
132.6
125.05
129.94
126.85
128.17
128.75
124.84
126.45
127.09
136.8
147.3
151.83
143.81
142.57
158.74
133.52
129.11
153.14
138.52
147.71
144.64
140.6
136.13
130.35
129.03
128.02
126.1
126.64
133.09
134.81
133.08
133.45
135.22
131.46
141.63
142.36
130.19
150.22
145.01
143.19
142.29
152.62
148.86
145.2
147.75
156.42
157.68
160.17
165.09
159.24
189.08
181.98
191.43
177.12
185.14
178.93
173.32
173.49
168.49
160.43
160.93
162.54
147.53
152.61
151.19
158.09
145.59
147.29
147.67
155.99
151.2
156.01
185.13
189.57
171.39
181.61
182.97
176.53
177.27
175.89
171.48
157.91
160.61
158.89
154.32
168.14
164.71
143.84
150.93
146.96
145.73
147.43
148.27
151.5
146.33
169.7
174.31
169.96
173.92
182.19
180.7
168.37
166.24
167.55
179.44
172.94
166.74
163.17
166.12
164.04
158.54
154.26
146.32
152.24
145.21
150.93
148.74
155.8
145.52
159.08
171.41
185.29
178.12
182.27
182.71
173.04
166.65
161.07
149.04
159.56
165.32
161.57
151.5
165.61
152.82
152.96
143.46
148.54
145.84
148.3
150.14
153.16
152.89
151.31
161.84
157.05
162.17
164.64
167.37
156.88
163.77
147.14
145.55
146.29
160.12
156.24
163.17
169.3
155.59
152.41
141.53
150.63
147.33
147.97
146.22
146.69
137.54
133.16
132.47
132.31
135.28
128.24
128.54
128.37
126.16
127.31
127.49
128.47
140.2
140.34
140.72
141.43
144.05
141.19
142.41
138.7
146.86
146.96
148.13
142.92
133.13
135.0
130.83
128.94
130.21
128.52
129.67
127.51
127.57
129.0
128.03
132.82
140.6
150.63
144.27
159.63
127.24
131.4
156.42
140.54
148.33
142.11
146.3
159.05
152.45
152.14
166.29
166.52
184.82
191.46
186.22
179.45
190.0
189.59
175.06
184.11
173.07
167.42
166.67
171.98
156.11
152.36
156.0
155.62
150.04
146.54
150.81
157.99
150.54
156.03
182.05
193.35
164.43
175.66
187.79
177.18
185.3
184.53
168.66
158.31
162.22
164.0
160.22
164.88
164.85
146.47
151.28
147.29
150.15
146.39
152.23
154.61
156.34
163.48
179.31
154.75
162.03
169.7
180.37
172.0
165.84
164.12
153.87
176.89
174.09
157.64
157.04
160.56
153.64
141.08
142.02
145.38
146.96
143.69
143.61
152.59
147.6
158.79
170.0
154.75
162.03
169.7
180.37
172.0
165.84
165.38
151.41
150.16
155.98
158.34
156.58
163.87
153.62
144.85
153.54
154.2
148.35
150.29
140.98
152.44
145.08
146.8
170.92
184.32
170.99
171.91
166.83
160.71
164.87
156.44
140.5
144.16
159.99
156.32
157.02
167.33
162.8
128.51
151.1
166.4
132.57
143.27
144.59
150.47
135.89
136.19
135.36
141.94
141.98
138.25
133.79
131.06
131.74
132.17
129.89
132.29
138.22
141.18
138.76
144.53
147.88
143.16
143.5
143.81
144.81
144.44
144.2
140.75
131.74
130.39
126.96
125.68
123.0
123.24
124.34
124.87
124.01
125.59
126.18
131.78
139.75
141.74
143.55
139.68
144.9
143.04
147.12
141.91
144.15
144.67
143.96
158.71
149.97
147.7
152.86
164.69
172.65
177.95
187.09
185.6
193.24
188.65
175.07
170.85
168.7
162.53
156.63
156.03
164.1
142.39
145.77
146.22
150.05
150.92
148.23
153.2
147.82
155.35
179.69
185.69
190.38
192.44
190.46
177.58
177.33
178.31
169.69
165.8
160.25
161.54
151.58
165.26
170.71
149.67
150.65
148.16
150.43
148.41
152.9
158.62
154.11
165.0
167.63
167.61
167.73
192.38
189.05
182.04
176.23
167.35
167.14
180.54
174.63
156.5
162.33
175.48
164.01
153.24
154.59
150.87
155.55
152.71
155.56
160.92
158.61
158.41
182.16
179.39
174.87
180.95
187.96
183.21
189.58
182.34
165.92
166.08
173.06
162.25
163.0
163.46
168.59
144.71
152.44
146.01
153.85
151.2
153.07
158.12
149.77
153.23
160.35
160.45
176.17
174.73
160.15
168.93
165.35
158.5
159.32
166.13
160.05
162.46
168.05
172.58
163.94
153.95
153.66
155.69
158.02
159.43
157.61
158.14
148.24
144.59
138.34
144.25
137.69
139.89
140.29
134.3
131.9
131.38
129.85
146.14
150.5
154.0
152.86
152.35
151.85
147.43
154.56
152.35
158.17
153.62
145.08
149.96
140.5
133.31
134.3
131.49
129.05
130.18
134.59
149.36
138.4
129.55
137.02
147.19
148.41
157.03
152.56
145.71
152.71
154.04
155.0
152.86
153.77
152.42
154.68
164.73
159.44
161.09
175.61
181.61
186.52
194.56
193.31
183.64
193.98
196.96
179.52
176.0
183.69
180.61
172.76
181.71
174.29
157.16
161.95
161.02
165.95
163.03
160.8
170.28
167.51
167.5
185.95
190.0
185.12
195.74
201.41
200.35
198.06
195.04
189.35
190.78
181.95
187.76
176.72
183.15
170.81
156.36
160.16
166.47
151.8
158.91
158.0
186.13
183.89
176.16
186.63
175.2
174.34
191.95
189.31
191.34
186.09
177.99
171.54
172.55
186.24
181.15
176.11
186.91
161.97
163.2
154.5
162.86
160.67
156.78
158.79
179.54
185.9
170.48
182.24
181.62
175.06
181.94
176.43
176.41
170.06
174.58
163.97
168.9
171.58
174.46
169.34
178.45
167.26
140.76
154.15
145.99
150.86
147.42
148.52
162.9
159.07
157.07
185.43
194.34
174.11
173.86
166.98
166.45
174.39
171.22
158.15
163.82
159.7
162.02
171.69
172.68
155.78
148.7
146.98
149.38
149.8
151.51
142.72
148.03
130.29
137.64
136.09
136.83
130.87
135.8
136.46
124.55
128.71
126.38
128.17
136.47
144.87
143.44
148.15
144.17
142.21
143.59
146.77
146.96
145.03
146.11
150.3
145.9
134.3
136.39
128.7
128.6
125.8
125.82
126.39
126.15
125.28
126.16
125.8
139.33
143.44
146.25
143.75
146.37
144.57
145.04
144.61
146.68
146.5
146.51
145.76
155.43
147.47
146.23
154.67
146.55
146.5
143.0
140.22
143.0
158.69
151.53
152.01
159.69
157.1
160.89
161.54
160.28
160.91
160.48
144.15
148.45
144.8
147.4
148.09
157.84
148.23
143.19
152.04
145.62
151.95
145.08
146.32
143.51
143.1
141.77
147.97
157.98
156.51
161.94
169.4
171.96
154.41
146.85
144.62
139.64
142.89
159.55
138.39
164.03
150.8
158.68
154.67
152.24
155.54
155.85
152.88
157.99
166.35
161.59
151.45
168.63
163.68
162.38
170.93
169.72
153.81
146.5
150.92
154.38
153.28
151.54
149.37
163.3
159.45
154.22
177.12
175.06
172.41
176.62
163.84
167.87
170.72
169.39
167.81
174.02
168.93
166.19
166.32
170.96
159.81
151.52
148.48
148.95
147.04
148.89
147.75
161.64
153.31
151.5
172.54
171.71
166.39
166.1
108.29
133.02
165.41
169.43
153.03
165.0
167.66
170.44
169.19
184.28
155.39
150.47
150.29
154.66
150.37
149.48
146.75
149.72
136.62
142.6
136.68
136.94
135.5
138.82
145.69
143.92
147.44
139.18
140.89
145.2
149.86
152.1
150.34
149.38
151.16
152.99
153.91
150.66
155.1
151.92
150.77
152.59
139.85
141.63
142.15
134.95
133.42
139.59
136.62
132.16
134.05
139.34
143.06
148.69
150.04
150.51
153.14
145.8
153.74
150.84
150.48
152.57
150.69
154.1
152.32
168.0
159.58
161.61
160.82
159.74
173.41
180.95
176.18
174.13
178.79
181.58
175.01
191.88
172.11
178.43
171.44
179.16
176.68
150.24
158.65
159.77
159.62
154.85
149.84
168.86
166.42
168.81
177.0
190.07
172.87
197.74
198.29
195.06
192.4
194.16
185.29
179.26
174.92
179.17
176.67
185.96
172.21
147.47
161.47
153.36
157.79
157.13
158.45
184.91
184.14
178.72
202.43
191.38
185.77
200.24
196.22
192.26
193.37
186.79
182.04
190.4
195.08
204.4
198.44
194.44
174.77
163.79
168.84
162.41
167.51
165.33
169.9
226.9
232.04
203.82
183.73
196.73
198.7
196.51
195.34
190.82
187.91
187.16
182.67
197.85
197.27
194.79
190.94
196.39
174.46
162.02
159.61
158.1
162.59
156.46
166.32
209.77
211.79
191.57
185.42
196.34
202.06
193.1
196.5
193.81
191.45
179.03
179.43
185.16
195.46
183.75
197.25
205.28
173.75
165.16
159.51
168.96
158.68
164.89
163.94
167.7
156.94
152.1
157.23
149.36
144.99
139.09
135.99
139.46
138.62
136.28
145.46
151.85
159.05
155.96
155.62
151.63
152.99
151.24
153.42
150.02
154.15
153.65
156.82
155.32
143.73
141.79
142.61
139.13
138.65
137.79
128.41
133.94
131.38
134.77
139.9
152.0
148.64
152.37
153.04
154.91
150.37
151.83
153.05
154.97
142.94
144.88
172.27
163.06
171.91
159.9
175.34
173.27
172.97
188.61
197.12
183.02
192.67
186.15
179.25
181.34
175.8
180.89
177.68
177.61
176.77
161.76
166.25
166.32
161.84
169.84
161.07
187.78
183.47
175.03
182.48
191.7
185.44
194.39
193.23
183.74
191.83
189.73
173.38
179.03
178.04
182.24
173.91
187.31
173.22
160.9
162.59
158.5
163.3
157.38
160.75
181.79
180.63
182.77
194.61
193.68
190.09
193.59
200.67
182.84
180.74
174.87
173.34
187.92
186.53
179.4
186.08
184.14
170.3
159.69
156.83
159.31
156.57
155.26
155.06
169.18
168.04
172.69
192.49
194.76
186.3
185.79
180.22
189.52
177.83
186.14
170.97
188.41
188.16
175.33
180.16
190.11
176.46
158.11
162.43
156.04
161.56
160.12
161.0
196.5
201.02
190.0
208.3
201.53
194.49
185.56
199.0
202.81
187.29
178.7
173.16
179.81
187.12
187.03
190.19
184.82
171.27
156.21
161.55
163.23
169.88
165.61
182.31
177.62
186.99
166.76
155.4
138.41
139.76
150.48
142.3
146.58
141.12
146.15
145.76
159.58
155.09
161.53
155.79
160.92
156.17
158.69
158.52
158.82
164.2
165.5
164.5
172.44
166.16
159.27
141.47
139.46
143.95
145.44
140.56
141.01
139.3
150.38
144.63
148.02
153.89
156.46
153.68
155.43
156.89
151.59
159.31
153.55
159.3
161.02
154.53
227.13
228.49
189.79
166.23
189.65
197.51
197.58
195.6
206.11
202.43
189.22
183.52
193.35
182.35
184.23
173.09
191.09
174.19
155.56
159.63
157.61
160.22
154.62
156.96
185.35
188.13
162.61
186.57
192.37
184.74
185.75
189.79
184.39
177.36
182.08
178.16
170.96
174.27
179.82
181.37
188.64
176.42
153.84
156.92
159.47
160.75
159.82
167.88
217.86
220.7
210.8
205.66
207.39
199.17
200.07
196.12
198.85
204.78
190.66
193.1
206.07
206.29
212.05
218.41
229.91
200.91
184.37
197.75
206.77
224.22
219.61
223.32
227.16
229.5125
304.13
262.01
231.96
215.1
212.41
200.84
207.0
189.12
197.54
191.0
211.13
232.99
240.86
238.66
243.89
219.34
193.4
215.41
220.51
224.19
243.49
248.35
232.3725
238.8225
232.2125
294.73
256.56
189.46
172.54
188.27
175.67
169.82
145.5
146.96
166.42
165.52
172.71
175.48
194.9
165.4
145.54
151.74
145.67
156.8
165.11
176.2
216.68
223.8
210.35
195.04
160.04
121.68
113.5
117.5
118.62
117.33
109.38
103.35
115.5
123.54
117.49
122.97
122.45
127.04
129.75
131.41
132.09
136.13
139.52
140.29
149.19
142.16
127.57
113.38
105.08
101.57
104.33
98.59
98.56
95.47
98.48
103.3
113.66
109.96
112.4
114.69
114.08
118.67
123.49
130.43
132.96
137.46
141.91
141.89
240.64
258.98
183.95
169.82
140.58
122.12
120.51
136.47
137.21
138.81
147.34
141.13
143.2
142.54
140.91
138.18
148.91
120.88
115.59
119.52
114.45
116.61
115.79
113.6
201.3
217.15
156.65
155.21
166.63
162.08
168.5
165.07
154.65
149.9
143.94
144.19
147.66
160.93
169.21
165.21
175.65
168.89
141.62
154.32
156.52
154.17
194.1
206.05
227.185
239.4625
228.87
261.93
227.13
201.57
167.88
161.07
151.11
151.13
145.88
161.94
183.49
196.84
194.07
218.95
215.97
198.56
190.53
198.81
209.34
216.17
216.97
215.86
235.78
231.4225
224.4075
310.67
265.97
204.73
168.04
163.49
156.43
159.42
161.99
164.08
175.83
175.05
174.51
170.86
185.47
145.87
134.72
140.19
132.84
146.31
142.22
151.28
267.76
317.64
255.39
225.32
175.78
177.53
186.84
167.83
185.13
176.32
168.71
177.97
177.85
184.03
177.5
198.67
196.51
171.16
154.51
157.52
159.45
153.58
155.81
161.13
167.15
157.36
160.72
161.25
149.77
150.41
136.19
136.97
137.14
139.7
132.62
143.52
152.89
154.35
157.46
160.34
165.61
164.59
171.38
174.48
172.63
170.87
174.29
190.05
187.36
163.47
158.47
147.39
139.74
132.68
140.37
148.01
137.79
137.99
140.23
142.94
155.98
156.37
159.66
159.06
163.07
162.09
157.54
155.46
159.88
172.99
171.3
173.23
312.62
249.0225
311.71
297.59
251.72
223.11
239.11
240.35
245.07
257.23
243.91
238.31
245.09
244.09
239.8
255.28
273.4
222.19
186.74
181.5
182.89
175.32
184.19
175.76
224.575
237.2325
232.2975
310.44
248.17
233.54
216.1
209.82
210.57
204.12
194.91
197.18
207.2
210.24
218.08
232.2
242.43
210.56
165.71
154.47
160.13
161.12
165.33
170.3
243.215
254.955
238.7075
285.21
229.61
202.79
205.66
205.02
191.34
185.06
187.26
183.05
206.66
207.44
232.11
247.46
255.64
220.6
210.04
228.76
238.29
249.52
250.58
246.88
238.76
242.4975
240.115
308.88
213.08
185.74
191.48
173.14
190.4
186.17
182.43
184.18
175.36
168.1
174.05
188.76
197.31
193.24
170.32
188.2
187.25
192.86
198.17
190.66
220.25
230.1175
216.4
272.69
215.32
186.16
184.53
185.4
186.32
162.51
158.36
160.59
171.93
175.46
180.71
190.32
198.33
182.02
168.78
171.8
178.47
191.87
193.67
263.84
283.54
263.54
251.66
209.35
170.39
149.79
151.32
152.51
155.15
140.12
144.44
143.38
150.07
147.84
154.08
150.39
154.98
149.93
156.58
149.96
160.93
168.39
156.01
186.98
194.61
196.34
192.76
165.29
140.01
130.01
138.75
131.81
135.53
130.0
134.38
141.94
151.59
151.34
151.54
149.34
153.55
159.97
164.52
170.75
176.85
174.31
172.31
175.15
290.77
311.62
259.81
211.82
164.6
154.05
152.16
160.95
165.01
151.47
158.99
160.38
163.31
167.79
170.78
165.12
184.43
188.37
179.88
167.41
184.4
173.79
203.1
204.47
316.0
210.3975
288.28
198.51
175.9
177.34
171.42
183.39
180.34
169.92
160.85
163.3
160.22
171.84
176.29
185.4
191.18
183.11
180.26
175.88
167.99
172.57
164.48
169.08
240.52
243.37
187.88
172.64
178.6
156.46
139.25
130.73
137.89
156.76
149.56
160.9
164.58
164.98
175.93
179.03
181.63
175.98
173.56
176.13
181.04
183.1
212.41
227.16
214.2325
226.77
312.88
270.21
223.75
183.57
186.3
181.86
161.31
165.78
172.71
186.35
209.52
217.31
240.19
258.79
280.03
254.25
231.31
228.85
240.42
245.9
250.53
249.56
250.135
257.4925
250.395
269.7575
308.16
276.35
249.89
226.84
228.43
214.02
213.93
225.79
254.11
263.76
289.81
301.42
313.74
273.82
246.39
249.42
253.51
254.25
261.01
272.97
290.83
283.88
278.67
265.25
254.7
231.32
215.67
209.15
183.16
195.04
184.88
189.85
205.5
213.47
226.41
220.68
230.12
241.68
249.49
252.12
261.18
255.97
262.01
268.07
295.43
288.12
288.98
268.17
258.4
240.68
222.68
212.08
205.71
193.27
191.32
207.64
227.38
216.32
220.14
237.47
243.85
252.83
257.08
263.91
266.35
274.03
270.89
277.76
277.785
290.1525
280.4425
273.1525
262.59
249.6875
246.105
243.0525
307.29
295.25
290.74
282.75
247.415
250.2425
255.4225
259.49
267.835
315.98
262.64
264.89
271.03
270.13
250.15
100.08
238.4225
253.275
252.005
251.53
246.645
318.42
305.46
270.9
235.76
241.71
251.56
232.62
271.21
285.71
278.39
285.69
252.68
262.8
216.66
219.35
223.46
205.66
211.71
153.02
276.35
321.77
255.3475
255.6425
255.775
294.22
264.51
240.93
217.08
219.59
188.0
184.06
201.48
195.91
225.59
263.61
296.11
266.49
245.6
254.29
253.15
241.82
242.32
255.69
235.4075
243.1525
237.6625
238.555
273.49
210.43
189.87
170.46
171.2
174.75
160.75
194.8
168.42
177.19
189.44
197.0
245.79
250.14
211.92
208.59
221.82
220.99
235.7
255.94
231.06
241.91
223.595
268.81
201.85
175.99
177.93
173.63
164.84
147.61
164.51
171.14
158.96
178.13
163.34
197.11
215.56
198.44
202.77
196.53
215.13
225.34
250.99
268.79
268.93
258.15
257.48
248.09
220.64
190.08
154.0
130.64
135.4
136.86
127.18
144.38
147.63
153.61
149.18
165.22
182.38
180.81
185.96
206.85
212.46
230.15
237.45
240.31
263.14
257.11
241.15
231.87
216.2
172.82
141.04
133.42
132.87
132.31
134.05
142.59
150.1
145.8
148.47
148.16
151.64
152.09
170.37
178.26
174.87
189.01
179.82
189.08
240.815
250.65
240.0325
288.95
200.72
171.37
163.41
154.44
144.18
146.68
141.59
149.05
157.87
158.84
166.93
178.94
220.35
197.07
191.82
196.77
207.14
211.79
223.05
224.27
209.2975
225.105
315.82
272.1
191.79
174.01
170.18
173.7
157.89
146.29
141.34
147.84
152.56
158.26
155.81
171.16
182.7
165.11
149.32
142.7
156.24
139.38
167.09
146.21
277.51
278.32
207.49
175.49
154.39
162.63
149.83
149.74
142.72
141.78
141.94
147.24
150.81
153.35
163.8
162.36
173.66
169.1
154.43
143.79
158.39
146.96
149.36
150.87
272.63
300.15
218.43
186.64
164.38
156.97
140.26
145.27
139.35
137.4
138.14
136.98
143.66
144.54
147.26
159.53
168.82
153.07
144.9
141.68
142.1
136.15
138.53
136.66
222.79
208.84
162.97
168.16
178.14
158.08
147.44
165.82
155.59
139.54
141.92
147.9
152.62
154.12
168.55
190.5
207.71
179.58
181.09
182.84
195.2
206.79
210.17
222.12
224.5
222.6
227.76
216.09
201.25
199.37
197.55
190.35
176.49
196.42
195.73
216.71
215.19
227.32
230.45
232.89
239.82
236.54
246.49
255.07
262.37
256.04
263.95
271.43
285.35
295.23
279.68
273.18
261.89
253.16
238.09
222.82
213.54
202.26
199.56
214.64
228.18
222.19
235.65
243.06
255.27
255.24
262.39
262.88
250.33
264.96
265.31
263.91
252.4625
267.2075
271.2325
284.6775
273.52
270.7925
266.3975
314.81
305.69
255.92
261.08
285.41
302.35
285.46
289.96
309.29
302.5
232.89
169.53
148.46
163.06
152.74
153.23
199.48
213.2175
321.16
258.4175
260.3775
257.355
323.18
296.62
267.7
248.04
244.88
230.13
241.93
270.99
277.66
287.94
297.1
293.89
245.27
190.36
176.61
197.99
185.47
202.05
165.27
273.22
313.72
260.8225
261.055
266.0175
313.76
265.6
230.75
222.43
246.48
238.11
240.27
248.93
259.82
269.2
297.58
301.19
232.74
197.19
192.29
200.34
192.41
195.11
187.4
222.4625
229.26
249.57
251.5225
272.4
257.79
251.82
218.43
208.47
197.57
209.8
212.85
228.94
246.87
248.05
257.16
265.28
225.43
165.54
185.03
189.76
178.68
187.45
181.6
255.1975
260.3525
247.475
312.62
262.3
239.57
210.76
194.95
174.86
168.48
156.99
168.74
192.38
202.91
217.9
263.96
280.41
226.19
225.4
234.35
224.57
226.25
231.91
262.4
269.75
255.75
237.09
249.07
232.21
205.31
207.02
185.29
180.16
175.47
166.79
168.29
180.67
176.77
205.13
213.96
206.85
214.15
213.91
222.13
230.46
232.16
239.76
249.31
261.8
265.86
242.85
234.3
212.26
198.33
186.14
162.83
156.72
148.48
151.89
164.7
176.91
194.98
203.77
211.97
221.19
229.48
236.43
239.51
246.79
252.48
253.04
257.44
264.4325
269.09
263.735
266.49
261.2525
301.77
243.88
235.02
233.84
240.49
230.81
234.65
262.25
285.93
304.71
312.34
271.025
285.56
255.98
253.69
244.81
249.92
254.02
257.48
218.315
234.735
242.79
249.4575
255.4125
290.74
293.1
253.58
242.19
225.13
222.85
214.07
223.68
223.1
223.63
222.82
222.67
194.18
153.65
161.87
160.7
164.28
165.04
159.95
294.22
284.04
201.21
176.85
174.83
173.68
163.11
155.99
145.02
135.03
143.57
153.84
164.37
184.74
191.84
185.56
188.76
162.67
149.83
147.99
148.97
143.95
147.47
147.15
188.31
172.5
162.43
168.39
158.85
151.04
131.91
132.75
131.29
131.56
135.55
141.69
147.8
158.72
167.04
176.9
193.84
194.41
199.63
197.75
212.61
228.82
239.06
240.06
282.55
273.38
237.73
228.76
210.95
211.33
197.43
205.22
191.93
189.0
187.45
219.0
232.04
254.33
259.43
261.26
272.33
281.43
266.04
269.29
274.36
276.08
280.91
277.5
281.56
296.18
291.42
294.71
279.61
279.09
257.7
261.46
250.13
233.17
244.29
255.74
272.26
278.44
278.67
279.33
269.45
277.53
271.62
274.97
276.33
271.86
274.43
280.98
280.46
284.7
281.67
293.09
288.0
266.05
265.07
247.13
231.93
225.07
223.42
219.79
231.35
246.26
249.55
262.98
271.31
279.49
270.33
277.86
276.74
282.55
283.57
283.76
267.3425
276.5825
276.5675
280.5325
269.9025
270.0825
266.8375
314.47
289.06
267.27
241.93
249.04
287.44
286.45
283.3
317.08
321.9
245.23
191.96
187.44
179.41
189.94
188.48
187.69
224.4475
241.29
247.515
250.56
293.76
254.64
234.65
230.63
227.11
223.29
216.34
225.44
242.45
253.44
258.21
280.2
303.11
234.21
197.42
180.28
189.28
191.47
188.32
178.47
239.22
262.1375
258.6275
252.04
273.47
257.71
243.17
218.28
207.96
203.45
217.38
207.21
224.75
253.7
260.88
256.46
256.07
224.05
186.83
180.91
192.19
182.29
180.97
185.18
219.5825
216.365
235.875
238.45
288.95
265.75
236.6
214.82
192.85
192.59
184.11
188.0
215.48
233.86
236.25
59.16
250.36
208.3
