83.14
22.87
72.83
113.85
120.16
114.54
57.75
34.22
114.24
113.48
110.88
119.78
122.21
120.05
119.25
2.06
70.69
116.75
109.19
129.28
126.43
115.14
130.92
117.2
128.5
125.01
122.52
118.66
119.23
110.3
94.99
110.22
121.99
117.54
121.72
119.75
126.73
119.65
85.32
76.16
121.75
121.46
126.91
128.54
120.56
132.55
125.97
93.16
86.78
118.74
114.05
117.66
122.36
117.95
122.08
83.45
103.4125
80.19
116.84
113.91
52.94
119.63
113.66
127.24
12.28
68.43
121.94
122.24
119.53
87.25
128.32
107.26
104.33
102.73
114.27
119.4
114.89
111.92
117.04
114.07
71.56
65.6
2.15
64.97
106.44
145.43
76.09
137.9
87.58
72.41
151.05
132.67
106.37
26.8
96.5
123.07
102.75
120.92
107.64
35.85
100.8125
106.49
114.47
117.85
43.68
4.09
88.1975
48.88
81.68
64.87
165.84
117.27
166.405
145.08
182.65
178.88
141.94
124.7
120.05
121.0
125.13
119.0
121.85
112.33
112.19
115.91
111.82
112.05
120.25
108.99
117.25
120.16
152.95
168.17
155.51
167.3
175.96
181.11
173.8
185.95
177.95
141.06
127.35
122.0
117.78
113.97
111.11
113.54
112.34
105.48
106.7
114.68
118.27
117.44
98.43
111.98
132.78
161.25
163.48
146.82
160.86
166.88
170.86
170.43
150.45
169.22
179.74
173.94
107.04
110.73
110.91
106.74
105.41
95.93
144.23
157.63
168.34
148.53
160.33
162.91
165.66
169.25
165.5
163.7
167.98
168.4
165.91
160.37
119.16
120.88
113.62
117.27
118.32
113.79
109.25
116.57
114.34
111.18
110.62
104.07
117.67
71.95
69.13
98.52
148.53
152.68
156.13
166.2
150.54
169.66
168.76
166.66
177.62
153.72
126.17
117.66
120.22
119.59
112.93
108.03
114.08
110.37
109.95
105.29
110.72
117.36
112.37
116.3
154.23
175.75
162.83
163.78
166.53
175.56
177.36
165.09
129.83
130.88
129.86
121.29
126.15
117.04
120.24
111.69
114.32
111.75
109.69
104.96
113.58
106.87
115.36
120.52
148.4
161.83
163.75
181.86
171.43
164.77
169.23
195.89
184.39
192.04
133.98
135.5
113.16
120.34
112.94
113.9
104.51
107.36
112.22
110.1
117.88
84.01
109.16
118.73
129.46
161.06
155.63
159.29
165.28
176.68
173.89
138.91
178.99
151.7
136.72
126.81
107.44
119.38
116.58
105.76
113.94
111.7
107.14
113.52
114.52
74.93
86.98
111.57
118.08
114.97
113.41
114.63
133.49
65.91
123.59
133.74
131.66
137.78
127.04
106.95
129.84
121.5
114.52
111.28
114.84
108.41
103.65
117.85
114.22
117.22
120.22
122.39
119.22
137.43
135.995
132.545
142.91
142.8125
154.64
140.2575
120.745
116.6
108.755
112.8825
105.78
97.215
106.3275
108.32
103.405
103.81
104.88
108.4575
118.51
118.84
136.2
144.8525
151.6425
156.845
164.235
157.115
158.6525
176.93
176.27
161.6875
136.4825
160.475
154.715
158.935
140.2675
125.3525
110.51
115.26
113.5675
114.3
112.825
115.5
112.28
115.84
123.92
123.6
139.72
167.56
167.58
163.46
162.08
174.17
177.98
186.25
175.61
142.97
135.33
129.51
130.15
125.46
111.01
117.25
115.41
117.84
112.69
106.2
110.85
110.17
112.48
122.38
120.66
157.16
177.53
173.29
160.53
172.04
179.3
183.13
187.54
156.85
132.19
129.44
120.22
119.57
112.71
110.07
104.31
97.74
110.27
109.69
115.11
105.64
116.93
110.09
125.59
171.99
164.72
135.6
170.46
160.64
169.78
176.19
186.59
180.19
127.46
125.85
111.23
114.31
111.94
105.84
106.81
110.95
103.35
106.38
102.67
112.1
106.96
115.03
113.87
152.7
165.29
168.73
162.97
164.13
171.63
180.6
185.22
162.62
131.03
128.12
120.68
113.9
119.29
113.44
102.74
108.61
106.33
108.46
112.74
108.71
119.95
116.96
108.13
162.24
162.46
162.1
162.11
160.13
173.37
183.95
176.5
163.3
106.46
138.84
123.92
108.99
113.66
109.09
111.21
108.85
110.51
113.75
112.45
111.64
106.67
108.88
116.48
154.88
158.99
146.93
171.79
179.27
175.53
176.53
166.2
189.69
63.06
100.29
105.1
109.32
116.78
85.7
108.0
107.54
113.0
110.17
118.11
97.1
120.23
119.88
115.55
120.63
173.49
168.13
117.03
173.4
138.49
124.25
129.71
70.45
126.73
132.75
133.08
120.9
119.65
104.8
112.5
113.65
115.0
109.74
120.21
114.62
108.05
104.37
128.22
126.33
181.59
174.99
117.88
165.12
157.98
136.97
129.0
126.85
129.85
130.29
125.11
122.31
111.02
99.71
111.69
114.48
114.09
106.06
110.32
109.28
104.22
102.23
157.25
166.5
161.46
171.15
176.72
180.09
168.23
152.08
154.11
79.51
127.78
128.02
122.41
126.74
85.82
111.06
117.03
111.09
105.43
107.6
109.53
116.2
108.52
119.46
122.37
132.57
164.86
178.2
151.13
132.05
182.06
176.15
120.62
63.33
130.21
121.31
112.77
93.93
90.48
87.88
76.15
79.23
63.24
108.05
101.27
113.3
117.11
119.72
141.63
172.02
159.98
162.9
157.9
163.82
174.16
192.1
180.82
174.17
115.53
123.11
131.21
125.9
109.52
116.38
109.69
114.65
107.09
104.24
112.8
103.18
97.53
113.54
132.55
164.07
154.19
161.78
158.85
165.41
171.25
173.55
146.12
174.91
156.17
148.28
113.75
118.38
114.12
106.79
107.97
112.82
111.85
114.93
110.86
108.72
110.52
115.51
122.33
160.9
93.88
120.68
152.75
169.76
163.31
143.17
124.27
171.53
173.77
176.05
161.98
149.1
162.81
112.87
104.18
105.14
106.39
108.87
117.2
101.89
98.3
121.09
164.06
123.41
146.55
147.54
161.34
154.26
166.04
78.01
62.52
70.71
43.65
114.92
37.75
98.83
86.79
77.65
98.26
105.72
111.41
99.8
101.66
105.94
109.39
114.48
115.72
119.48
116.81
108.53
126.92
122.0
120.43
121.85
128.15
65.58
112.4175
120.29
124.5675
125.01
124.36
115.915
70.56
110.28
109.53
101.94
105.64
56.94
90.39
104.36
98.59
107.14
69.02
111.76
51.27
110.64
60.54
11.55
60.76
60.3
130.3
121.89
63.14
29.28
110.58
107.53
107.03
111.68
99.85
107.63
109.06
101.75
81.9
56.16
87.31
4.12
143.55
106.14
103.44
34.55
159.68
133.77
140.24
116.99
72.33
81.09
27.48
67.3
111.35
100.7
78.87
87.03
105.7
102.63
29.91
112.83
99.69
112.15
114.45
161.01
144.75
154.61
162.61
167.67
158.42
173.06
184.7
137.29
93.83
116.93
121.85
118.75
118.94
117.39
112.08
104.94
104.7
114.26
99.4
119.09
117.99
115.93
123.8
162.13
156.91
159.83
167.38
163.14
155.58
131.75
141.41
150.09
91.25
116.0
72.43
109.84
117.64
107.37
107.66
114.13
111.15
90.42
78.16
100.99
108.79
105.39
46.51
116.32
170.71
169.18
178.07
176.87
181.8
186.26
187.83
186.89
174.74
140.54
134.04
128.97
121.56
120.03
116.34
115.87
113.51
116.86
120.29
117.54
118.18
120.17
125.9
166.75
166.9
166.95
169.8
170.74
179.34
184.89
187.82
185.37
183.56
183.73
166.73
127.22
119.98
112.58
109.99
111.3
112.12
109.78
117.67
117.09
118.07
116.5
156.75
169.45
171.91
168.12
171.79
174.98
181.09
183.8
185.26
183.49
176.21
182.45
155.72
120.68
115.13
116.39
114.36
112.54
110.82
108.39
113.34
112.85
109.5
119.47
129.61
165.32
166.06
173.81
170.46
170.56
174.06
179.2
177.69
179.95
182.72
148.54
123.87
120.89
112.21
112.51
110.78
107.99
104.09
106.82
109.69
108.59
108.87
111.46
116.46
163.87
166.15
168.58
167.74
167.25
173.13
184.01
187.81
185.71
172.88
173.38
151.72
121.85
116.55
111.78
110.62
104.69
110.58
111.56
115.93
115.66
113.9
117.98
136.46
175.47
168.89
158.28
168.63
172.18
170.59
183.4
179.03
181.27
188.72
186.1
173.73
154.22
145.34
141.77
137.39
137.92
128.33
114.4
115.87
115.61
113.61
174.73
290.82
267.57
260.5
261.38
262.29
262.61
264.74
263.74
270.9
256.29
268.45
244.85
243.84
243.3
230.56
220.44
137.41
137.02
130.63
133.68
132.03
125.55
122.49
125.18
126.08
131.02
292.78
253.45
246.62
250.49
254.87
256.44
251.0
255.46
246.42
239.54
233.77
228.74
229.49
225.76
215.72
209.99
208.0
205.99
212.43
202.97
210.55
214.63
207.44
211.37
210.58
216.71
218.8
214.86
223.9
221.45
221.64
227.37
224.52
224.45
217.09
192.79
162.91
154.0
148.54
145.62
134.63
141.93
142.85
124.45
126.29
131.11
225.95
236.02
231.6
236.71
226.95
229.43
238.95
235.93
233.17
220.69
222.95
219.27
225.84
210.6
194.45
152.35
150.64
146.14
142.71
138.17
137.41
124.68
126.2
127.08
159.55
274.23
234.71
235.4
224.32
234.41
235.48
240.64
230.87
236.01
232.04
225.32
222.05
210.32
214.79
211.12
204.2
205.37
202.9
202.46
200.11
195.87
201.05
202.48
212.81
215.08
213.46
219.03
205.78
219.46
220.15
228.65
182.93
228.57
236.13
219.41
213.58
203.66
197.89
177.18
141.91
147.64
143.2
142.64
140.4
136.99
124.71
132.48
188.07
149.54
181.37
98.33
146.99
144.72
177.12
239.15
235.37
176.57
178.81
181.23
162.14
193.23
172.34
125.09
130.38
141.66
141.15
140.17
135.02
39.24
133.57
131.89
129.5
134.55
151.56
271.15
230.15
238.86
230.4
237.27
240.96
228.98
231.34
182.69
153.38
150.45
142.32
135.68
129.98
132.39
132.41
133.67
134.32
132.38
130.9
129.63
125.98
124.69
114.35
118.02
125.77
132.9
272.12
258.38
247.04
248.4
230.27
242.85
156.66
142.83
141.26
135.18
126.49
133.04
131.01
124.01
127.27
123.58
124.77
123.33
117.83
117.05
118.82
116.16
124.7
280.18
247.89
240.65
243.2
233.72
228.85
218.45
213.06
178.39
152.5
137.16
130.17
131.38
127.09
123.92
120.0
119.01
117.01
132.38
123.25
125.4
253.84
224.5
235.7
234.01
228.09
239.79
223.9
240.37
229.58
229.9
217.37
211.52
211.03
126.49
130.32
120.34
124.16
125.76
121.0
203.45
193.04
194.36
202.41
202.39
203.21
207.86
206.8
210.28
198.79
206.04
211.57
204.86
209.01
209.9
194.65
208.25
185.18
155.02
119.69
122.92
112.43
121.36
118.55
176.2
176.86
196.71
197.95
192.55
187.8
207.02
187.47
205.51
201.43
205.17
210.43
215.96
210.09
215.22
200.5
196.41
175.82
179.47
180.96
176.1
177.49
185.12
184.93
180.79
177.6
176.42
183.06
186.16
197.2
200.31
185.98
189.48
199.0
208.99
209.95
158.51
189.82
195.96
195.52
176.04
123.55
113.38
117.02
116.0
115.04
115.0
110.34
113.75
119.45
176.11
184.89
180.67
181.33
176.79
163.45
167.21
183.01
198.06
134.67
134.98
108.82
134.64
135.62
125.95
115.06
108.51
118.47
113.58
111.3
112.79
117.22
110.27
114.29
205.67
175.64
176.87
182.32
172.52
185.06
178.59
183.35
185.68
179.71
189.15
181.2
124.49
132.83
120.92
121.59
112.66
114.98
118.13
109.27
45.77
122.79
107.75
200.88
178.86
176.41
183.61
171.2
185.12
179.3
175.44
188.75
186.35
196.42
204.12
189.7
163.23
128.89
127.46
120.39
116.02
109.59
121.4
114.48
111.75
100.66
161.99
171.17
170.74
176.27
172.78
192.11
131.71
177.04
187.39
195.32
202.07
210.7
198.54
195.57
173.62
175.34
177.8
171.78
174.49
176.41
171.47
166.41
168.63
164.33
164.26
164.16
168.92
169.53
180.04
179.97
179.95
186.02
190.05
186.58
175.01
179.6
181.42
188.73
186.24
178.69
176.36
162.27
173.4
178.8
171.48
163.78
164.45
166.23
168.0
162.49
176.12
176.29
183.01
184.84
185.43
169.45
195.79
184.76
199.06
200.29
202.76
202.39
196.85
178.83
181.46
185.11
173.05
165.89
174.97
175.8
185.5
180.83
134.86
113.12
117.35
112.8
115.96
113.32
109.87
107.27
123.33
126.83
133.32
172.04
170.88
176.2
169.82
155.52
154.49
144.4
149.69
127.24
138.07
139.23
128.59
130.62
130.43
147.24
133.24
129.98
131.73
129.88
129.4
129.82
136.95
132.11
137.1
140.79
150.64
136.47
145.62
129.12
136.46
120.26
124.48
123.13
119.14
120.51
117.15
120.81
116.58
111.59
112.21
109.3
108.56
121.62
109.94
119.11
111.65
127.79
119.62
118.04
137.57
241.76
175.49
148.39
143.31
139.41
132.69
135.02
129.58
123.87
133.1
120.87
176.97
196.89
174.72
186.79
197.51
184.87
190.65
194.32
194.72
186.98
199.28
202.93
180.81
179.18
125.16
132.84
131.41
123.4
115.79
105.58
111.51
119.92
119.25
131.01
187.07
163.78
182.8
165.85
190.69
186.25
191.84
191.76
181.52
198.08
189.98
185.74
168.24
183.17
178.15
171.99
169.04
177.15
135.47
106.53
109.29
118.3
104.4
186.2
151.26
164.79
163.41
175.37
175.49
175.77
174.5
173.86
185.1
176.88
188.73
190.97
178.84
172.47
192.89
188.99
181.39
174.48
152.7
159.35
106.39
112.02
109.09
152.68
171.36
163.23
162.87
171.24
173.83
186.41
161.81
187.37
192.6
178.78
191.17
181.79
192.97
176.9
162.77
172.35
163.23
139.92
104.84
104.81
102.12
95.74
109.89
144.77
174.61
147.68
157.78
159.6
171.7
167.7
168.7
171.25
171.93
186.21
186.6
204.11
198.61
182.32
172.6
169.02
170.44
152.89
161.84
161.57
103.75
104.38
97.08
150.75
149.72
155.05
163.17
168.79
167.5
166.92
183.74
173.19
172.78
181.79
174.96
186.89
161.02
182.03
169.73
171.8
172.09
170.26
156.9
158.63
144.85
142.31
92.44
164.72
165.39
154.29
155.66
165.19
175.09
168.41
184.25
166.94
163.21
180.99
191.52
178.23
177.08
183.55
170.63
172.88
179.74
176.74
181.24
176.68
182.0
158.76
166.05
162.93
167.59
175.0
163.52
169.11
162.6
178.34
178.11
175.85
158.12
161.62
183.23
176.88
179.37
186.51
182.39
170.41
181.49
167.87
171.45
162.68
157.95
171.19
115.63
157.4
147.56
158.4
167.7
181.33
182.76
181.44
175.37
189.67
193.12
186.39
177.71
197.76
197.47
195.5
190.43
188.3
178.35
172.62
163.31
166.84
166.2
155.53
162.79
158.67
171.24
168.48
179.4
186.78
182.36
186.75
187.59
195.05
185.97
189.02
199.35
191.1
197.0
192.93
185.65
184.7
183.36
184.34
182.68
174.5
163.09
177.29
160.45
164.72
157.6
174.1
161.84
184.56
185.36
185.13
180.52
175.81
190.68
185.94
203.88
202.68
223.13
204.52
214.08
196.74
180.93
193.31
169.4
174.67
181.96
152.48
177.77
185.63
179.22
188.17
187.4
185.58
189.61
207.28
201.27
199.89
212.01
223.47
218.99
226.55
224.9
217.13
229.97
217.92
188.63
199.76
192.57
192.94
186.43
187.87
186.05
183.21
186.98
154.0
195.295
202.9425
188.67
179.95
201.4
202.51
220.06
209.69
192.28
213.71
213.31
222.06
231.25
223.49
214.36
217.01
204.15
209.31
202.47
197.91
204.45
197.67
182.19
188.08
186.5
196.4
209.28
192.55
199.68
201.31
189.94
219.27
218.1
209.15
201.46
212.59
213.3
201.35
189.44
193.39
180.14
197.83
181.47
167.58
180.3
177.49
171.77
188.22
172.33
190.43
178.5
175.95
184.78
188.17
181.99
173.95
197.55
197.48
206.99
206.58
196.71
208.07
191.52
179.35
169.19
164.79
169.51
179.35
168.81
163.5
151.05
173.88
162.69
190.51
175.22
193.16
186.82
188.58
199.43
200.29
187.06
186.05
190.52
188.12
203.75
204.16
191.96
168.84
174.78
162.7
178.76
174.51
177.38
155.1
170.52
178.33
181.75
187.91
182.71
196.21
195.87
177.14
194.76
195.44
188.49
203.76
213.36
184.5
209.54
204.23
199.55
171.39
187.68
174.16
149.55
103.77
161.48
167.34
148.12
173.73
182.37
192.81
192.09
199.29
203.92
198.65
180.94
197.28
197.09
204.46
201.19
221.74
222.65
206.57
203.83
197.73
195.44
175.41
174.1
176.79
166.52
186.95
177.31
154.46
187.68
202.23
190.86
208.82
204.69
207.53
191.19
209.12
198.38
199.4
217.69
209.23
182.13
205.05
204.13
176.85
176.24
151.82
174.57
128.98
170.95
170.05
167.05
169.2
184.99
172.69
173.21
195.95
192.68
163.72
187.85
208.52
196.69
211.22
209.77
189.52
193.22
179.96
201.44
183.06
174.76
163.92
176.99
161.18
162.25
160.13
156.58
158.2
175.81
171.7
177.66
189.26
198.73
197.87
194.53
190.12
216.79
227.14
193.33
207.71
213.7
221.28
198.78
185.78
184.37
172.63
183.05
164.51
189.65
195.82
173.35
184.03
184.99
158.08
186.62
176.28
201.62
188.15
201.9
195.75
222.65
215.2
217.8
205.45
210.66
202.55
196.34
190.18
190.18
192.57
175.23
170.04
170.86
180.21
172.77
187.82
196.73
199.0
186.9
207.0
205.42
198.24
221.07
207.3
212.38
213.43
228.42
217.7
222.49
194.3
198.18
207.38
187.1
174.92
181.18
170.48
184.0
191.52
188.23
169.66
179.63
192.83
184.48
197.54
214.8
202.3
213.39
235.24
223.23
217.64
194.26
193.45
205.78
204.57
198.05
184.66
195.3
197.44
174.45
171.69
179.71
181.47
164.61
194.26
177.08
194.85
213.85
213.08
225.86
230.47
216.95
217.53
203.79
232.88
233.91
210.4
176.69
202.24
196.08
228.52
166.05
209.51
210.82
185.81
199.28
198.63
183.89
182.0
198.59
202.38
208.01
190.31
231.66
216.24
223.99
221.66
234.59
248.52
235.02
245.88
225.69
202.35
209.29
188.68
192.35
207.5
189.57
207.08
178.91
180.99
192.31
182.93
177.45
175.49
206.93
213.66
210.5
213.22
218.94
233.53
247.01
224.26
255.6
242.94
224.69
211.43
221.31
212.32
222.23
182.44
176.01
184.17
197.23
190.71
199.09
185.75
201.35
202.88
205.59
201.06
212.33
204.81
135.7
212.8
228.15
226.35
226.01
186.68
222.35
234.06
217.86
205.81
206.35
195.26
165.33
182.93
178.31
171.78
178.65
181.09
183.96
196.32
178.33
207.38
201.89
204.24
192.6
191.69
224.19
214.59
176.26
200.35
213.98
195.15
195.36
173.86
196.04
194.73
158.74
168.01
153.18
169.1
169.07
167.95
177.86
192.23
195.42
188.05
193.72
199.0
197.07
206.95
211.26
204.68
212.66
205.46
197.42
191.73
214.08
176.18
168.53
179.34
180.68
164.63
165.31
165.49
175.59
177.51
174.76
198.17
193.93
189.27
206.65
192.98
200.23
206.96
195.3
199.24
200.07
202.86
194.87
182.34
203.28
190.96
186.49
174.83
177.56
182.47
177.44
194.87
162.98
168.02
182.75
193.47
186.86
182.25
210.29
198.46
193.24
200.17
205.15
218.31
216.82
202.97
195.6
187.99
219.48
189.19
195.52
187.58
161.17
108.67
158.4
172.25
181.31
160.71
184.77
170.13
183.29
205.04
165.52
172.64
197.4
206.7
216.21
190.05
202.44
210.66
192.91
203.03
182.87
192.66
153.16
112.12
117.53
117.28
138.02
186.13
187.5
161.85
205.09
174.06
184.62
169.13
178.84
183.1
205.8
210.35
198.48
187.61
198.24
186.91
198.43
186.39
201.9
186.46
167.56
163.95
178.19
127.87
171.46
176.92
155.23
162.07
190.1
174.06
185.04
201.41
174.13
171.5
190.0
194.45
198.14
177.24
185.04
191.18
178.65
195.98
199.12
108.9
94.46
88.48
103.9
105.18
118.66
183.23
157.24
169.47
142.41
148.64
172.73
194.84
180.98
174.64
183.45
184.68
194.79
182.39
208.23
193.51
194.14
225.82
190.52
173.09
143.7
101.63
100.08
92.37
147.98
185.645
186.295
189.865
192.2825
203.01
179.87
173.84
185.44
200.56
183.04
193.29
189.98
173.06
187.88
207.95
199.3
193.14
188.48
185.76
179.33
161.03
147.91
94.16
150.22
159.78
166.52
177.03
171.59
177.04
176.91
190.91
188.99
207.14
182.34
183.74
187.74
188.56
197.28
199.06
159.55
200.5
175.25
163.06
186.88
154.43
179.76
159.86
164.56
153.5
170.15
161.29
177.27
186.55
159.62
182.15
198.08
209.18
172.88
205.6
209.5
202.74
222.19
196.56
199.07
196.55
192.7
174.19
199.61
189.26
183.26
188.85
169.43
176.0
171.48
110.23
100.86
97.8
126.35
170.88
187.0
190.14
196.43
187.7
191.27
207.51
208.48
225.65
182.4
199.53
197.19
200.28
187.36
183.33
172.73
164.67
173.97
157.99
178.73
169.07
189.73
189.96
181.25
209.03
178.88
180.15
208.24
213.76
224.55
214.22
185.92
222.73
205.09
218.62
199.36
178.98
190.34
187.99
175.11
180.84
193.4
167.97
187.02
183.73
173.42
194.11
188.6
194.81
192.41
179.77
210.26
185.27
212.32
213.7
208.1
209.74
180.89
193.53
179.59
191.74
181.62
91.07
93.49
104.08
174.91
160.61
173.22
150.42
156.41
188.91
163.43
175.52
182.95
163.41
176.99
185.2
187.44
177.36
178.72
181.59
167.07
169.8
163.41
118.92
109.19
103.45
100.28
110.43
187.88
164.63
173.63
172.64
163.37
159.81
170.28
175.27
182.74
182.23
144.17
179.77
178.29
193.13
212.19
203.02
176.28
165.92
178.35
166.21
166.3
145.34
94.35
109.03
155.56
146.04
138.68
169.02
162.67
171.72
175.35
173.63
187.72
197.22
205.68
179.8
199.86
199.51
207.86
206.83
181.64
168.98
194.97
170.12
165.72
177.82
176.93
186.11
155.59
144.7
185.84
183.7
180.6
193.52
189.29
187.0
191.89
180.14
176.78
164.73
203.72
212.06
209.83
216.61
200.56
207.81
179.81
204.13
202.49
181.79
161.92
160.37
183.07
163.06
177.28
171.18
205.8725
89.21
195.96
187.7
191.55
200.01
207.1
203.43
215.51
208.13
208.51
224.19
204.73
213.59
203.43
173.13
202.03
178.26
184.44
180.48
180.98
178.04
181.33
181.35
217.9
226.44
229.61
222.75
226.61
229.03
232.47
245.44
240.78
247.62
247.56
244.45
241.65
237.05
236.26
230.18
223.06
216.73
213.7
212.97
206.01
212.98
211.36
217.22
217.75
219.34
223.68
227.79
230.15
227.15
227.47
234.9
245.77
247.05
242.62
248.22
251.62
238.49
235.34
226.41
219.58
213.85
213.0
206.5
197.31
216.76
212.98
213.95
216.02
213.52
215.96
219.79
226.23
227.07
232.32
238.9
239.19
246.2
244.57
240.45
238.97
231.27
226.97
224.14
218.03
214.73
211.44
211.56
206.27
211.32
202.6
212.85
208.02
216.61
213.86
217.09
214.77
217.77
221.31
223.31
231.96
229.65
226.53
220.24
220.24
219.39
216.43
217.78
206.36
204.06
198.2
195.04
196.79
188.2
155.74
181.3725
184.8525
185.2075
187.7125
190.77
194.035
191.1
189.57
189.435
195.99
202.11
203.87
205.55
161.195
128.3675
125.8675
125.31
127.98
136.815
122.7125
124.185
126.215
138.83
150.7725
163.6975
165.17
205.0
220.12
202.61
223.49
216.52
213.69
227.0
219.67
213.59
212.9
214.65
216.81
211.48
178.75
126.31
122.01
120.33
119.11
116.21
225.38
186.7
187.8
193.74
200.66
200.59
194.83
211.55
202.77
215.56
209.08
226.34
222.57
226.29
236.56
232.06
235.95
231.16
219.96
222.98
210.9
200.98
208.79
193.53
209.54
202.15
209.03
208.59
213.58
216.29
219.35
217.45
221.08
230.38
227.8
230.68
244.2
247.09
242.02
243.99
244.55
240.69
235.55
230.51
225.59
221.23
216.8
213.97
213.64
214.62
215.14
218.88
229.11
229.08
232.86
235.45
237.57
240.69
245.59
246.14
250.63
250.26
256.3
249.52
250.14
246.74
241.26
236.31
231.47
225.91
223.24
220.97
223.47
220.27
218.15
222.99
228.84
176.4
237.81
182.31
251.61
251.09
259.94
266.7
268.29
271.52
271.09
273.63
269.51
265.66
261.8
253.72
243.31
239.04
232.8
230.16
229.09
229.11
234.72
237.37
239.82
242.81
255.61
189.41
258.32
258.63
262.8
268.75
265.58
201.42
138.52
204.43
268.87
231.31
216.43
217.78
206.36
204.06
198.2
195.04
196.79
188.2
155.74
219.61
244.91
250.95
250.03
255.78
259.62
263.14
268.5
269.41
268.76
271.63
272.1
278.15
270.63
272.12
273.15
266.54
258.45
251.03
244.94
243.72
242.27
242.0
242.88
248.2
251.23
254.61
259.47
274.63
276.85
278.93
274.77
275.21
275.84
278.49
273.05
269.59
270.78
271.7
265.68
259.78
254.69
244.76
245.21
236.21
232.28
228.15
234.5
234.94
238.82
242.15
245.06
247.11
249.64
250.63
244.66
248.14
247.15
250.16
245.07
244.26
243.78
247.67
240.02
235.75
230.56
223.44
221.03
218.14
218.79
217.1
222.59
217.07
222.17
227.97
229.63
231.04
232.32
243.33
242.21
243.92
251.31
246.36
243.62
243.07
247.61
240.9
236.89
235.02
227.46
223.46
220.83
217.95
218.75
219.04
220.54
222.77
223.37
229.07
225.2
228.31
231.96
239.95
238.69
240.6
244.77
244.5
248.19
251.24
244.2
243.29
237.53
230.63
230.43
222.82
216.5
211.21
212.83
210.4
214.62
218.21
220.84
221.55
235.87
233.22
232.5
235.02
231.12
233.74
241.79
242.99
248.13
235.44
232.07
226.69
224.5
219.27
219.85
214.48
210.51
206.08
200.6
206.51
214.91
220.1
214.23
221.76
222.58
224.14
223.13
221.7
219.47
221.62
218.75
222.37
228.14
224.32
214.92
208.36
212.04
199.51
197.98
161.61
114.04
115.69
233.47
193.75
203.89
207.7
217.74
219.12
220.75
213.46
218.99
221.39
216.35
219.42
221.28
218.3
222.79
217.14
212.41
210.71
205.96
198.47
193.09
204.47
190.81
189.19
189.87
208.25
198.84
206.2
208.43
214.21
217.8
217.28
196.73
156.54
151.29
151.35
147.23
147.78
141.78
153.68
149.1
145.73
138.42
142.89
134.03
131.88
146.1
135.12
199.66
228.15
234.5
225.7375
230.96
222.04
217.34
239.44
234.39
233.48
236.37
241.34
251.1
244.6
243.31
239.49
239.56
237.94
232.88
229.73
226.51
224.94
220.38
220.06
219.64
223.85
226.91
231.01
232.59
231.47
237.28
238.95
245.63
245.93
239.71
243.44
244.69
250.02
252.93
247.19
246.38
240.92
237.36
232.84
223.96
219.77
221.39
219.57
217.19
220.84
224.42
228.18
231.78
234.07
236.12
243.46
239.11
247.8
244.67
245.74
249.61
247.83
245.83
245.55
245.61
244.32
242.33
238.05
233.33
232.56
230.26
228.18
225.51
227.91
233.39
231.48
234.61
235.9
238.84
239.49
244.07
239.37
239.78
241.9
241.15
239.47
235.53
238.41
236.11
238.98
231.35
226.07
223.26
220.18
218.71
216.3
209.53
214.68
216.46
216.51
216.35
218.94
223.65
219.75
222.65
221.02
215.96
216.26
215.92
217.86
213.3
186.17
126.78
124.85
126.27
122.86
122.24
117.33
120.41
118.53
116.91
230.79
199.37
204.44
199.47
202.74
203.84
207.2
209.79
205.72
208.5
208.74
214.1
212.73
212.55
212.18
209.87
209.13
207.91
205.53
202.93
203.64
196.86
194.33
194.51
191.94
195.98
199.19
198.91
200.43
206.56
210.38
213.87
213.86
211.9
218.51
222.28
222.35
227.39
223.5
221.25
214.65
213.9
211.18
206.4
206.71
208.22
201.92
203.91
204.69
204.03
206.1
208.55
210.76
216.15
222.04
225.89
224.02
230.9
228.59
230.81
232.6
228.72
228.85
225.78
222.02
217.97
212.82
211.93
209.41
206.57
206.26
207.98
206.31
209.7
208.28
211.77
209.61
216.66
218.2
222.95
224.13
225.82
229.42
228.83
234.85
235.95
233.68
231.35
232.01
221.35
221.21
217.45
215.16
214.37
211.61
209.28
207.91
213.81
214.56
219.46
221.35
224.59
228.29
231.82
235.25
235.54
236.18
238.83
242.33
238.82
238.75
233.34
235.0
231.11
227.38
225.37
221.86
220.57
218.6
215.97
216.15
219.42
219.49
221.0
221.43
228.71
234.4
236.65
241.0
237.06
244.79
241.95
244.13
245.87
240.31
237.68
232.3
228.34
225.29
221.25
218.39
216.98
215.26
213.24
213.17
213.53
215.04
218.02
220.94
221.04
222.01
222.99
225.37
227.44
224.94
228.05
227.58
229.2
226.77
227.07
215.55
215.41
215.72
213.8
211.05
207.98
205.62
206.33
205.19
205.97
206.93
210.16
210.05
212.67
215.1
222.62
223.08
221.96
220.59
217.63
223.4
224.96
220.38
225.49
220.14
215.56
215.88
211.19
206.04
208.55
203.84
204.96
203.22
213.23
209.1
210.9
211.38
216.51
217.21
218.75
223.79
227.89
225.38
228.62
226.78
230.77
233.0
230.11
224.42
221.33
220.07
219.59
215.74
211.34
207.02
203.37
209.66
210.07
208.79
216.15
217.66
223.06
223.42
230.17
237.67
236.44
237.11
238.02
238.16
241.87
238.85
238.05
234.39
231.56
229.03
227.01
219.01
218.71
217.43
217.37
215.17
220.46
221.79
227.78
229.27
232.86
237.35
240.64
246.46
248.5
249.47
255.07
255.36
255.37
255.02
253.9
251.56
246.54
240.4
235.79
232.18
229.64
228.23
227.24
228.44
226.69
228.76
231.72
234.37
240.21
243.0
250.78
250.33
253.7
262.36
263.7
265.01
266.56
261.87
259.26
252.01
251.33
244.42
239.02
233.93
232.29
229.52
230.11
232.16
233.14
236.36
240.95
243.76
246.62
251.27
258.28
257.81
264.56
270.4
273.82
275.98
271.18
272.43
265.24
261.82
259.02
250.7
245.44
241.26
237.5
235.56
239.12
238.41
239.32
246.21
250.03
252.02
259.02
267.79
268.03
271.38
271.06
276.87
283.9
281.5
286.42
277.13
271.02
269.04
264.32
258.65
255.28
251.06
247.12
241.31
241.19
240.38
244.16
247.88
255.32
259.61
265.68
271.22
279.07
278.22
279.2
284.68
288.35
290.15
291.28
285.25
282.24
275.69
269.78
265.15
259.55
254.69
250.41
245.92
246.58
251.3
253.53
257.71
262.25
270.16
276.79
284.8
286.66
293.17
294.03
294.89
295.73
299.66
292.34
292.7
281.1
277.0
273.33
268.04
262.43
256.84
253.27
251.52
251.94
251.24
251.32
257.91
264.26
269.05
279.61
280.83
288.52
291.85
296.3
292.28
293.09
290.42
294.34
294.54
291.41
280.14
268.04
263.62
259.91
254.03
249.93
247.15
249.06
254.46
255.73
262.87
269.05
275.83
282.73
281.85
291.31
290.68
294.31
294.13
295.46
299.42
295.91
290.14
284.82
283.68
269.84
263.99
256.15
252.83
249.01
245.56
246.99
248.05
249.53
254.42
263.66
266.69
268.68
269.8
274.86
281.2
282.22
281.48
275.08
282.9
283.54
285.32
276.04
268.46
263.82
258.6
254.41
249.14
244.66
239.89
239.97
243.85
246.09
247.31
253.38
260.45
266.74
266.58
268.05
267.18
275.26
280.42
283.78
282.4
280.97
276.8
276.9
271.32
267.41
260.45
256.16
257.89
259.19
260.16
262.15
257.56
260.14
266.76
266.02
267.83
278.05
279.33
279.3
284.53
283.88
280.31
283.75
283.94
283.34
277.06
281.89
273.22
269.21
262.74
259.09
257.21
255.5
251.84
251.27
246.24
244.83
241.77
245.58
243.64
248.49
249.35
252.04
256.73
252.7
257.17
259.72
261.78
263.26
262.6
257.24
256.32
251.98
249.0
245.87
242.39
238.26
233.8
234.1
235.13
238.56
241.07
244.93
248.24
255.66
260.83
263.79
266.94
267.77
272.29
274.7
282.25
279.47
280.41
274.78
264.23
258.61
255.04
249.15
246.53
243.96
244.01
242.65
243.94
244.85
248.3
256.6
265.6
273.5
281.55
274.11
287.57
294.85
296.8
294.68
306.48
305.35
307.93
299.67
293.61
292.23
283.84
285.06
280.6
281.18
280.06
280.12
281.19
281.32
284.8
289.02
290.95
293.34
303.23
301.38
302.7
307.01
306.76
306.66
310.6
306.58
307.44
313.62
303.3
296.73
292.8
285.9
283.34
282.34
280.99
281.18
280.39
279.44
283.55
284.73
290.32
293.06
288.87
295.24
296.92
301.35
307.27
311.23
310.85
308.03
311.13
304.96
302.37
294.31
292.21
285.93
280.4
276.66
270.43
263.94
266.81
263.69
267.54
271.31
279.12
283.42
286.68
288.72
293.59
291.39
290.34
295.34
296.2
296.15
293.26
288.7
282.38
276.5
270.81
262.85
257.3
251.65
248.62
248.38
250.37
260.11
260.31
272.58
276.27
281.9
287.05
292.36
297.65
299.16
300.67
299.53
308.65
308.83
308.71
303.43
293.34
284.15
273.63
270.77
269.29
263.76
259.34
260.29
258.07
258.53
264.25
276.31
279.65
287.35
294.74
300.65
305.7
303.26
305.27
307.4
311.89
314.13
310.19
302.45
299.86
293.62
287.39
282.82
281.24
277.42
272.67
270.09
274.28
277.24
282.85
290.45
295.36
301.97
309.96
313.3
315.57
316.83
320.69
322.54
322.64
323.5
316.33
311.26
309.57
304.02
297.12
292.16
288.93
284.34
280.75
280.34
287.73
290.01
294.21
299.91
309.27
319.85
326.23
326.26
325.84
331.01
337.12
336.07
338.58
338.24
328.56
326.54
323.98
314.91
308.51
303.66
300.26
295.97
290.69
288.88
293.65
298.1
306.15
308.45
315.81
323.88
326.19
329.7
332.63
336.42
337.89
339.44
340.89
346.76
339.28
336.84
330.32
321.56
316.28
310.39
304.03
295.97
290.69
288.88
304.02
308.37
314.63
322.56
324.99
323.7
324.61
333.35
336.2
341.2
347.8
348.51
348.92
350.55
348.18
342.65
334.48
330.23
323.65
317.37
308.38
305.25
302.38
302.87
308.08
310.4
316.55
325.24
330.95
337.21
339.43
345.84
348.49
352.0
351.61
353.47
359.4
351.45
345.11
342.65
334.48
330.23
323.65
317.37
308.38
305.25
302.38
302.87
305.47
308.23
312.16
314.65
325.89
328.4
341.26
338.08
338.84
340.42
346.64
344.83
336.31
332.27
330.9
328.3
320.19
313.95
301.66
296.02
287.55
283.69
280.34
281.37
280.04
286.62
294.48
302.65
307.51
317.45
322.96
327.86
324.91
329.01
330.69
336.67
338.42
336.79
336.12
333.95
325.59
321.17
324.57
311.86
312.34
304.89
298.24
303.22
304.23
310.08
316.05
322.69
328.71
336.8
336.1
340.29
344.96
344.56
344.44
345.11
344.18
347.94
345.56
341.3
337.3
329.16
320.11
314.57
310.33
304.76
301.38
303.52
307.24
308.83
311.74
318.48
318.54
319.15
328.33
329.82
336.28
338.98
342.02
348.52
347.95
350.1
347.39
341.64
335.91
328.23
320.37
316.1
305.51
295.97
290.69
288.88
304.02
308.37
314.63
321.52
327.29
332.15
336.24
339.94
343.7
347.27
344.49
350.07
350.89
353.42
347.97
344.48
339.05
329.85
325.68
315.87
311.07
306.06
299.26
302.92
308.85
310.31
317.5
322.71
328.35
333.83
333.72
338.39
345.44
351.63
353.43
353.33
363.53
359.69
356.37
350.75
345.65
336.99
331.75
326.95
322.03
315.57
312.26
315.9
320.9
323.24
324.92
329.95
333.81
344.1
343.87
345.38
354.69
360.46
355.7
353.55
355.39
353.34
355.52
351.31
346.21
337.41
333.12
329.77
329.03
326.15
319.74
327.28
331.15
331.19
330.28
326.92
343.47
353.1
359.01
357.52
358.94
358.45
361.51
361.23
365.95
364.59
363.78
362.41
362.54
357.33
349.15
347.97
342.98
343.03
335.9
339.25
338.11
335.42
338.05
340.93
344.51
351.16
352.19
355.72
356.36
358.88
359.68
363.31
357.42
353.69
358.21
355.06
351.0
349.99
343.42
339.73
333.78
328.92
324.85
326.03
327.52
330.76
335.22
335.2
348.01
355.33
355.14
355.33
352.24
356.45
359.54
359.23
363.02
364.58
365.76
365.42
356.93
351.49
349.42
339.88
334.87
331.2
327.94
331.29
335.72
335.16
340.25
343.44
347.94
355.05
362.15
365.18
367.16
371.18
368.58
371.68
374.74
373.02
368.98
380.0
384.42
370.3
363.6
355.12
352.85
348.2
340.02
337.36
331.7
335.66
339.5
343.24
345.13
350.77
356.87
361.71
367.07
366.4
364.18
364.15
367.81
369.91
364.8
359.98
347.62
345.31
338.25
344.97
339.65
334.26
328.41
325.95
328.34
331.5
333.49
330.58
341.26
345.09
350.82
359.09
357.42
358.23
353.41
358.15
362.17
364.67
363.33
357.69
347.24
338.54
332.52
329.24
323.5
318.98
314.32
317.57
319.92
322.66
325.13
331.82
339.44
344.41
352.12
358.46
359.87
357.05
358.27
355.15
357.75
355.29
355.02
349.25
350.13
343.57
334.56
335.82
336.19
335.52
334.48
328.7
325.57
324.48
320.6
324.38
323.02
329.75
329.62
333.33
342.03
334.07
336.73
337.52
339.34
341.04
345.97
342.61
339.49
336.22
332.01
327.7
324.73
317.64
314.24
312.79
313.75
319.37
320.65
329.71
330.94
334.6
336.12
337.14
343.19
346.32
342.75
345.31
340.12
339.28
344.03
342.72
338.74
332.11
328.09
325.45
322.27
319.91
316.8
313.95
316.59
321.81
323.44
325.58
328.3
336.44
334.3
339.79
349.23
349.27
348.05
351.94
349.63
346.47
345.54
343.18
336.88
329.95
323.52
319.98
315.54
314.2
316.01
316.05
314.17
317.83
318.03
319.52
325.03
328.08
330.64
341.09
340.49
345.58
350.02
349.47
350.43
351.33
349.91
343.07
337.31
333.55
332.05
332.22
329.02
325.04
321.26
321.59
330.35
328.07
326.16
325.85
333.24
340.82
347.89
352.73
353.81
349.3
354.61
354.42
354.14
350.22
348.75
348.56
338.98
330.72
318.54
314.11
308.86
307.44
303.02
305.12
311.68
311.35
316.92
321.04
327.3
332.87
340.09
341.35
345.99
350.75
352.9
352.51
360.17
356.24
341.61
328.12
322.58
311.97
304.94
299.69
292.94
288.95
286.36
289.2
298.43
303.45
307.17
310.18
317.39
320.33
322.71
326.83
329.59
324.11
330.32
328.66
328.88
323.47
317.41
310.68
304.53
293.11
288.94
285.63
283.56
278.83
277.2
279.34
283.44
288.53
291.53
294.09
298.9
309.67
310.42
320.26
321.61
326.81
328.32
332.91
331.67
335.38
333.36
328.91
320.57
315.29
312.12
308.9
306.12
301.81
297.4
295.36
294.05
300.15
306.92
315.32
326.19
328.53
332.79
332.95
330.3
336.02
331.5
328.98
331.69
337.11
331.34
322.53
314.78
310.11
301.35
296.47
291.0
283.67
280.97
285.99
284.97
287.04
294.24
302.49
311.85
319.97
328.55
334.73
338.84
336.48
332.84
334.04
338.05
335.6
336.95
341.04
339.49
333.3
331.42
326.54
321.58
316.15
313.75
316.1
319.17
323.71
328.01
326.6
327.95
335.96
339.17
352.68
355.24
351.4
351.01
349.99
355.08
356.57
354.47
353.64
348.56
341.39
336.34
331.97
324.75
320.14
316.84
313.19
314.69
316.37
320.59
322.01
338.89
339.15
342.93
346.84
357.58
360.29
361.79
366.46
366.84
374.21
370.77
359.22
352.25
346.4
340.55
333.34
327.05
322.44
317.05
318.4
321.76
322.96
330.37
335.63
338.76
342.22
345.79
354.67
358.99
364.12
370.18
367.88
368.97
370.35
367.93
361.24
348.69
341.65
340.67
337.21
332.98
328.73
322.46
321.3
323.36
322.78
324.71
322.55
330.56
336.25
341.96
348.05
351.93
354.98
359.58
359.33
364.27
375.38
371.05
364.8
358.12
351.36
347.19
338.11
333.45
327.61
325.45
322.0
321.31
325.88
324.34
324.38
321.8
332.9
341.66
345.59
338.16
353.58
353.39
360.61
359.59
360.51
362.47
314.07
312.67
295.69
331.21
327.15
319.99
315.87
311.09
306.97
307.78
230.51
235.48
320.1
322.43
327.32
332.18
335.69
336.62
339.67
339.26
340.34
338.44
341.66
335.17
326.94
321.12
313.96
304.56
301.12
298.48
295.61
295.63
292.33
294.66
297.15
302.69
304.76
309.52
313.89
321.91
325.47
331.69
331.83
331.44
337.68
338.27
339.92
335.1
329.45
326.76
317.2
314.39
310.62
305.96
301.48
297.24
298.94
296.1
307.22
312.61
318.2
325.88
329.17
335.0
342.58
345.8
346.83
349.65
349.13
351.25
349.88
343.46
336.78
334.6
328.01
322.53
316.71
314.85
311.11
304.96
307.93
314.54
314.8
322.47
326.45
335.33
339.02
343.38
351.58
355.38
360.84
361.48
354.28
355.07
354.32
354.09
348.39
339.76
328.32
318.27
313.34
307.78
303.32
299.51
303.01
296.72
300.32
304.8
312.83
318.85
324.12
333.6
343.18
341.5
343.91
342.01
347.69
344.59
357.11
347.44
344.17
337.57
328.07
320.8
313.83
304.15
299.88
297.74
298.97
300.8
305.73
312.9
324.25
316.79
338.93
348.16
350.62
354.84
354.63
346.06
356.19
361.49
374.17
376.86
374.53
362.57
360.64
359.31
353.7
346.95
342.6
341.8
338.56
338.88
339.01
337.99
334.75
345.83
350.62
352.21
354.76
358.74
355.26
360.04
354.32
357.25
356.94
355.75
351.46
344.75
338.54
332.68
328.28
320.12
314.54
311.99
308.87
312.03
311.39
315.44
323.72
330.26
337.61
338.17
341.76
343.53
343.68
344.9
349.13
348.23
349.94
345.41
339.91
336.25
330.44
324.32
319.28
314.08
313.87
307.49
300.13
300.81
307.44
313.78
317.18
327.77
336.15
341.14
345.08
345.72
347.22
352.15
349.62
356.02
359.34
350.29
352.14
348.56
345.76
337.86
334.8
328.6
324.41
318.63
316.95
320.48
327.18
326.97
329.49
338.0
346.13
351.63
357.45
361.1
365.14
367.07
369.31
371.78
368.07
366.68
365.84
356.52
351.64
345.72
343.84
339.69
333.91
329.46
328.71
333.12
333.93
337.05
343.56
349.77
352.28
357.28
364.84
370.12
368.02
364.79
370.94
372.34
374.94
380.61
370.09
360.43
353.37
350.3
346.48
340.66
334.96
334.61
330.35
329.97
333.09
334.95
341.14
352.49
355.6
365.08
365.28
369.64
371.52
369.53
371.17
365.27
369.75
366.71
357.75
353.41
340.82
336.89
332.71
332.52
328.3
327.09
324.28
327.07
333.2
335.58
341.94
347.72
349.51
353.92
357.44
361.61
359.96
360.97
362.67
366.87
368.5
364.21
361.6
360.96
355.98
347.88
342.93
337.98
335.29
329.99
330.91
332.12
339.26
348.42
351.18
358.0
365.56
367.04
374.23
369.31
375.39
376.42
373.57
369.52
369.83
358.01
350.28
347.23
346.33
336.73
333.48
331.8
327.29
323.96
319.81
321.77
322.77
328.9
329.87
334.69
337.93
343.37
347.71
349.75
354.34
353.27
356.23
356.06
357.08
355.3
352.68
350.92
347.62
337.73
337.48
333.31
329.95
328.94
326.17
329.08
329.3
331.56
340.34
345.61
350.46
354.66
360.64
359.72
365.71
357.16
356.31
353.57
355.72
353.55
354.74
346.62
337.13
335.8
333.05
328.49
322.63
317.02
317.8
319.31
322.6
327.78
335.2
338.04
337.48
347.25
348.54
349.51
353.15
353.81
354.99
352.41
357.89
356.92
354.9
354.59
344.2
336.38
333.4
326.97
323.28
319.84
319.17
322.86
324.36
330.29
336.87
345.83
351.69
361.45
359.51
358.74
362.35
361.69
362.43
369.43
369.95
369.0
364.42
357.12
348.99
344.11
335.56
328.23
319.56
321.18
322.39
325.26
329.76
337.42
345.09
346.96
346.95
351.96
360.67
360.6
367.82
374.95
373.38
380.34
377.88
381.34
373.74
371.18
365.59
361.99
360.8
360.98
358.38
353.41
352.13
348.32
346.36
349.6
356.69
360.08
358.64
360.2
365.06
363.25
359.91
364.16
359.91
363.73
367.32
361.33
355.55
353.83
343.85
343.12
340.05
331.26
331.01
341.72
350.38
344.88
350.01
348.85
348.2
349.92
354.74
361.22
362.52
363.94
371.5
374.77
370.88
363.22
359.32
352.2
344.25
342.9
339.11
336.17
331.95
329.97
328.75
317.18
312.09
315.01
318.08
323.46
327.06
329.48
334.82
339.54
349.1
353.57
357.56
355.03
353.38
356.38
358.83
357.23
353.18
344.51
344.68
339.86
340.09
337.59
334.17
325.09
322.9
316.48
327.75
331.71
336.71
340.09
346.76
353.27
359.75
359.47
365.99
366.57
370.38
368.9
365.67
358.44
351.03
348.7
346.12
340.77
339.59
335.58
332.59
332.37
324.7
327.03
330.63
336.77
344.28
343.52
348.57
348.78
350.14
355.29
357.4
358.21
368.16
368.72
371.51
363.84
360.0
360.34
355.93
351.35
351.21
343.73
342.79
339.34
340.27
342.97
343.72
346.4
340.21
335.26
335.34
341.47
341.06
341.25
346.47
343.82
346.26
347.41
346.61
343.13
343.44
333.96
329.1
324.82
318.8
315.62
310.71
306.26
304.5
310.94
319.13
321.73
325.44
331.47
336.52
340.45
346.35
348.25
353.37
359.81
357.91
360.74
359.75
360.36
357.58
351.69
340.06
343.19
342.43
337.65
333.51
327.02
330.16
335.05
344.56
348.52
348.13
358.63
356.6
355.2
358.68
359.79
362.02
366.44
370.57
373.3
372.95
371.55
371.87
364.15
361.1
353.56
353.06
347.78
348.38
350.68
343.33
349.49
355.73
360.4
363.53
366.32
371.62
373.26
379.53
378.31
379.52
388.2
399.39
397.47
390.29
388.79
389.06
384.52
378.83
374.08
369.76
361.47
355.11
350.55
350.96
360.16
363.96
368.02
369.96
383.32
387.22
392.42
393.97
396.05
393.51
396.51
397.63
403.89
401.16
395.89
392.12
386.73
381.62
379.23
371.22
368.52
369.16
366.38
370.18
378.44
380.88
386.61
387.43
387.02
391.52
390.91
393.17
393.84
395.47
399.16
406.03
410.8
404.13
402.29
403.91
397.06
391.59
383.9
379.29
376.02
372.28
364.04
363.28
373.92
376.1
387.24
399.44
404.49
412.88
417.14
422.18
426.08
421.19
416.74
426.45
429.09
425.12
419.26
413.71
396.96
382.62
373.58
367.44
360.91
355.42
358.56
362.38
359.07
360.86
367.2
374.79
372.73
376.18
383.85
386.75
393.47
398.47
407.27
409.85
404.07
399.88
393.66
387.09
377.7
371.08
362.58
355.25
350.38
346.54
338.51
335.28
341.73
346.13
356.69
359.67
365.58
377.06
376.73
382.08
389.87
393.81
389.43
393.04
395.71
397.57
401.12
394.13
386.09
370.51
361.98
355.44
352.06
351.66
346.32
347.12
356.9
363.78
375.47
382.94
386.88
387.76
395.22
397.95
400.97
407.06
395.98
399.56
402.05
401.81
400.29
394.74
393.61
377.45
372.69
365.56
361.24
358.67
356.02
355.42
363.47
374.78
384.01
393.27
394.4
404.54
408.56
408.74
411.46
418.11
406.85
407.29
407.77
404.85
408.05
398.25
391.56
385.87
382.08
378.8
375.03
371.19
366.89
364.35
363.5
367.38
367.4
379.17
386.56
393.75
395.54
402.25
403.75
404.95
406.68
401.06
407.07
405.39
399.82
391.86
383.72
382.06
373.66
368.19
363.9
360.06
366.1
357.8
359.83
365.91
376.41
380.87
387.23
392.13
397.35
401.39
401.14
400.78
403.72
405.09
412.43
413.35
412.44
404.86
394.78
380.83
368.69
363.95
361.06
358.99
357.57
351.62
355.28
358.1
362.17
368.86
376.73
385.31
390.99
393.06
393.19
391.6
405.21
406.6
407.85
412.48
401.17
393.5
382.78
376.57
370.12
365.13
365.33
361.48
357.16
355.43
359.56
357.28
360.66
362.6
371.23
370.91
381.44
384.32
383.57
386.87
403.5
405.62
407.29
411.05
405.91
393.32
377.99
367.52
355.17
348.25
344.35
341.51
341.15
342.23
350.76
355.99
359.43
368.02
372.72
384.94
390.42
388.18
388.5
396.21
402.19
410.37
415.29
416.79
405.56
397.33
390.08
375.92
366.01
359.53
356.64
353.95
352.65
353.67
363.35
362.2
366.95
371.88
379.89
386.88
393.92
396.03
398.71
408.95
408.22
410.82
415.68
409.97
408.28
397.41
391.12
373.13
358.32
347.86
341.39
340.86
338.07
338.51
339.73
342.38
350.0
355.4
371.19
382.25
380.07
384.44
379.32
384.85
391.6
389.99
390.43
388.87
390.13
383.94
378.91
376.98
371.06
370.42
354.94
348.43
343.68
338.7
340.34
352.83
362.75
373.17
377.32
389.56
390.31
399.05
395.26
399.56
407.74
409.1
407.91
411.6
416.66
415.08
400.1
389.65
378.33
370.9
370.87
365.67
358.89
350.94
357.94
359.68
363.35
374.59
379.2
384.26
385.29
388.75
390.71
395.64
400.39
413.91
417.92
407.46
413.06
405.48
399.43
391.26
381.41
374.29
370.12
365.23
364.71
365.81
365.59
361.67
364.87
367.97
378.25
383.45
379.29
381.75
382.48
390.09
395.71
399.14
151.1
327.8075
334.21
325.01
336.91
401.9
376.75
364.02
356.74
353.01
348.86
342.18
344.42
340.39
342.17
344.59
348.18
352.59
358.52
363.05
366.35
370.75
386.77
389.47
396.2
390.5
390.88
384.14
375.73
254.31
216.63
214.83
211.32
204.06
208.27
208.17
213.13
215.91
345.53
337.38
250.15
412.7
391.63
372.83
374.93
374.04
373.1
379.32
382.78
383.03
376.4
371.56
363.48
355.92
346.49
333.98
329.74
323.41
323.84
328.66
332.93
328.94
328.69
331.32
329.67
328.72
339.34
351.89
350.61
360.93
370.75
366.12
355.08
350.21
349.95
344.19
338.98
327.18
325.42
313.89
309.15
306.84
302.29
298.11
307.22
305.85
312.11
323.72
325.91
325.12
329.47
332.25
332.38
334.58
337.18
330.16
342.43
341.76
341.34
331.0
334.69
330.33
325.13
320.66
316.37
313.4
312.69
307.47
309.13
312.9
313.5
314.9
322.98
329.11
331.42
331.2
331.38
328.48
335.01
334.75
338.41
338.14
338.01
335.25
335.76
330.54
322.47
317.66
314.04
312.73
308.94
303.0
305.05
311.66
316.97
325.14
333.78
336.58
340.27
347.95
358.34
365.28
365.33
369.78
347.51
226.14
235.37
236.36
224.3
219.01
216.85
212.92
209.0
209.27
208.45
204.08
203.04
305.75
400.48
387.76
394.96
393.33
285.53
234.44
227.33
218.58
408.07
398.71
407.57
403.0
393.23
387.2
303.39
226.22
220.99
211.47
204.55
200.92
201.48
200.78
199.44
195.79
194.16
200.85
304.06
400.68
391.96
388.48
387.06
394.85
402.6
404.25
405.79
405.48
398.71
397.92
395.8
383.33
373.12
367.09
363.07
355.58
355.2
358.31
355.57
354.54
354.66
355.8
355.87
359.82
363.82
361.25
365.92
360.93
369.72
368.96
376.35
375.46
372.31
362.92
354.84
346.03
339.66
336.6
334.81
333.49
335.91
338.32
337.44
336.28
335.44
335.64
335.4
334.06
338.94
337.13
340.89
337.42
338.45
346.67
345.16
347.96
350.55
347.22
333.02
325.41
318.4
311.09
309.07
304.59
303.79
302.13
305.31
311.82
319.27
321.36
324.42
325.34
330.4
339.97
339.03
343.01
339.92
346.24
350.15
347.39
346.56
348.96
338.0
332.54
328.19
325.83
320.24
314.46
307.84
302.48
308.26
315.7
318.82
325.52
334.15
343.65
344.86
349.9
356.06
356.67
358.09
362.33
361.94
356.31
353.67
348.38
342.56
338.96
333.49
328.26
324.82
320.7
319.8
310.29
319.09
324.57
322.89
333.51
345.01
349.54
355.33
352.79
351.41
363.4
368.28
374.18
374.57
368.49
369.77
364.43
357.12
348.26
338.43
333.17
325.82
319.62
318.63
315.59
319.23
322.48
327.98
327.05
336.27
339.59
338.32
343.91
348.78
355.36
365.19
370.58
370.09
366.5
368.95
361.9
350.24
342.09
334.59
327.34
320.42
315.47
316.12
310.97
313.98
311.19
309.7
318.85
317.97
320.64
322.61
324.76
329.17
337.04
345.76
349.25
348.64
358.52
350.43
336.55
321.06
311.38
305.45
301.75
300.01
297.14
294.87
296.13
298.92
300.91
304.03
311.35
317.76
318.11
325.91
328.38
328.0
328.82
338.4
345.07
348.06
346.29
346.88
334.19
242.63
311.57
303.18
300.45
292.63
288.67
287.51
286.47
288.01
291.75
294.63
298.72
300.63
310.12
313.7
319.53
325.32
325.98
336.13
337.63
337.91
336.74
337.61
327.87
320.81
313.02
305.11
297.72
294.23
289.56
286.69
280.66
282.91
286.81
293.44
299.46
307.41
307.45
308.55
310.54
318.08
320.85
319.63
318.67
327.96
323.52
316.52
309.66
297.37
291.47
284.92
281.4
276.27
273.75
270.81
267.35
268.26
273.59
282.25
291.79
293.89
299.91
311.34
326.91
328.7
334.4
337.84
338.84
344.61
347.49
346.9
348.87
340.57
332.46
325.47
322.09
318.12
313.89
308.1
302.58
303.57
308.61
311.42
317.57
333.98
338.3
340.14
345.82
347.85
351.55
362.13
360.76
361.39
362.55
360.21
357.45
349.07
349.03
349.08
340.18
341.77
341.51
340.39
342.96
340.11
340.99
345.01
343.98
342.69
366.0
353.06
343.14
334.0
341.01
343.21
342.22
341.82
344.07
337.66
331.06
324.16
315.98
306.98
299.99
295.87
292.34
293.56
293.18
296.44
298.07
300.66
301.74
308.35
308.55
313.43
318.44
321.1
328.29
340.54
348.45
347.84
339.31
330.37
321.64
309.43
301.04
294.03
288.25
281.87
278.61
275.13
273.56
278.17
280.23
284.4
290.94
297.7
303.54
307.74
306.87
316.52
326.63
331.51
340.1
333.09
332.87
332.0
329.69
318.68
308.96
305.19
301.19
294.18
286.62
285.49
282.22
290.85
288.44
284.4
290.94
297.7
303.54
307.74
306.87
328.96
341.88
352.47
355.19
353.49
351.89
348.3
341.05
329.37
321.5
315.31
309.91
305.06
295.54
294.61
291.39
295.2
308.84
307.46
308.89
318.61
326.91
329.11
334.34
335.94
345.45
353.02
358.85
355.35
353.03
347.51
340.18
337.04
326.86
320.14
315.03
308.06
304.26
300.11
292.29
297.4
305.6
313.42
318.78
326.05
331.56
334.22
338.81
344.29
345.51
344.88
339.74
342.63
343.98
343.48
333.91
328.08
319.91
312.53
306.21
300.21
295.0
293.23
287.53
289.75
294.61
302.18
318.21
328.01
331.1
337.36
338.13
351.32
355.85
355.59
352.22
354.67
350.2
353.72
341.44
331.78
327.61
315.71
306.85
301.71
298.04
295.06
292.54
295.76
308.31
317.29
323.5
330.39
340.25
340.52
344.0
341.29
345.44
355.19
362.99
363.25
354.56
353.88
346.06
338.45
325.71
315.55
307.7
301.51
296.36
294.7
293.64
296.65
303.5
315.22
314.78
320.2
327.13
332.48
333.14
335.49
341.37
344.07
356.12
359.86
357.84
355.46
342.83
331.25
322.2
312.36
307.23
301.8
292.86
290.11
290.05
292.44
296.42
303.45
310.03
318.32
324.39
331.26
331.28
338.36
342.08
344.45
345.24
342.55
341.85
337.12
331.65
326.4
321.61
304.81
296.2
289.12
287.53
283.15
279.39
287.75
291.25
293.99
297.5
305.66
317.64
321.5
327.48
330.87
332.58
335.49
337.64
335.43
336.7
335.19
332.14
325.35
309.84
300.98
292.19
287.49
283.37
281.37
277.17
281.52
286.46
291.9
290.81
294.41
304.36
309.8
313.34
313.35
319.1
313.54
312.2
311.25
311.55
304.74
297.89
294.67
288.63
278.89
272.29
268.14
266.57
260.35
257.99
261.67
260.69
261.68
268.34
272.23
273.47
277.63
284.27
283.06
289.02
293.03
292.09
297.45
291.81
288.34
288.75
280.83
275.2
272.19
265.58
262.82
261.3
259.06
256.65
258.3
272.31
281.73
284.91
284.25
292.28
296.14
300.81
299.72
298.69
312.59
310.71
310.43
313.37
313.29
305.02
294.19
287.93
281.9
275.36
269.83
265.39
264.69
268.53
268.12
281.91
284.34
279.39
282.91
279.51
281.69
282.73
287.12
287.6
293.97
289.75
293.01
298.47
291.0
292.29
283.39
274.08
267.61
258.56
256.73
253.86
251.56
251.71
249.47
251.12
254.82
253.99
255.13
258.98
253.51
253.46
251.91
258.18
262.37
264.67
261.27
268.89
265.63
257.9
248.85
241.28
234.48
225.7
226.53
226.11
225.13
223.98
225.64
224.7
231.09
237.8
239.58
240.51
242.42
244.83
247.06
247.25
253.6
257.88
266.98
265.58
263.79
259.34
249.15
242.27
237.47
233.38
225.94
226.46
227.19
224.19
225.53
229.48
229.96
232.99
237.1
242.1
246.1
247.08
259.99
266.93
267.99
273.58
273.96
271.27
270.03
272.46
269.44
257.34
248.26
243.46
239.76
238.17
237.19
235.84
242.8
247.52
250.64
261.01
264.99
274.67
282.72
279.77
275.81
285.7
288.34
290.75
287.18
281.65
277.56
271.7
267.17
264.11
260.96
256.16
252.16
249.08
250.42
246.52
244.49
250.35
255.48
260.15
265.66
269.14
276.09
282.22
288.77
282.0
287.38
287.9
284.86
283.04
281.71
282.42
272.43
264.76
260.73
257.0
252.31
251.33
250.51
249.32
251.41
256.91
262.39
271.15
272.04
276.05
280.12
288.18
287.17
289.06
294.24
297.39
306.21
300.23
293.69
286.3
281.86
279.4
275.38
270.0
263.92
259.61
257.78
253.39
258.72
264.99
272.83
280.34
284.48
286.16
299.64
300.36
304.6
303.02
308.41
315.65
312.19
306.99
302.99
300.46
295.13
287.32
281.05
273.66
266.94
262.22
257.52
257.91
261.63
272.05
280.25
284.54
292.54
297.38
308.3
311.36
317.31
317.3
322.16
331.29
327.96
323.41
318.64
313.39
306.17
294.08
288.69
280.38
271.18
269.96
264.52
265.01
266.71
272.05
279.83
285.74
294.81
304.92
311.16
312.49
313.25
320.21
328.3
338.49
331.94
329.39
323.27
314.35
301.71
291.5
284.32
275.49
273.16
266.44
263.22
261.51
266.77
271.33
277.16
282.19
285.45
290.33
294.96
295.73
299.74
302.57
303.68
307.58
309.39
308.72
307.48
302.5
298.52
291.62
282.04
274.32
268.89
263.24
261.37
259.14
262.78
266.93
274.76
280.12
280.73
286.41
299.33
301.41
298.59
306.39
302.29
305.67
295.2
290.83
289.25
287.81
283.06
274.53
269.05
265.92
262.95
258.43
255.71
252.4
246.2
248.0
255.6
256.85
268.22
275.37
279.31
275.78
277.84
278.2
287.3
286.16
290.98
283.02
279.01
280.62
275.5
268.8
263.15
259.16
252.18
249.81
249.1
244.64
243.83
250.71
255.78
259.46
265.79
269.74
279.71
280.73
291.56
295.32
303.44
297.37
292.36
292.93
294.43
291.52
282.67
276.65
268.5
261.63
257.1
255.06
251.45
248.98
253.41
257.31
259.61
261.11
261.45
264.06
274.38
275.12
279.05
276.66
282.38
282.81
283.78
285.35
284.23
292.44
283.31
275.25
266.28
260.59
257.06
258.0
255.01
252.25
249.08
245.46
245.19
250.95
251.02
249.36
247.22
245.36
245.06
256.84
262.95
262.67
263.24
264.18
257.23
252.16
246.69
239.44
233.59
229.73
225.74
224.5
221.69
223.81
222.76
222.76
223.39
226.06
229.07
234.3
232.14
232.84
231.21
235.33
240.24
245.83
250.93
252.48
251.15
245.36
230.27
225.83
219.53
214.64
212.94
214.15
206.52
212.91
216.46
212.48
215.41
215.91
218.87
222.8
227.93
231.48
231.07
234.65
240.13
245.57
245.6
244.48
240.67
237.9
239.96
130.34
220.72
217.58
215.01
211.23
210.23
209.97
211.72
214.35
217.57
216.75
215.97
227.65
229.4
233.8
241.12
250.59
250.99
251.67
251.05
248.67
245.0
244.33
235.58
228.61
225.13
221.07
217.88
215.38
215.02
212.27
213.64
216.56
217.24
223.96
224.74
231.09
237.85
240.05
239.24
242.64
247.03
252.53
253.37
251.91
252.23
248.08
242.91
242.53
233.43
230.99
227.67
223.75
223.24
221.03
216.27
219.86
223.23
227.67
228.96
233.74
235.69
235.75
243.41
247.5
255.63
262.13
260.36
255.76
261.43
251.15
255.1
239.87
233.29
229.75
226.13
224.06
223.08
222.75
224.13
225.69
232.43
232.63
238.73
241.83
245.95
249.37
247.4
251.72
260.82
261.97
262.56
265.91
264.18
265.83
252.42
244.06
238.22
232.52
228.52
224.52
223.8
222.66
224.24
227.7
230.72
229.83
232.61
237.25
244.15
242.76
243.53
250.1
256.93
265.86
262.77
260.44
258.22
260.55
250.52
243.38
234.34
231.14
227.13
223.87
219.7
219.45
219.5
220.46
222.49
222.67
226.39
227.77
226.71
234.86
239.5
240.62
247.05
249.0
252.59
251.53
248.65
249.61
244.47
233.38
226.75
221.61
219.51
216.88
216.23
215.55
219.6
216.63
219.26
220.44
228.22
227.59
229.2
228.81
232.23
238.2
240.54
242.48
240.76
238.51
236.1
233.78
227.58
221.2
217.58
217.75
207.81
200.27
206.78
206.0
200.5
205.4
207.31
212.18
209.22
214.13
218.68
217.79
222.11
222.54
226.1
229.3
228.23
228.37
214.23
230.79
220.78
216.78
212.23
201.74
201.52
140.97
117.2
116.98
161.7
200.41
203.61
198.68
206.49
219.83
213.17
219.84
222.96
222.86
232.09
234.88
233.18
229.51
225.45
219.16
218.8
223.1
213.26
205.86
208.08
198.07
185.54
183.0
192.64
206.07
197.82
207.24
216.21
214.47
218.88
221.59
225.94
234.02
235.97
250.33
245.1
240.88
240.78
235.36
223.99
221.65
212.49
203.57
206.32
191.87
204.56
194.62
200.84
207.71
207.55
218.59
218.94
227.59
226.69
231.87
233.73
236.99
245.76
244.68
247.36
243.04
244.46
236.9
159.68
134.5
130.17
125.87
123.37
125.44
123.68
128.2
249.63
216.94
218.51
218.68
223.65
212.26
224.72
227.64
232.26
240.45
244.88
242.58
241.31
242.63
233.55
179.02
140.75
138.97
134.07
127.43
125.08
122.62
124.04
123.31
141.73
148.8
159.43
149.68
141.61
173.36
191.74
195.82
196.69
179.2
167.08
166.21
169.61
171.77
167.74
174.25
169.01
157.93
153.2
145.57
143.94
144.06
145.24
146.87
148.89
149.77
145.3
147.29
148.16
185.74
189.24
184.55
192.73
170.97
161.54
160.76
163.44
167.12
168.01
165.43
155.74
151.9
144.27
142.85
139.14
138.63
147.76
145.3
143.5
145.65
150.36
148.89
151.1
145.57
168.81
190.55
185.6
191.83
195.34
182.31
159.15
156.97
163.15
154.87
150.37
142.3
139.68
137.44
131.16
128.83
128.82
128.27
127.55
126.4
127.7
125.54
124.72
131.18
179.42
179.22
180.46
186.59
188.24
195.23
195.46
197.53
176.52
148.99
148.4
135.88
134.3
133.81
128.13
125.33
125.92
124.16
121.67
123.4
123.99
114.36
117.58
117.74
118.1
148.26
171.01
184.32
188.42
192.84
190.83
193.3
155.71
149.36
143.52
132.17
128.95
122.18
123.26
125.23
124.19
123.52
125.57
123.12
127.04
122.43
122.61
132.04
124.96
149.48
173.84
179.46
187.35
189.77
189.93
169.27
162.25
149.91
139.6
133.95
127.96
123.97
119.47
119.56
120.18
123.9
125.26
123.16
122.81
124.14
130.4
130.0
127.19
129.06
131.74
131.84
138.13
139.54
142.35
144.04
142.42
139.09
141.58
127.82
122.94
121.43
117.91
115.92
115.97
116.34
117.08
119.38
119.84
125.11
128.04
130.26
122.8
121.27
121.63
135.89
142.74
146.81
147.23
144.63
144.18
142.16
137.79
129.82
123.35
122.1
119.05
118.35
119.44
121.57
124.03
124.59
126.62
126.3
119.69
127.5
124.25
119.55
121.72
155.52
188.77
182.85
149.88
148.44
147.56
141.7
136.96
130.32
124.63
122.41
120.42
118.8
120.85
122.95
124.68
127.18
120.09
114.89
117.25
118.21
200.03
319.03
286.47
283.79
279.86
275.24
268.44
265.67
265.26
259.56
249.11
198.71
146.23
139.85
133.59
131.39
129.45
127.1
123.77
126.85
120.91
120.55
123.24
259.78
268.99
266.23
260.48
256.93
256.54
260.34
252.4
255.96
204.7
154.68
152.52
143.28
139.15
136.02
130.47
128.35
127.85
129.18
132.99
121.15
122.28
133.49
302.12
256.85
184.63
158.82
147.91
148.51
155.41
157.01
152.25
158.5
149.65
147.76
139.26
131.04
127.18
122.75
122.65
122.81
125.5
127.25
127.9
129.16
130.36
129.98
128.58
127.01
131.7
131.16
217.39
246.57
164.87
162.15
157.91
159.47
160.38
153.51
150.03
138.73
132.34
128.98
129.0
129.0
127.86
126.86
132.59
136.08
140.9
135.28
130.79
131.46
220.98
276.79
247.89
244.93
224.72
156.54
172.49
165.61
165.14
157.8
149.69
144.53
138.0
135.13
128.96
128.5
131.17
131.2
135.73
138.53
139.65
140.57
133.0
132.5
205.17
281.49
249.82
246.64
247.9
244.95
203.22
169.16
176.97
166.28
153.23
145.61
141.85
132.91
131.45
130.83
130.48
132.95
136.81
135.33
137.43
136.31
136.79
210.62
287.27
259.81
256.13
252.86
260.0
258.58
261.81
255.14
247.25
181.84
155.78
153.13
146.87
142.41
137.71
134.45
130.99
104.85
36.82
133.38
135.66
133.85
217.49
286.69
251.41
251.67
249.5
250.97
245.97
245.38
249.14
244.24
242.0
234.21
230.42
162.78
152.74
155.77
144.18
140.31
139.13
143.98
138.37
131.81
233.9
260.74
240.68
236.45
231.7
237.46
246.4
247.72
254.5
248.19
243.06
238.01
230.22
226.87
221.55
209.38
201.93
193.75
197.4
187.87
183.41
184.02
196.06
187.22
185.09
204.86
206.86
213.26
218.36
223.37
225.22
225.76
221.09
229.7
222.55
223.31
220.28
206.75
201.74
204.39
188.58
135.01
142.85
149.7
146.25
146.39
146.57
139.25
252.39
230.52
222.81
221.33
227.74
227.16
230.45
237.24
237.97
240.88
239.89
245.18
234.45
206.94
144.92
161.67
153.52
145.66
147.51
140.84
139.27
139.89
141.54
141.96
139.47
159.66
298.9
247.84
241.4
205.18
213.13
246.31
244.91
244.53
240.37
237.41
238.14
208.14
147.26
163.29
155.21
147.35
141.73
142.2
138.04
144.3
144.31
132.05
132.45
279.42
236.85
232.26
229.44
225.72
228.11
226.29
224.84
225.86
223.51
217.4
210.14
199.53
205.9
124.47
149.93
148.74
145.08
141.54
139.95
139.47
138.52
137.44
136.58
131.55
232.5
221.05
219.2
215.11
212.22
208.12
203.49
131.25
153.2
154.04
153.5
145.35
142.63
137.66
136.65
135.16
133.71
133.71
133.25
132.56
136.62
134.35
138.62
135.23
127.84
127.02
186.96
256.23
224.08
210.19
131.12
151.2
148.55
146.19
144.57
141.79
141.63
139.07
135.7
134.8
135.22
133.23
134.64
133.18
134.98
135.91
136.32
141.39
130.54
131.3
288.38
233.2
230.47
224.59
218.2
134.28
154.68
153.44
147.74
147.57
143.98
141.27
137.88
135.31
134.26
132.92
133.03
132.49
133.22
134.06
137.59
141.08
135.46
132.35
222.8
250.35
231.91
228.66
159.58
172.09
163.62
164.43
166.03
156.72
151.31
140.86
136.41
140.48
132.15
129.73
130.42
133.5
135.03
142.85
147.78
145.15
154.28
138.73
290.47
234.31
232.63
213.68
158.79
169.15
166.85
166.88
162.43
159.01
149.0
142.64
138.7
134.44
134.07
131.89
131.03
132.27
137.71
141.88
140.84
142.44
140.86
134.81
286.79
235.22
226.98
224.36
223.75
149.48
175.23
165.76
161.28
159.46
156.22
146.86
142.41
139.42
135.73
139.14
135.94
137.1
136.92
88.62
9.25
144.4
177.19
184.0625
181.22
241.48
243.13
236.04
229.47
228.46
193.66
149.38
167.31
161.34
154.41
146.5
145.03
137.75
134.78
131.81
137.28
142.59
138.62
141.33
140.33
135.11
137.41
218.44
259.71
237.26
235.89
229.03
233.5
230.73
227.6
182.72
163.42
166.11
158.08
148.7
143.04
139.41
135.15
132.61
133.3
133.55
137.09
135.32
132.85
131.62
258.19
241.52
237.05
233.04
231.0
232.86
233.29
226.68
224.96
222.9
217.78
157.67
150.68
156.45
151.74
147.38
140.97
138.05
137.09
135.72
137.44
139.52
137.79
136.92
137.36
172.47
293.66
241.73
235.68
241.13
238.67
244.53
229.09
172.35
162.92
165.18
157.94
146.22
146.98
140.84
136.54
134.82
135.42
134.91
133.97
136.07
138.53
131.53
161.75
294.69
248.98
239.37
240.82
240.0
245.1
235.73
234.57
229.31
225.48
220.03
199.6
131.07
153.75
147.98
143.45
139.31
139.42
138.98
141.76
141.25
135.36
163.04
292.44
240.44
237.93
232.43
232.29
231.97
238.03
230.53
230.51
223.12
221.84
140.84
162.98
155.02
144.35
140.31
135.82
134.87
133.1
136.91
136.63
134.2
136.98
131.7
139.42
136.51
244.19
258.34
245.27
244.97
241.54
244.27
241.5
240.24
193.23
154.18
155.78
149.66
141.92
137.35
134.71
131.78
131.35
142.86
160.85
160.98
153.11
149.61
293.1
240.83
231.71
229.06
234.55
231.05
229.86
228.94
223.27
192.8
183.9
190.14
178.73
172.74
166.91
163.72
159.5
159.04
161.39
150.07
132.47
133.31
129.71
126.72
127.52
131.32
274.46
234.26
248.45
249.95
248.78
241.74
236.56
233.91
189.09
151.38
151.88
147.67
140.66
136.36
131.29
130.32
129.79
129.99
129.79
135.88
134.9
129.95
127.51
155.63
283.87
232.33
235.0
232.79
229.7
224.04
217.2
214.36
211.63
157.77
141.53
146.39
142.48
135.92
133.05
132.1
131.59
131.51
131.03
129.32
125.62
129.23
130.96
123.16
181.65
183.77
140.18
145.36
142.44
139.32
135.28
133.66
134.4
134.3
133.02
132.15
128.09
127.92
126.95
125.53
124.08
123.77
122.42
125.08
127.71
132.13
132.56
125.66
131.14
257.93
226.27
181.07
139.66
143.52
141.56
136.27
136.92
133.39
132.9
130.12
127.46
126.91
127.12
125.45
125.51
126.28
129.57
132.25
128.81
126.65
130.47
127.12
127.86
127.73
125.41
131.47
131.37
130.97
131.92
130.35
134.05
129.75
128.77
127.35
125.61
124.73
123.8
122.93
123.17
120.6
126.22
127.09
130.74
134.42
132.0
132.73
127.89
133.63
131.94
131.05
131.37
131.09
134.95
131.83
130.58
129.88
127.64
127.42
125.15
124.34
124.0
122.88
125.91
126.97
139.38
154.53
157.1
133.7
136.04
129.48
273.31
230.15
160.33
139.24
138.71
136.99
136.2
135.99
135.64
135.64
131.78
128.95
127.16
126.59
125.34
124.88
126.25
125.06
128.32
127.67
131.32
133.18
135.88
129.28
125.99
259.41
171.59
137.69
138.93
134.06
132.79
132.09
130.16
130.59
128.28
126.67
125.19
125.33
123.16
123.41
123.06
128.86
152.71
154.49
155.16
136.14
134.48
284.92
229.74
223.44
218.72
214.85
212.02
188.05
129.47
149.81
142.08
139.18
137.12
134.06
133.56
129.7
128.04
126.83
126.34
125.59
127.44
123.85
122.31
124.52
121.94
121.42
263.19
220.03
215.24
210.65
208.74
204.72
180.78
129.47
145.72
137.54
138.5
135.36
133.75
130.78
129.22
128.59
128.9
127.62
128.07
126.51
126.42
128.77
123.39
122.98
266.64
222.33
218.01
217.17
215.6
211.06
152.12
139.81
139.03
135.62
133.1
131.74
129.46
128.53
127.23
126.27
127.28
127.0
127.84
127.99
126.8
133.42
122.29
125.2
275.66
222.27
215.14
199.58
130.55
144.07
139.48
136.97
135.25
135.31
130.73
126.33
126.64
124.62
122.99
124.63
124.84
125.28
126.31
125.74
124.2
140.54
124.71
126.03
125.9
125.84
126.93
130.44
129.9
128.97
128.41
126.2
125.84
127.23
126.75
127.64
123.0
122.9
122.62
123.0
123.28
122.93
123.62
121.8
119.95
115.97
118.9
127.21
283.53
221.3
218.71
217.72
217.52
214.89
172.39
129.42
135.72
132.84
129.51
127.62
125.31
123.59
122.68
123.0
122.49
121.6
121.83
118.02
117.73
116.49
114.95
117.07
199.62
247.07
223.05
222.79
221.35
217.03
139.56
139.56
132.46
129.91
126.91
125.55
124.02
123.73
122.56
122.52
123.53
121.53
121.03
123.06
123.98
121.05
117.22
114.67
115.71
235.65
212.24
153.13
132.2
128.79
125.8
123.53
123.91
124.72
126.43
124.94
123.88
123.73
123.26
122.5
121.74
122.39
122.58
122.94
122.17
124.21
124.7
124.64
123.83
123.48
123.06
123.64
124.54
127.59
125.1
124.72
123.84
124.69
123.89
122.92
122.57
121.1
120.58
120.1
122.79
121.58
121.31
121.74
123.58
127.2
126.62
117.55
154.29
255.84
211.97
143.72
135.25
131.18
130.19
129.26
130.44
128.29
125.28
125.76
126.26
127.08
124.44
122.37
122.96
122.7
124.49
126.36
125.59
124.27
134.55
126.31
120.6
270.86
213.59
140.66
138.21
134.95
136.34
131.5
130.76
128.8
127.86
125.91
125.64
125.78
124.24
123.41
123.74
123.96
125.54
124.36
122.2
121.35
122.92
129.66
124.48
119.58
200.92
134.56
133.08
131.05
131.08
130.92
128.81
126.58
125.61
125.0
125.74
123.91
123.67
123.31
123.44
125.5
125.63
127.61
129.92
128.43
130.07
128.48
189.13
261.0
212.88
134.53
142.74
135.85
136.49
131.34
131.29
128.85
127.1
126.34
125.01
125.2
123.7
123.16
123.08
122.21
125.91
126.13
128.26
128.5
126.63
121.13
247.85
224.33
216.18
211.12
137.07
141.29
134.36
33.01
132.69
131.83
