43.02
43.12
45.93
43.04
42.93
45.78
87.9675
228.75
283.8575
205.8
148.2
101.92
124.29
135.23
126.3
110.66
104.58
124.54
152.04
158.47
112.04
107.69
61.09
45.51
43.19
43.22
45.73
43.14
42.93
45.26
328.7525
416.23
375.1225
235.08
193.62
154.39
127.19
102.83
90.12
84.33
82.54
96.98
126.63
147.57
108.19
94.33
58.91
45.79
43.26
43.42
45.73
43.35
45.61
43.26
195.96
202.69
153.01
125.23
113.84
101.74
83.68
63.93
54.87
55.4
53.94
59.64
84.19
100.96
63.89
43.14
43.17
45.69
43.1
43.14
45.59
43.02
45.42
43.04
191.6
203.67
151.19
117.45
101.14
83.81
64.05
55.25
48.74
51.36
48.71
52.14
52.76
52.67
47.96
45.66
43.11
45.88
43.16
43.25
46.58
43.1
45.53
42.99
243.88
178.9975
228.35
193.51
144.89
96.2
83.56
80.16
79.81
89.68
91.09
78.18
71.06
70.79
74.51
79.5
58.81
49.59
49.15
43.08
45.57
43.02
43.82
44.95
193.93
234.47
182.46
131.75
99.2
86.01
86.31
99.46
103.25
116.2
109.18
90.31
84.0
71.98
58.76
56.92
54.96
51.99
54.4
45.24
43.31
45.75
43.09
45.67
126.4
177.08
160.51
114.36
96.47
92.17
85.73
100.38
113.96
119.88
108.52
97.36
87.5
77.06
58.98
56.63
52.67
56.42
48.3
57.01
44.03
43.79
46.85
43.54
65.58
78.93
93.43
89.09
86.02
83.35
90.93
96.25
107.18
102.52
88.97
77.53
67.61
63.7
55.06
58.98
47.81
53.82
50.79
45.2
46.66
43.69
46.1
43.56
98.57
142.98
133.47
91.48
85.59
79.63
94.69
102.25
117.12
120.93
105.47
97.4
91.49
84.39
62.04
58.24
45.59
50.72
48.41
44.68
45.63
41.85
41.75
44.25
45.94
51.76
60.1
60.62
53.21
49.07
45.17
48.0
45.8
44.56
47.43
45.6
50.04
47.62
45.99
41.54
41.61
44.08
41.57
41.66
44.22
41.73
41.69
44.13
55.37
74.47
74.93
64.76
50.23
47.88
44.22
48.62
50.92
53.24
51.15
51.07
51.88
51.84
43.18
43.99
41.75
44.47
41.79
41.67
44.62
41.49
41.5
43.93
67.17
82.16
92.97
87.41
90.49
93.48
101.94
112.8
122.2
115.24
110.33
101.06
97.69
85.23
69.79
66.04
51.64
52.16
50.42
45.53
44.51
43.94
44.17
41.92
70.37
91.33
97.78
98.53
91.98
85.16
89.81
95.37
97.48
107.48
98.47
89.46
87.17
75.96
62.15
58.34
52.51
52.62
52.51
49.94
44.07
44.31
44.88
41.58
119.91
180.79
149.87
119.86
87.82
84.02
81.77
93.36
99.67
101.3075
97.0525
89.6875
88.9375
85.24
68.765
60.37
58.77
58.475
53.93
51.2825
48.845
50.4625
51.4925
54.0325
74.4175
123.8325
108.7675
91.5325
87.385
83.9575
86.9375
95.72
101.255
105.54
96.145
88.945
89.1575
85.7475
70.5
61.14
52.2725
48.43
45.7625
43.2825
41.3725
39.8425
44.1075
45.3425
90.795
159.59
144.25
115.45
79.64
81.92
91.63
91.91
99.98
107.88
99.29
84.1
79.75
66.47
54.44
60.09
53.33
47.6
44.96
42.11
42.12
44.83
41.96
41.98
74.07
111.09
103.33
87.42
61.96
50.38
47.29
47.97
49.04
49.65
50.46
50.52
56.29
49.59
46.33
41.87
41.88
45.12
42.05
42.06
44.71
42.1
42.0
44.94
81.93
117.9
100.53
75.08
55.73
48.14
45.99
48.78
48.87
52.88
50.45
49.71
51.77
51.52
43.36
41.51
44.93
41.66
41.71
44.68
41.64
41.74
43.95
41.32
109.88
164.62
143.37
101.82
70.72
59.11
58.92
66.66
62.53
62.56
67.38
64.94
62.32
60.07
49.92
52.16
44.23
41.73
44.04
41.72
41.65
44.54
41.36
41.33
111.68
154.34
140.32
110.85
82.9
87.62
88.03
93.49
108.69
107.83
104.52
87.53
86.93
81.51
63.18
56.31
51.78
46.72
42.89
47.94
41.46
41.62
44.45
41.29
73.88
99.82
100.48
92.87
79.31
80.06
99.51
104.14
111.73
116.51
110.04
101.71
98.53
92.5
62.71
54.8
55.9
45.32
42.16
46.34
43.38
41.83
44.63
41.58
80.58
123.03
121.47
89.97
88.56
78.95
78.05
88.39
95.44
102.38
70.28
89.75
82.56
74.68
67.26
57.97
50.37
50.48
42.98
42.06
44.4
42.0
41.85
44.69
137.67
197.9
148.62
106.55
92.07
90.84
81.62
92.92
101.39
104.53
94.31
80.23
74.45
72.7
60.33
59.01
55.25
47.72
44.88
44.31
42.33
42.27
42.21
42.31
82.95
118.84
110.19
84.86
60.28
46.11
51.54
45.91
52.83
53.74
54.72
54.57
49.49
49.91
44.24
47.67
42.05
45.05
41.85
41.93
41.99
44.25
41.9
41.77
103.14
123.81
98.28
87.79
67.85
53.49
45.87
52.04
52.42
46.39
54.77
56.94
51.17
51.23
50.39
41.89
41.93
44.46
41.98
41.97
45.05
42.01
41.82
44.23
112.74
159.42
134.63
101.74
92.47
81.96
88.88
95.02
102.27
105.21
101.41
83.69
78.83
78.76
57.79
57.22
54.37
50.79
45.53
44.39
48.14
41.94
44.64
41.78
70.71
89.61
91.18
83.1
91.22
84.53
103.33
117.18
113.96
124.07
103.52
105.13
97.37
90.36
62.81
63.36
48.35
47.94
44.63
41.76
42.02
42.26
41.94
41.94
73.77
89.56
94.54
82.32
87.25
86.22
111.33
109.83
124.84
114.36
107.44
100.76
108.74
92.01
61.29
59.48
54.81
48.87
42.61
41.58
48.1
42.04
42.03
44.75
61.56
74.17
85.71
93.23
88.8
102.12
108.66
106.26
108.5
119.63
99.07
93.86
95.98
83.83
64.67
51.71
58.38
50.15
44.46
47.25
43.06
42.0
41.95
42.1
60.66
67.76
77.35
87.22
93.56
101.06
98.38
95.2
99.27
98.17
88.99
80.19
77.38
71.85
56.81
48.23
51.33
56.58
50.96
52.34
48.35
46.24
43.41
43.7
48.26
52.35
47.76
48.88
52.26
50.3
49.69
52.79
50.33
49.86
51.79
49.07
52.84
63.23
48.73
43.33
46.0
43.46
43.62
46.22
43.45
43.54
46.42
43.51
90.88
110.07
87.24
77.7
71.42
63.55
54.04
50.31
46.82
47.08
50.63
50.82
52.71
50.03
45.07
46.56
43.26
43.46
46.02
43.42
43.45
45.8
43.21
43.27
89.99
108.63
121.24
117.47
97.1
88.7
99.53
107.33
115.78
117.57
106.73
94.06
87.09
79.06
58.94
59.81
56.71
63.39
59.31
54.03
51.23
45.17
45.16
47.44
74.84
100.88
106.07
96.24
93.32
91.7
108.31
108.21
122.33
130.05
113.58
99.21
91.35
83.12
65.72
57.48
58.76
63.58
57.14
51.42
46.17
45.58
45.64
51.03
71.26
92.91
90.42
83.92
90.38
100.48
108.98
119.39
129.19
133.71
122.14
105.96
103.69
91.1
75.59
59.03
58.72
59.55
54.07
47.76
45.3
45.36
50.7
45.18
62.22
71.17
85.74
85.2
96.68
109.51
119.66
126.52
128.58
135.8
118.12
104.83
110.88
97.11
65.09
70.6
56.51
60.76
54.59
55.68
47.12
46.81
46.8
46.67
65.01
78.34
93.17
86.82
87.48
103.48
116.53
118.01
133.95
136.45
118.83
109.12
99.62
89.02
64.11
59.27
56.21
63.84
57.37
51.0
45.76
45.57
51.41
45.52
50.63
61.78
71.95
71.82
54.0
56.31
50.28
57.07
61.87
61.04
61.01
62.36
62.77
55.46
54.14
45.38
45.58
45.56
51.72
45.52
45.59
45.6
45.63
45.46
59.42
67.51
77.16
67.45
58.96
51.42
56.56
56.32
56.81
62.37
64.79
61.16
62.56
54.8
54.45
45.06
44.92
45.11
51.09
45.06
45.26
45.16
45.04
51.18
68.29
87.28
101.2
98.44
89.52
111.67
115.25
130.77
139.82
141.27
127.43
112.0
110.58
92.95
66.5
68.76
54.54
62.11
61.14
54.52
49.37
48.82
48.92
54.55
67.24
81.52
92.25
89.4
94.55
118.39
125.05
126.32
139.37
139.5
123.04
108.61
100.01
95.2
73.38
64.13
63.18
57.0
60.59
54.28
48.74
53.57
48.0
48.04
65.93
80.43
94.17
90.37
97.22
120.6
125.61
123.24
126.47
130.75
121.94
112.66
96.62
89.87
70.76
57.7
60.55
61.21
59.13
52.67
55.08
48.91
48.76
48.71
61.02
67.91
86.53
81.46
96.47
116.84
117.41
115.59
123.01
130.16
117.68
97.12
87.96
80.58
66.44
50.33
50.61
58.32
52.1
46.24
43.2
48.96
43.09
43.02
58.66
75.46
85.64
91.31
94.13
109.84
113.92
124.62
129.68
135.06
115.09
98.83
93.16
96.78
69.82
64.58
53.94
50.95
48.43
51.1
43.58
43.28
43.41
43.31
49.19
57.7
53.62
50.15
53.97
54.4
56.4
56.75
58.59
59.98
67.83
65.38
63.53
63.58
46.17
45.21
47.14
43.24
43.31
49.53
43.22
43.24
43.33
49.32
49.68
51.62
50.05
51.05
55.91
57.1
58.62
58.93
59.52
60.4
61.45
62.24
63.63
63.74
46.51
49.38
43.23
43.21
43.28
49.29
43.34
43.3
43.34
43.19
58.63
68.14
67.94
69.33
60.46
74.4
79.54
76.19
88.26
83.04
82.94
83.61
74.83
69.27
49.96
53.18
44.39
48.11
45.16
43.67
43.55
43.61
49.62
43.2
62.81
80.48
85.5
85.44
87.07
96.24
109.69
111.38
114.98
122.0
107.14
98.94
82.64
68.76
63.42
58.05
49.45
59.41
58.01
48.97
42.95
42.86
42.81
42.63
62.73
84.01
94.21
84.54
88.6
94.02
102.74
118.97
121.31
124.82
118.06
109.01
89.41
80.87
59.41
61.15
48.09
52.22
59.53
46.54
42.75
41.58
41.43
41.29
61.21
81.64
95.75
87.35
93.04
102.49
109.35
123.27
126.76
128.94
120.75
110.56
101.18
84.4
57.71
56.92
58.24
53.5
52.49
47.93
43.31
43.25
48.44
43.3
65.61
84.8
97.32
88.56
93.62
107.16
117.21
120.01
130.78
127.96
106.67
101.41
90.58
85.62
69.93
60.53
49.2
61.45
51.43
45.64
43.45
43.49
48.83
43.37
49.7
60.01
70.66
56.27
52.19
58.16
60.25
58.87
58.53
61.44
60.4
60.29
61.14
57.12
49.19
41.2
41.09
47.28
41.07
41.26
41.28
47.27
41.5
41.2
47.13
54.82
47.9
46.0
52.36
45.53
54.55
54.67
54.17
56.45
55.46
52.14
59.4
52.19
50.22
42.41
42.3
42.22
47.22
41.05
41.14
41.21
47.23
43.07
63.74
78.64
90.43
102.05
108.52
109.4
107.01
121.12
116.65
113.76
104.52
97.02
85.27
85.41
67.94
70.79
53.97
57.55
52.41
44.77
43.02
42.91
48.98
44.55
64.97
82.25
94.67
89.03
94.09
92.06
102.63
104.77
108.09
108.11
98.76
89.12
76.87
72.49
60.67
59.35
51.88
50.63
58.92
49.52
45.89
45.65
44.36
43.45
72.72
114.38
118.99
97.97
91.28
96.18
96.81
101.9
111.52
120.98
114.27
106.76
90.52
71.38
58.04
58.96
57.09
50.5
53.24
48.94
43.38
43.14
48.73
44.32
64.89
96.15
105.93
89.64
91.79
100.3
108.23
121.72
124.86
130.87
123.16
105.02
95.59
84.91
68.15
57.26
52.5
55.94
60.84
52.14
48.73
48.12
45.99
46.34
69.47
93.86
96.34
87.54
91.88
109.0
110.97
112.49
117.99
93.34
119.98
103.79
91.85
85.9
65.12
54.17
52.05
56.84
55.37
50.78
45.72
50.01
44.09
44.03
51.52
60.09
51.73
50.61
49.93
57.9
52.67
59.69
61.12
53.87
63.61
53.72
62.14
56.6
52.71
43.74
43.88
44.1
49.45
43.96
43.76
43.68
49.59
43.57
50.39
53.48
52.35
51.68
59.44
60.27
60.26
61.71
61.53
61.79
61.18
63.22
63.67
56.33
54.03
43.39
43.6
45.7
46.71
43.55
43.56
50.27
43.21
43.37
58.55
71.88
101.36
102.3
100.87
99.99
95.5
100.13
99.61
95.96
85.84
77.68
72.15
67.34
57.72
54.54
51.69
55.81
52.11
47.14
48.53
43.43
43.29
41.66
73.61
109.55
106.7
90.04
86.27
94.71
95.77
97.82
106.55
108.59
89.64
80.29
75.91
70.79
59.98
57.02
49.64
54.87
51.87
55.11
43.64
43.11
43.27
42.53
80.15
121.68
121.28
98.46
89.64
95.74
97.34
101.12
108.48
117.97
104.89
91.25
82.63
69.93
59.07
57.99
56.05
57.09
51.29
49.28
43.11
43.03
42.94
42.87
75.69
110.85
106.68
84.03
89.23
92.25
97.39
101.31
114.42
118.06
103.71
93.32
87.58
75.78
64.24
57.08
49.41
53.77
59.01
46.38
42.44
42.39
42.27
41.15
67.87
98.82
98.97
87.06
88.69
103.64
103.55
114.54
119.19
126.52
107.72
95.83
95.45
83.06
56.8
57.72
46.9
51.66
58.16
45.6
40.88
40.76
40.64
46.5
46.57
53.74
61.36
61.85
54.09
61.27
61.99
58.33
61.38
71.24
71.51
68.84
75.29
72.53
49.76
40.49
47.46
40.68
40.71
40.88
47.6
40.82
40.92
40.87
53.86
50.69
49.7
46.89
53.55
54.73
55.0
57.91
60.44
69.58
71.64
68.72
68.78
69.07
53.32
40.76
40.85
47.19
40.63
40.85
40.88
40.89
47.11
40.74
59.66
77.45
85.22
93.4
101.12
117.36
122.87
133.26
130.83
137.43
128.42
109.13
102.59
86.91
64.45
52.16
53.5
52.12
50.83
43.97
44.65
43.03
40.79
41.51
59.53
72.89
84.49
95.26
111.19
124.05
124.44
137.26
140.75
141.88
131.62
122.07
98.95
86.12
64.19
47.25
55.79
47.12
44.96
47.14
47.95
40.96
40.91
42.03
60.93
71.88
94.92
99.69
113.99
124.25
133.53
141.61
142.15
140.47
132.14
122.32
108.19
104.82
70.22
60.79
48.47
51.42
55.54
47.73
41.47
43.71
45.33
41.29
77.98
98.62
111.67
117.25
133.73
132.03
140.4
138.64
139.82
140.25
133.06
113.71
98.5
90.41
69.8
61.85
46.49
58.1
51.81
46.18
41.67
47.43
41.41
41.38
65.8
82.37
98.36
110.46
129.11
132.66
139.52
138.06
139.08
137.6
123.99
115.25
106.36
98.94
70.81
57.01
56.05
57.58
44.46
41.39
41.64
46.71
41.1
41.12
54.71
63.38
58.13
71.65
69.21
68.24
77.9
73.56
84.73
84.58
81.14
86.3
77.2
84.7
51.66
41.16
47.22
41.12
40.48
47.31
41.26
41.28
47.26
41.1
54.21
57.61
64.58
64.98
70.21
71.24
67.81
80.27
77.0
86.4
84.96
80.41
85.99
78.14
54.61
41.21
41.43
47.13
41.24
41.27
47.36
41.01
41.0
41.15
69.61
71.23
85.89
89.09
68.1
93.16
106.71
108.38
111.74
110.22
106.52
99.54
98.22
96.31
59.68
51.88
42.74
42.17
48.24
41.93
41.92
48.22
41.9
41.95
63.08
75.19
84.13
84.43
91.7
126.645
131.68
103.02
110.25
110.26
110.43
103.09
100.7
90.75
60.79
51.84
42.95
48.44
42.38
42.24
48.43
42.29
42.33
49.34
75.48
86.59
83.5
82.34
88.36
93.9
92.73
103.36
100.08
87.22
86.61
80.84
73.42
77.37
51.41
52.51
42.08
47.12
40.65
40.94
40.96
47.21
40.84
43.18
61.75
71.01
61.15
62.85
65.69
68.47
68.75
68.29
71.12
80.11
79.12
75.58
75.46
75.71
59.49
47.28
49.48
42.23
42.57
42.38
48.61
42.22
42.85
43.7
58.49
66.94
63.88
61.4
66.03
69.25
76.76
83.8
87.05
84.85
96.59
90.27
83.34
90.22
54.66
51.26
50.02
43.16
43.33
43.57
49.52
43.37
43.45
42.2
55.63
49.51
48.1
53.84
54.16
57.39
58.95
59.55
65.23
73.25
72.22
82.58
74.98
74.63
55.01
43.22
42.99
49.09
42.83
42.95
44.72
48.02
42.98
43.04
54.08
49.4
47.82
53.47
55.76
56.65
58.19
66.67
64.1
69.4
81.42
75.49
88.25
79.47
56.32
42.79
42.95
48.58
42.78
42.81
43.09
49.06
42.99
43.15
59.7
76.7
90.29
117.26
125.83
137.89
135.49
141.74
143.78
145.53
133.42
122.56
106.07
99.3
61.2
61.44
55.19
54.34
54.86
49.33
43.13
49.02
43.08
42.22
58.95
70.68
89.78
97.87
115.42
126.56
135.44
137.89
136.96
138.39
129.64
119.93
102.06
88.41
68.17
58.61
50.0
51.61
54.32
53.49
42.26
42.31
42.42
48.46
61.28
75.78
96.63
105.75
122.24
138.71
141.54
141.2
141.98
143.24
135.55
127.64
113.42
99.66
72.08
63.52
50.62
57.24
53.64
48.38
43.6
49.25
43.27
42.8
59.75
76.37
95.73
117.72
126.3
138.17
137.28
140.15
143.07
144.57
135.25
127.87
120.19
107.16
73.61
58.72
54.89
54.3
53.55
52.96
43.36
43.36
43.45
45.52
65.66
71.93
96.17
108.54
123.29
138.41
137.39
140.31
142.91
144.2
132.69
122.48
119.26
113.39
81.47
67.13
55.01
53.16
43.33
43.28
43.3
49.33
43.14
43.3
58.32
54.89
58.2
59.59
61.21
61.37
77.38
83.54
90.38
97.45
98.7
94.89
87.13
88.78
58.6
43.8
49.39
43.36
43.17
49.85
43.28
43.31
49.48
43.18
53.26
54.74
60.95
60.9
70.82
67.4
81.71
91.87
96.05
95.84
96.21
95.08
84.86
91.15
55.99
49.69
43.17
43.24
49.34
43.09
43.22
49.29
43.09
43.35
79.29
95.18
116.31
137.68
141.64
145.2
145.48
151.01
153.56
166.27
155.21
141.88
129.24
124.85
91.09
71.62
58.22
55.64
54.14
53.68
46.28
45.16
45.16
46.98
86.08
113.43
117.78
121.04
124.76
129.38
128.6
138.88
152.75
154.0
142.46
139.21
133.21
124.75
94.26
75.16
55.56
49.8
54.16
54.46
45.37
45.55
46.41
45.58
88.44
121.23
128.56
143.96
143.48
139.16
133.33
132.14
136.83
149.35
143.69
138.91
130.65
113.78
84.93
79.66
66.08
57.1
54.8
50.56
57.79
48.14
45.16
45.45
77.46
105.2
116.17
117.72
122.35
123.55
117.73
120.96
133.34
133.93
117.42
105.58
102.17
91.19
79.33
67.03
56.55
55.39
61.12
56.87
45.96
44.39
45.86
45.94
76.82
98.24
109.18
116.21
125.1
127.95
118.95
118.68
128.13
129.2
116.22
101.99
94.87
85.43
77.75
71.26
67.04
52.58
57.41
56.19
45.47
45.49
45.02
43.14
52.39
63.95
66.27
83.81
77.36
73.1
76.05
81.65
82.11
80.83
80.01
82.13
82.16
83.37
51.39
46.35
46.28
45.81
41.48
45.63
45.38
45.58
45.65
45.75
51.8
60.23
76.59
78.52
78.0
77.06
80.22
86.53
84.11
82.28
81.02
81.87
70.64
77.9
53.61
45.58
45.75
45.69
45.55
44.86
41.5
45.54
45.46
45.13
72.89
101.93
119.55
116.85
125.35
123.56
119.45
124.62
121.84
129.13
122.23
109.37
102.26
82.35
74.26
68.66
61.03
54.28
51.58
49.11
45.29
45.84
41.81
46.03
75.98
106.28
119.02
103.68
112.86
120.85
120.83
120.51
129.21
139.34
123.32
114.75
111.87
87.76
72.14
70.45
60.5
46.02
58.37
51.94
42.94
45.77
43.54
44.11
75.92
119.49
126.18
102.51
109.81
107.04
113.7
117.59
126.22
124.63
111.14
97.43
75.39
85.37
74.36
68.92
60.48
57.31
54.64
50.1
41.97
46.03
46.03
42.26
80.29
120.07
138.85
118.14
120.19
122.95
119.55
118.64
119.31
123.71
111.81
104.03
95.33
92.11
72.88
67.89
63.68
55.38
54.3
45.39
42.36
45.25
45.17
43.2
79.61
114.57
126.41
117.34
123.88
123.31
115.66
120.27
120.59
132.62
124.54
115.71
110.18
122.14
97.84
81.07
60.0
52.06
50.89
46.34
41.93
45.32
45.88
46.77
54.18
64.3
83.79
85.62
87.76
89.59
87.91
84.56
85.84
83.94
82.82
83.91
76.23
76.78
56.59
45.51
45.68
46.32
46.33
41.18
46.03
45.53
45.47
41.26
54.54
66.86
81.68
86.71
90.67
92.57
85.24
83.63
82.87
84.34
79.11
76.73
77.04
79.14
56.4
45.58
46.4
42.1
45.74
46.06
45.61
45.61
41.33
44.68
75.84
108.45
124.71
126.0
119.12
118.47
116.53
119.89
128.76
131.8
128.06
115.89
105.67
96.38
69.06
74.02
60.42
53.48
56.8
51.16
41.51
46.07
45.81
46.9
76.26
104.56
121.41
122.25
125.44
122.75
118.66
121.54
125.57
131.43
124.45
109.79
104.31
95.47
66.55
70.66
63.48
51.2
46.72
45.89
46.37
56.97
56.15
51.24
75.79
105.12
125.14
112.13
116.06
117.76
121.14
118.03
115.18
120.53
108.02
96.63
87.6
80.14
70.67
69.9
56.16
55.33
54.57
52.33
41.89
45.63
45.65
46.28
77.3
105.87
125.49
117.83
98.95
96.39
104.68
110.55
106.78
115.55
107.69
91.55
83.9
90.57
64.81
64.66
55.64
57.77
54.59
51.69
45.99
45.78
41.72
47.8
81.25
107.36
128.67
99.47
111.38
109.28
108.42
121.21
126.72
120.52
106.54
100.18
102.38
94.66
68.9
66.8
62.77
54.29
46.9
47.35
45.62
44.24
47.23
47.56
55.34
66.72
85.74
90.71
94.69
90.56
90.26
78.98
90.79
91.83
81.94
90.19
80.84
79.99
55.87
43.28
46.42
46.39
46.32
45.69
41.54
45.58
45.18
45.72
51.96
68.73
91.09
89.89
89.8
92.4
82.73
92.15
91.6
89.21
88.8
89.39
82.66
80.73
51.34
46.46
46.42
46.24
41.52
46.24
46.22
45.71
42.85
44.78
76.15
99.93
114.69
129.48
120.06
114.34
116.25
129.53
133.81
138.57
126.79
113.08
114.97
116.37
94.15
75.48
60.93
54.46
55.17
52.65
42.67
46.03
46.08
46.84
78.05
116.7
137.34
121.86
123.64
120.6
115.15
116.52
132.66
141.74
122.81
106.8
100.16
99.84
72.84
67.14
59.0
51.57
53.71
47.43
46.66
45.43
45.54
44.1
78.99
99.1
116.96
104.36
115.02
105.77
107.29
106.16
111.3
116.41
110.91
102.58
97.13
105.04
72.49
74.47
58.09
52.96
49.82
41.15
45.13
45.48
46.01
46.57
73.41
95.17
115.95
112.57
117.96
120.63
121.43
121.01
126.71
130.08
128.76
125.6
121.06
116.43
89.55
70.92
59.19
45.83
47.77
45.49
45.69
45.67
45.71
42.23
77.69
98.86
113.94
99.09
105.32
116.21
122.66
117.48
119.25
120.46
123.97
126.18
128.11
134.88
101.08
91.54
54.48
45.45
43.96
41.75
45.22
44.54
44.35
41.77
53.84
67.99
79.87
88.92
77.8575
76.1525
75.15
72.6925
75.575
75.3325
72.165
70.385
67.7725
69.805
53.1
39.87
39.235
38.6325
39.4825
40.8975
42.9925
45.2375
46.825
48.085
60.54
69.9225
72.0825
68.9325
64.78
60.895
85.84
85.26
79.96
84.75
81.42
83.49
90.69
91.31
62.47
46.09
42.08
46.38
45.45
45.31
40.85
45.34
45.21
40.5
99.12
139.95
124.63
116.15
120.08
124.15
114.82
110.68
120.12
126.95
114.14
106.07
104.41
101.09
67.83
64.07
60.42
53.68
51.52
53.68
51.14
47.22
45.07
42.65
76.34
101.35
119.8
118.83
117.51
116.73
113.62
119.23
127.74
127.34
118.02
108.47
102.07
96.94
75.37
72.4
60.67
61.28
58.32
56.67
46.11
44.36
46.09
46.16
72.18
99.92
118.39
131.47
133.41
121.15
123.01
125.46
131.72
140.04
132.41
119.77
112.32
108.66
80.2
73.48
58.16
56.63
52.4
52.56
40.7
44.57
44.0
47.35
83.38
111.15
122.15
120.26
122.44
131.05
94.68
127.92
106.27
155.97
155.27
147.64
143.84
127.23
80.49
80.61
61.09
54.31
49.6
50.93
44.71
44.09
43.92
45.7
83.77
122.1
124.61
116.2
122.23
127.52
118.58
90.69
110.84
155.54
142.68
130.15
125.49
120.38
65.21
40.2
37.25
58.31
46.32
41.75
45.22
44.54
44.35
41.77
53.84
67.99
79.87
88.92
88.34
83.93
87.6
86.0
84.98
85.14
85.25
85.51
85.58
86.64
53.58
44.39
43.7
44.51
44.28
43.06
43.55
44.21
43.56
44.24
62.76
74.77
76.22
80.49
80.43
80.46
85.91
85.68
85.69
86.17
86.19
85.64
85.44
87.92
55.16
44.28
43.65
44.52
44.48
44.55
44.66
44.38
41.13
42.34
90.73
114.56
122.44
115.36
122.39
129.39
126.31
124.5
133.55
146.1
134.56
111.03
101.62
101.35
78.22
69.03
59.37
51.67
55.06
53.82
47.17
43.48
43.43
42.7
78.24
107.21
97.75
117.84
117.97
118.04
119.15
119.37
123.59
132.05
123.29
108.84
104.67
108.36
81.75
73.67
56.17
57.61
54.73
49.07
44.83
43.59
43.33
42.96
77.27
99.14
115.25
117.23
116.2
116.41
112.39
115.95
126.08
128.18
126.46
121.53
118.31
107.82
81.25
83.74
58.09
52.74
51.91
52.21
44.6
43.35
42.95
39.24
77.87
111.44
114.2
117.5
120.41
117.75
111.21
112.17
120.15
128.71
121.84
113.05
112.17
103.35
69.6
57.02
57.09
53.22
55.03
51.97
43.84
43.16
39.05
42.64
68.71
94.2
101.02
104.91
113.94
116.05
114.75
108.63
107.12
108.1
112.85
111.98
103.26
105.26
72.16
65.91
55.94
54.12
48.58
41.22
42.01
42.76
42.73
39.09
50.42
69.44
75.99
92.12
85.35
86.64
87.68
82.88
80.87
77.39
78.37
82.51
81.0
80.06
53.36
44.9
45.67
41.72
45.19
45.93
45.23
41.58
44.41
44.4
54.58
76.71
101.8
101.86
94.78
92.77
90.32
87.89
84.47
86.21
82.48
84.01
75.31
78.38
56.29
44.5
44.52
45.65
45.28
45.58
40.99
45.6
45.65
45.09
73.45
82.72
118.34
115.35
136.7225
126.92
122.49
129.33
130.38
135.91
128.57
119.1
115.89
109.15
85.0
67.99
59.6
63.99
52.05
49.55
45.94
46.0
45.39
45.97
80.4
99.21
114.13
117.01
125.62
122.55
114.48
117.95
130.77
131.02
115.89
105.22
98.61
87.22
76.09
75.45
60.56
58.68
58.27
56.1
45.72
43.79
46.01
46.65
79.53
94.82
110.24
119.35
122.89
122.65
127.37
132.45
138.61
142.99
130.11
120.29
112.34
101.9
75.81
68.64
61.98
60.85
57.96
55.94
47.87
47.99
48.47
44.24
87.11
108.93
111.59
118.83
121.4
121.85
118.8
122.04
130.42
130.83
119.96
110.56
112.49
106.44
71.67
62.23
53.13
58.56
57.05
49.75
44.69
44.9
26.53
34.47
86.03
105.27
104.92
118.72
121.94
106.79
107.27
119.63
126.54
122.83
108.87
93.93
88.16
90.48
85.91
85.08
61.62
59.49
59.55
51.64
48.78
45.68
45.63
42.62
53.4
61.19
68.79
79.23
86.46
82.46
94.36
77.31
83.94
82.41
78.83
77.75
74.38
79.14
52.43
45.69
45.83
45.61
43.92
43.34
45.72
45.13
45.68
45.6
55.41
63.86
87.64
90.92
87.29
89.27
92.36
88.28
87.84
86.55
85.24
84.31
83.83
73.51
57.41
45.62
45.7
46.29
46.44
44.41
43.44
45.71
45.52
45.49
88.72
137.13
129.03
116.25
123.47
122.66
118.4
120.13
134.7
136.55
118.23
105.26
101.08
97.24
68.42
62.39
51.85
58.82
57.29
52.15
42.96
46.72
46.1
45.84
68.94
87.73
110.29
111.61
119.15
118.46
115.6
116.19
131.4
132.67
121.51
107.05
100.8
89.38
62.35
61.78
57.39
56.38
55.33
56.81
52.3
46.07
42.27
46.65
76.11
94.11
114.38
108.75
115.68
121.9
125.29
117.01
124.32
136.05
125.95
116.39
110.44
103.97
86.64
70.64
60.39
54.59
52.79
47.89
40.0
44.85
45.6
49.55
86.09
109.04
118.47
121.05
120.2
125.84
121.71
119.92
124.9
131.21
127.67
116.7
111.61
101.06
83.39
84.62
60.17
52.41
52.63
50.53
46.25
44.13
40.46
46.52
82.36
95.46
113.95
96.85
101.7
111.15
110.37
126.06
125.07
126.66
115.59
108.4
105.99
112.26
97.3
81.33
54.64
52.91
61.26
50.01
42.54
42.31
50.6
48.2
46.84
70.47
70.5
76.14
82.09
87.69
84.95
74.36
96.11
75.97
89.94
76.1
67.96
85.02
59.29
42.0
42.18
47.21
51.14
42.12
42.01
57.12
41.92
41.93
57.75
62.19
83.46
88.51
81.1
75.48
88.15
83.83
93.63
96.14
95.5
75.73
81.8
82.37
45.3
57.13
41.78
41.89
53.07
44.98
42.1
42.1
56.35
41.78
77.83
113.05
122.93
126.86
112.25
110.22
106.66
106.44
107.22
107.87
107.01
107.69
114.94
114.84
86.85
81.72
48.52
43.42
57.41
42.19
42.27
47.45
51.28
44.19
86.34
118.46
138.97
130.56
128.43
126.22
130.27
129.31
135.04
149.29
138.75
123.23
114.0
102.77
76.63
83.98
65.78
66.85
61.06
70.32
56.38
57.41
54.95
45.9
91.03
117.81
134.14
162.44
162.58
168.01
172.46
166.83
144.33
162.14
153.97
141.19
137.61
119.94
76.98
85.97
64.06
64.42
61.42
59.68
70.94
52.68
46.82
60.1
84.24
120.47
128.76
122.54
144.46
181.11
180.97
185.58
154.09
163.54
156.98
145.3
137.9
130.49
91.53
92.06
61.27
67.84
63.44
56.11
72.63
55.08
49.6
62.51
92.73
123.01
132.17
131.02
135.34
149.85
180.8
162.1625
208.33
209.08
196.48
195.62
197.1
200.36
167.56
162.87
143.57
140.41
137.33
141.97
133.19
139.45
144.41
140.5
159.9
160.69
158.22
156.19
151.59
147.15
144.14
144.15
144.96
146.54
147.56
149.63
152.06
156.7
137.83
127.64
134.41
137.83
139.73
136.26
141.93
143.58
143.51
144.49
165.31
166.2
160.62
158.72
153.69
151.22
149.26
147.24
147.04
148.75
151.22
155.16
160.77
160.34
143.86
133.85
137.56
138.76
137.61
136.75
145.26
144.28
144.52
139.91
190.14
203.81
195.92
193.59
201.37
198.19
197.07
196.35
207.05
220.89
219.46
217.16
214.3
217.47
185.39
175.25
156.39
162.14
154.03
156.83
152.09
152.18
152.5
149.02
192.94
208.37
195.13
184.13
179.52
175.93
186.43
187.74
194.69
213.74
222.58
222.95
219.64
221.9
183.79
176.09
163.55
165.18
164.05
158.05
153.65
152.12
145.3
145.92
170.83
186.98
193.24
199.37
188.19
182.66
189.54
198.24
154.65
154.17
160.14
165.05
156.55
163.19
152.2
137.82
131.08
122.98
126.95
114.16
116.35
118.09
111.04
115.43
165.67
178.26
175.76
174.27
164.58
168.59
172.42
172.19
164.15
135.73
137.6
140.33
133.62
121.11
84.63
72.92
66.24
65.43
64.72
63.84
60.28
60.08
56.78
62.6
113.79
137.66
121.66
118.27
110.37
119.63
132.45
136.78
134.93
134.23
133.04
133.7
129.71
122.58
81.16
67.44
68.53
65.06
62.43
60.34
59.53
62.74
61.8
59.42
87.42
102.04
104.79
107.66
110.4
116.97
118.32
113.19
110.83
112.38
112.84
112.98
111.09
113.62
70.55
59.57
61.6
61.35
59.64
60.23
59.83
59.73
60.06
59.73
78.29
97.46
111.61
120.67
120.7
119.29
112.68
108.27
106.56
109.2
110.74
112.63
111.97
111.43
69.0
67.7
62.64
59.29
58.54
59.25
60.06
60.6
59.87
63.72
110.77
129.77
126.86
127.5
127.44
129.62
129.83
137.27
133.66
128.04
135.57
138.78
137.98
133.01
119.16
94.77
80.41
73.92
69.77
73.51
65.85
67.39
68.23
65.35
137.13
149.39
136.6
142.82
136.87
131.9
138.82
138.93
146.96
146.23
144.1
147.68
148.77
145.63
118.85
101.31
78.99
75.36
69.29
69.47
67.88
69.78
69.68
73.5
145.96
164.19
137.16
136.23
136.86
145.26
161.56
160.2
165.6
162.41
161.17
160.38
156.35
151.04
125.54
106.73
77.76
74.19
69.63
64.6
65.23
68.26
63.75
64.34
122.59
138.6
128.38
127.52
126.16
132.71
140.66
137.72
136.77
141.34
141.38
141.88
142.5
138.58
117.48
93.6
72.78
67.17
64.53
63.43
63.22
63.35
60.13
62.62
101.79
123.47
129.0
128.09
135.58
129.58
128.13
132.48
135.83
133.18
138.77
141.25
142.0
141.73
119.41
98.15
78.66
78.56
76.13
68.96
64.29
64.5
61.69
61.55
88.72
102.66
112.79
120.79
122.26
118.29
111.83
113.76
115.06
118.51
119.43
120.05
118.81
116.62
81.11
68.97
66.06
64.66
68.72
62.3
65.25
64.8
60.84
61.67
92.36
104.59
107.08
114.23
116.05
112.27
113.5
116.12
120.3
120.42
122.24
125.47
122.24
116.81
81.53
71.88
66.88
66.4
65.91
67.68
67.04
65.73
63.1
66.28
136.59
151.44
139.94
146.02
152.86
154.27
154.79
155.32
157.4
159.54
157.31
152.44
149.41
145.11
116.14
104.23
71.0
75.69
65.86
64.02
62.75
66.55
64.88
63.09
117.4
139.18
137.91
147.38
147.3
147.16
153.79
154.19
155.47
155.7
155.99
150.24
147.32
139.44
111.93
106.25
78.04
67.6
69.51
65.12
68.13
70.45
59.1
63.09
117.4
139.18
135.01
143.14
148.99
153.68
159.8
163.49
161.97
155.35
155.16
153.6
146.91
137.0
110.46
105.27
76.18
72.19
66.31
66.03
62.91
62.12
66.36
65.32
120.13
135.48
129.12
134.63
137.95
145.52
152.84
158.61
159.0
161.66
158.23
152.78
150.32
140.18
114.32
104.78
73.36
72.19
66.31
66.03
62.91
62.12
66.36
65.32
120.13
135.48
126.15
134.22
139.17
145.19
147.06
150.99
148.68
144.12
144.2
140.04
140.52
132.82
109.44
97.75
67.38
65.25
59.84
58.31
59.29
57.11
57.91
57.96
87.85
101.24
104.61
111.46
113.8
110.67
113.31
117.42
120.64
119.63
121.41
120.06
118.27
114.4
79.19
64.91
69.75
61.72
64.42
62.55
59.09
65.96
59.07
59.37
97.06
107.64
103.56
108.13
110.56
113.9
116.46
120.72
122.75
123.77
125.81
127.28
125.22
117.93
81.35
67.84
68.94
64.84
65.41
61.61
63.94
63.35
60.77
66.01
132.77
155.69
141.22
139.63
148.44
157.06
156.35
160.5
165.94
160.06
155.91
148.99
144.55
133.13
123.29
124.8
108.02
100.31
98.55
94.47
94.26
93.72
66.89
63.09
117.4
139.18
135.01
143.14
148.99
156.06
164.18
156.11
154.94
158.14
156.28
156.43
154.93
142.2
130.47
123.64
109.58
105.82
98.64
96.21
96.14
96.23
95.08
94.68
171.86
192.13
156.79
144.61
144.26
152.53
160.92
157.5
156.43
155.19
152.73
147.77
143.71
135.33
126.58
124.61
114.63
108.23
101.46
100.04
98.57
98.22
97.73
97.7
171.14
185.71
154.09
149.26
151.28
160.86
166.87
167.95
172.84
173.56
169.87
159.71
153.86
145.55
135.05
133.27
123.95
110.25
106.78
105.79
111.56
109.34
106.08
106.21
149.26
160.34
152.16
154.15
169.93
164.59
168.56
175.5
171.97
170.49
173.29
169.03
164.28
152.02
136.8
128.2
118.19
109.52
108.9
108.39
110.22
108.87
110.69
107.35
122.32
126.32
125.63
123.89
125.62
127.31
130.77
133.85
134.93
137.52
139.2
139.07
136.19
89.1
64.62
58.83
68.02
65.92
73.19
69.75
76.02
71.68
76.41
73.36
83.93
90.41
85.68
91.23
86.43
91.4
86.66
91.92
92.38
86.86
91.79
86.6
92.37
91.29
87.81
92.15
86.27
91.37
89.56
86.1
90.55
85.15
90.77
87.94
100.0
105.23
122.2
162.6475
168.125
175.66
177.88
248.28
233.19
234.24
225.64
212.5
202.79
190.13
158.34
141.86
117.97
109.3
105.73
102.64
104.3
102.11
101.74
103.75
166.41
188.67
158.53
159.82
165.19
171.17
172.24
175.48
173.86
173.57
174.53
172.0
169.53
168.75
144.43
140.57
125.39
109.75
104.4
108.66
109.07
106.28
104.86
109.92
159.63
175.06
149.68
156.07
164.69
165.37
166.51
168.19
165.8
167.5
165.07
161.86
156.38
146.47
136.79
125.8
114.58
107.23
106.97
105.9
107.16
108.93
110.19
113.83
146.26
152.54
139.04
148.86
152.03
150.27
155.16
153.69
156.58
160.13
157.6
155.43
151.31
138.75
128.56
120.79
115.61
113.04
112.58
109.65
112.1
109.09
114.85
112.85
150.17
160.79
135.56
136.52
142.79
142.11
147.7
151.69
151.15
151.76
153.07
145.21
146.23
139.18
129.88
128.09
121.16
114.2
112.17
111.89
114.3
118.38
115.49
110.44
119.26
118.46
117.34
114.7
114.27
120.79
126.33
125.83
127.22
125.65
125.69
124.46
122.81
121.64
115.79
112.88
116.11
113.61
112.62
112.28
113.53
112.18
114.04
113.03
121.98
121.19
117.15
116.68
116.34
120.65
123.48
126.6
124.91
126.46
124.31
126.16
123.58
119.63
121.16
115.81
114.05
113.01
115.44
117.4
116.4
116.67
115.48
117.14
165.65
176.52
152.49
151.54
158.92
169.21
172.66
174.87
176.21
169.43
166.66
165.92
154.66
151.27
142.78
137.43
122.93
116.11
115.15
117.16
121.32
118.52
120.92
119.96
174.04
186.86
156.69
156.78
156.38
165.5
171.7
169.45
167.11
170.17
165.95
156.64
154.85
140.61
134.82
129.27
115.17
108.36
104.73
113.7
116.01
106.75
106.76
108.3
133.54
139.01
127.66
126.83
132.65
136.71
141.55
151.1
147.25
145.62
146.76
146.83
141.5
133.05
130.34
131.88
128.04
123.78
110.97
111.99
103.64
114.26
106.3
112.66
134.8
142.73
129.73
126.42
123.18
134.34
142.53
139.73
140.08
143.19
141.11
138.46
134.18
127.11
125.03
124.99
115.95
104.3
98.66
101.83
110.56
99.34
98.36
99.54
116.7
130.63
131.43
129.06
129.7
133.28
139.0
138.18
144.28
143.64
140.08
140.6
136.94
129.92
127.57
131.36
118.36
111.2
108.4
112.78
112.17
116.14
116.56
115.9
111.91
109.74
114.66
108.55
108.5
112.8
119.39
121.63
118.84
125.27
120.91
118.91
116.39
113.5
113.43
112.08
114.78
116.1
113.66
100.07
98.44
93.81
104.08
104.06
103.63
112.54
113.94
114.64
109.43
105.34
109.48
111.86
115.9
121.6
121.28
121.63
117.77
115.55
115.37
110.22
106.78
105.27
104.92
106.36
105.01
106.26
108.65
110.35
151.04
168.13
145.24
144.56
150.35
156.56
170.71
180.63
179.28
178.83
169.97
170.24
163.56
143.05
129.7
125.48
114.71
107.63
106.55
106.95
107.9
107.5
110.03
111.8
142.71
154.1
146.86
155.61
163.44
184.3
197.89
198.62
202.41
207.06
201.6
179.14
158.39
140.64
123.4
116.58
109.45
106.97
106.1
105.03
106.39
105.58
107.64
110.94
142.18
153.17
149.67
163.22
178.49
181.18
182.81
192.4
197.06
193.93
190.68
169.99
157.89
143.48
124.89
114.24
107.43
101.9
101.02
105.51
104.67
102.42
104.96
104.62
133.98
148.11
153.61
152.49
154.57
173.31
173.85
181.61
203.03
195.94
183.0
168.02
151.22
135.37
118.41
109.59
108.28
104.88
103.87
106.44
106.16
105.41
104.73
106.4
139.56
146.88
144.31
146.19
149.1
165.99
196.68
188.49
178.84
188.88
153.92
135.71
144.49
131.15
121.95
114.72
111.0
112.02
111.72
112.08
113.19
112.12
112.22
113.62
117.98
122.14
118.47
115.81
87.91
120.87
124.52
130.14
134.54
130.41
128.44
121.69
126.75
128.69
117.67
117.6
118.37
117.31
116.64
116.42
119.32
121.9
124.21
119.15
123.34
133.53
133.42
125.79
126.56
124.48
128.62
124.68
120.03
123.48
122.61
123.46
118.93
123.11
122.7
123.66
120.58
116.65
114.71
116.18
114.92
116.95
123.12
121.0
160.16
174.75
151.23
163.96
184.39
199.91
207.74
198.34
189.97
203.2
201.02
186.05
172.18
158.13
138.66
129.87
117.48
110.52
110.37
113.12
117.3
119.33
119.01
118.8
141.7
159.0
162.46
170.47
178.35
175.97
196.07
204.0
203.1
201.45
200.05
182.11
169.32
155.29
132.13
124.46
119.62
115.76
129.8
133.4
130.98
133.9
129.97
131.13
132.33
138.69
145.87
133.11
139.18
151.92
161.09
170.88
161.02
169.66
179.73
162.01
146.92
134.44
131.55
130.88
129.68
123.5
120.78
120.91
127.2
129.64
127.63
126.51
126.59
135.49
153.84
167.48
179.46
173.64
163.54
188.07
195.85
186.0
184.4
187.1
190.08
156.35
140.51
145.55
144.7
144.91
119.8
108.02
107.41
106.31
106.71
111.54
150.97
167.57
161.93
165.4
168.33
185.72
195.78
179.79
168.17
160.35
172.98
163.87
159.97
143.16
135.15
129.71
120.18
114.46
111.86
111.47
111.79
110.67
111.99
111.11
152.15
149.01
121.99
116.82
119.03
122.1
119.78
119.75
120.5
120.24
120.82
121.65
122.06
122.34
121.58
116.85
115.56
114.89
112.84
111.65
111.13
111.18
105.86
109.57
153.19
178.01
124.14
116.0
114.09
121.22
123.99
121.39
123.96
127.08
127.39
123.03
117.65
116.97
117.0
116.67
114.68
112.32
109.98
110.29
110.58
110.99
110.45
110.53
178.22
199.13
164.64
158.82
179.33
191.46
195.91
199.85
203.64
212.86
203.84
191.01
183.59
161.45
141.45
137.97
125.51
116.72
115.55
117.25
119.2
115.38
115.86
111.93
171.09
173.57
154.65
156.07
167.65
191.19
213.02
211.29
221.3
223.98
206.34
181.98
163.42
161.95
150.52
142.72
119.83
113.52
114.16
114.47
116.38
114.41
112.18
113.13
161.12
186.11
183.36
209.5
227.86
229.68
227.76
253.25
245.14
244.02
232.04
206.92
175.2
164.12
144.45
131.51
122.33
118.69
111.36
113.61
110.17
110.27
109.64
109.69
157.43
162.79
166.66
200.38
223.75
236.33
211.31
217.89
228.0
239.43
188.84
169.81
157.08
142.84
123.32
120.34
113.77
107.32
100.92
106.53
106.86
101.98
106.21
109.07
141.33
158.47
155.41
202.22
225.38
218.74
224.36
228.16
244.44
211.68
187.84
158.54
152.02
135.16
133.2
124.3
155.39
166.0
157.92
153.74
156.78
155.9
152.62
153.04
183.94
177.36
172.89
172.32
172.91
176.72
184.21
188.93
192.05
191.06
189.41
182.64
176.22
178.05
162.68
152.84
149.59
146.95
146.39
147.37
145.13
144.29
145.25
145.05
180.92
176.32
169.08
171.85
166.23
165.81
171.53
176.92
181.11
179.78
178.15
170.56
169.54
164.71
147.68
140.32
138.27
135.72
131.95
131.37
131.07
129.39
128.76
129.11
180.69
188.4
250.92
178.7025
199.18
210.27
215.23
241.22
222.88
219.03
183.11
161.63
150.7
134.96
130.57
136.34
121.52
114.84
101.17
101.87
97.62
91.61
86.01
89.23
162.04
179.97
147.14
174.4
186.59
195.43
225.79
234.78
225.33
218.59
201.75
174.55
162.13
147.6
132.97
136.17
107.41
100.49
81.56
87.84
86.23
89.37
81.32
86.11
146.63
171.26
161.57
173.65
201.82
205.15
196.3
204.26
214.59
212.26
181.81
171.2
160.78
147.38
131.43
130.6
100.7
97.85
89.28
95.21
91.98
101.9
87.79
98.88
164.59
181.04
177.16
185.01
212.63
227.24
215.77
218.44
219.79
216.88
176.13
168.3
156.01
146.72
135.36
131.46
99.36
92.48
90.48
87.11
89.47
86.09
92.67
103.15
163.41
187.03
184.43
202.81
219.53
217.14
212.14
212.74
220.11
226.6
199.41
174.1
166.01
164.37
141.96
142.19
124.61
109.95
107.42
105.73
103.86
102.19
101.61
99.17
114.25
116.34
108.92
111.26
112.49
113.31
115.85
116.21
115.86
114.3
118.56
119.39
114.45
112.07
106.08
108.07
108.86
105.42
102.96
101.15
100.1
97.97
97.81
99.11
111.88
115.16
104.03
103.95
102.63
104.71
111.92
114.51
117.81
119.58
118.67
115.92
113.09
109.14
103.92
102.65
101.17
100.93
98.79
99.01
98.77
98.57
98.35
187.22
211.8
160.28
169.46
191.21
204.14
209.21
214.06
221.02
221.95
221.24
201.66
179.5
163.11
156.35
141.57
143.02
123.59
113.35
101.41
103.59
100.95
104.81
100.85
168.92
185.68
170.88
189.51
196.59
203.5
201.25
210.0
205.91
200.08
203.39
177.49
163.53
155.61
151.98
145.4
138.13
114.65
107.38
100.12
105.02
103.64
100.16
102.59
160.02
181.85
168.99
184.93
196.87
214.98
208.44
216.26
222.22
228.37
233.72
210.82
193.09
187.7
176.89
146.13
137.99
121.66
109.9
102.66
104.37
110.77
108.67
100.84
162.52
172.4
148.74
171.73
202.98
220.07
215.13
207.79
207.49
215.94
227.39
202.27
163.64
156.6
152.31
131.28
125.74
109.72
88.93
94.02
100.32
97.76
94.36
93.06
201.45
230.87
177.21
179.46
191.15
212.26
226.34
216.85
222.78
214.16
212.27
193.66
117.8
87.41
148.29
142.93
143.54
118.03
100.71
98.31
99.83
99.15
98.06
95.19
94.21
145.46
153.03
110.76
120.42
116.09
117.7
118.93
123.38
122.94
120.76
118.2
110.84
113.73
111.41
101.19
99.4
103.67
99.34
96.02
94.42
94.42
95.1
95.32
94.81
147.95
159.09
114.95
117.1
125.84
121.27
122.53
125.58
127.56
125.09
123.55
118.92
117.53
117.3
105.81
104.24
106.59
107.76
107.47
103.75
102.17
98.45
97.23
228.41
242.21
179.31
189.37
205.14
229.5
231.53
223.59
239.97
245.11
240.22
217.75
185.89
166.85
153.26
150.69
153.23
123.53
102.11
96.52
106.75
104.52
97.0
93.79
191.93
185.46
162.15
164.52
172.39
189.01
201.79
192.92
202.78
210.31
211.53
186.56
165.14
151.88
149.67
138.63
136.7
111.72
96.47
91.36
96.34
99.94
98.54
92.96
178.18
203.84
157.17
160.6
167.81
189.22
197.27
191.4
196.09
200.09
204.23
179.38
158.62
148.98
140.77
135.08
132.28
109.1
100.81
95.34
105.91
99.32
98.37
92.51
180.77
203.98
159.62
171.21
190.0
207.1
216.77
211.94
214.22
221.24
235.33
203.51
173.09
159.45
154.32
134.98
132.57
117.4
109.26
97.57
96.78
95.28
98.18
96.74
192.64
207.89
178.42
180.21
204.92
220.11
222.89
220.87
223.27
232.37
233.13
196.92
169.22
156.8
152.3
142.38
140.75
117.94
104.33
96.75
107.55
110.0
107.57
97.29
100.98
153.83
159.69
116.81
119.52
121.72
122.33
122.2
124.45
122.37
121.59
122.34
121.69
117.36
116.19
104.17
99.3
98.54
97.64
94.51
94.22
93.44
93.91
92.94
92.36
151.13
164.49
122.57
117.04
120.32
125.43
121.26
125.42
126.9
125.78
121.36
120.32
113.84
115.39
102.28
96.48
99.14
100.25
96.39
93.98
93.63
92.47
92.2
215.79
246.11
169.48
174.65
185.11
214.09
217.02
209.83
210.5
215.14
222.15
189.13
170.46
158.61
156.36
139.86
135.9
114.75
102.17
96.35
103.42
108.7
102.74
100.82
201.82
213.09
165.22
167.84
190.72
207.67
209.86
204.22
208.26
208.44
213.47
194.02
171.93
159.75
159.49
144.89
143.56
122.86
105.84
95.76
107.08
106.41
106.76
99.05
195.93
206.94
169.8
180.25
186.7
205.27
209.39
207.79
215.29
215.75
221.1
189.72
172.16
160.39
155.99
147.83
148.47
122.88
104.39
96.69
100.14
101.33
100.37
98.49
199.21
209.03
171.36
176.89
196.15
214.92
214.11
209.73
215.87
224.79
234.31
192.57
154.05
151.36
155.09
150.05
144.78
111.19
100.46
93.51
98.66
97.02
97.67
91.66
179.99
209.06
169.67
173.67
182.58
190.48
199.57
198.91
201.28
207.21
211.14
180.23
158.56
144.22
140.77
135.42
139.71
119.81
104.29
92.54
98.2
98.92
98.31
91.09
91.47
149.85
163.68
129.07
124.91
120.03
120.49
123.46
127.23
123.21
119.97
121.75
118.16
119.69
120.51
106.06
100.6
109.69
105.27
101.83
97.5
96.39
95.71
94.6
94.06
156.25
173.56
132.28
126.35
119.72
119.41
120.71
119.43
117.92
118.16
117.92
118.04
115.79
121.73
114.54
107.59
103.77
102.93
101.32
97.38
97.81
97.7
96.58
224.19
248.5
182.9
189.1
201.14
219.58
228.93
219.92
229.22
228.91
218.83
193.95
175.39
156.86
152.03
145.73
143.6
117.61
105.35
96.94
99.37
98.97
99.81
100.24
201.5
225.85
169.7
174.03
187.48
201.37
210.89
207.12
207.26
207.27
207.56
187.94
168.76
154.67
155.15
141.85
140.3
118.38
105.33
99.64
102.88
104.0
102.6
103.84
196.49
218.21
164.99
171.05
171.46
180.31
195.58
185.41
188.88
192.9
202.18
172.69
160.2
151.23
146.97
140.4
140.43
113.06
99.41
97.65
101.43
101.01
99.59
95.34
187.32
214.05
163.89
170.02
182.16
197.33
192.98
188.86
185.42
203.43
200.13
158.32
155.33
147.25
151.48
135.23
137.47
113.69
97.15
92.0
93.42
92.35
92.32
91.82
179.94
210.17
171.48
173.19
178.9
189.47
196.67
202.67
200.55
196.6
196.78
158.31
139.47
141.47
144.8
139.53
140.7
115.0
100.11
95.91
97.24
93.71
93.11
93.74
92.87
153.14
169.95
124.45
119.52
122.94
119.73
118.91
118.97
116.41
114.83
112.91
111.91
109.25
114.03
102.36
97.23
97.7
96.57
93.48
93.62
93.63
92.78
93.29
93.24
153.13
173.36
129.36
121.41
121.92
119.62
117.53
116.3
115.38
116.53
115.2
110.18
107.71
110.69
101.55
97.45
97.39
96.47
93.92
92.45
92.54
92.61
91.98
204.45
236.06
161.35
153.59
160.56
165.09
166.7
165.84
165.65
159.91
159.97
153.28
151.77
149.51
144.79
128.66
127.45
105.13
94.13
91.46
92.33
91.73
92.06
91.5
181.45
212.66
167.9
171.92
189.17
208.74
199.98
205.11
204.15
194.32
199.81
177.02
166.15
160.01
156.93
144.26
136.49
110.72
103.12
95.16
101.57
98.14
95.15
94.8
188.41
214.06
160.88
172.56
186.73
199.12
202.09
201.62
206.41
209.68
214.39
184.4
167.17
161.44
161.07
145.87
146.21
117.5
101.69
95.87
102.89
104.97
98.6
95.82
189.64
219.46
163.83
175.98
186.18
205.6
216.12
199.65
199.11
186.97
188.58
168.66
149.13
149.76
149.88
146.02
139.19
110.64
100.74
95.04
95.5
94.58
92.98
93.21
179.87
215.61
176.29
177.01
196.83
193.68
197.51
203.88
203.08
203.38
208.41
190.47
169.09
152.15
152.92
141.79
134.99
112.45
101.87
92.43
98.73
98.26
95.36
92.94
94.42
150.04
169.39
128.04
125.53
124.09
123.65
119.94
119.81
118.07
116.76
118.38
115.91
109.92
116.97
103.24
98.5
97.82
95.88
92.69
92.2
92.57
93.56
92.58
92.82
149.99
166.8
126.56
119.24
120.16
118.33
117.56
116.68
118.28
115.52
113.32
110.16
112.24
115.34
99.84
96.75
98.28
99.61
98.28
96.9
95.3
94.72
93.95
209.57
245.26
177.47
182.43
189.59
203.71
203.62
207.3
215.09
210.69
214.4
193.81
178.15
161.48
158.61
152.79
149.32
121.04
104.22
96.39
104.68
104.56
101.68
101.22
194.26
225.15
169.26
178.84
188.71
198.98
206.17
205.23
206.78
199.48
196.32
176.96
163.54
156.29
164.33
154.61
148.55
115.97
102.09
91.57
98.98
101.77
97.09
91.44
184.65
222.24
185.92
182.89
188.78
211.55
201.18
197.24
200.03
191.85
193.5
168.37
154.99
149.18
148.2
138.1
133.66
111.99
98.58
69.21
95.29
96.48
91.58
90.57
176.57
223.72
202.17
177.78
175.18
182.2
187.13
185.75
190.31
193.66
195.86
172.1
151.47
143.89
148.21
143.54
133.32
111.99
99.02
91.29
98.03
96.83
86.73
73.4
175.61
219.23
196.38
178.86
172.98
175.8
180.67
179.08
183.46
186.4
184.25
158.36
145.87
145.59
144.53
134.3
130.0
108.09
87.08
81.11
93.33
93.99
78.08
86.67
77.07
158.21
185.06
164.45
136.13
128.83
126.62
119.11
115.43
111.87
114.32
113.32
109.21
113.59
115.81
101.57
97.24
96.53
95.66
93.0
93.41
93.09
92.99
92.68
91.88
155.36
178.0
142.09
121.6
117.53
114.63
113.0
114.64
114.12
112.76
113.91
111.8
113.06
115.53
102.46
96.93
98.1
95.76
101.51
104.21
105.48
104.55
103.57
223.26
253.31
187.89
190.51
195.23
214.64
223.62
204.04
200.47
204.33
195.35
169.18
149.94
157.43
157.03
136.26
132.46
109.41
99.44
93.64
97.3
96.51
96.54
93.39
200.14
234.29
191.63
178.87
193.2
211.92
214.21
203.42
207.56
203.25
204.17
173.16
154.47
149.07
143.37
136.84
132.09
115.98
105.98
94.03
94.68
96.71
95.5
91.76
180.62
232.02
191.8
174.44
178.21
193.91
204.31
199.81
192.73
179.84
194.73
161.95
147.34
141.96
139.54
119.01
109.3
106.96
111.3
98.56
100.18
101.94
95.21
91.48
174.19
210.63
172.66
163.25
173.45
193.91
204.31
199.81
192.73
179.84
194.73
168.09
148.44
141.94
138.37
131.46
123.85
109.47
103.43
94.89
98.78
96.61
95.42
91.06
166.37
201.95
170.3
162.07
167.53
181.08
190.65
190.83
194.02
194.73
197.27
161.55
152.91
150.7
151.62
126.55
119.11
102.58
95.08
91.37
91.62
91.33
91.35
91.32
91.04
163.72
195.59
158.2
120.28
118.55
116.44
115.18
111.44
108.71
110.42
110.34
110.47
109.71
112.19
98.63
94.44
93.74
92.45
80.72
88.7
82.36
81.11
79.62
79.36
151.97
184.96
166.34
136.31
126.08
123.14
118.99
117.05
115.07
111.3
109.61
107.84
110.74
116.79
98.74
94.13
94.4
93.71
91.1
91.38
85.29
86.65
81.71
183.93
228.1
191.69
171.85
177.22
204.84
209.72
208.75
205.67
211.62
210.25
174.96
147.65
144.83
147.36
125.42
113.07
109.24
103.13
96.41
103.9
99.95
81.54
79.07
171.47
208.51
186.88
167.45
173.58
176.28
176.31
190.08
188.78
197.9
195.27
163.98
151.0
148.24
147.84
125.55
116.22
108.12
103.91
93.62
83.68
81.49
80.46
86.42
169.93
213.59
191.72
159.29
152.8
171.66
176.08
167.12
167.23
172.2
177.12
168.1
154.27
146.96
134.78
119.46
116.71
105.31
90.17
87.89
83.1
83.14
80.18
71.82
174.89
219.54
196.73
171.58
171.6
181.52
181.85
170.66
168.32
176.46
184.93
177.69
159.95
151.87
134.9
121.94
116.81
108.28
85.6
89.52
71.56
81.02
71.23
79.4
170.58
218.15
200.15
173.06
162.45
162.97
155.79
151.84
143.89
145.35
145.28
143.89
139.22
139.35
134.41
119.32
116.33
92.16
78.2
76.96
72.15
74.13
69.73
73.64
67.08
164.51
201.1
197.7
152.97
132.36
126.35
124.02
120.48
113.3
115.41
116.0
114.8
115.95
109.96
99.21
77.84
72.59
83.41
84.71
73.91
84.26
73.06
76.77
79.85
161.73
199.58
170.69
133.33
127.35
124.04
121.33
120.99
120.45
115.88
118.37
117.4
119.67
124.54
111.28
95.48
95.35
94.55
93.11
92.38
92.52
92.06
92.32
202.17
243.36
196.68
165.52
162.02
157.42
160.31
153.08
150.49
144.22
145.92
145.19
143.59
149.3
145.69
128.49
114.48
99.96
85.15
92.16
91.93
92.1
92.08
91.98
210.59
254.03
217.32
171.5
165.66
160.02
156.31
155.75
152.76
160.2
158.15
156.83
161.24
170.4
174.01
132.56
113.64
96.91
87.51
78.36
81.67
81.43
74.88
80.81
211.26
169.22
232.05
195.19
178.94
169.95
162.29
154.82
153.47
146.87
142.0
144.79
145.32
149.47
152.26
134.06
116.84
102.53
87.7
88.24
75.33
90.77
74.97
79.5
208.94
255.49
215.06
190.7
174.43
172.57
163.06
154.73
149.83
147.17
141.66
144.94
144.09
144.54
139.3
119.3
121.1
102.38
94.74
95.56
92.24
80.68
90.36
80.42
195.89
228.77
206.03
174.04
164.32
159.76
157.0
151.32
147.68
141.47
142.83
143.94
141.18
146.52
141.65
123.09
119.59
96.43
88.97
80.77
76.6
70.1
75.88
80.2
78.27
165.56
208.29
190.98
161.84
149.99
148.26
140.23
129.92
123.22
119.19
116.87
120.49
125.2
126.24
103.65
93.49
93.13
92.53
90.54
81.41
88.18
79.48
77.36
90.19
167.08
212.59
188.0
158.56
146.49
141.84
133.2
124.5
122.55
116.62
114.86
117.0
119.41
123.25
102.02
93.04
93.18
91.94
80.58
80.64
78.65
78.76
79.52
195.51
244.12
214.76
181.04
167.57
161.88
165.26
164.22
167.45
160.87
167.47
159.14
148.32
145.03
140.77
126.11
111.88
100.16
93.88
81.64
78.84
88.6
83.01
71.21
187.15
242.62
218.4
181.54
164.54
182.11
190.81
183.99
187.12
180.35
193.68
168.19
154.26
148.17
138.63
117.25
112.56
110.5
103.36
92.83
80.51
80.27
79.23
80.57
173.78
222.5
211.8
177.47
166.73
181.69
193.64
183.86
189.14
183.09
189.03
163.94
151.69
152.13
138.19
126.36
128.04
106.76
89.24
89.68
83.49
67.45
77.63
69.06
175.66
222.8
211.46
179.51
165.23
169.6
167.13
167.6
177.89
162.32
156.67
142.15
136.6
136.79
134.71
118.81
115.91
108.88
105.44
98.51
80.96
79.07
81.43
77.98
165.0
213.0
193.34
172.65
171.5
172.41
177.89
173.14
180.4
174.52
164.17
148.91
149.09
148.28
147.27
130.41
122.39
111.56
103.66
93.24
91.24
90.67
90.58
90.92
90.72
166.28
189.94
171.33
146.44
138.36
132.15
128.51
126.44
126.54
129.68
131.46
129.18
138.97
137.09
114.24
96.95
96.58
96.28
93.99
94.23
93.72
93.66
94.12
93.78
185.09
201.65
175.99
149.66
144.53
133.72
128.13
127.5
122.0
117.47
121.86
125.66
132.35
135.11
116.86
99.0
98.29
97.62
94.78
95.36
94.9
95.14
94.42
202.23
237.29
218.6
186.73
174.12
176.42
180.94
176.06
171.0
159.19
160.31
141.81
134.53
134.4
131.96
122.19
117.59
109.74
105.66
97.7
93.31
92.97
92.65
92.21
177.17
219.6
202.81
173.81
164.83
163.95
168.5
170.08
156.49
149.27
146.36
136.23
134.92
137.64
137.8
117.79
107.4
107.22
96.59
80.6
71.12
80.48
70.52
74.89
183.58
230.93
229.02
193.82
140.44
165.57
169.84
169.98
161.88
153.29
153.0
137.52
137.4
138.38
129.58
112.49
99.63
79.41
76.76
80.16
65.0
61.79
62.52
62.95
209.46
169.4725
155.2975
203.88
161.21
161.45
171.13
167.41
156.98
149.94
151.45
136.37
130.43
131.26
133.19
122.11
102.78
87.28
75.31
69.5
68.89
67.98
62.92
62.99
200.53
160.105
247.06
208.51
168.55
165.25
170.95
165.33
164.24
151.24
155.88
134.05
132.27
139.81
139.7
125.28
113.14
85.54
86.13
64.67
69.83
67.82
61.95
62.42
61.88
178.47
209.75
196.55
177.58
161.3
154.38
151.76
138.78
133.3
119.29
119.07
121.17
113.01
116.46
87.42
75.17
78.26
74.54
76.19
69.02
74.81
66.21
73.47
69.06
167.03
202.0
184.5
158.71
149.07
142.13
139.29
131.85
133.88
128.0
126.79
131.25
135.03
125.68
110.34
81.22
75.76
74.12
73.89
66.97
77.83
65.28
70.96
195.31
249.68
233.4
192.52
150.63
155.4
164.41
156.77
160.96
164.62
152.03
132.7
122.7
126.98
137.86
109.54
93.35
82.44
80.3
72.25
63.32
66.81
59.73
59.63
178.81
219.69
182.41
159.35
150.9
151.65
150.7
148.02
155.18
162.9
159.06
130.14
119.42
120.8
119.06
114.13
112.93
97.42
84.07
64.21
57.25
57.28
61.63
56.6
127.64
154.91
125.42
136.95
131.11
146.82
147.89
148.74
156.36
150.95
146.28
127.79
123.49
127.71
114.32
102.15
102.13
76.74
71.46
72.94
59.7
61.89
67.31
56.85
110.48
115.41
102.69
121.41
137.09
152.54
150.47
150.83
151.47
149.29
148.56
126.41
110.16
108.04
100.16
94.97
89.89
69.5
64.75
64.18
54.14
54.21
56.43
56.3
122.63
137.31
118.93
123.49
130.23
139.5
148.05
146.34
142.32
143.42
150.32
122.0
113.99
104.24
103.32
89.42
87.16
80.71
67.47
57.57
55.18
56.51
56.73
51.43
56.0
137.43
152.06
119.34
75.49
75.88
74.34
79.32
83.92
83.82
81.5
78.86
80.06
83.02
70.1
65.53
58.61
58.53
57.3
56.14
55.67
58.33
51.57
56.21
57.0
127.8
152.74
98.86
75.38
77.96
78.39
93.21
86.45
82.91
81.41
84.63
83.09
81.4
72.2
60.76
63.17
58.03
57.48
56.0
56.79
55.86
57.18
57.33
137.12
172.98
120.02
125.15
133.2
137.98
152.68
150.98
156.28
159.48
149.79
129.89
120.21
121.0
102.55
87.33
93.74
90.09
81.06
65.86
59.7
56.55
61.59
56.74
118.27
133.48
107.72
117.94
133.57
151.65
153.69
146.75
150.39
149.74
152.54
128.87
111.79
103.04
111.62
96.98
98.89
82.59
73.29
60.87
63.05
61.26
56.09
52.31
134.23
160.66
125.38
125.95
120.78
126.52
121.92
132.7
138.04
138.24
145.75
118.66
111.55
103.25
100.89
87.95
92.09
72.1
62.32
63.32
62.43
63.29
55.33
56.42
170.54
199.41
189.22
166.75
123.04
121.21
115.92
128.71
122.16
129.97
131.27
115.23
100.7
97.84
90.37
82.81
85.24
68.98
64.64
55.26
63.67
64.51
60.15
58.15
235.53
182.9425
223.09
200.31
137.67
122.55
129.5
126.4
140.28
139.8
130.37
115.91
100.91
115.07
95.49
82.49
81.66
71.48
66.76
58.24
51.88
55.06
53.93
54.32
55.62
193.08
228.96
184.75
135.87
84.49
77.43
77.04
79.54
78.01
74.26
80.79
76.34
81.27
81.16
63.26
57.39
54.05
57.06
55.4
55.11
51.88
55.14
55.32
51.98
165.8
188.53
127.05
76.01
80.85
76.05
79.88
79.88
77.68
80.47
80.78
82.8
76.95
84.61
63.61
56.73
57.73
53.69
55.58
55.38
55.45
52.16
55.54
179.53
210.72
170.12
125.93
117.71
126.6
153.8
144.31
147.1
149.83
147.63
128.0
106.7
114.95
97.48
90.48
88.43
76.7
68.61
59.47
64.98
63.11
57.24
56.02
153.67
200.28
166.14
125.96
117.72
121.86
125.82
124.45
129.03
136.02
131.93
101.4
104.4
105.14
96.58
82.98
83.42
78.74
67.22
58.85
63.69
58.38
55.97
55.97
243.39
166.945
180.73
201.96
153.93
116.25
98.73
90.2
92.6
90.2
88.39
98.23
96.78
102.2
114.83
84.79
73.01
58.93
58.44
56.67
53.69
57.15
53.56
58.02
136.56
176.3175
172.445
244.02
205.02
149.2
131.41
127.45
143.67
143.91
151.35
132.56
111.53
103.48
94.3
83.7
92.17
80.67
74.46
60.38
53.62
56.45
56.55
52.42
220.37
166.5975
218.33
168.19
125.81
126.99
130.61
134.97
131.58
139.46
150.52
136.26
120.64
110.69
97.75
90.18
91.5
74.09
67.03
54.17
56.89
56.97
53.57
56.82
57.42
166.3
203.34
154.9
85.8
71.81
73.17
68.5
73.64
66.87
68.74
76.05
72.2
72.22
70.7
62.04
56.36
60.48
60.28
54.42
57.4
57.38
54.18
57.21
58.47
160.14
187.31
89.34
66.82
64.94
62.3
62.9
60.43
63.98
62.06
57.8
68.83
67.51
68.96
64.4
60.18
58.94
58.4
52.95
57.24
56.29
56.42
53.27
146.85
187.85
166.27
142.79
129.67
128.57
122.15
115.36
118.93
122.44
121.65
111.64
107.89
114.66
112.73
90.88
91.42
80.74
64.18
65.32
65.17
57.42
56.95
59.61
133.4825
180.1075
201.09
229.59
207.07
160.45
134.17
116.87
114.78
109.93
108.96
98.58
95.35
95.86
93.95
87.76
77.88
70.6
61.33
69.82
60.13
57.82
58.03
58.27
247.18
167.655
246.72
211.99
176.16
131.82
118.83
112.05
110.35
109.86
156.24
140.97
120.31
115.86
94.47
87.8
83.88
85.14
64.06
60.48
68.29
56.0
56.56
62.48
235.2
177.9725
252.9
214.35
150.86
123.84
128.07
127.67
141.27
147.44
155.03
140.15
112.66
100.98
102.04
83.55
84.53
69.88
73.96
58.36
56.6
63.62
54.42
56.92
193.91
238.4
211.78
164.31
131.81
124.67
126.33
126.22
137.62
145.99
158.13
137.29
122.24
105.66
93.55
80.86
95.01
78.76
73.14
55.8
56.52
64.52
55.09
57.02
64.49
170.41
197.37
174.22
94.52
77.75
73.81
71.1
70.83
71.89
77.92
70.68
70.47
74.07
66.02
70.7
58.91
66.9
56.95
57.53
64.34
55.26
57.93
63.66
55.6
181.49
215.6
163.65
104.69
68.76
73.82
71.24
71.08
75.31
74.77
67.44
70.1
74.4
66.25
70.92
58.41
63.46
62.75
57.14
65.28
56.26
57.79
65.2
208.95
184.4925
215.02
148.82
128.77
129.51
131.47
138.2
141.99
150.02
160.25
145.81
129.39
114.12
100.94
96.96
108.58
84.13
84.43
69.98
67.34
71.33
62.27
64.9
167.74
212.1
182.94
136.37
121.17
121.91
140.92
134.37
141.29
153.33
158.47
150.9
126.53
116.97
107.21
86.81
93.88
78.85
81.42
69.08
73.33
71.06
66.8
73.65
125.51
135.55
134.83
114.38
121.8
123.19
130.76
130.1
137.75
151.34
145.35
126.03
111.43
117.43
100.09
98.98
86.88
77.39
61.8
62.37
67.78
60.56
62.45
67.66
176.61
238.82
204.67
165.27
137.36
122.05
102.31
90.62
92.44
90.41
87.62
85.44
92.92
98.25
111.47
84.92
85.45
76.23
61.76
62.29
68.3
59.78
62.11
69.94
131.28
198.98
216.4875
216.52
177.4
141.28
138.74
121.04
98.11
95.46
95.04
94.3
98.58
109.96
120.23
96.16
88.93
76.84
61.43
61.64
67.86
59.93
63.7
72.37
65.62
221.08
146.8025
217.33
173.47
142.12
120.81
97.85
92.09
69.98
78.7
68.2
79.06
84.94
107.79
78.13
62.07
64.21
69.2
58.98
59.2
61.76
70.73
62.8
64.11
221.24
152.6875
211.78
180.74
139.78
117.36
103.62
85.63
85.51
77.42
81.85
77.63
104.36
114.75
77.19
64.01
69.96
60.86
59.35
64.54
65.25
69.36
74.97
147.2525
249.8875
259.31
220.905
226.55
177.28
153.83
146.06
142.55
137.46
138.64
120.25
118.75
122.89
133.37
112.85
108.6
93.28
71.95
65.15
76.53
84.49
64.59
68.34
137.455
180.8075
224.98
253.6
210.63
162.3
150.23
136.67
138.33
132.08
128.58
112.0
100.34
123.66
119.41
97.77
95.64
75.95
74.91
71.39
73.22
65.82
64.74
67.1
138.865
167.795
216.475
192.86
141.27
124.54
108.46
120.05
112.39
128.2
125.45
102.65
100.38
93.13
90.87
86.9
88.85
73.06
58.05
63.02
54.63
53.0
52.2
47.77
164.92
240.88
188.86
169.13
130.71
114.25
114.0
119.65
139.48
135.9
158.28
120.56
108.11
96.65
85.11
80.73
78.58
71.64
65.76
54.3
54.07
56.36
52.14
50.64
107.13
174.16
172.71
141.31
114.32
102.68
118.65
126.47
125.03
130.06
145.8
110.5
96.3
86.55
83.66
81.93
81.89
63.83
66.32
53.25
55.87
60.22
50.28
47.59
50.69
69.06
96.15
86.55
72.66
56.87
59.88
49.07
58.74
58.12
49.43
58.07
61.45
55.64
62.91
50.41
51.39
58.26
48.44
46.6
49.67
46.57
49.63
46.56
48.99
107.87
124.47
92.18
69.73
58.6
52.41
60.39
58.68
57.38
49.85
57.64
61.69
53.95
62.75
50.23
51.57
57.59
48.21
47.84
49.62
55.69
46.5
46.57
137.23
196.35
174.05
149.58
129.0
121.49
124.12
122.93
127.64
152.51
160.0
124.0
101.69
94.69
105.64
94.2
102.99
73.28
62.0
53.4
51.36
50.54
54.57
46.62
108.28
165.0
165.73
150.6
110.42
108.6
99.53
115.56
128.08
147.5
135.49
115.65
107.01
90.01
88.39
79.68
85.96
67.28
69.73
55.59
57.52
56.94
54.79
47.51
101.64
156.58
162.67
135.29
108.59
108.57
117.08
118.96
130.08
147.57
167.03
143.93
126.41
96.38
84.85
89.9
100.47
72.53
59.9
53.66
53.58
62.72
51.84
47.8
111.91
165.16
162.97
155.29
128.39
128.54
116.61
127.4
145.95
148.04
147.54
129.34
118.74
112.82
88.58
86.52
90.2
76.12
67.08
55.23
57.19
61.79
49.53
48.59
101.89
149.32
126.35
110.16
106.1
120.68
122.84
108.68
126.02
125.61
123.89
101.52
104.29
97.74
90.74
83.66
82.05
65.14
53.41
52.06
55.19
46.63
47.86
49.53
54.13
52.7
56.81
56.5
58.06
54.84
55.87
60.19
51.05
53.54
58.97
50.89
57.13
69.56
64.18
55.62
51.62
56.98
48.31
46.5
49.14
46.53
49.09
46.54
49.1
102.56
122.11
99.71
84.46
74.04
60.34
58.73
60.92
51.91
59.87
49.58
54.83
60.13
63.75
62.78
50.93
51.39
53.86
48.15
50.19
47.66
48.07
50.09
213.38
208.3075
241.3
202.61
149.72
121.46
121.12
110.34
117.92
107.59
117.76
95.39
109.78
130.31
133.95
147.38
149.37
75.51
53.45
51.18
47.81
49.04
46.68
46.49
224.79
199.88
256.06
212.21
156.51
134.19
113.17
111.28
114.98
116.12
109.14
108.29
107.12
115.15
114.2
119.78
128.43
74.39
59.97
47.85
46.98
49.46
46.86
49.38
239.63
192.955
237.345
207.32
167.61
153.74
138.85
110.55
107.58
99.24
105.93
96.73
105.97
108.24
127.45
125.39
113.47
74.7
49.73
46.6
49.24
46.69
47.07
49.21
248.34
185.7725
221.405
235.58
174.12
142.48
138.51
125.25
129.03
125.21
114.87
122.94
125.8
106.73
103.96
107.62
117.72
69.09
49.96
48.85
46.51
49.17
46.74
46.52
221.64
195.0375
255.11
207.8
168.69
142.11
108.65
100.45
92.47
107.88
101.85
115.0
109.73
104.16
110.64
107.08
103.64
66.01
56.17
52.93
48.49
51.0
48.51
48.42
51.43
100.98
117.23
92.42
83.13
64.2
60.12
64.78
53.21
53.25
57.87
54.72
53.58
58.56
69.3
54.9
52.73
53.61
57.45
48.57
51.73
48.54
48.74
51.15
48.56
100.14
116.64
88.12
69.37
63.71
57.04
54.84
56.67
51.7
60.48
51.96
64.99
57.31
59.64
61.13
50.75
50.9
53.46
48.68
51.2
48.71
51.1
48.6
214.64
226.1075
246.35
191.96
156.38
136.23
116.03
99.81
99.51
91.94
99.67
101.95
105.06
117.78
110.6
116.9
113.5
75.13
63.29
48.55
48.58
51.12
48.48
51.62
191.34
177.325
212.97
162.39
137.45
118.53
127.51
121.23
127.53
118.85
124.48
111.76
119.77
109.81
113.03
103.0
107.56
70.02
61.85
48.76
49.59
51.24
56.49
48.6
123.9
195.69
157.24
116.85
84.86
94.08
103.77
98.58
89.22
88.09
88.25
96.62
97.98
103.76
101.17
96.0
101.61
63.88
53.23
56.61
49.29
51.32
56.83
48.74
50.62
60.85
61.44
52.81
56.02
61.95
52.4
54.45
61.14
52.63
55.1
60.16
56.27
67.53
53.72
52.2
53.81
59.09
50.26
50.67
57.57
49.31
49.11
51.33
56.42
57.16
56.71
55.55
53.53
55.47
61.45
52.7
54.87
61.89
52.69
54.74
64.23
57.87
53.93
53.46
53.5
57.91
50.39
51.88
48.7
48.82
51.26
48.69
51.6
135.5
166.09
111.53
96.04
86.18
74.5
68.79
68.42
58.9
61.23
67.83
62.57
75.5
85.31
67.85
50.84
51.03
52.77
49.47
51.52
53.76
53.3
48.56
51.5
135.64
166.5
106.6
87.14
78.29
69.09
64.31
65.61
52.61
52.0
57.05
55.92
56.45
71.04
61.85
59.47
50.95
50.4
51.65
48.6
51.72
48.63
48.64
163.055
255.65
269.4725
257.54
209.2
166.23
150.74
131.3
128.73
116.15
100.07
114.23
116.66
129.56
133.28
124.4
123.97
84.95
50.42
48.62
51.63
48.6
51.54
48.59
227.9
178.16
238.12
187.09
159.39
144.81
126.12
121.2
99.25
104.18
98.69
107.82
101.51
126.15
137.04
123.89
117.49
78.54
53.8
48.56
51.45
48.6
48.47
51.53
252.56
187.5375
230.4325
214.02
188.8
160.46
135.01
107.71
103.46
106.95
99.34
102.34
99.37
120.74
117.26
128.47
125.86
83.71
52.41
48.71
50.95
48.57
48.37
54.38
257.93
175.1425
213.075
218.07
196.06
172.85
145.47
110.91
103.02
103.77
101.05
97.06
106.81
104.03
116.55
116.47
28.25
71.22
53.86
