54.75
20.2916666667
35.8166666667
19.925
23.8583333333
46.8833333333
42.7666666667
42.7775
19.25
30.5916666667
34.5916666667
30.4416666667
35.1
31.0
31.425
23.6
16.8416666667
49.7666666667
47.1
47.1
15.7
24.7916666667
49.325
49.35
57.96
19.9916666667
11.9333333333
47.125
35.4666666667
46.8583333333
46.8
47.025
47.1
46.7
35.2416666667
15.3916666667
11.45
41.9325
42.9
11.7
42.725
17.9583333333
47.5916666667
50.875
42.4166666667
26.3
52.25
48.0583333333
44.1
38.05
41.1666666667
29.225
49.275
43.0583333333
46.6
34.5
19.8333333333
47.6
47.1666666667
42.4416666667
41.3916666667
40.725
34.175
51.5
31.8333333333
55.1725
31.975
54.7
47.4666666667
48.8416666667
43.9083333333
36.1166666667
15.9833333333
14.65
13.5333333333
33.6416666667
48.9
48.9
48.45
48.0
49.0
49.0
48.625
33.5333333333
40.8325
20.1666666667
43.5725
59.5833333333
53.0416666667
42.05
61.0
50.3666666667
66.075
42.0833333333
57.8833333333
64.8
40.9666666667
62.5916666667
13.525
36.1725
28.0083333333
11.825
47.3
35.9175
28.1916666667
37.1916666667
43.2975
47.5825
52.8575
17.275
25.5833333333
51.1
44.5833333333
59.5
57.3416666667
27.0
70.7
47.1333333333
60.9425
61.7175
30.8833333333
57.2375
31.15
34.9166666667
39.255
40.43
41.9333333333
50.9166666667
52.1
47.7416666667
43.415
55.5
60.55
53.5416666667
45.4666666667
41.8416666667
57.4416666667
46.2416666667
10.2
53.4666666667
61.5666666667
59.1166666667
40.4083333333
46.2666666667
27.9083333333
50.395
24.0
21.7833333333
40.29
12.1916666667
24.3833333333
45.2083333333
30.9416666667
47.92
30.15
10.0166666667
53.6
53.6
57.0166666667
57.7
28.85
56.3125
64.1333333333
34.8
41.6916666667
28.7083333333
50.4666666667
65.825
60.42
55.25
66.3
37.75
38.6333333333
51.6
47.125
45.375
48.5416666667
45.575
18.6833333333
49.355
39.4
40.15
54.075
57.9
57.9
61.5333333333
66.7833333333
61.7425
64.65
28.5833333333
40.8916666667
70.1
70.1
68.3583333333
47.45
53.525
51.7333333333
50.4166666667
33.925
44.7425
17.7166666667
31.9916666667
52.3166666667
62.4416666667
32.5833333333
24.2583333333
62.15
32.1833333333
14.5333333333
48.19
11.0333333333
62.0666666667
46.425
22.7
32.9583333333
75.3
63.8
36.1666666667
13.5
49.4166666667
49.5625
25.3083333333
50.1
52.3416666667
62.9166666667
21.85
49.1333333333
61.75
62.5
62.5
62.5
62.5
56.7
58.5475
11.5333333333
47.1416666667
26.3083333333
11.5833333333
69.1416666667
22.4333333333
38.3666666667
10.0333333333
61.2
30.0166666667
48.22
12.4
12.3916666667
42.4525
39.1333333333
42.65
21.5333333333
41.65
40.495
38.3575
15.525
51.81
38.825
54.0075
57.35
59.25
58.245
39.7583333333
58.7475
55.9166666667
44.975
38.9416666667
34.925
13.575
17.8
34.075
12.8
36.89
27.1333333333
54.5
55.3833333333
55.0
55.0
55.0
55.0
31.975
49.0975
16.25
26.8333333333
63.8666666667
57.355
51.2083333333
65.1
76.0333333333
65.4666666667
55.37
10.1666666667
28.4916666667
18.6666666667
22.7583333333
54.6
52.5833333333
17.675
32.8416666667
41.9475
19.4
35.3166666667
38.475
61.6166666667
48.3
35.9
35.375
49.55
12.925
47.7166666667
38.5333333333
18.6333333333
40.7583333333
18.1666666667
63.175
51.4
42.455
41.135
37.795
42.68
8.63333333333
48.025
51.9583333333
9.425
15.85
44.6975
71.4
63.0666666667
65.15
25.0083333333
69.0
69.0
70.1333333333
46.4583333333
75.2
55.95
36.6916666667
25.2
42.9833333333
18.9416666667
41.11
39.445
28.3166666667
32.7
16.7666666667
50.3
51.25
59.1
59.1
44.4416666667
57.5
48.625
59.6
59.6
53.4333333333
60.435
59.155
25.7
53.1275
12.2
37.8916666667
60.8375
55.6
50.45
31.95
41.8
47.1075
45.1
44.785
16.85
45.5833333333
55.1
64.5166666667
24.05
45.7666666667
53.96
16.175
71.55
59.4
77.2333333333
73.475
68.6
35.475
25.8083333333
15.375
62.55
40.9916666667
32.2083333333
55.35
53.2583333333
38.5666666667
45.9325
46.63
12.75
38.8833333333
65.0333333333
31.8416666667
15.5333333333
55.2825
55.2225
12.5916666667
12.6916666667
45.6833333333
87.65
77.9
77.9
77.9
77.9
73.6916666667
67.2
49.6083333333
24.8083333333
58.1
50.8833333333
34.0166666667
39.205
33.8
42.0
47.8725
8.94166666667
43.1975
42.3325
10.3416666667
64.5083333333
62.8666666667
39.725
54.74
50.0583333333
65.0916666667
23.7583333333
36.6333333333
44.8
61.0475
27.5416666667
31.25
59.6333333333
41.3
8.73333333333
34.1166666667
39.22
8.95833333333
35.755
40.325
18.35
44.2166666667
59.0
52.9083333333
58.1833333333
64.1
26.4416666667
33.0166666667
20.9083333333
37.6
57.5525
17.575
40.3
31.6
56.325
56.0975
47.01
13.6083333333
20.8333333333
41.5666666667
44.1
46.475
8.66666666667
40.845
41.1
41.535
49.95
84.25
18.0916666667
35.4333333333
67.1833333333
90.0
54.8083333333
31.5166666667
11.5333333333
62.775
27.1
85.1166666667
58.5775
18.6
9.21666666667
18.35
40.81
12.675
50.6416666667
51.0
51.35
48.635
44.7525
11.4916666667
54.25
39.95
54.9333333333
69.5833333333
70.975
67.1666666667
39.7666666667
57.4025
61.4916666667
83.2
83.2
76.2416666667
79.5
79.3
40.875
39.575
46.9666666667
49.825
49.1
49.8916666667
50.4083333333
52.2416666667
63.175
59.6083333333
75.7583333333
66.45
67.5333333333
59.825
64.0
68.3333333333
74.9833333333
64.6833333333
76.4166666667
72.8166666667
73.6833333333
67.55
75.625
70.0916666667
59.3916666667
53.825
48.275
51.9333333333
48.175
47.2416666667
52.7833333333
56.7333333333
56.65
56.8166666667
65.9833333333
69.1
71.7583333333
82.5
61.7916666667
72.5416666667
77.85
74.4583333333
73.2916666667
79.3833333333
79.4
85.175
81.6583333333
59.9083333333
57.125
51.3166666667
53.1333333333
43.2
48.05
55.1
50.5333333333
62.5166666667
66.75
63.6666666667
67.7583333333
63.0416666667
67.4916666667
70.1916666667
65.25
88.0833333333
72.5916666667
53.9666666667
59.1166666667
66.7083333333
66.7833333333
73.975
58.875
58.525
51.7416666667
45.8166666667
60.85
45.5166666667
41.4833333333
46.825
54.5416666667
50.05
50.7333333333
49.0333333333
53.2166666667
49.1416666667
48.05
58.3083333333
54.5833333333
56.7333333333
57.3
59.075
61.5583333333
66.3583333333
62.1583333333
50.4833333333
53.275
54.0166666667
51.325
46.2083333333
45.2833333333
48.9583333333
45.0083333333
49.3583333333
41.1916666667
49.4416666667
50.5416666667
50.9583333333
61.8
49.8416666667
60.5916666667
60.125
62.075
61.1333333333
58.1583333333
58.7833333333
57.8583333333
61.4583333333
74.0333333333
60.3333333333
47.3416666667
55.8333333333
51.55
45.8833333333
49.5833333333
48.575
48.55
49.3333333333
44.7666666667
45.25
49.0583333333
53.75
52.95
51.7166666667
54.4083333333
57.6583333333
55.2083333333
59.0166666667
47.2583333333
61.8416666667
68.4666666667
67.2666666667
61.8833333333
64.5666666667
58.4
55.025
47.1166666667
49.9166666667
49.3916666667
36.4666666667
44.6083333333
49.5416666667
50.0833333333
45.5583333333
50.1916666667
49.9166666667
46.4083333333
49.75
42.3
52.5166666667
55.1083333333
57.4333333333
57.175
58.6416666667
57.6833333333
59.6
60.9
55.3583333333
61.5333333333
56.9916666667
52.3333333333
45.7
44.85
49.575
49.8083333333
49.1666666667
50.2416666667
45.7833333333
54.0666666667
52.0333333333
51.7583333333
55.2166666667
58.575
55.6416666667
63.55
68.1416666667
75.4333333333
63.5833333333
65.1333333333
73.0916666667
61.075
65.45
59.8166666667
55.8583333333
52.125
46.45
49.8333333333
50.275
49.3916666667
50.4083333333
49.6833333333
59.5916666667
53.5083333333
40.4333333333
54.4833333333
61.9
59.4583333333
50.8583333333
52.2916666667
65.0
66.975
67.8916666667
57.8166666667
75.775
66.8
68.3333333333
64.4833333333
58.3416666667
57.7416666667
55.25
51.6166666667
50.1416666667
50.5166666667
49.8916666667
49.6916666667
52.775
51.6166666667
50.725
63.1333333333
62.8916666667
70.0583333333
73.6416666667
67.9666666667
67.3083333333
59.6083333333
64.0166666667
74.825
78.1166666667
61.7333333333
68.4583333333
69.2
62.225
59.8083333333
55.55
47.0083333333
50.025
45.925
53.8666666667
59.825
46.7083333333
67.2666666667
66.9916666667
62.4416666667
58.95
60.025
83.8833333333
84.7166666667
75.9833333333
85.0
89.3083333333
90.7416666667
81.2666666667
76.7666666667
65.8083333333
52.0166666667
63.3083333333
55.8916666667
52.9416666667
52.1583333333
46.7583333333
51.3833333333
48.0583333333
45.7916666667
38.6416666667
54.6916666667
62.2833333333
65.1833333333
66.1583333333
72.7083333333
68.675
66.9166666667
71.4166666667
66.65
58.2666666667
65.5833333333
74.4166666667
86.8916666667
78.2083333333
73.375
62.9833333333
56.675
56.4333333333
48.4166666667
46.2583333333
51.2833333333
51.975
60.1333333333
58.0083333333
57.5833333333
52.0333333333
52.225
52.1333333333
52.8615384615
62.0166666667
61.6083333333
66.3416666667
58.1416666667
73.7666666667
65.7583333333
65.4166666667
72.625
92.0916666667
71.65
70.0833333333
58.425
48.3916666667
51.2916666667
51.0333333333
47.1083333333
54.6083333333
53.7583333333
56.7
51.8
48.5083333333
59.625
55.0416666667
52.6583333333
67.0916666667
67.4833333333
67.325
71.2
68.75
67.9583333333
63.9666666667
68.8333333333
73.3
71.125
61.7666666667
56.9
52.4083333333
51.2083333333
42.3833333333
48.45
52.2916666667
52.925
59.8083333333
59.4833333333
55.6333333333
59.25
58.3
55.0666666667
67.0666666667
78.0083333333
61.6916666667
63.0
65.225
69.9
73.9166666667
70.425
70.5666666667
74.4
68.85
52.15
54.2916666667
52.475
50.525
38.4833333333
51.2
43.575
54.9166666667
61.8
55.0583333333
60.65
59.9333333333
60.4
66.9583333333
59.8833333333
65.1833333333
65.225
67.7166666667
81.6583333333
77.125
97.5333333333
74.2833333333
58.3833333333
59.8916666667
52.1166666667
54.9083333333
51.0416666667
52.4416666667
51.35
46.7416666667
51.1833333333
57.6416666667
78.0583333333
61.0916666667
64.7166666667
77.3666666667
68.4083333333
87.95
70.0916666667
80.7666666667
72.05
66.2833333333
68.0916666667
76.7416666667
82.325
76.975
71.975
57.3
58.6166666667
50.5166666667
52.6
50.95
46.125
50.475
57.6
63.3583333333
59.6666666667
61.4416666667
47.375
67.5583333333
68.2166666667
70.5083333333
77.6416666667
76.8416666667
65.8
77.0
79.3916666667
80.4166666667
66.155
83.575
84.0833333333
67.9166666667
60.5916666667
52.3333333333
47.1583333333
50.6166666667
50.8833333333
51.5333333333
53.525
56.5333333333
58.0916666667
61.075
68.6916666667
53.2666666667
56.7416666667
48.175
67.775
67.9333333333
63.8833333333
53.3916666667
71.5166666667
75.3166666667
73.85
60.9333333333
76.35
63.4583333333
62.3916666667
53.7
51.475
51.0833333333
51.3666666667
54.0833333333
49.1416666667
55.1333333333
54.05
54.8
54.15
44.1083333333
65.0916666667
50.15
55.9083333333
59.0083333333
58.775
69.0916666667
74.6583333333
76.7583333333
89.7
81.7
74.1666666667
65.2583333333
53.425
54.95
47.125
44.1833333333
48.7666666667
49.4666666667
52.2583333333
54.575
54.6916666667
55.95
60.8833333333
64.2916666667
64.4916666667
61.9166666667
58.725
56.8416666667
64.375
62.0333333333
75.2
80.9083333333
78.1583333333
79.725
82.1416666667
74.8333333333
57.4666666667
52.125
46.625
50.7
45.9833333333
50.6666666667
53.6
53.525
56.4916666667
63.9333333333
62.15
55.3666666667
61.9416666667
64.775
57.0333333333
65.0333333333
57.8416666667
63.9583333333
67.1
75.0916666667
72.775
80.7666666667
73.625
59.05
59.7833333333
53.0333333333
50.8916666667
50.5333333333
50.6
50.6666666667
50.4833333333
53.8583333333
61.7916666667
55.6166666667
54.25
64.7416666667
65.7833333333
66.1166666667
62.0833333333
47.2666666667
61.9666666667
60.6333333333
64.5583333333
68.275
77.7416666667
77.1333333333
65.4916666667
60.4916666667
55.775
48.05
41.2333333333
45.1166666667
44.5583333333
48.075
45.875
61.2333333333
53.95
68.8583333333
84.5666666667
65.3166666667
68.5
72.5166666667
84.4
85.8583333333
88.2916666667
66.1666666667
77.35
76.5
81.125
64.4583333333
62.3166666667
63.9
51.9166666667
57.4583333333
47.55
41.6333333333
45.2416666667
49.1583333333
58.9333333333
59.5
59.7333333333
68.5916666667
68.125
57.35
66.5
69.6583333333
69.95
72.7333333333
83.75
71.4
79.5333333333
76.0416666667
80.8083333333
76.4
83.5
72.975
57.8916666667
51.8583333333
51.1333333333
46.7583333333
49.75
50.3916666667
58.55
55.2333333333
49.125
58.15
56.3416666667
52.9166666667
49.3083333333
61.2333333333
66.0583333333
64.3083333333
70.1666666667
56.45
65.4333333333
66.6916666667
75.575
75.5583333333
78.475
66.3333333333
56.4416666667
50.6583333333
49.2666666667
43.725
44.35
53.5666666667
51.025
54.2416666667
54.05
60.6333333333
67.775
48.375
54.125
69.0
61.05
68.925
63.3166666667
55.9666666667
57.9666666667
75.3083333333
72.9833333333
73.3833333333
59.775
60.5166666667
56.1
52.8
45.325
44.6833333333
49.6
50.4833333333
52.2333333333
53.2
54.0916666667
48.425
51.7083333333
52.725
54.25
65.075
61.4333333333
58.775
65.6083333333
63.225
74.8583333333
78.5333333333
85.225
79.6583333333
80.1
56.2083333333
55.55
51.5916666667
50.225
49.2416666667
49.4833333333
49.1583333333
52.7666666667
50.925
54.1
54.5
55.4425
55.305
56.1725
58.6425
61.9
62.0525
63.0575
62.2325
63.8975
65.5425
65.3725
66.935
66.9475
62.9275
56.715
52.67
51.51
51.735
50.545
50.545
48.4625
53.3825
56.6125
57.375
56.205
56.155
59.76
57.74
57.8125
59.3075
59.185
60.16
61.3875
64.1675
66.8525
67.515
67.7175
57.75
58.425
55.6916666667
47.4666666667
45.6
45.1416666667
48.7333333333
41.2666666667
52.0166666667
45.3333333333
66.7666666667
64.7666666667
76.4833333333
72.6333333333
72.3166666667
64.7333333333
68.3583333333
71.8166666667
80.425
62.1166666667
74.125
74.075
69.95
47.9
64.1916666667
61.2416666667
54.45
42.475
45.5666666667
47.8333333333
50.55
49.875
45.4916666667
54.15
60.875
59.7916666667
57.9416666667
51.4833333333
54.2166666667
64.1916666667
82.15
71.55
77.0833333333
68.4583333333
72.425
84.175
91.8583333333
79.2333333333
58.5
57.225
46.2333333333
45.075
41.7166666667
45.35
49.2583333333
42.5583333333
54.25
60.5083333333
39.875
58.175
55.1083333333
52.6
51.5416666667
62.35
68.5583333333
65.55
74.7583333333
83.9833333333
71.7916666667
83.5666666667
75.475
73.4166666667
67.4333333333
55.9583333333
62.6083333333
46.9666666667
50.1333333333
46.6333333333
51.65
52.2416666667
57.4083333333
57.0333333333
53.4083333333
49.1666666667
43.075
56.4083333333
54.375
53.425
57.7333333333
61.6666666667
64.4833333333
64.3916666667
73.3083333333
76.3833333333
78.4333333333
74.9083333333
58.2583333333
57.15
48.8666666667
37.6583333333
41.5833333333
46.1166666667
49.6833333333
53.775
56.1666666667
53.7583333333
50.7416666667
65.6416666667
47.1333333333
55.5833333333
44.8083333333
59.0416666667
54.825
62.9166666667
73.0083333333
72.1833333333
75.5583333333
73.775
62.325
69.6333333333
51.1833333333
50.9333333333
51.825
46.6666666667
50.7833333333
46.5583333333
51.1916666667
43.5583333333
51.6666666667
52.3583333333
50.4416666667
55.5
52.4916666667
41.1166666667
50.2583333333
57.05
63.9833333333
66.25
65.475
77.0666666667
88.9333333333
80.9916666667
72.9333333333
69.375
68.35
62.2166666667
49.1666666667
51.5666666667
50.0
50.7833333333
37.2083333333
41.5666666667
53.0916666667
55.1166666667
52.9833333333
59.8083333333
50.1
59.8083333333
61.6166666667
67.7166666667
73.1
64.55
59.575
67.9333333333
68.3333333333
71.2583333333
86.6
82.5166666667
61.2416666667
58.7
47.9083333333
42.0583333333
45.0583333333
45.075
45.1083333333
54.0166666667
40.4666666667
54.35
54.0166666667
57.9416666667
67.6833333333
65.4833333333
62.4583333333
73.3833333333
70.2083333333
62.3833333333
63.2666666667
71.075
76.1166666667
70.675
77.3
67.1916666667
67.2583333333
48.7166666667
44.6916666667
46.4166666667
37.4833333333
41.1166666667
44.725
48.475
47.0666666667
39.7833333333
55.6833333333
59.5583333333
57.4583333333
69.6916666667
74.3416666667
82.2
63.95
67.3416666667
65.6833333333
76.175
76.7416666667
80.4833333333
76.3333333333
75.7416666667
44.9416666667
56.7833333333
52.525
45.5833333333
49.175
44.95
40.2916666667
44.0666666667
44.5583333333
52.6083333333
62.7916666667
58.0666666667
58.6416666667
55.7333333333
59.9083333333
61.8666666667
70.3416666667
51.4833333333
57.2166666667
59.1666666667
70.4166666667
76.0333333333
77.8666666667
78.95
77.4583333333
54.7416666667
52.8
45.2333333333
42.1416666667
37.7583333333
48.7833333333
53.5833333333
54.3333333333
52.3416666667
54.4666666667
54.0916666667
52.5083333333
66.9083333333
57.1666666667
59.4833333333
55.8
65.275
71.225
72.3083333333
68.1833333333
69.8666666667
76.8833333333
71.0333333333
62.3333333333
56.5583333333
53.9416666667
51.4666666667
45.9583333333
50.4583333333
45.6333333333
49.225
54.5
56.4833333333
59.325
55.1166666667
66.2833333333
64.6083333333
59.225
69.1666666667
62.4
66.7
54.5416666667
67.15
68.4416666667
70.4833333333
72.5583333333
66.1
61.975
58.7916666667
54.125
47.3916666667
50.3833333333
50.5
41.5833333333
52.0083333333
39.9
58.4333333333
59.3166666667
59.6916666667
65.0666666667
50.75
55.3083333333
64.15
64.5166666667
65.325
67.9
78.4333333333
69.25
71.5666666667
72.0
80.5583333333
66.8333333333
61.125
52.3
48.7916666667
52.55
48.0166666667
47.6
45.6833333333
51.65
68.1083333333
68.5333333333
57.6166666667
59.6083333333
55.6833333333
60.825
69.65
65.4166666667
57.675
66.2083333333
61.15
68.25
70.0916666667
75.275
85.0916666667
66.5833333333
59.5083333333
45.6083333333
43.2166666667
46.7083333333
50.7333333333
46.7666666667
46.7666666667
48.1666666667
49.575
75.8083333333
78.8416666667
84.9916666667
64.7
64.65
68.7916666667
60.8083333333
73.5166666667
71.8833333333
70.5916666667
84.925
72.5416666667
72.7333333333
61.175
68.675
51.2675
50.4833333333
47.9083333333
45.95
50.0
50.0666666667
51.2333333333
52.975
58.0083333333
51.725
49.4666666667
49.425
55.875
63.475
58.9666666667
72.9583333333
77.5833333333
85.05
72.4083333333
87.8833333333
79.575
80.15
69.1083333333
55.2416666667
54.4583333333
43.5583333333
50.425
43.225
40.4333333333
48.325
54.025
48.3
37.8416666667
61.0
59.875
51.4333333333
43.2
56.0916666667
53.4083333333
57.3
62.1666666667
65.875
72.8666666667
66.8583333333
81.9416666667
66.9666666667
70.55
61.0833333333
52.7333333333
50.6083333333
49.6333333333
40.4583333333
46.2166666667
57.7583333333
53.1
48.8416666667
49.8416666667
54.35
42.4916666667
53.7083333333
46.725
53.6916666667
58.0916666667
57.7
66.3083333333
69.575
65.1833333333
65.025
67.05
57.025
62.675
51.675
52.525
46.55
49.9333333333
41.7833333333
51.175
43.7
55.425
59.9666666667
51.925
58.4416666667
54.925
53.7833333333
49.0
65.4833333333
76.7833333333
63.6416666667
60.975
58.4416666667
77.3083333333
55.8666666667
68.3916666667
70.4833333333
65.2333333333
57.3083333333
52.5916666667
47.65
51.1166666667
50.7416666667
51.75
42.3
48.8333333333
59.175
55.5916666667
59.5
46.85
58.25
63.4833333333
68.375
60.7833333333
75.875
60.3166666667
75.8
92.6583333333
88.025
61.225
74.775
77.1666666667
63.3083333333
61.8083333333
53.4333333333
51.2083333333
50.8666666667
55.1833333333
51.1
53.975
53.1083333333
69.1666666667
68.2583333333
57.825
66.475
70.9083333333
79.2583333333
81.1583333333
64.6083333333
64.125
64.4416666667
83.3666666667
75.8666666667
69.4333333333
64.2583333333
65.2583333333
65.0416666667
60.625
51.375
45.9333333333
49.6083333333
45.2583333333
50.0
62.0916666667
63.5083333333
61.8833333333
59.6416666667
71.5833333333
66.1
58.3416666667
56.125
61.6333333333
64.25
68.375
71.475
62.0416666667
76.8916666667
75.425
59.2833333333
57.125
56.2333333333
39.9
50.6583333333
49.6
49.0583333333
49.3583333333
49.5166666667
56.45
45.8166666667
47.125
56.225
68.575
58.45
52.8333333333
69.7666666667
55.075
55.2166666667
68.375
69.0083333333
77.5166666667
69.8833333333
49.35
77.775
59.7
61.8166666667
47.7
50.0083333333
49.8166666667
49.525
45.65
53.3416666667
50.9833333333
40.3
51.05
55.5833333333
53.625
57.3
60.8083333333
60.4916666667
59.9416666667
51.9
50.975
64.7
61.6416666667
65.5833333333
71.8
71.6
56.65
51.525
53.6833333333
45.9333333333
49.0333333333
49.825
51.675
41.75
46.3916666667
56.2666666667
49.3083333333
47.175
53.6583333333
64.2333333333
57.3083333333
48.6333333333
44.8333333333
45.3666666667
57.8
65.3916666667
60.6083333333
57.2833333333
55.8333333333
57.325
58.2083333333
53.175
43.325
49.9083333333
45.6583333333
49.4583333333
50.2666666667
49.7416666667
46.7833333333
49.1833333333
54.6
55.9333333333
48.275
47.2333333333
43.0083333333
50.6333333333
53.1916666667
58.7166666667
69.4583333333
57.2583333333
58.0083333333
59.8833333333
56.05
52.45
54.5166666667
51.4333333333
41.0916666667
44.4166666667
48.2583333333
49.0916666667
45.0583333333
49.9166666667
51.85
56.05
53.675
51.0
61.2833333333
74.8833333333
62.1583333333
59.1833333333
60.0166666667
58.825
58.175
60.7833333333
20.525
31.175
48.75
38.3833333333
41.3333333333
8.95
22.7
25.1333333333
28.6333333333
28.2083333333
32.3583333333
28.4666666667
41.7583333333
32.0166666667
38.5166666667
36.0083333333
35.0666666667
53.7625
28.6916666667
49.3333333333
27.0666666667
45.175
20.275
10.5333333333
51.4166666667
30.9916666667
44.8666666667
57.7833333333
24.8833333333
8.91666666667
42.6975
50.3083333333
12.4166666667
20.4083333333
24.775
32.7833333333
36.8166666667
35.4666666667
45.075
28.2416666667
37.525
43.3416666667
61.175
44.4416666667
29.2
31.8583333333
42.9
51.2416666667
27.3333333333
50.75
26.6666666667
10.8083333333
23.8416666667
9.38333333333
48.15
20.5083333333
27.8
35.9166666667
39.1833333333
38.2166666667
20.7916666667
39.7666666667
42.3833333333
37.4583333333
21.1333333333
14.025
31.7416666667
27.2416666667
35.4083333333
51.6083333333
19.975
24.9
30.35
54.875
70.925
43.5833333333
39.1916666667
50.6916666667
21.8666666667
37.2416666667
32.25
40.4666666667
36.8833333333
34.3333333333
49.0083333333
30.5333333333
26.5583333333
44.6833333333
14.025
13.775
43.1333333333
37.7083333333
25.4416666667
33.325
19.0166666667
16.8833333333
46.6833333333
51.8166666667
22.6916666667
46.4166666667
37.975
33.8
50.4666666667
31.5083333333
28.5416666667
41.0916666667
24.6166666667
37.3
21.8833333333
9.025
36.3
19.4333333333
30.4333333333
46.1666666667
32.7166666667
48.025
32.2166666667
33.7083333333
36.4666666667
18.2583333333
46.0416666667
37.0
26.8166666667
47.5583333333
40.05
58.0833333333
17.2416666667
33.0333333333
28.5666666667
34.1166666667
12.2916666667
46.8083333333
33.025
29.7
18.0333333333
47.75
52.475
30.8333333333
34.6416666667
49.45
26.7166666667
31.9666666667
35.675
63.6583333333
50.8583333333
38.2666666667
61.3333333333
37.625
58.9583333333
9.01666666667
39.975
37.7166666667
40.8416666667
44.7416666667
32.9666666667
39.525
17.8583333333
30.825
48.5675
14.6333333333
23.3666666667
28.2
55.8
56.75
15.0666666667
46.1166666667
29.05
26.2833333333
34.025
31.95
62.9333333333
58.125
51.0333333333
23.4583333333
26.7083333333
45.8666666667
45.2166666667
32.0083333333
37.2166666667
24.725
55.9416666667
53.7666666667
46.9333333333
69.775
52.7333333333
55.9666666667
30.9333333333
10.1583333333
41.3833333333
32.1666666667
26.7416666667
35.3416666667
51.3916666667
63.3833333333
50.4916666667
33.5416666667
26.25
47.975
39.1833333333
46.575
12.55
29.1
28.375
40.975
16.8083333333
18.6333333333
41.8
11.2833333333
59.7833333333
64.0083333333
48.4666666667
11.9083333333
25.3666666667
41.4583333333
56.5833333333
41.325
17.8916666667
40.225
31.1583333333
44.0916666667
60.175
55.5166666667
56.5083333333
13.1916666667
29.9416666667
24.975
45.6
21.6666666667
45.3416666667
16.2166666667
28.5916666667
28.9416666667
29.0916666667
27.3583333333
42.1416666667
54.8166666667
43.9083333333
56.45
46.2833333333
42.275
36.3333333333
57.56
23.3
71.4083333333
20.2916666667
19.3166666667
22.0333333333
21.2166666667
25.05
42.2833333333
20.4916666667
12.6166666667
31.3833333333
18.4833333333
45.8333333333
34.6833333333
44.4166666667
14.05
26.4666666667
22.425
42.9
56.0333333333
59.5666666667
55.3666666667
46.175
36.9916666667
84.575
62.485
39.8
48.155
9.1
48.2333333333
50.6583333333
33.075
12.5583333333
29.6833333333
35.8833333333
35.7666666667
53.7916666667
20.4416666667
24.0583333333
43.4333333333
39.325
54.675
39.3416666667
49.0166666667
15.05
77.7
62.2333333333
64.7666666667
33.375
39.3166666667
12.55
47.0166666667
22.5333333333
42.405
28.7916666667
12.6083333333
33.2833333333
26.0916666667
34.9083333333
22.45
48.725
13.325
27.575
58.4333333333
50.9675
34.5166666667
38.225
68.2833333333
24.9333333333
44.425
23.2916666667
61.375
57.3666666667
60.0333333333
46.2416666667
26.9666666667
50.025
47.3625
20.8083333333
12.525
21.1
43.2916666667
35.1833333333
42.125
13.8916666667
31.425
18.0666666667
32.675
13.9166666667
9.35
37.1583333333
18.575
26.8166666667
10.6583333333
40.6416666667
59.5333333333
36.8333333333
11.6
9.88333333333
34.8666666667
9.39166666667
44.41
8.5
42.8583333333
42.3666666667
21.425
34.6
29.825
70.125
31.1666666667
49.2416666667
59.25
30.9
50.315
47.8916666667
11.5333333333
59.5833333333
66.6166666667
49.675
29.5833333333
44.2333333333
54.0083333333
11.0666666667
43.4675
26.6083333333
47.4916666667
39.4375
39.2725
24.1
44.95
38.2
63.0416666667
41.325
57.7416666667
15.3916666667
35.425
25.1833333333
36.825
55.875
26.1666666667
53.3333333333
54.7675
47.45
64.35
61.075
21.8
47.205
44.055
49.7666666667
25.0666666667
33.25
38.4575
19.975
47.875
25.15
40.6166666667
48.7166666667
53.6666666667
36.6416666667
46.8925
32.1833333333
52.0675
23.3
43.4166666667
54.185
42.9833333333
70.9416666667
19.6666666667
49.6583333333
23.2416666667
69.8916666667
45.5583333333
39.5583333333
44.1083333333
20.9416666667
12.4583333333
32.975
30.9833333333
27.7083333333
17.8833333333
49.2583333333
35.775
46.7833333333
29.225
43.1416666667
9.80833333333
34.575
23.275
44.3416666667
16.3
48.9583333333
38.6166666667
34.95
32.7666666667
57.9225
27.7583333333
61.1
49.5666666667
42.8583333333
25.3083333333
37.7333333333
30.5833333333
44.4333333333
27.2583333333
31.6333333333
55.675
14.7416666667
12.8
53.7166666667
14.4333333333
26.65
44.5583333333
61.2416666667
48.3833333333
35.2333333333
82.3666666667
76.7333333333
49.4636363636
26.3333333333
38.9333333333
22.9416666667
36.625
13.1916666667
38.61
13.0666666667
28.65
47.9
31.7
13.85
14.1333333333
22.75
38.9666666667
42.675
28.8833333333
60.6583333333
50.1166666667
59.775
52.6833333333
65.1833333333
67.0
63.4416666667
64.4
61.5
57.325
48.35
46.625
46.4083333333
46.6166666667
47.3416666667
46.2916666667
42.6833333333
56.9666666667
61.15
52.6083333333
52.15
60.7583333333
62.3333333333
57.9583333333
68.7
60.3583333333
58.65
80.65
69.2833333333
64.4583333333
69.05
68.7916666667
63.5333333333
62.9333333333
56.5
58.1
58.1416666667
47.1916666667
51.825
57.0166666667
51.7
13.65
49.4125
49.9225
49.805
52.8
51.515
50.8575
54.0175
49.9225
50.025
53.0825
58.4
57.4475
56.69
57.55
49.355
44.6025
42.6325
43.9975
40.355
40.1475
40.175
42.99
44.6075
47.9925
50.265
49.8525
50.45
53.17
52.165
49.85
51.89
52.2575
55.45
55.985
54.2225
58.17
55.9775
49.1625
48.4925
45.125
46.4875
41.03
40.195
40.11
40.255
43.1725
43.885
45.2425
49.08
50.275
48.62
48.6
50.715
52.935
53.4675
54.7975
54.58
57.27
59.4025
57.855
58.1475
57.11
53.135
47.5575
42.6775
40.9775
38.87
38.83
38.9925
13.2833333333
53.825
54.5666666667
54.4
59.325
57.275
54.6583333333
53.9583333333
52.3083333333
56.6416666667
73.4166666667
64.0
66.2583333333
74.675
67.225
75.0
73.5666666667
72.1833333333
59.625
52.225
49.725
48.275
48.2666666667
41.7846153846
50.1333333333
55.2083333333
57.4166666667
67.7083333333
60.7166666667
55.8416666667
59.5583333333
57.3333333333
62.2083333333
62.075
63.75
70.7916666667
69.2666666667
77.0666666667
74.875
80.4666666667
70.875
66.6833333333
59.6416666667
53.675
51.7416666667
50.3
50.2583333333
51.3666666667
52.35
52.7416666667
54.3916666667
50.7
50.3166666667
52.2416666667
53.4333333333
55.3
55.6833333333
55.3416666667
56.65
63.2166666667
66.2
65.525
68.2583333333
70.7
64.675
62.65
58.7666666667
53.525
51.35
49.55
49.3083333333
49.5666666667
50.875
52.1333333333
52.3083333333
61.25
60.4833333333
57.9833333333
57.0583333333
67.0666666667
63.1666666667
59.8916666667
60.0083333333
64.25
64.2666666667
67.85
75.7416666667
75.7916666667
76.7583333333
58.2416666667
56.05
53.025
51.0083333333
51.85
49.2666666667
50.9916666667
51.4166666667
54.1166666667
56.55
70.7083333333
69.2333333333
60.1333333333
69.9333333333
71.525
62.4666666667
65.6583333333
64.3166666667
64.2166666667
80.05
79.125
74.3083333333
74.4666666667
80.025
67.7666666667
60.3416666667
56.7333333333
51.9583333333
50.425
49.3666666667
49.3583333333
49.8083333333
56.4333333333
54.3333333333
55.725
56.2666666667
55.7333333333
72.3833333333
59.4583333333
59.4583333333
61.425
62.7916666667
63.25
65.8916666667
70.9833333333
77.1083333333
71.725
67.2333333333
63.5083333333
65.325
61.4833333333
54.8583333333
52.35
50.9416666667
53.6833333333
57.5666666667
53.1166666667
56.5083333333
65.2666666667
64.9416666667
58.1666666667
60.375
59.7583333333
61.5833333333
81.5583333333
69.575
67.65
93.725
77.5083333333
76.3
87.1416666667
72.5083333333
68.8416666667
57.9166666667
54.1666666667
50.875
50.3416666667
50.925
51.075
52.9416666667
55.5
58.5083333333
57.075
61.9083333333
59.525
60.9333333333
63.95
69.1666666667
61.0583333333
65.6916666667
62.75
66.825
74.075
87.4333333333
85.7833333333
83.5166666667
67.6083333333
59.9
54.4416666667
51.625
50.3333333333
50.7416666667
50.8
52.5583333333
54.0333333333
59.7583333333
60.35
61.0166666667
50.0666666667
59.175
66.45
55.6583333333
59.725
57.025
58.3166666667
61.8
74.1416666667
68.4583333333
73.5583333333
69.125
63.0166666667
59.0583333333
55.5916666667
52.3666666667
50.7666666667
50.525
51.6666666667
53.1416666667
57.9916666667
57.4416666667
51.575
53.475
53.4333333333
50.3583333333
55.1583333333
62.375
60.0333333333
69.9333333333
69.4083333333
75.025
68.425
70.7833333333
77.5416666667
73.2
69.425
57.975
53.4916666667
51.3166666667
50.275
49.4416666667
49.5166666667
50.4833333333
51.35
58.2833333333
66.6583333333
66.4333333333
59.85
64.3333333333
67.2083333333
67.7083333333
75.7666666667
59.55
62.2166666667
66.0416666667
68.875
68.0583333333
84.8166666667
72.2916666667
72.5166666667
60.8083333333
52.6166666667
50.5333333333
49.85
51.9583333333
54.075
50.4666666667
54.7583333333
50.55
52.4083333333
57.4833333333
57.3166666667
55.6916666667
62.7416666667
64.325
70.8083333333
61.25
57.525
64.8166666667
90.075
69.3416666667
69.6916666667
72.4333333333
65.1
59.4916666667
53.0583333333
50.3
48.9833333333
48.2166666667
47.6916666667
47.7083333333
55.0166666667
54.9083333333
52.9583333333
54.3416666667
53.3083333333
63.875
57.1666666667
60.6166666667
67.475
67.3
65.2916666667
74.1083333333
79.975
81.7416666667
70.8333333333
65.8333333333
66.05
60.15
57.6666666667
54.0666666667
52.025
50.6416666667
50.45
52.45
54.1
57.95
64.0666666667
67.025
63.825
68.9916666667
64.3083333333
68.3333333333
67.425
66.1583333333
66.3416666667
69.6333333333
67.0583333333
74.125
77.9666666667
75.725
73.9333333333
60.2333333333
56.65
53.3333333333
50.3583333333
49.3166666667
49.1833333333
53.575
53.5583333333
52.7416666667
56.8416666667
57.2166666667
57.4916666667
63.8416666667
64.0333333333
62.55
67.05
66.2083333333
58.75
62.9916666667
75.575
78.025
84.0416666667
72.4083333333
65.8833333333
58.8666666667
64.0583333333
54.2916666667
48.975
49.0083333333
49.2333333333
49.9166666667
49.9
51.925
52.975
54.9166666667
48.375
55.1333333333
59.6416666667
60.55
62.7333333333
57.8
57.625
62.1333333333
63.9333333333
68.5333333333
73.7666666667
69.6333333333
64.1833333333
65.875
56.7083333333
51.8333333333
53.0333333333
50.4416666667
50.0416666667
51.525
50.8333333333
51.275
51.75
54.4083333333
53.15
54.9083333333
52.975
63.0
63.7083333333
60.6916666667
62.5166666667
77.7916666667
81.1333333333
78.6083333333
80.4333333333
78.1583333333
73.0666666667
64.7916666667
56.35
52.975
51.7333333333
51.5833333333
51.5166666667
51.675
52.4666666667
54.5083333333
56.3
55.625
53.0666666667
58.6666666667
65.125
71.2916666667
64.1416666667
56.675
64.05
73.15
74.7166666667
77.6583333333
76.9416666667
72.6166666667
67.8166666667
62.1916666667
58.4
52.75
51.7
51.6
50.8583333333
50.925
54.5583333333
59.9833333333
57.7166666667
58.9
61.825
69.4416666667
92.4083333333
82.0666666667
93.0416666667
61.8583333333
65.1083333333
64.775
76.8583333333
68.825
64.7166666667
64.475
59.4833333333
55.4166666667
52.9
50.925
50.3666666667
49.65
49.9333333333
54.9083333333
53.0083333333
57.275
63.1583333333
69.75
65.4833333333
64.1833333333
70.975
67.2666666667
72.7583333333
68.6166666667
73.3833333333
62.6583333333
65.85
65.7416666667
65.125
66.9166666667
64.1
58.7916666667
55.2666666667
53.2833333333
56.025
54.5916666667
52.7416666667
62.0083333333
62.9666666667
68.15
65.9833333333
57.5833333333
59.3916666667
65.35
57.7833333333
57.3583333333
57.425
62.1
62.625
67.6333333333
69.675
79.7333333333
76.125
76.4166666667
63.175
57.4333333333
53.475
52.1666666667
51.05
50.425
50.7083333333
51.6
51.7333333333
56.6583333333
59.425
82.1666666667
71.825
63.375
63.1
59.8083333333
71.2583333333
72.2583333333
62.2
67.95
72.425
72.6083333333
86.6583333333
76.7916666667
70.6666666667
60.4916666667
57.2916666667
54.575
51.925
51.0
51.8166666667
60.4333333333
58.3166666667
57.7666666667
67.525
70.4833333333
70.0916666667
68.1166666667
66.825
68.0083333333
68.8583333333
62.9
63.575
71.525
76.775
73.8083333333
75.825
86.05
73.6416666667
67.6833333333
56.8583333333
54.4083333333
53.075
51.8
51.8833333333
53.9666666667
54.6666666667
56.3333333333
65.0416666667
67.9666666667
63.6833333333
66.1583333333
58.3333333333
63.1
78.4916666667
74.4166666667
61.7166666667
65.0416666667
76.2416666667
76.275
79.7416666667
81.7333333333
73.5
63.825
57.0333333333
54.6666666667
52.7333333333
51.8416666667
51.6666666667
51.4916666667
54.9916666667
54.6416666667
53.8583333333
55.9583333333
60.6416666667
64.1
77.2166666667
68.2166666667
67.6833333333
65.2666666667
60.5833333333
71.7
70.4
67.35
77.9416666667
71.275
64.2333333333
62.6666666667
61.4916666667
53.3
51.6333333333
51.5166666667
52.6
53.0666666667
51.5416666667
60.8916666667
57.2416666667
67.1166666667
57.2333333333
57.1916666667
57.675
62.5166666667
64.7583333333
59.7083333333
62.3166666667
68.6333333333
72.875
66.025
69.925
67.3916666667
62.6083333333
57.4083333333
55.9333333333
53.4083333333
51.1083333333
50.35
50.3333333333
54.225
55.1833333333
60.725
61.9416666667
56.925
58.9416666667
58.5833333333
64.425
65.6666666667
63.725
67.5666666667
82.8166666667
66.625
66.4166666667
69.975
72.4166666667
66.075
71.85
60.1916666667
55.95
54.1
52.4083333333
51.2083333333
50.5166666667
50.3
51.6
55.2916666667
56.5083333333
62.3
66.25
57.2333333333
62.575
58.9666666667
67.4333333333
65.9666666667
69.95
75.0916666667
94.1333333333
79.5833333333
75.6416666667
71.0083333333
67.2916666667
63.6
64.25
59.025
55.5916666667
56.2083333333
56.2416666667
54.275
55.6416666667
60.0916666667
58.9083333333
55.0083333333
55.1583333333
56.2833333333
66.325
68.0416666667
63.0416666667
65.3166666667
62.1916666667
68.6583333333
68.9166666667
79.4333333333
77.7333333333
71.3833333333
66.2416666667
64.3416666667
67.8
60.2
56.775
56.0166666667
55.8333333333
56.4833333333
59.65
61.525
68.3833333333
65.1833333333
58.4083333333
59.4416666667
60.6416666667
61.7083333333
70.575
74.5166666667
68.4416666667
75.7166666667
77.025
88.125
81.8166666667
74.6916666667
67.4333333333
65.6916666667
61.1083333333
58.5916666667
56.3083333333
52.8083333333
53.075
55.8083333333
52.8416666667
54.7416666667
64.9916666667
62.2833333333
59.7416666667
57.7416666667
62.7083333333
60.9666666667
57.525
59.2916666667
60.95
66.9416666667
82.7
77.0166666667
81.2083333333
77.9
79.5583333333
62.6333333333
57.2666666667
54.9333333333
52.925
51.65
51.9833333333
52.4416666667
55.6416666667
57.15
58.1083333333
57.825
61.5583333333
63.475
62.6916666667
57.4666666667
59.5833333333
54.7416666667
57.825
62.9916666667
64.6083333333
68.2666666667
70.1166666667
74.3583333333
65.55
65.0666666667
56.1583333333
52.8916666667
51.4333333333
50.3083333333
50.6583333333
51.8166666667
52.5666666667
65.3916666667
60.625
62.7
65.4166666667
62.2666666667
73.225
84.9833333333
75.1
71.3
69.6583333333
68.7166666667
74.6833333333
71.8083333333
75.5166666667
76.3666666667
66.025
59.2416666667
54.8
54.1916666667
52.9083333333
50.7
50.6166666667
51.3916666667
52.6666666667
53.6916666667
59.1416666667
63.7
66.7666666667
65.0666666667
58.9583333333
68.6916666667
66.3416666667
74.8
71.8083333333
77.1166666667
75.4
72.2666666667
68.825
75.4833333333
71.5166666667
68.1083333333
59.325
54.125
53.025
51.875
52.15
54.625
57.7083333333
66.6
68.3416666667
60.3583333333
62.3833333333
58.6
65.1833333333
62.15
65.2583333333
82.8166666667
72.2333333333
75.1166666667
75.1833333333
76.6583333333
74.3416666667
71.5583333333
66.4416666667
64.2416666667
63.9083333333
58.375
56.8333333333
56.1666666667
57.1416666667
57.0
62.2666666667
62.0083333333
66.4083333333
66.775
61.575
78.2166666667
72.9833333333
74.55
75.9083333333
71.675
76.6333333333
76.15
83.2833333333
76.2083333333
72.1166666667
75.4
65.6666666667
59.075
65.225
53.5333333333
51.6666666667
50.925
51.125
51.9833333333
54.025
54.2166666667
62.5166666667
68.75
66.375
64.85
62.475
66.6416666667
80.9583333333
68.4833333333
71.9833333333
75.35
72.0583333333
92.125
89.9166666667
83.325
70.6416666667
60.7
56.9083333333
53.9166666667
54.0166666667
53.65
51.6333333333
51.6333333333
54.6833333333
61.85
59.65
58.475
69.0333333333
64.1083333333
55.9416666667
66.075
76.15
65.625
65.6583333333
70.4
72.2416666667
85.2083333333
88.4916666667
75.9916666667
74.0083333333
66.8083333333
52.525
49.4166666667
47.7833333333
46.675
46.5166666667
47.3416666667
49.075
56.525
57.075
66.275
59.7583333333
70.725
70.9666666667
75.4
64.55
64.125
67.2166666667
71.1583333333
69.2333333333
71.9666666667
80.25
75.05
71.6833333333
58.875
52.0166666667
48.8833333333
55.1166666667
52.2666666667
50.7666666667
59.925
50.85
51.675
66.1333333333
57.4666666667
70.9916666667
65.1166666667
57.2833333333
59.6416666667
77.2333333333
63.3416666667
52.45
64.475
64.8083333333
78.3
68.7583333333
62.075
56.8583333333
54.5
56.9416666667
53.75
46.5833333333
48.9583333333
49.1916666667
49.9416666667
57.65
74.7833333333
53.2
55.1083333333
58.9166666667
65.425
52.1083333333
57.95
57.2333333333
52.25
49.45
54.5
59.3
61.6833333333
57.425
57.125
55.25
49.1916666667
48.2
47.4083333333
46.6083333333
46.05
46.2583333333
46.5166666667
47.3166666667
48.0
54.3
53.1416666667
56.825
56.2916666667
55.95
50.65
50.25
47.9916666667
47.5083333333
48.7916666667
49.9333333333
55.7833333333
52.2
50.35
48.9583333333
48.6833333333
47.4666666667
46.775
46.5
45.7166666667
45.775
45.5166666667
46.9666666667
50.025
48.5166666667
47.7416666667
47.8833333333
47.7166666667
47.7416666667
48.0416666667
48.0583333333
48.1083333333
48.975
49.9916666667
51.4833333333
53.5583333333
57.9166666667
61.875
53.55
52.7416666667
53.8333333333
49.0166666667
47.2333333333
46.9666666667
46.8166666667
46.9916666667
50.9
48.275
50.625
48.4833333333
44.3583333333
48.7083333333
50.3666666667
48.2916666667
50.9666666667
48.4333333333
52.1
52.45
53.55
56.6166666667
56.3
54.175
49.0916666667
48.6583333333
48.0916666667
47.5666666667
47.0
46.475
46.925
47.9666666667
53.125
54.0333333333
50.275
55.0583333333
52.15
49.0583333333
53.0583333333
50.5
57.7333333333
52.2083333333
57.6
59.3
62.6416666667
60.5
62.4083333333
62.475
61.5083333333
57.175
54.4916666667
53.3833333333
52.6666666667
52.2
52.9916666667
56.475
55.8416666667
71.225
66.4833333333
67.175
70.525
70.125
79.6416666667
84.9333333333
82.9
70.3583333333
66.625
73.2833333333
77.9833333333
70.7416666667
72.0916666667
72.475
67.3416666667
63.5416666667
61.15
57.175
55.7666666667
55.5833333333
55.8083333333
56.3166666667
57.2083333333
59.9083333333
59.7416666667
64.7916666667
63.825
71.625
64.85
64.95
73.275
68.1
65.8583333333
67.1416666667
69.925
71.05
71.0333333333
74.1833333333
72.05
62.475
58.8666666667
55.325
53.8666666667
54.0666666667
53.8666666667
56.7833333333
58.0833333333
60.85
60.125
62.025
68.5083333333
64.6083333333
63.4833333333
63.725
66.2833333333
67.8416666667
67.6666666667
80.2083333333
71.5416666667
73.0666666667
72.2333333333
70.85
76.25
66.1083333333
64.2583333333
62.0
59.8
59.8416666667
60.225
56.4166666667
54.7833333333
57.1083333333
66.1083333333
64.1166666667
60.225
61.7416666667
64.5083333333
63.0666666667
66.725
68.0333333333
52.7166666667
67.9333333333
74.725
59.5166666667
58.8583333333
63.875
69.5083333333
56.4666666667
52.05
47.875
47.525
46.7416666667
47.3666666667
48.9916666667
57.775
48.2833333333
47.75
48.4166666667
56.1333333333
51.5916666667
56.55
54.15
66.025
56.6833333333
60.5583333333
57.25
55.0666666667
58.625
54.0083333333
51.5583333333
52.0416666667
48.975
46.9083333333
45.65
45.1916666667
44.3333333333
44.6083333333
46.2166666667
52.125
47.5083333333
46.6666666667
53.175
44.3083333333
53.0416666667
50.3083333333
55.5583333333
55.5333333333
69.0333333333
65.7
54.2666666667
56.1083333333
55.5666666667
51.9583333333
53.6583333333
56.3166666667
48.7
49.275
44.075
43.1916666667
42.7166666667
44.3833333333
51.7083333333
48.2
53.675
53.85
54.2416666667
44.3333333333
42.9333333333
42.9416666667
43.0166666667
43.0833333333
42.575
42.625
43.0083333333
44.0666666667
43.5833333333
43.2166666667
43.0333333333
42.6833333333
42.6
42.175
41.45
41.4
41.375
41.2833333333
42.3833333333
42.3916666667
41.0833333333
40.4083333333
40.75
43.325
41.3916666667
38.7666666667
38.325
38.625
42.225
38.5666666667
38.5
39.3333333333
39.7166666667
39.7
39.2333333333
39.0416666667
38.9916666667
38.975
38.9833333333
38.9416666667
38.5916666667
39.0083333333
39.3416666667
39.275
39.5083333333
40.175
40.175
46.9416666667
41.7416666667
39.3083333333
37.9416666667
38.1083333333
38.0666666667
37.85
38.7666666667
38.8333333333
38.8416666667
38.5083333333
38.4416666667
38.525
38.4666666667
38.625
38.5416666667
40.8833333333
48.125
54.3083333333
56.0
59.7083333333
57.3666666667
56.1166666667
54.8833333333
50.8666666667
45.6583333333
45.3666666667
45.4833333333
46.2
46.675
46.6666666667
46.9083333333
47.1166666667
47.4833333333
47.475
47.2
47.4166666667
47.4833333333
47.3833333333
48.35
48.7333333333
50.7583333333
51.7833333333
47.8916666667
45.5083333333
44.8
44.675
43.0666666667
40.9916666667
40.4333333333
40.3416666667
40.325
42.1
42.775
40.7416666667
41.1666666667
41.7583333333
41.875
41.725
41.7083333333
41.5916666667
41.4083333333
41.425
41.35
41.275
40.8833333333
41.1833333333
43.6583333333
42.4583333333
41.0333333333
39.225
38.3583333333
38.1083333333
37.775
37.5416666667
37.2833333333
37.5166666667
37.3666666667
37.5833333333
38.4666666667
41.3666666667
39.325
38.4083333333
38.2583333333
38.1583333333
38.275
38.1916666667
38.125
38.1
37.6166666667
38.15
39.3916666667
40.2833333333
40.4
40.5333333333
40.5
37.1916666667
39.7333333333
39.1833333333
39.4583333333
39.3833333333
39.4
39.2833333333
39.4166666667
40.1
40.3666666667
40.0
39.8
39.95
39.8583333333
39.9083333333
39.875
39.6
39.6
39.6833333333
38.3666666667
37.725
37.5916666667
37.0666666667
36.975
36.4666666667
36.525
36.2666666667
36.1583333333
36.2916666667
36.3416666667
36.6083333333
37.0333333333
36.95
36.5833333333
36.4666666667
36.4916666667
36.4666666667
36.65
36.4416666667
36.325
36.3
35.925
36.3916666667
36.2
35.9333333333
35.9916666667
35.9333333333
36.0916666667
35.9333333333
35.8333333333
35.9583333333
36.0416666667
35.775
35.95
36.6083333333
37.95
37.05
37.5
37.3333333333
36.9333333333
37.025
37.1416666667
37.15
37.175
37.0333333333
36.7
36.5416666667
36.8333333333
37.0666666667
36.8416666667
36.55
37.7666666667
39.2916666667
38.5583333333
38.55
38.5
38.3416666667
38.7833333333
38.975
38.8
44.5
46.625
41.8416666667
41.15
40.575
40.125
40.1333333333
40.2666666667
40.2916666667
39.8416666667
40.8083333333
40.5083333333
47.6916666667
40.25
40.125
39.8833333333
40.0166666667
39.4333333333
39.1583333333
39.4083333333
40.5916666667
41.525
39.2083333333
39.0916666667
44.5666666667
46.3583333333
42.3166666667
40.8166666667
40.2833333333
40.0583333333
40.1833333333
39.95
40.0166666667
39.6416666667
40.3416666667
39.1166666667
38.925
38.3583333333
38.4666666667
38.4083333333
37.7583333333
37.425
37.325
37.375
37.225
37.3083333333
37.2833333333
37.9916666667
38.575
38.925
38.4833333333
38.5666666667
38.15
38.0166666667
38.125
37.9166666667
37.875
37.9416666667
37.675
38.3083333333
38.5583333333
40.575
37.6
38.0916666667
37.4583333333
37.85
37.7833333333
37.425
38.2
38.0333333333
37.6916666667
38.425
39.0083333333
39.0416666667
38.9083333333
38.8833333333
38.6583333333
38.5416666667
38.4833333333
38.475
38.525
38.3416666667
38.5333333333
38.3083333333
39.0666666667
40.7916666667
39.2583333333
37.8666666667
34.6083333333
38.7333333333
36.6416666667
36.275
36.2416666667
36.425
36.525
36.5333333333
36.9083333333
37.4
37.5083333333
37.2083333333
37.0583333333
37.0916666667
37.25
37.3
37.0416666667
37.25
37.0333333333
36.8583333333
36.4833333333
36.3583333333
35.975
36.1166666667
36.175
36.3916666667
36.2833333333
36.0583333333
36.1833333333
36.2
36.2416666667
37.625
37.1
37.05
37.1833333333
36.9416666667
36.8833333333
36.925
36.8333333333
36.6833333333
36.575
36.4833333333
37.0916666667
37.2583333333
37.2333333333
37.375
37.9666666667
37.975
37.625
36.7666666667
37.05
36.6083333333
36.55
36.9416666667
37.0833333333
38.225
39.8333333333
37.7583333333
37.3416666667
37.225
37.1166666667
37.125
37.275
37.6833333333
36.9333333333
36.8833333333
37.175
36.8583333333
37.2583333333
36.45
36.0166666667
37.0833333333
37.1333333333
37.0416666667
36.875
36.875
37.5
38.8416666667
37.125
37.45
39.4583333333
39.7916666667
38.95
38.1416666667
38.1
38.3
38.6666666667
38.65
38.9166666667
38.2416666667
37.9583333333
37.6333333333
37.7333333333
37.7166666667
37.8666666667
37.5833333333
37.9
39.9916666667
38.8083333333
37.3
37.35
37.225
37.2
37.35
37.575
37.8583333333
37.6
37.575
37.5333333333
37.2916666667
37.5416666667
37.5833333333
37.825
37.625
37.05
36.925
36.85
36.9916666667
37.2166666667
37.2416666667
37.1166666667
40.3833333333
39.5166666667
37.65
38.475
39.0166666667
38.95
37.7666666667
41.35
38.2916666667
37.925
37.6333333333
37.65
37.6333333333
37.7833333333
37.8
37.7583333333
37.3166666667
38.7
40.5916666667
37.2416666667
37.0583333333
36.9
37.0416666667
36.925
36.8416666667
36.6333333333
36.95
37.25
36.725
37.2916666667
43.9583333333
37.9666666667
37.75
37.5833333333
37.4
37.3333333333
37.2666666667
37.3
37.375
37.0333333333
36.8666666667
36.85
36.925
36.975
37.1833333333
36.6666666667
36.8416666667
31.9833333333
33.4083333333
33.2
33.0833333333
35.2166666667
36.4833333333
36.325
36.9166666667
36.9083333333
36.7
36.9833333333
36.7916666667
36.7333333333
36.8166666667
36.7583333333
36.75
36.625
36.3333333333
36.775
36.7333333333
36.725
36.75
36.075
35.9833333333
35.775
36.05
36.025
36.0916666667
36.5
37.225
36.8333333333
36.2166666667
36.7166666667
36.7583333333
36.7666666667
36.625
36.725
36.6666666667
36.7083333333
36.75
36.6666666667
36.625
36.9333333333
37.1333333333
36.8166666667
39.7583333333
36.7166666667
36.6333333333
36.3666666667
36.3416666667
36.3583333333
36.3
36.8
36.4416666667
36.25
36.75
36.975
36.95
37.2833333333
37.1583333333
37.0
36.875
36.9416666667
36.9583333333
36.775
36.4666666667
36.7083333333
37.625
37.8833333333
36.975
36.525
36.5083333333
36.5
36.325
36.125
36.2166666667
36.2666666667
36.475
36.2333333333
36.65
36.8166666667
37.0666666667
37.0166666667
37.0166666667
37.0416666667
36.9583333333
36.7083333333
36.8333333333
36.8666666667
36.5333333333
36.5083333333
36.4
36.7833333333
42.3666666667
37.4333333333
36.35
36.325
36.275
36.2333333333
36.05
36.25
36.25
36.5333333333
36.825
36.775
36.8916666667
36.95
36.9666666667
36.9333333333
37.0
36.9416666667
36.9
37.0
36.625
36.2333333333
36.1083333333
39.35
46.6
45.6333333333
45.6583333333
45.5416666667
45.3083333333
44.3083333333
44.375
44.2916666667
45.225
46.1666666667
47.95
49.825
49.6333333333
44.8
42.7333333333
41.375
41.1416666667
41.15
40.9833333333
41.0416666667
41.4
42.225
43.7666666667
43.0166666667
42.9166666667
42.6833333333
42.175
43.375
42.95
42.3333333333
42.325
42.3166666667
43.45
44.8833333333
45.4666666667
47.45
47.8916666667
43.3416666667
42.025
41.8333333333
41.725
41.6166666667
41.575
43.1083333333
41.9333333333
42.1416666667
43.0833333333
42.4583333333
42.5
43.2666666667
42.875
39.525
44.6166666667
43.125
43.0916666667
43.0
44.275
44.675
45.2833333333
48.4083333333
49.3833333333
45.7333333333
42.3833333333
41.7
41.3583333333
41.325
41.3583333333
41.4
41.375
42.1416666667
49.0
43.7916666667
43.1833333333
43.2833333333
43.65
44.3416666667
43.875
43.7333333333
43.4416666667
41.675
40.15
39.975
40.2416666667
40.6166666667
40.825
40.8
40.8333333333
40.8583333333
40.9583333333
41.0
40.9333333333
40.8
40.525
40.5166666667
40.2333333333
39.8666666667
40.2583333333
39.9666666667
39.675
38.1333333333
37.0833333333
36.8166666667
36.8833333333
37.075
37.4166666667
37.2916666667
37.75
37.55
37.825
37.8666666667
37.8083333333
37.625
37.7416666667
37.8083333333
37.7583333333
37.7166666667
37.45
37.3916666667
37.2916666667
37.0416666667
37.05
36.7083333333
36.8583333333
37.2083333333
36.5583333333
36.65
36.9416666667
36.8166666667
36.85
36.9333333333
36.9333333333
37.5583333333
37.7166666667
37.6833333333
37.7583333333
37.6833333333
37.4916666667
37.6333333333
39.4666666667
37.6583333333
37.3083333333
37.175
39.1166666667
38.9166666667
37.2083333333
36.925
37.0416666667
37.275
37.2333333333
37.0083333333
36.8416666667
36.875
36.9666666667
37.0083333333
37.4083333333
37.5916666667
37.5
37.625
37.4666666667
37.3916666667
37.4583333333
37.6333333333
37.5166666667
37.6583333333
37.2833333333
37.1916666667
37.1583333333
36.9833333333
36.975
36.9083333333
36.8666666667
36.9083333333
36.8166666667
36.8333333333
36.8416666667
36.85
37.0833333333
36.775
37.5416666667
37.5416666667
37.5
37.6333333333
37.4
37.275
37.2666666667
37.475
37.45
37.3583333333
37.025
37.0916666667
37.2833333333
38.4416666667
39.4333333333
40.9916666667
40.6
40.775
40.4416666667
40.4583333333
40.5166666667
40.1166666667
40.3083333333
40.25
40.475
41.7166666667
41.2166666667
41.2333333333
41.1583333333
41.0166666667
41.0
40.9166666667
41.0333333333
40.925
40.6333333333
41.8333333333
40.4833333333
39.375
39.3916666667
40.225
39.5583333333
36.1083333333
38.9416666667
38.3583333333
38.2
38.2083333333
38.175
38.125
38.3833333333
38.6083333333
38.8833333333
39.0833333333
39.1416666667
39.0583333333
39.0833333333
39.0083333333
39.0416666667
38.95
38.3333333333
38.875
39.6833333333
38.9
38.6166666667
38.625
38.3666666667
38.575
38.0333333333
38.025
37.825
37.3166666667
37.325
37.425
37.7333333333
37.8166666667
38.025
38.1666666667
38.125
38.0833333333
38.1333333333
38.225
38.1916666667
38.5
37.8
37.9583333333
37.9833333333
37.7583333333
37.925
39.8083333333
52.4666666667
55.0416666667
53.05
51.3333333333
51.4083333333
51.9416666667
52.35
52.9833333333
55.7583333333
61.4333333333
61.6833333333
55.475
51.3416666667
50.6083333333
50.5166666667
50.5833333333
50.4583333333
50.9333333333
50.9333333333
52.0
54.0
53.5333333333
54.0
53.5666666667
53.9583333333
53.4166666667
52.9583333333
53.55
52.9083333333
52.7
52.425
52.9833333333
54.4916666667
58.0916666667
60.625
56.4416666667
52.2583333333
51.025
50.5416666667
50.5
50.7
50.5916666667
50.55
51.0666666667
52.6916666667
57.925
54.45
52.35
52.5916666667
52.975
51.85
52.2166666667
52.575
52.9166666667
52.15
51.8833333333
52.7083333333
59.4583333333
60.0583333333
57.4166666667
52.5333333333
50.8416666667
50.425
50.3666666667
50.3916666667
50.4416666667
50.7
51.8416666667
51.2416666667
50.5833333333
50.7833333333
49.5166666667
45.3833333333
45.1083333333
44.9083333333
44.8833333333
45.05
45.025
45.25
45.4
45.9166666667
46.1333333333
46.2166666667
45.9333333333
46.2083333333
46.2333333333
45.975
46.0333333333
45.8166666667
45.7666666667
45.2166666667
45.675
47.575
50.3416666667
49.6666666667
49.4666666667
49.5333333333
49.3916666667
48.5833333333
47.6
43.9916666667
44.0166666667
43.8333333333
43.9
44.2833333333
44.85
44.6833333333
45.1916666667
45.2666666667
44.7333333333
44.8666666667
44.8333333333
44.7166666667
44.5666666667
47.15
49.7833333333
50.575
50.8166666667
51.2916666667
51.3083333333
51.025
45.0416666667
46.4
45.4083333333
42.8583333333
42.9333333333
42.8583333333
42.7083333333
43.3083333333
43.7666666667
43.7
43.7333333333
43.7583333333
43.4
43.775
43.8
43.7416666667
43.6416666667
46.1583333333
46.6666666667
46.7666666667
45.0583333333
45.2416666667
45.0666666667
44.8666666667
43.95
41.9
40.0083333333
39.15
39.125
39.4666666667
39.5666666667
39.8583333333
40.3083333333
40.2333333333
40.3083333333
40.3416666667
40.3333333333
40.1666666667
40.2166666667
40.35
40.2083333333
40.2083333333
43.4916666667
45.1916666667
46.3
46.4083333333
44.375
40.9833333333
40.9083333333
40.55
40.2083333333
40.05
40.0666666667
40.2333333333
40.1333333333
40.4083333333
40.8666666667
40.9916666667
41.0833333333
40.95
40.9166666667
40.7583333333
40.7333333333
40.7666666667
40.7333333333
40.3833333333
43.1833333333
42.125
39.6416666667
38.1583333333
37.625
39.5916666667
37.3333333333
36.125
35.8416666667
35.75
35.8333333333
36.0333333333
35.6416666667
36.2083333333
36.8833333333
36.7333333333
36.7083333333
36.7083333333
36.7
36.725
36.8416666667
36.675
36.675
36.775
36.425
36.9666666667
42.5
36.3166666667
36.6083333333
36.2916666667
36.525
36.0583333333
35.9333333333
35.9166666667
35.9333333333
35.8333333333
36.375
36.2583333333
36.2583333333
36.5083333333
36.4833333333
36.4833333333
36.4333333333
36.45
36.4833333333
38.3583333333
36.6666666667
35.95
36.0083333333
35.8666666667
35.65
35.6833333333
35.4916666667
35.8083333333
35.9666666667
35.925
35.6666666667
35.75
35.7083333333
35.825
35.875
36.9166666667
42.4666666667
36.2833333333
36.1333333333
36.3833333333
36.1833333333
36.3083333333
36.1916666667
36.075
36.1833333333
35.6916666667
36.1583333333
44.7416666667
48.425
48.175
47.9333333333
47.9666666667
48.8583333333
49.65
45.9166666667
46.0
45.8083333333
48.9666666667
49.8583333333
49.0166666667
51.1583333333
51.9666666667
53.05
48.825
47.5583333333
47.4916666667
47.5666666667
41.475
47.2083333333
47.6916666667
48.5333333333
49.1333333333
49.175
49.1666666667
49.3
48.8083333333
45.075
47.9
48.0166666667
50.2333333333
49.925
50.8833333333
51.05
50.725
52.4166666667
51.8333333333
53.6916666667
49.7583333333
48.9583333333
47.325
46.9916666667
46.9333333333
46.7333333333
46.75
47.725
48.2166666667
48.225
47.925
47.9166666667
48.5
48.15
47.0166666667
43.4416666667
42.1083333333
40.725
40.1166666667
39.9
40.4916666667
40.6
40.9416666667
40.9416666667
40.925
40.875
40.8666666667
41.0083333333
40.8833333333
41.0166666667
40.75
44.8416666667
48.475
46.5583333333
46.525
45.6083333333
43.5833333333
44.4583333333
41.95
41.475
41.0333333333
40.025
38.75
38.425
38.7333333333
38.875
39.225
39.6166666667
39.225
38.9166666667
39.05
39.075
39.0583333333
39.05
38.6916666667
39.175
37.6583333333
37.55
37.1333333333
37.0833333333
36.8833333333
39.2916666667
37.1666666667
36.8833333333
36.7166666667
36.65
37.3583333333
37.0083333333
38.1583333333
37.7833333333
37.7833333333
37.6916666667
37.7083333333
37.825
37.7583333333
37.8083333333
37.5
37.6666666667
36.9916666667
37.3333333333
36.7916666667
36.7916666667
44.1666666667
38.3416666667
38.2083333333
36.325
36.2833333333
36.275
36.1416666667
35.975
36.3416666667
36.225
36.825
36.7416666667
37.0083333333
37.0166666667
37.0583333333
37.0
36.95
36.9
36.8583333333
36.9333333333
36.85
36.8083333333
36.3666666667
36.2583333333
36.1083333333
36.4083333333
36.275
36.4916666667
36.5
36.2083333333
36.1333333333
36.2
36.2166666667
36.5666666667
36.975
36.8666666667
37.075
36.7916666667
37.0
36.9166666667
36.8083333333
36.825
36.9166666667
37.0083333333
36.4833333333
37.125
44.6833333333
47.9833333333
47.5
47.2416666667
47.05
48.025
47.6666666667
46.7416666667
47.1416666667
46.8833333333
49.2833333333
49.05
48.2833333333
50.3666666667
52.0833333333
49.725
44.7583333333
43.6916666667
43.5583333333
43.7666666667
43.5833333333
43.6833333333
43.5
44.875
45.1416666667
46.075
46.225
46.1833333333
47.05
42.5166666667
45.425
42.6666666667
43.7333333333
43.375
45.5833333333
46.825
47.6916666667
50.3333333333
51.3416666667
48.8583333333
44.9833333333
44.0416666667
43.9416666667
43.5916666667
43.75
43.925
43.65
44.9833333333
45.125
45.5916666667
45.8833333333
45.7333333333
47.15
45.5916666667
45.3833333333
43.3
40.1083333333
38.2583333333
37.6083333333
39.3166666667
40.6666666667
41.2166666667
41.7916666667
41.2333333333
41.2083333333
41.2666666667
41.3583333333
41.4083333333
41.2333333333
41.25
40.725
42.4416666667
46.875
47.6333333333
47.7
44.7166666667
41.875
38.3666666667
37.2166666667
34.475
34.0333333333
34.0583333333
36.2583333333
36.9083333333
37.2666666667
37.4083333333
37.7666666667
37.725
37.675
37.8666666667
38.0
38.0416666667
37.9166666667
37.825
37.4166666667
37.2916666667
37.4583333333
37.3416666667
38.175
38.8
37.2833333333
37.6
37.35
37.0583333333
37.0416666667
36.925
37.0166666667
36.8166666667
37.45
37.85
37.6083333333
37.55
37.65
37.9166666667
37.9583333333
37.8833333333
38.275
38.3
37.525
37.4833333333
37.8
42.9416666667
41.1333333333
41.2416666667
41.2833333333
41.7833333333
42.4083333333
42.0166666667
41.9166666667
42.125
43.1666666667
45.8666666667
46.1
46.6916666667
48.3833333333
49.8
47.9
47.345
46.7775
45.81
45.12
44.8
43.9375
42.8225
43.1925
43.08
43.63
44.4125
44.4875
44.225
44.6675
40.2
40.2333333333
40.15
40.2916666667
40.1166666667
40.4666666667
40.7416666667
40.675
40.9583333333
41.0666666667
40.9333333333
40.8833333333
40.85
40.85
41.0166666667
40.475
40.3583333333
40.4083333333
40.2583333333
40.4
40.15
40.6083333333
40.5083333333
40.6083333333
40.3
40.325
40.3916666667
40.4583333333
40.2916666667
40.5
40.9333333333
40.8333333333
40.8583333333
40.85
41.0083333333
41.2
41.35
41.3583333333
41.2166666667
40.7833333333
40.5666666667
40.2416666667
40.0333333333
40.2833333333
44.4833333333
46.2583333333
42.45
48.85
48.375
46.9666666667
46.9416666667
47.125
47.3
47.6333333333
48.05
48.075
48.1583333333
48.1916666667
48.1416666667
48.4416666667
48.3333333333
48.3166666667
48.275
47.9833333333
48.1666666667
47.6833333333
45.55
42.825
41.4583333333
40.425
40.9083333333
40.0
39.5416666667
39.4666666667
39.625
39.675
39.6
40.0916666667
40.2
40.15
40.15
40.275
40.125
40.4666666667
40.4916666667
40.425
40.2916666667
39.9
40.225
40.0333333333
39.7166666667
39.1333333333
38.8416666667
38.475
38.6083333333
37.2916666667
36.7333333333
36.65
35.6666666667
35.2
35.1416666667
35.6833333333
35.9083333333
35.7583333333
35.6916666667
35.8666666667
35.725
35.8166666667
35.9083333333
35.8583333333
35.9583333333
35.7333333333
35.9666666667
35.5333333333
35.5166666667
35.3166666667
36.0333333333
36.1333333333
36.2583333333
36.275
35.5583333333
35.6083333333
35.7833333333
35.775
35.6
36.15
36.3333333333
36.4583333333
36.3666666667
36.3833333333
36.5083333333
36.5083333333
36.4583333333
36.625
36.625
36.2166666667
36.1
35.9416666667
35.9583333333
35.975
36.025
36.0166666667
35.9083333333
36.0833333333
36.1083333333
36.0916666667
35.8583333333
36.0
35.9416666667
36.3166666667
36.475
36.5916666667
36.5916666667
36.45
36.5166666667
36.5833333333
36.625
36.55
36.4416666667
36.1
36.0583333333
35.9083333333
35.75
35.7833333333
35.875
35.7833333333
35.7666666667
35.8166666667
35.6833333333
35.9833333333
36.075
35.8666666667
35.8166666667
36.675
42.1583333333
39.6666666667
38.7666666667
36.55
36.3333333333
36.5
36.45
36.5
36.5416666667
36.175
36.225
36.3666666667
36.4583333333
36.2166666667
35.9666666667
36.0666666667
35.7833333333
36.075
35.8833333333
35.8166666667
35.975
35.8833333333
35.875
37.3666666667
39.5416666667
37.3666666667
36.7083333333
36.6416666667
36.6083333333
36.725
36.6666666667
36.5916666667
36.6416666667
36.6333333333
36.25
36.1583333333
36.3833333333
38.9
36.7
36.5
31.675
36.1833333333
36.2333333333
36.3833333333
36.5416666667
36.3083333333
37.3166666667
36.9166666667
37.05
36.9916666667
37.1166666667
37.0583333333
37.1916666667
37.0833333333
37.0083333333
37.05
37.0583333333
36.7
36.975
37.15
36.8833333333
36.8333333333
36.725
36.6916666667
36.0833333333
36.3916666667
36.8
36.5
36.4416666667
37.7333333333
36.3916666667
36.925
37.2166666667
37.1
37.2833333333
37.1666666667
37.3833333333
37.275
37.3083333333
37.3083333333
37.35
37.05
36.8
37.1083333333
37.5666666667
37.7416666667
37.8833333333
38.2833333333
38.125
37.6416666667
37.4916666667
37.55
37.4333333333
38.7583333333
42.3833333333
46.45
47.6416666667
46.7
44.0833333333
42.6333333333
41.675
41.4
41.6416666667
41.675
41.6166666667
43.0916666667
45.7416666667
42.8333333333
42.225
42.5166666667
42.325
42.5
42.6083333333
42.525
42.475
42.3
41.1416666667
40.575
40.825
41.2
41.4166666667
41.4583333333
41.575
41.5416666667
41.5666666667
41.475
41.6833333333
41.4916666667
41.5416666667
41.2333333333
41.0833333333
40.8
40.6833333333
40.5416666667
40.8083333333
40.9083333333
40.9166666667
40.75
40.5
40.4583333333
40.5583333333
40.7833333333
40.5916666667
41.0833333333
41.1583333333
41.4083333333
41.3583333333
41.25
41.2416666667
41.3666666667
41.4166666667
41.5
41.55
41.2416666667
41.4333333333
43.4916666667
40.7166666667
40.625
40.75
40.8416666667
40.775
40.6583333333
40.4833333333
40.3416666667
40.2166666667
40.5
40.5
40.975
41.1583333333
41.2833333333
41.2166666667
41.2583333333
41.1833333333
41.3666666667
41.3916666667
41.3833333333
41.35
41.3083333333
40.9083333333
40.6416666667
40.5333333333
40.8
40.575
41.1083333333
40.6166666667
40.75
37.7833333333
37.6916666667
37.725
40.5083333333
41.45
41.1833333333
41.2333333333
41.6083333333
41.3333333333
41.4083333333
41.3416666667
41.225
41.4333333333
41.3083333333
41.2916666667
41.75
42.2666666667
41.9583333333
42.0083333333
42.3
42.1666666667
47.5666666667
38.5416666667
41.2666666667
38.1416666667
37.9166666667
38.0083333333
40.275
41.6916666667
42.0833333333
41.9083333333
41.8833333333
41.825
41.875
41.675
41.8083333333
41.7333333333
41.6833333333
41.45
42.2666666667
41.1166666667
41.0666666667
40.7583333333
41.4583333333
40.975
41.2916666667
41.425
40.825
40.675
40.6666666667
40.8916666667
41.7
42.0166666667
41.475
41.825
41.65
41.6833333333
41.6416666667
41.7
41.8333333333
41.575
41.5333333333
41.5833333333
41.4583333333
41.15
41.125
40.85
40.975
42.2916666667
42.7416666667
41.0416666667
41.0
40.875
41.0833333333
41.9583333333
41.025
41.2
41.4583333333
41.45
41.9083333333
41.85
41.8
41.6916666667
41.475
41.4833333333
41.3833333333
41.3333333333
41.4416666667
41.0583333333
43.5583333333
41.175
41.4083333333
42.5583333333
48.3083333333
43.95
46.0333333333
46.1
46.0666666667
45.9833333333
46.2416666667
46.3166666667
46.7083333333
46.9166666667
47.3
47.2083333333
47.2166666667
47.25
47.6833333333
47.75
47.8333333333
49.0
59.3083333333
60.4666666667
60.3916666667
60.3
60.0333333333
61.1
61.9083333333
61.8916666667
62.0916666667
61.7
62.225
62.8083333333
61.9083333333
62.05
62.75
62.825
63.0833333333
63.0083333333
62.9416666667
62.8583333333
63.0083333333
63.125
63.1416666667
63.2916666667
63.275
64.0583333333
65.4916666667
65.3416666667
66.05
66.4
65.6416666667
65.2916666667
65.05
65.1416666667
65.0083333333
65.3
66.15
66.6333333333
66.6
66.025
66.0083333333
65.9666666667
65.9833333333
66.05
65.95
66.0
65.8916666667
66.075
66.2166666667
66.325
64.45
61.0
60.75
54.3666666667
51.2833333333
48.1666666667
45.4
44.7666666667
44.0333333333
43.7333333333
42.7333333333
42.725
45.8833333333
43.5416666667
43.3833333333
43.2833333333
43.175
43.175
43.2333333333
43.2666666667
43.0
43.1083333333
43.45
42.8416666667
43.9166666667
43.8916666667
42.2333333333
42.825
41.6083333333
36.9666666667
40.7416666667
40.4166666667
39.1166666667
38.0416666667
38.0833333333
38.3333333333
38.5833333333
38.9833333333
39.0666666667
39.05
39.0916666667
39.2
39.0083333333
39.2
39.0916666667
39.1166666667
39.3166666667
39.1833333333
40.0333333333
40.125
40.1166666667
40.0666666667
39.9833333333
39.7916666667
30.7
39.9166666667
39.1166666667
38.9416666667
38.925
39.0083333333
39.175
39.3166666667
39.475
39.7166666667
39.5916666667
39.7583333333
39.6083333333
39.7
39.7
39.5833333333
40.6333333333
41.3083333333
39.725
39.8416666667
40.025
41.0
41.1166666667
41.15
40.925
41.05
40.1666666667
39.1916666667
38.925
39.25
39.6833333333
39.875
39.9333333333
40.125
40.1333333333
40.1333333333
40.0
40.1083333333
40.0916666667
40.05
40.0666666667
39.5166666667
40.8916666667
41.0916666667
41.5666666667
42.2583333333
42.3
41.85
41.9583333333
41.4083333333
41.125
40.9666666667
41.0416666667
40.9833333333
41.375
41.3333333333
41.7083333333
41.8333333333
41.775
41.7666666667
41.8083333333
41.575
41.8166666667
41.725
41.5166666667
41.2583333333
42.2666666667
43.1166666667
41.0666666667
41.3666666667
41.4916666667
41.3833333333
41.2333333333
41.1083333333
41.2666666667
41.125
41.3166666667
41.2083333333
41.5916666667
41.7083333333
41.95
41.8166666667
42.05
41.9833333333
42.125
42.1083333333
41.95
42.2083333333
41.7666666667
41.35
41.1583333333
41.2083333333
41.3583333333
41.2333333333
41.125
41.1666666667
40.9666666667
40.85
40.675
40.775
40.7583333333
40.9666666667
41.2583333333
41.45
41.5083333333
41.7
41.6833333333
41.7
41.6833333333
41.775
41.5333333333
41.475
41.4166666667
41.9416666667
41.7833333333
39.725
39.85
42.5833333333
40.525
40.975
42.3666666667
40.85
38.9916666667
38.0
37.9083333333
38.2416666667
38.5833333333
38.5916666667
38.7166666667
38.8666666667
38.625
39.1333333333
38.925
38.9
38.875
38.9166666667
38.9333333333
39.4083333333
41.3666666667
43.2416666667
43.775
43.0166666667
43.4916666667
41.3
49.9166666667
47.5916666667
42.1833333333
41.15
49.0916666667
46.0333333333
47.1
53.6083333333
53.925
52.8833333333
49.1416666667
48.3666666667
47.725
46.9333333333
46.4833333333
46.1666666667
46.7916666667
47.2416666667
48.6666666667
47.5166666667
48.925
49.25
58.4083333333
64.8916666667
52.7
48.875
45.4333333333
45.3583333333
48.5583333333
49.375
51.2416666667
54.925
54.7
57.125
54.025
50.3583333333
49.3666666667
48.8416666667
48.525
48.3
48.2166666667
48.0083333333
48.7333333333
48.8416666667
50.3166666667
50.0416666667
49.8
55.1083333333
54.25
48.1
46.35
47.0166666667
51.6916666667
56.1416666667
55.45
57.9583333333
59.6666666667
54.8083333333
51.8583333333
49.875
49.0333333333
48.35
48.3166666667
48.2083333333
48.6916666667
49.2333333333
49.6
48.8083333333
50.65
60.6583333333
54.45
50.825
49.6166666667
49.8
55.3333333333
54.4416666667
51.05
49.525
51.475
53.2333333333
53.2
55.3
54.2583333333
50.0583333333
49.9333333333
49.1916666667
48.6833333333
48.8333333333
49.1083333333
49.4833333333
51.5833333333
52.7666666667
56.7416666667
66.8333333333
60.7083333333
51.5166666667
50.9666666667
54.5333333333
50.575
49.0166666667
50.3
56.4166666667
53.3916666667
54.8916666667
59.3333333333
53.7666666667
51.925
48.175
47.825
47.275
47.4166666667
47.975
50.5416666667
46.9916666667
46.7416666667
47.125
53.375
46.575
46.4333333333
46.4916666667
46.7416666667
46.8416666667
48.2916666667
49.9833333333
47.2416666667
48.2416666667
54.6666666667
69.3
58.6833333333
55.175
50.1166666667
49.2166666667
48.6
47.8916666667
47.8583333333
47.5416666667
48.0666666667
47.4833333333
50.3
47.1416666667
47.6833333333
47.4166666667
47.8083333333
48.0416666667
48.1083333333
47.5333333333
47.2916666667
49.575
68.25
53.4583333333
56.175
53.2916666667
57.8833333333
56.6166666667
53.975
57.8916666667
49.0666666667
47.55
47.5416666667
47.3583333333
47.5166666667
47.6416666667
48.85
48.8
50.4166666667
51.0333333333
50.5166666667
45.4666666667
50.0333333333
47.6333333333
47.0333333333
47.0916666667
50.1583333333
51.2416666667
54.85
55.2333333333
57.2583333333
61.7833333333
53.6916666667
50.125
49.6
49.2666666667
49.3083333333
49.3083333333
49.9
51.85
52.475
51.775
50.875
50.2916666667
50.9416666667
50.75
50.825
51.7166666667
51.8833333333
51.6083333333
50.9833333333
52.0333333333
53.4333333333
56.7666666667
61.15
61.125
52.6416666667
51.4666666667
51.1166666667
50.4833333333
50.4
50.0416666667
50.9916666667
50.4083333333
50.0416666667
51.875
50.875
50.6583333333
52.175
59.0083333333
60.2333333333
58.2416666667
58.7666666667
56.9
57.1583333333
59.95
60.925
68.0083333333
68.125
64.6166666667
62.55
59.2416666667
54.9166666667
51.1416666667
52.2333333333
49.925
50.3083333333
52.0416666667
58.8166666667
60.825
63.8416666667
71.175
70.0833333333
65.0666666667
60.7583333333
62.3
63.3583333333
65.7166666667
68.025
62.1166666667
63.3333333333
77.0166666667
65.75
64.2416666667
64.4083333333
60.6916666667
58.575
55.875
54.4583333333
53.875
53.825
53.5666666667
55.075
57.8583333333
67.8416666667
73.4666666667
67.6166666667
71.25
79.9583333333
83.6333333333
76.0166666667
75.1583333333
79.2916666667
83.8916666667
80.3416666667
80.5666666667
75.8166666667
76.9166666667
68.725
65.4416666667
63.3416666667
60.0833333333
58.1
57.1166666667
56.95
55.9083333333
57.375
58.7916666667
60.6666666667
70.6666666667
74.3166666667
71.0083333333
82.4
87.875
88.75
74.4583333333
95.8666666667
90.2833333333
87.2416666667
85.375
75.2416666667
71.4416666667
66.3583333333
63.1583333333
60.7333333333
55.975
54.0
53.3166666667
52.775
52.9833333333
56.9916666667
56.75
62.525
65.5333333333
61.2416666667
66.875
72.9166666667
75.2583333333
78.5833333333
79.5083333333
82.4333333333
74.8416666667
77.8333333333
89.2
92.4
71.6333333333
65.9166666667
62.275
58.975
55.075
53.3
52.25
51.6583333333
51.525
52.4833333333
56.425
66.6916666667
72.3
74.4916666667
67.3916666667
73.2833333333
74.1833333333
73.2416666667
72.2333333333
69.525
68.9166666667
78.85
95.725
90.4166666667
78.3583333333
72.025
60.65
55.8333333333
54.125
53.7666666667
53.375
53.9833333333
61.0416666667
59.3583333333
60.0583333333
59.5583333333
61.2666666667
61.6083333333
61.4083333333
63.35
63.0166666667
68.6
66.6916666667
64.9833333333
69.3583333333
76.0583333333
76.0
88.4
79.0916666667
70.925
64.0833333333
59.6666666667
58.2833333333
57.625
57.0666666667
57.2083333333
57.7
59.375
61.3416666667
63.1083333333
60.2333333333
60.8
61.9083333333
72.0583333333
68.8583333333
65.2
65.65
65.95
71.25
87.475
93.625
91.4333333333
87.8583333333
83.375
73.0166666667
64.2083333333
60.7666666667
59.4666666667
58.925
58.7416666667
59.2333333333
60.7583333333
62.05
68.175
75.675
71.8916666667
70.2833333333
71.3666666667
81.9416666667
71.7833333333
69.1416666667
77.1583333333
73.5833333333
82.5
90.0333333333
91.9083333333
78.3583333333
72.9416666667
69.3916666667
65.075
63.9583333333
59.9916666667
59.7
58.7583333333
60.2
62.5333333333
68.0833333333
79.8416666667
81.7166666667
79.8083333333
72.5166666667
81.8166666667
83.0083333333
87.4333333333
95.1666666667
77.9166666667
79.5
84.4833333333
83.4833333333
80.525
80.3083333333
78.4833333333
76.6083333333
68.1083333333
63.0666666667
59.9
58.9416666667
60.5
59.925
61.9166666667
73.525
73.8583333333
70.825
67.6416666667
61.6333333333
62.9666666667
63.9666666667
69.25
77.5916666667
82.825
87.5833333333
92.9
95.0583333333
86.6583333333
77.8
79.5666666667
66.7333333333
60.9166666667
57.3833333333
56.3
55.75
55.4166666667
57.6
62.1833333333
59.3333333333
59.5333333333
58.9916666667
60.975
61.8083333333
71.6166666667
70.8833333333
63.8
65.5333333333
68.5
75.3416666667
87.2833333333
94.8916666667
97.5333333333
87.8583333333
76.8416666667
64.5333333333
60.0833333333
61.4166666667
56.6583333333
55.5916666667
56.1333333333
60.625
61.6583333333
60.7083333333
59.7666666667
58.125
62.6083333333
57.5
60.1916666667
68.7583333333
73.525
73.4833333333
68.6166666667
69.4166666667
70.2083333333
83.075
86.075
80.9916666667
72.5833333333
67.1166666667
61.7666666667
57.5416666667
56.2333333333
55.8083333333
55.6083333333
57.4416666667
61.1333333333
61.5166666667
59.1166666667
59.2666666667
63.2916666667
64.25
62.9166666667
65.9083333333
64.5833333333
62.6083333333
63.8583333333
71.35
74.9333333333
93.625
96.0916666667
86.2833333333
72.8833333333
68.9833333333
61.6
57.9083333333
56.1833333333
55.0666666667
55.8833333333
57.4583333333
61.65
61.7333333333
62.6416666667
57.9916666667
59.125
60.225
60.925
63.225
70.625
79.6833333333
71.5583333333
67.6333333333
76.2083333333
85.3333333333
93.0666666667
85.425
76.45
72.9666666667
67.2583333333
59.9666666667
56.825
56.3333333333
56.475
58.0333333333
62.5666666667
67.6833333333
73.775
74.525
89.475
83.1166666667
76.6666666667
70.0583333333
66.6416666667
67.075
76.4
78.0916666667
79.95
87.5416666667
88.225
85.7666666667
74.3666666667
67.175
63.0416666667
58.575
57.3166666667
56.6416666667
56.0666666667
56.2666666667
57.4
58.6083333333
64.3083333333
73.3416666667
75.3
67.1583333333
71.2333333333
81.8416666667
78.8833333333
72.2083333333
66.9333333333
73.075
71.2833333333
81.825
75.275
72.6833333333
68.35
66.5
68.875
62.1
56.95
55.5333333333
54.4333333333
53.9583333333
59.2833333333
63.45
71.05
65.4333333333
63.3083333333
69.625
78.4333333333
78.4583333333
81.175
87.9916666667
82.4916666667
80.4916666667
76.75
80.35
77.5333333333
83.4
74.075
70.6166666667
58.7916666667
59.0916666667
55.5083333333
54.8
58.575
58.0416666667
58.4833333333
59.3416666667
60.1083333333
62.475
60.5083333333
60.2833333333
64.5416666667
72.8666666667
69.025
71.2166666667
71.9583333333
68.5166666667
70.525
81.1583333333
79.7333333333
92.0583333333
79.5083333333
67.0583333333
63.3666666667
58.5916666667
56.0166666667
55.625
55.6166666667
56.875
59.4333333333
67.0083333333
69.975
67.0
65.1166666667
63.5833333333
64.925
65.0333333333
69.6
78.775
72.5583333333
78.125
78.9416666667
79.7833333333
82.6083333333
91.3583333333
78.875
76.125
75.1083333333
63.0666666667
60.575
59.8833333333
60.0
60.525
62.9
67.125
69.725
66.6083333333
70.35
72.15
72.3083333333
75.8833333333
79.6833333333
76.2416666667
80.9833333333
73.7583333333
82.2333333333
90.7166666667
94.3833333333
86.4833333333
81.8416666667
77.9666666667
72.0166666667
59.45
57.9666666667
56.7083333333
56.4833333333
56.9083333333
59.175
60.0333333333
60.65
61.4166666667
58.6416666667
61.775
69.1833333333
64.175
63.65
71.8333333333
66.8583333333
65.0166666667
69.625
74.5416666667
73.0083333333
71.625
68.6166666667
66.375
61.0833333333
54.5333333333
50.9333333333
50.3583333333
50.2
51.275
55.375
61.2
62.9833333333
64.675
72.4083333333
81.125
83.9583333333
75.7583333333
84.3416666667
74.8833333333
71.2916666667
72.7416666667
78.575
78.725
72.5416666667
78.625
66.6
63.0166666667
56.625
52.7916666667
50.9166666667
49.4916666667
48.7916666667
50.9916666667
51.2
51.7916666667
58.2
68.025
77.15
80.5416666667
81.4416666667
82.8916666667
77.8666666667
88.025
72.7583333333
88.3916666667
75.4583333333
71.125
67.95
66.625
64.9416666667
63.7083333333
60.0583333333
55.6416666667
51.5583333333
50.425
50.3833333333
49.9416666667
50.3333333333
54.9083333333
65.9333333333
64.0833333333
75.1583333333
84.35
79.55
85.575
87.1666666667
74.675
63.025
72.2833333333
79.075
86.3
81.9416666667
78.4
79.5583333333
67.2416666667
54.8416666667
54.4083333333
51.7833333333
50.025
49.6916666667
50.9666666667
54.025
56.125
56.9083333333
60.625
63.2166666667
61.7916666667
58.4666666667
57.1416666667
71.0583333333
69.8333333333
69.4083333333
66.6666666667
68.475
70.0666666667
84.2333333333
81.825
83.2416666667
76.4166666667
68.4083333333
56.725
54.4916666667
53.2083333333
53.95
55.4083333333
58.5333333333
61.8916666667
59.6
56.075
60.85
50.5333333333
55.475
57.325
60.2666666667
65.4416666667
62.6833333333
61.3
66.3416666667
77.85
75.8666666667
68.625
64.6083333333
60.375
56.5666666667
52.8416666667
50.6333333333
49.4583333333
49.2666666667
51.075
52.8166666667
56.6916666667
56.6916666667
59.2583333333
68.725
69.5
61.625
61.0666666667
58.9416666667
61.6166666667
63.6083333333
63.7416666667
70.4333333333
70.6666666667
71.5
77.675
68.8166666667
63.3916666667
58.6333333333
56.2833333333
54.3166666667
53.375
53.1333333333
53.525
55.2583333333
56.825
56.4416666667
65.2666666667
69.4416666667
58.5833333333
61.5916666667
67.875
64.6416666667
64.025
63.0833333333
68.2833333333
79.9416666667
84.8166666667
83.525
74.2833333333
72.15
72.825
61.0916666667
56.5166666667
52.2166666667
50.9166666667
51.0
51.8083333333
52.7333333333
54.8666666667
65.4833333333
64.2
72.6583333333
75.3583333333
65.1666666667
69.275
75.1
80.9
84.3083333333
73.6583333333
80.7083333333
80.7583333333
82.0833333333
77.9166666667
65.8833333333
67.875
60.1083333333
54.7916666667
52.1833333333
53.2333333333
54.3416666667
54.6166666667
56.25
61.4916666667
68.1833333333
76.4
68.5416666667
59.8583333333
63.15
68.4083333333
79.3916666667
64.8333333333
63.375
72.3416666667
79.6583333333
75.6333333333
76.55
80.75
72.5916666667
74.1416666667
66.3416666667
58.6833333333
54.3666666667
53.4583333333
53.4
57.175
54.6583333333
61.2166666667
62.7166666667
75.5333333333
71.5416666667
72.125
66.8916666667
70.85
69.4833333333
67.0583333333
66.2333333333
69.375
71.55
82.6833333333
83.3416666667
96.85
92.7916666667
70.4833333333
60.425
54.45
52.4916666667
51.5833333333
51.6333333333
52.8916666667
54.35
55.7833333333
56.9583333333
55.0833333333
56.8666666667
55.9333333333
55.4416666667
55.45
65.8166666667
67.0916666667
68.475
62.1333333333
70.3166666667
78.4583333333
88.2583333333
79.85
73.7083333333
68.725
59.475
55.025
56.625
50.725
51.2833333333
51.9916666667
53.7833333333
58.0333333333
59.5
59.975
63.875
54.5833333333
59.175
70.375
65.0666666667
71.525
68.1416666667
64.6333333333
75.2666666667
74.55
71.0166666667
77.0
75.9833333333
64.35
60.6
55.825
52.9333333333
51.6083333333
53.625
55.1166666667
59.2833333333
65.3333333333
61.325
62.5166666667
58.3166666667
60.3916666667
69.725
68.575
65.5916666667
67.9833333333
63.95
61.2583333333
64.8083333333
77.5333333333
81.175
75.6166666667
67.4333333333
69.4666666667
59.9333333333
53.925
52.0166666667
50.675
52.775
53.8333333333
56.7
59.4666666667
58.9833333333
59.375
60.0583333333
66.275
79.9
75.95
65.775
63.85
67.0083333333
65.0166666667
73.3833333333
76.475
79.3583333333
81.8
73.55
70.1333333333
71.5083333333
57.9833333333
57.4166666667
53.8
54.4916666667
57.5916666667
61.375
67.5416666667
67.1666666667
74.1416666667
91.0583333333
82.475
75.7166666667
81.7333333333
79.7583333333
72.6333333333
80.6083333333
82.35
85.0083333333
94.3666666667
92.075
89.95
76.4916666667
74.5333333333
65.0
59.025
55.3166666667
54.6166666667
59.225
56.9333333333
58.4833333333
59.05
70.0583333333
73.9083333333
71.9333333333
77.525
75.075
72.1916666667
77.2833333333
94.5833333333
79.9
80.7166666667
77.1083333333
86.3083333333
80.5
75.525
70.8583333333
76.225
66.9333333333
64.0333333333
57.5833333333
55.5666666667
54.6666666667
56.1916666667
58.9833333333
61.2083333333
62.9166666667
61.0916666667
65.6083333333
71.1833333333
76.5666666667
76.4
67.6833333333
77.5833333333
72.1083333333
75.2666666667
79.675
79.6083333333
81.9166666667
78.7916666667
77.0583333333
77.325
65.7583333333
58.2333333333
55.975
54.625
54.4333333333
58.8666666667
62.0916666667
59.6666666667
59.0916666667
58.225
61.5666666667
56.475
55.9
64.1833333333
66.45
63.625
70.1666666667
68.625
66.9416666667
67.8416666667
75.45
81.2083333333
77.8333333333
71.25
59.1583333333
58.05
52.7416666667
51.4083333333
51.7833333333
52.6
56.7166666667
54.75
55.7333333333
69.7916666667
58.1916666667
47.275
52.725
57.0666666667
54.825
59.1083333333
61.5833333333
59.1833333333
61.3833333333
67.325
76.6
76.4416666667
68.1333333333
61.4583333333
57.7916666667
56.0666666667
54.0416666667
52.5166666667
52.1166666667
53.5666666667
56.025
56.6416666667
56.3916666667
58.8
63.2
57.5583333333
59.25
60.3166666667
62.4083333333
75.2833333333
62.5083333333
60.45
63.575
75.0166666667
81.3
72.0166666667
71.5083333333
67.7083333333
60.9666666667
56.1166666667
54.0416666667
53.0583333333
52.925
54.4
56.8416666667
60.5666666667
68.4
67.5833333333
60.2916666667
58.3
60.3833333333
56.7833333333
64.325
67.5666666667
67.75
69.225
68.375
70.0833333333
78.9833333333
75.1833333333
73.175
62.6416666667
61.8416666667
54.55
52.35
51.0916666667
51.675
52.7916666667
54.6583333333
56.8
60.6583333333
62.45
69.8
77.6
66.0666666667
70.5916666667
71.8083333333
64.4833333333
62.5916666667
70.5166666667
73.6416666667
77.675
80.1916666667
72.1916666667
69.9416666667
63.4833333333
60.3583333333
55.4916666667
53.65
52.5666666667
52.2583333333
52.6166666667
55.9583333333
62.3666666667
64.6083333333
61.2166666667
77.175
65.6666666667
70.4333333333
69.5583333333
66.3333333333
80.1
71.85
70.4083333333
69.175
71.9
73.5916666667
75.6166666667
73.3916666667
78.6583333333
72.4
59.3
70.55
58.7916666667
52.7666666667
53.1833333333
57.525
57.1333333333
59.425
69.6333333333
71.0916666667
78.4583333333
68.9166666667
76.3666666667
62.2916666667
70.4666666667
75.0166666667
72.9416666667
78.925
93.6333333333
83.525
93.1583333333
93.2083333333
75.9166666667
61.0166666667
58.9666666667
56.65
54.2166666667
53.6916666667
55.3666666667
60.7
56.5083333333
55.5916666667
56.1583333333
58.7333333333
60.3916666667
63.1666666667
63.9166666667
64.95
68.0083333333
68.1916666667
71.5166666667
76.3166666667
83.7166666667
85.0833333333
80.925
73.625
64.8583333333
59.4083333333
55.3333333333
53.2416666667
51.8833333333
52.1916666667
53.45
55.9416666667
57.6
57.975
60.2416666667
63.4083333333
53.125
58.825
62.7666666667
59.6416666667
62.0
61.675
62.3166666667
69.05
78.1666666667
84.5916666667
76.0666666667
70.1916666667
66.975
59.9916666667
55.8333333333
53.6666666667
52.8833333333
53.0916666667
54.8583333333
62.6916666667
60.5
57.4666666667
59.0083333333
61.1
57.275
59.8583333333
65.6416666667
68.925
67.275
69.9
69.025
83.925
80.1916666667
80.7916666667
89.05
82.1166666667
70.35
65.1166666667
56.9666666667
53.7666666667
51.5833333333
51.825
53.275
55.7083333333
57.3916666667
59.0916666667
55.9333333333
56.1583333333
71.2416666667
75.6833333333
60.425
67.8
76.7166666667
72.325
86.1416666667
74.3
71.6083333333
73.25
71.0416666667
66.1
61.7416666667
59.5583333333
58.8166666667
55.3583333333
54.0333333333
53.3666666667
53.55
53.8333333333
57.5
61.2416666667
61.925
61.2583333333
69.1666666667
84.125
85.6
65.9416666667
69.6083333333
78.9333333333
63.275
74.8416666667
67.1583333333
72.8333333333
86.9666666667
78.0166666667
61.5666666667
69.35
65.425
55.6666666667
50.95
50.7083333333
51.3666666667
53.9666666667
54.0166666667
56.1
66.3583333333
71.7833333333
69.5916666667
64.75
62.8333333333
68.025
66.8333333333
66.0583333333
59.4166666667
62.3416666667
65.3416666667
65.5833333333
68.9
64.95
58.625
58.625
57.6833333333
56.1416666667
52.575
52.0833333333
51.7
57.2583333333
63.9083333333
58.4416666667
61.075
59.5833333333
56.825
62.3
65.65
74.2833333333
71.7333333333
68.85
65.5083333333
66.7083333333
80.0416666667
69.2083333333
60.875
64.6083333333
59.9916666667
54.2833333333
53.425
53.2083333333
51.8083333333
51.35
51.5583333333
50.6916666667
51.55
56.9333333333
57.95
64.4166666667
60.35
52.575
52.75
65.1583333333
70.45
60.425
55.15
60.725
66.375
64.3833333333
67.3
65.775
67.6916666667
58.4583333333
56.9
53.625
52.8333333333
52.225
52.2583333333
52.4083333333
52.8333333333
52.975
53.7416666667
53.8166666667
52.4833333333
51.7083333333
52.7083333333
52.9583333333
58.2166666667
56.025
56.0583333333
56.9583333333
62.875
64.4916666667
71.25
66.8333333333
60.4666666667
57.4
55.5583333333
54.3166666667
53.625
52.6583333333
51.9583333333
51.4666666667
51.8083333333
53.4583333333
51.0166666667
52.5
61.5833333333
73.6166666667
58.575
54.3333333333
57.9333333333
62.2583333333
59.5166666667
58.9666666667
66.3916666667
63.0166666667
61.375
74.225
65.15
56.8583333333
55.1666666667
53.9333333333
52.575
51.8083333333
51.8416666667
51.375
52.225
53.925
55.65
53.9333333333
53.75
63.3083333333
59.175
57.575
58.0333333333
64.7916666667
63.275
70.2583333333
79.3333333333
65.6583333333
64.475
59.75
66.075
58.825
55.35
52.0083333333
48.7416666667
48.5916666667
49.1666666667
48.7333333333
49.6583333333
50.5333333333
59.7666666667
57.4916666667
55.8333333333
60.4
56.9666666667
61.075
54.9333333333
61.9
66.95
65.2166666667
64.6666666667
69.4916666667
78.2166666667
68.7416666667
64.35
59.975
54.625
52.3083333333
50.4
49.95
50.1666666667
49.9833333333
50.275
50.7916666667
57.95
59.75
58.5
60.5416666667
59.9666666667
59.8916666667
67.7916666667
76.0583333333
67.7083333333
64.2333333333
68.075
67.5
69.4833333333
74.5916666667
70.625
68.4166666667
60.85
57.9333333333
52.7333333333
51.5083333333
51.2916666667
51.2416666667
52.525
63.5
67.0166666667
59.4416666667
68.4333333333
62.6416666667
65.1916666667
73.525
74.8666666667
71.0666666667
72.5583333333
69.0916666667
71.2583333333
75.875
79.4333333333
79.8666666667
71.7666666667
61.85
57.9916666667
54.725
52.6583333333
51.4333333333
52.4
58.2416666667
55.35
56.6166666667
58.4833333333
54.7916666667
61.35
57.875
60.1083333333
59.7166666667
62.2333333333
72.3666666667
71.5583333333
66.0416666667
67.2416666667
79.6166666667
84.8833333333
81.975
69.8916666667
63.725
57.3083333333
54.925
52.8416666667
51.9916666667
52.1083333333
53.725
55.6
58.8
65.5583333333
61.4333333333
59.8166666667
54.9083333333
61.675
61.925
75.1333333333
73.1916666667
64.325
64.0833333333
67.025
70.3416666667
81.7
84.5
72.3666666667
64.2333333333
59.7916666667
58.8083333333
54.825
52.625
52.4166666667
52.2916666667
58.7166666667
57.125
58.8333333333
54.5333333333
55.85
60.45
59.125
57.55
57.7333333333
59.9916666667
59.0583333333
61.2
66.8916666667
80.9083333333
72.3833333333
78.7333333333
74.6416666667
65.125
66.9083333333
59.625
59.7666666667
54.3166666667
53.875
55.85
62.2833333333
62.3916666667
61.7666666667
58.25
57.85
58.55
58.1583333333
61.225
62.4
66.6916666667
65.2166666667
66.8666666667
66.7833333333
76.6333333333
79.8916666667
74.775
80.2083333333
70.2583333333
67.0
57.5916666667
54.9416666667
54.2416666667
53.575
59.825
55.5916666667
55.325
64.9083333333
57.7416666667
63.0916666667
66.1166666667
66.825
62.8166666667
61.7333333333
70.65
72.1
65.2416666667
74.0083333333
80.4583333333
74.5333333333
77.35
68.6833333333
72.0416666667
60.5083333333
55.2166666667
52.7583333333
51.5416666667
51.025
53.8
55.3666666667
53.7833333333
59.9333333333
64.5833333333
71.0416666667
66.225
62.9833333333
66.55
69.75
69.4916666667
70.4833333333
65.8333333333
65.0333333333
67.1333333333
66.9166666667
66.7833333333
68.0666666667
62.6083333333
58.2
54.6166666667
51.9
50.5166666667
50.45
49.7916666667
50.3
56.2333333333
58.8083333333
67.0333333333
68.7916666667
65.5833333333
66.2666666667
74.4416666667
74.1166666667
80.2916666667
74.0333333333
75.3833333333
80.5
83.3666666667
74.925
89.4916666667
76.1916666667
71.05
70.2833333333
60.3666666667
57.6166666667
53.0666666667
52.6333333333
52.8083333333
56.6583333333
55.475
55.45
54.7916666667
53.4666666667
54.0416666667
55.6416666667
66.175
69.8833333333
74.4916666667
70.7666666667
64.2666666667
76.225
77.7
77.4583333333
74.1333333333
69.5333333333
68.9333333333
59.4166666667
55.525
53.2833333333
52.7583333333
52.2333333333
54.9833333333
56.8416666667
62.6666666667
67.1833333333
69.8833333333
66.85
64.3916666667
61.4416666667
61.95
66.1583333333
72.7083333333
64.9416666667
66.7666666667
78.1083333333
76.125
80.15
93.5583333333
79.4833333333
73.1166666667
64.8083333333
55.0416666667
52.8583333333
52.275
52.0916666667
57.6666666667
61.5166666667
62.5083333333
54.55
58.5916666667
57.325
62.1083333333
63.175
61.8166666667
65.1583333333
64.0666666667
64.2666666667
74.2166666667
71.2
86.3166666667
91.175
77.425
76.6666666667
69.2166666667
60.4583333333
56.0916666667
54.1583333333
53.45
53.175
54.0083333333
57.7
67.2916666667
57.0083333333
55.1083333333
63.5666666667
64.6166666667
59.8583333333
63.9916666667
67.9583333333
69.0583333333
75.5083333333
77.4333333333
69.1833333333
74.5333333333
88.9416666667
74.275
74.525
73.5083333333
60.2583333333
55.175
55.4583333333
57.2833333333
54.825
55.1
56.8166666667
57.7416666667
59.9416666667
68.9833333333
74.9666666667
76.6583333333
69.45
73.85
73.325
73.25
66.4416666667
70.3
70.2833333333
85.6166666667
83.5916666667
74.0
82.3
79.6583333333
69.9916666667
57.2083333333
52.9833333333
52.0083333333
51.95
51.7166666667
52.0833333333
59.925
59.9916666667
56.6916666667
58.3916666667
63.3166666667
78.5916666667
67.1666666667
84.6666666667
84.6083333333
79.925
70.525
70.0166666667
79.1583333333
78.7416666667
72.3333333333
73.525
64.8333333333
61.6583333333
57.9916666667
54.95
54.0083333333
53.2583333333
53.5833333333
59.7083333333
63.7333333333
70.6166666667
77.0416666667
67.1833333333
64.65
73.4333333333
75.2166666667
72.05
70.7
73.6666666667
73.5166666667
73.5916666667
73.2916666667
75.3583333333
81.1583333333
78.7916666667
81.175
73.6583333333
64.95
53.7
51.0083333333
49.7666666667
50.6583333333
51.9666666667
54.6
58.15
69.15
61.25
71.75
63.7
76.925
75.9333333333
80.575
73.3166666667
65.7083333333
70.65
72.9833333333
76.9416666667
87.4333333333
68.4
67.2333333333
62.075
57.925
54.6166666667
53.3666666667
52.5666666667
53.1083333333
57.8833333333
62.7166666667
68.9666666667
70.4
69.5
60.3583333333
72.5333333333
84.6083333333
73.7083333333
81.4083333333
70.125
67.4166666667
67.7
73.1916666667
77.5
70.0
68.6416666667
65.6416666667
62.275
59.625
57.2083333333
50.675
53.2666666667
56.4666666667
54.4666666667
51.8166666667
52.35
62.325
79.8666666667
64.3166666667
63.2083333333
55.8416666667
60.0416666667
58.5916666667
66.1833333333
59.2083333333
59.9416666667
59.1333333333
57.9583333333
57.3
55.8666666667
54.7166666667
52.725
51.6
50.7166666667
56.8333333333
50.75
49.9416666667
51.1666666667
51.9916666667
51.75
51.875
51.3083333333
55.3
50.6583333333
50.7083333333
55.4416666667
49.9166666667
51.1666666667
56.0833333333
52.75
56.725
55.2416666667
55.175
54.9083333333
54.275
52.95
52.175
51.925
50.775
50.1583333333
50.0583333333
49.9833333333
50.45
51.3083333333
51.225
52.2
50.9583333333
53.05
53.75
54.1333333333
55.3083333333
54.7916666667
57.2916666667
56.0416666667
58.2666666667
60.8916666667
67.0583333333
65.2166666667
58.6833333333
54.5416666667
51.425
50.6
49.75
49.7583333333
49.5666666667
49.1166666667
50.2916666667
50.7083333333
55.3166666667
57.8416666667
53.8
64.3583333333
60.0666666667
63.7083333333
71.4666666667
64.8333333333
64.9916666667
61.8333333333
65.1833333333
68.325
72.2083333333
70.0833333333
59.3
58.1416666667
55.7583333333
53.1
52.0916666667
51.775
52.2
54.8583333333
53.0
55.3833333333
64.0
58.3583333333
62.3
65.65
74.0916666667
92.4083333333
80.1583333333
78.15
84.2916666667
76.4833333333
81.2666666667
77.4666666667
78.9333333333
70.5083333333
63.05
64.6333333333
59.1166666667
51.5333333333
51.65
51.6
57.35
58.2416666667
56.3
56.625
60.1666666667
58.6916666667
57.05
57.85
61.95
61.55
65.525
69.5166666667
67.45
70.2666666667
71.7416666667
72.275
80.6583333333
69.9333333333
63.7583333333
61.3166666667
57.0333333333
52.9916666667
52.3
52.35
53.6416666667
55.25
56.9166666667
59.7333333333
58.7916666667
61.4
65.9083333333
62.725
59.525
65.125
69.9666666667
63.2416666667
69.1833333333
70.4666666667
78.0666666667
81.15
74.2
73.725
67.775
62.625
59.0916666667
56.15
54.5083333333
54.1833333333
54.4666666667
55.025
56.25
57.3333333333
64.175
59.3583333333
58.65
64.1333333333
71.7583333333
66.3416666667
69.675
64.9166666667
66.3916666667
68.65
72.6916666667
77.4833333333
74.2416666667
74.4166666667
72.7833333333
66.2916666667
57.775
54.5416666667
57.6416666667
55.0333333333
53.6166666667
54.9
57.2916666667
64.1166666667
56.8666666667
55.6916666667
56.3833333333
60.8166666667
64.1166666667
64.3333333333
73.1833333333
84.9833333333
73.5416666667
68.7833333333
67.85
77.0083333333
76.2666666667
77.175
67.3333333333
67.575
68.1416666667
55.4666666667
53.475
53.175
52.75
54.25
58.275
62.5916666667
61.1083333333
68.8
65.3083333333
68.4
68.175
83.7583333333
88.0416666667
71.4166666667
76.9833333333
70.8416666667
79.55
75.8333333333
87.3166666667
87.8666666667
82.7416666667
66.225
64.275
56.1833333333
53.6
52.0
51.3416666667
51.2083333333
52.3416666667
58.3583333333
67.75
77.55
79.875
65.2333333333
66.1416666667
73.5666666667
79.5166666667
73.8666666667
67.65
67.85
79.6833333333
82.1
72.375
70.8666666667
65.2916666667
62.3
59.1333333333
55.725
53.725
51.8166666667
51.4583333333
51.4916666667
55.225
58.3083333333
67.8166666667
66.9333333333
61.5916666667
81.0
87.1416666667
65.3666666667
88.5166666667
70.45
70.325
75.4583333333
79.9
96.625
90.6666666667
80.525
74.85
58.9583333333
55.85
53.25
52.2666666667
51.35
52.0583333333
53.2916666667
55.95
57.8416666667
61.35
60.05
66.1833333333
61.2083333333
63.5083333333
67.0833333333
73.55
73.0916666667
68.425
69.1083333333
77.8333333333
79.475
74.225
82.0833333333
71.175
58.325
54.5833333333
51.6833333333
51.1
51.3
52.0666666667
52.925
54.8666666667
55.1666666667
56.8583333333
56.4583333333
57.375
63.5916666667
60.6333333333
73.225
79.8916666667
69.9416666667
63.125
70.6083333333
74.3
75.6583333333
79.55
72.7916666667
66.175
59.6416666667
54.8083333333
51.7583333333
51.0833333333
51.2166666667
52.325
56.9
59.9
56.0166666667
56.8166666667
54.8666666667
55.825
56.8416666667
59.8666666667
76.2083333333
69.8333333333
71.675
67.3166666667
74.5583333333
75.2833333333
80.4916666667
93.075
75.45
65.3583333333
62.2333333333
56.9333333333
54.3833333333
53.4916666667
52.725
53.2666666667
58.5916666667
57.6
59.05
57.3
60.225
57.1916666667
62.7083333333
62.2333333333
68.6333333333
73.5666666667
66.2
62.7083333333
79.6166666667
75.8083333333
69.0666666667
69.575
77.575
70.6083333333
62.4833333333
58.2083333333
53.6333333333
51.775
51.2666666667
51.6666666667
53.9083333333
59.1916666667
61.3416666667
67.8166666667
76.8666666667
71.8333333333
65.825
64.3083333333
70.2916666667
77.3166666667
72.0666666667
68.8416666667
74.375
69.0416666667
78.0916666667
76.5083333333
77.75
70.7333333333
65.375
59.2833333333
59.8416666667
56.0833333333
51.3416666667
51.4083333333
53.4333333333
63.8416666667
57.1416666667
74.475
75.875
73.875
73.6833333333
77.9916666667
86.0666666667
84.9916666667
75.4583333333
66.9416666667
64.2583333333
65.3416666667
62.225
62.9
68.575
68.2166666667
63.025
67.8166666667
61.2083333333
56.2333333333
53.15
53.5666666667
56.3916666667
55.5833333333
59.3333333333
63.7583333333
59.725
64.5666666667
77.2166666667
69.4583333333
68.025
77.8416666667
69.15
67.9666666667
72.7166666667
84.0666666667
76.45
78.4333333333
73.0583333333
73.2166666667
62.325
57.425
54.525
54.2166666667
54.975
61.0583333333
55.4666666667
57.1916666667
65.2166666667
67.375
61.0083333333
59.6333333333
69.9583333333
61.75
62.7166666667
67.175
76.5166666667
64.825
66.6833333333
68.5916666667
79.4833333333
70.2
71.9833333333
64.9916666667
58.1583333333
51.5416666667
49.8833333333
48.9166666667
48.6833333333
49.1583333333
50.2916666667
52.65
52.775
51.8916666667
54.6583333333
52.7416666667
56.6916666667
59.1583333333
59.9083333333
66.1916666667
62.3666666667
63.3916666667
67.4083333333
85.6083333333
84.275
86.2416666667
76.0166666667
65.6916666667
61.3583333333
57.4666666667
54.4083333333
53.1583333333
53.0833333333
54.4333333333
54.5666666667
67.1833333333
67.2166666667
63.7583333333
62.1666666667
65.6583333333
72.5833333333
64.375
62.4833333333
70.3666666667
67.0166666667
73.425
81.5416666667
74.35
72.9416666667
88.2
79.1833333333
73.275
63.0916666667
59.425
56.95
52.9916666667
56.1666666667
54.5916666667
59.5
67.6333333333
70.3666666667
66.7666666667
74.9
73.7083333333
89.6583333333
64.0975
87.925
76.2666666667
67.675
78.8916666667
79.9416666667
84.9583333333
80.9666666667
72.5833333333
70.925
67.9666666667
75.5416666667
74.3
65.4916666667
59.8666666667
55.6916666667
57.35
59.8666666667
79.5916666667
70.1166666667
61.7
66.0
67.2
67.4083333333
79.25
66.4416666667
67.025
76.2916666667
69.4916666667
71.5583333333
76.7333333333
80.925
76.3083333333
73.4166666667
76.9416666667
64.75
64.125
61.475
54.2666666667
50.5166666667
49.9
50.6
54.9416666667
60.3166666667
60.1833333333
70.3833333333
63.4833333333
57.45
58.25
59.1
68.1833333333
59.475
50.45
51.725
52.4333333333
52.5666666667
56.325
58.5083333333
51.5083333333
51.6083333333
48.3333333333
47.275
47.125
46.9333333333
46.825
47.1833333333
47.0666666667
47.725
50.85
50.4083333333
49.675
54.4583333333
47.8666666667
48.3666666667
51.9
56.6666666667
49.4333333333
49.975
56.6
51.875
56.75
53.5333333333
49.5166666667
48.9333333333
49.125
51.8666666667
47.8083333333
47.4833333333
48.7583333333
48.175
47.95
48.4
48.075
48.7416666667
49.9666666667
50.5166666667
49.2083333333
49.5
49.8666666667
50.1666666667
51.7833333333
53.8583333333
51.7
51.3666666667
56.475
51.6333333333
49.15
48.775
48.6083333333
47.825
47.8166666667
47.95
48.3916666667
48.8083333333
48.0416666667
47.4666666667
47.7833333333
50.0833333333
43.1416666667
50.7666666667
46.7833333333
47.8083333333
53.5916666667
49.8666666667
48.75
48.4583333333
55.55
49.375
53.575
49.075
48.225
48.025
47.4916666667
47.2416666667
46.9333333333
46.575
48.375
52.1166666667
46.9583333333
46.9583333333
47.6833333333
49.3416666667
47.4333333333
46.4916666667
47.225
47.4333333333
48.1583333333
49.775
46.575
45.05
45.4083333333
44.9
44.95
44.575
44.625
44.6666666667
44.6583333333
44.7
47.15
44.9916666667
44.5416666667
44.0416666667
44.325
44.4
44.4
44.4333333333
44.075
44.0
44.3416666667
47.7083333333
47.8583333333
45.75
48.2333333333
44.575
43.35
42.7666666667
42.925
42.9083333333
43.1916666667
43.625
42.9666666667
42.7583333333
42.775
43.2416666667
42.6833333333
42.3166666667
42.2166666667
42.7666666667
43.5916666667
43.5666666667
43.5416666667
42.4833333333
41.95
42.2333333333
42.5
44.475
46.4
43.8333333333
44.4416666667
43.825
42.6583333333
42.7916666667
42.8916666667
42.675
42.075
43.3583333333
45.7166666667
45.9
45.7166666667
45.1333333333
45.325
45.4416666667
45.7333333333
45.4333333333
45.6666666667
45.5416666667
45.6333333333
46.125
46.3
46.3416666667
45.9583333333
45.9
46.2666666667
47.05
46.9166666667
46.25
46.0666666667
46.125
45.8416666667
45.8583333333
46.0833333333
45.9666666667
45.5583333333
45.3333333333
45.075
45.4416666667
45.6916666667
45.9
45.8916666667
46.425
45.2583333333
44.15
43.95
44.1583333333
44.325
43.925
44.4083333333
45.8833333333
45.8083333333
45.5333333333
46.5416666667
46.6166666667
46.3333333333
45.9666666667
46.3666666667
46.3166666667
46.3583333333
46.3083333333
46.4
45.8583333333
47.375
48.0
49.675
46.15
46.4333333333
47.1666666667
47.2166666667
50.4416666667
48.7083333333
48.3083333333
48.8833333333
48.4833333333
48.3333333333
47.9583333333
47.05
46.85
46.6083333333
46.5083333333
46.125
46.2416666667
46.4416666667
46.15
46.2833333333
46.8416666667
46.9333333333
47.0
47.0
47.0
47.0
47.0
47.0833333333
47.625
47.05
47.7
46.8416666667
46.9333333333
49.9916666667
55.15
46.775
46.3333333333
46.3416666667
45.9083333333
45.775
46.1083333333
46.3
46.5916666667
45.625
45.05
45.075
45.2083333333
45.2666666667
45.4916666667
46.4916666667
46.8583333333
47.475
47.3833333333
46.875
47.3333333333
47.875
48.6166666667
48.3
47.5416666667
46.9833333333
46.825
46.7916666667
46.475
46.4166666667
46.4083333333
46.9666666667
46.7
46.5416666667
46.8916666667
47.4166666667
46.9166666667
46.9916666667
47.5166666667
49.5333333333
49.1333333333
48.0583333333
49.275
53.3333333333
48.5416666667
48.675
50.5416666667
50.2833333333
